119178 121767 1
121767 69529 1
121767 72337 1
121767 94576 1
121767 109324 1
121767 117226 1
121767 118154 1
121767 119178 1
121767 119460 1
121767 121768 1
69529 27870 1
69529 28152 1
69529 32717 1
69529 48864 1
69529 49499 1
69529 51569 1
69529 59129 1
69529 60996 1
69529 61278 1
69529 65469 1
69529 67866 1
69529 68392 1
69529 69450 1
69529 69530 1
69529 69531 1
69529 71839 1
69529 74603 1
69529 75897 1
69529 77200 1
69529 80433 1
69529 80810 1
69529 87651 1
69529 87698 1
69529 96855 1
69529 100006 1
69529 102951 1
69529 105662 1
69529 108581 1
69529 108879 1
69529 121767 1
72337 32119 1
72337 43667 1
72337 45951 1
72337 47349 1
72337 48880 1
72337 49189 1
72337 52318 1
72337 52322 1
72337 52844 1
72337 54034 1
72337 57036 1
72337 58276 1
72337 58330 1
72337 59239 1
72337 60209 1
72337 62956 1
72337 63349 1
72337 66637 2
72337 67646 1
72337 68015 1
72337 68143 1
72337 69253 1
72337 69519 1
72337 69543 1
72337 69711 1
72337 70466 1
72337 70930 1
72337 71715 1
72337 72721 1
72337 72890 1
72337 73818 1
72337 74690 1
72337 75901 1
72337 75907 1
72337 75923 1
72337 77980 1
72337 78562 1
72337 80004 1
72337 80274 1
72337 82139 1
72337 82207 2
72337 83747 1
72337 83945 1
72337 84194 1
72337 84309 1
72337 84541 1
72337 86124 1
72337 86234 1
72337 86248 1
72337 87102 1
72337 87105 1
72337 88134 1
72337 89177 1
72337 89976 1
72337 90073 1
72337 90657 1
72337 94301 1
72337 95481 1
72337 96748 1
72337 99968 1
72337 101570 1
72337 102004 1
72337 102482 1
72337 102929 1
72337 103288 1
72337 103496 1
72337 105824 1
72337 106878 1
72337 107295 1
72337 107558 1
72337 112221 1
72337 121767 1
72337 122047 1
94576 40954 1
94576 45979 1
94576 50356 1
94576 51577 1
94576 52317 1
94576 57338 1
94576 57546 1
94576 60369 1
94576 62607 1
94576 63499 1
94576 64484 1
94576 67623 1
94576 69394 1
94576 69477 1
94576 70837 1
94576 72369 1
94576 75236 1
94576 75909 1
94576 76801 1
94576 80274 1
94576 80832 1
94576 81495 1
94576 82138 1
94576 82459 1
94576 82660 1
94576 84384 1
94576 84637 1
94576 86137 1
94576 87651 1
94576 87878 1
94576 88425 1
94576 88902 1
94576 88951 1
94576 89151 1
94576 89595 1
94576 89597 1
94576 92677 1
94576 93906 1
94576 97712 1
94576 102467 1
94576 105662 1
94576 107503 1
94576 107735 1
94576 107811 1
94576 108535 1
94576 108987 1
94576 108988 1
94576 108989 1
94576 108990 1
94576 110447 1
94576 116545 1
94576 117707 1
94576 121767 1
94576 122757 1
94576 124254 1
94576 124255 1
94576 124946 1
94576 126862 1
109324 102270 1
109324 111593 1
109324 118897 1
109324 119460 1
109324 121767 1
117226 121767 1
118154 55551 1
118154 58426 1
118154 76288 1
118154 88139 1
118154 96528 1
118154 106661 1
118154 117633 1
118154 121767 1
119460 47109 1
119460 67063 1
119460 89140 1
119460 105253 1
119460 109324 1
119460 115147 1
119460 121767 1
121768 121767 1
27870 49416 1
27870 54469 1
27870 56785 1
27870 60364 1
27870 61278 1
27870 63215 1
27870 65469 1
27870 67865 1
27870 67866 1
27870 68630 1
27870 69529 1
27870 71839 1
27870 75897 1
27870 77566 1
27870 78418 1
27870 78673 1
27870 78912 1
27870 82131 2
27870 82461 1
27870 82613 1
27870 85762 1
27870 89870 1
27870 92197 1
27870 95040 1
27870 95129 1
27870 100006 1
27870 112898 1
28152 21899 1
28152 28325 1
28152 30147 1
28152 32717 1
28152 34232 1
28152 36284 1
28152 38381 1
28152 43790 1
28152 46075 1
28152 46979 2
28152 49640 1
28152 50144 1
28152 51449 1
28152 52504 1
28152 52744 1
28152 52747 1
28152 55893 1
28152 56382 1
28152 57371 1
28152 59129 1
28152 59999 1
28152 60883 1
28152 60950 1
28152 60951 1
28152 62720 1
28152 68720 1
28152 69370 1
28152 69450 1
28152 69475 1
28152 69529 1
28152 72329 1
28152 72347 1
28152 72579 1
28152 72997 1
28152 73955 1
28152 73956 1
28152 73957 1
28152 74603 1
28152 76773 1
28152 76856 1
28152 78069 1
28152 78309 1
28152 78669 1
28152 79600 1
28152 79601 1
28152 79994 1
28152 80810 1
28152 81376 1
28152 83616 1
28152 87698 1
28152 88547 1
28152 89137 1
28152 89177 1
28152 89307 1
28152 98835 1
28152 99668 1
28152 109153 1
28152 114228 1
32717 22660 1
32717 28152 1
32717 36376 1
32717 43120 1
32717 44157 1
32717 45758 1
32717 48830 1
32717 59129 1
32717 63543 1
32717 63969 1
32717 69450 1
32717 69529 1
32717 72388 1
32717 74603 1
32717 80810 1
32717 87698 1
48864 4298 1
48864 4299 1
48864 38529 1
48864 49499 1
48864 51569 1
48864 56981 1
48864 60996 1
48864 68392 1
48864 69529 1
48864 69530 1
48864 69531 1
48864 71378 1
48864 80433 1
48864 102951 1
48864 108879 1
48864 121734 1
49499 48864 1
49499 51569 1
49499 60996 1
49499 62358 1
49499 68392 1
49499 69529 1
49499 69530 1
49499 69531 1
49499 76214 1
49499 80433 1
49499 95333 1
49499 95742 1
49499 99625 1
49499 102951 1
49499 108879 1
51569 48864 1
51569 49499 1
51569 52622 1
51569 53034 1
51569 58624 1
51569 60996 1
51569 61068 1
51569 62615 1
51569 65871 1
51569 68392 1
51569 69346 1
51569 69514 1
51569 69529 1
51569 69530 1
51569 69531 1
51569 69579 1
51569 74588 1
51569 75167 1
51569 75901 1
51569 76612 1
51569 79440 2
51569 80433 1
51569 82141 1
51569 82299 1
51569 83289 1
51569 86005 1
51569 86170 1
51569 86240 1
51569 86605 1
51569 86856 1
51569 89394 1
51569 89526 1
51569 90837 1
51569 94869 1
51569 94902 1
51569 94904 1
51569 95766 1
51569 96869 1
51569 97101 4
51569 97292 1
51569 97536 1
51569 97970 1
51569 97971 1
51569 97972 1
51569 98049 1
51569 98666 1
51569 99084 1
51569 99613 1
51569 100808 1
51569 102951 1
51569 105077 1
51569 105078 1
51569 105579 1
51569 105632 1
51569 106547 2
51569 107211 1
51569 108879 1
51569 114722 1
51569 115473 1
59129 21385 1
59129 22389 1
59129 25353 1
59129 28152 1
59129 32244 1
59129 32278 1
59129 32542 1
59129 32717 1
59129 38053 1
59129 38926 1
59129 41237 1
59129 41979 1
59129 42856 1
59129 43254 1
59129 47930 1
59129 49628 1
59129 50182 1
59129 51289 1
59129 53661 1
59129 55456 1
59129 56282 1
59129 57717 1
59129 59125 2
59129 59383 1
59129 59398 1
59129 59404 1
59129 59967 1
59129 59995 1
59129 60000 1
59129 60281 1
59129 61281 1
59129 61542 1
59129 62658 1
59129 62815 1
59129 62816 1
59129 63157 1
59129 64379 1
59129 68118 1
59129 68141 2
59129 68142 1
59129 69450 1
59129 69529 1
59129 69556 2
59129 70071 1
59129 70978 1
59129 74225 1
59129 74603 1
59129 77456 1
59129 77459 1
59129 78168 1
59129 78521 2
59129 78536 1
59129 80810 1
59129 82024 1
59129 82268 1
59129 83621 1
59129 86063 1
59129 87698 1
59129 87930 1
59129 90989 1
59129 99954 1
59129 107735 1
60996 10169 1
60996 10313 1
60996 24479 1
60996 25398 1
60996 25477 1
60996 25482 1
60996 25483 1
60996 30818 1
60996 35755 1
60996 35978 1
60996 38680 1
60996 38955 1
60996 44154 1
60996 45766 1
60996 46041 1
60996 47988 1
60996 48316 1
60996 48864 1
60996 48994 1
60996 48995 1
60996 49499 1
60996 50943 1
60996 51569 1
60996 52854 1
60996 52883 1
60996 55442 1
60996 55960 1
60996 56386 1
60996 56764 1
60996 57526 1
60996 61937 1
60996 63350 1
60996 65373 1
60996 67412 1
60996 68392 4
60996 69378 1
60996 69515 1
60996 69529 1
60996 69530 1
60996 69531 1
60996 70258 1
60996 74795 1
60996 75088 1
60996 75152 1
60996 75835 1
60996 76611 1
60996 77370 1
60996 77433 1
60996 77519 1
60996 77543 1
60996 77980 1
60996 78076 1
60996 78471 1
60996 79883 1
60996 79884 1
60996 80433 1
60996 80443 1
60996 82703 1
60996 88555 1
60996 94191 1
60996 94343 1
60996 96121 1
60996 102951 1
60996 103318 1
60996 108534 1
60996 108765 1
60996 108879 1
60996 114222 1
60996 114900 1
61278 27870 1
61278 32304 1
61278 39746 1
61278 49414 1
61278 53811 1
61278 56844 1
61278 60425 1
61278 61274 1
61278 61275 2
61278 61276 1
61278 61277 1
61278 63968 1
61278 65469 1
61278 66596 1
61278 67866 1
61278 68615 1
61278 68620 1
61278 69370 1
61278 69529 1
61278 71839 1
61278 73874 2
61278 74186 1
61278 75036 1
61278 75897 1
61278 76826 1
61278 85533 1
61278 91861 2
61278 93297 1
61278 94445 1
61278 97021 1
61278 100006 1
61278 106003 1
61278 108613 1
65469 27870 1
65469 30819 1
65469 36732 1
65469 39156 1
65469 42366 1
65469 61278 1
65469 65435 1
65469 65466 5
65469 65467 1
65469 65468 1
65469 66282 1
65469 66877 1
65469 66878 2
65469 67866 1
65469 69529 1
65469 70232 1
65469 70233 1
65469 71231 1
65469 71839 1
65469 71900 1
65469 75897 1
65469 77275 1
65469 81820 1
65469 89856 1
65469 100006 1
65469 121153 1
67866 11421 1
67866 26283 1
67866 27870 1
67866 50430 1
67866 61278 1
67866 65469 1
67866 67865 1
67866 69529 1
67866 70780 1
67866 71839 1
67866 75897 1
67866 76774 1
67866 83841 1
67866 84830 1
67866 88301 1
67866 97245 1
67866 98151 1
67866 100006 1
68392 33007 1
68392 35978 1
68392 45695 1
68392 45696 1
68392 45697 1
68392 46953 1
68392 47673 1
68392 48316 1
68392 48864 1
68392 48994 1
68392 49499 1
68392 50943 1
68392 51569 1
68392 52725 1
68392 55442 1
68392 56386 1
68392 60996 4
68392 62649 1
68392 63349 1
68392 64610 1
68392 66944 1
68392 67412 1
68392 67638 1
68392 69386 1
68392 69529 1
68392 69530 1
68392 69531 1
68392 70466 1
68392 75830 1
68392 75835 1
68392 76611 1
68392 77370 1
68392 77433 1
68392 77519 1
68392 78471 1
68392 78498 1
68392 78628 1
68392 80433 1
68392 89962 1
68392 90944 1
68392 102951 1
68392 108765 1
68392 108879 1
68392 114900 1
69450 28152 1
69450 32717 1
69450 59129 1
69450 69529 1
69450 74603 1
69450 80810 1
69450 87698 1
69530 48864 1
69530 49499 1
69530 51569 1
69530 60996 1
69530 68392 1
69530 69529 1
69530 69531 1
69530 79884 1
69530 80433 1
69530 102951 1
69530 108879 1
69531 48864 1
69531 49499 1
69531 51569 1
69531 60996 1
69531 68392 1
69531 69529 1
69531 69530 1
69531 80433 1
69531 102951 1
69531 108879 1
69531 112043 1
71839 21385 1
71839 27870 1
71839 61278 1
71839 65466 1
71839 65469 1
71839 67866 1
71839 69529 1
71839 75897 1
71839 100006 1
74603 28152 1
74603 32717 1
74603 59129 1
74603 69450 1
74603 69529 1
74603 80810 1
74603 87698 1
75897 27870 1
75897 61278 1
75897 65469 1
75897 67866 1
75897 69529 1
75897 71839 1
75897 100006 1
77200 52322 1
77200 69529 1
77200 87651 1
77200 89597 1
77200 105662 1
77200 108581 1
77200 119203 1
80433 48864 1
80433 49499 1
80433 51569 1
80433 60996 1
80433 68392 1
80433 69529 1
80433 69530 1
80433 69531 1
80433 102951 1
80433 108879 1
80810 28152 1
80810 32717 1
80810 59129 1
80810 69450 1
80810 69529 1
80810 74603 1
80810 87698 1
87651 69378 1
87651 69529 1
87651 77200 1
87651 89597 1
87651 94576 1
87651 105662 1
87651 107811 1
87651 108581 1
87698 28152 1
87698 32717 1
87698 59129 1
87698 69450 1
87698 69529 1
87698 74603 1
87698 80810 1
87698 114900 1
96855 59967 1
96855 59995 1
96855 60883 1
96855 69529 1
96855 77433 1
96855 80004 1
100006 27870 1
100006 61278 1
100006 65469 1
100006 67866 1
100006 68630 1
100006 69529 1
100006 71839 1
100006 73818 1
100006 75897 1
102951 48864 1
102951 49499 1
102951 51569 1
102951 60996 1
102951 68392 1
102951 69529 1
102951 69530 1
102951 69531 1
102951 80433 1
102951 108879 1
105662 69529 1
105662 77200 1
105662 82207 1
105662 86137 2
105662 87651 1
105662 88951 1
105662 89140 1
105662 89597 2
105662 94576 1
105662 107811 1
105662 108581 1
105662 122757 1
105662 124946 2
108581 69529 1
108581 77200 1
108581 87651 1
108581 99613 1
108581 105662 1
108879 48864 1
108879 49499 1
108879 51569 1
108879 60996 1
108879 68392 1
108879 69529 1
108879 69530 1
108879 69531 1
108879 80433 1
108879 102951 1
32119 49189 1
32119 72337 1
43667 47988 1
43667 66637 2
43667 72337 1
43667 75923 1
43667 78076 1
43667 82207 1
43667 107295 1
45951 48880 1
45951 52322 1
45951 58330 1
45951 62956 1
45951 69711 1
45951 72337 1
45951 78562 1
45951 86124 1
45951 99968 1
47349 72337 1
47349 94318 1
48880 45951 1
48880 52322 1
48880 58330 1
48880 62956 1
48880 69711 1
48880 70466 1
48880 72337 1
48880 78562 1
48880 86124 1
48880 99968 1
49189 32119 1
49189 72337 1
52318 67646 1
52318 70930 1
52318 72337 1
52318 74690 1
52318 75923 1
52318 77980 1
52318 86605 1
52318 87102 1
52318 88134 1
52318 89177 1
52318 90073 1
52318 90657 1
52318 95481 1
52318 102929 1
52318 106878 1
52322 45951 1
52322 48880 1
52322 58330 1
52322 62956 1
52322 69711 1
52322 72337 1
52322 77200 1
52322 78562 1
52322 86124 1
52322 99968 1
52844 54034 1
52844 66637 1
52844 72337 1
52844 83945 1
52844 84309 1
54034 52844 1
54034 66637 1
54034 69386 1
54034 72337 1
54034 83945 1
54034 84309 1
54034 88134 1
57036 69519 1
57036 72337 1
57036 79440 1
57036 84194 1
57036 94301 1
57036 101570 1
57036 102004 1
57036 106878 1
57036 107558 1
57036 114228 1
57036 122047 1
58276 69253 1
58276 72337 1
58330 45951 1
58330 48880 1
58330 52322 1
58330 62956 1
58330 69711 1
58330 72337 1
58330 78562 1
58330 86124 1
58330 99968 1
59239 72337 1
59239 99968 1
59239 103318 1
60209 58624 1
60209 66637 1
60209 69475 1
60209 72337 1
60209 79440 1
60209 84384 1
60209 91633 1
60209 92677 1
60209 114228 1
62956 45951 1
62956 48880 1
62956 52322 1
62956 58330 1
62956 68720 1
62956 69711 1
62956 70930 1
62956 72337 1
62956 72997 1
62956 78562 1
62956 86124 1
62956 99968 1
63349 55442 1
63349 63350 2
63349 68392 1
63349 69543 1
63349 70466 1
63349 71715 1
63349 72337 1
63349 72721 1
63349 75088 1
63349 77370 1
63349 79884 2
63349 82703 1
63349 97101 1
63349 102929 1
66637 43667 2
66637 52844 1
66637 54034 1
66637 60209 1
66637 62649 1
66637 69519 1
66637 71715 1
66637 72337 2
66637 74690 1
66637 76773 1
66637 77980 1
66637 78076 1
66637 79440 1
66637 83945 1
66637 84309 1
66637 84384 1
66637 86005 1
66637 107295 1
67646 52318 1
67646 62649 1
67646 69543 1
67646 70930 1
67646 72337 1
67646 73818 1
67646 74690 1
67646 75923 1
67646 76774 1
67646 78498 1
67646 83945 1
67646 84309 1
67646 87102 1
67646 88301 1
67646 89177 1
67646 90073 1
67646 90657 2
67646 94445 1
67646 95481 1
67646 102929 1
68015 72337 1
68015 83747 1
68143 72337 1
68143 82139 1
68143 82207 1
68143 86170 1
68143 119765 1
69253 58276 1
69253 62658 1
69253 72337 1
69253 72997 1
69519 55960 1
69519 57036 1
69519 66637 1
69519 69515 3
69519 71715 1
69519 72337 1
69519 72721 1
69519 75835 1
69519 84194 1
69519 94301 1
69519 101570 1
69519 102004 1
69519 106878 1
69519 107558 1
69519 122047 1
69543 63349 1
69543 67646 1
69543 72337 1
69543 72721 1
69543 73818 1
69543 75901 2
69543 86248 1
69543 101570 1
69543 102929 1
69711 45951 1
69711 48880 1
69711 52322 1
69711 58330 1
69711 62956 1
69711 72337 1
69711 78562 1
69711 86124 1
69711 99968 1
69711 102270 1
70466 31894 1
70466 47988 1
70466 48880 1
70466 50356 1
70466 56764 1
70466 60425 1
70466 61298 1
70466 63349 1
70466 63350 1
70466 67889 1
70466 68392 1
70466 72337 1
70466 78471 1
70466 84541 1
70466 97101 1
70466 102004 1
70930 52318 1
70930 62956 1
70930 67646 1
70930 68720 1
70930 72337 1
70930 72997 1
70930 74690 1
70930 75923 1
70930 87102 1
70930 89177 1
70930 90073 1
70930 90657 1
70930 95481 1
71715 63349 1
71715 66637 1
71715 69519 1
71715 72337 1
71715 75901 1
71715 77370 1
71715 79884 1
71715 86248 1
71715 102929 1
72721 32244 1
72721 63349 1
72721 69519 1
72721 69543 1
72721 72337 1
72721 75088 1
72721 84541 1
72721 85762 1
72721 102929 1
72890 68630 1
72890 69475 1
72890 72337 1
72890 77980 1
72890 80004 1
72890 82141 1
72890 86605 1
72890 89976 1
73818 62649 1
73818 67646 1
73818 69543 1
73818 72337 1
73818 75152 1
73818 75907 1
73818 78076 1
73818 84309 1
73818 84541 1
73818 88134 1
73818 100006 1
74690 52318 1
74690 66637 1
74690 67646 1
74690 70930 1
74690 72337 1
74690 75901 1
74690 75923 1
74690 77370 1
74690 83945 1
74690 84194 1
74690 86605 1
74690 87102 1
74690 89177 1
74690 90073 2
74690 90657 2
74690 95481 1
75901 51569 1
75901 69543 2
75901 71715 1
75901 72337 1
75901 74690 1
75901 75907 1
75901 75923 2
75901 77370 2
75901 77980 1
75901 90657 1
75901 96869 1
75901 98666 1
75907 72337 1
75907 73818 1
75907 75901 1
75907 79440 1
75907 84541 1
75907 88134 1
75923 43667 1
75923 52318 1
75923 67646 1
75923 69515 1
75923 70930 1
75923 72337 1
75923 74690 1
75923 75901 2
75923 87102 1
75923 89177 1
75923 90073 1
75923 90657 1
75923 94343 1
75923 95481 1
77980 52318 1
77980 60996 1
77980 66637 1
77980 72337 1
77980 72890 1
77980 75152 2
77980 75901 1
77980 80004 2
77980 82703 1
77980 83289 1
77980 86605 1
77980 88134 1
77980 88555 1
77980 89976 1
77980 90657 1
77980 102929 2
77980 108613 1
78562 45951 1
78562 48880 1
78562 52322 1
78562 58330 1
78562 62956 1
78562 69711 1
78562 72337 1
78562 86124 1
78562 99968 1
80004 46041 1
80004 60883 1
80004 72337 1
80004 72890 1
80004 77980 2
80004 86234 1
80004 89976 1
80004 96855 1
80004 102929 1
80004 103496 1
80274 45979 1
80274 57338 1
80274 72337 1
80274 75236 1
80274 81495 1
80274 82207 1
80274 92677 1
80274 94576 1
80274 107735 1
80274 108535 1
82139 68143 1
82139 72337 1
82139 82207 1
82207 43667 1
82207 50356 1
82207 64379 1
82207 68143 1
82207 69477 1
82207 72337 2
82207 80274 1
82207 82139 1
82207 83841 1
82207 89597 1
82207 105662 1
82207 124946 1
83747 68015 1
83747 69515 1
83747 72337 1
83747 78076 1
83747 96308 1
83747 97021 1
83945 52844 1
83945 54034 1
83945 66637 1
83945 67646 1
83945 72337 1
83945 74690 1
83945 83289 1
83945 84194 1
83945 84309 1
83945 86605 1
83945 89976 1
83945 90657 1
83945 97021 1
83945 97971 1
83945 98049 1
83945 98666 1
83945 106003 1
83945 106878 2
84194 57036 1
84194 69519 1
84194 72337 1
84194 74690 1
84194 83945 1
84194 84541 1
84194 94301 1
84194 98666 1
84194 101570 1
84194 102004 1
84194 106878 2
84194 107558 1
84194 122047 1
84309 52844 1
84309 54034 1
84309 63350 1
84309 66637 1
84309 67646 1
84309 72337 1
84309 73818 1
84309 83945 1
84309 90944 1
84309 98049 1
84309 103496 1
84541 70466 1
84541 72337 1
84541 72721 1
84541 73818 1
84541 75907 1
84541 82459 1
84541 84194 1
84541 88134 1
84541 97972 1
86124 45951 1
86124 48880 1
86124 52322 1
86124 58330 1
86124 62956 1
86124 69711 1
86124 72337 1
86124 78562 1
86124 95766 1
86124 99968 1
86234 72337 1
86234 80004 1
86234 86240 1
86234 86248 1
86234 87105 1
86234 89856 1
86248 69543 1
86248 71715 1
86248 72337 1
86248 82459 1
86248 86234 1
86248 102270 1
87102 52318 1
87102 67646 1
87102 70930 1
87102 72337 1
87102 74690 1
87102 75923 1
87102 87105 1
87102 89177 1
87102 90073 1
87102 90657 1
87102 95481 2
87105 72337 1
87105 86234 1
87105 87102 1
88134 52318 1
88134 54034 1
88134 69386 1
88134 72337 1
88134 73818 1
88134 75907 1
88134 77980 1
88134 83289 4
88134 84541 1
88134 86605 1
88134 97101 1
88134 102929 1
88134 106878 1
88134 108988 1
89177 21899 1
89177 28152 1
89177 38381 1
89177 52318 1
89177 52747 1
89177 57371 1
89177 59999 1
89177 67646 1
89177 69370 1
89177 70930 1
89177 72337 1
89177 73955 1
89177 73956 1
89177 73957 1
89177 74690 1
89177 75923 1
89177 76773 1
89177 87102 1
89177 89137 1
89177 90073 1
89177 90657 1
89177 95481 1
89976 69515 1
89976 72337 1
89976 72890 1
89976 77980 1
89976 80004 1
89976 83945 1
89976 96869 1
89976 97971 1
89976 106003 1
90073 52318 1
90073 67646 1
90073 70666 1
90073 70930 1
90073 72337 1
90073 74690 2
90073 75923 1
90073 87102 1
90073 89177 1
90073 90657 1
90073 95481 1
90657 52318 1
90657 67646 2
90657 70930 1
90657 72337 1
90657 74690 2
90657 75152 1
90657 75901 1
90657 75923 1
90657 77370 1
90657 77980 1
90657 79440 1
90657 83945 1
90657 86605 1
90657 87102 1
90657 89177 1
90657 90073 1
90657 95481 1
94301 57036 1
94301 69519 1
94301 72337 1
94301 84194 1
94301 101570 1
94301 102004 1
94301 106878 1
94301 107558 1
94301 108534 1
94301 122047 1
95481 52318 1
95481 67646 1
95481 70930 1
95481 72337 1
95481 74690 1
95481 75923 1
95481 87102 2
95481 89177 1
95481 90073 1
95481 90657 1
96748 72337 1
96748 105824 1
96748 112221 1
99968 45951 1
99968 48880 1
99968 52322 1
99968 58330 1
99968 59239 1
99968 62956 1
99968 69711 1
99968 72337 1
99968 76801 1
99968 78562 1
99968 86124 1
99968 89870 1
101570 57036 1
101570 62720 1
101570 69519 1
101570 69543 1
101570 72337 1
101570 79440 1
101570 84194 1
101570 86005 1
101570 94301 1
101570 102004 1
101570 106878 1
101570 107558 1
101570 122047 1
102004 57036 1
102004 69519 1
102004 70466 1
102004 72337 1
102004 82141 1
102004 84194 1
102004 94301 1
102004 97101 1
102004 101570 1
102004 106878 1
102004 107558 1
102004 122047 1
102482 45766 1
102482 49640 1
102482 72337 1
102482 98666 1
102482 103288 1
102482 103496 1
102929 52318 1
102929 63349 1
102929 67646 1
102929 69543 1
102929 71715 1
102929 72337 1
102929 72721 1
102929 77980 2
102929 80004 1
102929 88134 1
102929 119197 1
103288 72337 1
103288 102482 1
103288 103496 1
103496 63350 1
103496 69370 1
103496 72337 1
103496 80004 1
103496 83289 1
103496 84309 1
103496 98049 1
103496 102482 1
103496 103288 1
103496 107295 1
105824 72337 1
105824 96748 1
105824 112221 1
106878 52318 1
106878 57036 1
106878 69519 1
106878 72337 1
106878 78536 1
106878 83289 1
106878 83945 2
106878 84194 2
106878 88134 1
106878 94301 1
106878 97021 3
106878 98666 1
106878 101570 1
106878 102004 1
106878 107558 1
106878 111593 1
106878 122047 1
107295 43667 1
107295 60883 1
107295 66637 1
107295 67623 1
107295 72337 1
107295 79705 1
107295 103496 1
107558 57036 1
107558 69519 1
107558 72337 1
107558 84194 1
107558 94301 1
107558 101570 1
107558 102004 1
107558 106878 1
107558 122047 1
112221 72337 1
112221 96748 1
112221 105824 1
122047 57036 1
122047 69519 1
122047 72337 1
122047 84194 1
122047 94301 1
122047 101570 1
122047 102004 1
122047 106878 1
122047 107558 1
40954 75909 1
40954 94576 1
40954 108988 1
40954 110447 1
40954 116545 1
45979 36433 1
45979 57338 1
45979 75236 1
45979 77718 1
45979 80274 1
45979 81495 1
45979 81941 1
45979 92677 1
45979 94576 1
45979 107735 1
45979 108535 1
50356 51577 1
50356 57546 2
50356 63499 1
50356 64484 2
50356 69394 1
50356 69477 2
50356 70466 1
50356 72369 1
50356 82138 1
50356 82207 1
50356 82459 1
50356 84637 1
50356 86137 1
50356 88951 4
50356 89140 1
50356 89151 2
50356 89595 1
50356 89597 1
50356 94576 1
50356 102467 2
50356 126862 1
51577 50356 1
51577 64484 1
51577 69394 1
51577 69477 1
51577 82459 1
51577 82660 1
51577 86137 1
51577 89151 1
51577 94576 1
51577 122757 1
52317 93906 1
52317 94576 1
52317 97712 1
57338 38053 1
57338 45979 1
57338 75236 1
57338 80274 1
57338 81495 1
57338 92677 1
57338 94576 1
57338 107735 1
57338 108535 1
57338 114900 1
57338 116545 1
57338 124946 1
57546 47673 1
57546 50356 2
57546 60425 1
57546 63499 1
57546 64484 1
57546 69477 1
57546 72369 1
57546 76288 1
57546 82138 1
57546 82459 1
57546 84637 1
57546 88951 1
57546 89151 1
57546 94576 1
57546 97101 1
57546 102467 1
57546 126862 1
60369 62607 1
60369 67623 1
60369 70837 1
60369 76801 1
60369 80832 1
60369 84384 1
60369 87878 1
60369 88425 1
60369 88902 1
60369 94576 1
60369 108987 1
60369 108988 1
60369 108989 1
60369 108990 1
62607 60369 1
62607 67623 1
62607 69556 1
62607 70837 1
62607 76801 1
62607 80832 1
62607 84384 2
62607 87878 1
62607 88425 1
62607 88902 1
62607 94576 1
62607 108987 1
62607 108988 1
62607 108989 1
62607 108990 1
63499 50356 1
63499 57546 1
63499 64484 2
63499 69477 1
63499 72369 1
63499 77543 1
63499 82138 1
63499 82459 1
63499 84637 1
63499 88951 1
63499 89151 2
63499 94576 1
63499 102467 1
63499 126862 1
64484 50356 2
64484 51577 1
64484 57546 1
64484 63499 2
64484 69394 1
64484 69477 3
64484 72369 1
64484 82138 1
64484 82459 1
64484 84637 1
64484 88951 1
64484 89151 2
64484 94576 1
64484 102467 1
64484 126862 1
67623 60369 1
67623 62607 1
67623 70837 1
67623 76801 1
67623 80832 1
67623 84384 1
67623 85762 1
67623 87878 1
67623 88425 1
67623 88902 1
67623 94576 1
67623 107295 1
67623 108987 1
67623 108988 1
67623 108989 1
67623 108990 1
67623 115147 1
69394 50356 1
69394 51577 1
69394 64484 1
69394 69477 1
69394 82660 1
69394 86137 1
69394 88951 1
69394 89140 1
69394 89151 1
69394 94576 1
69394 122757 1
69477 50356 2
69477 51577 1
69477 57546 1
69477 63499 1
69477 64484 3
69477 69394 1
69477 72369 1
69477 75070 1
69477 82138 1
69477 82207 1
69477 82459 2
69477 84637 2
69477 86170 1
69477 88951 1
69477 89151 3
69477 94576 1
69477 102467 1
69477 126862 1
70837 60369 1
70837 62607 1
70837 67623 1
70837 76801 1
70837 80832 1
70837 84384 1
70837 87878 1
70837 88425 1
70837 88902 1
70837 94576 1
70837 98666 1
70837 108987 1
70837 108988 1
70837 108989 1
70837 108990 1
72369 50356 1
72369 57546 1
72369 63499 1
72369 64484 1
72369 69477 1
72369 78471 1
72369 82138 1
72369 82268 1
72369 82459 1
72369 84637 1
72369 88951 1
72369 89151 1
72369 94576 1
72369 102467 1
72369 126862 1
75236 45979 1
75236 57338 1
75236 80274 1
75236 81495 1
75236 86063 1
75236 92677 1
75236 94576 1
75236 107735 1
75236 108535 1
75909 40954 1
75909 92677 1
75909 94576 1
75909 110447 1
75909 116545 1
76801 52747 1
76801 60369 1
76801 62607 1
76801 67623 1
76801 70837 1
76801 80832 1
76801 84384 1
76801 87878 1
76801 88425 1
76801 88902 1
76801 94576 1
76801 99968 1
76801 108987 1
76801 108988 1
76801 108989 1
76801 108990 1
80832 60369 1
80832 62607 1
80832 67623 1
80832 70837 1
80832 76801 1
80832 84384 1
80832 87878 1
80832 88425 1
80832 88902 1
80832 94576 1
80832 108987 1
80832 108988 1
80832 108989 1
80832 108990 1
80832 114228 1
81495 45979 1
81495 57338 1
81495 75236 1
81495 80274 1
81495 82299 2
81495 90837 1
81495 92677 1
81495 94576 1
81495 99613 1
81495 107735 1
81495 108535 1
82138 50356 1
82138 57546 1
82138 63499 1
82138 64484 1
82138 68141 1
82138 69477 1
82138 72369 1
82138 82459 1
82138 84637 1
82138 88951 1
82138 89151 1
82138 94576 1
82138 102467 1
82138 126862 1
82459 50356 1
82459 51577 1
82459 57546 1
82459 63499 1
82459 64484 1
82459 69477 2
82459 72369 1
82459 76774 1
82459 82138 1
82459 84541 1
82459 84637 1
82459 86248 1
82459 88301 1
82459 88951 1
82459 89151 1
82459 94576 1
82459 102467 1
82459 126862 1
82660 51577 1
82660 69394 1
82660 86137 1
82660 94576 1
82660 122757 1
84384 60209 1
84384 60369 1
84384 62607 2
84384 66637 1
84384 67623 1
84384 70837 1
84384 76801 1
84384 79440 1
84384 80832 1
84384 87878 1
84384 88425 1
84384 88902 1
84384 94576 1
84384 108535 1
84384 108987 1
84384 108988 1
84384 108989 1
84384 108990 1
84637 50356 1
84637 57546 1
84637 63499 1
84637 64484 1
84637 69477 2
84637 72369 1
84637 82138 1
84637 82459 1
84637 88951 1
84637 89151 1
84637 94576 1
84637 102467 1
84637 126862 1
86137 50356 1
86137 51577 1
86137 69394 1
86137 82660 1
86137 94576 1
86137 105662 2
86137 122757 1
87878 60369 1
87878 62607 1
87878 67623 1
87878 70837 1
87878 76801 1
87878 80832 1
87878 84384 1
87878 88425 1
87878 88902 1
87878 94576 1
87878 108987 1
87878 108988 1
87878 108989 1
87878 108990 1
88425 31456 1
88425 60369 1
88425 62607 1
88425 67623 1
88425 70837 1
88425 76801 1
88425 80832 1
88425 84384 1
88425 87878 1
88425 88902 1
88425 89394 1
88425 94576 1
88425 108613 1
88425 108987 1
88425 108988 1
88425 108989 1
88425 108990 1
88902 60369 1
88902 62607 1
88902 67623 1
88902 70837 1
88902 76801 1
88902 80832 1
88902 84384 1
88902 87878 1
88902 88425 1
88902 94576 1
88902 106003 1
88902 108534 1
88902 108987 1
88902 108988 1
88902 108989 1
88902 108990 1
88951 50356 4
88951 57546 1
88951 63499 1
88951 64484 1
88951 69394 1
88951 69477 1
88951 72369 1
88951 82138 1
88951 82459 1
88951 84637 1
88951 89140 2
88951 89151 2
88951 89595 2
88951 89597 3
88951 94576 1
88951 102467 1
88951 105662 1
88951 122757 1
88951 126862 1
89151 50356 2
89151 51577 1
89151 57546 1
89151 63499 2
89151 64484 2
89151 69394 1
89151 69477 3
89151 72369 1
89151 77543 1
89151 82138 1
89151 82459 1
89151 84637 1
89151 88951 2
89151 89595 1
89151 89597 1
89151 94576 1
89151 102467 1
89151 107811 1
89151 126862 1
89595 50356 1
89595 88951 2
89595 89140 1
89595 89151 1
89595 89597 4
89595 94576 1
89595 117707 1
89595 124254 1
89595 124255 1
89597 50356 1
89597 77200 1
89597 82207 1
89597 87651 1
89597 88951 3
89597 89151 1
89597 89595 4
89597 94576 1
89597 105662 2
89597 107811 1
92677 45979 1
92677 57338 1
92677 60209 1
92677 75236 1
92677 75909 1
92677 80274 1
92677 81495 1
92677 94576 1
92677 107735 1
92677 108535 1
93906 52317 1
93906 94576 1
93906 97712 1
97712 52317 1
97712 93906 1
97712 94576 1
102467 50356 2
102467 57546 1
102467 63499 1
102467 64484 1
102467 69477 1
102467 72369 1
102467 82138 1
102467 82459 1
102467 84637 1
102467 88951 1
102467 89151 1
102467 94576 1
102467 99613 1
102467 126862 1
107503 94576 1
107735 45979 1
107735 57338 1
107735 59129 1
107735 75236 1
107735 80274 1
107735 81495 1
107735 82268 1
107735 92677 1
107735 94576 1
107735 108535 2
107811 87651 1
107811 89151 1
107811 89597 1
107811 94576 1
107811 105662 1
108535 45979 1
108535 57338 1
108535 75152 1
108535 75236 1
108535 80274 1
108535 81495 1
108535 84384 1
108535 92677 1
108535 94576 1
108535 107735 2
108987 60369 1
108987 62607 1
108987 67623 1
108987 70837 1
108987 76801 1
108987 80832 1
108987 84384 1
108987 87878 1
108987 88425 1
108987 88902 1
108987 94576 1
108987 108988 1
108987 108989 1
108987 108990 1
108988 35978 1
108988 40954 1
108988 60369 1
108988 62607 1
108988 63350 1
108988 67623 1
108988 70837 1
108988 76801 1
108988 80832 1
108988 84384 1
108988 87878 1
108988 88134 1
108988 88425 1
108988 88902 1
108988 94576 1
108988 108987 1
108988 108989 1
108988 108990 1
108988 114222 1
108989 60369 1
108989 62607 1
108989 67623 1
108989 70837 1
108989 76801 1
108989 80832 1
108989 84384 1
108989 87878 1
108989 88425 1
108989 88902 1
108989 94576 1
108989 108987 1
108989 108988 1
108989 108990 1
108990 60369 1
108990 62607 1
108990 67623 1
108990 70837 1
108990 76801 1
108990 80832 1
108990 84384 1
108990 87878 1
108990 88425 1
108990 88902 1
108990 94576 1
108990 108987 1
108990 108988 1
108990 108989 1
110447 40954 1
110447 75909 1
110447 94576 1
110447 116545 1
116545 40954 1
116545 57338 1
116545 57371 1
116545 75909 1
116545 94576 1
116545 110447 1
117707 89595 1
117707 94576 1
117707 124254 1
117707 124255 1
122757 51577 1
122757 69394 1
122757 82660 1
122757 86137 1
122757 88951 1
122757 89140 1
122757 94576 1
122757 105662 1
124254 52883 1
124254 89595 1
124254 94576 1
124254 117707 1
124254 124255 13
124255 52883 1
124255 89595 1
124255 94576 1
124255 117707 1
124255 124254 13
124946 57338 1
124946 82207 1
124946 94576 1
124946 105662 2
124946 114900 1
124946 118277 1
124946 121517 1
126862 50356 1
126862 57546 1
126862 63499 1
126862 64484 1
126862 69477 1
126862 72369 1
126862 82138 1
126862 82459 1
126862 84637 1
126862 88951 1
126862 89151 1
126862 94576 1
126862 102467 1
102270 69711 1
102270 75167 1
102270 78912 1
102270 86248 1
102270 109324 1
102270 111593 1
111593 78536 1
111593 83841 1
111593 102270 1
111593 106878 1
111593 109324 1
111593 111594 1
118897 109324 1
55551 79994 1
55551 96528 1
55551 117633 2
55551 118154 1
58426 68141 1
58426 76288 1
58426 82466 1
58426 88139 10
58426 118154 1
76288 57546 1
76288 58426 1
76288 88139 1
76288 118154 1
88139 58426 10
88139 68141 1
88139 76288 1
88139 82466 1
88139 118154 1
96528 55551 1
96528 117633 1
96528 118154 1
106661 118154 1
117633 55551 2
117633 96528 1
117633 118154 1
47109 118692 1
47109 119460 1
67063 70258 1
67063 89140 1
67063 115147 1
67063 119460 1
89140 50356 1
89140 67063 1
89140 69394 1
89140 88951 2
89140 89595 1
89140 105662 1
89140 115147 1
89140 115473 1
89140 119460 1
89140 122757 1
105253 119460 1
115147 67063 1
115147 67623 1
115147 89140 1
115147 89526 1
115147 119460 1
49416 27870 1
49416 54469 1
49416 60364 1
49416 63215 1
49416 68630 1
49416 78673 1
49416 78912 1
49416 82131 1
49416 82613 1
49416 85762 1
49416 90944 1
49416 90989 1
49416 95040 1
49416 95129 1
54469 27870 1
54469 49416 1
54469 60364 1
54469 63215 1
54469 68630 1
54469 78673 1
54469 78912 1
54469 82131 1
54469 82613 1
54469 85762 1
54469 95040 1
54469 95129 1
56785 27870 1
56785 77566 1
56785 79600 1
56785 86049 1
60364 27870 1
60364 49416 1
60364 54469 1
60364 63215 1
60364 68630 1
60364 69556 1
60364 78673 1
60364 78912 1
60364 82131 1
60364 82613 1
60364 85762 1
60364 95040 1
60364 95129 1
63215 23902 1
63215 27870 1
63215 49416 1
63215 54469 1
63215 57371 1
63215 60364 1
63215 68630 1
63215 78673 1
63215 78912 1
63215 82131 1
63215 82613 1
63215 85762 1
63215 95040 1
63215 95129 1
67865 11421 1
67865 26283 1
67865 27870 1
67865 67866 1
67865 70780 1
67865 76774 1
67865 83841 1
67865 84830 1
67865 88301 1
67865 97245 1
67865 98151 1
68630 23496 1
68630 27870 1
68630 49416 1
68630 54469 1
68630 60364 1
68630 63215 1
68630 68620 1
68630 72890 1
68630 74588 1
68630 78673 1
68630 78912 1
68630 82131 1
68630 82613 1
68630 85762 1
68630 95040 1
68630 95129 1
68630 100006 1
77566 27870 1
77566 56785 1
78418 27870 1
78418 69370 1
78418 82131 1
78418 89870 1
78418 92197 1
78673 27870 1
78673 49416 1
78673 54469 1
78673 55960 1
78673 60364 1
78673 63215 1
78673 68630 1
78673 78912 1
78673 82131 1
78673 82613 1
78673 85762 1
78673 95040 1
78673 95129 1
78912 27870 1
78912 49416 1
78912 54469 1
78912 60364 1
78912 63215 1
78912 68630 1
78912 69556 1
78912 78673 1
78912 82131 1
78912 82613 1
78912 85762 1
78912 95040 1
78912 95129 1
78912 102270 1
82131 27870 2
82131 49416 1
82131 54469 1
82131 60364 1
82131 63215 1
82131 68630 1
82131 78418 1
82131 78673 1
82131 78912 1
82131 82613 1
82131 83841 1
82131 85762 1
82131 89870 1
82131 92197 1
82131 95040 1
82131 95129 1
82131 99613 1
82461 27870 1
82461 60425 1
82613 27870 1
82613 49416 1
82613 54469 1
82613 60364 1
82613 63215 1
82613 68630 1
82613 78673 1
82613 78912 1
82613 82131 1
82613 85762 1
82613 95040 1
82613 95129 1
85762 27870 1
85762 49416 1
85762 54469 1
85762 60364 1
85762 63215 1
85762 67623 1
85762 68630 1
85762 72721 1
85762 76612 1
85762 78673 1
85762 78912 1
85762 82131 1
85762 82613 1
85762 95040 1
85762 95129 1
89870 27870 1
89870 69370 1
89870 78418 1
89870 82131 1
89870 92197 1
89870 99968 1
92197 27870 1
92197 78418 1
92197 82131 1
92197 89870 1
92197 108613 3
95040 27870 1
95040 49416 1
95040 54469 1
95040 60364 1
95040 63215 1
95040 68630 1
95040 78673 1
95040 78912 1
95040 82131 1
95040 82613 1
95040 85762 1
95040 95129 1
95129 27870 1
95129 49416 1
95129 54469 1
95129 60364 1
95129 63215 1
95129 68630 1
95129 78673 1
95129 78912 1
95129 82131 1
95129 82613 1
95129 85762 1
95129 95040 1
112898 27870 1
112898 112899 1
21899 28152 1
21899 38381 1
21899 52747 1
21899 57371 1
21899 59999 1
21899 73955 1
21899 73956 1
21899 73957 1
21899 76773 1
21899 89177 1
28325 28152 1
28325 50144 1
28325 51449 1
28325 52504 1
28325 53811 1
28325 55893 1
28325 56382 1
28325 56386 1
28325 62720 1
28325 72997 1
28325 78309 1
28325 89307 1
28325 98835 1
30147 28152 1
30147 56282 1
30147 61275 1
30147 72579 1
30147 76856 1
30147 79600 1
30147 79601 1
30147 109153 1
34232 28152 1
34232 36284 1
34232 43790 1
34232 49640 1
34232 60950 1
34232 60951 1
34232 68720 1
36284 28152 1
36284 34232 1
36284 43790 1
36284 49640 1
36284 60950 1
36284 60951 2
36284 68720 1
36284 124840 1
38381 21899 1
38381 28152 1
38381 52747 1
38381 57371 1
38381 59999 1
38381 60281 1
38381 61281 1
38381 73955 1
38381 73956 1
38381 73957 1
38381 76773 1
38381 89177 1
43790 28152 1
43790 34232 1
43790 36284 1
43790 49640 1
43790 60950 1
43790 60951 1
43790 68720 1
46075 28152 1
46075 52744 1
46075 78069 1
46075 78669 1
46075 83616 1
46075 88547 1
46075 89137 1
46075 99668 1
46979 28152 2
46979 60883 1
46979 69475 1
46979 72329 1
46979 81376 1
49640 28152 1
49640 34232 1
49640 36284 1
49640 43790 1
49640 45766 1
49640 60950 1
49640 60951 1
49640 68118 1
49640 68720 1
49640 102482 1
50144 28152 1
50144 28325 1
50144 51449 1
50144 52504 2
50144 55893 1
50144 56382 1
50144 62720 1
50144 72997 1
50144 78309 1
50144 89307 1
50144 98835 1
51449 11421 1
51449 28152 1
51449 28325 1
51449 50144 1
51449 52504 1
51449 55893 1
51449 56382 1
51449 62720 1
51449 72997 1
51449 78309 1
51449 89307 1
51449 98835 1
52504 23966 1
52504 28152 1
52504 28325 1
52504 50144 2
52504 51449 1
52504 55893 1
52504 56382 1
52504 62720 1
52504 72997 1
52504 78309 1
52504 89307 1
52504 98835 1
52744 28152 1
52744 46075 1
52744 78069 1
52744 78669 1
52744 83616 1
52744 88547 1
52744 89137 1
52744 99668 1
52747 21899 1
52747 28152 1
52747 38381 1
52747 57371 1
52747 59999 1
52747 73955 1
52747 73956 1
52747 73957 1
52747 76773 1
52747 76801 1
52747 89177 1
55893 28152 1
55893 28325 1
55893 50144 1
55893 51449 1
55893 52504 1
55893 56382 1
55893 62720 1
55893 72997 1
55893 78309 1
55893 89307 1
55893 98835 1
56382 22907 1
56382 28152 1
56382 28325 1
56382 39805 1
56382 43409 1
56382 50144 1
56382 51449 1
56382 52504 1
56382 55893 1
56382 62720 1
56382 72997 1
56382 78309 1
56382 89307 1
56382 98835 1
57371 21899 1
57371 28152 1
57371 38381 1
57371 52747 1
57371 56386 1
57371 59999 1
57371 63215 1
57371 73955 1
57371 73956 1
57371 73957 1
57371 76773 1
57371 89177 1
57371 116545 1
59999 21899 1
59999 28152 1
59999 38381 1
59999 52747 1
59999 57371 1
59999 73955 1
59999 73956 1
59999 73957 1
59999 76773 1
59999 89177 1
60883 28152 1
60883 46979 1
60883 69475 1
60883 72329 1
60883 73874 1
60883 80004 1
60883 96855 1
60883 107295 1
60950 28152 1
60950 34232 1
60950 36284 1
60950 43790 1
60950 49640 1
60950 60951 1
60950 68720 1
60951 28152 1
60951 34232 1
60951 36284 2
60951 43790 1
60951 49640 1
60951 60950 1
60951 68720 1
62720 28152 1
62720 28325 1
62720 50144 1
62720 51449 1
62720 52504 1
62720 55893 1
62720 56382 1
62720 72997 1
62720 78309 1
62720 89307 1
62720 98835 1
62720 101570 1
68720 28152 1
68720 34232 1
68720 36284 1
68720 43790 1
68720 49640 1
68720 60950 1
68720 60951 1
68720 62956 1
68720 70930 1
68720 72997 1
69370 28152 1
69370 61278 1
69370 68615 1
69370 72347 1
69370 74186 1
69370 76856 1
69370 78418 1
69370 79994 1
69370 89177 1
69370 89870 1
69370 94445 1
69370 99613 1
69370 103496 1
69370 106003 1
69370 114228 1
69475 28152 1
69475 46979 1
69475 60209 1
69475 60883 1
69475 72329 1
69475 72890 1
69475 114228 1
72329 28152 1
72329 46979 1
72329 60883 1
72329 69475 1
72347 28152 1
72347 69370 1
72347 76856 1
72347 79994 1
72347 114228 1
72579 28152 1
72579 30147 1
72579 79600 1
72579 79601 1
72579 109153 1
72997 28152 1
72997 28325 1
72997 50144 1
72997 51449 1
72997 52504 1
72997 55893 1
72997 56382 1
72997 62658 1
72997 62720 1
72997 62956 1
72997 68720 1
72997 69253 1
72997 70930 1
72997 78309 1
72997 89307 1
72997 98835 1
73955 21899 1
73955 28152 1
73955 38381 1
73955 52747 1
73955 57371 1
73955 59999 1
73955 73956 1
73955 73957 1
73955 76773 1
73955 89177 1
73956 21899 1
73956 28152 1
73956 38381 1
73956 52747 1
73956 57371 1
73956 59999 1
73956 73955 1
73956 73957 1
73956 76773 1
73956 89177 1
73957 21899 1
73957 28152 1
73957 38381 1
73957 52747 1
73957 57371 1
73957 59999 1
73957 73955 1
73957 73956 1
73957 76773 1
73957 89177 1
76773 21899 1
76773 28152 1
76773 38381 1
76773 52747 1
76773 57371 1
76773 59999 1
76773 62649 1
76773 66637 1
76773 73955 1
76773 73956 1
76773 73957 1
76773 89177 1
76856 28152 1
76856 30147 1
76856 30818 1
76856 56282 1
76856 69370 1
76856 72347 1
76856 79994 1
76856 114228 1
78069 28152 1
78069 46075 1
78069 52744 1
78069 78669 1
78069 83616 1
78069 88547 1
78069 89137 1
78069 99668 1
78309 28152 1
78309 28325 1
78309 50144 1
78309 51449 1
78309 52504 1
78309 55893 1
78309 56382 1
78309 62720 1
78309 72997 1
78309 89307 1
78309 98835 1
78669 28152 1
78669 46075 1
78669 52744 1
78669 78069 1
78669 83616 1
78669 88547 1
78669 89137 1
78669 99668 1
79600 28152 1
79600 30147 1
79600 56785 1
79600 72579 1
79600 79601 1
79600 86049 1
79600 109153 1
79601 28152 1
79601 30147 1
79601 72579 1
79601 79600 1
79601 109153 1
79994 28152 1
79994 55551 1
79994 69370 1
79994 72347 1
79994 76856 1
79994 99291 1
79994 103318 1
79994 108613 3
79994 114228 1
79994 122756 1
81376 28152 1
81376 46979 1
83616 25353 1
83616 28152 1
83616 46075 1
83616 52744 1
83616 75835 1
83616 78069 1
83616 78521 1
83616 78669 1
83616 83621 1
83616 88547 1
83616 89137 1
83616 99668 1
88547 28152 1
88547 46075 1
88547 52744 1
88547 78069 1
88547 78669 1
88547 83616 1
88547 89137 1
88547 99668 1
89137 28152 1
89137 46075 1
89137 52744 1
89137 78069 1
89137 78669 1
89137 83616 1
89137 88547 1
89137 89177 1
89137 97970 1
89137 99668 1
89307 28152 1
89307 28325 1
89307 50144 1
89307 51449 1
89307 52504 1
89307 55893 1
89307 56382 1
89307 62720 1
89307 72997 1
89307 78309 1
89307 98835 1
98835 28152 1
98835 28325 1
98835 50144 1
98835 51449 1
98835 52504 1
98835 55893 1
98835 56382 1
98835 62720 1
98835 72997 1
98835 78309 1
98835 89307 1
99668 28152 1
99668 46075 1
99668 52744 1
99668 78069 1
99668 78669 1
99668 83616 1
99668 88547 1
99668 89137 1
109153 28152 1
109153 30147 1
109153 72579 1
109153 79600 1
109153 79601 1
114228 28152 1
114228 57036 1
114228 60209 1
114228 69370 1
114228 69475 1
114228 72347 1
114228 76856 1
114228 79895 1
114228 79994 1
114228 80832 1
22660 32717 1
22660 36376 1
22660 43120 1
22660 44157 1
22660 63969 1
22660 72388 1
36376 22660 1
36376 32717 1
36376 43120 1
36376 44157 1
36376 63969 1
36376 72388 1
43120 22660 1
43120 32717 1
43120 36376 1
43120 44157 1
43120 63969 1
43120 72388 1
44157 22660 1
44157 32717 1
44157 36376 1
44157 43120 1
44157 44154 1
44157 63969 1
44157 72388 1
45758 32717 1
45758 48830 1
45758 63543 1
45758 90989 1
48830 32717 1
48830 41979 1
48830 45758 1
48830 63543 1
63543 32717 1
63543 45758 1
63543 48830 1
63969 22660 1
63969 32717 1
63969 36376 1
63969 43120 1
63969 44157 1
63969 72388 1
72388 22660 1
72388 32717 1
72388 36376 1
72388 43120 1
72388 44157 1
72388 63969 1
4298 4299 1
4298 38529 1
4298 48864 1
4298 121734 1
4299 4298 1
4299 38529 1
4299 48864 1
4299 121734 1
38529 4298 1
38529 4299 1
38529 33672 2
38529 33673 2
38529 33674 2
38529 48864 1
38529 121734 1
56981 48864 1
56981 79883 1
71378 48864 1
121734 4298 1
121734 4299 1
121734 35001 1
121734 38529 1
121734 48864 1
62358 49499 1
62358 76214 1
62358 95333 1
62358 95742 1
62358 99625 1
76214 49499 1
76214 62358 1
76214 64344 1
76214 76211 1
76214 76213 1
76214 95333 1
76214 95742 1
76214 99625 1
95333 49499 1
95333 62358 1
95333 76214 1
95333 95742 1
95333 99625 1
95742 49499 1
95742 62358 1
95742 76214 1
95742 95333 1
95742 99625 1
99625 49499 1
99625 62358 1
99625 76214 1
99625 95333 1
99625 95742 1
52622 51569 1
52622 79440 1
52622 86005 1
52622 94902 1
52622 97970 1
52622 97971 1
52622 97972 1
52622 107211 1
53034 51569 1
53034 61068 1
53034 69346 1
53034 75167 1
53034 79440 1
53034 86170 1
53034 103318 1
53034 105077 1
53034 105078 1
53034 114722 1
58624 51569 1
58624 60209 1
58624 86856 2
58624 89394 1
58624 95766 1
58624 96869 1
58624 97101 1
61068 51569 1
61068 53034 1
61068 63350 1
61068 69346 1
61068 75167 1
61068 79440 1
61068 86170 1
61068 105077 1
61068 105078 1
61068 114722 1
62615 51569 1
62615 69579 2
62615 82299 2
62615 90837 1
62615 99613 3
62615 105632 1
65871 51569 1
65871 68118 1
69346 51569 1
69346 53034 1
69346 61068 1
69346 75167 1
69346 79440 1
69346 86170 1
69346 90837 2
69346 99613 1
69346 105077 1
69346 105078 1
69346 114722 1
69346 114900 1
69514 51569 1
69514 76612 1
69514 82141 1
69514 86240 1
69514 86605 1
69514 89526 1
69514 97101 1
69514 97536 1
69514 98049 1
69514 100808 1
69514 105579 1
69579 32304 1
69579 51569 1
69579 62615 2
69579 82299 1
69579 90837 1
69579 99613 1
69579 105632 1
74588 51569 1
74588 68630 1
74588 72562 1
74588 89394 1
74588 94904 1
74588 97101 1
74588 99084 1
74588 106547 1
75167 51569 1
75167 53034 1
75167 61068 1
75167 69346 1
75167 79440 1
75167 86170 1
75167 102270 1
75167 105077 1
75167 105078 1
75167 114722 1
76612 51569 1
76612 69514 1
76612 82141 1
76612 85762 1
76612 86240 1
76612 86605 1
76612 89526 1
76612 97101 1
76612 97536 1
76612 98049 1
76612 100808 1
76612 105579 1
79440 51569 2
79440 52622 1
79440 53034 1
79440 57036 1
79440 60209 1
79440 61068 1
79440 66637 1
79440 69346 1
79440 75167 1
79440 75907 1
79440 77370 1
79440 82299 2
79440 84384 1
79440 86005 1
79440 86170 1
79440 86605 1
79440 90657 1
79440 94902 1
79440 97970 1
79440 97971 1
79440 97972 1
79440 101570 1
79440 105077 1
79440 105078 1
79440 107211 1
79440 114722 1
82141 51569 1
82141 69514 1
82141 72890 1
82141 76612 1
82141 86240 1
82141 86605 1
82141 89526 1
82141 97101 1
82141 97536 1
82141 98049 1
82141 100808 1
82141 102004 1
82141 105579 1
82299 51569 1
82299 62615 2
82299 69579 1
82299 77370 1
82299 79440 2
82299 81495 2
82299 90837 2
82299 99613 2
82299 105632 1
83289 51569 1
83289 77980 1
83289 83945 1
83289 86240 2
83289 88134 4
83289 94869 1
83289 97021 1
83289 97101 1
83289 103496 1
83289 106878 1
86005 51569 1
86005 52622 1
86005 66637 1
86005 76611 1
86005 79440 1
86005 94902 1
86005 97101 1
86005 97970 1
86005 97971 1
86005 97972 1
86005 101570 1
86005 107211 1
86170 51569 1
86170 53034 1
86170 61068 1
86170 68143 1
86170 69346 1
86170 69477 1
86170 75167 1
86170 79440 1
86170 105077 1
86170 105078 1
86170 108613 1
86170 114722 1
86240 51569 1
86240 63350 1
86240 69514 1
86240 76612 1
86240 82141 1
86240 83289 2
86240 86234 1
86240 86605 2
86240 89526 1
86240 97101 1
86240 97536 1
86240 97972 1
86240 98049 1
86240 100808 1
86240 105579 1
86605 51569 1
86605 52318 1
86605 69514 1
86605 72890 1
86605 74690 1
86605 76612 1
86605 77980 1
86605 79440 1
86605 82141 1
86605 83945 1
86605 86240 2
86605 88134 1
86605 89394 1
86605 89526 1
86605 90657 1
86605 97101 1
86605 97536 1
86605 98049 1
86605 100808 1
86605 105579 1
86605 105632 1
86605 108613 1
86856 51569 1
86856 58624 2
86856 89394 1
86856 95766 1
86856 96869 1
86856 97101 1
89394 51569 1
89394 58624 1
89394 74588 1
89394 86605 1
89394 86856 1
89394 88425 1
89394 95766 1
89394 96869 1
89394 97101 1
89394 103583 1
89526 51569 1
89526 69514 1
89526 76612 1
89526 82141 1
89526 86240 1
89526 86605 1
89526 90837 1
89526 97101 1
89526 97536 1
89526 98049 1
89526 100808 1
89526 105579 1
89526 115147 1
90837 51569 1
90837 62615 1
90837 69346 2
90837 69579 1
90837 81495 1
90837 82299 2
90837 89526 1
90837 97971 1
90837 99613 3
90837 105632 1
90837 108534 1
94869 51569 1
94869 69386 1
94869 83289 1
94902 51569 1
94902 52622 1
94902 79440 1
94902 86005 1
94902 97970 1
94902 97971 1
94902 97972 1
94902 107211 1
94902 120983 1
94904 51569 1
94904 74588 1
94904 97101 2
94904 99084 2
94904 106547 1
95766 51569 1
95766 58624 1
95766 86124 1
95766 86856 1
95766 89394 1
95766 96869 1
95766 97101 1
95766 126613 1
96869 51569 1
96869 58624 1
96869 75901 1
96869 86856 1
96869 89394 1
96869 89976 1
96869 95766 1
96869 97101 1
96869 106003 1
97101 47673 1
97101 51569 4
97101 57546 1
97101 58624 1
97101 63349 1
97101 69514 1
97101 70466 1
97101 74588 1
97101 76612 1
97101 78471 1
97101 82141 1
97101 83289 1
97101 86005 1
97101 86240 1
97101 86605 1
97101 86856 1
97101 88134 1
97101 89394 1
97101 89526 1
97101 94904 2
97101 95766 1
97101 96869 1
97101 97536 1
97101 97972 1
97101 98049 1
97101 99084 2
97101 100808 1
97101 102004 1
97101 105579 1
97101 106547 1
97292 51569 1
97292 115473 1
97536 32244 1
97536 51569 1
97536 69514 1
97536 76612 1
97536 78168 1
97536 78471 1
97536 82141 1
97536 86240 1
97536 86605 1
97536 89526 1
97536 97101 1
97536 98049 1
97536 100808 1
97536 105579 1
97536 107022 1
97970 51569 1
97970 52622 1
97970 79440 1
97970 86005 1
97970 89137 1
97970 94902 1
97970 97971 1
97970 97972 1
97970 107211 1
97971 51569 1
97971 52622 1
97971 79440 1
97971 83945 1
97971 86005 1
97971 89976 1
97971 90837 1
97971 94902 1
97971 97970 1
97971 97972 1
97971 107211 1
97971 108534 1
97972 51569 1
97972 52622 1
97972 79440 1
97972 84541 1
97972 86005 1
97972 86240 1
97972 94902 1
97972 97101 1
97972 97970 1
97972 97971 1
97972 107211 1
98049 51569 1
98049 63350 1
98049 69514 1
98049 76612 1
98049 82141 1
98049 83945 1
98049 84309 1
98049 86240 1
98049 86605 1
98049 89526 1
98049 97101 1
98049 97536 1
98049 100808 1
98049 103318 1
98049 103496 1
98049 105579 1
98049 127619 1
98666 51569 1
98666 70837 1
98666 75901 1
98666 83945 1
98666 84194 1
98666 102482 1
98666 106878 1
99084 51569 1
99084 74588 1
99084 94904 2
99084 97101 2
99084 106547 2
99613 51569 1
99613 62615 3
99613 69346 1
99613 69370 1
99613 69579 1
99613 81495 1
99613 82131 1
99613 82299 2
99613 90837 3
99613 102467 1
99613 105632 1
99613 108581 1
100808 51569 1
100808 69514 1
100808 76612 1
100808 77456 1
100808 77459 1
100808 82141 1
100808 86240 1
100808 86605 1
100808 89526 1
100808 97101 1
100808 97536 1
100808 98049 1
100808 105579 1
105077 51569 1
105077 53034 1
105077 61068 1
105077 69346 1
105077 75167 1
105077 79440 1
105077 86170 1
105077 105078 1
105077 114722 1
105078 51569 1
105078 53034 1
105078 61068 1
105078 69346 1
105078 75167 1
105078 79440 1
105078 86170 1
105078 105077 1
105078 114722 1
105579 51569 1
105579 69514 1
105579 76612 1
105579 82141 1
105579 86240 1
105579 86605 1
105579 89526 1
105579 97101 1
105579 97536 1
105579 98049 1
105579 100808 1
105632 51569 1
105632 62615 1
105632 69579 1
105632 82299 1
105632 86605 1
105632 90837 1
105632 99613 1
105632 108613 1
106547 51569 2
106547 74588 1
106547 94904 1
106547 97101 1
106547 99084 2
107211 51569 1
107211 52622 1
107211 79440 1
107211 86005 1
107211 94902 1
107211 97970 1
107211 97971 1
107211 97972 1
114722 51569 1
114722 53034 1
114722 61068 1
114722 69346 1
114722 75167 1
114722 79440 1
114722 86170 1
114722 105077 1
114722 105078 1
115473 51569 1
115473 89140 1
115473 97292 1
21385 41237 1
21385 42856 1
21385 47930 1
21385 50182 1
21385 59129 1
21385 59398 1
21385 59404 1
21385 59967 1
21385 60000 1
21385 69556 1
21385 70978 1
21385 71839 1
21385 74225 1
21385 86063 1
22389 32278 1
22389 59129 1
22389 70071 1
25353 32542 1
25353 55456 1
25353 59129 1
25353 68141 1
25353 69556 1
25353 78521 1
25353 83616 1
32244 38053 1
32244 38926 1
32244 51289 1
32244 59129 1
32244 59995 1
32244 61542 1
32244 62816 1
32244 69556 1
32244 72721 1
32244 77456 1
32244 77459 1
32244 90989 1
32244 97536 1
32278 22389 1
32278 47930 1
32278 59129 1
32278 59398 1
32278 70071 1
32542 25353 1
32542 38926 1
32542 41979 1
32542 51289 1
32542 57717 1
32542 59125 1
32542 59129 1
32542 59383 1
32542 60281 1
32542 61281 1
32542 62815 1
32542 68142 1
32542 69556 1
38053 32244 1
38053 57338 1
38053 59129 1
38053 59995 1
38053 61542 1
38053 62816 1
38053 77456 1
38053 77459 1
38053 90989 1
38926 32244 1
38926 32542 1
38926 41979 1
38926 51289 1
38926 57717 1
38926 59125 1
38926 59129 1
38926 59383 1
38926 60281 1
38926 61281 1
38926 62815 1
38926 68142 1
41237 21385 1
41237 42856 1
41237 47930 1
41237 50182 1
41237 59129 1
41237 59398 1
41237 59404 1
41237 59967 1
41237 60000 1
41237 69556 1
41237 70978 1
41237 74225 1
41237 86063 1
41979 32542 1
41979 38926 1
41979 48830 1
41979 51289 1
41979 57717 1
41979 59125 1
41979 59129 1
41979 59383 1
41979 60281 1
41979 61281 1
41979 62815 1
41979 68142 1
42856 21385 1
42856 41237 1
42856 47930 1
42856 50182 1
42856 59129 1
42856 59398 1
42856 59404 1
42856 59967 1
42856 60000 1
42856 69556 1
42856 70978 1
42856 74225 1
42856 86063 1
43254 50178 1
43254 56282 1
43254 59129 1
43254 69556 1
43254 78536 1
43254 82024 1
43254 83621 1
43254 99954 1
47930 21385 1
47930 32278 1
47930 41237 1
47930 42856 1
47930 50182 1
47930 59129 1
47930 59398 1
47930 59404 1
47930 59967 1
47930 60000 1
47930 69556 1
47930 70978 1
47930 74225 1
47930 86063 1
49628 59129 1
49628 61937 1
49628 62658 1
50182 21385 1
50182 41237 1
50182 42856 1
50182 47930 1
50182 59129 1
50182 59398 1
50182 59404 1
50182 59967 1
50182 60000 1
50182 69556 1
50182 70978 1
50182 74225 1
50182 86063 1
51289 32244 1
51289 32542 1
51289 38926 1
51289 41979 1
51289 57717 1
51289 59125 1
51289 59129 1
51289 59383 1
51289 60281 1
51289 61281 1
51289 62815 2
51289 68142 1
53661 59129 1
55456 25353 1
55456 59129 1
55456 68141 1
56282 30147 1
56282 43254 1
56282 59129 1
56282 62815 1
56282 76856 1
56282 78536 1
56282 82024 1
56282 83621 1
56282 99954 1
57717 32542 1
57717 38926 1
57717 41979 1
57717 51289 1
57717 59125 1
57717 59129 1
57717 59383 1
57717 60281 1
57717 61281 1
57717 62815 1
57717 68142 1
59125 32542 1
59125 38926 1
59125 41979 1
59125 51289 1
59125 57717 1
59125 59129 2
59125 59383 1
59125 60281 1
59125 61281 1
59125 62658 1
59125 62815 1
59125 63157 1
59125 64379 1
59125 68118 1
59125 68141 2
59125 68142 3
59125 78521 1
59383 32542 1
59383 38926 1
59383 41979 1
59383 51289 1
59383 57717 1
59383 59125 1
59383 59129 1
59383 60281 1
59383 61281 1
59383 62815 1
59383 65468 1
59383 67663 1
59383 68142 1
59398 21385 1
59398 22710 1
59398 32278 1
59398 41237 1
59398 42856 1
59398 47930 1
59398 50182 1
59398 59129 1
59398 59404 1
59398 59967 1
59398 60000 1
59398 69556 1
59398 70978 1
59398 74225 1
59398 86063 1
59404 21385 1
59404 41237 1
59404 42856 1
59404 47930 1
59404 50182 1
59404 59129 1
59404 59398 1
59404 59967 1
59404 60000 1
59404 69556 1
59404 70978 1
59404 74225 1
59404 86063 1
59967 21385 1
59967 41237 1
59967 42856 1
59967 47930 1
59967 50182 1
59967 59129 1
59967 59398 1
59967 59404 1
59967 60000 1
59967 63350 1
59967 69556 1
59967 70978 1
59967 74225 1
59967 82831 1
59967 86063 1
59967 96855 1
59995 32244 1
59995 38053 1
59995 59129 1
59995 61542 1
59995 62816 2
59995 77433 1
59995 77456 1
59995 77459 1
59995 90989 1
59995 96855 1
60000 21385 1
60000 41237 1
60000 42856 1
60000 47930 1
60000 50182 1
60000 59129 1
60000 59398 1
60000 59404 1
60000 59967 1
60000 69556 1
60000 70978 1
60000 74225 1
60000 86063 1
60281 32542 1
60281 38381 1
60281 38926 1
60281 41979 1
60281 51289 1
60281 57717 1
60281 59125 1
60281 59129 1
60281 59383 1
60281 60425 1
60281 61281 2
60281 62815 1
60281 68142 1
61281 32542 1
61281 38381 1
61281 38926 1
61281 41979 1
61281 51289 1
61281 57717 1
61281 59125 1
61281 59129 1
61281 59383 1
61281 60281 2
61281 62815 1
61281 68141 1
61281 68142 1
61281 69556 1
61542 30818 1
61542 32244 1
61542 38053 1
61542 59129 1
61542 59995 1
61542 62816 1
61542 68126 1
61542 77456 1
61542 77459 1
61542 83841 1
61542 90989 1
62658 49628 1
62658 59125 1
62658 59129 1
62658 68142 1
62658 69253 1
62658 72997 1
62815 32542 1
62815 38926 1
62815 41979 1
62815 51289 2
62815 56282 1
62815 57717 1
62815 59125 1
62815 59129 1
62815 59383 1
62815 60281 1
62815 61281 1
62815 68142 1
62816 32244 1
62816 38053 1
62816 59129 1
62816 59995 2
62816 61542 1
62816 77456 1
62816 77459 1
62816 90989 1
63157 59125 1
63157 59129 1
63157 64379 1
63157 68118 1
63157 68141 1
63157 78521 1
64379 59125 1
64379 59129 1
64379 63157 1
64379 68118 1
64379 68141 1
64379 78471 1
64379 78521 1
64379 82207 1
68118 49640 1
68118 59125 1
68118 59129 1
68118 63157 1
68118 64379 1
68118 65871 1
68118 68141 1
68118 78521 1
68141 25353 1
68141 55456 1
68141 58426 1
68141 59125 2
68141 59129 2
68141 61281 1
68141 63157 1
68141 64379 1
68141 68118 1
68141 68142 1
68141 69556 1
68141 74225 1
68141 78521 1
68141 82138 1
68141 88139 1
68142 32542 1
68142 38926 1
68142 41979 1
68142 51289 1
68142 57717 1
68142 59125 3
68142 59129 1
68142 59383 1
68142 60281 1
68142 61281 1
68142 62658 1
68142 62815 1
68142 68141 1
69556 21385 1
69556 25353 1
69556 32244 1
69556 32542 1
69556 41237 1
69556 42856 1
69556 43254 1
69556 47930 1
69556 50182 1
69556 56386 1
69556 59129 2
69556 59398 1
69556 59404 1
69556 59967 1
69556 60000 1
69556 60364 1
69556 61281 1
69556 62607 1
69556 68141 1
69556 70978 1
69556 74225 1
69556 78912 1
69556 86063 1
69556 87930 1
69556 90989 1
70071 22389 1
70071 32278 1
70071 59129 1
70978 21385 1
70978 41237 1
70978 42856 1
70978 47930 1
70978 50182 1
70978 59129 1
70978 59398 1
70978 59404 1
70978 59967 1
70978 60000 1
70978 69556 1
70978 74225 1
70978 86063 1
74225 21385 1
74225 41237 1
74225 42856 1
74225 47930 1
74225 50182 1
74225 59129 1
74225 59398 1
74225 59404 1
74225 59967 1
74225 60000 1
74225 68141 1
74225 69556 1
74225 70978 1
74225 86063 1
77456 32244 1
77456 38053 1
77456 59129 1
77456 59995 1
77456 61542 1
77456 62816 1
77456 77459 2
77456 90989 1
77456 100808 1
77459 32244 1
77459 38053 1
77459 59129 1
77459 59995 1
77459 61542 1
77459 62816 1
77459 77456 2
77459 90989 1
77459 100808 1
78168 59129 1
78168 78521 1
78168 90355 1
78168 97536 1
78521 25353 1
78521 59125 1
78521 59129 2
78521 63157 1
78521 64379 1
78521 68118 1
78521 68141 1
78521 78168 1
78521 83616 1
78536 43254 1
78536 56282 1
78536 59129 1
78536 82024 1
78536 83621 1
78536 99954 1
78536 106878 1
78536 111593 1
82024 43254 1
82024 56282 1
82024 59129 1
82024 78536 1
82024 83621 1
82024 99954 1
82268 59129 1
82268 72369 1
82268 107735 1
83621 43254 1
83621 56282 1
83621 59129 1
83621 61274 1
83621 61275 1
83621 73874 1
83621 78536 1
83621 82024 1
83621 83616 1
83621 99954 1
86063 21385 1
86063 41237 1
86063 42856 1
86063 47930 1
86063 50182 1
86063 59129 1
86063 59398 1
86063 59404 1
86063 59967 1
86063 60000 1
86063 69556 1
86063 70978 1
86063 74225 1
86063 75236 1
87930 59129 1
87930 69556 1
90989 32244 1
90989 38053 1
90989 45758 1
90989 49416 1
90989 59129 1
90989 59995 1
90989 61542 1
90989 62649 1
90989 62816 1
90989 69556 1
90989 77456 1
90989 77459 1
99954 43254 1
99954 56282 1
99954 59129 1
99954 78536 1
99954 82024 1
99954 83621 1
10169 24479 1
10169 25398 1
10169 60996 1
10313 25477 1
10313 25482 1
10313 25483 1
10313 35755 1
10313 38955 1
10313 60996 1
24479 10169 1
24479 25398 1
24479 60996 1
25398 10169 1
25398 24479 1
25398 60996 1
25477 10313 1
25477 25482 1
25477 25483 1
25477 35755 1
25477 38955 1
25477 60996 1
25482 10313 1
25482 25477 1
25482 25483 1
25482 35755 1
25482 38955 1
25482 60996 1
25483 10313 1
25483 25477 1
25483 25482 1
25483 35755 1
25483 38955 1
25483 60996 1
30818 46041 1
30818 52883 1
30818 56764 1
30818 60996 1
30818 61542 1
30818 65373 1
30818 76856 1
30818 77519 1
30818 78076 1
30818 80443 1
30818 94191 1
30818 108534 1
35755 10313 1
35755 25477 1
35755 25482 1
35755 25483 1
35755 38955 1
35755 60996 1
35978 48994 1
35978 50943 1
35978 60996 1
35978 63350 1
35978 67412 1
35978 68392 1
35978 75835 1
35978 76611 1
35978 77370 1
35978 77433 1
35978 78471 1
35978 108988 1
38680 60996 1
38955 10313 1
38955 20918 1
38955 25477 1
38955 25482 1
38955 25483 1
38955 25961 1
38955 35755 1
38955 60996 1
44154 44157 1
44154 48995 1
44154 52854 1
44154 60996 1
44154 69378 1
44154 69515 1
45766 47988 1
45766 49640 1
45766 57526 1
45766 60996 1
45766 77543 1
45766 102482 1
46041 30818 1
46041 52883 1
46041 56764 1
46041 60996 1
46041 65373 1
46041 77519 1
46041 78076 1
46041 80004 1
46041 80443 1
46041 94191 1
46041 108534 1
47988 24922 1
47988 43667 1
47988 45766 1
47988 48718 1
47988 55960 1
47988 56764 1
47988 57526 1
47988 60996 1
47988 63350 1
47988 70466 1
47988 77543 1
48316 34718 1
48316 60996 1
48316 68392 1
48994 35978 1
48994 50943 1
48994 60996 1
48994 67412 1
48994 68392 1
48994 75835 1
48994 76611 1
48994 77370 1
48994 77433 1
48994 78471 1
48995 44154 1
48995 52854 1
48995 60996 1
48995 69378 1
48995 69515 1
50943 35978 1
50943 48994 1
50943 60996 1
50943 67412 1
50943 68392 1
50943 75835 1
50943 76611 1
50943 77370 1
50943 77433 1
50943 78471 1
50943 121897 1
52854 44154 1
52854 48995 1
52854 60996 1
52854 69378 1
52854 69515 1
52854 75152 1
52883 30818 1
52883 46041 1
52883 56764 1
52883 60996 1
52883 65373 1
52883 77519 1
52883 78076 1
52883 80443 1
52883 94191 2
52883 108534 1
52883 124254 1
52883 124255 1
55442 56386 1
55442 60996 1
55442 63349 1
55442 63350 1
55442 68392 1
55442 108765 1
55442 114900 1
55960 47988 1
55960 60996 1
55960 63350 1
55960 69519 1
55960 75088 1
55960 78673 1
55960 79884 2
56386 28325 1
56386 55442 1
56386 57371 1
56386 60996 1
56386 68392 1
56386 69556 1
56386 108765 1
56386 114900 1
56764 30818 1
56764 46041 1
56764 47988 1
56764 52883 1
56764 60996 1
56764 65373 1
56764 70466 1
56764 77519 1
56764 78076 1
56764 80443 1
56764 94191 1
56764 108534 1
57526 45766 1
57526 47988 1
57526 60996 1
57526 77543 1
61937 49628 1
61937 60996 1
61937 62086 1
63350 35978 1
63350 47988 1
63350 55442 1
63350 55960 1
63350 59967 1
63350 60996 1
63350 61068 1
63350 63349 2
63350 70466 1
63350 75088 1
63350 77519 1
63350 79883 1
63350 79884 2
63350 84309 1
63350 86240 1
63350 98049 1
63350 103496 1
63350 108988 1
65373 30818 1
65373 46041 1
65373 52883 1
65373 56764 1
65373 60996 1
65373 77519 1
65373 78076 1
65373 80443 1
65373 94191 1
65373 108534 1
67412 35978 1
67412 48994 1
67412 50943 1
67412 60996 1
67412 68392 1
67412 75835 1
67412 76611 1
67412 77370 1
67412 77433 1
67412 78471 1
69378 44154 1
69378 48995 1
69378 52854 1
69378 60996 1
69378 69515 1
69378 87651 1
69515 44154 1
69515 48995 1
69515 52854 1
69515 60996 1
69515 69378 1
69515 69519 3
69515 75923 1
69515 79884 1
69515 83747 1
69515 89976 1
69515 97021 1
69515 121703 1
70258 60996 1
70258 67063 1
70258 114222 1
74795 60996 1
74795 103318 1
75088 55960 1
75088 60996 1
75088 63349 1
75088 63350 1
75088 72721 1
75088 77433 1
75088 79883 1
75088 79884 1
75152 52854 1
75152 60996 1
75152 73818 1
75152 77980 2
75152 78076 1
75152 82703 1
75152 88555 1
75152 90657 1
75152 108535 1
75835 35978 1
75835 48994 1
75835 50943 1
75835 60996 1
75835 67412 1
75835 68392 1
75835 69519 1
75835 76611 1
75835 77370 1
75835 77433 1
75835 78471 1
75835 83616 1
75835 83841 1
76611 35978 1
76611 48994 1
76611 50943 1
76611 60996 1
76611 67412 1
76611 68392 1
76611 75835 1
76611 77370 1
76611 77433 1
76611 78471 1
76611 86005 1
77370 35978 1
77370 48994 1
77370 50943 1
77370 60996 1
77370 63349 1
77370 67412 1
77370 68392 1
77370 71715 1
77370 74690 1
77370 75835 1
77370 75901 2
77370 76611 1
77370 77433 1
77370 78471 1
77370 79440 1
77370 79883 1
77370 79884 1
77370 82299 1
77370 90657 1
77433 35978 1
77433 48994 1
77433 50943 1
77433 50956 1
77433 59995 1
77433 60996 1
77433 67412 1
77433 68392 1
77433 75088 1
77433 75835 1
77433 76611 1
77433 77370 1
77433 78471 1
77433 79883 1
77433 96855 1
77519 30818 1
77519 46041 1
77519 52883 1
77519 56764 1
77519 60996 1
77519 63350 1
77519 65373 1
77519 68392 1
77519 78076 1
77519 80443 1
77519 94191 1
77519 108534 1
77543 45766 1
77543 47988 1
77543 57526 1
77543 60996 1
77543 63499 1
77543 78471 1
77543 89151 1
78076 30818 1
78076 43667 1
78076 46041 1
78076 52883 1
78076 56764 1
78076 60996 1
78076 65373 1
78076 66637 1
78076 73818 1
78076 75152 1
78076 77519 1
78076 80443 1
78076 83747 1
78076 94191 1
78076 108534 1
78471 35978 1
78471 48994 1
78471 50943 1
78471 60996 1
78471 64379 1
78471 67412 1
78471 68392 1
78471 70466 1
78471 72369 1
78471 75835 1
78471 76611 1
78471 77370 1
78471 77433 1
78471 77543 1
78471 97101 1
78471 97536 1
79883 56981 1
79883 60996 1
79883 63350 1
79883 75088 1
79883 77370 1
79883 77433 1
79883 79884 1
79883 94343 1
79884 55960 2
79884 60996 1
79884 63349 2
79884 63350 2
79884 67845 1
79884 69515 1
79884 69530 1
79884 71715 1
79884 75088 1
79884 77370 1
79884 79883 1
80443 30818 1
80443 46041 1
80443 52883 1
80443 56764 1
80443 60996 1
80443 65373 1
80443 77519 1
80443 78076 1
80443 94191 1
80443 108534 1
82703 60996 1
82703 63349 1
82703 75152 1
82703 77980 1
82703 88555 1
88555 60996 1
88555 75152 1
88555 77980 1
88555 82703 1
94191 30818 1
94191 46041 1
94191 52883 2
94191 56764 1
94191 60996 1
94191 65373 1
94191 77519 1
94191 78076 1
94191 80443 1
94191 108534 1
94343 60996 1
94343 75923 1
94343 79883 1
96121 60996 1
103318 53034 1
103318 59239 1
103318 60996 1
103318 74795 1
103318 79994 1
103318 98049 1
108534 30818 1
108534 46041 1
108534 52883 1
108534 56764 1
108534 60996 1
108534 65373 1
108534 77519 1
108534 78076 1
108534 80443 1
108534 88902 1
108534 90837 1
108534 94191 1
108534 94301 1
108534 97971 1
108765 55442 1
108765 56386 1
108765 60996 1
108765 68392 1
108765 114900 1
114222 60996 1
114222 70258 1
114222 108988 1
114900 55442 1
114900 56386 1
114900 57338 1
114900 60996 1
114900 68392 1
114900 69346 1
114900 87698 1
114900 108765 1
114900 124946 1
32304 61278 1
32304 69579 1
32304 108613 1
39746 61278 1
49414 53811 1
49414 56844 1
49414 60425 1
49414 61274 1
49414 61275 1
49414 61276 1
49414 61277 1
49414 61278 1
49414 63968 1
49414 66596 1
49414 73874 1
49414 75036 1
49414 85533 1
49414 91861 1
49414 93297 1
53811 28325 1
53811 49414 1
53811 56844 1
53811 60425 1
53811 61274 1
53811 61275 1
53811 61276 1
53811 61277 1
53811 61278 1
53811 63968 1
53811 66596 1
53811 73874 1
53811 75036 1
53811 85533 1
53811 91861 1
53811 93297 1
56844 49414 1
56844 53811 1
56844 60425 1
56844 61274 1
56844 61275 1
56844 61276 1
56844 61277 1
56844 61278 1
56844 63968 1
56844 66596 1
56844 73874 1
56844 75036 1
56844 85533 1
56844 90944 1
56844 91861 1
56844 93297 1
60425 49414 1
60425 53811 1
60425 56844 1
60425 57546 1
60425 60281 1
60425 61274 1
60425 61275 1
60425 61276 1
60425 61277 1
60425 61278 1
60425 63968 1
60425 66596 1
60425 70466 1
60425 71061 1
60425 73874 1
60425 75036 1
60425 82461 1
60425 85533 1
60425 91861 1
60425 93297 1
61274 49414 1
61274 53811 1
61274 56844 1
61274 60425 1
61274 61275 3
61274 61276 1
61274 61277 1
61274 61278 1
61274 63968 1
61274 66596 1
61274 73874 3
61274 75036 1
61274 83621 1
61274 85533 1
61274 91861 1
61274 93297 1
61275 30147 1
61275 49414 1
61275 53811 1
61275 56844 1
61275 60425 1
61275 61274 3
61275 61276 1
61275 61277 1
61275 61278 2
61275 63968 1
61275 66596 1
61275 73874 4
61275 75036 1
61275 83621 1
61275 85533 1
61275 91861 2
61275 93297 1
61275 97021 1
61276 49414 1
61276 53811 1
61276 56844 1
61276 60425 1
61276 61274 1
61276 61275 1
61276 61277 1
61276 61278 1
61276 63968 1
61276 66596 1
61276 73874 1
61276 75036 1
61276 85533 1
61276 91861 1
61276 93297 1
61277 49414 1
61277 53811 1
61277 56844 1
61277 60425 1
61277 61274 1
61277 61275 1
61277 61276 1
61277 61278 1
61277 63968 1
61277 66596 1
61277 73874 1
61277 75036 1
61277 85533 1
61277 91861 1
61277 93297 1
63968 49414 1
63968 53811 1
63968 56844 1
63968 60425 1
63968 61274 1
63968 61275 1
63968 61276 1
63968 61277 1
63968 61278 1
63968 66596 1
63968 73874 1
63968 75036 1
63968 85533 1
63968 91861 1
63968 93297 1
66596 49414 1
66596 53811 1
66596 56844 1
66596 60425 1
66596 61274 1
66596 61275 1
66596 61276 1
66596 61277 1
66596 61278 1
66596 63968 1
66596 73874 1
66596 75036 1
66596 85533 1
66596 91861 1
66596 93297 1
68615 61278 1
68615 69370 1
68615 74186 1
68615 94445 1
68615 106003 1
68620 61278 1
68620 68630 1
68620 76826 1
73874 49414 1
73874 53811 1
73874 56844 1
73874 60425 1
73874 60883 1
73874 61274 3
73874 61275 4
73874 61276 1
73874 61277 1
73874 61278 2
73874 63968 1
73874 66596 1
73874 75036 1
73874 83621 1
73874 85533 1
73874 91861 2
73874 93297 1
73874 97021 1
74186 61278 1
74186 68615 1
74186 69370 1
74186 76826 1
74186 94445 1
74186 106003 1
75036 49414 1
75036 53811 1
75036 56844 1
75036 60425 1
75036 61274 1
75036 61275 1
75036 61276 1
75036 61277 1
75036 61278 1
75036 63968 1
75036 66596 1
75036 73874 1
75036 85533 1
75036 91861 1
75036 93297 1
76826 61278 1
76826 68620 1
76826 74186 1
85533 49414 1
85533 53811 1
85533 56844 1
85533 60425 1
85533 61274 1
85533 61275 1
85533 61276 1
85533 61277 1
85533 61278 1
85533 63968 1
85533 66596 1
85533 73874 1
85533 75036 1
85533 91861 1
85533 93297 1
91861 49414 1
91861 53811 1
91861 56844 1
91861 60425 1
91861 61274 1
91861 61275 2
91861 61276 1
91861 61277 1
91861 61278 2
91861 63968 1
91861 66596 1
91861 73874 2
91861 75036 1
91861 85533 1
91861 93297 1
91861 97021 1
93297 49414 1
93297 53811 1
93297 56844 1
93297 60425 1
93297 61274 1
93297 61275 1
93297 61276 1
93297 61277 1
93297 61278 1
93297 63968 1
93297 66596 1
93297 73874 1
93297 75036 1
93297 85533 1
93297 91861 1
94445 61278 1
94445 67646 1
94445 68615 1
94445 69370 1
94445 74186 1
94445 106003 1
97021 61275 1
97021 61278 1
97021 69515 1
97021 73874 1
97021 83289 1
97021 83747 1
97021 83945 1
97021 91861 1
97021 106878 3
106003 61278 1
106003 68615 1
106003 69370 1
106003 74186 1
106003 83945 1
106003 88902 1
106003 89976 1
106003 94445 1
106003 96869 1
108613 32304 1
108613 61278 1
108613 77980 1
108613 79994 3
108613 86170 1
108613 86605 1
108613 88425 1
108613 92197 3
108613 105632 1
30819 42366 1
30819 65466 1
30819 65469 1
30819 71900 1
30819 121153 1
36732 39156 1
36732 65466 1
36732 65469 1
36732 66877 1
36732 66878 1
36732 70232 1
36732 70233 1
36732 71231 1
36732 77275 1
36732 81820 1
39156 36732 1
39156 65466 1
39156 65469 1
39156 66877 1
39156 66878 1
39156 70232 1
39156 70233 1
39156 71231 1
39156 77275 1
39156 81820 1
42366 30819 1
42366 65466 1
42366 65469 1
42366 71900 1
42366 121153 1
65435 65466 1
65435 65467 1
65435 65468 1
65435 65469 1
65435 66282 2
65466 30819 1
65466 36732 1
65466 39156 1
65466 42366 1
65466 58353 1
65466 65435 1
65466 65467 2
65466 65468 1
65466 65469 5
65466 66282 1
65466 66877 1
65466 66878 1
65466 70232 1
65466 70233 1
65466 71231 1
65466 71839 1
65466 71900 1
65466 77275 1
65466 81820 1
65466 88188 1
65466 89856 1
65466 121153 1
65467 65435 1
65467 65466 2
65467 65468 1
65467 65469 1
65467 66282 1
65468 59383 1
65468 65435 1
65468 65466 1
65468 65467 1
65468 65469 1
65468 66282 2
65468 66877 1
65468 66878 1
65468 67663 1
66282 65435 2
66282 65466 1
66282 65467 1
66282 65468 2
66282 65469 1
66282 66876 1
66282 66877 1
66282 66878 1
66282 69128 1
66877 36732 1
66877 39156 1
66877 65466 1
66877 65468 1
66877 65469 1
66877 66282 1
66877 66878 4
66877 70232 1
66877 70233 1
66877 71231 1
66877 77275 1
66877 81820 2
66878 36732 1
66878 39156 1
66878 65466 1
66878 65468 1
66878 65469 2
66878 66282 1
66878 66877 4
66878 70232 1
66878 70233 1
66878 71231 1
66878 77275 1
66878 81820 1
70232 36732 1
70232 39156 1
70232 65466 1
70232 65469 1
70232 66877 1
70232 66878 1
70232 70233 1
70232 71231 1
70232 77275 1
70232 81820 1
70233 36732 1
70233 39156 1
70233 65466 1
70233 65469 1
70233 66877 1
70233 66878 1
70233 70232 1
70233 71231 1
70233 77275 1
70233 81820 1
71231 27699 1
71231 36732 1
71231 39156 1
71231 44109 1
71231 65466 1
71231 65469 1
71231 66877 1
71231 66878 1
71231 70232 1
71231 70233 1
71231 77275 1
71231 81820 1
71900 30819 1
71900 42366 1
71900 65466 1
71900 65469 1
71900 78498 1
71900 121153 1
77275 36732 1
77275 39156 1
77275 65466 1
77275 65469 1
77275 66877 1
77275 66878 1
77275 70232 1
77275 70233 1
77275 71231 1
77275 81820 1
77275 119791 1
81820 36732 1
81820 39156 1
81820 65466 1
81820 65469 1
81820 66877 2
81820 66878 1
81820 70232 1
81820 70233 1
81820 71231 1
81820 77275 1
89856 65466 1
89856 65469 1
89856 86234 1
121153 30819 1
121153 42366 1
121153 65466 1
121153 65469 1
121153 71900 1
121153 75804 1
11421 26283 1
11421 51449 1
11421 67865 1
11421 67866 1
11421 70780 1
11421 76774 1
11421 83841 1
11421 84830 1
11421 88301 1
11421 97245 1
11421 98151 1
26283 11421 1
26283 67865 1
26283 67866 1
26283 70780 1
26283 76774 1
26283 83841 1
26283 84830 1
26283 88301 1
26283 97245 1
26283 98151 1
50430 67866 1
70780 11421 1
70780 26283 1
70780 67865 1
70780 67866 1
70780 76774 1
70780 83841 1
70780 84830 1
70780 88301 1
70780 97245 1
70780 98151 1
76774 11421 1
76774 26283 1
76774 67646 1
76774 67865 1
76774 67866 1
76774 70780 1
76774 82459 1
76774 83841 1
76774 84830 1
76774 88301 16
76774 97245 1
76774 98151 1
83841 11421 1
83841 26283 1
83841 61542 1
83841 67865 1
83841 67866 1
83841 70780 1
83841 75835 1
83841 76774 1
83841 82131 1
83841 82207 1
83841 84830 1
83841 88301 1
83841 97245 1
83841 98151 1
83841 111593 1
84830 11421 1
84830 26283 1
84830 67865 1
84830 67866 1
84830 70780 1
84830 76774 1
84830 83841 1
84830 88301 1
84830 97245 1
84830 98151 1
88301 11421 1
88301 26283 1
88301 67646 1
88301 67865 1
88301 67866 1
88301 70780 1
88301 76774 16
88301 82459 1
88301 83841 1
88301 84830 1
88301 97245 1
88301 98151 1
97245 11421 1
97245 26283 1
97245 67865 1
97245 67866 1
97245 70780 1
97245 76774 1
97245 83841 1
97245 84830 1
97245 88301 1
97245 90702 1
97245 98151 1
98151 11421 1
98151 26283 1
98151 67865 1
98151 67866 1
98151 70780 1
98151 76774 1
98151 83841 1
98151 84830 1
98151 88301 1
98151 97245 1
33007 45695 1
33007 45696 1
33007 45697 1
33007 68392 1
45695 33007 1
45695 45696 1
45695 45697 1
45695 68392 1
45696 33007 1
45696 45695 1
45696 45697 1
45696 68392 1
45697 33007 1
45697 45695 1
45697 45696 1
45697 68392 1
46953 68392 1
47673 57546 1
47673 68392 1
47673 97101 1
52725 68392 1
62649 66637 1
62649 67646 1
62649 68392 1
62649 73818 1
62649 75830 1
62649 76773 1
62649 77509 1
62649 90944 1
62649 90989 1
64610 65498 1
64610 66944 1
64610 67638 1
64610 68392 1
64610 78628 1
66944 53307 1
66944 64610 1
66944 67638 1
66944 68392 1
66944 78628 1
67638 64610 1
67638 66944 1
67638 68392 1
67638 78628 1
69386 54034 1
69386 68392 1
69386 88134 1
69386 94869 1
75830 62649 1
75830 68392 1
75830 90944 1
78498 67646 1
78498 68392 1
78498 71900 1
78498 75501 1
78628 1901 1
78628 1902 1
78628 1903 1
78628 40255 1
78628 45940 1
78628 48024 1
78628 60219 1
78628 64610 1
78628 66944 1
78628 67638 1
78628 68392 1
78628 69003 1
89962 68392 1
90944 49416 1
90944 56844 1
90944 62649 1
90944 68392 1
90944 75830 1
90944 84309 1
90944 94695 1
112043 69531 1
112043 112044 1
119203 77200 1
94318 47349 1
91633 60209 1
119765 68143 1
31894 70466 1
61298 70466 1
67889 70466 1
96308 83747 1
70666 90073 1
119197 102929 1
79705 107295 1
36433 45979 1
36433 81941 1
77718 45979 1
81941 36433 1
81941 45979 1
75070 69477 1
31456 88425 1
118277 124946 1
121517 124946 1
111594 111593 1
82466 58426 1
82466 88139 1
118692 47109 1
86049 56785 1
86049 79600 1
23902 63215 1
23496 68630 1
112899 112898 1
124840 36284 1
23966 52504 1
22907 39805 1
22907 43409 1
22907 56382 1
39805 22907 1
39805 43409 1
39805 56382 1
43409 22907 1
43409 39805 1
43409 56382 1
99291 79994 1
122756 79994 1
79895 114228 1
33672 33673 3
33672 33674 2
33672 38529 2
33673 33672 3
33673 33674 2
33673 35001 1
33673 38529 2
33674 33672 2
33674 33673 2
33674 38529 2
35001 33673 1
35001 121734 1
64344 76214 1
76211 76213 2
76211 76214 1
76213 76211 2
76213 76214 1
72562 74588 1
103583 89394 1
120983 94902 1
126613 95766 1
107022 97536 1
127619 98049 1
50178 43254 1
67663 59383 1
67663 65468 1
22710 59398 1
82831 59967 1
68126 61542 1
90355 78168 1
20918 25961 1
20918 38955 1
25961 20918 1
25961 38955 1
24922 47988 1
48718 47988 1
34718 48316 1
121897 50943 1
62086 61937 1
121703 69515 1
50956 77433 1
67845 79884 1
71061 60425 1
58353 65466 1
58353 88188 1
88188 58353 1
88188 65466 1
66876 66282 1
66876 69128 1
69128 66282 1
69128 66876 1
27699 44109 1
27699 71231 1
44109 27699 1
44109 71231 1
119791 77275 1
75804 121153 1
90702 97245 1
77509 62649 1
65498 64610 1
53307 60031 1
53307 66944 1
75501 75502 1
75501 78498 1
1901 1902 1
1901 1903 1
1901 40255 1
1901 45940 1
1901 48024 1
1901 60219 1
1901 78628 1
1902 1901 1
1902 1903 1
1902 40255 1
1902 45940 1
1902 48024 1
1902 60219 1
1902 78628 1
1903 1901 1
1903 1902 1
1903 40255 1
1903 45940 1
1903 48024 1
1903 60219 1
1903 78628 1
40255 1901 1
40255 1902 1
40255 1903 1
40255 45940 1
40255 48024 1
40255 60219 1
40255 78628 1
45940 1901 1
45940 1902 1
45940 1903 1
45940 40255 1
45940 48024 1
45940 60219 1
45940 78628 1
48024 1901 1
48024 1902 1
48024 1903 1
48024 40255 1
48024 45940 1
48024 60219 1
48024 78628 1
60219 1901 1
60219 1902 1
60219 1903 1
60219 40255 1
60219 45940 1
60219 48024 1
60219 78628 1
69003 78628 1
94695 90944 1
75502 75501 1
60031 53307 1
112044 112043 1
