16380 17795 1
17795 9792 1
17795 16380 1
17795 17786 1
17795 20758 1
17795 46165 1
9792 3744 1
9792 17786 1
9792 17795 1
9792 23515 1
9792 28357 1
17786 5081 1
17786 5673 1
17786 5674 1
17786 5675 1
17786 5676 1
17786 5678 1
17786 9792 1
17786 13057 1
17786 13907 1
17786 15709 1
17786 17513 1
17786 17784 1
17786 17789 1
17786 17795 1
17786 20080 1
17786 22360 1
17786 23541 1
17786 41568 1
17786 49008 1
17786 70449 1
17786 82484 1
20758 4611 1
20758 5737 1
20758 17795 1
20758 19368 1
20758 20761 1
20758 26834 1
20758 33029 1
20758 46165 1
20758 53404 1
46165 17795 1
46165 20758 1
46165 43674 1
46165 44666 1
3744 9792 1
3744 23515 1
3744 28357 1
23515 3744 1
23515 5736 1
23515 9792 1
23515 28357 1
23515 28503 1
23515 101747 1
23515 124037 1
28357 3744 1
28357 9792 1
28357 23515 1
5081 5673 1
5081 5674 1
5081 5675 1
5081 5676 1
5081 5678 1
5081 15709 1
5081 17786 1
5081 22360 1
5673 5081 1
5673 5674 1
5673 5675 1
5673 5676 1
5673 5678 1
5673 15709 1
5673 17786 1
5673 22360 1
5674 5081 1
5674 5673 1
5674 5675 1
5674 5676 1
5674 5678 1
5674 15239 1
5674 15709 1
5674 17512 1
5674 17786 1
5674 18216 1
5674 18924 2
5674 22360 1
5675 5081 1
5675 5673 1
5675 5674 1
5675 5676 1
5675 5678 1
5675 15709 1
5675 17786 1
5675 22360 1
5676 3760 1
5676 5078 1
5676 5081 1
5676 5673 1
5676 5674 1
5676 5675 1
5676 5678 1
5676 10336 1
5676 10370 1
5676 12583 1
5676 15709 1
5676 17786 1
5676 22360 1
5678 5081 1
5678 5673 1
5678 5674 1
5678 5675 1
5678 5676 1
5678 15709 1
5678 17786 1
5678 22360 1
13057 17786 1
13057 24543 1
13907 3782 1
13907 13906 1
13907 15187 1
13907 17513 1
13907 17784 1
13907 17786 1
13907 20080 1
13907 23541 1
13907 28345 1
15709 3760 1
15709 3997 1
15709 5081 1
15709 5673 1
15709 5674 1
15709 5675 1
15709 5676 1
15709 5678 1
15709 17786 1
15709 22360 1
17513 13907 1
17513 17784 1
17513 17786 1
17513 20080 1
17513 23541 1
17513 32702 1
17784 3752 1
17784 3754 1
17784 3756 1
17784 3759 1
17784 5741 1
17784 10368 1
17784 10370 1
17784 10371 1
17784 10375 1
17784 11116 1
17784 12477 1
17784 13907 1
17784 15209 1
17784 17513 1
17784 17786 1
17784 18924 1
17784 20080 1
17784 23541 1
17789 2646 1
17789 13052 1
17789 13053 1
17789 17563 1
17789 17564 1
17789 17786 1
17789 18371 1
17789 19363 1
17789 23257 1
17789 41568 1
17789 49008 1
17789 70449 1
17789 82484 1
20080 13907 1
20080 17513 1
20080 17784 1
20080 17786 1
20080 18456 1
20080 19078 1
20080 22253 1
20080 23541 1
22360 3248 1
22360 5081 1
22360 5673 1
22360 5674 1
22360 5675 1
22360 5676 1
22360 5678 1
22360 6043 1
22360 12483 1
22360 14270 1
22360 15671 1
22360 15709 1
22360 16319 1
22360 17786 1
22360 20860 1
22360 22357 1
22360 22359 1
22360 22361 1
22360 22362 1
22360 23185 1
22360 28340 1
22360 28345 1
23541 13907 1
23541 17513 1
23541 17784 1
23541 17786 1
23541 20080 1
41568 17786 1
41568 17789 1
41568 33522 1
41568 33529 1
41568 33534 1
41568 35019 1
41568 35559 1
41568 35848 1
41568 35853 1
41568 40892 1
41568 41566 4
41568 48255 2
41568 49008 1
41568 56591 1
41568 59747 1
41568 60956 1
41568 66462 1
41568 70449 1
41568 71459 1
41568 72426 1
41568 75774 1
41568 79386 1
41568 81617 1
41568 81619 1
41568 82484 1
41568 103898 1
41568 103900 1
41568 103901 1
49008 17786 1
49008 17789 1
49008 33027 1
49008 41161 1
49008 41568 1
49008 59734 1
49008 59740 1
49008 59743 1
49008 62443 1
49008 62449 1
49008 62452 1
49008 62453 1
49008 69464 1
49008 70449 4
49008 70450 2
49008 70451 1
49008 71400 1
49008 71633 1
49008 81444 1
49008 82484 3
49008 92693 1
49008 98410 2
49008 103898 1
49008 103899 1
49008 109208 1
49008 109209 1
70449 17786 1
70449 17789 1
70449 41568 1
70449 44569 1
70449 49008 4
70449 52055 1
70449 62443 1
70449 62449 2
70449 62452 1
70449 62453 1
70449 70450 1
70449 70451 1
70449 70452 1
70449 74291 1
70449 75334 1
70449 75335 1
70449 82484 2
70449 86072 1
82484 17786 1
82484 17789 1
82484 19084 1
82484 33027 1
82484 37987 1
82484 41164 1
82484 41568 1
82484 41589 1
82484 42822 1
82484 44175 1
82484 44182 1
82484 48254 1
82484 48262 1
82484 49008 3
82484 49893 1
82484 51709 1
82484 62449 1
82484 63599 1
82484 63600 1
82484 68722 1
82484 69619 1
82484 69620 1
82484 69621 1
82484 70124 1
82484 70449 2
82484 70450 1
82484 71569 1
82484 72423 1
82484 75118 1
82484 75373 1
82484 79954 1
82484 79955 1
82484 82481 1
82484 82482 1
82484 82483 1
82484 84018 1
82484 85058 1
82484 85103 2
82484 87011 1
82484 90744 1
82484 96492 1
82484 100305 1
82484 101281 1
82484 102108 1
82484 103898 1
82484 103930 1
82484 104433 1
82484 105147 1
82484 105625 1
82484 107951 1
82484 114064 1
82484 125813 1
82484 125814 1
4611 3747 1
4611 3759 1
4611 3766 1
4611 5095 1
4611 5434 1
4611 5579 1
4611 5679 1
4611 12476 1
4611 12483 1
4611 12484 1
4611 14269 1
4611 14270 1
4611 15204 1
4611 16953 1
4611 19362 1
4611 20758 1
4611 20761 1
4611 22326 1
4611 23185 1
4611 23534 1
4611 25995 1
4611 26834 1
4611 28339 1
4611 28343 1
4611 28457 1
4611 31495 1
4611 36406 1
4611 37277 1
4611 41328 1
4611 41569 1
4611 75696 1
4611 82873 1
5737 20758 1
5737 22357 1
19368 20758 1
19368 23257 1
19368 45234 1
20761 3766 1
20761 4611 1
20761 5095 1
20761 5434 1
20761 12484 1
20761 20758 1
20761 25995 1
20761 28343 1
26834 3747 1
26834 4611 1
26834 16953 1
26834 19362 1
26834 20758 1
26834 22326 1
26834 28339 1
26834 28457 1
26834 37277 1
26834 82873 1
33029 13741 1
33029 20758 1
33029 21062 1
33029 36405 1
33029 43459 1
33029 53404 1
53404 20758 1
53404 25471 1
53404 29863 1
53404 29875 1
53404 30000 1
53404 30633 1
53404 31137 1
53404 33029 1
53404 33522 1
53404 33523 1
53404 33530 1
53404 35018 1
53404 36406 1
53404 36426 1
53404 37291 1
53404 41172 1
53404 41992 1
53404 45234 1
53404 47036 1
53404 48248 1
53404 53403 1
53404 53405 1
53404 54820 1
53404 56590 1
53404 71904 1
53404 75376 1
53404 77500 1
43674 44666 1
43674 46165 1
44666 40598 1
44666 41764 1
44666 42688 1
44666 43674 1
44666 46165 1
44666 53411 1
44666 86508 1
5736 23515 1
5736 28503 1
5736 41589 1
5736 101747 1
5736 124037 1
28503 5736 1
28503 23515 1
28503 28350 1
28503 101747 1
28503 124037 1
101747 5736 1
101747 23515 1
101747 28503 1
101747 69621 1
101747 82873 1
101747 124037 1
124037 5736 1
124037 23515 1
124037 28503 1
124037 101747 1
15239 5674 1
15239 13059 1
15239 15671 1
15239 18216 1
17512 5674 1
17512 18924 1
18216 5674 1
18216 15239 1
18216 31495 1
18924 5674 2
18924 5743 1
18924 17512 1
18924 17784 1
3760 3765 1
3760 3997 2
3760 5078 1
3760 5434 1
3760 5435 1
3760 5449 1
3760 5574 1
3760 5676 1
3760 10336 1
3760 10370 1
3760 12583 1
3760 15709 1
3760 19366 1
5078 3760 1
5078 5676 1
5078 10336 1
5078 10370 1
5078 12583 1
10336 3760 1
10336 5078 1
10336 5676 1
10336 10370 1
10336 12583 1
10370 3752 1
10370 3754 1
10370 3756 1
10370 3760 1
10370 5078 1
10370 5676 1
10370 10336 1
10370 10368 1
10370 10371 1
10370 10375 1
10370 11116 1
10370 12477 1
10370 12583 1
10370 17784 1
12583 3760 1
12583 3794 1
12583 4000 1
12583 5078 1
12583 5086 1
12583 5093 1
12583 5439 1
12583 5451 1
12583 5676 1
12583 10336 1
12583 10370 1
24543 13057 1
3782 13906 2
3782 13907 1
3782 15187 2
3782 28345 1
13906 3782 2
13906 13907 1
13906 15187 2
13906 28345 1
15187 3782 2
15187 13906 2
15187 13907 1
15187 28345 1
28345 3248 1
28345 3782 1
28345 6043 1
28345 13906 1
28345 13907 1
28345 14270 1
28345 15187 1
28345 15671 1
28345 22357 1
28345 22359 1
28345 22360 1
28345 22361 1
28345 22362 1
28345 28340 1
3997 3760 2
3997 3765 1
3997 5434 1
3997 5435 1
3997 5449 1
3997 5574 1
3997 15709 1
3997 19366 1
32702 17513 1
3752 3750 1
3752 3754 2
3752 3756 1
3752 10368 1
3752 10370 1
3752 10371 2
3752 10375 1
3752 11116 2
3752 12477 1
3752 17784 1
3754 3752 2
3754 3753 1
3754 3756 1
3754 10368 1
3754 10370 1
3754 10371 3
3754 10375 1
3754 11116 1
3754 12477 1
3754 13905 1
3754 17784 1
3756 3752 1
3756 3754 1
3756 10368 1
3756 10370 1
3756 10371 1
3756 10375 1
3756 11116 1
3756 12477 1
3756 17784 1
3759 4611 1
3759 15209 1
3759 17784 1
3759 28449 1
3759 41569 1
5741 5082 1
5741 5438 1
5741 17784 1
10368 3752 1
10368 3754 1
10368 3756 1
10368 10370 1
10368 10371 1
10368 10375 1
10368 11116 2
10368 12477 1
10368 17784 1
10371 3752 2
10371 3753 1
10371 3754 3
10371 3756 1
10371 10368 1
10371 10370 1
10371 10375 1
10371 11116 1
10371 12477 1
10371 13905 1
10371 17784 1
10375 3752 1
10375 3754 1
10375 3756 1
10375 5077 1
10375 10368 1
10375 10370 1
10375 10371 1
10375 11116 1
10375 12477 1
10375 13905 2
10375 17784 1
11116 3750 1
11116 3752 2
11116 3754 1
11116 3756 1
11116 10368 2
11116 10370 1
11116 10371 1
11116 10375 1
11116 12477 1
11116 17784 1
12477 3752 1
12477 3754 1
12477 3756 1
12477 10368 1
12477 10370 1
12477 10371 1
12477 10375 1
12477 11116 1
12477 17784 1
15209 3759 1
15209 17784 1
2646 13052 1
2646 13053 1
2646 17563 1
2646 17564 1
2646 17789 1
2646 18371 1
13052 2646 1
13052 13053 1
13052 17563 1
13052 17564 1
13052 17789 1
13052 18371 1
13053 2646 1
13053 13052 1
13053 17563 1
13053 17564 1
13053 17789 1
13053 18371 1
17563 2646 1
17563 13052 1
17563 13053 1
17563 17564 1
17563 17789 1
17563 18371 1
17564 2646 1
17564 13052 1
17564 13053 1
17564 17563 1
17564 17789 1
17564 18371 1
18371 2646 1
18371 13052 1
18371 13053 1
18371 17563 1
18371 17564 1
18371 17789 1
19363 17789 1
19363 19366 1
23257 17789 1
23257 19367 1
23257 19368 1
18456 11795 1
18456 18457 1
18456 20080 1
19078 5743 1
19078 16319 1
19078 20080 1
22253 5581 1
22253 12248 1
22253 12476 1
22253 20080 1
22253 29183 1
3248 6043 1
3248 12564 1
3248 14270 1
3248 15671 1
3248 22357 1
3248 22359 1
3248 22360 1
3248 22361 1
3248 22362 1
3248 28340 1
3248 28345 1
6043 3248 1
6043 14270 1
6043 15671 1
6043 22357 1
6043 22359 1
6043 22360 1
6043 22361 1
6043 22362 1
6043 23534 1
6043 28340 1
6043 28345 1
12483 4611 1
12483 5579 1
12483 14269 1
12483 16319 1
12483 20860 1
12483 22360 1
12483 23185 1
14270 3248 1
14270 4611 1
14270 6043 1
14270 15671 1
14270 22357 1
14270 22359 1
14270 22360 1
14270 22361 1
14270 22362 1
14270 28340 1
14270 28345 1
15671 3248 1
15671 6043 1
15671 13059 1
15671 14270 1
15671 15239 1
15671 22357 1
15671 22359 1
15671 22360 1
15671 22361 1
15671 22362 1
15671 28340 1
15671 28345 1
16319 12483 1
16319 19078 1
16319 20860 1
16319 22360 1
16319 23185 1
20860 12483 1
20860 16319 1
20860 22360 1
20860 23185 1
22357 3248 1
22357 5737 1
22357 6043 1
22357 14270 1
22357 15671 1
22357 22359 1
22357 22360 1
22357 22361 1
22357 22362 1
22357 28340 1
22357 28345 1
22359 3248 1
22359 6043 1
22359 14270 1
22359 15671 1
22359 22357 1
22359 22360 1
22359 22361 1
22359 22362 1
22359 28340 1
22359 28345 1
22361 3248 1
22361 6043 1
22361 14270 1
22361 15671 1
22361 17464 1
22361 21704 1
22361 22357 1
22361 22359 1
22361 22360 1
22361 22362 1
22361 28340 1
22361 28345 1
22362 3248 1
22362 5095 1
22362 6043 1
22362 14270 1
22362 15671 1
22362 22357 1
22362 22359 1
22362 22360 1
22362 22361 1
22362 28340 1
22362 28345 1
23185 4611 1
23185 5679 1
23185 12483 1
23185 14293 1
23185 16319 1
23185 20860 1
23185 21764 1
23185 22360 1
23185 23534 1
28340 3248 1
28340 6043 1
28340 14270 1
28340 15671 1
28340 22357 1
28340 22359 1
28340 22360 1
28340 22361 1
28340 22362 1
28340 28345 1
33522 30633 1
33522 33523 1
33522 33530 1
33522 35019 1
33522 35848 1
33522 35853 1
33522 37291 1
33522 40892 1
33522 41566 1
33522 41568 1
33522 48248 1
33522 48255 1
33522 53404 1
33522 54820 1
33522 56590 1
33522 56591 1
33522 60956 1
33522 71459 3
33522 75376 1
33522 77500 1
33529 33534 1
33529 41566 1
33529 41568 1
33529 48255 1
33529 66462 1
33534 33529 1
33534 41568 1
33534 48255 1
35019 33522 1
35019 35848 1
35019 35853 1
35019 40892 1
35019 41566 1
35019 41568 1
35019 48255 1
35019 56591 1
35019 60956 1
35559 41566 1
35559 41568 1
35559 48254 1
35559 63599 1
35559 75118 1
35559 75774 1
35559 81617 1
35559 81619 1
35559 84018 1
35848 33522 1
35848 35019 1
35848 35853 1
35848 40892 1
35848 41566 1
35848 41568 1
35848 48255 1
35848 56591 1
35848 60956 1
35848 105147 1
35853 33522 1
35853 35019 1
35853 35848 1
35853 40892 1
35853 41566 1
35853 41568 1
35853 48255 1
35853 56591 1
35853 60956 1
40892 16953 1
40892 33522 1
40892 35019 1
40892 35848 1
40892 35853 1
40892 41566 1
40892 41568 1
40892 48255 1
40892 56591 1
40892 60956 1
41566 33522 1
41566 33529 1
41566 35019 1
41566 35559 1
41566 35848 1
41566 35853 1
41566 40892 1
41566 41568 4
41566 48255 1
41566 56591 1
41566 60956 1
41566 75774 1
41566 81617 1
41566 81619 1
41566 90744 1
48255 33522 1
48255 33529 1
48255 33534 1
48255 35019 1
48255 35848 1
48255 35853 1
48255 40892 1
48255 41566 1
48255 41568 2
48255 56591 1
48255 60956 1
56591 30000 1
56591 33522 1
56591 35019 1
56591 35848 1
56591 35853 1
56591 40892 1
56591 41566 1
56591 41568 1
56591 48255 1
56591 56590 1
56591 60956 1
59747 33530 1
59747 41172 2
59747 41568 1
59747 52024 1
59747 66462 2
59747 71459 1
59747 71904 1
59747 79386 1
59747 103898 1
59747 103900 1
59747 103901 1
60956 30633 1
60956 33522 1
60956 35019 1
60956 35848 1
60956 35853 1
60956 40892 1
60956 41566 1
60956 41568 1
60956 48248 1
60956 48255 1
60956 56591 1
60956 71459 1
66462 33523 1
66462 33529 1
66462 33530 2
66462 41568 1
66462 52024 1
66462 59747 2
66462 71459 1
66462 79386 1
66462 103898 1
66462 103900 1
66462 103901 1
71459 33522 3
71459 41568 1
71459 59747 1
71459 60956 1
71459 66462 1
71459 79386 1
71459 103898 1
71459 103900 1
71459 103901 1
72426 41568 1
72426 77500 2
75774 35559 1
75774 41566 1
75774 41568 1
75774 59734 1
75774 59740 1
75774 81617 1
75774 81619 1
79386 41568 1
79386 59747 1
79386 63599 1
79386 66462 1
79386 69620 1
79386 71459 1
79386 71633 1
79386 103898 1
79386 103900 1
79386 103901 1
81617 35559 1
81617 41566 1
81617 41568 1
81617 75774 1
81617 81619 1
81619 35559 1
81619 41566 1
81619 41568 1
81619 75774 1
81619 81617 1
103898 41568 1
103898 49008 1
103898 59747 1
103898 63599 1
103898 63600 1
103898 66462 1
103898 71459 1
103898 71569 1
103898 75118 1
103898 79386 1
103898 79954 1
103898 79955 1
103898 82481 1
103898 82482 1
103898 82483 1
103898 82484 1
103898 85103 1
103898 90744 1
103898 92693 1
103898 96470 1
103898 98410 1
103898 101281 1
103898 103899 8
103898 103900 11
103898 103901 9
103898 105147 1
103898 107951 1
103898 125814 1
103900 41568 1
103900 52062 1
103900 59747 1
103900 66462 1
103900 71459 1
103900 79386 1
103900 103898 11
103900 103899 9
103900 103901 11
103900 107951 1
103900 109208 1
103900 109209 1
103901 41568 1
103901 59747 1
103901 66462 1
103901 71459 1
103901 79386 1
103901 103898 9
103901 103899 8
103901 103900 11
103901 107951 1
33027 19084 1
33027 22351 1
33027 37987 2
33027 41164 2
33027 41589 1
33027 47036 1
33027 49008 1
33027 50852 1
33027 62443 1
33027 71400 1
33027 82484 1
33027 125951 1
41161 31137 1
41161 49008 1
41161 59734 1
41161 59740 1
41161 59743 1
41161 101281 1
41161 109208 1
41161 109209 1
59734 41161 1
59734 49008 1
59734 59740 2
59734 59743 1
59734 75774 1
59734 98410 1
59734 109208 1
59734 109209 1
59740 41161 1
59740 49008 1
59740 59734 2
59740 59743 2
59740 63599 1
59740 75774 1
59740 90744 1
59740 101281 1
59740 109208 1
59740 109209 1
59743 41161 1
59743 49008 1
59743 59734 1
59743 59740 2
59743 63599 2
59743 63600 1
59743 71633 1
59743 75334 1
59743 75335 1
59743 82873 1
59743 90744 1
59743 101281 1
59743 105625 1
59743 109208 1
59743 109209 1
59743 118510 1
62443 33027 1
62443 49008 1
62443 62449 1
62443 62452 1
62443 62453 1
62443 70449 1
62443 70450 2
62443 70451 1
62443 71400 1
62449 49008 1
62449 62443 1
62449 62452 1
62449 62453 1
62449 70449 2
62449 70450 1
62449 70451 1
62449 82484 1
62452 49008 1
62452 62443 1
62452 62449 1
62452 62453 1
62452 70449 1
62452 70450 1
62452 70451 1
62453 49008 1
62453 62443 1
62453 62449 1
62453 62452 1
62453 70449 1
62453 70450 1
62453 70451 1
62453 79954 1
69464 49008 1
69464 54036 1
69464 75111 1
69464 82992 1
69464 83320 1
69464 100903 1
70450 25979 1
70450 49008 2
70450 62443 2
70450 62449 1
70450 62452 1
70450 62453 1
70450 70449 1
70450 70451 1
70450 71400 1
70450 82484 1
70451 49008 1
70451 62443 1
70451 62449 1
70451 62452 1
70451 62453 1
70451 70449 1
70451 70450 1
71400 33027 1
71400 49008 1
71400 62443 1
71400 70450 1
71633 22356 1
71633 48254 1
71633 49008 1
71633 59743 1
71633 63599 1
71633 69620 4
71633 79386 1
71633 81444 1
71633 105625 1
81444 49008 1
81444 71633 1
92693 49008 1
92693 98410 1
92693 103898 1
92693 103899 1
98410 49008 2
98410 59734 1
98410 63599 1
98410 86072 1
98410 92693 1
98410 103898 1
98410 103899 1
103899 49008 1
103899 92693 1
103899 98410 1
103899 103898 8
103899 103900 9
103899 103901 8
103899 107951 1
109208 41161 1
109208 49008 1
109208 59734 1
109208 59740 1
109208 59743 1
109208 103900 1
109208 109209 5
109208 115075 1
109209 41161 1
109209 41328 1
109209 49008 1
109209 59734 1
109209 59740 1
109209 59743 1
109209 79954 1
109209 103900 1
109209 109208 5
44569 52055 1
44569 70449 1
44569 70452 1
44569 74291 1
44569 75334 1
44569 75335 1
44569 86072 1
52055 44569 1
52055 70449 1
52055 70452 1
52055 74291 1
52055 75334 1
52055 75335 1
52055 86072 1
70452 44569 1
70452 52055 1
70452 70449 1
70452 74291 1
70452 75334 1
70452 75335 1
70452 86072 1
74291 44569 1
74291 52055 1
74291 70449 1
74291 70452 1
74291 75334 1
74291 75335 1
74291 86072 1
75334 17258 1
75334 44569 1
75334 52055 1
75334 59743 1
75334 63600 1
75334 70449 1
75334 70452 1
75334 74291 1
75334 75335 5
75334 86072 1
75334 90744 1
75335 44569 1
75335 52055 1
75335 59743 1
75335 63600 1
75335 70449 1
75335 70452 1
75335 74291 1
75335 75334 5
75335 86072 1
75335 90744 1
86072 44569 1
86072 52055 1
86072 70449 1
86072 70452 1
86072 74291 1
86072 75334 1
86072 75335 1
86072 98410 1
19084 33027 1
19084 37987 1
19084 41164 1
19084 41589 1
19084 82484 1
37987 19084 1
37987 33027 2
37987 41164 1
37987 41589 1
37987 45234 1
37987 82484 1
41164 19084 1
41164 22351 1
41164 33027 2
41164 37987 1
41164 41589 1
41164 47036 1
41164 50852 1
41164 82484 1
41589 5736 1
41589 19084 1
41589 33027 1
41589 37987 1
41589 41164 1
41589 82484 1
42822 30000 1
42822 51709 1
42822 82484 1
44175 41992 1
44175 53405 1
44175 63599 1
44175 82484 1
44175 96492 1
44182 69619 1
44182 69620 1
44182 69621 1
44182 82484 1
48254 35559 1
48254 69620 1
48254 71633 1
48254 75118 1
48254 82481 1
48254 82484 1
48254 84018 1
48254 85103 1
48262 72423 1
48262 82484 1
49893 82484 1
51709 41328 1
51709 42822 1
51709 82484 1
63599 35559 1
63599 44175 1
63599 59740 1
63599 59743 2
63599 63600 1
63599 69620 1
63599 71569 1
63599 71633 1
63599 75118 1
63599 79386 1
63599 79954 1
63599 79955 1
63599 82481 1
63599 82482 1
63599 82483 2
63599 82484 1
63599 85103 1
63599 90744 1
63599 98410 1
63599 101281 2
63599 103898 1
63599 105147 1
63599 118510 1
63599 125814 1
63600 59743 1
63600 63599 1
63600 71569 1
63600 75118 1
63600 75334 1
63600 75335 1
63600 79954 1
63600 79955 1
63600 82481 1
63600 82482 1
63600 82483 1
63600 82484 1
63600 85103 1
63600 90744 2
63600 101281 1
63600 103898 1
63600 105147 1
63600 125814 1
68722 69621 2
68722 82484 1
69619 44182 1
69619 69620 1
69619 69621 1
69619 82484 1
69620 44182 1
69620 48254 1
69620 63599 1
69620 69619 1
69620 69621 1
69620 71633 4
69620 79386 1
69620 82481 1
69620 82484 1
69621 44182 1
69621 68722 2
69621 69619 1
69621 69620 1
69621 82484 1
69621 82873 1
69621 101747 1
70124 82484 1
70124 84018 1
70124 105625 1
70124 107951 1
71569 63599 1
71569 63600 1
71569 75118 1
71569 79954 1
71569 79955 1
71569 82481 1
71569 82482 1
71569 82483 1
71569 82484 1
71569 85103 1
71569 90744 1
71569 101281 1
71569 103898 1
71569 105147 1
71569 125814 1
72423 48262 1
72423 82484 1
72423 85058 1
72423 87011 1
72423 100305 1
72423 102108 1
72423 103930 1
72423 114064 1
72423 125813 1
75118 35559 1
75118 48254 1
75118 63599 1
75118 63600 1
75118 71569 1
75118 79954 1
75118 79955 1
75118 82481 1
75118 82482 1
75118 82483 1
75118 82484 1
75118 84018 1
75118 85103 1
75118 90744 1
75118 101281 1
75118 103898 1
75118 105147 1
75118 125814 1
75373 55074 1
75373 75376 1
75373 82484 1
79954 62453 1
79954 63599 1
79954 63600 1
79954 71569 1
79954 75118 1
79954 79955 1
79954 82481 1
79954 82482 1
79954 82483 1
79954 82484 1
79954 85103 1
79954 90744 1
79954 101281 1
79954 103898 1
79954 105147 1
79954 109209 1
79954 125814 1
79955 63599 1
79955 63600 1
79955 71569 1
79955 75118 1
79955 79954 1
79955 82481 1
79955 82482 1
79955 82483 1
79955 82484 1
79955 85103 1
79955 90744 1
79955 101281 1
79955 103898 1
79955 105147 5
79955 125814 1
82481 48254 1
82481 63599 1
82481 63600 1
82481 69620 1
82481 71569 1
82481 75118 1
82481 79954 1
82481 79955 1
82481 82482 1
82481 82483 1
82481 82484 1
82481 85103 1
82481 90744 1
82481 101281 1
82481 103898 1
82481 105147 1
82481 125814 1
82482 63599 1
82482 63600 1
82482 71569 1
82482 75118 1
82482 79954 1
82482 79955 1
82482 82481 1
82482 82483 1
82482 82484 1
82482 85103 1
82482 90744 1
82482 101281 1
82482 103898 1
82482 105147 1
82482 125814 1
82483 63599 2
82483 63600 1
82483 71569 1
82483 75118 1
82483 79954 1
82483 79955 1
82483 82481 1
82483 82482 1
82483 82484 1
82483 85103 1
82483 90744 1
82483 101281 1
82483 103898 1
82483 105147 1
82483 125814 1
84018 35559 1
84018 48254 1
84018 70124 1
84018 75118 1
84018 82484 1
84018 91636 1
84018 105625 1
84018 107951 1
85058 72423 1
85058 82484 1
85058 87011 1
85058 100305 1
85058 102108 1
85058 103930 1
85058 114064 1
85058 125813 1
85103 48254 1
85103 63599 1
85103 63600 1
85103 71569 1
85103 75118 1
85103 79954 1
85103 79955 1
85103 82481 1
85103 82482 1
85103 82483 1
85103 82484 2
85103 90744 1
85103 101281 1
85103 103898 1
85103 105147 1
85103 125814 1
87011 72423 1
87011 82484 1
87011 85058 1
87011 100305 1
87011 102108 1
87011 103930 1
87011 114064 1
87011 125813 1
90744 41566 1
90744 59740 1
90744 59743 1
90744 63599 1
90744 63600 2
90744 71569 1
90744 75118 1
90744 75334 1
90744 75335 1
90744 79954 1
90744 79955 1
90744 82481 1
90744 82482 1
90744 82483 1
90744 82484 1
90744 85103 1
90744 101281 1
90744 103898 1
90744 105147 1
90744 125814 1
96492 44175 1
96492 82484 1
100305 72423 1
100305 82484 1
100305 85058 1
100305 87011 1
100305 102108 1
100305 103930 1
100305 114064 1
100305 125813 1
101281 31137 1
101281 41161 1
101281 59740 1
101281 59743 1
101281 63599 2
101281 63600 1
101281 71569 1
101281 75118 1
101281 79954 1
101281 79955 1
101281 82481 1
101281 82482 1
101281 82483 1
101281 82484 1
101281 85103 1
101281 90744 1
101281 103898 1
101281 105147 1
101281 125814 1
102108 72423 1
102108 82484 1
102108 85058 1
102108 87011 1
102108 100305 1
102108 103930 1
102108 114064 1
102108 125813 1
102108 125814 1
103930 72423 1
103930 82484 1
103930 85058 1
103930 87011 1
103930 100305 1
103930 102108 1
103930 114064 1
103930 125813 1
104433 82484 1
104433 89790 1
104433 104445 1
105147 35848 1
105147 63599 1
105147 63600 1
105147 71569 1
105147 75118 1
105147 79954 1
105147 79955 5
105147 82481 1
105147 82482 1
105147 82483 1
105147 82484 1
105147 85103 1
105147 90744 1
105147 101281 1
105147 103898 1
105147 125814 1
105625 59743 1
105625 70124 1
105625 71633 1
105625 82484 1
105625 84018 1
105625 107951 1
107951 70124 1
107951 82484 1
107951 84018 1
107951 103898 1
107951 103899 1
107951 103900 1
107951 103901 1
107951 105625 1
114064 39821 1
114064 64986 1
114064 72423 1
114064 72666 1
114064 72871 1
114064 82484 1
114064 85058 1
114064 87011 1
114064 100305 1
114064 102108 1
114064 103930 1
114064 106159 1
114064 107221 1
114064 109441 1
114064 116375 1
114064 118150 1
114064 122407 1
114064 125813 1
125813 72423 1
125813 82484 1
125813 85058 1
125813 87011 1
125813 100305 1
125813 102108 1
125813 103930 1
125813 114064 1
125813 125814 1
125814 63599 1
125814 63600 1
125814 71569 1
125814 75118 1
125814 79954 1
125814 79955 1
125814 82481 1
125814 82482 1
125814 82483 1
125814 82484 1
125814 85103 1
125814 90744 1
125814 101281 1
125814 102108 1
125814 103898 1
125814 105147 1
125814 125813 1
3747 4611 1
3747 16953 1
3747 19362 1
3747 22326 1
3747 26834 1
3747 28339 1
3747 28457 1
3747 37277 1
3747 82873 1
3766 4611 1
3766 5095 1
3766 5434 1
3766 12484 1
3766 20761 1
3766 25995 1
3766 28343 1
5095 3766 1
5095 4611 1
5095 5434 1
5095 12484 1
5095 20761 1
5095 22362 1
5095 25995 1
5095 28343 1
5434 3760 1
5434 3765 1
5434 3766 1
5434 3997 1
5434 4611 1
5434 5095 1
5434 5435 1
5434 5449 1
5434 5574 1
5434 5738 1
5434 12484 1
5434 19366 1
5434 20761 1
5434 21257 1
5434 25995 1
5434 28343 1
5579 4611 1
5579 12483 1
5579 14269 1
5679 4611 1
5679 23185 1
5679 23534 1
12476 4611 1
12476 5086 1
12476 5581 1
12476 12248 1
12476 14293 1
12476 21581 1
12476 22253 1
12476 36406 1
12484 3766 1
12484 4611 1
12484 5095 1
12484 5434 1
12484 20761 1
12484 25995 1
12484 28343 1
12484 32030 1
14269 4611 1
14269 5579 1
14269 5739 1
14269 12248 1
14269 12481 1
14269 12483 1
14269 19030 1
14269 22168 1
15204 4611 1
16953 3747 1
16953 4611 1
16953 19362 1
16953 22326 1
16953 26834 1
16953 28339 1
16953 28457 1
16953 37277 1
16953 40892 1
16953 82873 1
19362 3747 1
19362 4611 1
19362 16953 1
19362 22326 1
19362 26834 1
19362 28339 1
19362 28457 1
19362 37277 1
19362 82873 1
22326 3747 1
22326 4611 1
22326 12481 1
22326 16322 1
22326 16953 1
22326 19079 1
22326 19086 1
22326 19362 1
22326 21062 1
22326 25468 1
22326 25997 1
22326 26834 1
22326 28339 2
22326 28457 1
22326 37277 1
22326 82873 1
23534 4611 1
23534 5679 1
23534 6043 1
23534 23185 1
25995 3766 1
25995 4611 1
25995 5095 1
25995 5434 1
25995 12484 1
25995 20761 1
25995 21063 1
25995 22355 1
25995 28343 1
25995 31496 1
28339 3747 1
28339 4611 1
28339 16953 1
28339 19079 1
28339 19086 1
28339 19362 1
28339 21062 1
28339 22326 2
28339 26834 1
28339 28457 1
28339 37277 1
28339 82873 1
28343 3766 1
28343 4611 1
28343 5095 1
28343 5434 1
28343 12484 1
28343 20761 1
28343 25995 1
28457 3747 1
28457 4611 1
28457 16953 1
28457 19362 1
28457 22326 1
28457 26834 1
28457 28339 1
28457 37277 1
28457 82873 1
31495 4611 1
31495 18216 1
36406 3801 1
36406 4345 1
36406 4611 1
36406 12476 1
36406 29875 1
36406 45234 1
36406 53404 1
37277 3747 1
37277 4611 1
37277 16953 1
37277 19362 1
37277 22326 1
37277 26834 1
37277 28339 1
37277 28457 1
37277 82873 1
41328 4611 1
41328 15235 1
41328 33523 1
41328 33530 1
41328 41172 1
41328 41992 1
41328 51709 1
41328 75696 1
41328 109209 1
41569 3759 1
41569 4611 1
75696 4611 1
75696 41328 1
82873 3747 1
82873 4611 1
82873 16953 1
82873 19362 1
82873 22326 1
82873 26834 1
82873 28339 1
82873 28457 1
82873 37277 1
82873 59743 1
82873 69621 1
82873 101747 1
82873 106565 1
45234 13905 1
45234 19368 1
45234 29863 1
45234 29875 1
45234 36406 1
45234 37987 1
45234 53404 1
13741 4002 1
13741 21062 1
13741 28358 1
13741 28359 1
13741 33029 1
13741 36405 1
13741 36911 1
13741 43459 1
21062 13741 1
21062 19079 1
21062 19086 1
21062 22326 1
21062 28339 1
21062 33029 1
21062 36405 1
21062 43459 1
36405 13741 1
36405 21062 1
36405 33029 1
36405 43459 1
43459 13741 1
43459 21062 1
43459 28433 1
43459 33029 1
43459 36405 1
43459 52024 1
25471 31135 1
25471 31137 1
25471 35018 1
25471 42605 1
25471 52130 1
25471 53404 1
29863 30000 1
29863 36426 1
29863 41992 1
29863 45234 1
29863 47036 1
29863 53403 1
29863 53404 1
29863 53405 1
29863 71904 1
29875 15655 1
29875 36406 1
29875 45234 1
29875 53404 1
30000 29863 1
30000 36426 1
30000 41992 1
30000 42822 1
30000 47036 1
30000 53403 1
30000 53404 1
30000 53405 1
30000 56591 1
30000 71904 1
30633 33522 1
30633 33523 1
30633 33530 1
30633 37291 1
30633 48248 1
30633 53404 1
30633 54820 1
30633 56590 1
30633 60956 1
30633 75376 1
30633 77500 1
31137 25471 1
31137 35018 1
31137 41161 1
31137 53404 1
31137 101281 1
33523 15235 1
33523 30633 1
33523 33522 1
33523 33530 4
33523 37291 1
33523 41328 1
33523 41992 2
33523 48248 1
33523 53404 1
33523 54820 1
33523 56590 1
33523 66462 1
33523 75376 1
33523 77500 1
33530 15235 1
33530 30633 1
33530 33522 1
33530 33523 4
33530 37291 1
33530 41328 1
33530 41992 2
33530 48248 1
33530 52024 1
33530 53404 1
33530 54820 1
33530 56590 1
33530 59747 1
33530 66462 2
33530 75376 1
33530 77500 1
35018 25471 1
35018 31137 1
35018 53404 1
36426 29863 1
36426 30000 1
36426 41992 1
36426 47036 1
36426 53403 1
36426 53404 1
36426 53405 1
36426 71904 1
37291 30633 1
37291 33522 1
37291 33523 1
37291 33530 1
37291 47036 1
37291 48248 1
37291 53404 1
37291 54820 1
37291 56590 1
37291 75376 1
37291 77500 1
41172 41328 1
41172 53404 1
41172 59747 2
41992 15235 1
41992 29863 1
41992 30000 1
41992 33523 2
41992 33530 2
41992 36396 1
41992 36426 1
41992 41328 1
41992 44175 1
41992 47036 1
41992 53403 1
41992 53404 1
41992 53405 1
41992 71904 1
47036 22351 1
47036 29863 1
47036 30000 1
47036 33027 1
47036 36426 1
47036 37291 1
47036 41164 1
47036 41992 1
47036 50852 1
47036 53403 1
47036 53404 1
47036 53405 1
47036 71904 1
48248 30633 1
48248 33522 1
48248 33523 1
48248 33530 1
48248 37291 1
48248 53404 1
48248 54820 1
48248 56590 1
48248 60956 1
48248 75376 1
48248 77500 1
53403 29863 1
53403 30000 1
53403 36426 1
53403 41992 1
53403 47036 1
53403 53404 1
53403 53405 1
53403 71904 1
53405 29863 1
53405 30000 1
53405 36426 1
53405 41992 1
53405 44175 1
53405 47036 1
53405 53403 1
53405 53404 1
53405 71904 1
54820 30633 1
54820 33522 1
54820 33523 1
54820 33530 1
54820 37291 1
54820 48248 1
54820 53404 1
54820 56590 1
54820 75376 1
54820 77500 1
56590 30633 1
56590 33522 1
56590 33523 1
56590 33530 1
56590 37291 1
56590 48248 1
56590 53404 1
56590 54820 1
56590 56591 1
56590 75376 1
56590 77500 1
71904 29863 1
71904 30000 1
71904 36426 1
71904 41992 1
71904 47036 1
71904 53403 1
71904 53404 1
71904 53405 1
71904 59747 1
75376 5583 1
75376 30633 1
75376 33522 1
75376 33523 1
75376 33530 1
75376 37291 1
75376 48248 1
75376 53404 1
75376 54820 1
75376 56590 1
75376 75373 1
75376 77500 1
77500 30633 1
77500 33522 1
77500 33523 1
77500 33530 1
77500 37291 1
77500 48248 1
77500 53404 1
77500 54820 1
77500 56590 1
77500 72426 2
77500 75376 1
40598 41764 1
40598 42688 1
40598 44666 1
40598 53411 1
41764 40598 1
41764 42688 1
41764 44666 1
41764 53411 1
42688 40598 1
42688 41764 1
42688 44666 1
42688 53411 1
53411 39163 1
53411 40598 1
53411 41764 1
53411 42688 1
53411 44666 1
86508 44666 1
86508 50804 1
86508 53772 1
28350 28503 1
13059 15239 1
13059 15671 1
5743 18924 1
5743 19078 1
3765 3760 1
3765 3997 1
3765 5434 1
3765 5435 2
3765 5449 1
3765 5574 1
3765 19366 1
5435 3760 1
5435 3765 2
5435 3997 1
5435 5434 1
5435 5449 1
5435 5574 1
5435 19366 1
5449 3760 1
5449 3765 1
5449 3997 1
5449 5434 1
5449 5435 1
5449 5574 1
5449 19366 1
5574 3760 1
5574 3765 1
5574 3997 1
5574 5434 1
5574 5435 1
5574 5449 1
5574 19366 1
19366 3760 1
19366 3765 1
19366 3997 1
19366 5434 1
19366 5435 1
19366 5449 1
19366 5574 1
19366 19363 1
3794 4000 1
3794 5086 1
3794 5093 1
3794 5439 1
3794 5451 1
3794 12583 1
4000 3794 1
4000 5086 1
4000 5093 1
4000 5439 1
4000 5451 1
4000 12583 1
5086 3794 1
5086 4000 1
5086 5093 1
5086 5439 1
5086 5451 1
5086 12476 1
5086 12583 1
5086 14293 1
5093 3794 1
5093 4000 1
5093 5086 1
5093 5439 1
5093 5451 1
5093 12583 1
5439 3794 1
5439 4000 1
5439 5086 1
5439 5093 1
5439 5451 1
5439 12583 1
5451 3794 1
5451 4000 1
5451 5086 1
5451 5093 1
5451 5439 1
5451 12583 1
3750 3752 1
3750 11116 1
3753 3754 1
3753 10371 1
3753 13905 1
13905 3753 1
13905 3754 1
13905 5077 1
13905 10371 1
13905 10375 2
13905 45234 1
28449 3759 1
5082 5438 1
5082 5741 1
5438 5082 1
5438 5741 1
5077 10375 1
5077 13905 1
19367 23257 1
11795 18456 1
11795 18457 1
18457 11795 1
18457 18456 1
5581 12248 1
5581 12476 1
5581 22253 1
12248 5581 1
12248 5739 1
12248 12476 1
12248 12481 1
12248 14269 1
12248 22168 1
12248 22253 1
29183 21260 1
29183 22253 1
12564 3248 1
17464 21704 1
17464 22361 1
21704 17464 1
21704 22361 1
14293 5086 1
14293 12476 1
14293 23185 1
21764 23185 1
52024 28433 1
52024 33530 1
52024 43459 1
52024 48102 1
52024 59747 1
52024 66462 1
96470 103898 1
96470 109441 1
96470 116375 1
52062 103900 1
22351 33027 1
22351 41164 1
22351 47036 1
22351 50852 1
50852 22351 1
50852 33027 1
50852 41164 1
50852 47036 1
125951 33027 1
118510 59743 1
118510 63599 1
54036 69464 1
75111 31304 1
75111 69464 1
75111 83320 1
82992 69464 1
83320 69464 1
83320 75111 1
100903 69464 1
25979 70450 1
22356 71633 1
115075 109208 1
17258 75334 1
55074 75373 1
91636 84018 1
89790 104433 1
104445 104433 1
39821 64986 1
39821 72666 1
39821 72871 1
39821 114064 1
64986 39821 1
64986 72666 1
64986 72871 1
64986 114064 1
72666 39821 1
72666 64986 1
72666 72871 1
72666 114064 1
72871 39821 1
72871 64986 1
72871 72666 1
72871 114064 1
106159 114064 1
107221 114064 1
107221 118150 1
109441 96470 1
109441 114064 1
109441 116375 4
116375 96470 1
116375 109441 4
116375 114064 1
118150 107221 1
118150 114064 1
122407 114064 1
122407 122408 1
5738 5434 1
5738 21257 1
21257 5434 1
21257 5738 1
21581 12476 1
32030 12484 1
32030 19079 1
5739 12248 1
5739 12481 1
5739 14269 1
5739 22168 1
12481 5739 1
12481 12248 1
12481 14269 1
12481 16322 1
12481 22168 1
12481 22326 1
12481 25468 1
12481 25997 1
19030 14269 1
22168 5739 1
22168 12248 1
22168 12481 1
22168 14269 1
16322 12481 1
16322 22326 1
16322 25468 1
16322 25997 1
19079 19086 1
19079 21062 1
19079 22326 1
19079 28339 1
19079 32030 1
19086 19079 1
19086 21062 1
19086 22326 1
19086 28339 1
25468 12481 1
25468 16322 1
25468 22326 1
25468 25997 1
25997 12481 1
25997 16322 1
25997 22326 1
25997 25468 1
21063 22355 1
21063 25995 1
21063 31496 1
22355 21063 1
22355 25995 1
22355 31496 1
31496 21063 1
31496 22355 1
31496 25995 1
3801 4345 1
3801 36406 1
4345 3801 1
4345 36406 1
15235 33523 1
15235 33530 1
15235 41328 1
15235 41992 1
106565 82873 1
4002 13741 1
4002 28358 1
4002 28359 1
28358 4002 1
28358 13741 1
28358 28359 4
28359 4002 1
28359 13741 1
28359 28358 4
36911 13741 1
28433 43459 1
28433 52024 1
31135 25471 1
31135 42605 1
31135 52130 1
42605 25471 1
42605 31135 1
42605 52130 1
52130 25471 1
52130 31135 1
52130 42605 1
15655 29875 1
36396 41992 1
5583 75376 1
39163 53411 1
50804 86508 1
53772 86508 1
48102 52024 1
122408 122407 1
31304 75111 1
21260 29183 1
