45577 45576 1
45576 45577 1
45576 112077 1
112077 45576 1
112077 51636 1
112077 51657 1
112077 53286 1
112077 112375 1
112077 113629 1
112077 124720 1
51636 51657 2
51636 53286 1
51636 68256 1
51636 68865 1
51636 77862 1
51636 112077 1
51657 51636 2
51657 53150 1
51657 53161 1
51657 53286 2
51657 53289 1
51657 59307 1
51657 68256 1
51657 68865 1
51657 77862 1
51657 112077 1
53286 46390 1
53286 51636 1
53286 51657 2
53286 53285 1
53286 53289 1
53286 59307 1
53286 112077 1
112375 47425 1
112375 92823 1
112375 109755 1
112375 112077 1
112375 113629 2
113629 47420 1
113629 112077 1
113629 112375 2
113629 116921 1
124720 60707 1
124720 68886 1
124720 77014 1
124720 77896 1
124720 77905 1
124720 78680 1
124720 78681 1
124720 80931 1
124720 80947 1
124720 85467 1
124720 95562 1
124720 95563 1
124720 95958 1
124720 99009 1
124720 112077 1
124720 113833 1
124720 116641 1
124720 117244 1
68256 50204 1
68256 51636 1
68256 51657 1
68256 51667 1
68256 53118 1
68256 54312 1
68256 54313 1
68256 54316 1
68256 54317 1
68256 68257 1
68256 68865 1
68256 77862 1
68865 51636 1
68865 51657 1
68865 53118 1
68865 68256 1
68865 68830 1
68865 68834 1
68865 68838 1
68865 77862 1
77862 51636 1
77862 51657 1
77862 68256 1
77862 68865 1
77862 77856 1
77862 77871 1
77862 77875 1
77862 77897 1
77862 79444 1
77862 80625 1
77862 84743 1
77862 85464 1
77862 85465 1
53150 51657 1
53150 53161 1
53161 35034 1
53161 48044 1
53161 51657 1
53161 53150 1
53289 48048 1
53289 51657 1
53289 53286 1
53289 59307 1
53289 68834 1
53289 68871 1
53289 86808 1
53289 122627 1
59307 51657 1
59307 53286 1
59307 53289 1
46390 51656 1
46390 53285 1
46390 53286 1
46390 68841 1
46390 68877 1
53285 46390 1
53285 53286 1
53285 79669 1
53285 79670 1
53285 79671 1
53285 84757 1
53285 87185 1
53285 93929 1
53285 98086 1
53285 99482 1
47425 92823 1
47425 109755 1
47425 112375 1
92823 47425 1
92823 73067 1
92823 73890 1
92823 84750 1
92823 84751 1
92823 85467 1
92823 87192 1
92823 91532 1
92823 91533 1
92823 92822 1
92823 95563 1
92823 101230 1
92823 109755 1
92823 112375 1
92823 115784 1
109755 47425 1
109755 92823 1
109755 109756 1
109755 112375 1
47420 61096 1
47420 62864 1
47420 73377 1
47420 76444 1
47420 76445 1
47420 77849 1
47420 80631 1
47420 84212 1
47420 97297 1
47420 105332 1
47420 109756 1
47420 113629 1
116921 61419 1
116921 63364 1
116921 69478 1
116921 76851 1
116921 87505 1
116921 88520 1
116921 89049 1
116921 98222 1
116921 98465 1
116921 102367 1
116921 104501 2
116921 109891 1
116921 113629 1
60707 38844 1
60707 57622 1
60707 60708 1
60707 124720 1
68886 65654 1
68886 65655 1
68886 65656 1
68886 65657 1
68886 68883 2
68886 68895 1
68886 73718 1
68886 75843 1
68886 77015 1
68886 124720 1
77014 77013 1
77014 77015 1
77014 78681 1
77014 80622 1
77014 80939 2
77014 86807 1
77014 86808 1
77014 87193 1
77014 92418 1
77014 92950 1
77014 92956 1
77014 95958 1
77014 99009 1
77014 104022 1
77014 110928 2
77014 110932 1
77014 112005 1
77014 114474 1
77014 116639 1
77014 117244 1
77014 124720 1
77896 77905 1
77896 78680 1
77896 80931 1
77896 80947 1
77896 85467 1
77896 124720 1
77905 53616 1
77905 71882 1
77905 73720 1
77905 77896 1
77905 78680 1
77905 80928 1
77905 80931 1
77905 80947 1
77905 83190 1
77905 84745 1
77905 85460 1
77905 85467 2
77905 85696 1
77905 85697 1
77905 88549 1
77905 90922 1
77905 93929 1
77905 124720 1
78680 77896 1
78680 77905 1
78680 80631 1
78680 80931 1
78680 80947 1
78680 85467 1
78680 86807 1
78680 92946 1
78680 92947 1
78680 94574 1
78680 97297 1
78680 97766 1
78680 103301 1
78680 124720 1
78681 73382 1
78681 77014 1
78681 77861 1
78681 77885 1
78681 77898 1
78681 80622 1
78681 84791 1
78681 86808 1
78681 90347 1
78681 91532 1
78681 91533 1
78681 92953 1
78681 94564 1
78681 95726 1
78681 96113 1
78681 97885 1
78681 104029 1
78681 108000 1
78681 112005 1
78681 112067 1
78681 113186 1
78681 113187 1
78681 115196 1
78681 116639 1
78681 117906 1
78681 118163 1
78681 122366 1
78681 124720 1
80931 53157 1
80931 68889 1
80931 68899 1
80931 77859 1
80931 77896 1
80931 77905 1
80931 78680 1
80931 80927 1
80931 80928 1
80931 80930 1
80931 80932 1
80931 80933 1
80931 80934 1
80931 80947 1
80931 84177 1
80931 85467 1
80931 85696 1
80931 124720 1
80947 77896 1
80947 77905 1
80947 78680 1
80947 80931 1
80947 85467 1
80947 124720 1
85467 71882 1
85467 73720 1
85467 76477 1
85467 77872 1
85467 77896 1
85467 77905 2
85467 78680 1
85467 80928 1
85467 80931 1
85467 80947 1
85467 83190 1
85467 84745 1
85467 84750 1
85467 85696 1
85467 85697 1
85467 87192 2
85467 88549 1
85467 88595 1
85467 90922 1
85467 91532 1
85467 91533 1
85467 92823 1
85467 93929 1
85467 94555 1
85467 94556 1
85467 95563 2
85467 101230 1
85467 115784 1
85467 124720 1
95562 68890 1
95562 73377 1
95562 77864 1
95562 85458 1
95562 90349 1
95562 95563 1
95562 105321 1
95562 112076 1
95562 117244 1
95562 124720 1
95563 76477 1
95563 77872 1
95563 84750 1
95563 85467 2
95563 87192 2
95563 88595 1
95563 91532 1
95563 91533 1
95563 92003 1
95563 92823 1
95563 94555 1
95563 94556 1
95563 95562 1
95563 99009 1
95563 101230 1
95563 115784 1
95563 124720 1
95958 41919 1
95958 73381 1
95958 77014 1
95958 77893 1
95958 77910 1
95958 81165 1
95958 92956 1
95958 94563 1
95958 94564 1
95958 95952 1
95958 95957 1
95958 99009 1
95958 110282 1
95958 110284 1
95958 112076 2
95958 112605 1
95958 115743 1
95958 116641 1
95958 117244 1
95958 124720 1
99009 77014 1
99009 84751 1
99009 84752 1
99009 92956 1
99009 95563 1
99009 95952 1
99009 95958 1
99009 104031 1
99009 106602 1
99009 117244 1
99009 124720 1
99009 125823 1
113833 81162 1
113833 93194 1
113833 94564 1
113833 104035 1
113833 105330 1
113833 108433 1
113833 112714 1
113833 113647 1
113833 114134 1
113833 114379 1
113833 114381 1
113833 116117 2
113833 116639 1
113833 124720 1
116641 73383 1
116641 77893 1
116641 84751 1
116641 86808 1
116641 87193 1
116641 92417 1
116641 92418 1
116641 92419 1
116641 92953 1
116641 93194 1
116641 94557 1
116641 95958 1
116641 97297 1
116641 105331 1
116641 112005 1
116641 114379 1
116641 114380 1
116641 114381 1
116641 116639 1
116641 116640 1
116641 116642 1
116641 119055 1
116641 124720 1
117244 68890 1
117244 73377 1
117244 77014 1
117244 77864 1
117244 85458 1
117244 90349 1
117244 95562 1
117244 95958 1
117244 99009 1
117244 105321 1
117244 110283 1
117244 112076 2
117244 114381 1
117244 114472 1
117244 114473 1
117244 114474 1
117244 116642 1
117244 124720 1
50204 54312 1
50204 54313 1
50204 54316 1
50204 54317 1
50204 68256 1
51667 53118 1
51667 68256 1
53118 51667 1
53118 68256 1
53118 68830 1
53118 68834 1
53118 68838 1
53118 68865 1
54312 50204 1
54312 54313 1
54312 54316 1
54312 54317 2
54312 68256 1
54312 68899 1
54313 50204 1
54313 54312 1
54313 54316 1
54313 54317 1
54313 68256 1
54316 50204 1
54316 54312 1
54316 54313 1
54316 54317 1
54316 68256 1
54317 50204 1
54317 54312 2
54317 54313 1
54317 54316 1
54317 68256 1
54317 68899 1
68257 68256 1
68830 53118 1
68830 68834 1
68830 68838 1
68830 68865 1
68834 53118 1
68834 53289 1
68834 68830 1
68834 68838 1
68834 68865 1
68834 68871 1
68834 122627 1
68838 53118 1
68838 68830 1
68838 68834 1
68838 68865 1
68838 68883 1
68838 68890 1
68838 80622 1
68838 80625 1
68838 80631 1
68838 85465 1
77856 47423 1
77856 53616 1
77856 73387 1
77856 73720 1
77856 77862 1
77856 77871 2
77856 77873 1
77856 77875 1
77856 77876 1
77856 77878 1
77856 77897 1
77856 79444 1
77856 80622 1
77856 80625 1
77856 80932 2
77856 81165 1
77856 84743 1
77856 85464 2
77856 85465 1
77871 34398 1
77871 47423 1
77871 53616 1
77871 73387 1
77871 73720 1
77871 77856 2
77871 77862 1
77871 77873 1
77871 77875 1
77871 77876 1
77871 77878 1
77871 77897 1
77871 79444 1
77871 80622 1
77871 80625 1
77871 80932 1
77871 81165 1
77871 84743 1
77871 85464 2
77871 85465 1
77875 77856 1
77875 77862 1
77875 77871 1
77875 77897 1
77875 79444 1
77875 80625 1
77875 84743 1
77875 85464 1
77875 85465 1
77897 77856 1
77897 77862 1
77897 77871 1
77897 77875 1
77897 79444 1
77897 80625 1
77897 84743 1
77897 85464 1
77897 85465 1
79444 77856 1
79444 77862 1
79444 77871 1
79444 77875 1
79444 77897 1
79444 80625 1
79444 84743 1
79444 85464 1
79444 85465 1
80625 68838 1
80625 77856 1
80625 77862 1
80625 77871 1
80625 77875 1
80625 77897 1
80625 79444 1
80625 80622 1
80625 80631 1
80625 84743 1
80625 85464 1
80625 85465 1
84743 77856 1
84743 77862 1
84743 77871 1
84743 77875 1
84743 77897 1
84743 79444 1
84743 80625 1
84743 85464 1
84743 85465 1
85464 47423 1
85464 53616 1
85464 73387 1
85464 73720 1
85464 77856 2
85464 77862 1
85464 77871 2
85464 77873 1
85464 77875 1
85464 77876 1
85464 77878 1
85464 77897 1
85464 79444 1
85464 80622 1
85464 80625 1
85464 80932 1
85464 81165 1
85464 84743 1
85464 85465 1
85465 68838 1
85465 68890 1
85465 77856 1
85465 77862 1
85465 77871 1
85465 77875 1
85465 77897 1
85465 79444 1
85465 80625 1
85465 84743 1
85465 85464 1
35034 48044 1
35034 53161 1
48044 35034 1
48044 53161 1
48048 53289 1
48048 73377 1
48048 86808 1
68871 53149 1
68871 53289 1
68871 68834 1
68871 68877 2
68871 76444 1
68871 122627 1
86808 41917 1
86808 48048 1
86808 53289 1
86808 77014 1
86808 77015 1
86808 77885 1
86808 78681 1
86808 80622 1
86808 80939 2
86808 84750 1
86808 86807 1
86808 87193 3
86808 90347 1
86808 90929 1
86808 91532 1
86808 91533 1
86808 92953 1
86808 94564 1
86808 95726 1
86808 96113 1
86808 97885 1
86808 104022 1
86808 104029 1
86808 105321 1
86808 106602 1
86808 108000 1
86808 110928 1
86808 110932 1
86808 112005 1
86808 114379 1
86808 116639 2
86808 116640 1
86808 116641 1
86808 116642 1
86808 118163 1
86808 118205 1
86808 119535 1
122627 53289 1
122627 68834 1
122627 68871 1
51656 46390 1
51656 68841 1
68841 46390 1
68841 51656 1
68841 87319 1
68877 46390 1
68877 68871 2
68877 76444 1
79669 53285 1
79669 66684 1
79669 79670 1
79669 79671 1
79669 84757 1
79669 87185 1
79669 93929 1
79669 98086 1
79670 53285 1
79670 79669 1
79670 79671 1
79670 84757 1
79670 87185 1
79670 93929 1
79670 98086 1
79671 53285 1
79671 79669 1
79671 79670 1
79671 84757 1
79671 87185 1
79671 93929 1
79671 98086 1
84757 53285 1
84757 55746 1
84757 79669 1
84757 79670 1
84757 79671 1
84757 87185 1
84757 93929 1
84757 98086 1
84757 123622 1
87185 53285 1
87185 66682 2
87185 66683 2
87185 79669 1
87185 79670 1
87185 79671 1
87185 84744 1
87185 84757 1
87185 88549 1
87185 93929 1
87185 94556 1
87185 98086 1
87185 99482 1
93929 53285 1
93929 71882 1
93929 73720 1
93929 77905 1
93929 79669 1
93929 79670 1
93929 79671 1
93929 80928 1
93929 83190 1
93929 84745 1
93929 84757 1
93929 85467 1
93929 85696 1
93929 85697 1
93929 87185 1
93929 88549 1
93929 90922 1
93929 98086 1
98086 53285 1
98086 79669 1
98086 79670 1
98086 79671 1
98086 84757 1
98086 87185 1
98086 93929 1
99482 53285 1
99482 66682 1
99482 66683 1
99482 84744 1
99482 87185 1
99482 88549 1
73067 73890 1
73067 79624 1
73067 84751 3
73067 92822 3
73067 92823 1
73067 111190 1
73890 73067 1
73890 84751 1
73890 92822 1
73890 92823 1
84750 77015 1
84750 80631 1
84750 80939 1
84750 85467 1
84750 86808 1
84750 87192 1
84750 87193 1
84750 91532 1
84750 91533 1
84750 92823 1
84750 94555 1
84750 94556 1
84750 94557 1
84750 94563 1
84750 94564 1
84750 95563 1
84750 96113 1
84750 101230 1
84750 105321 1
84750 106602 1
84750 115784 1
84751 73067 3
84751 73890 1
84751 92822 2
84751 92823 1
84751 92953 1
84751 94557 1
84751 97297 1
84751 99009 1
84751 105331 1
84751 106602 1
84751 116641 1
87192 76477 1
87192 77872 1
87192 84750 1
87192 85467 2
87192 88595 1
87192 91532 1
87192 91533 1
87192 92823 1
87192 94555 1
87192 94556 1
87192 95563 2
87192 101230 1
87192 115784 1
91532 77885 1
91532 78681 1
91532 80622 1
91532 84750 1
91532 85467 1
91532 86808 1
91532 87192 1
91532 90347 1
91532 91533 2
91532 92823 1
91532 92953 1
91532 95563 1
91532 95726 1
91532 96113 1
91532 97885 1
91532 101230 1
91532 104029 1
91532 108000 1
91532 115784 1
91532 116639 1
91533 77885 1
91533 78681 1
91533 80622 1
91533 84750 1
91533 85467 1
91533 86808 1
91533 87192 1
91533 90347 1
91533 91532 2
91533 92823 1
91533 92953 1
91533 95563 1
91533 95726 1
91533 96113 1
91533 97885 1
91533 101230 1
91533 104029 1
91533 108000 1
91533 115784 1
91533 116639 1
92822 73067 3
92822 73890 1
92822 84751 2
92822 92823 1
101230 84750 1
101230 85467 1
101230 87192 1
101230 91532 1
101230 91533 1
101230 92823 1
101230 95563 1
101230 115784 1
115784 77910 1
115784 84750 1
115784 85467 1
115784 87192 1
115784 91532 1
115784 91533 1
115784 92823 1
115784 92953 1
115784 95563 1
115784 101230 1
109756 47420 1
109756 73377 1
109756 92003 1
109756 109755 1
61096 47420 1
61096 62864 1
61096 68890 1
61096 73377 1
61096 76444 1
61096 76445 1
61096 77849 1
61096 80631 1
62864 47420 1
62864 61096 1
62864 62860 1
62864 62865 1
62864 73889 1
62864 76444 1
62864 76445 1
62864 77849 1
62864 77852 1
62864 79624 1
62864 80631 1
62864 111190 1
62864 115039 1
73377 47420 1
73377 48048 1
73377 61096 1
73377 68890 1
73377 77864 1
73377 83326 1
73377 85458 1
73377 90349 1
73377 95562 1
73377 105321 1
73377 109756 1
73377 112005 1
73377 112076 1
73377 117244 1
76444 47420 1
76444 61096 1
76444 62864 1
76444 68871 1
76444 68877 1
76444 76445 1
76444 77849 1
76444 80631 1
76445 47420 1
76445 61096 1
76445 62864 1
76445 76444 1
76445 77849 1
76445 80631 1
77849 47420 1
77849 61096 1
77849 62864 1
77849 76444 1
77849 76445 1
77849 80631 1
77849 88595 1
80631 47420 1
80631 61096 1
80631 62864 1
80631 68838 1
80631 76444 1
80631 76445 1
80631 77849 1
80631 78680 1
80631 80622 1
80631 80625 1
80631 84750 1
80631 86807 1
80631 92946 1
80631 92947 1
80631 94555 1
80631 94556 1
80631 94557 1
80631 94563 1
80631 94574 1
80631 96113 1
80631 97766 1
80631 103301 1
84212 47420 1
84212 97297 1
84212 105332 1
97297 47420 1
97297 78680 1
97297 84212 1
97297 84751 1
97297 92953 1
97297 94557 1
97297 105331 1
97297 105332 1
97297 116641 1
105332 47420 1
105332 84212 1
105332 97297 1
61419 63364 1
61419 76851 1
61419 82039 1
61419 89641 1
61419 116921 1
63364 61419 1
63364 76851 1
63364 116921 1
69478 44164 1
69478 52362 1
69478 62352 1
69478 73468 1
69478 74503 1
69478 93773 1
69478 94668 1
69478 96602 1
69478 98222 1
69478 116921 1
76851 61419 1
76851 63364 1
76851 76852 4
76851 96739 1
76851 116921 1
76851 117780 1
87505 72529 1
87505 88520 1
87505 100475 1
87505 116921 1
88520 87505 1
88520 116921 1
89049 98221 1
89049 116921 1
98222 69478 1
98222 116921 1
98465 52336 1
98465 57048 1
98465 98464 1
98465 98466 2
98465 103172 1
98465 104501 1
98465 115418 1
98465 116921 1
102367 63950 1
102367 96450 1
102367 115900 1
102367 116921 1
104501 98465 1
104501 116921 2
109891 71053 1
109891 90311 1
109891 90312 1
109891 93549 1
109891 102801 1
109891 105228 1
109891 106434 1
109891 116921 1
38844 60707 1
57622 60707 1
57622 60708 1
60708 57622 1
60708 60707 1
65654 44481 1
65654 53167 1
65654 53168 1
65654 53169 1
65654 53170 1
65654 53799 1
65654 65655 1
65654 65656 1
65654 65657 1
65654 68883 1
65654 68886 1
65654 77015 1
65655 65654 1
65655 65656 1
65655 65657 1
65655 68883 1
65655 68886 1
65655 77015 1
65656 65654 1
65656 65655 1
65656 65657 1
65656 68883 1
65656 68886 1
65656 77015 1
65657 65654 1
65657 65655 1
65657 65656 1
65657 68883 1
65657 68886 1
65657 77015 1
68883 65654 1
68883 65655 1
68883 65656 1
68883 65657 1
68883 68838 1
68883 68886 2
68883 68895 1
68883 73718 1
68883 75843 1
68883 77015 1
68895 68883 1
68895 68886 1
68895 73718 1
68895 75843 1
73718 42910 1
73718 57624 1
73718 68883 1
73718 68886 1
73718 68895 1
73718 75843 2
73718 97766 1
75843 42910 1
75843 57624 1
75843 68883 1
75843 68886 1
75843 68895 1
75843 73718 2
75843 97766 1
77015 65654 1
77015 65655 1
77015 65656 1
77015 65657 1
77015 68883 1
77015 68886 1
77015 77013 1
77015 77014 1
77015 80622 1
77015 80939 1
77015 81165 1
77015 84750 1
77015 86807 1
77015 86808 1
77015 87193 1
77015 94564 1
77015 103301 1
77015 105321 1
77015 106602 1
77015 110928 1
77013 77014 1
77013 77015 1
77013 80622 1
77013 86807 1
77013 110928 1
80622 47423 1
80622 53616 1
80622 68838 1
80622 73387 1
80622 73720 1
80622 77013 1
80622 77014 1
80622 77015 1
80622 77856 1
80622 77871 1
80622 77873 1
80622 77876 1
80622 77878 1
80622 77885 1
80622 78681 1
80622 80625 1
80622 80631 1
80622 80932 1
80622 81165 1
80622 85464 1
80622 86807 1
80622 86808 1
80622 90347 1
80622 91532 1
80622 91533 1
80622 92953 1
80622 95726 1
80622 96113 1
80622 97885 1
80622 104029 1
80622 108000 1
80622 110928 1
80622 116639 1
80939 77014 2
80939 77015 1
80939 84750 1
80939 86808 2
80939 87193 2
80939 92418 1
80939 92950 1
80939 94564 1
80939 104022 1
80939 105321 1
80939 106602 2
80939 110928 1
80939 110932 1
80939 114474 1
80939 116639 1
86807 53157 1
86807 77013 1
86807 77014 1
86807 77015 1
86807 78680 1
86807 80622 1
86807 80631 1
86807 86808 1
86807 92946 1
86807 92947 1
86807 94574 1
86807 97766 1
86807 103301 1
86807 110928 1
86807 112005 1
87193 77014 1
87193 77015 1
87193 80939 2
87193 84750 1
87193 86808 3
87193 94564 1
87193 104022 1
87193 105321 1
87193 106602 1
87193 110928 1
87193 110932 1
87193 113647 1
87193 113973 1
87193 116639 1
87193 116640 1
87193 116641 1
87193 116642 1
92418 77014 1
92418 77885 1
92418 77910 1
92418 80939 1
92418 92417 1
92418 92419 1
92418 92950 1
92418 112005 1
92418 114474 1
92418 116639 1
92418 116641 1
92950 77014 1
92950 80939 1
92950 92418 1
92950 114474 1
92950 116639 1
92956 41919 1
92956 73381 1
92956 77014 1
92956 77910 1
92956 81165 1
92956 84752 1
92956 94563 1
92956 94564 1
92956 95952 2
92956 95958 1
92956 99009 1
92956 104031 1
92956 110282 1
92956 112605 1
104022 77014 1
104022 80939 1
104022 81162 1
104022 81165 1
104022 86808 1
104022 87193 1
104022 110928 1
104022 110932 1
110928 77013 1
110928 77014 2
110928 77015 1
110928 80622 1
110928 80939 1
110928 86807 1
110928 86808 1
110928 87193 1
110928 104022 1
110928 110929 1
110928 110932 2
110928 110933 1
110928 110934 1
110932 77014 1
110932 80939 1
110932 86808 1
110932 87193 1
110932 104022 1
110932 110928 2
110932 110929 1
110932 110933 1
110932 110934 1
112005 73377 1
112005 77014 1
112005 78681 1
112005 83326 1
112005 86807 1
112005 86808 1
112005 92417 1
112005 92418 1
112005 92419 1
112005 116641 1
114474 77014 1
114474 80939 1
114474 92418 1
114474 92950 1
114474 93194 1
114474 110283 1
114474 112076 1
114474 114381 1
114474 114472 1
114474 114473 1
114474 116639 1
114474 116642 1
114474 117244 1
116639 77014 1
116639 77885 1
116639 78681 1
116639 80622 1
116639 80939 1
116639 81162 1
116639 86808 2
116639 87193 1
116639 90347 1
116639 91532 1
116639 91533 1
116639 92418 1
116639 92950 1
116639 92953 1
116639 93194 1
116639 94564 1
116639 95726 1
116639 96113 1
116639 97885 1
116639 104029 1
116639 104035 1
116639 105330 1
116639 108000 1
116639 108433 1
116639 110292 1
116639 112714 1
116639 113647 1
116639 113833 1
116639 114134 1
116639 114379 1
116639 114381 1
116639 114474 1
116639 116117 1
116639 116640 1
116639 116641 1
116639 116642 1
53616 47423 1
53616 73387 1
53616 73720 1
53616 77856 1
53616 77871 1
53616 77873 1
53616 77876 1
53616 77878 1
53616 77905 1
53616 80622 1
53616 80932 1
53616 81165 1
53616 85460 1
53616 85464 1
71882 73720 1
71882 77905 1
71882 80928 1
71882 83190 1
71882 84745 1
71882 85467 1
71882 85696 1
71882 85697 1
71882 88549 1
71882 90922 1
71882 93929 1
73720 47423 1
73720 53616 1
73720 71882 1
73720 73387 1
73720 77856 1
73720 77871 1
73720 77873 1
73720 77876 1
73720 77878 1
73720 77905 1
73720 80622 1
73720 80928 1
73720 80932 1
73720 81165 1
73720 83190 1
73720 84745 1
73720 85464 1
73720 85467 1
73720 85696 1
73720 85697 1
73720 88549 1
73720 90922 1
73720 93929 1
80928 53157 1
80928 68899 1
80928 71882 1
80928 73720 1
80928 75844 1
80928 77905 1
80928 80927 1
80928 80930 1
80928 80931 1
80928 80932 1
80928 80933 1
80928 80934 1
80928 83190 1
80928 84745 1
80928 85467 1
80928 85696 2
80928 85697 1
80928 88549 1
80928 90922 1
80928 93929 1
83190 53157 1
83190 71882 1
83190 73720 1
83190 77905 1
83190 80928 1
83190 84745 1
83190 85467 1
83190 85696 1
83190 85697 1
83190 88549 1
83190 90922 1
83190 93929 1
84745 71882 1
84745 73720 1
84745 77905 1
84745 80928 1
84745 83190 1
84745 85467 1
84745 85696 1
84745 85697 1
84745 88549 1
84745 90922 1
84745 93929 1
85460 53616 1
85460 77864 1
85460 77905 1
85460 84752 1
85460 84791 1
85460 97766 1
85696 53157 2
85696 71882 1
85696 73720 1
85696 75844 1
85696 77905 1
85696 80928 2
85696 80931 1
85696 83190 1
85696 84745 1
85696 85467 1
85696 85697 1
85696 88549 1
85696 90922 1
85696 93929 1
85697 71882 1
85697 73720 1
85697 77905 1
85697 80928 1
85697 83190 1
85697 84745 1
85697 85467 1
85697 85696 1
85697 88549 1
85697 90922 1
85697 93929 1
88549 66682 1
88549 66683 1
88549 71882 1
88549 73720 1
88549 77905 1
88549 80928 1
88549 83190 1
88549 84744 1
88549 84745 1
88549 85467 1
88549 85696 1
88549 85697 1
88549 87185 1
88549 90922 1
88549 93929 1
88549 99482 1
90922 71882 1
90922 73720 1
90922 77905 1
90922 80928 1
90922 83190 1
90922 84745 1
90922 85467 1
90922 85696 1
90922 85697 1
90922 88549 1
90922 93929 1
92946 78680 1
92946 80631 1
92946 86807 1
92946 92947 1
92946 94574 1
92946 97766 1
92946 103301 1
92947 78680 1
92947 80631 1
92947 86807 1
92947 92946 1
92947 94574 1
92947 97766 1
92947 103301 1
94574 78680 1
94574 80631 1
94574 86807 1
94574 92946 1
94574 92947 1
94574 97766 1
94574 103301 1
97766 42910 1
97766 57624 1
97766 73718 1
97766 75843 1
97766 77864 1
97766 78680 1
97766 80631 1
97766 84752 1
97766 85460 1
97766 86807 1
97766 92946 1
97766 92947 1
97766 94574 1
97766 103301 1
103301 77015 1
103301 77898 1
103301 78680 1
103301 80631 1
103301 86807 1
103301 92946 1
103301 92947 1
103301 94574 1
103301 97766 1
73382 78681 1
73382 94564 1
73382 113186 1
73382 113187 1
73382 117906 1
73382 118163 1
73382 122366 1
77861 66737 1
77861 77898 1
77861 78681 1
77861 84791 1
77861 92951 1
77861 92953 1
77861 110934 1
77861 112067 1
77861 113186 1
77861 113973 1
77861 115196 1
77861 116640 1
77861 117193 1
77885 77910 1
77885 78681 1
77885 80622 1
77885 86808 1
77885 90347 1
77885 91532 1
77885 91533 1
77885 92418 1
77885 92953 1
77885 95726 1
77885 96113 1
77885 97885 1
77885 104029 1
77885 108000 1
77885 116639 1
77898 77861 1
77898 78681 1
77898 84791 1
77898 94556 1
77898 103301 1
77898 112067 1
77898 115196 1
84791 77861 1
84791 77869 1
84791 77870 1
84791 77898 1
84791 78681 1
84791 85460 1
84791 94557 1
84791 112067 1
84791 115196 1
90347 77885 1
90347 78681 1
90347 80622 1
90347 86808 1
90347 90349 1
90347 91532 1
90347 91533 1
90347 92953 1
90347 95726 1
90347 96113 1
90347 97885 1
90347 104029 1
90347 108000 1
90347 115743 1
90347 116639 1
92953 77861 1
92953 77885 1
92953 77910 1
92953 78681 1
92953 80622 1
92953 84751 1
92953 86808 1
92953 90347 1
92953 91532 1
92953 91533 1
92953 94557 1
92953 95726 1
92953 96113 1
92953 97297 1
92953 97885 1
92953 104029 1
92953 105331 1
92953 108000 1
92953 110934 1
92953 113973 1
92953 115784 1
92953 116639 1
92953 116641 1
94564 41919 1
94564 73381 1
94564 73382 1
94564 77015 1
94564 77910 1
94564 78681 1
94564 80939 1
94564 81162 1
94564 81165 1
94564 84750 1
94564 86808 1
94564 87193 1
94564 92956 1
94564 93194 1
94564 94563 1
94564 95952 1
94564 95958 1
94564 104035 1
94564 105321 1
94564 105330 1
94564 106602 1
94564 108433 1
94564 110282 1
94564 112605 1
94564 112714 1
94564 113186 1
94564 113187 1
94564 113647 1
94564 113833 1
94564 114134 1
94564 114379 1
94564 114381 1
94564 116117 1
94564 116639 1
94564 117906 1
94564 118163 1
94564 122366 1
95726 77885 1
95726 78681 1
95726 80622 1
95726 86808 1
95726 90347 1
95726 91532 1
95726 91533 1
95726 92953 1
95726 95729 1
95726 96113 1
95726 97885 1
95726 104029 1
95726 108000 1
95726 116639 1
96113 77885 1
96113 78681 1
96113 80622 1
96113 80631 1
96113 84750 1
96113 86808 1
96113 90347 1
96113 91532 1
96113 91533 1
96113 92953 1
96113 94555 1
96113 94556 1
96113 94557 1
96113 94563 1
96113 95726 1
96113 97885 1
96113 104029 1
96113 108000 1
96113 116639 1
97885 77885 1
97885 78681 1
97885 80622 1
97885 86808 1
97885 90347 1
97885 91532 1
97885 91533 1
97885 92953 1
97885 95726 1
97885 96113 1
97885 104029 1
97885 108000 1
97885 116639 1
104029 77885 1
104029 78681 1
104029 80622 1
104029 86808 1
104029 90347 1
104029 91532 1
104029 91533 1
104029 92953 1
104029 95726 1
104029 96113 1
104029 97884 1
104029 97885 1
104029 104028 1
104029 105327 1
104029 108000 1
104029 116639 1
108000 77885 1
108000 78681 1
108000 80622 1
108000 86808 1
108000 90347 1
108000 91532 1
108000 91533 1
108000 92953 1
108000 95726 1
108000 96113 1
108000 97885 1
108000 104029 1
108000 116639 1
112067 77861 1
112067 77898 1
112067 78681 1
112067 81165 1
112067 84791 1
112067 112065 1
112067 112066 1
112067 112068 1
112067 112069 1
112067 113186 1
112067 115196 1
113186 73382 1
113186 77861 1
113186 78681 1
113186 81165 1
113186 94564 1
113186 106602 1
113186 110933 1
113186 112065 1
113186 112066 1
113186 112067 1
113186 112068 1
113186 112069 1
113186 113187 1
113186 116640 1
113186 117906 1
113186 118163 1
113186 122366 1
113187 73382 1
113187 78681 1
113187 94564 1
113187 113186 1
113187 117906 1
113187 118163 1
113187 122366 1
115196 77861 1
115196 77898 1
115196 78681 1
115196 84791 1
115196 112067 1
117906 73382 1
117906 78681 1
117906 94564 1
117906 113186 1
117906 113187 1
117906 117905 1
117906 118163 1
117906 122366 1
118163 41917 1
118163 73382 1
118163 78681 1
118163 86808 1
118163 90929 1
118163 94564 1
118163 110934 1
118163 113186 1
118163 113187 1
118163 114379 1
118163 117906 1
118163 118205 1
118163 119535 1
118163 122366 1
122366 73382 1
122366 78681 1
122366 94564 1
122366 113186 1
122366 113187 1
122366 117906 1
122366 118163 1
53157 75844 1
53157 80928 1
53157 80931 1
53157 83190 1
53157 85696 2
53157 86807 1
68889 77859 1
68889 80931 1
68899 54312 1
68899 54317 1
68899 80927 1
68899 80928 1
68899 80930 1
68899 80931 1
68899 80932 1
68899 80933 1
68899 80934 1
77859 68889 1
77859 80931 1
80927 68899 1
80927 80928 1
80927 80930 1
80927 80931 1
80927 80932 1
80927 80933 1
80927 80934 1
80930 68899 1
80930 80927 1
80930 80928 1
80930 80931 1
80930 80932 1
80930 80933 1
80930 80934 2
80932 47423 1
80932 53616 1
80932 68899 1
80932 73387 1
80932 73720 1
80932 77856 2
80932 77871 1
80932 77873 1
80932 77876 1
80932 77878 1
80932 80622 1
80932 80927 1
80932 80928 1
80932 80930 1
80932 80931 1
80932 80933 1
80932 80934 1
80932 81165 1
80932 85464 1
80933 68899 1
80933 80927 1
80933 80928 1
80933 80930 1
80933 80931 1
80933 80932 1
80933 80934 1
80934 68899 1
80934 80927 1
80934 80928 1
80934 80930 2
80934 80931 1
80934 80932 1
80934 80933 1
84177 68890 1
84177 77868 1
84177 80931 1
76477 77872 1
76477 85467 1
76477 87192 1
76477 88595 1
76477 94555 1
76477 94556 1
76477 95563 1
76477 98671 1
76477 122510 1
76477 123523 1
77872 76477 1
77872 77909 1
77872 85467 1
77872 87192 1
77872 88595 1
77872 92952 1
77872 94555 1
77872 94556 1
77872 95563 1
77872 105323 1
88595 76477 1
88595 77849 1
88595 77872 1
88595 85467 1
88595 87192 1
88595 94555 1
88595 94556 1
88595 95563 1
94555 76477 1
94555 77872 1
94555 80631 1
94555 84750 1
94555 85467 1
94555 87192 1
94555 88595 1
94555 94556 2
94555 94557 1
94555 94563 1
94555 95563 1
94555 96113 1
94556 66682 1
94556 66683 1
94556 76477 1
94556 77872 1
94556 77898 1
94556 80631 1
94556 84750 1
94556 85467 1
94556 87185 1
94556 87192 1
94556 88595 1
94556 94555 2
94556 94557 1
94556 94563 1
94556 95563 1
94556 96113 1
68890 61096 1
68890 68838 1
68890 73377 1
68890 77864 2
68890 77868 1
68890 84177 1
68890 85458 1
68890 85465 1
68890 90349 1
68890 95562 1
68890 105321 1
68890 112076 1
68890 117244 1
77864 68890 2
77864 73377 1
77864 84752 1
77864 85458 1
77864 85460 1
77864 90349 1
77864 95562 1
77864 97766 1
77864 105321 1
77864 112076 1
77864 117244 1
85458 68890 1
85458 73377 1
85458 77864 1
85458 90349 1
85458 95562 1
85458 105321 1
85458 112076 1
85458 117244 1
90349 68890 1
90349 73377 1
90349 77864 1
90349 85458 1
90349 90347 1
90349 95562 1
90349 105321 1
90349 112076 1
90349 117244 1
105321 68890 1
105321 73377 1
105321 77015 1
105321 77864 1
105321 80939 1
105321 84750 1
105321 85458 1
105321 86808 1
105321 87193 1
105321 90349 1
105321 94564 1
105321 95562 1
105321 106602 1
105321 112076 1
105321 117244 1
112076 68890 1
112076 73377 1
112076 77864 1
112076 85458 1
112076 90349 1
112076 95562 1
112076 95957 1
112076 95958 2
112076 105321 1
112076 110283 1
112076 110284 1
112076 114381 1
112076 114472 1
112076 114473 1
112076 114474 1
112076 115743 1
112076 116642 1
112076 117244 2
92003 84752 1
92003 95563 1
92003 109756 1
41919 73381 1
41919 77910 1
41919 81165 1
41919 92956 1
41919 94563 1
41919 94564 1
41919 95952 1
41919 95958 1
41919 110282 1
41919 112605 1
73381 41919 1
73381 77910 1
73381 81165 1
73381 92956 1
73381 94563 1
73381 94564 1
73381 95952 1
73381 95958 1
73381 110282 1
73381 112605 1
77893 90929 1
77893 95958 1
77893 116641 1
77910 41919 1
77910 73381 1
77910 77885 1
77910 81165 1
77910 92418 1
77910 92953 1
77910 92956 1
77910 94557 1
77910 94563 1
77910 94564 1
77910 95952 1
77910 95958 1
77910 110282 1
77910 112605 1
77910 115784 1
81165 41919 1
81165 47423 1
81165 53616 1
81165 73381 1
81165 73387 1
81165 73720 1
81165 77015 1
81165 77856 1
81165 77871 1
81165 77873 1
81165 77876 1
81165 77878 1
81165 77910 1
81165 80622 1
81165 80932 1
81165 81162 1
81165 85464 1
81165 92956 1
81165 94563 1
81165 94564 1
81165 95952 1
81165 95958 1
81165 104022 1
81165 110282 1
81165 112065 1
81165 112066 1
81165 112067 1
81165 112068 1
81165 112069 1
81165 112605 1
81165 113186 1
94563 41919 1
94563 73381 1
94563 77910 1
94563 80631 1
94563 81165 1
94563 84750 1
94563 92956 1
94563 94555 1
94563 94556 1
94563 94557 1
94563 94564 1
94563 95952 1
94563 95958 1
94563 96113 1
94563 110282 1
94563 112605 1
95952 41919 1
95952 73381 1
95952 77910 1
95952 81165 1
95952 84752 1
95952 92956 2
95952 94563 1
95952 94564 1
95952 95951 1
95952 95958 1
95952 99009 1
95952 104031 1
95952 110282 1
95952 112605 1
95957 95958 1
95957 110284 1
95957 112076 1
110282 41919 1
110282 73381 1
110282 77910 1
110282 81165 1
110282 92956 1
110282 94563 1
110282 94564 1
110282 95952 1
110282 95958 1
110282 112605 1
110284 95957 1
110284 95958 1
110284 112076 1
112605 41919 1
112605 73381 1
112605 77910 1
112605 81165 1
112605 92956 1
112605 94563 1
112605 94564 1
112605 95952 1
112605 95958 1
112605 110282 1
115743 90347 1
115743 95958 1
115743 112076 1
84752 77864 1
84752 77883 1
84752 85460 1
84752 92003 1
84752 92956 1
84752 95952 1
84752 97766 1
84752 99009 1
84752 104031 1
104031 84752 1
104031 92956 1
104031 95952 1
104031 99009 1
106602 77015 1
106602 80939 2
106602 84750 1
106602 84751 1
106602 86808 1
106602 87193 1
106602 94564 1
106602 99009 1
106602 105321 1
106602 113186 1
125823 99009 1
81162 81165 1
81162 93194 1
81162 94564 1
81162 104022 1
81162 104035 1
81162 105330 1
81162 108433 1
81162 112714 1
81162 113647 1
81162 113833 1
81162 114134 1
81162 114379 1
81162 114381 1
81162 116117 1
81162 116639 1
93194 73383 1
93194 81162 1
93194 94564 1
93194 104035 1
93194 105330 1
93194 108433 1
93194 112714 1
93194 113647 1
93194 113833 1
93194 114134 1
93194 114379 2
93194 114380 1
93194 114381 2
93194 114474 1
93194 116117 1
93194 116639 1
93194 116641 1
104035 81162 1
104035 93194 1
104035 94564 1
104035 105330 1
104035 108433 1
104035 112714 1
104035 113647 1
104035 113833 1
104035 114134 1
104035 114379 1
104035 114381 1
104035 116117 1
104035 116639 1
105330 81162 1
105330 93194 1
105330 94564 1
105330 104035 1
105330 108433 1
105330 112714 1
105330 113647 1
105330 113833 1
105330 114134 1
105330 114379 1
105330 114381 1
105330 116117 1
105330 116639 1
108433 81162 1
108433 93194 1
108433 94564 1
108433 104035 1
108433 105330 1
108433 108432 1
108433 112714 1
108433 113647 1
108433 113833 1
108433 114134 1
108433 114379 1
108433 114381 1
108433 116117 1
108433 116639 1
112714 81162 1
112714 93194 1
112714 94564 1
112714 104035 1
112714 105330 1
112714 108433 1
112714 113647 1
112714 113833 1
112714 114134 1
112714 114379 1
112714 114381 1
112714 116117 1
112714 116639 1
113647 81162 1
113647 87193 1
113647 93194 1
113647 94564 1
113647 104035 1
113647 105330 1
113647 108433 1
113647 112714 1
113647 113833 1
113647 114134 1
113647 114379 1
113647 114381 1
113647 116117 1
113647 116639 1
114134 81162 1
114134 93194 1
114134 94564 1
114134 104035 1
114134 105330 1
114134 108433 1
114134 112714 1
114134 113647 1
114134 113833 1
114134 114379 1
114134 114380 1
114134 114381 1
114134 114473 1
114134 116117 1
114134 116639 1
114379 41917 1
114379 73383 1
114379 81162 1
114379 86808 1
114379 90929 1
114379 93194 2
114379 94564 1
114379 104035 1
114379 105330 1
114379 108433 1
114379 112714 1
114379 113647 1
114379 113833 1
114379 114134 1
114379 114380 1
114379 114381 2
114379 116117 1
114379 116639 1
114379 116641 1
114379 118163 1
114379 118205 1
114379 119535 1
114381 73383 1
114381 81162 1
114381 93194 2
114381 94564 1
114381 104035 1
114381 105330 1
114381 108433 1
114381 110283 1
114381 112076 1
114381 112714 1
114381 113647 1
114381 113833 1
114381 114134 1
114381 114379 2
114381 114380 1
114381 114472 1
114381 114473 1
114381 114474 1
114381 116117 1
114381 116639 1
114381 116641 1
114381 116642 1
114381 117244 1
116117 81162 1
116117 93194 1
116117 94564 1
116117 104035 1
116117 105317 1
116117 105330 1
116117 108433 1
116117 112714 1
116117 113647 1
116117 113833 2
116117 114134 1
116117 114379 1
116117 114381 1
116117 116639 1
73383 93194 1
73383 114379 1
73383 114380 1
73383 114381 1
73383 116641 1
92417 92418 1
92417 92419 1
92417 112005 1
92417 116641 1
92419 92417 1
92419 92418 1
92419 112005 1
92419 116641 1
94557 77869 1
94557 77870 1
94557 77910 1
94557 80631 1
94557 84750 1
94557 84751 1
94557 84791 1
94557 92953 1
94557 94555 1
94557 94556 1
94557 94563 1
94557 96113 1
94557 97297 1
94557 105331 1
94557 116641 1
105331 84751 1
105331 92953 1
105331 94557 1
105331 97297 1
105331 116641 1
114380 73383 1
114380 93194 1
114380 114134 1
114380 114379 1
114380 114381 1
114380 114473 1
114380 116641 1
116640 77861 1
116640 86808 1
116640 87193 1
116640 113186 1
116640 116639 1
116640 116641 1
116640 116642 1
116640 119055 1
116642 86808 1
116642 87193 1
116642 110283 1
116642 112076 1
116642 114381 1
116642 114472 1
116642 114473 1
116642 114474 1
116642 116639 1
116642 116640 1
116642 116641 1
116642 117244 1
119055 116640 1
119055 116641 1
110283 105317 1
110283 112076 1
110283 114381 1
110283 114472 1
110283 114473 1
110283 114474 1
110283 116642 1
110283 117244 1
114472 110283 1
114472 112076 1
114472 114381 1
114472 114473 1
114472 114474 1
114472 116642 1
114472 117244 1
114473 110283 1
114473 112076 1
114473 114134 1
114473 114380 1
114473 114381 1
114473 114472 1
114473 114474 1
114473 116642 1
114473 117244 1
47423 53616 1
47423 73387 1
47423 73720 1
47423 77856 1
47423 77871 1
47423 77873 1
47423 77876 1
47423 77878 1
47423 80622 1
47423 80932 1
47423 81165 1
47423 85464 1
73387 47423 1
73387 53616 1
73387 73720 1
73387 77856 1
73387 77871 1
73387 77873 1
73387 77876 1
73387 77878 1
73387 80622 1
73387 80932 1
73387 81165 1
73387 85464 1
77873 47423 1
77873 53616 1
77873 73387 1
77873 73720 1
77873 77856 1
77873 77871 1
77873 77876 1
77873 77878 1
77873 80622 1
77873 80932 1
77873 81165 1
77873 85464 1
77876 47423 1
77876 53616 1
77876 73387 1
77876 73720 1
77876 77856 1
77876 77871 1
77876 77873 1
77876 77878 1
77876 80622 1
77876 80932 1
77876 81165 1
77876 85464 1
77878 47423 1
77878 53616 1
77878 73387 1
77878 73720 1
77878 77856 1
77878 77871 1
77878 77873 1
77878 77876 1
77878 80622 1
77878 80932 1
77878 81165 1
77878 85464 1
34398 77871 1
53149 68871 1
41917 86808 1
41917 90929 1
41917 114379 1
41917 118163 1
41917 118205 1
41917 119535 1
90929 41917 1
90929 77893 1
90929 86808 1
90929 114379 1
90929 118163 1
90929 118205 1
90929 119535 1
118205 41917 1
118205 86808 1
118205 90929 1
118205 114379 1
118205 118163 1
118205 119535 1
119535 41917 1
119535 86808 1
119535 90929 1
119535 114379 1
119535 118163 1
119535 118205 1
87319 68841 1
66684 62860 1
66684 66682 1
66684 66683 1
66684 79669 1
66684 114565 1
55746 84757 1
55746 123622 1
123622 55746 1
123622 84757 1
66682 62860 1
66682 66683 4
66682 66684 1
66682 84744 1
66682 87185 2
66682 88549 1
66682 94556 1
66682 99482 1
66683 62860 1
66683 66682 4
66683 66684 1
66683 84744 1
66683 87185 2
66683 88549 1
66683 94556 1
66683 99482 1
84744 66682 1
84744 66683 1
84744 87185 1
84744 88549 1
84744 99482 1
79624 62860 1
79624 62864 1
79624 62865 1
79624 73067 1
79624 111190 2
79624 115039 1
111190 62860 1
111190 62864 1
111190 62865 1
111190 73067 1
111190 79624 2
111190 115039 1
62860 62864 1
62860 62865 1
62860 66682 1
62860 66683 1
62860 66684 1
62860 79624 1
62860 111190 1
62860 115039 1
62865 62860 1
62865 62864 1
62865 79624 1
62865 85783 1
62865 85784 1
62865 111190 1
62865 115039 1
73889 62864 1
73889 114565 1
77852 62864 1
115039 62860 1
115039 62864 1
115039 62865 1
115039 79624 1
115039 111190 1
83326 73377 1
83326 112005 1
82039 61419 1
82039 89641 1
89641 61419 1
89641 82039 1
44164 69478 1
52362 54766 2
52362 69478 1
52362 74503 5
52362 126457 2
52362 126458 1
52362 126460 1
62352 69478 1
73468 69478 1
74503 52362 5
74503 54766 1
74503 69478 1
74503 126156 1
74503 126457 1
74503 126458 2
74503 126460 2
93773 69478 1
94668 69478 1
96602 69478 1
76852 76851 4
96739 76851 1
96739 115418 1
96739 117780 1
117780 76851 1
117780 96739 1
72529 87505 1
100475 87505 1
98221 89049 1
52336 57048 1
52336 98465 1
52336 103172 1
57048 52336 1
57048 98465 1
57048 103172 1
98464 98465 1
98464 98466 1
98466 98464 1
98466 98465 2
103172 52336 1
103172 57048 1
103172 98465 1
115418 96739 1
115418 98465 1
63950 102367 1
96450 102367 1
115900 102367 1
71053 90311 1
71053 90312 1
71053 93549 1
71053 102801 1
71053 105228 1
71053 106434 1
71053 109891 1
90311 71053 1
90311 90312 1
90311 93549 1
90311 102801 1
90311 105228 1
90311 106434 1
90311 109891 1
90312 71053 1
90312 90311 1
90312 93549 1
90312 102801 1
90312 105228 1
90312 106434 1
90312 109891 1
93549 71053 1
93549 90311 1
93549 90312 1
93549 102801 1
93549 105228 1
93549 106434 1
93549 109891 1
102801 71053 1
102801 90311 1
102801 90312 1
102801 93549 1
102801 105228 1
102801 106434 1
102801 109891 1
105228 71053 1
105228 90311 1
105228 90312 1
105228 93549 1
105228 102801 1
105228 106434 1
105228 109891 1
106434 71053 1
106434 90311 1
106434 90312 1
106434 93549 1
106434 102801 1
106434 105228 1
106434 109891 1
44481 53167 1
44481 53168 1
44481 53169 1
44481 53170 1
44481 53799 1
44481 65654 1
53167 44481 1
53167 53168 1
53167 53169 1
53167 53170 1
53167 53799 1
53167 65654 1
53168 44481 1
53168 53167 1
53168 53169 1
53168 53170 1
53168 53799 1
53168 65654 1
53169 44481 1
53169 53167 1
53169 53168 1
53169 53170 1
53169 53799 1
53169 65654 1
53170 44481 1
53170 53167 1
53170 53168 1
53170 53169 1
53170 53799 1
53170 65654 1
53799 44481 1
53799 53167 1
53799 53168 1
53799 53169 1
53799 53170 1
53799 65654 1
42910 57624 1
42910 73718 1
42910 75843 1
42910 97766 1
57624 42910 1
57624 73718 1
57624 75843 1
57624 97766 1
113973 77861 1
113973 87193 1
113973 92953 1
113973 110934 1
110929 110928 1
110929 110932 1
110929 110933 1
110929 110934 1
110933 110928 1
110933 110929 1
110933 110932 1
110933 110934 1
110933 113186 1
110934 77861 1
110934 92953 1
110934 110928 1
110934 110929 1
110934 110932 1
110934 110933 1
110934 113973 1
110934 118163 1
110292 116639 1
75844 53157 1
75844 80928 1
75844 85696 1
66737 77861 1
66737 92951 1
66737 117193 1
92951 66737 1
92951 77861 1
92951 117193 1
117193 66737 1
117193 77861 1
117193 92951 1
77869 77870 1
77869 84791 1
77869 94557 1
77870 77869 1
77870 84791 1
77870 94557 1
95729 95726 1
97884 104028 1
97884 104029 1
97884 105327 1
104028 97884 1
104028 104029 1
104028 105327 1
105327 97884 1
105327 104028 1
105327 104029 1
112065 81165 1
112065 112066 1
112065 112067 1
112065 112068 1
112065 112069 1
112065 113186 1
112066 81165 1
112066 112065 1
112066 112067 1
112066 112068 1
112066 112069 1
112066 113186 1
112068 81165 1
112068 112065 1
112068 112066 1
112068 112067 1
112068 112069 1
112068 113186 1
112069 81165 1
112069 112065 1
112069 112066 1
112069 112067 1
112069 112068 1
112069 113186 1
117905 117906 1
77868 68890 1
77868 84177 1
98671 76477 1
122510 76477 1
123523 76477 1
77909 77872 1
77909 92952 1
77909 105323 1
92952 77872 1
92952 77909 1
92952 105323 1
105323 77872 1
105323 77909 1
105323 92952 1
95951 95952 1
77883 84752 1
108432 108433 1
105317 110283 1
105317 116117 1
54766 52362 2
54766 74503 1
54766 126457 7
54766 126458 5
54766 126460 6
126457 52362 2
126457 54766 7
126457 74503 1
126457 126458 7
126457 126460 6
126458 52362 1
126458 54766 5
126458 74503 2
126458 126457 7
126458 126460 7
126460 52362 1
126460 54766 6
126460 74503 2
126460 126457 6
126460 126458 7
126156 74503 1
85783 62865 1
85783 85784 2
85784 62865 1
85784 85783 2
114565 66684 1
114565 73889 1
