122191 121663 1
121663 102974 1
121663 105697 1
121663 115634 1
121663 120020 1
121663 120021 1
121663 120117 1
121663 120195 1
121663 120205 1
121663 120338 1
121663 120624 1
121663 120629 1
121663 120662 1
121663 120818 1
121663 121151 1
121663 121661 1
121663 121664 1
121663 121665 1
121663 121667 1
121663 121668 1
121663 122191 1
102974 103084 1
102974 105697 1
102974 113672 1
102974 120117 1
102974 120195 1
102974 120205 1
102974 120308 1
102974 120338 1
102974 120514 1
102974 120599 1
102974 120604 1
102974 120624 1
102974 120629 1
102974 120662 1
102974 120665 1
102974 120818 1
102974 121151 1
102974 121663 1
102974 124683 1
105697 102974 1
105697 110317 1
105697 113575 1
105697 113608 1
105697 120117 1
105697 120185 1
105697 120195 1
105697 120205 1
105697 120220 1
105697 120338 1
105697 120624 1
105697 120629 1
105697 120662 4
105697 120789 1
105697 120818 1
105697 120939 1
105697 120940 1
105697 121151 1
105697 121311 1
105697 121663 1
105697 123529 1
115634 108941 1
115634 110317 1
115634 113257 1
115634 115168 1
115634 119919 1
115634 119920 1
115634 119933 1
115634 119935 1
115634 119936 1
115634 120020 1
115634 120021 1
115634 121661 1
115634 121663 1
115634 121664 1
115634 121665 1
115634 121667 1
115634 121668 1
115634 122722 1
120020 103353 1
120020 104619 1
120020 104714 1
120020 115168 1
120020 115599 1
120020 115604 1
120020 115634 1
120020 115702 1
120020 119992 1
120020 120010 1
120020 120021 1
120020 120071 1
120020 120128 1
120020 120209 1
120020 120338 1
120020 121661 1
120020 121663 1
120020 121664 1
120020 121665 1
120020 121667 1
120020 121668 1
120021 86790 1
120021 94455 1
120021 111751 1
120021 113669 1
120021 115634 1
120021 119998 1
120021 120020 1
120021 120295 1
120021 120303 1
120021 120510 1
120021 120524 1
120021 121305 1
120021 121306 1
120021 121307 1
120021 121309 1
120021 121310 1
120021 121311 1
120021 121312 1
120021 121661 1
120021 121663 1
120021 121664 1
120021 121665 1
120021 121667 1
120021 121668 1
120021 124354 1
120117 102974 1
120117 105697 1
120117 120195 1
120117 120205 1
120117 120338 1
120117 120567 1
120117 120574 1
120117 120624 1
120117 120629 1
120117 120662 1
120117 120818 1
120117 121151 1
120117 121663 1
120195 94474 1
120195 99834 1
120195 102974 1
120195 105697 1
120195 108795 1
120195 111748 1
120195 114220 1
120195 115719 1
120195 117507 1
120195 117516 1
120195 119628 1
120195 120017 1
120195 120117 1
120195 120196 1
120195 120197 1
120195 120198 1
120195 120199 1
120195 120200 1
120195 120201 1
120195 120202 1
120195 120203 1
120195 120204 1
120195 120205 2
120195 120234 1
120195 120237 1
120195 120306 1
120195 120338 1
120195 120553 1
120195 120554 1
120195 120555 1
120195 120556 1
120195 120560 1
120195 120561 1
120195 120590 1
120195 120624 1
120195 120629 1
120195 120662 1
120195 120818 1
120195 121151 1
120195 121283 1
120195 121563 1
120195 121663 1
120195 123753 1
120195 124680 1
120205 2408 1
120205 86788 1
120205 86789 2
120205 93510 1
120205 102974 1
120205 105697 1
120205 111216 1
120205 112267 1
120205 114871 1
120205 115205 1
120205 120117 1
120205 120134 1
120205 120163 1
120205 120195 2
120205 120196 1
120205 120197 1
120205 120198 1
120205 120199 1
120205 120200 1
120205 120201 1
120205 120202 1
120205 120203 1
120205 120204 2
120205 120233 1
120205 120304 1
120205 120308 1
120205 120338 1
120205 120549 1
120205 120551 1
120205 120567 1
120205 120568 1
120205 120571 1
120205 120574 1
120205 120598 2
120205 120599 1
120205 120600 1
120205 120601 1
120205 120602 2
120205 120603 1
120205 120624 1
120205 120629 1
120205 120662 1
120205 120818 1
120205 121060 1
120205 121151 1
120205 121566 1
120205 121663 1
120205 121915 1
120205 121916 1
120205 122402 1
120205 123446 1
120205 124683 1
120205 125450 1
120338 102974 1
120338 103353 1
120338 104619 1
120338 104714 1
120338 105697 1
120338 115168 1
120338 115599 1
120338 115604 1
120338 115702 1
120338 119992 1
120338 120010 1
120338 120020 1
120338 120071 1
120338 120117 1
120338 120128 1
120338 120195 1
120338 120205 1
120338 120209 1
120338 120624 1
120338 120629 1
120338 120662 1
120338 120818 1
120338 121151 1
120338 121663 1
120624 91031 1
120624 99895 1
120624 102974 1
120624 105697 1
120624 111628 1
120624 111762 1
120624 114870 1
120624 115718 1
120624 116407 1
120624 118313 1
120624 119102 1
120624 120117 1
120624 120195 1
120624 120205 1
120624 120240 1
120624 120338 1
120624 120623 2
120624 120629 1
120624 120662 1
120624 120806 1
120624 120818 1
120624 121151 1
120624 121663 1
120629 102340 1
120629 102974 1
120629 105697 1
120629 116408 1
120629 120117 1
120629 120195 1
120629 120205 1
120629 120332 1
120629 120338 1
120629 120624 1
120629 120627 1
120629 120630 1
120629 120662 1
120629 120818 1
120629 121151 1
120629 121663 1
120662 102974 1
120662 105697 4
120662 110317 1
120662 110674 1
120662 113575 1
120662 113608 1
120662 120117 1
120662 120185 1
120662 120195 1
120662 120205 1
120662 120220 1
120662 120338 1
120662 120624 1
120662 120629 1
120662 120652 1
120662 120653 1
120662 120655 1
120662 120656 1
120662 120659 1
120662 120660 1
120662 120661 1
120662 120663 1
120662 120665 1
120662 120789 1
120662 120818 1
120662 120939 1
120662 120940 1
120662 121151 1
120662 121311 1
120662 121663 1
120662 123529 1
120818 88119 1
120818 99834 1
120818 99916 1
120818 102347 1
120818 102974 1
120818 105697 1
120818 108966 1
120818 111651 1
120818 111774 1
120818 115628 2
120818 118804 1
120818 120006 2
120818 120014 1
120818 120113 1
120818 120117 1
120818 120132 1
120818 120148 1
120818 120162 1
120818 120195 1
120818 120203 3
120818 120204 1
120818 120205 1
120818 120306 1
120818 120338 1
120818 120340 1
120818 120347 1
120818 120550 1
120818 120605 1
120818 120624 1
120818 120629 1
120818 120662 1
120818 120800 1
120818 120816 3
120818 120819 2
120818 120941 1
120818 120942 2
120818 121149 2
120818 121150 1
120818 121151 1
120818 121373 1
120818 121663 1
120818 122307 1
120818 123264 1
120818 123753 1
121151 102974 1
121151 105697 1
121151 120117 1
121151 120195 1
121151 120205 1
121151 120338 1
121151 120624 1
121151 120629 1
121151 120662 1
121151 120818 1
121151 121663 1
121661 115634 1
121661 120020 1
121661 120021 1
121661 121663 1
121661 121664 1
121661 121665 1
121661 121667 1
121661 121668 1
121664 108718 1
121664 111759 1
121664 115634 1
121664 120020 1
121664 120021 1
121664 120201 1
121664 120524 1
121664 120567 1
121664 120615 1
121664 120803 1
121664 121661 1
121664 121663 1
121664 121665 1
121664 121667 1
121664 121668 1
121664 124349 1
121665 102178 1
121665 103403 1
121665 110664 1
121665 115164 1
121665 115634 1
121665 119927 1
121665 119932 1
121665 120020 1
121665 120021 1
121665 120504 1
121665 121661 1
121665 121663 1
121665 121664 1
121665 121667 1
121665 121668 1
121667 103405 1
121667 104700 1
121667 104705 1
121667 104706 1
121667 104714 1
121667 104715 1
121667 110629 1
121667 111643 1
121667 115583 1
121667 115634 1
121667 117319 1
121667 120020 1
121667 120021 1
121667 120184 1
121667 120275 1
121667 120521 1
121667 120617 1
121667 120820 1
121667 120821 1
121667 120822 1
121667 120823 1
121667 121661 1
121667 121663 1
121667 121664 1
121667 121665 1
121667 121668 1
121668 86789 1
121668 104705 1
121668 115634 1
121668 118292 1
121668 119934 1
121668 120020 1
121668 120021 1
121668 120163 1
121668 120274 1
121668 120522 1
121668 120600 1
121668 121057 1
121668 121058 1
121668 121059 1
121668 121060 1
121668 121661 1
121668 121663 1
121668 121664 1
121668 121665 1
121668 121667 1
121668 121806 1
121668 122773 1
103084 102974 1
103084 103070 1
103084 112292 1
103084 113672 1
103084 120297 1
103084 120308 1
103084 120514 2
103084 120599 1
103084 120604 1
103084 120615 1
103084 120617 2
103084 120665 1
103084 122552 1
103084 124349 1
103084 124683 1
113672 102974 1
113672 103084 1
113672 120308 1
113672 120514 1
113672 120599 1
113672 120604 1
113672 120617 1
113672 120665 1
113672 124683 1
120308 86788 1
120308 86789 1
120308 102974 1
120308 103084 1
120308 110673 1
120308 112267 1
120308 112269 1
120308 113672 1
120308 115205 1
120308 116407 1
120308 116408 1
120308 120134 1
120308 120185 1
120308 120204 2
120308 120205 1
120308 120304 1
120308 120340 1
120308 120514 1
120308 120567 1
120308 120574 1
120308 120597 1
120308 120598 1
120308 120599 2
120308 120601 1
120308 120602 1
120308 120603 1
120308 120604 1
120308 120665 1
120308 121162 1
120308 121915 1
120308 121916 1
120308 123446 1
120308 124683 1
120514 102974 1
120514 103084 2
120514 113672 1
120514 120308 1
120514 120599 1
120514 120604 1
120514 120615 1
120514 120617 1
120514 120665 1
120514 124683 1
120599 86789 1
120599 102974 1
120599 103084 1
120599 109093 1
120599 110673 1
120599 111216 1
120599 112269 1
120599 113672 1
120599 114871 1
120599 116408 1
120599 120134 1
120599 120163 1
120599 120185 1
120599 120204 1
120599 120205 1
120599 120233 1
120599 120308 2
120599 120329 1
120599 120514 1
120599 120549 1
120599 120557 1
120599 120561 1
120599 120567 1
120599 120568 1
120599 120571 1
120599 120574 1
120599 120596 1
120599 120597 1
120599 120598 2
120599 120600 2
120599 120601 1
120599 120602 1
120599 120603 1
120599 120604 1
120599 120665 1
120599 121060 1
120599 121162 1
120599 122402 1
120599 124683 2
120604 102974 1
120604 103084 1
120604 113672 1
120604 120308 1
120604 120514 1
120604 120599 1
120604 120665 1
120604 124683 1
120665 102974 1
120665 103084 1
120665 110674 1
120665 113672 1
120665 120308 1
120665 120514 1
120665 120599 1
120665 120604 1
120665 120652 1
120665 120653 1
120665 120655 1
120665 120656 1
120665 120659 1
120665 120660 1
120665 120661 1
120665 120662 1
120665 120663 1
120665 122722 1
120665 124683 1
124683 86789 1
124683 102974 1
124683 103084 1
124683 111216 1
124683 113672 1
124683 114871 1
124683 120163 1
124683 120200 1
124683 120204 3
124683 120205 1
124683 120233 1
124683 120308 1
124683 120340 1
124683 120514 1
124683 120549 2
124683 120551 2
124683 120568 2
124683 120571 1
124683 120574 2
124683 120598 1
124683 120599 2
124683 120600 1
124683 120604 1
124683 120665 1
124683 121057 1
124683 121058 1
124683 121060 1
124683 122402 1
124683 124676 1
124683 124677 1
124683 124678 1
124683 124679 1
124683 124680 1
124683 124682 1
124683 125450 1
124683 126254 1
110317 105697 1
110317 108941 1
110317 113257 1
110317 113575 1
110317 115168 1
110317 115634 1
110317 119919 1
110317 119920 1
110317 119933 1
110317 119935 1
110317 119936 1
110317 120185 1
110317 120662 1
110317 120789 1
110317 120939 1
110317 120940 1
110317 121311 1
110317 122722 1
110317 123529 1
113575 102178 1
113575 105697 1
113575 110317 1
113575 111748 1
113575 115164 1
113575 120185 1
113575 120524 1
113575 120662 1
113575 120789 2
113575 120800 1
113575 120939 1
113575 120940 1
113575 121283 1
113575 121310 1
113575 121311 2
113575 123529 2
113608 102340 1
113608 105697 1
113608 106001 1
113608 107467 1
113608 108889 1
113608 108932 1
113608 111716 1
113608 113688 1
113608 115168 1
113608 116403 1
113608 117507 1
113608 118903 1
113608 120185 1
113608 120210 1
113608 120220 1
113608 120662 1
120185 105697 1
120185 106001 1
120185 110317 1
120185 110673 2
120185 113575 1
120185 113608 1
120185 115168 1
120185 116408 1
120185 118903 1
120185 120210 1
120185 120292 1
120185 120308 1
120185 120491 1
120185 120599 1
120185 120662 1
120185 120789 1
120185 120939 1
120185 120940 1
120185 121162 1
120185 121311 1
120185 121670 1
120185 123529 1
120220 105697 1
120220 113608 1
120220 120662 1
120789 105697 1
120789 110317 1
120789 111759 1
120789 113575 2
120789 120185 1
120789 120524 1
120789 120662 1
120789 120939 1
120789 120940 2
120789 121310 1
120789 121311 2
120789 123529 3
120939 105697 1
120939 110317 1
120939 113575 1
120939 120185 1
120939 120662 1
120939 120789 1
120939 120940 1
120939 121311 1
120939 123529 1
120940 105697 1
120940 110317 1
120940 113575 1
120940 120185 1
120940 120662 1
120940 120789 2
120940 120939 1
120940 121311 1
120940 123529 2
121311 86790 1
121311 105697 1
121311 110317 1
121311 113575 2
121311 114680 1
121311 118804 1
121311 119998 1
121311 120021 1
121311 120185 1
121311 120524 3
121311 120662 1
121311 120789 2
121311 120939 1
121311 120940 1
121311 121305 1
121311 121306 1
121311 121307 1
121311 121309 1
121311 121310 2
121311 121312 1
121311 123529 2
123529 105697 1
123529 110317 1
123529 113575 2
123529 120185 1
123529 120524 1
123529 120662 1
123529 120789 3
123529 120939 1
123529 120940 2
123529 121310 1
123529 121311 2
123529 121670 1
108941 110317 1
108941 113257 1
108941 115168 1
108941 115634 1
108941 119919 1
108941 119920 1
108941 119933 1
108941 119935 1
108941 119936 1
108941 122722 1
113257 108941 1
113257 110317 1
113257 113255 1
113257 115168 1
113257 115634 1
113257 119919 1
113257 119920 1
113257 119933 1
113257 119935 1
113257 119936 1
113257 121669 1
113257 122722 1
115168 103353 1
115168 104619 1
115168 104714 1
115168 106001 1
115168 108941 1
115168 110317 1
115168 113257 1
115168 113608 1
115168 115599 1
115168 115604 1
115168 115634 1
115168 115702 1
115168 118903 1
115168 119919 1
115168 119920 1
115168 119933 1
115168 119935 1
115168 119936 1
115168 119992 1
115168 120010 1
115168 120020 1
115168 120071 1
115168 120128 1
115168 120185 1
115168 120209 1
115168 120210 1
115168 120338 1
115168 122722 1
119919 108941 1
119919 110317 1
119919 113257 1
119919 115168 1
119919 115634 1
119919 119920 2
119919 119927 1
119919 119932 1
119919 119933 2
119919 119934 1
119919 119935 1
119919 119936 1
119919 120163 1
119919 122402 1
119919 122722 1
119920 108941 1
119920 110317 1
119920 113257 1
119920 115168 1
119920 115583 1
119920 115604 1
119920 115634 1
119920 119919 2
119920 119933 1
119920 119935 1
119920 119936 1
119920 122722 1
119933 108941 1
119933 110317 1
119933 113257 1
119933 115168 1
119933 115634 1
119933 119919 2
119933 119920 1
119933 119927 1
119933 119932 1
119933 119934 1
119933 119935 1
119933 119936 1
119933 120163 1
119933 122402 1
119933 122722 1
119935 108941 1
119935 110317 1
119935 113257 1
119935 115168 1
119935 115634 1
119935 119919 1
119935 119920 1
119935 119933 1
119935 119936 1
119935 122722 1
119936 108941 1
119936 110317 1
119936 113257 1
119936 115168 1
119936 115634 1
119936 119919 1
119936 119920 1
119936 119933 1
119936 119935 1
119936 122722 1
122722 108941 1
122722 110317 1
122722 113257 1
122722 115168 1
122722 115634 1
122722 119102 1
122722 119919 1
122722 119920 1
122722 119933 1
122722 119935 1
122722 119936 1
122722 120665 1
122722 120806 1
103353 104619 1
103353 104714 1
103353 115168 1
103353 115599 1
103353 115604 1
103353 115702 1
103353 119992 1
103353 120010 1
103353 120020 1
103353 120071 1
103353 120128 1
103353 120209 1
103353 120338 1
104619 103353 1
104619 104714 1
104619 115168 1
104619 115599 1
104619 115604 1
104619 115702 1
104619 119992 1
104619 120010 1
104619 120020 1
104619 120071 1
104619 120128 1
104619 120209 1
104619 120338 1
104714 103353 1
104714 104619 1
104714 104715 1
104714 115168 1
104714 115599 1
104714 115604 1
104714 115702 1
104714 119992 1
104714 120010 1
104714 120020 1
104714 120071 1
104714 120128 1
104714 120184 1
104714 120209 1
104714 120338 1
104714 120521 1
104714 120820 1
104714 120821 1
104714 120822 1
104714 120823 1
104714 121667 1
115599 103353 1
115599 104619 1
115599 104714 1
115599 115168 1
115599 115604 1
115599 115702 1
115599 119992 1
115599 120010 1
115599 120020 1
115599 120071 1
115599 120128 1
115599 120209 1
115599 120338 1
115604 103353 1
115604 104619 1
115604 104714 1
115604 115168 1
115604 115583 1
115604 115599 1
115604 115702 1
115604 119920 1
115604 119992 1
115604 120010 1
115604 120020 1
115604 120071 1
115604 120128 1
115604 120209 1
115604 120338 1
115702 103353 1
115702 104619 1
115702 104714 1
115702 115168 1
115702 115599 1
115702 115604 1
115702 119992 1
115702 120010 1
115702 120020 1
115702 120071 1
115702 120128 1
115702 120209 1
115702 120338 1
119992 103353 1
119992 104619 1
119992 104714 1
119992 110674 1
119992 111762 1
119992 115168 1
119992 115599 1
119992 115604 1
119992 115702 1
119992 120010 1
119992 120020 1
119992 120071 1
119992 120128 1
119992 120209 1
119992 120338 1
120010 103353 1
120010 104619 1
120010 104714 1
120010 107466 1
120010 115168 1
120010 115599 1
120010 115604 1
120010 115702 1
120010 119992 1
120010 120020 1
120010 120071 1
120010 120128 1
120010 120209 1
120010 120338 1
120071 103353 1
120071 104619 1
120071 104714 1
120071 115168 1
120071 115599 1
120071 115604 1
120071 115702 1
120071 119992 1
120071 120010 1
120071 120020 1
120071 120128 1
120071 120209 1
120071 120338 1
120128 103353 1
120128 104619 1
120128 104714 1
120128 115168 1
120128 115599 1
120128 115604 1
120128 115702 1
120128 119992 1
120128 120010 1
120128 120020 1
120128 120071 1
120128 120209 1
120128 120338 1
120209 103353 1
120209 104619 1
120209 104714 1
120209 114870 1
120209 115168 1
120209 115599 1
120209 115604 1
120209 115702 1
120209 119992 1
120209 120010 1
120209 120020 1
120209 120071 1
120209 120128 1
120209 120234 1
120209 120338 1
86790 86794 1
86790 119998 1
86790 120021 1
86790 120524 1
86790 121305 1
86790 121306 1
86790 121307 1
86790 121309 1
86790 121310 1
86790 121311 1
86790 121312 1
94455 120021 1
111751 113669 1
111751 120021 1
111751 120295 1
111751 120303 1
111751 120510 1
111751 124354 1
113669 99901 1
113669 108936 1
113669 111751 1
113669 113947 1
113669 113951 1
113669 118307 1
113669 120021 1
113669 120295 1
113669 120297 1
113669 120303 1
113669 120507 1
113669 120510 1
113669 120938 1
113669 121843 1
113669 122399 1
113669 124354 1
113669 124414 1
119998 86790 1
119998 120021 1
119998 120524 1
119998 121305 1
119998 121306 1
119998 121307 1
119998 121309 1
119998 121310 1
119998 121311 1
119998 121312 1
120295 111751 1
120295 113669 1
120295 120021 1
120295 120297 1
120295 120303 1
120295 120510 1
120295 120617 1
120295 124354 1
120303 111751 1
120303 113669 1
120303 120021 1
120303 120295 1
120303 120510 1
120303 124354 1
120510 111751 1
120510 113669 1
120510 120021 1
120510 120295 1
120510 120303 1
120510 124354 1
120524 86790 1
120524 111759 1
120524 113575 1
120524 114680 1
120524 118804 1
120524 119998 1
120524 120021 1
120524 120567 1
120524 120615 1
120524 120789 1
120524 121305 1
120524 121306 1
120524 121307 1
120524 121309 1
120524 121310 2
120524 121311 3
120524 121312 1
120524 121664 1
120524 123529 1
120524 124349 1
121305 86790 1
121305 111643 1
121305 115609 1
121305 119998 1
121305 120021 1
121305 120524 1
121305 121306 1
121305 121307 1
121305 121309 1
121305 121310 1
121305 121311 1
121305 121312 1
121306 86790 1
121306 119998 1
121306 120021 1
121306 120524 1
121306 121305 1
121306 121307 1
121306 121309 1
121306 121310 1
121306 121311 1
121306 121312 1
121307 86790 1
121307 118294 1
121307 119998 1
121307 120021 1
121307 120082 1
121307 120134 1
121307 120148 1
121307 120199 1
121307 120204 1
121307 120304 1
121307 120522 1
121307 120524 1
121307 121305 1
121307 121306 1
121307 121309 1
121307 121310 1
121307 121311 1
121307 121312 1
121309 86790 1
121309 119998 1
121309 120021 1
121309 120524 1
121309 121305 1
121309 121306 1
121309 121307 1
121309 121310 1
121309 121311 1
121309 121312 1
121310 86790 1
121310 113575 1
121310 119998 1
121310 120021 1
121310 120524 2
121310 120789 1
121310 121305 1
121310 121306 1
121310 121307 1
121310 121309 1
121310 121311 2
121310 121312 1
121310 123529 1
121312 86790 1
121312 119998 1
121312 120021 1
121312 120524 1
121312 121305 1
121312 121306 1
121312 121307 1
121312 121309 1
121312 121310 1
121312 121311 1
124354 111751 1
124354 113669 1
124354 120021 1
124354 120295 1
124354 120303 1
124354 120510 1
120567 86788 1
120567 86789 1
120567 109093 1
120567 111759 1
120567 112267 1
120567 112269 1
120567 115205 1
120567 119213 1
120567 120117 1
120567 120134 2
120567 120204 1
120567 120205 1
120567 120304 1
120567 120308 1
120567 120329 1
120567 120524 1
120567 120557 1
120567 120561 1
120567 120574 3
120567 120598 1
120567 120599 1
120567 120601 1
120567 120602 1
120567 120603 2
120567 120615 1
120567 120816 1
120567 121664 1
120567 121915 1
120567 121916 1
120567 123446 1
120567 124349 1
120574 86788 1
120574 86789 1
120574 109093 1
120574 112267 1
120574 112269 1
120574 115205 1
120574 120117 1
120574 120134 2
120574 120200 1
120574 120204 3
120574 120205 1
120574 120304 1
120574 120308 1
120574 120329 1
120574 120340 1
120574 120549 1
120574 120551 2
120574 120557 1
120574 120561 2
120574 120567 3
120574 120568 1
120574 120598 1
120574 120599 1
120574 120601 1
120574 120602 1
120574 120603 1
120574 121057 1
120574 121058 1
120574 121915 1
120574 121916 1
120574 123446 1
120574 124683 2
120574 125450 1
94474 119628 1
94474 120195 1
94474 120553 1
94474 120554 1
94474 120555 1
94474 120556 1
99834 88119 1
99834 90129 1
99834 99901 1
99834 107467 1
99834 108795 1
99834 108797 1
99834 110638 1
99834 111644 1
99834 111737 1
99834 111748 1
99834 113679 1
99834 113944 1
99834 113948 1
99834 114220 1
99834 114865 1
99834 115163 1
99834 115628 1
99834 115719 1
99834 117507 1
99834 117516 1
99834 118908 1
99834 119771 1
99834 120006 1
99834 120017 1
99834 120195 1
99834 120234 1
99834 120237 1
99834 120590 1
99834 120605 1
99834 120633 1
99834 120800 2
99834 120818 1
99834 120942 1
99834 121149 1
99834 121283 1
99834 121563 1
99834 122307 1
99834 123753 2
108795 99834 1
108795 111748 1
108795 114220 1
108795 115719 1
108795 117507 1
108795 117516 1
108795 120017 1
108795 120195 1
108795 120234 1
108795 120237 1
108795 120590 1
108795 121283 1
108795 121563 1
108795 123753 1
111748 99834 1
111748 108795 1
111748 109359 1
111748 113575 1
111748 114220 1
111748 115164 1
111748 115719 1
111748 117507 1
111748 117516 1
111748 120017 1
111748 120195 1
111748 120234 1
111748 120237 1
111748 120590 1
111748 121283 1
111748 121563 1
111748 123753 1
114220 99834 1
114220 108795 1
114220 111748 1
114220 115719 1
114220 117507 1
114220 117516 1
114220 120017 1
114220 120195 1
114220 120234 1
114220 120237 1
114220 120590 1
114220 121283 1
114220 121563 1
114220 123753 1
115719 99834 1
115719 108795 1
115719 111748 1
115719 114220 1
115719 117507 1
115719 117516 1
115719 120017 1
115719 120195 1
115719 120234 1
115719 120237 1
115719 120590 1
115719 121283 1
115719 121563 1
115719 123753 1
117507 99834 1
117507 108795 1
117507 111748 1
117507 113608 1
117507 114220 1
117507 115719 1
117507 116403 1
117507 117516 1
117507 120017 1
117507 120195 1
117507 120234 1
117507 120237 1
117507 120590 1
117507 121283 1
117507 121563 1
117507 123753 1
117516 99834 1
117516 108795 1
117516 111748 1
117516 114220 1
117516 115719 1
117516 117507 1
117516 120017 1
117516 120195 1
117516 120234 1
117516 120237 1
117516 120590 1
117516 121283 1
117516 121563 1
117516 123753 1
119628 94474 1
119628 120195 1
119628 120553 1
119628 120554 1
119628 120555 1
119628 120556 1
120017 99834 1
120017 108795 1
120017 111748 1
120017 114220 1
120017 115719 1
120017 117507 1
120017 117516 1
120017 120006 1
120017 120195 1
120017 120234 1
120017 120237 1
120017 120590 1
120017 120823 1
120017 121283 1
120017 121563 1
120017 123753 1
120196 120195 1
120196 120197 1
120196 120198 1
120196 120199 1
120196 120200 1
120196 120201 1
120196 120202 1
120196 120203 1
120196 120204 1
120196 120205 1
120197 118313 1
120197 120182 1
120197 120195 1
120197 120196 1
120197 120198 1
120197 120199 1
120197 120200 1
120197 120201 1
120197 120202 1
120197 120203 1
120197 120204 2
120197 120205 1
120197 120800 1
120198 120195 1
120198 120196 1
120198 120197 1
120198 120199 1
120198 120200 1
120198 120201 1
120198 120202 1
120198 120203 1
120198 120204 1
120198 120205 1
120199 120134 1
120199 120148 1
120199 120195 1
120199 120196 1
120199 120197 1
120199 120198 1
120199 120200 1
120199 120201 1
120199 120202 1
120199 120203 1
120199 120204 2
120199 120205 1
120199 120304 1
120199 120522 1
120199 121307 1
120200 120195 1
120200 120196 1
120200 120197 1
120200 120198 1
120200 120199 1
120200 120201 1
120200 120202 1
120200 120203 1
120200 120204 2
120200 120205 1
120200 120551 1
120200 120568 1
120200 120574 1
120200 121057 1
120200 124683 1
120201 108718 1
120201 120006 1
120201 120195 1
120201 120196 1
120201 120197 1
120201 120198 1
120201 120199 1
120201 120200 1
120201 120202 1
120201 120203 1
120201 120204 1
120201 120205 1
120201 120803 2
120201 121664 1
120202 86793 1
120202 93709 1
120202 95293 1
120202 104713 1
120202 113208 1
120202 120195 1
120202 120196 1
120202 120197 1
120202 120198 1
120202 120199 1
120202 120200 1
120202 120201 1
120202 120203 1
120202 120204 1
120202 120205 1
120202 120531 1
120202 120532 1
120202 120534 1
120203 99916 1
120203 108966 1
120203 111651 1
120203 111774 1
120203 115628 1
120203 120132 1
120203 120195 1
120203 120196 1
120203 120197 1
120203 120198 1
120203 120199 1
120203 120200 1
120203 120201 1
120203 120202 1
120203 120204 2
120203 120205 1
120203 120280 1
120203 120306 1
120203 120548 1
120203 120549 1
120203 120560 1
120203 120568 1
120203 120816 1
120203 120818 3
120203 121058 1
120203 121149 1
120203 121150 1
120203 123753 1
120204 86788 1
120204 86789 1
120204 108966 1
120204 111774 1
120204 112267 1
120204 112269 1
120204 115205 1
120204 116407 1
120204 120134 2
120204 120148 1
120204 120195 1
120204 120196 1
120204 120197 2
120204 120198 1
120204 120199 2
120204 120200 2
120204 120201 1
120204 120202 1
120204 120203 2
120204 120205 2
120204 120280 1
120204 120304 2
120204 120308 2
120204 120340 2
120204 120522 1
120204 120548 1
120204 120549 2
120204 120551 2
120204 120560 1
120204 120567 1
120204 120568 3
120204 120574 3
120204 120596 1
120204 120597 2
120204 120598 2
120204 120599 1
120204 120600 1
120204 120601 2
120204 120602 2
120204 120603 2
120204 120818 1
120204 120941 1
120204 120942 1
120204 121057 1
120204 121058 2
120204 121307 1
120204 121566 1
120204 121915 1
120204 121916 1
120204 123446 1
120204 124676 1
120204 124677 1
120204 124678 1
120204 124679 1
120204 124680 1
120204 124682 1
120204 124683 3
120204 124686 1
120204 125450 1
120234 99834 1
120234 108795 1
120234 111748 1
120234 114220 1
120234 114870 1
120234 115719 1
120234 117507 1
120234 117516 1
120234 120017 1
120234 120195 1
120234 120209 1
120234 120237 1
120234 120590 1
120234 121283 1
120234 121563 1
120234 123753 1
120237 99834 1
120237 108795 1
120237 111748 1
120237 114220 1
120237 115719 1
120237 117507 1
120237 117516 1
120237 120017 1
120237 120195 1
120237 120234 1
120237 120590 1
120237 121283 1
120237 121563 1
120237 123753 1
120306 108966 1
120306 115628 1
120306 120195 1
120306 120203 1
120306 120560 1
120306 120561 1
120306 120818 1
120306 121149 1
120306 124680 1
120553 94467 1
120553 94474 1
120553 102357 1
120553 102358 1
120553 102360 1
120553 105374 1
120553 107807 1
120553 119628 1
120553 119632 1
120553 120195 1
120553 120554 1
120553 120555 1
120553 120556 1
120554 94474 1
120554 119628 1
120554 120195 1
120554 120553 1
120554 120555 1
120554 120556 1
120555 86788 1
120555 94474 1
120555 113923 1
120555 113946 1
120555 113966 1
120555 119628 1
120555 120195 1
120555 120553 1
120555 120554 1
120555 120556 1
120555 120617 1
120556 94474 1
120556 119628 1
120556 120195 1
120556 120553 1
120556 120554 1
120556 120555 1
120560 86789 1
120560 111774 2
120560 120195 1
120560 120203 1
120560 120204 1
120560 120280 1
120560 120306 1
120560 120548 1
120560 120549 1
120560 120551 1
120560 120561 2
120560 120568 1
120560 121058 1
120560 121566 1
120560 122307 1
120560 124680 1
120561 109093 1
120561 112269 1
120561 120134 1
120561 120195 1
120561 120306 1
120561 120329 1
120561 120557 1
120561 120560 2
120561 120567 1
120561 120574 2
120561 120599 1
120561 124680 1
120590 99834 1
120590 108795 1
120590 111748 1
120590 114220 1
120590 115628 1
120590 115719 1
120590 117507 1
120590 117516 1
120590 120017 1
120590 120195 1
120590 120234 1
120590 120237 1
120590 121283 1
120590 121563 1
120590 123753 1
121283 99834 1
121283 108795 1
121283 111748 1
121283 113575 1
121283 114220 1
121283 115719 1
121283 117507 1
121283 117516 1
121283 120017 1
121283 120195 1
121283 120234 1
121283 120237 1
121283 120590 1
121283 121563 1
121283 123753 1
121563 99834 1
121563 108795 1
121563 111748 1
121563 114220 1
121563 115719 1
121563 117507 1
121563 117516 1
121563 120017 1
121563 120195 1
121563 120234 1
121563 120237 1
121563 120590 1
121563 121283 1
121563 123753 1
123753 90129 1
123753 99834 2
123753 99916 1
123753 108795 1
123753 108797 1
123753 111644 1
123753 111651 1
123753 111748 1
123753 114220 1
123753 114870 1
123753 115163 1
123753 115719 1
123753 117507 1
123753 117516 1
123753 118313 1
123753 118908 1
123753 120014 1
123753 120017 1
123753 120132 1
123753 120195 1
123753 120203 1
123753 120234 1
123753 120237 1
123753 120590 1
123753 120818 1
123753 121283 1
123753 121563 1
123753 123752 1
124680 120195 1
124680 120204 1
124680 120306 1
124680 120560 1
124680 120561 1
124680 120816 1
124680 124676 1
124680 124677 1
124680 124678 1
124680 124679 1
124680 124682 1
124680 124683 1
2408 93510 1
2408 120205 1
86788 86789 1
86788 112267 1
86788 115205 1
86788 120134 1
86788 120204 1
86788 120205 1
86788 120304 1
86788 120308 1
86788 120555 1
86788 120567 1
86788 120574 1
86788 120598 1
86788 120601 1
86788 120602 1
86788 120603 1
86788 121915 1
86788 121916 1
86788 123446 1
86789 86788 1
86789 104705 1
86789 111216 1
86789 112267 1
86789 114871 1
86789 115205 1
86789 118292 1
86789 119934 1
86789 120134 1
86789 120163 2
86789 120204 1
86789 120205 2
86789 120233 1
86789 120274 1
86789 120304 1
86789 120308 1
86789 120522 1
86789 120549 1
86789 120560 1
86789 120567 1
86789 120568 1
86789 120571 1
86789 120574 1
86789 120598 2
86789 120599 1
86789 120600 2
86789 120601 1
86789 120602 1
86789 120603 1
86789 121057 1
86789 121058 1
86789 121059 1
86789 121060 2
86789 121668 1
86789 121806 1
86789 121915 1
86789 121916 1
86789 122307 1
86789 122402 1
86789 122773 1
86789 123446 1
86789 124683 1
93510 2408 1
93510 120205 1
111216 86789 1
111216 114871 1
111216 120163 1
111216 120205 1
111216 120233 1
111216 120549 1
111216 120568 1
111216 120571 1
111216 120598 1
111216 120599 1
111216 120600 1
111216 121060 1
111216 122402 1
111216 124683 1
112267 86788 1
112267 86789 1
112267 115205 1
112267 120134 1
112267 120204 1
112267 120205 1
112267 120304 1
112267 120308 1
112267 120567 1
112267 120574 1
112267 120598 1
112267 120601 1
112267 120602 1
112267 120603 1
112267 121915 1
112267 121916 1
112267 123446 1
114871 86789 1
114871 111216 1
114871 120163 1
114871 120205 1
114871 120233 1
114871 120549 1
114871 120568 1
114871 120571 1
114871 120598 1
114871 120599 1
114871 120600 1
114871 121060 1
114871 122402 1
114871 124683 1
115205 86788 1
115205 86789 1
115205 86793 1
115205 112267 1
115205 120134 1
115205 120204 1
115205 120205 1
115205 120304 1
115205 120308 1
115205 120567 1
115205 120574 1
115205 120598 1
115205 120601 1
115205 120602 1
115205 120603 1
115205 121915 1
115205 121916 1
115205 123446 2
120134 86788 1
120134 86789 1
120134 109093 1
120134 112267 1
120134 112269 1
120134 115205 1
120134 120148 1
120134 120199 1
120134 120204 2
120134 120205 1
120134 120304 2
120134 120308 1
120134 120329 1
120134 120522 1
120134 120557 1
120134 120561 1
120134 120567 2
120134 120574 2
120134 120598 1
120134 120599 1
120134 120601 1
120134 120602 1
120134 120603 1
120134 121307 1
120134 121915 1
120134 121916 1
120134 123446 1
120163 86789 2
120163 104705 1
120163 111216 1
120163 114871 1
120163 118292 1
120163 119919 1
120163 119927 1
120163 119932 1
120163 119933 1
120163 119934 2
120163 120205 1
120163 120233 1
120163 120274 1
120163 120522 1
120163 120549 1
120163 120568 1
120163 120571 1
120163 120598 1
120163 120599 1
120163 120600 2
120163 121057 1
120163 121058 1
120163 121059 1
120163 121060 2
120163 121668 1
120163 121806 1
120163 122402 2
120163 122773 1
120163 124683 1
120233 86789 1
120233 111216 1
120233 114871 1
120233 120163 1
120233 120184 1
120233 120205 1
120233 120549 1
120233 120568 1
120233 120571 1
120233 120598 1
120233 120599 1
120233 120600 1
120233 121060 1
120233 122402 1
120233 124683 1
120304 86788 1
120304 86789 1
120304 112267 1
120304 115205 1
120304 120134 2
120304 120148 1
120304 120199 1
120304 120204 2
120304 120205 1
120304 120308 1
120304 120522 1
120304 120567 1
120304 120574 1
120304 120598 1
120304 120601 1
120304 120602 1
120304 120603 1
120304 121307 1
120304 121915 1
120304 121916 1
120304 123446 1
120549 86789 1
120549 111216 1
120549 111774 1
120549 114871 1
120549 120163 1
120549 120203 1
120549 120204 2
120549 120205 1
120549 120233 1
120549 120280 1
120549 120340 1
120549 120548 1
120549 120551 1
120549 120560 1
120549 120568 2
120549 120571 1
120549 120574 1
120549 120598 1
120549 120599 1
120549 120600 1
120549 121058 2
120549 121060 1
120549 122402 1
120549 124683 2
120549 125450 1
120551 120200 1
120551 120204 2
120551 120205 1
120551 120340 1
120551 120549 1
120551 120560 1
120551 120568 1
120551 120574 2
120551 121057 1
120551 121058 1
120551 121149 1
120551 121566 1
120551 124683 2
120551 125450 2
120568 86789 1
120568 111216 1
120568 111774 1
120568 114871 1
120568 120163 1
120568 120200 1
120568 120203 1
120568 120204 3
120568 120205 1
120568 120233 1
120568 120280 1
120568 120548 1
120568 120549 2
120568 120551 1
120568 120560 1
120568 120570 1
120568 120571 1
120568 120574 1
120568 120598 1
120568 120599 1
120568 120600 1
120568 121057 1
120568 121058 1
120568 121060 1
120568 122402 1
120568 124683 2
120571 86789 1
120571 111216 1
120571 114871 1
120571 120163 1
120571 120205 1
120571 120233 1
120571 120549 1
120571 120568 1
120571 120598 1
120571 120599 1
120571 120600 1
120571 121060 1
120571 122402 1
120571 124683 1
120598 86788 1
120598 86789 2
120598 111216 1
120598 112267 1
120598 114871 1
120598 115205 1
120598 120134 1
120598 120163 1
120598 120204 2
120598 120205 2
120598 120233 1
120598 120304 1
120598 120308 1
120598 120549 1
120598 120567 1
120598 120568 1
120598 120571 1
120598 120574 1
120598 120596 1
120598 120597 1
120598 120599 2
120598 120600 2
120598 120601 2
120598 120602 2
120598 120603 2
120598 121060 1
120598 121915 1
120598 121916 1
120598 122402 1
120598 123446 1
120598 124683 1
120600 86789 2
120600 104705 1
120600 111216 1
120600 114871 1
120600 118292 1
120600 119934 1
120600 120163 2
120600 120204 1
120600 120205 1
120600 120233 1
120600 120274 1
120600 120522 1
120600 120549 1
120600 120568 1
120600 120571 1
120600 120596 1
120600 120597 1
120600 120598 2
120600 120599 2
120600 120601 1
120600 120602 1
120600 120603 1
120600 121057 1
120600 121058 1
120600 121059 1
120600 121060 2
120600 121668 1
120600 121806 1
120600 122402 1
120600 122773 1
120600 124683 1
120601 86788 1
120601 86789 1
120601 112267 1
120601 115205 1
120601 120134 1
120601 120204 2
120601 120205 1
120601 120304 1
120601 120308 1
120601 120567 1
120601 120574 1
120601 120596 1
120601 120597 1
120601 120598 2
120601 120599 1
120601 120600 1
120601 120602 2
120601 120603 2
120601 121915 1
120601 121916 1
120601 123446 1
120602 86788 1
120602 86789 1
120602 93709 1
120602 110644 1
120602 110699 2
120602 112267 1
120602 112323 1
120602 115205 1
120602 120134 1
120602 120204 2
120602 120205 2
120602 120304 1
120602 120308 1
120602 120567 1
120602 120574 1
120602 120596 1
120602 120597 1
120602 120598 2
120602 120599 1
120602 120600 1
120602 120601 2
120602 120603 2
120602 121914 1
120602 121915 1
120602 121916 1
120602 122012 1
120602 122013 3
120602 122225 1
120602 122552 1
120602 123446 1
120602 126302 1
120603 86788 1
120603 86789 1
120603 112267 1
120603 115205 1
120603 120134 1
120603 120204 2
120603 120205 1
120603 120304 1
120603 120308 1
120603 120522 1
120603 120567 2
120603 120574 1
120603 120596 1
120603 120597 1
120603 120598 2
120603 120599 1
120603 120600 1
120603 120601 2
120603 120602 2
120603 121915 1
120603 121916 1
120603 123446 1
121060 86789 2
121060 104705 1
121060 111216 1
121060 114871 1
121060 118292 1
121060 119934 1
121060 120163 2
121060 120205 1
121060 120233 1
121060 120274 1
121060 120522 1
121060 120549 1
121060 120568 1
121060 120571 1
121060 120598 1
121060 120599 1
121060 120600 2
121060 121057 1
121060 121058 1
121060 121059 3
121060 121668 1
121060 121806 1
121060 122402 1
121060 122773 1
121060 124683 1
121566 111774 1
121566 120204 1
121566 120205 1
121566 120551 1
121566 120560 1
121566 124686 1
121566 125450 1
121915 86788 1
121915 86789 1
121915 112267 1
121915 115205 1
121915 120134 1
121915 120204 1
121915 120205 1
121915 120304 1
121915 120308 1
121915 120567 1
121915 120574 1
121915 120598 1
121915 120601 1
121915 120602 1
121915 120603 1
121915 121916 1
121915 123446 1
121916 86788 1
121916 86789 1
121916 112267 1
121916 115205 1
121916 120134 1
121916 120204 1
121916 120205 1
121916 120304 1
121916 120308 1
121916 120567 1
121916 120574 1
121916 120598 1
121916 120601 1
121916 120602 1
121916 120603 1
121916 121915 1
121916 123446 1
122402 86789 1
122402 103088 1
122402 106978 1
122402 111216 1
122402 114871 1
122402 119919 1
122402 119927 1
122402 119932 1
122402 119933 1
122402 119934 1
122402 120163 2
122402 120205 1
122402 120233 1
122402 120549 1
122402 120568 1
122402 120571 1
122402 120598 1
122402 120599 1
122402 120600 1
122402 121060 1
122402 124683 1
123446 86788 1
123446 86789 1
123446 86793 1
123446 112267 1
123446 115205 2
123446 120134 1
123446 120204 1
123446 120205 1
123446 120304 1
123446 120308 1
123446 120567 1
123446 120574 1
123446 120598 1
123446 120601 1
123446 120602 1
123446 120603 1
123446 121915 1
123446 121916 1
125450 120204 1
125450 120205 1
125450 120340 1
125450 120549 1
125450 120551 2
125450 120574 1
125450 121058 1
125450 121566 1
125450 124683 1
91031 107452 1
91031 107453 1
91031 110676 1
91031 110687 1
91031 113594 1
91031 116407 1
91031 120623 1
91031 120624 1
91031 122255 1
99895 111628 1
99895 111762 1
99895 114870 1
99895 115718 1
99895 118313 1
99895 119102 1
99895 120240 1
99895 120623 1
99895 120624 1
99895 120649 1
99895 120806 1
111628 99895 1
111628 111762 1
111628 114870 1
111628 115718 1
111628 118313 1
111628 119102 1
111628 120240 1
111628 120623 1
111628 120624 1
111628 120806 1
111762 99895 1
111762 110674 1
111762 111628 1
111762 114870 1
111762 115718 1
111762 118313 1
111762 119102 1
111762 119992 1
111762 120240 1
111762 120623 1
111762 120624 1
111762 120806 1
114870 99895 1
114870 111628 1
114870 111762 1
114870 115718 1
114870 118313 2
114870 119102 1
114870 120014 1
114870 120209 1
114870 120234 1
114870 120240 1
114870 120623 1
114870 120624 1
114870 120806 1
114870 123753 1
115718 99895 1
115718 111628 1
115718 111651 1
115718 111762 1
115718 114870 1
115718 118313 1
115718 119102 1
115718 120240 1
115718 120623 1
115718 120624 1
115718 120630 1
115718 120806 1
116407 91031 1
116407 112269 1
116407 115177 1
116407 120204 1
116407 120308 1
116407 120340 1
116407 120345 1
116407 120597 1
116407 120623 1
116407 120624 1
118313 99895 1
118313 111628 1
118313 111762 1
118313 114870 2
118313 115718 1
118313 119102 1
118313 120014 1
118313 120182 1
118313 120197 1
118313 120240 1
118313 120623 1
118313 120624 1
118313 120806 1
118313 123753 1
119102 99895 1
119102 111628 1
119102 111762 1
119102 114870 1
119102 115718 1
119102 118313 1
119102 120240 1
119102 120623 1
119102 120624 1
119102 120806 2
119102 122722 1
119102 123264 1
120240 99895 1
120240 105717 1
120240 111628 1
120240 111762 1
120240 114870 1
120240 115718 1
120240 118313 1
120240 119102 1
120240 120623 1
120240 120624 1
120240 120806 1
120623 91031 1
120623 99895 1
120623 111628 1
120623 111762 1
120623 114870 1
120623 115718 1
120623 116407 1
120623 118313 1
120623 119102 1
120623 120240 1
120623 120624 2
120623 120806 1
120806 99895 1
120806 111628 1
120806 111762 1
120806 114870 1
120806 115718 1
120806 118313 1
120806 119102 2
120806 120240 1
120806 120623 1
120806 120624 1
120806 122722 1
102340 107467 1
102340 108889 1
102340 108932 1
102340 111716 1
102340 113608 1
102340 113688 1
102340 120627 1
102340 120629 1
102340 120630 1
116408 110673 1
116408 120185 1
116408 120283 1
116408 120287 1
116408 120292 1
116408 120308 1
116408 120332 1
116408 120599 1
116408 120629 1
116408 121162 1
120332 116408 1
120332 120629 1
120332 120661 1
120627 102340 1
120627 120629 1
120627 120630 1
120630 102340 1
120630 111651 1
120630 115718 1
120630 120627 1
120630 120629 1
110674 111762 1
110674 119992 1
110674 120652 1
110674 120653 1
110674 120655 1
110674 120656 1
110674 120659 1
110674 120660 1
110674 120661 1
110674 120662 1
110674 120663 1
110674 120665 1
120652 110674 1
120652 113948 1
120652 120653 1
120652 120655 1
120652 120656 1
120652 120659 2
120652 120660 1
120652 120661 1
120652 120662 1
120652 120663 1
120652 120665 1
120653 110674 1
120653 120652 1
120653 120655 1
120653 120656 1
120653 120659 1
120653 120660 1
120653 120661 1
120653 120662 1
120653 120663 1
120653 120665 1
120655 110674 1
120655 120652 1
120655 120653 1
120655 120656 1
120655 120659 1
120655 120660 1
120655 120661 1
120655 120662 1
120655 120663 1
120655 120665 1
120656 100797 1
120656 100798 1
120656 103370 1
120656 104691 1
120656 104692 1
120656 104704 1
120656 104706 1
120656 104720 1
120656 107992 1
120656 110674 1
120656 111780 1
120656 113591 1
120656 115581 1
120656 115706 1
120656 117842 1
120656 120652 1
120656 120653 1
120656 120655 1
120656 120659 1
120656 120660 1
120656 120661 1
120656 120662 1
120656 120663 1
120656 120665 1
120659 110674 1
120659 113948 1
120659 120652 2
120659 120653 1
120659 120655 1
120659 120656 1
120659 120660 1
120659 120661 1
120659 120662 1
120659 120663 1
120659 120665 1
120660 110674 1
120660 120652 1
120660 120653 1
120660 120655 1
120660 120656 1
120660 120659 1
120660 120661 1
120660 120662 1
120660 120663 1
120660 120665 1
120661 110674 1
120661 120332 1
120661 120652 1
120661 120653 1
120661 120655 1
120661 120656 1
120661 120659 1
120661 120660 1
120661 120662 1
120661 120663 1
120661 120665 1
120663 108966 1
120663 110674 1
120663 120652 1
120663 120653 1
120663 120655 1
120663 120656 1
120663 120659 1
120663 120660 1
120663 120661 1
120663 120662 1
120663 120665 1
88119 99834 1
88119 115628 1
88119 120006 1
88119 120605 1
88119 120800 1
88119 120818 1
88119 120942 1
88119 121149 1
88119 122307 1
99916 111651 1
99916 120132 1
99916 120203 1
99916 120816 1
99916 120818 1
99916 123753 1
102347 120816 1
102347 120818 1
102347 120819 1
108966 115628 1
108966 120203 1
108966 120204 1
108966 120306 1
108966 120663 1
108966 120818 1
108966 121149 1
111651 99916 1
111651 115718 1
111651 120132 1
111651 120203 1
111651 120630 1
111651 120818 1
111651 123753 1
111774 118804 1
111774 120006 1
111774 120014 1
111774 120113 1
111774 120148 1
111774 120162 1
111774 120203 1
111774 120204 1
111774 120280 1
111774 120340 1
111774 120347 1
111774 120548 1
111774 120549 1
111774 120550 2
111774 120560 2
111774 120568 1
111774 120818 1
111774 120819 1
111774 121058 1
111774 121373 1
111774 121566 1
115628 88119 1
115628 99834 1
115628 103381 1
115628 108966 1
115628 113944 1
115628 113960 1
115628 120006 1
115628 120154 1
115628 120175 1
115628 120203 1
115628 120306 1
115628 120590 1
115628 120605 1
115628 120800 1
115628 120818 2
115628 120942 1
115628 121149 2
115628 122307 1
118804 111774 1
118804 114680 1
118804 120006 1
118804 120014 1
118804 120113 1
118804 120148 1
118804 120162 1
118804 120340 1
118804 120347 2
118804 120524 1
118804 120550 1
118804 120818 1
118804 120819 1
118804 121311 1
118804 121373 1
120006 88119 1
120006 99834 1
120006 111774 1
120006 115628 1
120006 118804 1
120006 120014 1
120006 120017 1
120006 120113 1
120006 120148 1
120006 120162 1
120006 120201 1
120006 120340 1
120006 120347 1
120006 120550 1
120006 120605 1
120006 120800 1
120006 120803 1
120006 120818 2
120006 120819 1
120006 120942 1
120006 121149 1
120006 121373 1
120006 122307 1
120014 111774 1
120014 114870 1
120014 118313 1
120014 118804 1
120014 120006 1
120014 120113 1
120014 120148 1
120014 120162 1
120014 120340 1
120014 120347 1
120014 120550 1
120014 120818 1
120014 120819 1
120014 121373 1
120014 123753 1
120113 111774 1
120113 118804 1
120113 120006 1
120113 120014 1
120113 120148 1
120113 120162 1
120113 120340 1
120113 120347 1
120113 120550 1
120113 120818 1
120113 120819 1
120113 121373 1
120132 99916 1
120132 111651 1
120132 120203 1
120132 120252 1
120132 120818 1
120132 123753 1
120148 111774 1
120148 118804 1
120148 120006 1
120148 120014 1
120148 120113 1
120148 120134 1
120148 120144 1
120148 120146 1
120148 120162 1
120148 120199 1
120148 120204 1
120148 120304 1
120148 120340 1
120148 120347 1
120148 120522 1
120148 120550 1
120148 120818 1
120148 120819 1
120148 121307 1
120148 121373 1
120162 111774 1
120162 118804 1
120162 120006 1
120162 120014 1
120162 120113 1
120162 120148 1
120162 120340 1
120162 120347 1
120162 120550 1
120162 120818 1
120162 120819 1
120162 121373 1
120340 111774 1
120340 112269 1
120340 116407 1
120340 118804 1
120340 120006 1
120340 120014 1
120340 120113 1
120340 120148 1
120340 120162 1
120340 120204 2
120340 120308 1
120340 120347 1
120340 120549 1
120340 120550 1
120340 120551 1
120340 120574 1
120340 120597 1
120340 120818 1
120340 120819 1
120340 121058 1
120340 121373 1
120340 124683 1
120340 125450 1
120347 111774 1
120347 118804 2
120347 120006 1
120347 120014 1
120347 120113 1
120347 120148 1
120347 120162 1
120347 120340 1
120347 120345 1
120347 120346 1
120347 120348 1
120347 120550 1
120347 120818 1
120347 120819 1
120347 121373 1
120550 111774 2
120550 118804 1
120550 120006 1
120550 120014 1
120550 120113 1
120550 120148 1
120550 120162 1
120550 120340 1
120550 120347 1
120550 120818 1
120550 120819 1
120550 121373 1
120605 88119 1
120605 99834 1
120605 115628 1
120605 120006 1
120605 120800 1
120605 120818 1
120605 120942 1
120605 121149 1
120605 122307 1
120800 88119 1
120800 99834 2
120800 99901 1
120800 107467 1
120800 110638 1
120800 111737 1
120800 113575 1
120800 113679 1
120800 113944 1
120800 113948 1
120800 114865 1
120800 115628 1
120800 119771 1
120800 120006 1
120800 120197 1
120800 120605 1
120800 120633 1
120800 120818 1
120800 120942 1
120800 121149 1
120800 122307 1
120816 99916 1
120816 102347 1
120816 120203 1
120816 120567 1
120816 120818 3
120816 120819 1
120816 121150 1
120816 123264 1
120816 124680 1
120819 102347 1
120819 111774 1
120819 118804 1
120819 120006 1
120819 120014 1
120819 120113 1
120819 120148 1
120819 120162 1
120819 120340 1
120819 120347 1
120819 120550 1
120819 120816 1
120819 120818 2
120819 121373 1
120941 120204 1
120941 120818 1
120941 120942 1
120942 88119 1
120942 99834 1
120942 115628 1
120942 120006 1
120942 120204 1
120942 120605 1
120942 120800 1
120942 120818 2
120942 120941 1
120942 121149 1
120942 122307 1
121149 88119 1
121149 99834 1
121149 108966 1
121149 115628 2
121149 120006 1
121149 120203 1
121149 120306 1
121149 120551 1
121149 120605 1
121149 120800 1
121149 120818 2
121149 120942 1
121149 122307 1
121150 120203 1
121150 120816 1
121150 120818 1
121373 111774 1
121373 118804 1
121373 120006 1
121373 120014 1
121373 120113 1
121373 120148 1
121373 120162 1
121373 120340 1
121373 120347 1
121373 120550 1
121373 120818 1
121373 120819 1
121373 121372 1
122307 86789 1
122307 88119 1
122307 90156 1
122307 99834 1
122307 99836 1
122307 103409 1
122307 112327 1
122307 115628 1
122307 120006 1
122307 120560 1
122307 120605 1
122307 120800 1
122307 120818 1
122307 120942 1
122307 121149 1
122307 121327 1
123264 119102 1
123264 120816 1
123264 120818 1
108718 99407 1
108718 105864 1
108718 105865 2
108718 108208 1
108718 108209 1
108718 108211 1
108718 108212 1
108718 108213 1
108718 108215 1
108718 108217 1
108718 108219 1
108718 108702 1
108718 108738 1
108718 110364 1
108718 111051 1
108718 120201 1
108718 120502 1
108718 120803 1
108718 121664 1
111759 120524 1
111759 120567 1
111759 120615 1
111759 120789 1
111759 121664 1
111759 124349 1
120615 103070 1
120615 103084 1
120615 103381 1
120615 111278 1
120615 111279 1
120615 111707 1
120615 111713 1
120615 111759 1
120615 120514 1
120615 120524 1
120615 120567 1
120615 120617 1
120615 121664 1
120615 124349 1
120803 108718 1
120803 120006 1
120803 120201 2
120803 121664 1
124349 103084 1
124349 111759 1
124349 120297 1
124349 120524 1
124349 120567 1
124349 120615 1
124349 121664 1
124349 122545 1
102178 103403 1
102178 110664 1
102178 113575 1
102178 115164 1
102178 119927 1
102178 119932 1
102178 120504 1
102178 121665 1
103403 102178 1
103403 110664 1
103403 115164 1
103403 118292 1
103403 119927 1
103403 119932 1
103403 120504 1
103403 121665 1
110664 102178 1
110664 103403 1
110664 115164 1
110664 119927 1
110664 119932 1
110664 120504 1
110664 121665 1
115164 91297 1
115164 102178 1
115164 103403 1
115164 110664 1
115164 111748 1
115164 113575 1
115164 119927 1
115164 119932 1
115164 120504 1
115164 121665 1
119927 102178 1
119927 103403 1
119927 110664 1
119927 115164 1
119927 119919 1
119927 119932 2
119927 119933 1
119927 119934 1
119927 120163 1
119927 120504 1
119927 121665 1
119927 122402 1
119932 102178 1
119932 103403 1
119932 110664 1
119932 115164 1
119932 119919 1
119932 119927 2
119932 119933 1
119932 119934 1
119932 120163 1
119932 120504 1
119932 121665 1
119932 122402 1
120504 102178 1
120504 103403 1
120504 110664 1
120504 115164 1
120504 119927 1
120504 119932 1
120504 121665 1
103405 104700 1
103405 104705 1
103405 104706 1
103405 111643 1
103405 115583 1
103405 120275 1
103405 121667 1
104700 103405 1
104700 104705 1
104700 104706 1
104700 111643 1
104700 115583 1
104700 120275 1
104700 121667 1
104705 86789 1
104705 103405 1
104705 104700 1
104705 104706 1
104705 111643 1
104705 115583 1
104705 118292 1
104705 119934 1
104705 120163 1
104705 120274 1
104705 120275 1
104705 120522 1
104705 120600 1
104705 121057 1
104705 121058 1
104705 121059 1
104705 121060 1
104705 121667 1
104705 121668 1
104705 121806 1
104705 122773 1
104706 100797 1
104706 100798 1
104706 103370 1
104706 103405 1
104706 104691 1
104706 104692 1
104706 104700 1
104706 104704 1
104706 104705 1
104706 104720 1
104706 107992 1
104706 111643 1
104706 111780 1
104706 113591 1
104706 115581 1
104706 115583 1
104706 115706 1
104706 117842 1
104706 120275 1
104706 120656 1
104706 121667 1
104715 104714 1
104715 120184 1
104715 120521 1
104715 120820 1
104715 120821 1
104715 120822 1
104715 120823 1
104715 121667 1
104715 124352 1
110629 117319 1
110629 120617 1
110629 121667 1
111643 103405 1
111643 104700 1
111643 104705 1
111643 104706 1
111643 115583 1
111643 115609 1
111643 120275 1
111643 121305 1
111643 121667 1
115583 103405 1
115583 104700 1
115583 104705 1
115583 104706 1
115583 111643 1
115583 115604 1
115583 119920 1
115583 120275 1
115583 121667 1
117319 110629 1
117319 120617 1
117319 121667 1
120184 104714 1
120184 104715 1
120184 111780 1
120184 113591 1
120184 120233 1
120184 120271 1
120184 120493 1
120184 120521 1
120184 120820 1
120184 120821 1
120184 120822 1
120184 120823 1
120184 121667 1
120275 103405 1
120275 104700 1
120275 104705 1
120275 104706 1
120275 111643 1
120275 115583 1
120275 120493 1
120275 121667 1
120521 104714 1
120521 104715 1
120521 120184 1
120521 120820 1
120521 120821 1
120521 120822 1
120521 120823 1
120521 121667 1
120617 81238 1
120617 81240 1
120617 81242 1
120617 81243 1
120617 103070 1
120617 103084 2
120617 110629 1
120617 112292 1
120617 113672 1
120617 113923 1
120617 113946 1
120617 113966 1
120617 117319 1
120617 120295 1
120617 120514 1
120617 120555 1
120617 120615 1
120617 121667 1
120617 122552 1
120820 104714 1
120820 104715 1
120820 120184 1
120820 120521 1
120820 120821 1
120820 120822 1
120820 120823 1
120820 121667 1
120821 104714 1
120821 104715 1
120821 120184 1
120821 120521 1
120821 120820 1
120821 120822 1
120821 120823 1
120821 121667 1
120822 104714 1
120822 104715 1
120822 120184 1
120822 120521 1
120822 120820 1
120822 120821 1
120822 120823 1
120822 121667 1
120823 104714 1
120823 104715 1
120823 120017 1
120823 120184 1
120823 120521 1
120823 120820 1
120823 120821 1
120823 120822 1
120823 121667 1
118292 86789 1
118292 103403 1
118292 104705 1
118292 119934 1
118292 120163 1
118292 120274 1
118292 120522 1
118292 120600 1
118292 121057 1
118292 121058 1
118292 121059 1
118292 121060 1
118292 121668 1
118292 121806 1
118292 122773 1
119934 86789 1
119934 90131 1
119934 104705 1
119934 111703 1
119934 113960 1
119934 118292 1
119934 119919 1
119934 119927 1
119934 119932 1
119934 119933 1
119934 120163 2
119934 120259 1
119934 120274 1
119934 120522 1
119934 120600 1
119934 121057 1
119934 121058 1
119934 121059 1
119934 121060 1
119934 121455 1
119934 121668 1
119934 121806 1
119934 122402 1
119934 122773 1
119934 123777 1
120274 86789 1
120274 104705 1
120274 118292 1
120274 119934 1
120274 120163 1
120274 120522 1
120274 120600 1
120274 121057 1
120274 121058 1
120274 121059 1
120274 121060 1
120274 121668 1
120274 121806 1
120274 122773 1
120522 86789 1
120522 104705 1
120522 118292 1
120522 119934 1
120522 120134 1
120522 120148 1
120522 120163 1
120522 120199 1
120522 120204 1
120522 120274 1
120522 120304 1
120522 120600 1
120522 120603 1
120522 121057 1
120522 121058 1
120522 121059 1
120522 121060 1
120522 121307 1
120522 121668 1
120522 121806 1
120522 122773 1
121057 86789 1
121057 104705 1
121057 118292 1
121057 119934 1
121057 120163 1
121057 120200 1
121057 120204 1
121057 120274 1
121057 120522 1
121057 120551 1
121057 120568 1
121057 120574 1
121057 120600 1
121057 121058 1
121057 121059 1
121057 121060 1
121057 121668 1
121057 121806 1
121057 122773 1
121057 124683 1
121058 86789 1
121058 104705 1
121058 111774 1
121058 118292 1
121058 119934 1
121058 120163 1
121058 120203 1
121058 120204 2
121058 120274 1
121058 120280 1
121058 120340 1
121058 120522 1
121058 120548 1
121058 120549 2
121058 120551 1
121058 120560 1
121058 120568 1
121058 120574 1
121058 120600 1
121058 121057 1
121058 121059 1
121058 121060 1
121058 121668 1
121058 121806 1
121058 122773 1
121058 124683 1
121058 125450 1
121059 86789 1
121059 104705 1
121059 118292 1
121059 119934 1
121059 120163 1
121059 120274 1
121059 120522 1
121059 120600 1
121059 121057 1
121059 121058 1
121059 121060 3
121059 121668 1
121059 121806 1
121059 122773 1
121806 86789 1
121806 104705 1
121806 118292 1
121806 119934 1
121806 120163 1
121806 120274 1
121806 120522 1
121806 120600 1
121806 121057 1
121806 121058 1
121806 121059 1
121806 121060 1
121806 121668 1
121806 122773 1
122773 86789 1
122773 104705 1
122773 113601 1
122773 118292 1
122773 119934 1
122773 120163 1
122773 120274 1
122773 120522 1
122773 120600 1
122773 121057 1
122773 121058 1
122773 121059 1
122773 121060 1
122773 121668 1
122773 121806 1
103070 103084 1
103070 112292 1
103070 120615 1
103070 120617 1
103070 122552 1
112292 103070 1
112292 103084 1
112292 120617 1
112292 122552 1
120297 99901 1
120297 103084 1
120297 108936 1
120297 113669 1
120297 113947 1
120297 113951 1
120297 118307 1
120297 120295 1
120297 120507 1
120297 120938 1
120297 121843 1
120297 124349 1
120297 124414 1
122552 103070 1
122552 103084 1
122552 110644 1
122552 110699 1
122552 112292 1
122552 112323 1
122552 120602 1
122552 120617 1
122552 121914 1
122552 122013 1
122552 122225 1
110673 116408 1
110673 120185 2
110673 120308 1
110673 120599 1
110673 121162 1
110673 121670 1
112269 109093 1
112269 116407 1
112269 120134 1
112269 120204 1
112269 120308 1
112269 120329 1
112269 120340 1
112269 120557 1
112269 120561 1
112269 120567 1
112269 120574 1
112269 120597 1
112269 120599 1
120597 112269 1
120597 116407 1
120597 120204 2
120597 120308 1
120597 120340 1
120597 120596 1
120597 120598 1
120597 120599 1
120597 120600 1
120597 120601 1
120597 120602 1
120597 120603 1
121162 110673 1
121162 116408 1
121162 120185 1
121162 120308 1
121162 120599 1
109093 112269 1
109093 120134 1
109093 120329 1
109093 120557 1
109093 120561 1
109093 120567 1
109093 120574 1
109093 120599 1
120329 109093 1
120329 112269 1
120329 120134 1
120329 120557 1
120329 120561 1
120329 120567 1
120329 120574 1
120329 120599 1
120557 109093 1
120557 112269 1
120557 120134 1
120557 120329 1
120557 120561 1
120557 120567 1
120557 120574 1
120557 120599 1
120596 120204 1
120596 120597 1
120596 120598 1
120596 120599 1
120596 120600 1
120596 120601 1
120596 120602 1
120596 120603 1
124676 120204 1
124676 124677 1
124676 124678 1
124676 124679 1
124676 124680 1
124676 124682 1
124676 124683 1
124677 120204 1
124677 124676 1
124677 124678 1
124677 124679 1
124677 124680 1
124677 124682 1
124677 124683 1
124678 120204 1
124678 124676 1
124678 124677 1
124678 124679 1
124678 124680 1
124678 124682 1
124678 124683 1
124679 120204 1
124679 124676 1
124679 124677 1
124679 124678 1
124679 124680 1
124679 124682 1
124679 124683 1
124682 120204 1
124682 124676 1
124682 124677 1
124682 124678 1
124682 124679 1
124682 124680 1
124682 124683 1
126254 124683 1
106001 99829 1
106001 113608 1
106001 115168 1
106001 118903 1
106001 120185 1
106001 120210 1
107467 99834 1
107467 99901 1
107467 102340 1
107467 108889 1
107467 108932 1
107467 110638 1
107467 111716 1
107467 111737 1
107467 113608 1
107467 113679 1
107467 113688 1
107467 113944 1
107467 113948 1
107467 114865 1
107467 119771 1
107467 120633 1
107467 120800 1
108889 102340 1
108889 107467 1
108889 108932 1
108889 111716 1
108889 113608 1
108889 113688 1
108932 102340 1
108932 107467 1
108932 108889 1
108932 111716 1
108932 113608 1
108932 113688 1
111716 102340 1
111716 107467 1
111716 108889 1
111716 108932 1
111716 113608 1
111716 113688 1
113688 102340 1
113688 107467 1
113688 108889 1
113688 108932 1
113688 111716 1
113688 113608 1
116403 113608 1
116403 117507 1
118903 106001 1
118903 113608 1
118903 115168 1
118903 120185 1
118903 120210 1
120210 106001 1
120210 113608 1
120210 115168 1
120210 118903 1
120210 120185 1
120292 116408 1
120292 120185 1
120292 120283 1
120292 120287 1
120292 120491 1
120491 120185 1
120491 120292 1
121670 110673 1
121670 120185 1
121670 123529 1
114680 118804 1
114680 120524 1
114680 121311 1
113255 113257 1
113255 121669 2
121669 113255 2
121669 113257 1
107466 120010 1
86794 86790 1
99901 99834 1
99901 107467 1
99901 108936 1
99901 110638 1
99901 111737 1
99901 113669 1
99901 113679 1
99901 113944 1
99901 113947 1
99901 113948 1
99901 113951 1
99901 114865 1
99901 118307 1
99901 119771 1
99901 120297 1
99901 120507 1
99901 120633 1
99901 120800 1
99901 120938 1
99901 121843 1
99901 124414 1
108936 99901 1
108936 113669 1
108936 113947 1
108936 113951 1
108936 118307 1
108936 120297 1
108936 120507 1
108936 120938 1
108936 121843 1
108936 124414 1
113947 99901 1
113947 108936 1
113947 113669 1
113947 113951 1
113947 118307 1
113947 120297 1
113947 120507 1
113947 120938 1
113947 121843 1
113947 124414 1
113951 99901 1
113951 108936 1
113951 113669 1
113951 113947 1
113951 118307 1
113951 120297 1
113951 120507 1
113951 120938 1
113951 121843 1
113951 124414 1
118307 99901 1
118307 108936 1
118307 113669 1
118307 113947 1
118307 113951 1
118307 120297 1
118307 120507 1
118307 120938 2
118307 121843 1
118307 124414 1
120507 99901 1
120507 108936 1
120507 113669 1
120507 113947 1
120507 113951 1
120507 118307 1
120507 120297 1
120507 120938 1
120507 121843 1
120507 124414 1
120938 99901 1
120938 108936 1
120938 113669 1
120938 113947 1
120938 113951 1
120938 118307 2
120938 120297 1
120938 120507 1
120938 121843 1
120938 124414 1
121843 99901 1
121843 100797 1
121843 100798 1
121843 108936 1
121843 113669 1
121843 113947 1
121843 113951 1
121843 118307 1
121843 120297 1
121843 120507 1
121843 120938 1
121843 124414 1
122399 113669 1
124414 99901 1
124414 100801 1
124414 103048 1
124414 107484 1
124414 108936 1
124414 113669 1
124414 113947 1
124414 113951 1
124414 118307 1
124414 120297 1
124414 120507 1
124414 120938 1
124414 121843 1
124414 122255 1
115609 111643 1
115609 121305 1
118294 120082 1
118294 121307 1
120082 118294 1
120082 121307 1
119213 120567 1
90129 99834 1
90129 108797 1
90129 111644 1
90129 115163 1
90129 118908 1
90129 123753 1
108797 90129 1
108797 99834 1
108797 111644 1
108797 115163 1
108797 118908 1
108797 123753 1
110638 99834 1
110638 99901 1
110638 107467 1
110638 111737 1
110638 113679 1
110638 113944 1
110638 113948 1
110638 114865 1
110638 119771 1
110638 120633 1
110638 120800 1
111644 90129 1
111644 99834 1
111644 108797 1
111644 115163 1
111644 118908 1
111644 123753 1
111737 99834 1
111737 99901 1
111737 107467 1
111737 110638 1
111737 113679 1
111737 113944 1
111737 113948 1
111737 114865 1
111737 119771 1
111737 120633 1
111737 120800 1
113679 99834 1
113679 99901 1
113679 107467 1
113679 110638 1
113679 111737 1
113679 113944 1
113679 113948 1
113679 114865 1
113679 119771 1
113679 120633 1
113679 120800 1
113944 99834 1
113944 99901 1
113944 103381 1
113944 107467 1
113944 110638 1
113944 111737 1
113944 113200 1
113944 113679 1
113944 113948 1
113944 113960 1
113944 114865 1
113944 115628 1
113944 119771 1
113944 120154 1
113944 120175 1
113944 120633 1
113944 120800 1
113948 99834 1
113948 99901 1
113948 107467 1
113948 110638 1
113948 111737 1
113948 113679 1
113948 113944 1
113948 114865 1
113948 119771 1
113948 120633 1
113948 120652 1
113948 120659 1
113948 120800 1
114865 99834 1
114865 99901 1
114865 107467 1
114865 110638 1
114865 111737 1
114865 113679 1
114865 113944 1
114865 113948 1
114865 119771 1
114865 120633 1
114865 120800 1
115163 90129 1
115163 99834 1
115163 108797 1
115163 111644 1
115163 118908 1
115163 123753 1
118908 90129 1
118908 99834 1
118908 108797 1
118908 111644 1
118908 115163 1
118908 123753 1
119771 99834 1
119771 99901 1
119771 107467 1
119771 110638 1
119771 111737 1
119771 113679 1
119771 113944 1
119771 113948 1
119771 114865 1
119771 120633 1
119771 120800 1
120633 99834 1
120633 99901 1
120633 107467 1
120633 110638 1
120633 111737 1
120633 113679 1
120633 113944 1
120633 113948 1
120633 114865 1
120633 119771 1
120633 120800 1
109359 111748 1
120182 118313 1
120182 120197 1
86793 86792 1
86793 93709 1
86793 95293 1
86793 104713 1
86793 113208 1
86793 115205 1
86793 120202 1
86793 120531 1
86793 120532 1
86793 120534 1
86793 122892 1
86793 123446 1
93709 86793 1
93709 95293 1
93709 104713 1
93709 113208 1
93709 120202 1
93709 120531 1
93709 120532 1
93709 120534 1
93709 120602 1
93709 122012 1
93709 122013 1
93709 126302 1
95293 86793 1
95293 93709 1
95293 104713 1
95293 113208 1
95293 120202 1
95293 120531 1
95293 120532 1
95293 120534 1
104713 86793 1
104713 93709 1
104713 95293 1
104713 113208 1
104713 120202 1
104713 120531 1
104713 120532 1
104713 120534 1
113208 86793 1
113208 93709 1
113208 95293 1
113208 104713 1
113208 120202 1
113208 120531 1
113208 120532 1
113208 120534 1
120531 86793 1
120531 93709 1
120531 95293 1
120531 104713 1
120531 113208 1
120531 120202 1
120531 120532 1
120531 120534 1
120532 86793 1
120532 93709 1
120532 95293 1
120532 104713 1
120532 113208 1
120532 120202 1
120532 120531 1
120532 120534 1
120534 86792 1
120534 86793 1
120534 93709 1
120534 95293 1
120534 104713 1
120534 113208 1
120534 120202 1
120534 120531 1
120534 120532 1
120280 111774 1
120280 120203 1
120280 120204 1
120280 120548 1
120280 120549 1
120280 120560 1
120280 120568 1
120280 121058 1
120548 111774 1
120548 120203 1
120548 120204 1
120548 120280 1
120548 120549 1
120548 120560 1
120548 120568 1
120548 121058 1
124686 120204 1
124686 121566 1
94467 102357 1
94467 102358 1
94467 102360 1
94467 105374 1
94467 107807 1
94467 119632 1
94467 120553 1
102357 94467 1
102357 102358 1
102357 102360 1
102357 105374 1
102357 107807 1
102357 119632 1
102357 120553 1
102358 94467 1
102358 102357 1
102358 102360 1
102358 105374 1
102358 107807 1
102358 119632 1
102358 120553 1
102360 94467 1
102360 102357 1
102360 102358 1
102360 105374 1
102360 107807 1
102360 119632 1
102360 120553 1
105374 94467 1
105374 102357 1
105374 102358 1
105374 102360 1
105374 107807 1
105374 119632 1
105374 120553 1
107807 94467 1
107807 102357 1
107807 102358 1
107807 102360 1
107807 105374 1
107807 119632 1
107807 120553 1
119632 94467 1
119632 102357 1
119632 102358 1
119632 102360 1
119632 105374 1
119632 107807 1
119632 120553 1
113923 113946 1
113923 113966 1
113923 120555 1
113923 120617 1
113946 113923 1
113946 113966 1
113946 120555 1
113946 120617 1
113966 113923 1
113966 113946 1
113966 120555 1
113966 120617 1
123752 122203 1
123752 123753 1
120570 120568 1
110644 110699 1
110644 112323 1
110644 120602 1
110644 121914 1
110644 122013 1
110644 122225 1
110644 122552 1
110699 110644 1
110699 112323 1
110699 120602 2
110699 121914 1
110699 122013 2
110699 122225 1
110699 122552 1
112323 110644 1
112323 110699 1
112323 120602 1
112323 121914 1
112323 122013 1
112323 122225 1
112323 122552 1
121914 110644 1
121914 110699 1
121914 112323 1
121914 120602 1
121914 122013 1
121914 122225 1
121914 122552 1
122012 93709 1
122012 120602 1
122012 122013 1
122012 126302 1
122013 93709 1
122013 110644 1
122013 110699 2
122013 112323 1
122013 120602 3
122013 121914 1
122013 122012 1
122013 122225 1
122013 122552 1
122013 126302 1
122225 110644 1
122225 110699 1
122225 112323 1
122225 120602 1
122225 121914 1
122225 122013 1
122225 122552 1
126302 93709 1
126302 120602 1
126302 122012 1
126302 122013 1
103088 122402 1
106978 122402 1
107452 91031 1
107452 107453 2
107452 110676 1
107452 110687 1
107452 122255 1
107453 91031 1
107453 107452 2
107453 110676 1
107453 110687 1
107453 122255 1
110676 91031 1
110676 107452 1
110676 107453 1
110676 110687 1
110676 122255 1
110687 91031 1
110687 107452 1
110687 107453 1
110687 110676 1
110687 122255 1
113594 91031 1
122255 91031 1
122255 100801 1
122255 103048 1
122255 107452 1
122255 107453 1
122255 107484 1
122255 110676 1
122255 110687 1
122255 124414 1
120649 99895 1
115177 116407 1
115177 120345 1
120345 115177 1
120345 116407 1
120345 120346 1
120345 120347 1
120345 120348 1
105717 119633 1
105717 120240 1
120283 116408 1
120283 120287 1
120283 120292 1
120287 116408 1
120287 120283 1
120287 120292 1
100797 100798 2
100797 103370 1
100797 104691 1
100797 104692 1
100797 104704 1
100797 104706 1
100797 104720 1
100797 107992 1
100797 111780 1
100797 113591 1
100797 115581 1
100797 115706 1
100797 117842 1
100797 120656 1
100797 121843 1
100798 100797 2
100798 103370 1
100798 104691 1
100798 104692 1
100798 104704 1
100798 104706 1
100798 104720 1
100798 107992 1
100798 111780 1
100798 113591 1
100798 115581 1
100798 115706 1
100798 117842 1
100798 120656 1
100798 121843 1
103370 100797 1
103370 100798 1
103370 104691 1
103370 104692 1
103370 104704 1
103370 104706 1
103370 104720 1
103370 107992 1
103370 111780 1
103370 113591 1
103370 115581 1
103370 115706 1
103370 117842 1
103370 120656 1
104691 100797 1
104691 100798 1
104691 103370 1
104691 104692 1
104691 104704 1
104691 104706 1
104691 104720 1
104691 107992 1
104691 111780 1
104691 113591 1
104691 115581 1
104691 115706 1
104691 117842 1
104691 120656 1
104692 100797 1
104692 100798 1
104692 103370 1
104692 104691 1
104692 104704 1
104692 104706 1
104692 104720 1
104692 107992 1
104692 111780 1
104692 113591 1
104692 115581 1
104692 115706 1
104692 117842 1
104692 120656 1
104704 100797 1
104704 100798 1
104704 103370 1
104704 104691 1
104704 104692 1
104704 104706 1
104704 104720 1
104704 107992 1
104704 111780 1
104704 113591 1
104704 115581 1
104704 115706 1
104704 117842 1
104704 120656 1
104720 100797 1
104720 100798 1
104720 103370 1
104720 104691 1
104720 104692 1
104720 104704 1
104720 104706 1
104720 107992 1
104720 111780 1
104720 113591 1
104720 115581 1
104720 115706 1
104720 117842 1
104720 120656 1
107992 100797 1
107992 100798 1
107992 103370 1
107992 104691 1
107992 104692 1
107992 104704 1
107992 104706 1
107992 104720 1
107992 111780 1
107992 113591 1
107992 115581 1
107992 115706 1
107992 117842 1
107992 120656 1
111780 100797 1
111780 100798 1
111780 103370 1
111780 104691 1
111780 104692 1
111780 104704 1
111780 104706 1
111780 104720 1
111780 107992 1
111780 113591 2
111780 115581 1
111780 115706 1
111780 117842 1
111780 120184 1
111780 120271 1
111780 120493 1
111780 120656 1
113591 100797 1
113591 100798 1
113591 103370 1
113591 104691 1
113591 104692 1
113591 104704 1
113591 104706 1
113591 104720 1
113591 107992 1
113591 111780 2
113591 115581 1
113591 115706 1
113591 117842 1
113591 120184 1
113591 120271 1
113591 120493 1
113591 120656 1
115581 100797 1
115581 100798 1
115581 103370 1
115581 104691 1
115581 104692 1
115581 104704 1
115581 104706 1
115581 104720 1
115581 107992 1
115581 111780 1
115581 113591 1
115581 115706 1
115581 117842 1
115581 120656 1
115706 100797 1
115706 100798 1
115706 103370 1
115706 104691 1
115706 104692 1
115706 104704 1
115706 104706 1
115706 104720 1
115706 107992 1
115706 111780 1
115706 113591 1
115706 115581 1
115706 117842 1
115706 120656 1
117842 100797 1
117842 100798 1
117842 103370 1
117842 104691 1
117842 104692 1
117842 104704 1
117842 104706 1
117842 104720 1
117842 107992 1
117842 111780 1
117842 113591 1
117842 115581 1
117842 115706 1
117842 120656 1
103381 111278 1
103381 111279 1
103381 111707 1
103381 111713 1
103381 113944 1
103381 113960 1
103381 115628 1
103381 120154 1
103381 120175 1
103381 120615 1
113960 90131 1
113960 103381 1
113960 111703 1
113960 113944 1
113960 115628 1
113960 119934 1
113960 120154 1
113960 120175 1
113960 120259 1
113960 121455 1
113960 123777 1
120154 103381 1
120154 113944 1
120154 113960 1
120154 115628 1
120154 120175 1
120175 103381 1
120175 113944 1
120175 113960 1
120175 115628 1
120175 120154 1
120252 120132 1
120144 120146 1
120144 120148 1
120146 120144 1
120146 120148 1
120346 120345 1
120346 120347 1
120346 120348 1
120348 120345 1
120348 120346 1
120348 120347 1
121372 121373 1
90156 121327 1
90156 122307 1
99836 103409 1
99836 112327 1
99836 122307 1
103409 99836 1
103409 112327 1
103409 122307 1
112327 99836 1
112327 103409 1
112327 122307 1
121327 90156 1
121327 122307 1
99407 105864 1
99407 105865 1
99407 108208 1
99407 108209 1
99407 108211 1
99407 108212 1
99407 108213 1
99407 108215 1
99407 108217 1
99407 108219 1
99407 108718 1
99407 110364 1
99407 111051 1
99407 120502 1
105864 99407 1
105864 105865 1
105864 108208 1
105864 108209 1
105864 108211 1
105864 108212 1
105864 108213 1
105864 108215 1
105864 108217 1
105864 108219 1
105864 108718 1
105864 110364 1
105864 111051 1
105864 120502 1
105865 99407 1
105865 105864 1
105865 108208 1
105865 108209 1
105865 108211 1
105865 108212 1
105865 108213 1
105865 108215 1
105865 108217 1
105865 108219 1
105865 108718 2
105865 110364 1
105865 111051 1
105865 120502 1
108208 99407 1
108208 105864 1
108208 105865 1
108208 108209 1
108208 108211 1
108208 108212 1
108208 108213 1
108208 108215 1
108208 108217 1
108208 108219 1
108208 108718 1
108208 110364 1
108208 111051 1
108208 120502 1
108209 99407 1
108209 102177 1
108209 104725 1
108209 105864 1
108209 105865 1
108209 108208 1
108209 108211 1
108209 108212 1
108209 108213 1
108209 108215 1
108209 108217 1
108209 108219 1
108209 108718 1
108209 110364 1
108209 110672 1
108209 111051 1
108209 120502 1
108211 99407 1
108211 105864 1
108211 105865 1
108211 108208 1
108211 108209 1
108211 108212 1
108211 108213 1
108211 108215 1
108211 108217 1
108211 108219 1
108211 108718 1
108211 110364 1
108211 111051 1
108211 120502 1
108212 99407 1
108212 105864 1
108212 105865 1
108212 108208 1
108212 108209 1
108212 108211 1
108212 108213 1
108212 108215 1
108212 108217 1
108212 108219 1
108212 108718 1
108212 110364 1
108212 111051 1
108212 120502 1
108213 99407 1
108213 105864 1
108213 105865 1
108213 108208 1
108213 108209 1
108213 108211 1
108213 108212 1
108213 108215 1
108213 108217 1
108213 108219 1
108213 108718 1
108213 110364 1
108213 111051 1
108213 120502 1
108215 99407 1
108215 105864 1
108215 105865 1
108215 108208 1
108215 108209 1
108215 108211 1
108215 108212 1
108215 108213 1
108215 108217 1
108215 108219 1
108215 108718 1
108215 110364 1
108215 111051 1
108215 120502 1
108217 99407 1
108217 105864 1
108217 105865 1
108217 108208 1
108217 108209 1
108217 108211 1
108217 108212 1
108217 108213 1
108217 108215 1
108217 108219 1
108217 108718 1
108217 110364 1
108217 111051 1
108217 120502 1
108219 99407 1
108219 105864 1
108219 105865 1
108219 108208 1
108219 108209 1
108219 108211 1
108219 108212 1
108219 108213 1
108219 108215 1
108219 108217 1
108219 108718 1
108219 110364 1
108219 111051 1
108219 120502 1
108702 108718 1
108702 108738 1
108738 108702 1
108738 108718 1
110364 99407 1
110364 105864 1
110364 105865 1
110364 108208 1
110364 108209 1
110364 108211 1
110364 108212 1
110364 108213 1
110364 108215 1
110364 108217 1
110364 108219 1
110364 108718 1
110364 111051 1
110364 120502 1
111051 99407 1
111051 105864 1
111051 105865 1
111051 108208 1
111051 108209 1
111051 108211 1
111051 108212 1
111051 108213 1
111051 108215 1
111051 108217 1
111051 108219 1
111051 108718 1
111051 110364 1
111051 120502 1
120502 99407 1
120502 102331 1
120502 105864 1
120502 105865 1
120502 108208 1
120502 108209 1
120502 108211 1
120502 108212 1
120502 108213 1
120502 108215 1
120502 108217 1
120502 108219 1
120502 108718 1
120502 110364 1
120502 111051 1
111278 103381 1
111278 111279 1
111278 111707 1
111278 111713 2
111278 120615 1
111279 103381 1
111279 111278 1
111279 111707 1
111279 111713 1
111279 120615 1
111707 103381 1
111707 111278 1
111707 111279 1
111707 111713 1
111707 120615 1
111713 103381 1
111713 111278 2
111713 111279 1
111713 111707 1
111713 120615 1
122545 124349 1
91297 115164 1
124352 104715 1
124352 124351 1
120271 111780 1
120271 113591 1
120271 120184 1
120271 120493 1
120493 111780 1
120493 113591 1
120493 120184 1
120493 120271 1
120493 120275 1
81238 81240 1
81238 81242 1
81238 81243 1
81238 120617 1
81240 81238 1
81240 81242 1
81240 81243 1
81240 120617 1
81242 81238 1
81242 81240 1
81242 81243 1
81242 120617 1
81243 81238 1
81243 81240 1
81243 81242 1
81243 120617 1
90131 111703 1
90131 113960 1
90131 119934 1
90131 120259 1
90131 121455 1
90131 123777 1
111703 90131 1
111703 113960 1
111703 119934 1
111703 120259 1
111703 121455 1
111703 123777 1
120259 90131 1
120259 111703 1
120259 113960 1
120259 119934 1
120259 121455 1
120259 123777 1
121455 90131 1
121455 111703 1
121455 113960 1
121455 116412 1
121455 119934 1
121455 120259 1
121455 121454 1
121455 123777 1
123777 90131 1
123777 111703 1
123777 113960 1
123777 119934 1
123777 120259 1
123777 121455 1
113601 109390 1
113601 112293 1
113601 122773 1
109390 112293 1
109390 113601 1
112293 109390 1
112293 113601 1
116412 121454 1
116412 121455 1
121454 116412 1
121454 121455 1
124351 124352 1
102177 104725 1
102177 108209 1
102177 110672 1
104725 102177 1
104725 108209 1
104725 110672 1
110672 102177 1
110672 104725 1
110672 108209 1
110672 119742 1
110672 122400 1
102331 120502 1
113200 107720 1
113200 113944 1
119633 105717 1
100801 103048 1
100801 107484 1
100801 122255 1
100801 123767 1
100801 124414 1
103048 100801 1
103048 107484 1
103048 122255 1
103048 124414 1
107484 100801 1
107484 103048 1
107484 122255 1
107484 124414 1
86792 86793 1
86792 120534 1
86792 122892 1
122892 86792 1
122892 86793 1
122203 123752 1
99829 106001 1
119742 110672 1
119742 122400 1
122400 110672 1
122400 119742 1
107720 113200 1
123767 100801 1
