126332 98163 1
98163 57685 1
98163 80196 1
98163 83599 1
98163 98164 1
98163 126332 1
57685 29922 1
57685 53791 1
57685 54648 1
57685 56041 1
57685 58678 1
57685 58746 1
57685 59036 1
57685 63613 1
57685 65497 1
57685 66261 1
57685 66841 1
57685 66842 1
57685 66843 1
57685 67976 1
57685 68820 1
57685 71112 1
57685 71889 1
57685 80612 1
57685 98163 1
80196 79898 2
80196 80194 1
80196 80195 1
80196 80197 1
80196 80198 2
80196 80199 1
80196 83582 1
80196 98163 1
83599 98163 1
83599 98164 1
98164 75493 1
98164 75494 1
98164 75496 1
98164 75497 1
98164 75498 1
98164 83599 1
98164 91956 1
98164 94769 1
98164 98163 1
98164 114863 1
98164 126185 1
29922 54648 1
29922 57685 1
29922 58678 1
29922 66841 1
29922 66842 1
29922 66843 1
29922 71112 1
29922 71889 1
53791 57685 1
53791 59036 1
53791 63613 1
53791 67976 1
54648 29922 1
54648 42199 1
54648 46557 1
54648 57685 1
54648 57737 1
54648 58678 1
54648 61631 1
54648 63976 1
54648 66841 1
54648 66842 1
54648 66843 1
54648 69159 1
54648 71112 1
54648 71889 1
54648 123520 1
56041 57685 1
56041 62275 1
56041 71627 1
56041 74833 1
58678 29922 1
58678 43827 1
58678 51628 1
58678 54648 1
58678 54875 1
58678 55307 1
58678 56290 1
58678 56709 1
58678 56711 1
58678 56712 1
58678 56713 1
58678 57386 1
58678 57685 1
58678 57916 1
58678 66841 1
58678 66842 1
58678 66843 1
58678 71001 1
58678 71112 1
58678 71889 1
58678 85197 1
58746 57685 1
58746 60755 1
58746 60758 1
58746 60761 1
58746 64553 1
58746 65497 1
58746 65756 1
58746 66261 1
58746 67199 1
58746 68820 1
58746 71304 1
58746 75764 1
59036 36816 1
59036 53791 1
59036 57685 1
59036 61029 1
59036 63613 1
59036 67976 1
59036 69618 1
63613 26222 1
63613 31959 1
63613 32467 1
63613 32537 1
63613 35594 1
63613 36856 1
63613 38722 1
63613 43977 1
63613 47740 1
63613 48185 1
63613 48410 1
63613 48411 1
63613 48414 1
63613 48419 1
63613 48421 1
63613 48539 1
63613 49208 1
63613 49264 1
63613 49629 1
63613 51329 1
63613 51642 1
63613 53791 1
63613 54914 1
63613 56508 1
63613 56583 2
63613 56754 1
63613 57144 1
63613 57504 1
63613 57673 2
63613 57685 1
63613 59036 1
63613 63065 1
63613 65942 1
63613 67976 1
63613 72730 1
65497 57685 1
65497 58746 1
65497 60195 1
65497 63501 1
65497 66261 1
65497 68820 1
65497 75977 1
65497 78983 1
65497 78984 1
65497 85217 1
65497 89721 1
66261 40381 1
66261 42402 1
66261 46108 1
66261 47866 1
66261 51788 1
66261 51803 1
66261 51870 1
66261 52371 1
66261 52908 1
66261 56281 1
66261 57400 1
66261 57685 1
66261 58746 1
66261 59875 1
66261 61389 1
66261 61797 1
66261 65497 1
66261 66212 1
66261 68820 1
66261 71164 1
66261 80717 1
66841 29922 1
66841 54648 1
66841 57685 1
66841 58678 1
66841 66842 1
66841 66843 1
66841 71112 1
66841 71889 1
66841 76479 1
66842 29922 1
66842 44768 1
66842 54648 1
66842 56434 1
66842 57685 1
66842 58678 1
66842 60063 1
66842 61493 1
66842 66841 1
66842 66843 1
66842 71112 1
66842 71889 1
66843 29922 1
66843 43453 1
66843 54648 1
66843 57673 1
66843 57685 1
66843 58678 1
66843 60669 1
66843 61548 1
66843 65876 1
66843 66841 1
66843 66842 1
66843 71112 1
66843 71889 1
66843 75755 1
67976 42551 1
67976 51875 1
67976 53791 1
67976 54525 1
67976 57685 1
67976 58702 1
67976 59036 1
67976 59382 1
67976 61031 1
67976 63613 1
67976 64863 1
67976 67975 1
67976 70160 1
67976 75061 1
67976 78070 1
68820 57685 1
68820 58746 1
68820 65497 1
68820 66261 1
68820 68518 1
71112 29922 1
71112 54648 1
71112 57582 1
71112 57685 1
71112 58678 1
71112 66841 1
71112 66842 1
71112 66843 1
71112 71110 1
71112 71111 1
71112 71113 1
71112 71834 1
71112 71889 1
71112 73768 1
71112 74550 1
71889 29922 1
71889 47686 1
71889 50677 1
71889 54648 1
71889 55121 1
71889 57455 1
71889 57685 1
71889 58678 1
71889 58729 1
71889 60391 1
71889 63110 1
71889 66576 1
71889 66841 1
71889 66842 1
71889 66843 1
71889 68273 1
71889 71112 1
71889 73313 1
71889 73912 1
71889 124649 1
71889 126626 1
71889 126855 1
80612 38779 1
80612 48402 1
80612 52461 1
80612 57685 1
80612 62998 1
80612 64287 1
80612 67136 1
80612 74827 1
80612 78847 1
80612 78848 1
80612 81712 1
80612 100263 1
80612 101392 1
79898 49082 1
79898 80195 1
79898 80196 2
79898 83582 1
80194 80195 1
80194 80196 1
80194 80197 1
80194 80198 1
80195 49082 1
80195 79898 1
80195 80194 1
80195 80196 1
80195 80197 1
80195 80198 1
80197 80194 1
80197 80195 1
80197 80196 1
80197 80198 1
80198 80194 1
80198 80195 1
80198 80196 2
80198 80197 1
80198 80199 1
80199 80196 1
80199 80198 1
83582 79898 1
83582 80196 1
83582 83581 1
83582 114509 1
75493 75494 1
75493 75496 1
75493 75497 1
75493 75498 1
75493 94769 1
75493 98164 1
75493 114863 1
75493 126185 1
75494 32511 1
75494 40351 1
75494 41009 1
75494 69965 1
75494 69966 1
75494 69967 1
75494 69968 2
75494 72616 1
75494 74521 1
75494 74671 1
75494 75493 1
75494 75496 1
75494 75497 1
75494 75498 1
75494 75655 1
75494 82418 1
75494 82419 1
75494 94769 1
75494 98164 1
75494 114863 1
75494 126185 1
75496 75493 1
75496 75494 1
75496 75497 1
75496 75498 1
75496 94769 1
75496 98164 1
75496 114863 1
75496 126185 1
75497 65085 1
75497 65715 1
75497 75493 1
75497 75494 1
75497 75496 1
75497 75498 1
75497 76678 1
75497 76679 1
75497 76680 1
75497 94769 1
75497 98164 1
75497 114863 1
75497 126185 1
75498 75493 1
75498 75494 1
75498 75496 1
75498 75497 1
75498 94769 1
75498 98164 1
75498 114863 1
75498 126185 1
91956 69968 1
91956 91954 1
91956 91955 1
91956 91957 2
91956 91958 1
91956 91959 2
91956 91960 1
91956 91961 2
91956 91962 1
91956 97374 1
91956 98161 1
91956 98162 1
91956 98164 1
91956 102293 1
91956 109913 1
91956 112686 1
91956 112937 1
94769 75493 1
94769 75494 1
94769 75496 1
94769 75497 1
94769 75498 1
94769 93162 1
94769 98164 1
94769 114862 2
94769 114863 3
94769 119544 1
94769 124344 1
94769 126185 1
114863 75493 1
114863 75494 1
114863 75496 1
114863 75497 1
114863 75498 1
114863 94769 3
114863 98164 1
114863 107184 1
114863 107185 1
114863 114862 2
114863 124344 1
114863 126185 1
126185 55375 1
126185 75493 1
126185 75494 1
126185 75496 1
126185 75497 1
126185 75498 1
126185 94769 1
126185 98164 1
126185 114863 1
42199 46557 1
42199 54648 1
42199 57737 1
42199 61631 1
42199 63976 1
42199 69159 1
42199 123520 1
46557 42199 1
46557 54648 1
46557 57737 1
46557 61631 1
46557 63976 1
46557 69159 1
46557 123520 1
57737 42199 1
57737 42879 1
57737 46557 1
57737 54648 1
57737 61631 1
57737 63976 1
57737 69159 1
57737 69900 1
57737 69901 1
57737 123520 1
61631 42199 1
61631 46557 1
61631 54648 1
61631 57737 1
61631 63976 1
61631 69159 1
61631 123520 1
63976 42199 1
63976 46521 1
63976 46557 1
63976 51748 1
63976 51976 1
63976 54479 1
63976 54648 1
63976 56934 1
63976 57737 1
63976 60863 1
63976 61631 1
63976 69159 1
63976 75879 1
63976 123520 1
69159 42199 1
69159 46557 1
69159 54648 1
69159 57737 1
69159 61631 1
69159 63976 1
69159 123520 1
123520 42199 1
123520 46557 1
123520 54648 1
123520 57737 1
123520 61631 1
123520 63976 1
123520 67199 1
123520 69159 1
62275 56041 1
62275 71627 1
71627 56041 1
71627 62275 1
74833 56041 1
74833 74712 1
74833 74835 1
74833 74836 1
74833 74837 1
74833 84805 1
74833 112776 1
74833 120741 1
43827 51628 1
43827 54875 1
43827 56290 1
43827 56709 1
43827 56711 1
43827 56712 1
43827 56713 1
43827 58678 1
51628 43827 1
51628 54875 1
51628 56290 1
51628 56709 1
51628 56711 1
51628 56712 1
51628 56713 1
51628 58678 1
54875 43827 1
54875 50428 1
54875 51628 1
54875 56290 1
54875 56709 1
54875 56711 1
54875 56712 1
54875 56713 1
54875 58678 1
55307 58678 1
56290 43827 1
56290 48937 1
56290 51628 1
56290 54875 1
56290 56288 1
56290 56709 1
56290 56711 1
56290 56712 1
56290 56713 1
56290 58678 1
56290 69618 1
56709 43827 1
56709 45935 1
56709 51628 1
56709 54875 1
56709 56290 1
56709 56711 1
56709 56712 1
56709 56713 1
56709 58678 1
56709 63636 1
56711 43827 1
56711 51628 1
56711 54875 1
56711 56290 1
56711 56709 1
56711 56712 1
56711 56713 1
56711 58678 1
56712 22702 1
56712 37715 1
56712 38518 1
56712 43827 1
56712 43948 1
56712 51628 1
56712 54875 1
56712 55463 1
56712 56290 1
56712 56665 1
56712 56709 1
56712 56711 1
56712 56713 1
56712 58678 1
56713 25232 1
56713 43827 1
56713 51628 1
56713 54875 1
56713 56290 1
56713 56709 1
56713 56711 1
56713 56712 1
56713 58678 1
56713 63048 1
56713 67975 1
56713 71980 1
57386 58678 1
57386 60737 1
57386 66722 1
57386 85197 1
57916 58678 1
57916 64553 1
57916 66576 1
57916 69628 1
57916 71001 2
71001 35385 1
71001 38352 1
71001 44897 1
71001 46353 1
71001 46996 1
71001 50036 1
71001 51777 1
71001 53232 1
71001 57916 2
71001 58678 1
71001 61493 1
71001 66157 1
85197 57386 1
85197 58678 1
60755 37008 1
60755 42919 1
60755 44897 1
60755 49569 1
60755 55090 1
60755 58746 1
60755 67199 1
60758 58746 1
60758 60761 1
60758 64553 1
60758 65756 1
60758 71304 1
60758 75764 1
60761 58746 1
60761 60758 1
60761 64553 1
60761 65756 1
60761 71304 1
60761 75764 1
64553 57916 1
64553 58746 1
64553 60758 1
64553 60761 1
64553 65756 1
64553 66576 1
64553 71304 1
64553 75764 1
65756 58746 1
65756 60758 1
65756 60761 1
65756 64553 1
65756 71304 1
65756 75764 1
65756 124649 1
67199 58746 1
67199 60755 1
67199 70690 1
67199 123520 1
71304 58746 1
71304 60758 1
71304 60761 1
71304 64553 1
71304 65756 1
71304 75764 1
75764 58746 1
75764 60758 1
75764 60761 1
75764 64553 1
75764 65756 1
75764 70700 1
75764 71304 1
36816 59036 1
36816 60952 1
36816 61029 2
61029 32706 1
61029 36816 2
61029 44956 1
61029 59036 1
61029 60952 1
69618 56290 1
69618 59036 1
26222 31959 1
26222 32537 1
26222 49264 1
26222 56754 1
26222 57673 1
26222 63613 1
31959 23712 1
31959 26222 1
31959 32537 1
31959 49264 1
31959 56754 1
31959 57673 1
31959 63613 1
32467 47740 1
32467 49208 1
32467 56583 1
32467 57504 1
32467 63613 1
32467 65942 1
32537 26222 1
32537 31959 1
32537 49264 1
32537 56754 1
32537 57673 1
32537 63613 1
35594 38189 1
35594 38722 1
35594 54914 1
35594 55932 1
35594 56508 1
35594 56583 1
35594 63613 1
35594 71028 1
36856 63613 1
36856 75655 1
38722 35594 1
38722 35972 1
38722 54914 1
38722 56508 1
38722 56583 2
38722 57677 1
38722 63613 1
43977 48421 1
43977 63613 1
47740 32467 1
47740 47742 1
47740 49208 1
47740 57504 1
47740 63613 1
47740 65942 1
47740 75655 1
48185 48539 1
48185 56583 1
48185 63065 1
48185 63613 1
48410 48411 3
48410 48414 2
48410 48419 2
48410 48421 1
48410 49629 1
48410 51329 1
48410 51642 1
48410 57144 1
48410 57673 1
48410 63613 1
48410 72730 1
48410 78730 1
48411 48410 3
48411 48414 1
48411 48419 1
48411 48421 3
48411 49629 1
48411 50998 1
48411 51329 1
48411 51642 1
48411 52232 1
48411 57144 1
48411 57673 1
48411 59055 1
48411 63613 1
48411 72730 1
48411 78730 1
48414 48410 2
48414 48411 1
48414 48419 2
48414 48421 1
48414 49629 1
48414 51329 1
48414 51642 1
48414 57144 1
48414 57673 1
48414 61882 1
48414 63613 1
48414 67057 1
48414 72730 1
48419 48410 2
48419 48411 1
48419 48414 2
48419 48421 1
48419 49629 1
48419 51329 1
48419 51642 1
48419 56509 1
48419 57144 1
48419 57673 1
48419 63613 1
48419 72730 1
48421 43977 1
48421 48410 1
48421 48411 3
48421 48414 1
48421 48419 1
48421 49629 1
48421 50018 1
48421 50998 1
48421 51329 1
48421 51642 1
48421 52232 1
48421 57144 1
48421 57673 1
48421 59055 1
48421 62850 1
48421 63613 1
48421 72730 1
48421 75654 1
48539 48185 1
48539 49264 1
48539 56583 1
48539 63065 1
48539 63613 1
49208 32467 1
49208 47740 1
49208 57504 1
49208 63613 1
49208 65942 1
49264 26222 1
49264 31959 1
49264 32537 1
49264 48539 1
49264 56754 1
49264 57673 1
49264 63613 1
49629 48410 1
49629 48411 1
49629 48414 1
49629 48419 1
49629 48421 1
49629 51329 1
49629 51642 1
49629 57144 1
49629 57673 1
49629 63613 1
49629 72730 1
51329 48410 1
51329 48411 1
51329 48414 1
51329 48419 1
51329 48421 1
51329 49629 1
51329 51642 1
51329 57144 1
51329 57673 1
51329 63613 1
51329 72730 1
51642 41686 1
51642 48410 1
51642 48411 1
51642 48414 1
51642 48419 1
51642 48421 1
51642 49629 1
51642 51329 1
51642 57144 1
51642 57673 1
51642 63613 1
51642 66741 1
51642 72730 1
54914 35594 1
54914 38722 1
54914 56508 1
54914 56583 1
54914 63613 1
56508 35594 1
56508 38722 1
56508 54914 1
56508 56583 1
56508 63613 1
56583 32467 1
56583 35594 1
56583 35972 1
56583 38722 2
56583 42172 1
56583 48185 1
56583 48539 1
56583 54914 1
56583 56508 1
56583 56512 1
56583 57677 1
56583 61401 2
56583 63065 1
56583 63613 2
56583 75654 1
56754 26222 1
56754 31959 1
56754 32537 1
56754 49264 1
56754 57673 1
56754 62279 1
56754 63613 1
56754 89047 1
57144 48410 1
57144 48411 1
57144 48414 1
57144 48419 1
57144 48421 1
57144 49629 1
57144 51329 1
57144 51642 1
57144 57673 1
57144 63613 1
57144 72730 1
57504 32467 1
57504 47740 1
57504 49208 1
57504 63613 1
57504 65942 1
57673 26222 1
57673 31959 1
57673 32537 1
57673 43453 1
57673 48410 1
57673 48411 1
57673 48414 1
57673 48419 1
57673 48421 1
57673 49264 1
57673 49629 1
57673 51329 1
57673 51642 1
57673 56754 1
57673 57144 1
57673 60669 1
57673 61548 1
57673 63613 2
57673 65876 1
57673 66843 1
57673 72730 1
57673 75755 1
63065 25460 1
63065 32312 1
63065 34784 1
63065 34785 1
63065 36557 1
63065 47057 1
63065 48185 1
63065 48539 1
63065 56583 1
63065 63613 1
63065 79787 1
65942 32467 1
65942 32511 1
65942 47740 1
65942 49208 1
65942 57504 1
65942 63613 1
72730 48410 1
72730 48411 1
72730 48414 1
72730 48419 1
72730 48421 1
72730 49629 1
72730 51329 1
72730 51642 1
72730 57144 1
72730 57673 1
72730 63613 1
60195 60185 1
60195 60190 1
60195 63501 1
60195 65497 1
60195 75977 1
60195 78983 1
60195 78984 1
60195 85217 1
60195 89721 1
63501 17670 1
63501 60195 1
63501 65497 1
63501 75977 1
63501 78983 1
63501 78984 1
63501 83931 1
63501 84489 1
63501 85217 1
63501 89721 1
75977 60195 1
75977 63501 1
75977 65497 1
75977 74326 1
75977 78983 1
75977 78984 1
75977 85217 1
75977 89721 1
75977 123941 1
78983 60195 1
78983 63501 1
78983 65497 1
78983 75977 1
78983 78984 1
78983 85217 1
78983 89721 1
78984 60195 1
78984 63501 1
78984 65497 1
78984 75977 1
78984 78983 1
78984 85217 1
78984 89721 1
85217 60195 1
85217 63501 1
85217 65497 1
85217 75977 1
85217 78983 1
85217 78984 1
85217 89721 1
89721 55513 1
89721 60195 1
89721 63501 1
89721 63895 1
89721 65497 1
89721 67937 1
89721 69929 1
89721 75977 1
89721 78983 1
89721 78984 1
89721 80828 1
89721 83592 1
89721 85217 1
89721 95046 1
89721 114946 1
40381 47866 1
40381 51870 1
40381 52371 1
40381 52908 1
40381 57400 1
40381 66261 1
42402 56281 1
42402 64788 1
42402 66261 1
42402 70525 1
42402 76470 1
42402 83931 1
42402 85980 1
42402 124088 1
46108 61389 1
46108 66261 1
46108 71164 1
47866 40381 1
47866 51870 1
47866 52371 1
47866 52908 1
47866 57400 1
47866 65483 1
47866 66261 1
51788 59875 1
51788 61797 1
51788 66212 1
51788 66261 1
51788 80717 1
51803 66261 1
51870 40381 1
51870 47866 1
51870 52371 1
51870 52908 1
51870 57400 1
51870 66261 1
52371 40012 1
52371 40381 1
52371 47866 1
52371 51870 1
52371 52908 1
52371 57400 1
52371 66261 1
52908 40381 1
52908 47866 1
52908 51870 1
52908 52371 1
52908 57400 1
52908 66261 1
56281 42402 1
56281 51498 1
56281 66261 1
56281 77454 1
56281 79968 1
56281 85787 1
57400 40381 1
57400 47866 1
57400 51870 1
57400 52371 1
57400 52908 1
57400 66261 1
57400 89779 1
57400 104154 1
57400 113799 1
59875 51788 1
59875 61797 1
59875 66212 1
59875 66261 1
59875 80717 1
59875 94767 1
59875 95181 1
61389 46108 1
61389 66261 1
61389 71164 1
61389 96491 1
61797 51788 1
61797 59875 1
61797 66212 1
61797 66261 1
61797 80717 1
61797 88947 1
61797 101438 1
66212 51788 1
66212 59875 1
66212 61797 1
66212 66261 1
66212 80717 1
66212 87352 1
71164 46108 1
71164 48804 1
71164 56375 1
71164 61389 1
71164 66261 1
80717 51788 1
80717 59875 1
80717 61797 1
80717 66212 1
80717 66261 1
76479 47769 1
76479 51755 1
76479 66841 1
76479 68426 1
44768 56434 1
44768 60063 1
44768 61493 1
44768 66842 1
56434 44768 1
56434 60063 1
56434 61493 1
56434 66842 1
60063 44768 1
60063 56434 1
60063 61493 1
60063 66842 1
61493 44768 1
61493 50667 1
61493 56434 1
61493 60063 1
61493 63070 1
61493 64234 1
61493 66842 1
61493 71001 1
43453 38959 1
43453 57673 1
43453 60669 1
43453 61548 3
43453 65876 1
43453 66808 1
43453 66843 1
43453 68824 1
43453 75755 1
43453 108766 1
60669 43453 1
60669 57673 1
60669 61548 1
60669 65876 1
60669 66843 1
60669 75755 1
61548 43453 3
61548 57673 1
61548 60669 1
61548 65876 1
61548 66843 1
61548 75755 1
65876 35612 1
65876 43453 1
65876 57673 1
65876 60669 1
65876 61548 1
65876 66843 1
65876 75755 1
75755 43453 1
75755 57673 1
75755 60669 1
75755 61548 1
75755 65876 1
75755 66843 1
75755 75750 1
75755 75751 1
75755 75754 1
75755 75756 1
75755 77294 1
75755 82366 1
75755 90357 1
75755 95134 1
75755 96939 1
42551 51875 1
42551 54525 1
42551 58702 1
42551 59382 1
42551 61031 1
42551 64863 1
42551 67975 1
42551 67976 1
42551 70160 1
51875 29968 1
51875 42551 1
51875 43831 1
51875 47120 1
51875 54525 1
51875 58702 1
51875 59382 1
51875 61031 2
51875 64863 1
51875 67975 1
51875 67976 1
51875 70160 1
54525 42551 1
54525 44719 1
54525 47940 1
54525 49249 1
54525 49733 1
54525 51875 1
54525 56867 1
54525 58702 1
54525 59382 1
54525 61031 1
54525 64863 1
54525 67975 1
54525 67976 1
54525 70160 1
54525 78016 1
58702 39566 1
58702 42551 1
58702 51875 1
58702 53978 1
58702 54525 1
58702 55466 1
58702 59382 1
58702 59573 1
58702 61031 1
58702 62401 1
58702 64863 1
58702 65145 1
58702 67975 1
58702 67976 1
58702 70160 1
58702 70498 1
58702 71632 1
59382 22719 1
59382 42551 1
59382 51875 1
59382 52986 1
59382 54525 1
59382 58702 1
59382 61031 1
59382 64863 1
59382 67975 1
59382 67976 1
59382 70160 1
61031 42551 1
61031 51875 2
61031 54525 1
61031 58702 1
61031 59382 1
61031 64863 1
61031 67975 1
61031 67976 1
61031 70160 1
64863 42551 1
64863 44475 1
64863 51875 1
64863 54525 1
64863 58702 1
64863 59382 1
64863 61031 1
64863 67975 1
64863 67976 1
64863 70160 1
67975 42551 1
67975 51875 1
67975 54525 1
67975 56713 1
67975 58702 1
67975 59382 1
67975 61031 1
67975 64863 1
67975 67976 1
67975 70160 1
70160 42551 1
70160 51875 1
70160 54525 1
70160 58702 1
70160 59382 1
70160 61031 1
70160 64863 1
70160 67975 1
70160 67976 1
75061 60365 1
75061 67976 1
75061 78070 1
75061 82084 1
75061 89077 1
78070 67976 1
78070 75061 1
68518 68820 1
68518 85787 1
57582 71110 1
57582 71111 1
57582 71112 1
57582 71113 1
57582 71834 1
57582 73768 1
57582 74550 1
71110 57582 1
71110 71111 1
71110 71112 1
71110 71113 1
71110 71834 1
71110 73768 1
71110 74550 1
71111 57582 1
71111 71110 1
71111 71112 1
71111 71113 1
71111 71834 1
71111 73768 1
71111 74550 1
71113 57582 1
71113 71110 1
71113 71111 1
71113 71112 1
71113 71834 1
71113 73768 1
71113 74550 1
71834 31433 1
71834 57582 1
71834 71110 1
71834 71111 1
71834 71112 1
71834 71113 1
71834 73768 1
71834 74550 1
73768 45506 1
73768 54318 1
73768 55203 1
73768 57582 1
73768 71110 1
73768 71111 1
73768 71112 1
73768 71113 1
73768 71834 1
73768 74550 1
74550 57582 1
74550 71110 1
74550 71111 1
74550 71112 1
74550 71113 1
74550 71834 1
74550 73768 1
74550 74671 1
47686 58729 1
47686 60391 1
47686 68273 1
47686 71889 1
47686 73912 1
47686 124649 1
50677 50676 1
50677 61468 1
50677 61470 1
50677 61473 1
50677 64053 1
50677 68298 1
50677 68299 1
50677 71889 1
50677 74961 1
50677 126626 1
50677 126855 2
50677 126955 1
50677 126965 1
50677 127730 1
55121 26876 1
55121 52288 1
55121 63110 1
55121 66576 1
55121 71889 1
55121 73313 1
57455 37442 1
57455 71889 1
57455 122668 1
58729 47686 1
58729 60391 1
58729 68273 1
58729 71889 1
58729 73912 1
58729 124649 1
60391 47686 1
60391 53778 1
60391 58729 1
60391 64713 1
60391 68273 1
60391 71889 1
60391 73912 1
60391 86510 1
60391 91590 1
60391 124649 1
63110 55121 1
63110 66576 1
63110 71889 1
63110 73313 1
66576 55121 1
66576 57916 1
66576 63110 1
66576 64553 1
66576 71889 1
66576 73313 1
68273 47686 1
68273 58729 1
68273 60391 1
68273 71889 1
68273 73912 1
68273 124649 1
73313 55121 1
73313 63110 1
73313 66576 1
73313 68385 1
73313 71889 1
73313 125442 1
73912 42985 1
73912 47686 1
73912 58729 1
73912 60391 1
73912 68273 1
73912 71889 1
73912 72779 1
73912 124649 1
124649 47686 1
124649 58729 1
124649 60391 1
124649 65756 1
124649 68273 1
124649 71122 1
124649 71889 1
124649 73912 1
126626 50677 1
126626 59602 1
126626 71889 1
126626 126855 1
126855 35473 1
126855 50676 1
126855 50677 2
126855 59602 1
126855 61468 1
126855 61471 1
126855 61473 2
126855 61721 1
126855 64053 1
126855 68298 1
126855 68299 1
126855 71889 1
126855 74960 1
126855 126301 1
126855 126626 1
126855 127639 1
38779 36666 1
38779 48402 1
38779 78846 1
38779 78847 1
38779 78848 1
38779 80612 1
38779 81712 1
48402 38779 1
48402 78847 1
48402 78848 1
48402 80612 1
48402 81712 1
52461 49933 1
52461 67191 1
52461 80612 1
62998 26985 1
62998 59712 1
62998 67136 1
62998 67484 1
62998 71292 1
62998 77454 1
62998 80612 1
62998 84907 1
62998 84908 1
62998 84909 1
62998 109165 1
64287 47606 1
64287 56020 1
64287 80612 1
67136 61882 1
67136 62998 1
67136 75359 1
67136 80612 1
74827 51402 1
74827 70029 1
74827 74828 1
74827 80612 1
74827 100263 1
74827 101392 1
78847 38779 1
78847 48402 1
78847 78848 1
78847 80612 1
78847 81712 5
78848 38779 1
78848 48402 1
78848 78847 1
78848 79502 1
78848 80612 1
78848 81712 1
78848 96461 1
81712 38779 1
81712 48402 1
81712 78847 5
81712 78848 1
81712 80612 1
100263 66123 1
100263 74827 1
100263 79638 1
100263 80612 1
100263 87660 1
100263 100262 1
100263 101392 1
100263 102380 1
101392 74827 1
101392 80612 1
101392 100263 1
49082 79898 1
49082 80195 1
49082 117439 1
83581 83582 1
114509 83582 1
114509 109148 1
32511 40351 1
32511 65942 1
32511 75494 1
32511 75655 1
40351 32511 1
40351 75494 1
40351 75655 1
41009 69965 1
41009 69966 1
41009 69967 1
41009 69968 1
41009 72616 1
41009 74521 1
41009 74671 1
41009 75494 1
41009 82418 1
41009 82419 1
69965 41009 1
69965 69966 2
69965 69967 1
69965 69968 1
69965 72616 1
69965 74521 1
69965 74671 1
69965 75494 1
69965 82418 1
69965 82419 1
69965 87315 1
69966 41009 1
69966 69965 2
69966 69967 1
69966 69968 1
69966 72616 1
69966 74521 1
69966 74671 1
69966 75494 1
69966 82418 1
69966 82419 1
69967 39446 1
69967 41009 1
69967 63102 1
69967 69965 1
69967 69966 1
69967 69968 1
69967 72616 1
69967 74521 1
69967 74671 1
69967 75494 1
69967 82418 1
69967 82419 1
69967 94377 1
69968 41009 1
69968 69965 1
69968 69966 1
69968 69967 1
69968 72616 1
69968 74521 1
69968 74671 1
69968 75494 2
69968 82418 1
69968 82419 1
69968 91954 1
69968 91955 1
69968 91956 1
69968 91957 1
69968 91958 1
69968 91959 1
69968 91960 1
69968 91961 1
69968 91962 1
69968 102293 1
72616 41009 1
72616 69965 1
72616 69966 1
72616 69967 1
72616 69968 1
72616 74521 1
72616 74671 1
72616 75494 1
72616 82418 1
72616 82419 1
74521 41009 1
74521 50911 1
74521 69965 1
74521 69966 1
74521 69967 1
74521 69968 1
74521 72616 1
74521 74520 1
74521 74671 1
74521 75494 1
74521 82418 1
74521 82419 1
74671 41009 1
74671 69965 1
74671 69966 1
74671 69967 1
74671 69968 1
74671 72616 1
74671 74521 1
74671 74550 1
74671 75494 1
74671 80328 1
74671 82418 1
74671 82419 1
75655 32511 1
75655 36856 1
75655 40351 1
75655 47740 1
75655 47751 1
75655 58270 1
75655 75494 1
75655 81503 1
82418 41009 1
82418 69965 1
82418 69966 1
82418 69967 1
82418 69968 1
82418 72616 1
82418 74521 1
82418 74671 1
82418 75494 1
82418 82419 5
82419 41009 1
82419 69965 1
82419 69966 1
82419 69967 1
82419 69968 1
82419 72616 1
82419 74521 1
82419 74671 1
82419 75494 1
82419 82418 5
65085 65715 1
65085 75497 1
65085 76678 1
65085 76679 1
65085 76680 1
65715 46615 1
65715 52255 1
65715 60759 1
65715 65085 1
65715 75497 1
65715 76678 1
65715 76679 1
65715 76680 1
65715 82765 1
65715 82769 1
76678 65085 1
76678 65715 1
76678 75497 1
76678 76679 1
76678 76680 2
76679 56096 1
76679 65085 1
76679 65715 1
76679 75497 1
76679 76678 1
76679 76680 1
76680 37442 1
76680 56707 1
76680 65085 1
76680 65715 1
76680 75497 1
76680 76678 2
76680 76679 1
91954 69968 1
91954 91955 1
91954 91956 1
91954 91957 1
91954 91958 1
91954 91959 1
91954 91960 1
91954 91961 1
91954 91962 1
91954 91963 1
91954 98162 1
91954 102293 1
91954 103989 1
91954 111347 1
91955 69968 1
91955 91954 1
91955 91956 1
91955 91957 1
91955 91958 1
91955 91959 1
91955 91960 1
91955 91961 1
91955 91962 2
91955 102293 1
91955 109913 1
91957 65932 1
91957 69968 1
91957 91954 1
91957 91955 1
91957 91956 2
91957 91958 1
91957 91959 1
91957 91960 1
91957 91961 1
91957 91962 1
91957 102293 1
91957 105773 1
91957 112359 1
91958 69968 1
91958 91616 1
91958 91954 1
91958 91955 1
91958 91956 1
91958 91957 1
91958 91959 1
91958 91960 1
91958 91961 1
91958 91962 1
91958 101983 1
91958 102293 1
91958 109913 1
91958 109914 1
91958 109915 1
91958 112494 1
91958 112686 1
91958 127460 1
91959 69968 1
91959 91954 1
91959 91955 1
91959 91956 2
91959 91957 1
91959 91958 1
91959 91960 1
91959 91961 1
91959 91962 1
91959 102293 1
91959 111348 1
91959 112494 2
91959 126334 1
91960 69968 1
91960 91954 1
91960 91955 1
91960 91956 1
91960 91957 1
91960 91958 1
91960 91959 1
91960 91961 1
91960 91962 1
91960 102293 1
91960 113176 1
91961 69968 1
91961 91954 1
91961 91955 1
91961 91956 2
91961 91957 1
91961 91958 1
91961 91959 1
91961 91960 1
91961 91962 1
91961 98161 1
91961 102293 1
91961 109913 1
91961 112686 1
91961 112937 1
91961 116802 1
91961 123563 1
91962 69968 1
91962 91954 1
91962 91955 2
91962 91956 1
91962 91957 1
91962 91958 1
91962 91959 1
91962 91960 1
91962 91961 1
91962 102293 1
91962 109913 1
97374 91956 1
97374 97425 1
98161 91956 1
98161 91961 1
98161 97949 1
98161 98162 1
98161 109913 1
98161 109915 1
98161 112686 1
98161 112937 1
98162 79505 1
98162 91954 1
98162 91956 1
98162 91963 1
98162 97949 1
98162 98161 1
98162 103989 1
98162 109915 1
98162 111347 2
102293 69968 1
102293 91954 1
102293 91955 1
102293 91956 1
102293 91957 1
102293 91958 1
102293 91959 1
102293 91960 1
102293 91961 1
102293 91962 1
102293 105773 1
102293 105774 1
102293 111349 1
109913 91955 1
109913 91956 1
109913 91958 1
109913 91961 1
109913 91962 1
109913 98161 1
109913 109914 1
109913 109915 1
109913 112686 1
109913 112937 1
112686 91956 1
112686 91958 1
112686 91961 1
112686 98161 1
112686 109913 1
112686 112687 1
112686 112688 1
112686 112937 1
112937 59556 2
112937 91956 1
112937 91961 1
112937 98161 1
112937 105410 2
112937 109913 1
112937 112686 1
93162 93506 1
93162 94769 1
93162 114862 1
114862 93162 1
114862 94769 2
114862 114863 2
119544 94769 1
124344 94769 1
124344 114863 1
107184 107185 4
107184 114863 1
107185 107184 4
107185 114863 1
55375 69573 1
55375 99957 1
55375 99959 1
55375 105957 1
55375 126185 1
42879 57737 1
69900 57737 1
69900 69901 3
69901 57737 1
69901 69900 3
46521 51748 1
46521 51976 1
46521 54479 1
46521 56934 1
46521 60863 1
46521 63976 1
46521 75879 1
51748 46521 1
51748 51976 1
51748 54479 1
51748 56934 1
51748 60863 1
51748 63976 1
51748 75879 1
51976 46521 1
51976 51748 1
51976 54479 1
51976 56934 1
51976 60863 1
51976 63976 1
51976 75879 1
54479 46521 1
54479 51748 1
54479 51976 1
54479 56934 1
54479 60863 1
54479 63976 1
54479 75879 1
56934 46521 1
56934 51748 1
56934 51976 1
56934 54479 1
56934 60863 1
56934 63976 1
56934 75879 1
60863 46521 1
60863 51748 1
60863 51976 1
60863 54479 1
60863 56934 1
60863 63976 1
60863 75879 1
75879 46521 1
75879 51748 1
75879 51976 1
75879 54479 1
75879 56934 1
75879 60863 1
75879 63976 1
74712 74833 1
74712 74837 1
74712 84805 1
74712 112776 1
74712 120741 1
74835 74833 1
74835 74836 1
74836 74833 1
74836 74835 1
74837 74712 1
74837 74833 1
74837 84805 1
74837 112776 1
74837 120741 1
84805 74712 1
84805 74833 1
84805 74837 1
84805 112776 2
84805 120741 1
112776 74712 1
112776 74833 1
112776 74837 1
112776 84805 2
112776 120741 1
120741 74712 1
120741 74833 1
120741 74837 1
120741 84805 1
120741 112776 1
120741 114843 1
50428 54875 1
48937 56288 1
48937 56290 1
56288 48937 1
56288 56290 1
56288 66329 1
45935 56709 1
45935 63636 1
45935 67937 1
63636 45935 1
63636 56709 1
22702 37715 1
22702 38518 1
22702 43948 1
22702 55463 1
22702 56665 1
22702 56712 1
37715 22702 1
37715 38518 1
37715 43948 1
37715 55463 1
37715 56665 1
37715 56712 1
38518 22702 1
38518 37715 1
38518 43948 1
38518 55463 1
38518 56665 1
38518 56712 1
43948 22702 1
43948 37715 1
43948 38518 1
43948 55463 1
43948 56665 1
43948 56712 1
55463 22702 1
55463 37715 1
55463 38518 1
55463 43948 1
55463 56665 1
55463 56712 1
56665 22702 1
56665 37715 1
56665 38518 1
56665 43948 1
56665 55463 1
56665 56712 1
25232 56713 1
25232 63048 1
25232 71980 1
63048 25232 1
63048 56713 1
63048 71980 1
71980 25232 1
71980 56713 1
71980 63048 1
60737 57386 1
60737 66722 1
66722 57386 1
66722 60737 1
69628 57916 1
35385 38352 1
35385 44897 1
35385 46353 1
35385 46996 1
35385 50036 1
35385 51777 1
35385 53232 1
35385 71001 1
38352 35385 1
38352 44897 1
38352 46353 1
38352 46996 1
38352 50036 1
38352 51777 1
38352 53232 1
38352 71001 1
44897 35385 1
44897 38352 1
44897 46353 1
44897 46996 1
44897 50036 1
44897 51777 1
44897 53232 1
44897 60755 1
44897 71001 1
46353 35385 1
46353 38352 1
46353 44897 1
46353 46996 1
46353 50036 1
46353 51777 1
46353 53232 1
46353 71001 1
46996 35385 1
46996 38352 1
46996 44897 1
46996 46353 1
46996 50036 1
46996 51777 1
46996 53232 1
46996 55985 1
46996 71001 1
50036 35385 1
50036 38352 1
50036 44897 1
50036 46353 1
50036 46996 1
50036 51777 1
50036 53232 1
50036 71001 1
51777 35385 1
51777 38352 1
51777 44897 1
51777 46353 1
51777 46996 1
51777 50036 1
51777 53232 1
51777 71001 1
53232 35385 1
53232 38352 1
53232 44897 1
53232 46353 1
53232 46996 1
53232 50036 1
53232 51777 1
53232 71001 1
66157 71001 1
37008 60755 1
42919 49569 1
42919 60755 1
49569 42919 1
49569 60755 1
55090 60755 1
70690 67199 1
70700 75764 1
60952 36816 1
60952 61029 1
32706 44956 1
32706 61029 1
44956 32706 1
44956 61029 1
23712 31959 1
38189 35594 1
38189 55932 1
38189 71028 1
55932 35594 1
55932 38189 1
55932 71028 1
71028 35594 1
71028 38189 1
71028 55932 1
35972 38722 1
35972 56583 1
35972 57677 1
57677 35972 1
57677 38722 1
57677 56583 1
47742 47740 1
78730 48410 1
78730 48411 1
50998 48411 1
50998 48421 1
50998 52232 1
50998 59055 1
52232 48411 1
52232 48421 1
52232 50998 1
52232 59055 1
59055 48411 1
59055 48421 1
59055 50998 1
59055 52232 1
61882 48414 1
61882 67057 1
61882 67136 1
61882 75359 1
67057 48414 1
67057 61882 1
56509 48419 1
50018 48421 1
62850 48421 1
75654 48421 1
75654 56583 1
41686 51642 1
66741 51642 1
42172 56583 1
42172 61401 1
56512 56583 1
61401 42172 1
61401 56583 2
62279 56754 1
62279 89047 1
89047 56754 1
89047 62279 1
25460 34784 1
25460 34785 1
25460 36557 1
25460 47057 1
25460 63065 1
32312 63065 1
32312 79787 1
34784 25460 1
34784 34785 1
34784 36557 1
34784 47057 1
34784 63065 1
34785 25460 1
34785 34784 1
34785 36557 1
34785 47057 1
34785 63065 1
36557 25460 1
36557 34784 1
36557 34785 1
36557 47057 1
36557 63065 1
47057 25460 1
47057 34784 1
47057 34785 1
47057 36557 1
47057 63065 1
79787 32312 1
79787 63065 1
60185 60190 1
60185 60195 1
60190 60185 1
60190 60195 1
17670 63501 1
17670 83931 1
83931 17670 1
83931 42402 1
83931 63501 1
83931 64788 1
83931 124088 1
84489 63501 1
74326 75977 1
123941 75977 1
123941 123940 8
123941 123942 6
123941 123943 2
123941 123944 3
123941 125935 5
55513 89721 1
63895 80828 1
63895 89721 1
63895 114946 1
67937 45935 1
67937 69929 1
67937 89721 1
69929 67937 1
69929 89721 1
80828 63895 1
80828 89721 1
80828 114946 1
83592 89721 1
95046 89721 1
114946 63895 1
114946 80828 1
114946 89721 1
64788 42402 1
64788 83931 1
64788 124088 1
70525 42402 1
70525 76470 1
70525 85980 1
76470 42402 1
76470 70525 1
76470 85980 1
85980 42402 1
85980 70525 1
85980 76470 1
124088 42402 1
124088 64788 1
124088 83931 1
65483 47866 1
40012 52371 1
51498 56281 1
77454 56281 1
77454 62998 1
79968 56281 1
85787 56281 1
85787 68518 1
89779 57400 1
89779 104154 1
89779 113799 1
104154 57400 1
104154 89779 1
104154 113799 1
113799 57400 1
113799 89779 1
113799 104154 1
94767 59875 1
95181 59875 1
96491 61389 1
88947 61797 1
101438 61797 1
87352 66212 1
48804 71164 1
56375 71164 1
47769 76479 1
51755 68426 1
51755 76479 1
68426 51755 1
68426 76479 1
50667 61493 1
50667 63070 1
50667 64234 1
63070 45506 1
63070 50667 1
63070 61493 1
63070 64234 1
64234 50667 1
64234 58724 1
64234 61493 1
64234 63070 1
38959 43453 1
38959 66808 1
66808 38959 1
66808 43453 1
68824 43453 1
68824 108766 1
108766 43453 1
108766 68824 1
35612 65876 1
75750 75751 1
75750 75754 1
75750 75755 1
75750 75756 1
75751 75750 1
75751 75754 1
75751 75755 1
75751 75756 1
75754 75750 1
75754 75751 1
75754 75755 1
75754 75756 1
75756 75750 1
75756 75751 1
75756 75754 1
75756 75755 1
77294 75755 1
77294 82366 1
77294 90357 1
77294 95134 1
77294 96939 1
82366 75755 1
82366 77294 1
82366 90357 1
82366 95134 1
82366 96939 1
90357 75755 1
90357 77294 1
90357 82366 1
90357 95134 1
90357 96939 1
95134 75755 1
95134 77294 1
95134 82366 1
95134 90357 1
95134 95135 1
95134 95136 1
95134 96939 1
96939 75755 1
96939 77294 1
96939 82366 1
96939 90357 1
96939 95134 1
29968 43831 1
29968 47120 1
29968 51875 1
43831 29968 1
43831 47120 1
43831 51875 1
47120 29968 1
47120 43831 1
47120 51875 1
44719 47940 1
44719 49249 1
44719 49733 1
44719 54525 1
44719 56867 1
44719 78016 1
47940 44719 1
47940 49249 1
47940 49733 1
47940 54525 1
47940 56867 1
47940 78016 1
49249 44719 1
49249 47940 1
49249 49733 1
49249 54525 1
49249 56867 1
49249 78016 1
49733 44719 1
49733 47940 1
49733 49249 1
49733 54525 1
49733 56867 1
49733 78016 1
56867 44719 1
56867 47940 1
56867 49249 1
56867 49733 1
56867 54525 1
56867 60157 1
56867 78016 1
78016 44719 1
78016 47940 1
78016 49249 1
78016 49733 1
78016 54525 1
78016 56867 1
39566 58702 1
39566 59573 1
53978 58702 1
53978 70498 1
55466 58702 1
59573 39566 1
59573 58702 1
62401 58702 1
62401 65145 1
65145 58702 1
65145 62401 1
70498 53978 1
70498 58702 1
71632 58702 1
22719 52986 1
22719 59382 1
52986 22719 1
52986 59382 1
44475 64863 1
60365 75061 1
82084 75061 1
82084 89077 1
89077 75061 1
89077 82084 1
31433 71834 1
45506 54318 1
45506 55203 1
45506 63070 1
45506 73768 1
54318 45506 1
54318 55203 1
54318 73768 1
55203 45506 1
55203 54318 1
55203 73768 1
50676 50677 1
50676 61468 1
50676 61473 1
50676 64053 1
50676 68298 1
50676 68299 1
50676 126855 1
61468 50676 1
61468 50677 1
61468 61466 1
61468 61469 1
61468 61470 1
61468 61471 1
61468 61472 1
61468 61473 2
61468 64053 1
61468 68298 1
61468 68299 1
61468 77633 1
61468 126855 1
61470 50677 1
61470 61468 1
61470 61471 1
61470 61472 1
61470 61473 1
61470 74961 1
61470 77633 1
61470 126965 2
61470 127556 1
61473 35473 1
61473 50676 1
61473 50677 1
61473 59602 1
61473 61468 2
61473 61470 1
61473 61471 1
61473 61472 1
61473 64053 1
61473 68298 1
61473 68299 1
61473 77633 1
61473 126855 2
64053 50676 1
64053 50677 1
64053 61468 1
64053 61473 1
64053 68298 1
64053 68299 1
64053 74960 1
64053 126855 1
68298 50676 1
68298 50677 1
68298 61468 1
68298 61473 1
68298 64053 1
68298 68299 1
68298 126855 1
68299 50676 1
68299 50677 1
68299 61468 1
68299 61473 1
68299 64053 1
68299 68298 1
68299 81754 1
68299 126855 1
74961 35473 1
74961 50677 1
74961 61470 1
74961 74960 1
74961 126965 1
74961 127335 1
74961 127728 1
126955 35473 1
126955 50677 1
126955 61471 1
126955 77633 1
126955 126965 1
126965 50677 1
126965 61470 2
126965 74961 1
126965 126955 1
127730 50677 1
26876 52288 1
26876 55121 1
52288 26876 1
52288 55121 1
37442 56707 1
37442 57455 1
37442 76680 1
37442 77480 1
37442 122668 1
122668 37442 1
122668 57455 1
53778 60391 1
53778 64713 1
53778 86510 1
53778 91590 1
64713 53778 1
64713 60391 1
64713 86510 1
64713 91590 1
86510 53778 1
86510 60391 1
86510 64713 1
86510 91590 1
91590 53778 1
91590 60391 1
91590 64713 1
91590 86510 1
68385 73313 1
68385 125442 1
125442 68385 1
125442 73313 1
42985 72779 1
42985 73912 1
72779 42985 1
72779 73912 1
71122 124649 1
59602 35473 1
59602 42006 1
59602 59603 1
59602 61473 1
59602 126626 1
59602 126855 1
35473 59602 1
35473 61473 1
35473 74960 1
35473 74961 1
35473 126855 1
35473 126955 1
35473 127335 1
35473 127728 1
61471 61468 1
61471 61470 1
61471 61472 1
61471 61473 1
61471 61721 1
61471 74960 1
61471 77633 1
61471 110293 1
61471 110294 1
61471 116217 1
61471 126301 1
61471 126855 1
61471 126955 1
61721 61471 1
61721 61472 1
61721 74960 1
61721 126301 1
61721 126855 1
74960 35473 1
74960 61471 1
74960 61721 1
74960 64053 1
74960 74961 1
74960 126301 1
74960 126855 1
126301 61471 1
126301 61721 1
126301 74960 1
126301 126855 1
126301 127556 1
127639 42096 1
127639 49479 1
127639 76900 1
127639 126855 1
127639 127325 1
36666 38779 1
78846 38779 1
49933 52461 1
67191 52461 1
26985 62998 1
26985 67484 1
26985 71292 1
26985 109165 1
59712 62998 1
67484 26985 1
67484 62998 1
67484 71292 1
67484 109165 1
71292 26985 1
71292 62998 1
71292 67484 1
71292 109165 1
84907 62998 1
84907 84908 1
84907 84909 1
84908 62998 1
84908 84907 1
84908 84909 1
84909 62998 1
84909 84907 1
84909 84908 1
109165 26985 1
109165 62998 1
109165 67484 1
109165 71292 1
47606 56020 1
47606 64287 1
56020 47606 1
56020 64287 1
75359 61882 1
75359 67136 1
51402 70029 1
51402 74827 1
51402 74828 1
70029 51402 1
70029 74827 1
70029 74828 1
74828 51402 1
74828 70029 1
74828 74827 1
79502 78848 1
96461 78848 1
66123 87660 1
66123 100263 1
66123 102380 1
79638 100262 1
79638 100263 1
87660 66123 1
87660 100263 1
87660 102380 1
100262 79638 1
100262 100263 1
102380 66123 1
102380 87660 1
102380 100263 1
117439 49082 1
109148 114509 1
87315 69965 1
39446 63102 1
39446 69967 1
39446 94377 1
63102 39446 1
63102 69967 1
63102 94377 1
94377 39446 1
94377 63102 1
94377 69967 1
50911 74520 1
50911 74521 1
74520 50911 1
74520 74521 1
80328 74671 1
47751 75655 1
47751 81503 1
58270 75655 1
81503 47751 1
81503 75655 1
46615 52255 1
46615 60759 1
46615 65715 1
46615 78153 1
46615 82765 1
46615 82769 1
52255 46615 1
52255 60759 1
52255 65715 1
52255 82765 1
52255 82769 1
60759 46615 1
60759 52255 1
60759 65715 1
60759 82765 1
60759 82769 1
82765 46615 1
82765 52255 1
82765 60759 1
82765 65715 1
82765 82769 1
82769 46615 1
82769 52255 1
82769 60759 1
82769 65715 1
82769 82765 1
56096 76679 1
56707 37442 1
56707 76680 1
91963 91954 1
91963 98162 1
91963 103989 1
91963 111347 1
103989 91954 1
103989 91963 1
103989 98162 1
103989 111347 1
111347 91954 1
111347 91963 1
111347 98162 2
111347 103989 1
111347 111348 1
111347 111349 1
65932 91957 1
65932 105773 1
65932 112359 1
105773 65932 1
105773 91957 1
105773 102293 1
105773 105774 1
105773 112359 1
105773 112494 1
112359 65932 1
112359 91957 1
112359 101983 1
112359 105773 1
112359 111349 1
91616 91958 1
91616 101983 1
91616 112494 1
91616 127460 1
101983 91616 1
101983 91958 1
101983 112359 1
101983 112494 1
101983 127460 1
109914 91958 1
109914 109913 1
109914 109915 1
109915 91958 1
109915 97949 1
109915 98161 1
109915 98162 1
109915 109913 1
109915 109914 1
112494 91616 1
112494 91958 1
112494 91959 2
112494 101983 1
112494 105773 1
112494 105774 1
112494 111348 1
112494 126334 1
112494 127460 1
127460 91616 1
127460 91958 1
127460 101983 1
127460 112494 1
111348 91959 1
111348 111347 1
111348 111349 1
111348 112494 1
126334 91959 1
126334 112494 1
113176 74259 1
113176 91960 1
113176 112034 3
116802 91961 1
116802 123563 1
123563 91961 1
123563 116802 1
97425 97374 1
97425 98913 1
97949 98161 1
97949 98162 1
97949 109915 1
79505 98162 1
105774 102293 1
105774 105773 1
105774 112494 1
105774 112687 1
111349 102293 1
111349 111347 1
111349 111348 1
111349 112359 1
111349 113631 1
111349 114662 1
112687 105774 1
112687 112686 1
112687 112688 1
112688 112686 1
112688 112687 1
59556 105410 1
59556 112937 2
105410 59556 1
105410 112937 2
93506 93162 1
69573 55375 1
99957 55375 1
99957 99959 1
99959 55375 1
99959 99957 1
105957 55375 1
113631 111349 1
113631 114662 1
114662 111349 1
114662 113631 1
98913 97425 1
74259 113176 1
112034 113176 3
77480 37442 1
78153 46615 1
127335 35473 1
127335 74961 1
127335 127325 1
127335 127728 1
127728 35473 1
127728 74961 1
127728 127335 1
42006 49479 1
42006 59602 1
42006 59603 1
59603 42006 1
59603 59602 1
61466 61468 1
61466 61469 1
61469 61466 1
61469 61468 1
61472 61468 1
61472 61470 1
61472 61471 1
61472 61473 1
61472 61721 1
61472 77633 1
77633 61468 1
77633 61470 1
77633 61471 1
77633 61472 1
77633 61473 1
77633 126955 1
110293 61471 1
110293 110294 1
110293 116217 1
110294 61471 1
110294 110293 1
110294 116217 1
110294 127199 2
116217 61471 1
116217 110293 1
116217 110294 1
116217 116348 1
116217 127199 1
81754 68299 1
127556 61470 1
127556 126301 1
42096 49479 1
42096 76900 1
42096 127325 1
42096 127639 1
49479 42006 1
49479 42096 1
49479 76900 1
49479 127325 1
49479 127639 1
76900 42096 1
76900 49479 1
76900 127325 1
76900 127639 1
127325 42096 1
127325 49479 1
127325 76900 1
127325 127335 1
127325 127639 1
60157 56867 1
95135 95134 1
95135 95136 1
95136 95134 1
95136 95135 1
58724 64234 1
123940 119813 1
123940 123941 8
123940 123942 4
123940 123943 2
123940 123944 4
123940 125353 1
123940 125935 4
123942 123940 4
123942 123941 6
123942 123943 2
123942 123944 2
123942 125935 5
123943 123940 2
123943 123941 2
123943 123942 2
123943 123944 2
123943 125935 2
123944 123940 4
123944 123941 3
123944 123942 2
123944 123943 2
123944 125935 3
125935 123940 4
125935 123941 5
125935 123942 5
125935 123943 2
125935 123944 3
55985 46996 1
66329 56288 1
114843 120741 1
127199 110294 2
127199 116217 1
116348 116217 1
116348 124970 1
119813 123940 1
119813 125353 1
125353 119813 1
125353 123940 1
124970 116348 1
