116817 123576 1
123576 36084 1
123576 57831 1
123576 65598 1
123576 76667 1
123576 83710 1
123576 87459 1
123576 91789 1
123576 96668 1
123576 96670 1
123576 96844 1
123576 96845 1
123576 107038 1
123576 108639 1
123576 111256 1
123576 112180 1
123576 112566 1
123576 116817 1
123576 122474 1
36084 57831 1
36084 72190 1
36084 76669 1
36084 82488 1
36084 123576 1
57831 36084 1
57831 36087 1
57831 55943 1
57831 56619 1
57831 57198 1
57831 58217 1
57831 61071 1
57831 61072 1
57831 61073 1
57831 61709 1
57831 67236 1
57831 71940 1
57831 80533 1
57831 81671 1
57831 90500 1
57831 123576 1
65598 37368 1
65598 37377 1
65598 50554 1
65598 50578 1
65598 58203 1
65598 59822 1
65598 59840 1
65598 67248 1
65598 68965 1
65598 72465 1
65598 75542 1
65598 76424 1
65598 76425 1
65598 76426 1
65598 76667 1
65598 78213 1
65598 79851 1
65598 83710 1
65598 83987 1
65598 85321 1
65598 85560 1
65598 85562 1
65598 87459 1
65598 90649 1
65598 91789 1
65598 93603 1
65598 94656 1
65598 94657 1
65598 95163 1
65598 95714 1
65598 96668 1
65598 96670 1
65598 96844 1
65598 96845 1
65598 97332 1
65598 98353 1
65598 98751 1
65598 102554 1
65598 103720 1
65598 103861 1
65598 105461 1
65598 107038 1
65598 107039 1
65598 108639 1
65598 110837 1
65598 111256 1
65598 115018 1
65598 118579 1
65598 118580 1
65598 120723 1
65598 123576 1
76667 63005 1
76667 65598 1
76667 71423 2
76667 72161 2
76667 74776 1
76667 76659 1
76667 77806 1
76667 78949 1
76667 83710 1
76667 86699 1
76667 87459 1
76667 91789 1
76667 91790 1
76667 91791 2
76667 95164 1
76667 96668 1
76667 96670 1
76667 96844 1
76667 96845 1
76667 103612 1
76667 103613 2
76667 103965 1
76667 106650 1
76667 107038 2
76667 107532 1
76667 108639 1
76667 111256 1
76667 114486 1
76667 114839 1
76667 116426 1
76667 116763 1
76667 123576 1
76667 123650 2
83710 57195 1
83710 65598 1
83710 76667 1
83710 87459 1
83710 91789 1
83710 96668 1
83710 96670 1
83710 96844 1
83710 96845 1
83710 107038 1
83710 108639 1
83710 111256 1
83710 123576 1
87459 58209 1
87459 62910 1
87459 65598 1
87459 76499 1
87459 76667 1
87459 77666 1
87459 83710 1
87459 85549 1
87459 89953 1
87459 91789 1
87459 93609 1
87459 96668 1
87459 96670 1
87459 96844 1
87459 96845 1
87459 103162 1
87459 107038 1
87459 108639 1
87459 111256 1
87459 123576 1
91789 48314 1
91789 59823 1
91789 65598 1
91789 67036 1
91789 72131 1
91789 72162 1
91789 74962 1
91789 74963 1
91789 76667 1
91789 83099 1
91789 83710 1
91789 87459 1
91789 88760 1
91789 88762 2
91789 96668 1
91789 96670 1
91789 96844 1
91789 96845 1
91789 97630 1
91789 102458 1
91789 102911 1
91789 103413 1
91789 107038 1
91789 108107 1
91789 108639 1
91789 109284 1
91789 111092 1
91789 111168 1
91789 111256 1
91789 112566 1
91789 123576 1
96668 65598 1
96668 76667 1
96668 83710 1
96668 87459 1
96668 91789 1
96668 96670 1
96668 96844 1
96668 96845 1
96668 107038 1
96668 108639 1
96668 111256 1
96668 123576 1
96670 65598 1
96670 71484 1
96670 72929 1
96670 76667 1
96670 80991 1
96670 83710 1
96670 87459 1
96670 91219 1
96670 91789 1
96670 96668 1
96670 96844 1
96670 96845 1
96670 98550 1
96670 98551 1
96670 98750 1
96670 104287 1
96670 107038 1
96670 108639 2
96670 111256 1
96670 111385 1
96670 114032 1
96670 123576 1
96844 65598 1
96844 74776 1
96844 76667 1
96844 83710 1
96844 87459 1
96844 88993 1
96844 91789 1
96844 96668 1
96844 96670 1
96844 96845 1
96844 101936 1
96844 107038 1
96844 108639 1
96844 110816 1
96844 111256 1
96844 123576 1
96845 50558 1
96845 63006 1
96845 65598 1
96845 75836 1
96845 76667 1
96845 83710 1
96845 87459 1
96845 90418 1
96845 91789 1
96845 96668 1
96845 96670 1
96845 96844 1
96845 100123 1
96845 107038 1
96845 108639 1
96845 111256 2
96845 112584 1
96845 123576 1
96845 127001 1
107038 56628 1
107038 57750 1
107038 65598 1
107038 70329 1
107038 76667 2
107038 77804 1
107038 77806 1
107038 77807 1
107038 80991 1
107038 83710 1
107038 86699 1
107038 87459 1
107038 90198 1
107038 91789 1
107038 91791 1
107038 96668 1
107038 96670 1
107038 96844 1
107038 96845 1
107038 103613 1
107038 108639 1
107038 111256 1
107038 114032 1
107038 123576 1
107038 123650 1
108639 56621 1
108639 57203 1
108639 57843 1
108639 65598 1
108639 70203 1
108639 71943 1
108639 72696 1
108639 76667 1
108639 77175 1
108639 78713 1
108639 83710 1
108639 85320 1
108639 87459 1
108639 90418 1
108639 91789 1
108639 91791 1
108639 92283 1
108639 95162 1
108639 95164 1
108639 95282 1
108639 95283 1
108639 96668 1
108639 96670 2
108639 96844 1
108639 96845 1
108639 98550 1
108639 98551 1
108639 98750 1
108639 101676 1
108639 103966 1
108639 104890 1
108639 104891 1
108639 107038 1
108639 109422 1
108639 111256 1
108639 111385 1
108639 112779 1
108639 123576 1
111256 50558 1
111256 57856 1
111256 58194 1
111256 59767 1
111256 60804 1
111256 65598 1
111256 66730 1
111256 73975 1
111256 76667 1
111256 77692 1
111256 81841 1
111256 83710 1
111256 87459 1
111256 90418 1
111256 91789 1
111256 95374 1
111256 96056 1
111256 96668 1
111256 96670 1
111256 96833 1
111256 96844 1
111256 96845 2
111256 100123 1
111256 107038 1
111256 108254 1
111256 108639 1
111256 123576 1
112180 36083 1
112180 50568 1
112180 51689 1
112180 55829 1
112180 56167 1
112180 57756 1
112180 57829 1
112180 59453 1
112180 59523 1
112180 61705 1
112180 62583 1
112180 62584 1
112180 63329 1
112180 65587 1
112180 65976 1
112180 67237 1
112180 72087 1
112180 72464 1
112180 72926 1
112180 72927 1
112180 72928 1
112180 72929 1
112180 76638 1
112180 83714 1
112180 85320 1
112180 86293 1
112180 87320 1
112180 88762 1
112180 88804 1
112180 90501 1
112180 95009 1
112180 95164 1
112180 96475 1
112180 99320 1
112180 103611 1
112180 107036 1
112180 107075 1
112180 112314 1
112180 112566 1
112180 122474 1
112180 123576 1
112566 72162 1
112566 74963 2
112566 91789 1
112566 96666 1
112566 101676 1
112566 104100 1
112566 111168 1
112566 112180 1
112566 122474 1
112566 123576 1
122474 112180 1
122474 112566 1
122474 123576 1
72190 36083 1
72190 36084 1
72190 57203 1
72190 59840 1
72190 60804 1
72190 76669 1
72190 78713 1
72190 80533 1
72190 82488 1
72190 95162 1
72190 95163 1
72190 110837 1
76669 36084 1
76669 61072 1
76669 72131 1
76669 72190 1
76669 82488 1
82488 36084 1
82488 72190 1
82488 76669 1
82488 77666 1
82488 97332 1
36087 57198 1
36087 57831 1
36087 58217 1
36087 67236 1
36087 71940 1
55943 57831 1
55943 61705 1
55943 63006 1
55943 76424 1
55943 76425 1
55943 76426 1
55943 80533 1
55943 102554 1
55943 105461 1
55943 112314 1
56619 51070 1
56619 57831 1
56619 61071 1
56619 61072 1
56619 61073 1
56619 61709 1
56619 81671 1
56619 90500 1
57198 36083 1
57198 36087 1
57198 57831 1
57198 58217 1
57198 62583 1
57198 67236 1
57198 71940 1
57198 102911 1
57198 125763 1
58217 36087 1
58217 50578 1
58217 57198 1
58217 57831 1
58217 67236 1
58217 71940 1
61071 51694 1
61071 56619 1
61071 57831 1
61071 61072 1
61071 61073 1
61071 61709 1
61071 81671 1
61071 90500 1
61072 56619 1
61072 57831 1
61072 61071 1
61072 61073 1
61072 61709 1
61072 76669 1
61072 78213 1
61072 81671 1
61072 90500 1
61072 95162 1
61072 114032 1
61073 51689 1
61073 56619 1
61073 57831 1
61073 61071 1
61073 61072 1
61073 61709 1
61073 81671 1
61073 90500 1
61709 56619 1
61709 57831 1
61709 61071 1
61709 61072 1
61709 61073 1
61709 79850 1
61709 79851 1
61709 81671 2
61709 90500 1
61709 95713 1
61709 109829 1
61709 123015 1
61709 125495 1
67236 36087 1
67236 51925 1
67236 57198 1
67236 57831 1
67236 58217 1
67236 63006 1
67236 70146 1
67236 71940 2
67236 71943 1
67236 76638 1
67236 106650 1
71940 36087 1
71940 57198 1
71940 57831 1
71940 58217 1
71940 67236 2
71940 71941 1
71940 71942 1
71940 71943 1
71940 85320 1
80533 55943 1
80533 57831 1
80533 72190 1
80533 78713 1
80533 85320 1
80533 95162 1
80533 95163 1
81671 56619 1
81671 57831 1
81671 61071 1
81671 61072 1
81671 61073 1
81671 61709 2
81671 90500 1
90500 55828 1
90500 56619 1
90500 57831 1
90500 61071 1
90500 61072 1
90500 61073 1
90500 61709 1
90500 81671 1
90500 97332 1
90500 126390 1
37368 58203 1
37368 65598 1
37368 100123 1
37377 50554 1
37377 59840 1
37377 65598 1
37377 72465 1
37377 75542 1
37377 78213 1
37377 79851 1
37377 98353 1
37377 103861 1
50554 37377 1
50554 59840 1
50554 65598 1
50554 70329 1
50554 72464 1
50554 72465 1
50554 75542 1
50554 78213 1
50554 79851 1
50554 96056 1
50554 98353 2
50554 103861 1
50578 58217 1
50578 59822 1
50578 65598 1
50578 83987 1
50578 93603 1
50578 97332 1
58203 37368 1
58203 57196 1
58203 65598 1
59822 50578 1
59822 65598 1
59822 83987 1
59822 93603 1
59822 97332 1
59840 36083 1
59840 37377 1
59840 50554 1
59840 57203 1
59840 65598 1
59840 72190 1
59840 72465 1
59840 75542 1
59840 78213 1
59840 79851 1
59840 98353 1
59840 103861 1
59840 110837 1
59840 112314 1
67248 65598 1
67248 95164 1
67248 97332 1
67248 103162 1
67248 116426 1
68965 58209 1
68965 65598 1
68965 65976 1
68965 72162 1
68965 83987 1
68965 85560 1
68965 85562 1
68965 95163 1
68965 99320 1
68965 107039 1
68965 116426 1
72465 37377 1
72465 50554 1
72465 59840 1
72465 65598 1
72465 75542 1
72465 78213 1
72465 79851 1
72465 95282 1
72465 98353 1
72465 103861 1
75542 37377 1
75542 50554 1
75542 59840 1
75542 63432 1
75542 65598 1
75542 72465 1
75542 78213 1
75542 79851 1
75542 83033 1
75542 93485 1
75542 98353 1
75542 103861 1
76424 51066 1
76424 55943 1
76424 65598 1
76424 76425 6
76424 76426 4
76424 88993 1
76425 51066 1
76425 55943 1
76425 65598 1
76425 76424 6
76425 76426 4
76425 86699 1
76425 88993 2
76425 103861 1
76426 51066 1
76426 55943 1
76426 65598 1
76426 76424 4
76426 76425 4
76426 88993 2
76426 110837 1
78213 37377 1
78213 50554 1
78213 59840 1
78213 61072 1
78213 65598 1
78213 72465 1
78213 75542 1
78213 79851 1
78213 98353 1
78213 103861 1
79851 37377 1
79851 50554 1
79851 59840 1
79851 61709 1
79851 65598 1
79851 72465 1
79851 75542 1
79851 78213 1
79851 79850 1
79851 95713 1
79851 98353 1
79851 103861 1
79851 123015 1
83987 50578 1
83987 51689 1
83987 58209 1
83987 59822 1
83987 59823 1
83987 65598 1
83987 68965 1
83987 93603 1
83987 95162 1
83987 95164 1
83987 97332 1
83987 100123 1
85321 65598 1
85321 90649 1
85321 94656 1
85321 94657 1
85321 95714 1
85321 115018 1
85321 118579 1
85321 118580 1
85560 65598 1
85560 68965 1
85560 85562 1
85560 95163 1
85560 107039 1
85562 65598 1
85562 68965 1
85562 85560 1
85562 95163 1
85562 107039 1
90649 65598 1
90649 78949 1
90649 85321 1
90649 94656 1
90649 94657 1
90649 95714 1
90649 115018 1
90649 118579 1
90649 118580 1
93603 50578 1
93603 59822 1
93603 65598 1
93603 81841 1
93603 83987 1
93603 97332 1
94656 57756 1
94656 65598 1
94656 85321 1
94656 90649 1
94656 94657 1
94656 95714 1
94656 115018 1
94656 118579 1
94656 118580 1
94657 62584 1
94657 65598 1
94657 73776 1
94657 85321 1
94657 90649 1
94657 94656 1
94657 95714 1
94657 115018 1
94657 118579 1
94657 118580 1
95163 65598 1
95163 68965 1
95163 72190 1
95163 78713 1
95163 80533 1
95163 85560 1
95163 85562 1
95163 95162 1
95163 96056 1
95163 98751 1
95163 103965 1
95163 107039 1
95163 116763 1
95714 65598 1
95714 85321 1
95714 90649 1
95714 94656 1
95714 94657 1
95714 95712 1
95714 95713 1
95714 115018 1
95714 118579 1
95714 118580 1
95714 122704 1
97332 48314 1
97332 50578 1
97332 57698 1
97332 58209 1
97332 59453 1
97332 59822 1
97332 65598 1
97332 67248 1
97332 71943 1
97332 77175 1
97332 77666 1
97332 78713 1
97332 79695 1
97332 79696 1
97332 79697 1
97332 82488 1
97332 83987 1
97332 90500 1
97332 93603 1
97332 95162 1
97332 95164 1
97332 95374 1
97332 96666 1
97332 97398 1
97332 103861 1
97332 106650 1
97332 107075 1
97332 112314 1
98353 37377 1
98353 50554 2
98353 59840 1
98353 65598 1
98353 72464 1
98353 72465 1
98353 75542 1
98353 78213 1
98353 79851 1
98353 96056 1
98353 96666 1
98353 103861 1
98751 57203 1
98751 65598 1
98751 65976 1
98751 71943 1
98751 78949 1
98751 95163 1
98751 96056 1
102554 55943 1
102554 61705 1
102554 63006 1
102554 65598 1
102554 101936 1
102554 103720 1
102554 110837 1
103720 65598 1
103720 72929 1
103720 102554 1
103720 110837 1
103861 37377 1
103861 50554 1
103861 59840 1
103861 65598 1
103861 72465 1
103861 75542 1
103861 76425 1
103861 78213 1
103861 79851 1
103861 88993 1
103861 89953 1
103861 92283 1
103861 97332 1
103861 98353 1
103861 107075 1
105461 55943 1
105461 65598 1
105461 110195 1
107039 63005 1
107039 65598 1
107039 65976 1
107039 68965 1
107039 85560 1
107039 85562 1
107039 95163 1
107039 96056 1
107039 110816 1
110837 36083 1
110837 57203 1
110837 59840 1
110837 65598 1
110837 65976 1
110837 72190 1
110837 76426 1
110837 102554 1
110837 102885 1
110837 103720 1
110837 104891 1
115018 65598 1
115018 85321 1
115018 90649 1
115018 94656 1
115018 94657 1
115018 95714 1
115018 118579 1
115018 118580 1
118579 65598 1
118579 85321 1
118579 90649 1
118579 94656 1
118579 94657 1
118579 95714 1
118579 115018 1
118579 118580 2
118580 65598 1
118580 85321 1
118580 90649 1
118580 94656 1
118580 94657 1
118580 95714 1
118580 115018 1
118580 118579 2
120723 65598 1
63005 57195 1
63005 63006 1
63005 71423 1
63005 72161 1
63005 74776 1
63005 76659 1
63005 76667 1
63005 85320 1
63005 103965 1
63005 106650 1
63005 107039 1
63005 107532 1
63005 114486 1
63005 114839 1
63005 116426 1
63005 116763 1
71423 63005 1
71423 72161 2
71423 74776 1
71423 76659 1
71423 76667 2
71423 103965 1
71423 106650 1
71423 107532 1
71423 114486 1
71423 114839 1
71423 116426 1
71423 116763 1
72161 63005 1
72161 71423 2
72161 74776 1
72161 76659 1
72161 76667 2
72161 103965 1
72161 106650 1
72161 107532 1
72161 109064 1
72161 114486 1
72161 114839 1
72161 116426 1
72161 116763 1
74776 63005 1
74776 71423 1
74776 72161 1
74776 76659 1
74776 76667 1
74776 88993 1
74776 96844 1
74776 101936 1
74776 103965 1
74776 103966 1
74776 106650 1
74776 107532 1
74776 110816 1
74776 114486 1
74776 114839 1
74776 116426 1
74776 116763 1
76659 63005 1
76659 71423 1
76659 72161 1
76659 74776 1
76659 76667 1
76659 103965 1
76659 106650 1
76659 107532 1
76659 114486 1
76659 114839 1
76659 116426 1
76659 116763 1
77806 57750 1
77806 70329 1
77806 76667 1
77806 77804 1
77806 77807 1
77806 78949 1
77806 81841 1
77806 91790 1
77806 91791 1
77806 95164 1
77806 103612 1
77806 103613 1
77806 107038 1
77806 123650 1
78949 57203 1
78949 76667 1
78949 77806 1
78949 90649 1
78949 91790 1
78949 91791 1
78949 95164 1
78949 98751 1
78949 103612 1
78949 103613 1
78949 123650 1
86699 59453 1
86699 76425 1
86699 76667 1
86699 77666 1
86699 91791 1
86699 103613 1
86699 107038 1
86699 123650 1
91790 56621 1
91790 76667 1
91790 77806 1
91790 78949 1
91790 91791 1
91790 95164 1
91790 103413 1
91790 103612 1
91790 103613 1
91790 123650 1
91791 76667 2
91791 77806 1
91791 78949 1
91791 85320 1
91791 86699 1
91791 91790 1
91791 95164 1
91791 103612 1
91791 103613 2
91791 104890 1
91791 104891 1
91791 107038 1
91791 108639 1
91791 112779 1
91791 123650 2
95164 51689 1
95164 57843 1
95164 67248 1
95164 72464 1
95164 76667 1
95164 77806 1
95164 78713 1
95164 78949 1
95164 83987 1
95164 91790 1
95164 91791 1
95164 95162 1
95164 97332 1
95164 101676 1
95164 103611 1
95164 103612 1
95164 103613 1
95164 108639 1
95164 112180 1
95164 123650 1
103612 76667 1
103612 77806 1
103612 78949 1
103612 91790 1
103612 91791 1
103612 95164 1
103612 103613 1
103612 123650 1
103613 76667 2
103613 77806 1
103613 78949 1
103613 86699 1
103613 91790 1
103613 91791 2
103613 95164 1
103613 103612 1
103613 107038 1
103613 123650 2
103965 56628 1
103965 63005 1
103965 71423 1
103965 72161 1
103965 74776 1
103965 76659 1
103965 76667 1
103965 78713 1
103965 95163 1
103965 98550 1
103965 103966 1
103965 104100 1
103965 106650 1
103965 107532 1
103965 114486 1
103965 114839 1
103965 116426 1
103965 116763 2
106650 63005 1
106650 63006 1
106650 67236 1
106650 71423 1
106650 72161 1
106650 74776 1
106650 76659 1
106650 76667 1
106650 96666 1
106650 97332 1
106650 103965 1
106650 107532 1
106650 114486 1
106650 114839 1
106650 116426 1
106650 116763 1
107532 63005 1
107532 71423 1
107532 72161 1
107532 74776 1
107532 76659 1
107532 76667 1
107532 103965 1
107532 106650 1
107532 114486 1
107532 114839 1
107532 116426 1
107532 116763 1
114486 63005 1
114486 71423 1
114486 72161 1
114486 74776 1
114486 76659 1
114486 76667 1
114486 103965 1
114486 106650 1
114486 107532 1
114486 114839 1
114486 116426 1
114486 116763 1
114839 63005 1
114839 71423 1
114839 72161 1
114839 74776 1
114839 76659 1
114839 76667 1
114839 103965 1
114839 106650 1
114839 107358 1
114839 107532 1
114839 109422 1
114839 114486 1
114839 114840 1
114839 116426 1
114839 116763 1
116426 63005 1
116426 67248 1
116426 68965 1
116426 71423 1
116426 72161 1
116426 74776 1
116426 76659 1
116426 76667 1
116426 85318 1
116426 100026 1
116426 103965 1
116426 106650 1
116426 107358 1
116426 107532 1
116426 110816 1
116426 114486 1
116426 114839 1
116426 116763 1
116763 62583 1
116763 63005 1
116763 71423 1
116763 72161 1
116763 74776 1
116763 76659 1
116763 76667 1
116763 95163 1
116763 103965 2
116763 106650 1
116763 107532 1
116763 114486 1
116763 114839 1
116763 116426 1
123650 76667 2
123650 77806 1
123650 78949 1
123650 86699 1
123650 91790 1
123650 91791 2
123650 95164 1
123650 103612 1
123650 103613 2
123650 107038 1
57195 63005 1
57195 63006 1
57195 83710 1
58209 62910 1
58209 68965 1
58209 77666 2
58209 78713 1
58209 83987 1
58209 87459 1
58209 89953 1
58209 95162 1
58209 97332 1
58209 103162 1
62910 58209 1
62910 77666 1
62910 87459 1
62910 89953 1
62910 103162 1
76499 85549 1
76499 87459 1
76499 93609 1
76499 103162 1
77666 58209 2
77666 62910 1
77666 78713 1
77666 82488 1
77666 86699 1
77666 87459 1
77666 89953 1
77666 95162 1
77666 97332 1
77666 103162 1
85549 76499 1
85549 81841 1
85549 87459 1
85549 93609 1
85549 95162 1
89953 58209 1
89953 62910 1
89953 65587 1
89953 77666 1
89953 83099 1
89953 87459 1
89953 92283 1
89953 103162 1
89953 103861 1
93609 76499 1
93609 85549 1
93609 87459 1
103162 58209 1
103162 62910 1
103162 67248 1
103162 76499 1
103162 77175 1
103162 77666 1
103162 77804 1
103162 87459 1
103162 89953 1
103162 114032 1
48314 36083 1
48314 59453 1
48314 91789 1
48314 97332 1
48314 109284 1
59823 72131 1
59823 74962 1
59823 83987 1
59823 90189 1
59823 91789 1
59823 97630 1
59823 102458 1
59823 108107 1
59823 111092 1
67036 83099 1
67036 88760 1
67036 88762 1
67036 91789 1
67036 102911 1
67036 103413 1
72131 59823 1
72131 74962 1
72131 76669 1
72131 91789 1
72131 97630 1
72131 102458 1
72131 108107 1
72131 111092 1
72162 68965 1
72162 74963 1
72162 91789 1
72162 111168 1
72162 112566 1
74962 59823 1
74962 72131 1
74962 91789 1
74962 97630 1
74962 102458 1
74962 108107 1
74962 111092 1
74963 72162 1
74963 76135 1
74963 91789 1
74963 96666 1
74963 101676 1
74963 104100 1
74963 111168 1
74963 112566 2
83099 65587 1
83099 67036 1
83099 88760 1
83099 88762 1
83099 89953 1
83099 91789 1
83099 102911 1
83099 103413 1
88760 67036 1
88760 73975 1
88760 83099 1
88760 88762 1
88760 91789 1
88760 102911 1
88760 103413 1
88762 55829 1
88762 67036 1
88762 83099 1
88762 88760 1
88762 91789 2
88762 102911 1
88762 103413 1
88762 112180 1
97630 59823 1
97630 72131 1
97630 74962 1
97630 91789 1
97630 102458 1
97630 108107 1
97630 111092 1
102458 59823 1
102458 72131 1
102458 74962 1
102458 91789 1
102458 97630 1
102458 108107 1
102458 111092 1
102911 36083 1
102911 57198 1
102911 67036 1
102911 83099 1
102911 88760 1
102911 88762 1
102911 91789 1
102911 103413 1
103413 67036 1
103413 83099 1
103413 88760 1
103413 88762 1
103413 91789 1
103413 91790 1
103413 102911 1
103413 104890 1
108107 59823 1
108107 72131 1
108107 74962 1
108107 91789 1
108107 96475 1
108107 97630 1
108107 102458 1
108107 111092 1
109284 48314 1
109284 91789 1
111092 59823 1
111092 72131 1
111092 74962 1
111092 77173 1
111092 77175 1
111092 91789 1
111092 97630 1
111092 102458 1
111092 108107 1
111168 72162 1
111168 74963 1
111168 91789 1
111168 112566 1
71484 72929 1
71484 96670 1
72929 50568 1
72929 57756 1
72929 61705 1
72929 62584 1
72929 63744 1
72929 71484 1
72929 72926 1
72929 72927 1
72929 72928 1
72929 86293 1
72929 95374 1
72929 96670 1
72929 101936 2
72929 103720 1
72929 107075 1
72929 112180 1
80991 37113 1
80991 61319 1
80991 84387 1
80991 91219 1
80991 96475 1
80991 96670 1
80991 104287 1
80991 106089 1
80991 107038 1
80991 107190 1
80991 115055 1
91219 77692 1
91219 80991 1
91219 96670 1
91219 104287 1
98550 96670 1
98550 98551 1
98550 98750 1
98550 103965 1
98550 103966 1
98550 108639 1
98550 111385 1
98551 56628 1
98551 96670 1
98551 98550 1
98551 98750 2
98551 108639 1
98551 111385 1
98750 50558 1
98750 56621 1
98750 56628 1
98750 59453 1
98750 65976 1
98750 96670 1
98750 98550 1
98750 98551 2
98750 106711 1
98750 108639 1
98750 111385 1
104287 80991 1
104287 91219 1
104287 96670 1
111385 96670 1
111385 98550 1
111385 98551 1
111385 98750 1
111385 108639 1
114032 50558 1
114032 61072 1
114032 73776 1
114032 95162 1
114032 96670 1
114032 103162 1
114032 107038 1
88993 74776 1
88993 76424 1
88993 76425 2
88993 76426 2
88993 96844 1
88993 101936 1
88993 103861 1
88993 110816 1
101936 72929 2
101936 74776 1
101936 88993 1
101936 96844 1
101936 102554 1
101936 110816 1
110816 74776 1
110816 88993 1
110816 92283 1
110816 96844 1
110816 101936 1
110816 107039 1
110816 116426 1
50558 90189 1
50558 90418 1
50558 96845 1
50558 98750 1
50558 100123 1
50558 111256 1
50558 114032 1
63006 55943 1
63006 57195 1
63006 61705 1
63006 63005 1
63006 67236 1
63006 96845 1
63006 102554 1
63006 106650 1
63006 112584 1
75836 75837 1
75836 96576 1
75836 96845 1
75836 127001 1
90418 50558 1
90418 70203 1
90418 77175 1
90418 92283 1
90418 96845 1
90418 100123 1
90418 108639 1
90418 111256 1
100123 37368 1
100123 50558 1
100123 83987 1
100123 90418 1
100123 96845 1
100123 111256 1
112584 63006 1
112584 76140 1
112584 86293 1
112584 86294 1
112584 96845 1
112584 109296 1
127001 75836 1
127001 96845 1
56628 77807 1
56628 90198 1
56628 98551 1
56628 98750 1
56628 103965 1
56628 107038 1
57750 57497 1
57750 70329 1
57750 77804 1
57750 77806 1
57750 77807 1
57750 107038 1
70329 37373 1
70329 50554 1
70329 57750 1
70329 67103 1
70329 77804 1
70329 77806 1
70329 77807 1
70329 107038 1
77804 57750 1
77804 70329 1
77804 77806 1
77804 77807 1
77804 103162 1
77804 107038 1
77807 56628 1
77807 57750 1
77807 70329 1
77807 77804 1
77807 77806 1
77807 107038 1
90198 56628 1
90198 107038 1
56621 57203 1
56621 71943 1
56621 72696 1
56621 77175 1
56621 91790 1
56621 98750 1
56621 108639 1
57203 36083 1
57203 51694 1
57203 56621 1
57203 59840 1
57203 71943 1
57203 72190 1
57203 72696 1
57203 78949 1
57203 81841 1
57203 98751 1
57203 108639 1
57203 110837 1
57843 78713 1
57843 95162 1
57843 95164 1
57843 101676 1
57843 108639 1
70203 77175 1
70203 90418 1
70203 92283 1
70203 108639 1
71943 56621 1
71943 57203 1
71943 65976 1
71943 67236 1
71943 71940 1
71943 71941 1
71943 71942 1
71943 72696 1
71943 97332 1
71943 98751 1
71943 108639 1
72696 56621 1
72696 57203 1
72696 57653 1
72696 71943 1
72696 88863 1
72696 108639 1
77175 56621 1
77175 70203 1
77175 90418 1
77175 92283 1
77175 97332 1
77175 103162 1
77175 108639 1
77175 111092 1
78713 57843 1
78713 58209 1
78713 65976 1
78713 72190 1
78713 76638 1
78713 77666 1
78713 80533 1
78713 95162 3
78713 95163 1
78713 95164 1
78713 97332 1
78713 101676 1
78713 103965 1
78713 108639 1
78713 114013 1
85320 56167 1
85320 63005 1
85320 71940 1
85320 76638 1
85320 77173 1
85320 80533 1
85320 88804 1
85320 91791 1
85320 95009 1
85320 99320 1
85320 104890 1
85320 104891 1
85320 108639 1
85320 112180 1
85320 112314 1
85320 112779 1
92283 70203 1
92283 77175 1
92283 89953 1
92283 90418 1
92283 103861 1
92283 108639 1
92283 110816 1
95162 57843 1
95162 58209 1
95162 61072 1
95162 72190 1
95162 77666 1
95162 78713 3
95162 80533 1
95162 83987 1
95162 85549 1
95162 95163 1
95162 95164 1
95162 97332 1
95162 101676 1
95162 108639 1
95162 110195 1
95162 114032 1
95282 67237 1
95282 72465 1
95282 95283 1
95282 103966 1
95282 108639 1
95282 109422 1
95283 95282 1
95283 103966 1
95283 108639 1
95283 109422 1
101676 57843 1
101676 74963 1
101676 78713 1
101676 95162 1
101676 95164 1
101676 96666 1
101676 104100 1
101676 108639 1
101676 112566 1
103966 74776 1
103966 95282 1
103966 95283 1
103966 98550 1
103966 103965 1
103966 108639 1
103966 109422 1
104890 85320 1
104890 91791 1
104890 103413 1
104890 104891 1
104890 108639 1
104890 112779 1
104891 50568 1
104891 85320 1
104891 86293 1
104891 91791 1
104891 104890 1
104891 108639 1
104891 110837 1
104891 112779 1
109422 95282 1
109422 95283 1
109422 103966 1
109422 108639 1
109422 114839 1
112779 66730 1
112779 85320 1
112779 91791 1
112779 104890 1
112779 104891 1
112779 108639 1
112779 112314 1
57856 58194 2
57856 59767 1
57856 60804 1
57856 66730 1
57856 73975 1
57856 77692 1
57856 95374 1
57856 96056 2
57856 111256 1
58194 55839 1
58194 57856 2
58194 59518 1
58194 59767 1
58194 60804 1
58194 66730 1
58194 67103 1
58194 73975 1
58194 77692 1
58194 95374 1
58194 96056 2
58194 111256 1
58194 125763 1
59767 57856 1
59767 58194 1
59767 60804 1
59767 66730 1
59767 73975 1
59767 77692 1
59767 95374 1
59767 96056 1
59767 111256 1
60804 57856 1
60804 58194 1
60804 59767 1
60804 66730 1
60804 72190 1
60804 73975 1
60804 77692 1
60804 95374 1
60804 96056 1
60804 99320 1
60804 111256 1
66730 57856 1
66730 58194 1
66730 59767 1
66730 60804 1
66730 73975 1
66730 77692 1
66730 95374 1
66730 96056 1
66730 111256 1
66730 112779 1
73975 57856 1
73975 58194 1
73975 59767 1
73975 60804 1
73975 66730 1
73975 77692 1
73975 88760 1
73975 95374 1
73975 96056 1
73975 111256 1
77692 57856 1
77692 58194 1
77692 59453 1
77692 59767 1
77692 60804 1
77692 66730 1
77692 73975 1
77692 91219 1
77692 95374 1
77692 96056 1
77692 111256 1
81841 57203 1
81841 65587 1
81841 77806 1
81841 85549 1
81841 93603 1
81841 111256 1
95374 57856 1
95374 58194 1
95374 59767 1
95374 60804 1
95374 66730 1
95374 72929 1
95374 73975 1
95374 77692 1
95374 83023 1
95374 96056 1
95374 97332 1
95374 111256 1
96056 50554 1
96056 57856 2
96056 58194 2
96056 59767 1
96056 60804 1
96056 66730 1
96056 72464 2
96056 73975 1
96056 77692 1
96056 95163 1
96056 95374 1
96056 98353 1
96056 98751 1
96056 107039 1
96056 111256 1
96833 62220 1
96833 75839 1
96833 80587 1
96833 96213 1
96833 108254 1
96833 111256 1
96833 125291 1
108254 96833 1
108254 111256 1
36083 48314 1
36083 51689 1
36083 57198 1
36083 57203 1
36083 57829 1
36083 59453 1
36083 59523 1
36083 59840 1
36083 62583 1
36083 63329 1
36083 65587 1
36083 65976 1
36083 67237 1
36083 67250 1
36083 72190 1
36083 83714 1
36083 87320 1
36083 102911 1
36083 110837 1
36083 112180 1
50568 57756 1
50568 61705 1
50568 62584 1
50568 72926 1
50568 72927 1
50568 72928 1
50568 72929 1
50568 86293 1
50568 104891 1
50568 107075 1
50568 112180 1
51689 36083 1
51689 57829 1
51689 59453 1
51689 59523 1
51689 61073 1
51689 62583 1
51689 63329 1
51689 65587 1
51689 65976 1
51689 67237 1
51689 83714 1
51689 83987 1
51689 87320 1
51689 95164 1
51689 112180 1
55829 88762 1
55829 112180 1
56167 72087 1
56167 76638 1
56167 85320 1
56167 90501 1
56167 112180 1
57756 50568 1
57756 61705 1
57756 62584 2
57756 63329 1
57756 65976 1
57756 72926 1
57756 72927 4
57756 72928 1
57756 72929 1
57756 86293 1
57756 94656 1
57756 97632 1
57756 107075 1
57756 112180 1
57829 36083 1
57829 51689 1
57829 59453 1
57829 59523 1
57829 62583 1
57829 63329 1
57829 65587 1
57829 65976 1
57829 67237 1
57829 83714 1
57829 87320 1
57829 112180 1
59453 36083 1
59453 37671 1
59453 48314 1
59453 51689 1
59453 57829 1
59453 59523 1
59453 62583 2
59453 63329 1
59453 65587 1
59453 65976 1
59453 67237 1
59453 77692 1
59453 83714 1
59453 86699 1
59453 87320 1
59453 97332 1
59453 98750 1
59453 104100 1
59453 110195 1
59453 112180 1
59523 36083 1
59523 51689 1
59523 57829 1
59523 59453 1
59523 62583 1
59523 63329 1
59523 65587 1
59523 65976 1
59523 67237 1
59523 83714 1
59523 87320 1
59523 112180 1
61705 50568 1
61705 55943 1
61705 57756 1
61705 62584 1
61705 63006 1
61705 72926 1
61705 72927 1
61705 72928 1
61705 72929 1
61705 86293 1
61705 102554 1
61705 107075 1
61705 112180 1
62583 36083 1
62583 51689 1
62583 57198 1
62583 57829 1
62583 59453 2
62583 59523 1
62583 63329 1
62583 65587 1
62583 65976 1
62583 67237 1
62583 83714 1
62583 87320 1
62583 112180 1
62583 116763 1
62583 125763 1
62584 50568 1
62584 57756 2
62584 61705 1
62584 72926 1
62584 72927 2
62584 72928 1
62584 72929 1
62584 86293 2
62584 94657 1
62584 107075 1
62584 112180 1
63329 36083 1
63329 51689 1
63329 57756 1
63329 57829 1
63329 59453 1
63329 59523 1
63329 62583 1
63329 65587 1
63329 65976 2
63329 67237 1
63329 83714 1
63329 87320 1
63329 112180 1
65587 36083 1
65587 51689 1
65587 57829 1
65587 59453 1
65587 59523 1
65587 62583 1
65587 63329 1
65587 65976 1
65587 67237 1
65587 81841 1
65587 83099 1
65587 83714 1
65587 87320 1
65587 89953 1
65587 112180 1
65976 36083 1
65976 51689 1
65976 57756 1
65976 57829 1
65976 59453 1
65976 59523 1
65976 62583 1
65976 63329 2
65976 65587 1
65976 67237 1
65976 68965 1
65976 71943 1
65976 78713 1
65976 83714 1
65976 87320 1
65976 98750 1
65976 98751 1
65976 107039 1
65976 110837 1
65976 112180 1
67237 36083 1
67237 51689 1
67237 57829 1
67237 58036 1
67237 59453 1
67237 59523 1
67237 62583 1
67237 63329 1
67237 65587 1
67237 65976 1
67237 83714 1
67237 87320 1
67237 95282 1
67237 112180 1
72087 55328 1
72087 56167 1
72087 62510 1
72087 76638 10
72087 90501 1
72087 112180 1
72464 50554 1
72464 95164 1
72464 96056 2
72464 98353 1
72464 103611 1
72464 112180 1
72926 50568 1
72926 57756 1
72926 61705 1
72926 62584 1
72926 72927 1
72926 72928 1
72926 72929 1
72926 86293 1
72926 107075 1
72926 112180 1
72927 50568 1
72927 57756 4
72927 61705 1
72927 62584 2
72927 72926 1
72927 72928 1
72927 72929 1
72927 86293 1
72927 97632 1
72927 107075 1
72927 112180 1
72928 50568 1
72928 57756 1
72928 61705 1
72928 62584 1
72928 72926 1
72928 72927 1
72928 72929 1
72928 86293 1
72928 107075 1
72928 112180 1
76638 55328 1
76638 56167 1
76638 62510 1
76638 67236 1
76638 72087 10
76638 78713 1
76638 85320 1
76638 90501 1
76638 112180 1
83714 36083 1
83714 51689 1
83714 57829 1
83714 59453 1
83714 59523 1
83714 62583 1
83714 63329 1
83714 65587 1
83714 65976 1
83714 67237 1
83714 87320 1
83714 112180 1
83714 125640 1
86293 50568 1
86293 57756 1
86293 61705 1
86293 62584 2
86293 72926 1
86293 72927 1
86293 72928 1
86293 72929 1
86293 76140 1
86293 86294 1
86293 104891 1
86293 107075 1
86293 109296 1
86293 112180 1
86293 112584 1
87320 36083 1
87320 51689 1
87320 57829 1
87320 59453 1
87320 59523 1
87320 62583 1
87320 63329 1
87320 65587 1
87320 65976 1
87320 67237 1
87320 83714 1
87320 112180 1
88804 85320 1
88804 95009 1
88804 99320 1
88804 112180 1
88804 112314 1
90501 56167 1
90501 72087 1
90501 76638 1
90501 112180 1
95009 85320 1
95009 88804 1
95009 99320 1
95009 112180 1
95009 112314 1
96475 80991 1
96475 108107 1
96475 112180 1
99320 60804 1
99320 68965 1
99320 85320 1
99320 88804 1
99320 95009 1
99320 112180 1
99320 112314 1
103611 72464 1
103611 95164 1
103611 112180 1
107036 112180 1
107075 50568 1
107075 57756 1
107075 61705 1
107075 62584 1
107075 64738 1
107075 67249 1
107075 72926 1
107075 72927 1
107075 72928 1
107075 72929 1
107075 86293 1
107075 97332 1
107075 103861 1
107075 112180 1
112314 55943 1
112314 59840 1
112314 85320 1
112314 88804 1
112314 95009 1
112314 97332 1
112314 99320 1
112314 112180 1
112314 112779 1
96666 74963 1
96666 97332 1
96666 98353 1
96666 101676 1
96666 104100 1
96666 106650 1
96666 112566 1
104100 59453 1
104100 74963 1
104100 96666 1
104100 101676 1
104100 103965 1
104100 110195 1
104100 112566 1
104100 118203 1
51070 56619 1
125763 57198 1
125763 58194 1
125763 62583 1
51694 57203 1
51694 61071 1
79850 61709 1
79850 79851 1
79850 123015 1
95713 61709 1
95713 79851 1
95713 95712 1
95713 95714 1
95713 109829 2
95713 122704 1
95713 125495 1
109829 61709 1
109829 95713 2
109829 125495 2
123015 61709 1
123015 79850 1
123015 79851 1
125495 61709 1
125495 95713 1
125495 109829 2
51925 67236 1
51925 70146 1
70146 51925 1
70146 67236 1
71941 71940 1
71941 71942 1
71941 71943 1
71942 71940 1
71942 71941 1
71942 71943 1
55828 90500 1
126390 90500 1
57196 58203 1
63432 75542 1
63432 83033 1
63432 93485 1
83033 63432 1
83033 75542 1
83033 93485 1
93485 63432 1
93485 75542 1
93485 83033 1
51066 76424 1
51066 76425 1
51066 76426 1
73776 75837 1
73776 94657 1
73776 114032 1
95712 95713 1
95712 95714 1
95712 122704 1
122704 95712 1
122704 95713 1
122704 95714 1
57698 97332 1
79695 79696 1
79695 79697 1
79695 97332 1
79695 97398 1
79696 79695 1
79696 79697 1
79696 97332 1
79696 97398 1
79697 79695 1
79697 79696 1
79697 97332 1
79697 97398 1
97398 79695 1
97398 79696 1
97398 79697 1
97398 97332 1
110195 59453 1
110195 95162 1
110195 104100 1
110195 105461 1
102885 110837 1
109064 72161 1
107358 114839 1
107358 116426 1
114840 114839 1
85318 100026 1
85318 116426 1
100026 85318 1
100026 116426 1
90189 50558 1
90189 59823 1
76135 74963 1
77173 85320 1
77173 111092 1
63744 72929 1
37113 61319 1
37113 80991 1
61319 37113 1
61319 80991 1
84387 80991 1
84387 106089 1
106089 80991 1
106089 84387 1
107190 80991 1
115055 80991 1
106711 98750 1
75837 73776 1
75837 75836 1
75837 123601 1
96576 75836 1
76140 86293 1
76140 86294 1
76140 109296 1
76140 112584 1
86294 76140 1
86294 86293 1
86294 109296 1
86294 112584 1
109296 76140 1
109296 86293 1
109296 86294 1
109296 112584 1
57497 57750 1
37373 70329 1
67103 55839 1
67103 58194 1
67103 59518 1
67103 70329 1
57653 72696 1
88863 72696 1
114013 78713 1
55839 58194 1
55839 59518 1
55839 67103 1
59518 55839 1
59518 58194 1
59518 67103 1
83023 95374 1
62220 62219 1
62220 75839 2
62220 96833 1
75839 62220 2
75839 96213 1
75839 96833 1
80587 96213 1
80587 96833 1
96213 75839 1
96213 80587 1
96213 96833 1
96213 106383 1
125291 96833 1
125291 109958 1
125291 120705 1
125291 127731 2
67250 36083 1
97632 57756 1
97632 72927 1
37671 59453 1
58036 67237 1
55328 62510 4
55328 72087 1
55328 76638 1
62510 55328 4
62510 72087 1
62510 76638 1
62510 121614 1
125640 83714 1
64738 67249 1
64738 107075 1
67249 64738 1
67249 107075 1
118203 104100 1
121614 62510 1
62219 62220 1
106383 96213 1
109958 125291 1
120705 125291 1
120705 127731 1
127731 120705 1
127731 121554 1
127731 125291 2
123601 75837 1
121554 127731 1
