55805 51168 1
51168 42291 1
51168 55805 1
42291 36866 1
42291 38805 1
42291 44989 1
42291 46253 1
42291 46622 1
42291 50134 1
42291 50668 2
42291 51168 1
42291 55823 1
42291 57579 1
42291 58117 1
42291 61378 1
42291 62293 1
42291 63323 1
42291 66268 1
42291 66269 1
42291 68271 1
42291 71959 1
42291 71985 1
42291 72834 1
42291 73792 1
42291 78103 1
42291 87843 1
42291 90583 1
36866 42291 1
36866 50134 1
36866 62293 1
36866 66268 1
36866 66269 1
36866 68271 1
36866 73792 1
36866 78103 1
36866 82069 1
38805 42291 1
38805 50668 1
44989 42291 1
44989 46622 1
46253 42291 1
46253 46242 1
46253 48390 1
46253 62317 1
46253 64358 1
46253 65101 1
46253 68293 1
46253 70384 1
46253 73765 1
46253 73780 1
46622 32806 1
46622 42291 1
46622 44989 1
50134 36866 1
50134 42291 1
50134 53298 1
50134 57055 1
50134 62293 1
50134 66268 1
50134 66269 1
50134 66923 1
50134 68271 1
50134 68795 1
50134 68796 1
50134 71346 1
50134 73792 1
50134 74860 1
50134 78103 1
50134 81970 1
50134 82912 1
50134 95565 1
50668 38805 1
50668 42291 2
50668 46624 1
50668 50981 1
50668 57412 1
50668 57579 1
50668 58117 1
50668 62339 1
50668 63011 1
50668 69135 1
50668 69136 1
50668 69137 1
50668 69138 1
50668 69139 1
50668 69140 1
55823 18624 2
55823 39173 1
55823 42291 1
55823 44806 1
55823 46918 1
55823 47700 1
55823 50136 1
55823 55817 1
55823 57024 1
55823 58991 1
55823 59135 1
55823 60514 1
55823 61378 1
55823 63323 1
55823 65285 1
55823 68430 1
55823 69756 1
55823 71959 1
55823 71985 1
55823 74854 1
57579 36142 1
57579 36689 1
57579 42291 1
57579 42943 1
57579 45325 1
57579 50668 1
57579 50981 1
57579 52192 1
57579 55825 1
57579 58117 1
57579 60616 1
57579 62528 1
57579 65758 1
57579 65772 1
57579 68078 1
57579 72481 1
57579 76359 1
57579 78102 1
58117 31455 1
58117 32553 1
58117 36694 1
58117 42194 1
58117 42291 1
58117 43493 1
58117 50668 1
58117 57579 1
58117 58026 1
58117 58893 1
58117 63098 1
58117 64543 1
58117 66973 1
58117 68377 1
58117 70003 1
58117 71266 2
58117 71267 2
58117 72834 1
58117 72987 1
58117 72988 1
58117 72989 1
58117 123573 1
61378 22555 1
61378 42291 1
61378 47791 1
61378 47910 1
61378 54530 1
61378 55823 1
61378 63323 1
61378 71959 1
61378 71985 1
62293 36866 1
62293 42291 1
62293 50134 1
62293 56242 1
62293 60018 1
62293 66268 1
62293 66269 1
62293 68271 1
62293 71986 1
62293 73792 1
62293 76331 1
62293 78103 1
63323 42291 1
63323 55823 1
63323 61378 1
63323 67220 1
63323 71959 1
63323 71985 1
63323 72557 1
63323 75378 1
63323 75952 1
66268 36866 1
66268 42291 1
66268 50134 1
66268 62293 1
66268 64078 1
66268 66269 1
66268 68271 1
66268 73792 1
66268 78103 1
66269 18624 1
66269 35636 1
66269 36866 1
66269 42076 1
66269 42291 1
66269 42334 1
66269 45018 1
66269 50134 1
66269 54333 1
66269 57312 1
66269 57581 1
66269 58903 1
66269 62293 1
66269 62373 1
66269 64407 1
66269 66268 1
66269 67403 1
66269 68271 1
66269 68454 1
66269 69952 1
66269 71137 1
66269 72848 1
66269 73792 1
66269 74626 1
66269 77012 1
66269 78103 1
66269 78721 1
66269 86393 1
68271 36866 1
68271 42291 1
68271 50134 1
68271 55477 1
68271 61241 1
68271 62293 1
68271 65741 1
68271 66268 1
68271 66269 1
68271 68487 1
68271 73792 1
68271 74626 1
68271 78103 1
71959 27339 1
71959 38749 1
71959 42291 1
71959 55823 1
71959 57025 1
71959 60682 1
71959 61378 1
71959 63323 1
71959 64552 1
71959 65759 1
71959 67702 1
71959 68386 1
71959 68454 1
71959 68455 1
71959 68456 1
71959 68457 1
71959 68458 1
71959 68459 1
71959 71985 1
71959 74549 1
71959 76641 1
71959 83217 1
71985 42291 1
71985 55823 1
71985 61378 1
71985 63323 1
71985 71959 1
72834 18610 1
72834 31455 1
72834 32553 1
72834 42291 1
72834 43448 1
72834 43493 1
72834 50001 1
72834 51422 1
72834 58117 1
72834 61476 2
72834 61479 1
72834 61481 1
72834 62302 1
72834 66335 1
72834 66858 1
72834 66990 1
72834 69594 1
72834 71115 1
72834 71266 1
72834 71267 1
72834 71363 1
72834 71825 1
72834 72041 1
72834 74093 1
72834 74916 1
72834 75431 1
72834 81645 1
72834 84413 1
72834 86754 1
72834 87843 3
72834 90583 1
72834 91097 1
72834 118764 1
73792 36866 1
73792 42291 1
73792 50134 1
73792 55795 1
73792 62293 1
73792 64348 1
73792 66268 1
73792 66269 1
73792 68271 1
73792 70186 1
73792 73663 1
73792 74128 1
73792 78103 1
73792 89412 1
73792 119895 1
78103 36866 1
78103 42291 1
78103 50134 1
78103 62293 1
78103 66268 1
78103 66269 1
78103 68271 1
78103 73792 1
78103 74848 1
78103 84093 1
78103 84095 1
87843 32789 1
87843 42291 1
87843 50819 1
87843 51422 1
87843 55676 1
87843 61476 4
87843 61479 1
87843 63986 1
87843 66335 1
87843 68738 1
87843 69653 1
87843 69952 1
87843 71212 1
87843 71363 1
87843 72834 3
87843 79463 1
87843 80087 1
87843 81645 1
87843 83217 1
87843 84739 1
87843 84788 1
87843 90583 1
90583 42291 1
90583 57747 1
90583 60047 1
90583 72834 1
90583 75864 1
90583 76836 1
90583 82905 1
90583 87843 1
90583 90582 1
90583 90584 1
90583 99127 1
90583 124442 1
82069 36866 1
46242 33909 1
46242 42749 1
46242 46253 1
46242 48390 1
46242 65101 1
46242 70384 1
48390 46242 1
48390 46253 1
48390 65101 1
48390 70384 1
48390 80316 1
48390 123573 1
62317 46253 1
62317 64358 1
62317 68293 1
62317 73765 1
62317 73780 1
64358 1113 1
64358 31455 1
64358 46253 1
64358 47910 1
64358 62317 1
64358 66864 1
64358 68293 1
64358 72600 1
64358 73765 1
64358 73780 1
65101 28727 1
65101 46242 1
65101 46253 1
65101 48390 1
65101 51831 1
65101 58103 1
65101 70384 1
68293 46253 1
68293 62317 1
68293 64358 1
68293 73765 1
68293 73780 1
68293 87314 1
70384 46242 1
70384 46253 1
70384 48390 1
70384 62111 1
70384 65101 1
70384 69140 1
73765 36170 1
73765 40102 1
73765 46253 1
73765 50366 1
73765 62317 1
73765 64358 1
73765 64552 1
73765 68293 1
73765 73780 1
73780 46253 1
73780 62317 1
73780 64358 1
73780 68293 1
73780 73765 1
73780 73781 1
73780 82998 1
32806 29042 1
32806 29636 1
32806 29637 1
32806 30527 1
32806 36951 1
32806 39141 1
32806 46584 1
32806 46622 1
32806 48935 1
32806 52289 1
32806 54877 1
32806 57895 1
32806 61625 1
53298 50134 1
53298 57055 1
53298 66923 1
53298 71346 1
53298 74860 1
53298 81970 1
53298 82912 1
53298 95565 1
57055 50134 1
57055 53298 1
57055 66923 1
57055 71346 1
57055 74860 1
57055 81970 1
57055 82912 1
57055 95565 1
66923 50134 1
66923 53298 1
66923 57055 1
66923 66922 1
66923 71346 1
66923 74860 1
66923 81970 1
66923 82912 1
66923 95565 1
68795 50134 1
68795 68796 1
68796 50134 1
68796 68795 1
71346 50134 1
71346 53298 1
71346 57055 1
71346 66923 1
71346 74860 1
71346 81970 1
71346 82912 1
71346 95565 1
74860 50134 1
74860 53298 1
74860 57055 1
74860 66335 1
74860 66923 1
74860 71346 1
74860 76641 1
74860 81970 1
74860 82912 1
74860 95565 1
81970 50134 1
81970 53298 1
81970 57055 1
81970 66923 1
81970 71346 1
81970 74860 1
81970 82912 1
81970 95565 1
82912 50134 1
82912 53298 1
82912 57055 1
82912 66923 1
82912 71346 1
82912 74860 1
82912 81970 1
82912 95565 1
95565 50134 1
95565 53298 1
95565 57055 1
95565 66923 1
95565 71346 1
95565 74860 1
95565 78324 1
95565 81970 1
95565 82912 1
95565 104823 1
95565 105979 1
46624 50668 1
46624 57412 1
50981 36689 1
50981 42943 1
50981 50668 1
50981 57579 1
50981 62528 1
57412 34926 1
57412 46624 1
57412 50668 1
57412 56941 1
57412 65439 1
62339 50668 1
62339 69135 1
62339 69136 1
62339 69137 1
62339 69138 1
62339 69139 1
62339 69140 1
63011 43225 1
63011 50668 1
69135 50668 1
69135 62339 1
69135 69136 1
69135 69137 1
69135 69138 1
69135 69139 1
69135 69140 1
69136 50668 1
69136 62339 1
69136 62373 1
69136 65285 1
69136 65759 1
69136 66797 1
69136 69135 1
69136 69137 1
69136 69138 1
69136 69139 1
69136 69140 1
69136 74626 1
69137 50668 1
69137 62339 1
69137 69135 1
69137 69136 1
69137 69138 1
69137 69139 1
69137 69140 1
69138 50668 1
69138 62339 1
69138 69135 1
69138 69136 1
69138 69137 1
69138 69139 1
69138 69140 1
69138 73020 1
69139 49277 1
69139 50668 1
69139 53821 1
69139 55477 1
69139 55701 1
69139 55953 1
69139 62339 1
69139 66762 1
69139 66864 1
69139 67697 1
69139 67698 1
69139 67699 1
69139 67700 1
69139 67701 1
69139 67702 1
69139 67703 1
69139 67704 1
69139 69135 1
69139 69136 1
69139 69137 1
69139 69138 1
69139 69140 1
69140 50668 1
69140 62339 1
69140 69135 1
69140 69136 1
69140 69137 1
69140 69138 1
69140 69139 1
69140 70384 1
18624 35636 1
18624 42076 1
18624 42334 1
18624 45018 1
18624 50136 1
18624 54333 1
18624 55823 2
18624 57312 1
18624 57581 1
18624 58903 1
18624 62373 1
18624 65285 1
18624 66269 1
18624 67403 1
18624 68430 1
18624 69756 1
18624 74854 1
18624 86393 1
39173 26141 1
39173 44806 1
39173 46918 1
39173 47700 1
39173 55817 1
39173 55823 1
39173 57024 1
39173 58991 1
39173 59135 1
39173 60514 1
44806 39173 1
44806 46918 1
44806 47700 1
44806 55817 1
44806 55823 1
44806 57024 1
44806 58991 1
44806 59135 1
44806 60514 1
46918 39173 1
46918 44806 1
46918 47700 1
46918 55817 1
46918 55823 1
46918 57024 1
46918 58991 1
46918 59135 1
46918 60514 1
47700 39173 1
47700 44806 1
47700 46918 1
47700 55817 1
47700 55823 1
47700 57024 1
47700 58991 1
47700 59135 1
47700 60514 1
50136 18624 1
50136 55823 1
50136 68386 2
50136 68430 1
50136 68457 1
50136 69756 1
50136 83217 1
55817 39173 1
55817 44806 1
55817 46918 1
55817 47700 1
55817 55823 1
55817 57024 1
55817 58991 1
55817 59135 1
55817 60514 1
57024 39173 1
57024 44806 1
57024 46918 1
57024 47700 1
57024 55817 1
57024 55823 1
57024 58991 1
57024 59135 1
57024 60514 1
58991 39173 1
58991 44806 1
58991 46918 1
58991 47700 1
58991 55817 1
58991 55823 1
58991 57024 1
58991 59135 1
58991 60514 1
59135 39173 1
59135 44806 1
59135 46918 1
59135 47700 1
59135 55817 1
59135 55823 1
59135 57024 1
59135 58991 1
59135 60514 1
60514 39173 1
60514 44806 1
60514 46918 1
60514 47700 1
60514 55817 1
60514 55823 1
60514 57024 1
60514 58991 1
60514 59135 1
65285 18624 1
65285 55823 1
65285 65759 1
65285 69136 1
65285 74626 1
65285 74854 1
68430 18624 1
68430 46601 1
68430 50136 1
68430 55823 1
68430 63986 1
68430 64546 1
68430 69756 1
68430 80087 1
69756 18624 1
69756 50136 1
69756 55823 1
69756 68430 1
69756 75418 1
74854 18624 1
74854 55823 1
74854 63992 1
74854 65285 1
36142 45325 1
36142 50254 1
36142 52192 1
36142 57579 1
36142 59926 1
36142 68078 1
36142 76516 1
36689 42943 1
36689 50981 1
36689 52524 1
36689 57579 1
36689 58561 1
36689 60500 1
36689 62528 1
36689 65666 1
36689 74626 1
42943 30461 1
42943 36689 1
42943 37150 1
42943 38637 1
42943 41259 1
42943 50981 1
42943 53038 1
42943 55557 1
42943 56074 1
42943 56417 1
42943 57579 1
42943 62528 1
42943 64460 1
42943 65154 1
42943 89081 1
42943 93762 1
42943 125774 1
45325 36142 1
45325 52192 1
45325 57579 1
45325 58903 1
45325 68078 1
52192 36142 1
52192 45325 1
52192 57579 1
52192 68078 1
55825 57579 1
55825 65758 1
55825 65772 1
55825 72481 1
55825 78102 1
60616 46617 1
60616 57579 1
60616 76359 1
60616 116012 1
62528 36689 1
62528 42943 1
62528 50981 1
62528 57579 1
65758 41115 1
65758 41117 1
65758 42088 1
65758 42127 1
65758 42388 1
65758 43184 1
65758 43185 1
65758 44217 1
65758 44607 1
65758 45120 1
65758 55825 1
65758 57579 1
65758 60424 1
65758 65772 1
65758 72481 1
65758 78102 1
65758 126625 1
65772 55825 1
65772 57579 1
65772 65758 1
65772 68742 1
65772 68774 1
65772 71938 1
65772 72481 1
65772 78102 1
68078 36142 1
68078 45325 1
68078 52192 1
68078 56585 1
68078 57579 1
68078 67774 1
68078 89070 1
72481 55825 1
72481 57579 1
72481 65758 1
72481 65772 1
72481 78102 1
76359 57579 1
76359 60616 1
78102 48370 1
78102 55825 1
78102 57579 1
78102 65758 1
78102 65772 1
78102 69868 1
78102 72481 1
31455 1113 1
31455 32553 1
31455 43493 1
31455 58117 1
31455 64358 1
31455 71266 1
31455 71267 1
31455 72834 1
32553 31455 1
32553 43493 1
32553 58117 1
32553 71266 1
32553 71267 1
32553 72834 1
36694 58117 1
36694 61379 1
36694 66973 1
36694 68486 1
36694 71266 2
36694 71267 1
42194 58117 1
42194 58893 1
43493 31455 1
43493 32553 1
43493 45018 1
43493 58117 1
43493 71266 1
43493 71267 1
43493 72834 1
43493 72989 1
58026 58117 1
58026 63098 1
58026 64543 1
58026 68377 1
58026 71133 1
58026 72987 1
58026 72988 1
58026 72989 1
58026 84788 1
58026 87391 1
58893 42194 1
58893 58117 1
63098 58026 1
63098 58117 1
63098 64543 1
63098 68377 1
63098 72987 1
63098 72988 1
63098 72989 1
64543 30179 1
64543 50982 1
64543 58026 1
64543 58117 1
64543 63098 1
64543 68377 1
64543 72987 1
64543 72988 1
64543 72989 1
64543 123542 1
66973 36694 1
66973 58117 1
66973 71266 1
66973 71267 1
68377 58026 1
68377 58117 1
68377 63098 1
68377 64543 1
68377 72987 1
68377 72988 1
68377 72989 1
68377 83217 1
70003 58117 1
71266 31455 1
71266 32553 1
71266 36694 2
71266 43493 1
71266 58117 2
71266 62373 1
71266 66973 1
71266 71267 2
71266 72834 1
71267 31455 1
71267 32553 1
71267 36694 1
71267 43493 1
71267 58117 2
71267 66973 1
71267 67736 1
71267 71266 2
71267 72834 1
71267 91725 1
72987 57312 1
72987 58026 1
72987 58117 1
72987 63098 1
72987 64543 1
72987 65746 1
72987 68377 1
72987 68774 1
72987 72988 1
72987 72989 1
72988 53139 1
72988 54077 1
72988 55700 1
72988 56897 1
72988 58026 1
72988 58117 1
72988 63098 1
72988 64543 1
72988 68377 1
72988 69674 1
72988 72987 1
72988 72989 1
72988 77811 1
72989 43493 1
72989 57572 1
72989 58026 1
72989 58117 1
72989 63098 1
72989 64543 1
72989 68377 1
72989 72987 1
72989 72988 1
123573 47802 1
123573 48390 1
123573 49175 1
123573 58117 1
123573 60038 1
123573 60992 1
123573 80316 1
22555 23260 1
22555 47791 1
22555 47910 1
22555 54530 1
22555 61378 1
47791 22555 1
47791 47910 1
47791 54530 1
47791 61378 1
47910 22555 1
47910 47791 1
47910 54530 1
47910 61378 1
47910 64358 1
47910 66864 1
54530 22555 1
54530 29967 1
54530 29980 1
54530 39722 1
54530 47791 1
54530 47910 1
54530 61378 1
54530 72942 1
56242 60018 2
56242 62293 1
56242 71986 1
56242 73767 1
56242 74669 1
56242 76331 1
60018 56242 2
60018 62293 1
60018 71986 1
60018 73767 1
60018 74669 1
60018 76331 1
71986 56242 1
71986 60018 1
71986 62293 1
71986 75378 1
71986 76331 1
71986 77012 1
76331 36141 1
76331 56242 1
76331 60018 1
76331 62293 1
76331 69848 1
76331 69952 1
76331 71986 1
76331 75870 1
76331 77975 1
76331 78133 1
76331 80095 1
67220 51983 1
67220 63323 1
67220 75952 1
72557 63323 1
72557 77012 1
75378 63323 1
75378 71986 1
75378 77012 1
75952 63323 1
75952 67220 1
64078 66268 1
35636 18624 1
35636 42076 1
35636 42334 1
35636 45018 1
35636 54333 1
35636 57312 1
35636 57581 1
35636 58903 1
35636 62373 1
35636 66269 1
35636 67403 1
35636 86393 1
42076 18624 1
42076 35636 1
42076 37632 1
42076 42334 1
42076 45018 1
42076 45106 1
42076 54333 1
42076 57312 1
42076 57581 1
42076 58903 1
42076 62373 1
42076 66269 1
42076 67403 1
42076 74848 1
42076 81645 1
42076 86393 1
42334 18624 1
42334 33558 1
42334 35636 1
42334 42076 1
42334 45018 1
42334 54333 1
42334 57312 1
42334 57581 1
42334 58903 1
42334 62373 1
42334 66269 1
42334 67403 1
42334 86393 1
45018 18624 1
45018 35636 1
45018 42076 1
45018 42334 1
45018 43493 1
45018 54333 1
45018 57312 1
45018 57581 1
45018 58903 1
45018 62373 1
45018 66269 1
45018 67295 1
45018 67403 1
45018 86393 1
54333 18624 1
54333 35636 1
54333 42076 1
54333 42334 1
54333 45018 1
54333 55700 1
54333 57312 1
54333 57581 1
54333 58903 1
54333 59164 1
54333 59686 1
54333 62373 1
54333 66269 1
54333 67403 1
54333 86393 1
57312 18624 1
57312 35636 1
57312 42076 1
57312 42334 1
57312 45018 1
57312 54333 1
57312 57581 1
57312 58903 1
57312 62373 1
57312 65746 1
57312 66269 1
57312 67403 1
57312 68774 1
57312 72987 1
57312 86393 1
57581 18624 1
57581 35636 1
57581 42076 1
57581 42334 1
57581 45018 1
57581 54333 1
57581 57312 1
57581 58903 1
57581 62373 1
57581 66269 1
57581 67403 1
57581 86393 1
58903 18624 1
58903 35636 1
58903 42076 1
58903 42334 1
58903 45018 1
58903 45325 1
58903 54333 1
58903 57312 1
58903 57581 1
58903 62373 1
58903 66269 1
58903 67403 1
58903 86393 1
62373 18624 1
62373 35636 1
62373 42076 1
62373 42334 1
62373 45018 1
62373 54333 1
62373 55093 1
62373 57312 1
62373 57581 1
62373 58903 1
62373 62371 1
62373 62372 1
62373 65959 1
62373 66269 1
62373 66797 1
62373 67403 1
62373 69136 1
62373 71266 1
62373 86393 1
64407 27339 1
64407 38749 1
64407 43536 1
64407 51759 1
64407 60880 1
64407 65111 1
64407 66269 1
64407 68454 1
64407 68742 1
64407 69952 1
64407 71137 1
64407 72848 1
64407 74085 1
64407 74626 1
64407 77012 1
64407 78721 1
67403 18624 1
67403 35636 1
67403 42076 1
67403 42334 1
67403 45018 1
67403 54333 1
67403 57312 1
67403 57581 1
67403 58903 1
67403 62373 1
67403 66269 1
67403 86393 1
68454 64407 1
68454 64552 1
68454 65759 1
68454 66269 1
68454 68386 1
68454 68455 1
68454 68456 1
68454 68457 1
68454 68458 1
68454 68459 1
68454 69952 1
68454 71137 1
68454 71959 1
68454 72848 1
68454 74549 1
68454 74626 1
68454 76641 1
68454 77012 1
68454 78721 1
68454 83217 1
69952 55676 1
69952 62310 1
69952 64407 1
69952 65524 1
69952 66269 1
69952 68454 1
69952 68814 1
69952 71137 1
69952 72848 1
69952 74626 1
69952 76331 1
69952 77012 1
69952 78721 1
69952 79463 1
69952 83217 1
69952 83242 1
69952 84739 1
69952 87843 1
69952 120432 1
71137 64407 1
71137 66269 1
71137 68454 1
71137 69952 1
71137 72848 1
71137 74626 1
71137 75635 1
71137 77012 1
71137 78721 1
72848 64407 1
72848 66269 1
72848 68454 1
72848 69952 1
72848 71137 1
72848 74626 1
72848 77012 1
72848 78721 1
74626 36689 1
74626 61241 1
74626 64407 1
74626 65285 1
74626 65741 1
74626 65759 1
74626 66269 1
74626 68271 1
74626 68454 1
74626 68487 1
74626 69136 1
74626 69952 1
74626 71137 1
74626 71306 1
74626 72848 1
74626 77012 1
74626 78721 1
77012 64407 1
77012 66269 1
77012 68454 1
77012 69952 1
77012 71137 1
77012 71986 1
77012 72557 1
77012 72848 1
77012 74626 1
77012 75378 1
77012 78721 1
78721 60615 1
78721 64407 1
78721 66269 1
78721 68454 1
78721 69952 1
78721 71137 1
78721 72848 1
78721 74626 1
78721 77012 1
78721 81728 1
86393 18624 1
86393 35636 1
86393 42076 1
86393 42334 1
86393 45018 1
86393 49020 1
86393 54333 1
86393 57312 1
86393 57581 1
86393 58903 1
86393 62373 1
86393 66269 1
86393 67403 1
86393 73020 1
55477 55701 1
55477 55953 1
55477 66762 1
55477 68271 1
55477 69139 1
61241 65741 1
61241 68271 1
61241 68487 1
61241 74626 1
65741 61241 1
65741 68271 1
65741 68487 1
65741 74626 1
68487 61241 1
68487 65741 1
68487 68271 1
68487 74626 1
27339 35368 1
27339 38749 2
27339 42989 1
27339 43536 1
27339 45339 1
27339 47756 1
27339 51759 1
27339 54612 1
27339 57025 1
27339 60682 1
27339 60880 1
27339 64407 1
27339 65111 1
27339 67702 1
27339 68742 1
27339 71959 1
27339 74085 1
38749 27339 2
38749 43536 1
38749 51759 1
38749 57025 1
38749 60682 1
38749 60880 1
38749 64407 1
38749 65111 1
38749 67702 1
38749 68742 1
38749 71959 1
38749 74085 1
57025 27339 1
57025 38749 1
57025 42074 1
57025 55776 1
57025 55777 1
57025 60682 1
57025 63103 1
57025 67702 1
57025 68457 1
57025 68499 1
57025 71959 1
57025 74549 1
57025 77631 1
60682 27339 1
60682 38749 1
60682 57025 1
60682 67702 1
60682 71959 1
60682 76904 1
60682 84720 1
64552 36170 1
64552 40102 1
64552 50366 1
64552 65759 1
64552 68386 2
64552 68454 1
64552 68455 1
64552 68456 1
64552 68457 1
64552 68458 1
64552 68459 1
64552 71959 1
64552 73765 1
64552 74549 1
64552 76641 1
64552 83217 1
65759 64552 1
65759 65285 1
65759 68386 1
65759 68454 1
65759 68455 1
65759 68456 1
65759 68457 1
65759 68458 1
65759 68459 1
65759 69136 1
65759 71959 1
65759 74549 1
65759 74626 1
65759 76641 1
65759 83217 1
67702 27339 1
67702 38749 1
67702 57025 1
67702 60682 1
67702 67697 1
67702 67698 1
67702 67699 1
67702 67700 1
67702 67701 1
67702 67703 1
67702 67704 1
67702 69139 1
67702 71959 1
68386 44665 1
68386 50136 2
68386 64552 2
68386 65030 1
68386 65759 1
68386 68454 1
68386 68455 1
68386 68456 1
68386 68457 2
68386 68458 1
68386 68459 1
68386 71959 1
68386 74549 1
68386 76641 1
68386 83217 1
68455 64552 1
68455 65759 1
68455 68386 1
68455 68454 1
68455 68456 1
68455 68457 1
68455 68458 1
68455 68459 1
68455 71959 1
68455 74549 1
68455 76641 1
68455 83217 1
68456 55096 1
68456 64552 1
68456 64772 1
68456 65759 1
68456 68386 1
68456 68454 1
68456 68455 1
68456 68457 1
68456 68458 1
68456 68459 1
68456 71959 1
68456 74549 1
68456 76641 1
68456 83217 1
68457 50136 1
68457 57025 1
68457 64552 1
68457 65759 1
68457 68386 2
68457 68454 1
68457 68455 1
68457 68456 1
68457 68458 1
68457 68459 1
68457 71959 1
68457 74549 1
68457 76641 1
68457 83217 1
68458 64552 1
68458 65759 1
68458 66990 1
68458 68386 1
68458 68454 1
68458 68455 1
68458 68456 1
68458 68457 1
68458 68459 1
68458 71959 1
68458 74549 1
68458 76641 1
68458 83217 1
68459 63977 1
68459 64552 1
68459 65200 1
68459 65759 1
68459 68386 1
68459 68454 1
68459 68455 1
68459 68456 1
68459 68457 1
68459 68458 1
68459 71298 1
68459 71959 1
68459 74549 1
68459 76641 1
68459 83217 1
74549 57025 1
74549 63103 1
74549 64552 1
74549 65759 1
74549 68386 1
74549 68454 1
74549 68455 1
74549 68456 1
74549 68457 1
74549 68458 1
74549 68459 1
74549 68499 1
74549 71959 1
74549 76641 1
74549 77631 1
74549 83217 1
76641 64552 1
76641 65759 1
76641 66335 1
76641 68386 1
76641 68454 1
76641 68455 1
76641 68456 1
76641 68457 1
76641 68458 1
76641 68459 1
76641 71959 1
76641 74549 1
76641 74860 1
76641 83217 1
83217 50136 1
83217 55306 1
83217 55676 1
83217 64552 1
83217 65759 1
83217 68377 1
83217 68386 1
83217 68454 1
83217 68455 1
83217 68456 1
83217 68457 1
83217 68458 1
83217 68459 1
83217 69952 1
83217 71959 1
83217 74549 1
83217 76641 1
83217 79463 1
83217 80087 1
83217 83218 1
83217 84739 1
83217 87843 1
18610 72834 1
43448 62302 1
43448 66858 1
43448 71115 2
43448 72834 1
43448 74916 1
43448 84413 1
43448 85615 1
43448 85693 1
50001 69594 1
50001 72041 1
50001 72834 1
51422 35379 1
51422 56961 1
51422 61476 1
51422 61479 1
51422 66335 1
51422 72834 1
51422 81645 1
51422 87843 1
51422 97643 1
61476 32789 1
61476 50819 1
61476 51422 1
61476 61479 1
61476 66335 1
61476 69653 1
61476 71212 1
61476 71363 1
61476 72834 2
61476 81645 1
61476 87843 4
61479 51422 1
61479 61476 1
61479 66335 1
61479 72834 1
61479 81645 1
61479 87843 1
61481 71825 1
61481 72834 1
61481 74093 1
61481 74916 1
61481 75431 1
61481 86754 1
61481 91097 1
62302 43448 1
62302 66858 1
62302 71115 1
62302 72834 1
62302 84413 1
66335 51422 1
66335 61476 1
66335 61479 1
66335 72834 1
66335 74860 1
66335 76641 1
66335 81645 1
66335 87843 1
66858 43448 1
66858 62302 1
66858 71115 1
66858 72834 1
66858 80087 1
66858 84413 1
66990 68458 1
66990 72834 1
66990 118764 1
69594 50001 1
69594 72041 1
69594 72834 1
69594 73330 1
69594 87874 1
69594 88504 1
69594 100381 1
69594 105979 1
71115 43448 2
71115 62302 1
71115 66858 1
71115 72834 1
71115 74916 1
71115 84413 1
71363 61476 1
71363 66466 1
71363 66467 1
71363 68248 1
71363 72834 1
71363 87843 1
71363 93332 1
71825 55218 1
71825 61481 1
71825 72834 1
71825 74093 1
71825 74916 1
71825 75431 1
71825 86754 1
71825 91097 1
72041 50001 1
72041 69594 1
72041 72834 1
74093 61481 1
74093 71825 1
74093 72834 1
74093 74916 1
74093 75431 1
74093 86754 1
74093 91097 1
74916 43448 1
74916 61481 1
74916 71115 1
74916 71825 1
74916 72834 1
74916 74093 1
74916 75431 1
74916 86754 1
74916 91097 1
75431 61481 1
75431 62330 1
75431 69157 1
75431 71825 1
75431 72834 1
75431 74093 1
75431 74916 1
75431 86754 1
75431 91097 1
81645 42076 1
81645 51422 1
81645 61476 1
81645 61479 1
81645 66335 1
81645 72834 1
81645 74848 1
81645 87843 1
84413 43448 1
84413 62302 1
84413 66858 1
84413 71115 1
84413 71300 1
84413 72834 1
84413 92650 1
86754 61481 1
86754 71825 1
86754 72834 1
86754 74093 1
86754 74916 1
86754 75431 1
86754 91097 1
91097 54494 1
91097 61481 1
91097 71825 1
91097 72834 1
91097 74087 1
91097 74093 1
91097 74916 1
91097 75431 1
91097 86754 1
91097 88176 1
91097 90248 1
91097 125059 1
118764 54194 1
118764 66990 1
118764 69694 1
118764 72834 1
118764 102439 1
118764 104527 1
55795 73792 1
55795 119895 1
64348 66864 1
64348 73792 1
70186 55262 3
70186 63401 1
70186 73038 1
70186 73663 1
70186 73792 1
70186 74128 1
70186 75421 1
73663 70186 1
73663 73792 1
73663 74128 1
74128 66828 1
74128 70186 1
74128 73663 1
74128 73792 1
89412 73792 1
119895 55795 1
119895 73792 1
119895 75722 1
119895 79085 1
119895 80086 1
119895 80231 1
119895 80232 1
119895 80233 1
119895 80234 1
119895 80235 1
119895 83442 1
74848 42076 1
74848 78103 1
74848 81645 1
74848 84093 1
74848 84095 1
84093 74848 1
84093 78103 1
84093 84095 1
84095 74848 1
84095 78103 1
84095 84093 1
32789 50787 1
32789 50819 1
32789 61476 1
32789 69653 1
32789 71212 1
32789 87843 1
50819 32789 1
50819 61476 1
50819 69653 1
50819 71212 1
50819 87843 1
55676 50371 1
55676 64259 1
55676 65740 1
55676 69952 1
55676 72673 1
55676 76904 1
55676 79463 2
55676 81691 1
55676 83217 1
55676 84739 1
55676 87843 1
55676 108131 1
63986 64546 1
63986 64549 1
63986 68430 1
63986 68738 1
63986 87843 1
63986 104267 1
68738 36693 1
68738 40021 1
68738 54221 1
68738 63986 1
68738 68735 1
68738 68736 1
68738 68737 1
68738 87843 1
69653 32789 1
69653 39715 1
69653 50819 1
69653 51983 1
69653 61476 1
69653 68445 1
69653 68446 1
69653 68447 1
69653 71212 1
69653 87843 1
69653 88545 1
71212 32789 1
71212 50819 1
71212 61476 1
71212 69653 1
71212 87843 1
79463 55676 2
79463 69952 1
79463 74669 1
79463 83217 1
79463 84739 1
79463 87843 1
80087 66858 1
80087 68430 1
80087 70018 1
80087 74669 1
80087 83217 1
80087 87843 1
84739 37015 1
84739 55676 1
84739 69952 1
84739 79463 1
84739 81682 1
84739 82905 1
84739 83217 1
84739 87843 1
84788 58026 1
84788 87391 1
84788 87843 1
57747 60047 1
57747 75864 1
57747 90582 1
57747 90583 1
57747 99127 1
57747 124442 1
60047 57747 1
60047 60066 1
60047 75864 1
60047 90582 1
60047 90583 1
60047 99127 1
60047 124442 2
75864 57747 1
75864 60047 1
75864 90582 1
75864 90583 1
75864 99127 1
75864 124442 1
76836 78249 1
76836 90583 1
76836 126173 1
82905 37015 1
82905 55953 1
82905 80375 1
82905 81682 1
82905 84739 1
82905 90583 1
90582 57747 1
90582 60047 1
90582 75864 1
90582 90583 1
90582 99127 1
90582 124442 1
90584 90583 1
90584 99631 1
90584 99632 1
99127 57747 1
99127 60047 1
99127 75864 1
99127 90582 1
99127 90583 1
99127 124442 1
124442 57747 1
124442 60047 2
124442 75864 1
124442 90582 1
124442 90583 1
124442 99127 1
33909 42749 1
33909 46242 1
42749 33909 1
42749 46242 1
80316 48390 1
80316 123573 1
1113 31455 1
1113 49277 1
1113 64358 1
66864 47910 1
66864 53821 1
66864 64348 1
66864 64358 1
66864 69139 1
72600 64358 1
28727 36141 1
28727 51831 1
28727 58103 1
28727 62371 1
28727 65101 1
51831 28727 1
51831 58103 1
51831 65101 1
58103 28727 1
58103 51831 1
58103 65101 1
87314 68293 1
62111 45087 1
62111 70215 1
62111 70384 1
36170 40102 1
36170 50366 1
36170 64552 1
36170 73765 1
40102 36170 1
40102 50366 1
40102 64552 1
40102 73765 1
50366 32458 1
50366 36170 1
50366 40102 1
50366 41417 1
50366 64552 1
50366 73765 1
73781 73780 1
82998 73780 1
29042 32806 1
29042 39141 1
29042 46584 1
29042 54877 1
29042 57895 1
29042 61625 1
29636 29637 1
29636 30527 1
29636 32806 1
29636 36951 1
29636 57895 1
29637 29636 1
29637 30527 1
29637 32806 1
29637 36951 1
29637 57895 1
30527 29636 1
30527 29637 1
30527 32806 1
30527 36951 1
30527 57895 1
36951 29636 1
36951 29637 1
36951 30527 1
36951 32806 1
36951 57895 1
39141 29042 1
39141 32806 1
39141 46584 1
39141 54877 1
39141 61625 1
46584 29042 1
46584 32806 1
46584 39141 1
46584 54877 1
46584 61625 1
48935 32806 1
48935 45339 1
52289 32806 1
54877 29042 1
54877 32806 1
54877 39141 1
54877 46584 1
54877 61625 1
57895 29042 1
57895 29636 1
57895 29637 1
57895 30527 1
57895 32806 1
57895 36951 1
61625 29042 1
61625 32806 1
61625 39141 1
61625 46584 1
61625 54877 1
66922 54221 1
66922 54278 1
66922 66923 1
78324 95565 1
104823 95565 1
104823 105979 1
105979 69594 1
105979 95565 1
105979 104823 1
34926 24851 1
34926 38663 1
34926 57412 1
56941 57412 1
65439 57412 1
43225 63011 1
66797 62373 1
66797 69136 1
73020 69138 1
73020 86393 1
49277 1113 1
49277 69139 1
53821 66864 1
53821 69139 1
55701 55477 1
55701 55953 1
55701 66762 1
55701 69139 1
55953 55477 1
55953 55701 1
55953 66762 1
55953 69139 1
55953 82905 1
66762 55477 1
66762 55701 1
66762 55953 1
66762 69139 1
67697 67698 1
67697 67699 1
67697 67700 1
67697 67701 1
67697 67702 1
67697 67703 1
67697 67704 1
67697 69139 1
67698 67697 1
67698 67699 1
67698 67700 1
67698 67701 1
67698 67702 1
67698 67703 1
67698 67704 1
67698 69139 1
67699 67697 1
67699 67698 1
67699 67700 1
67699 67701 1
67699 67702 1
67699 67703 1
67699 67704 1
67699 69139 1
67700 67697 1
67700 67698 1
67700 67699 1
67700 67701 1
67700 67702 1
67700 67703 1
67700 67704 1
67700 69139 1
67701 67697 1
67701 67698 1
67701 67699 1
67701 67700 1
67701 67702 1
67701 67703 1
67701 67704 1
67701 69139 1
67703 67697 1
67703 67698 1
67703 67699 1
67703 67700 1
67703 67701 1
67703 67702 1
67703 67704 1
67703 69139 1
67704 67697 1
67704 67698 1
67704 67699 1
67704 67700 1
67704 67701 1
67704 67702 1
67704 67703 1
67704 69139 1
26141 39173 1
46601 68430 1
64546 63986 1
64546 68430 1
75418 69756 1
63992 68486 1
63992 74854 1
50254 36142 1
50254 76516 1
59926 36142 1
76516 36142 1
76516 50254 1
52524 36689 1
52524 60500 1
58561 36689 1
58561 65666 1
60500 36689 1
60500 52524 1
65666 36689 1
65666 58561 1
30461 38637 1
30461 42943 1
30461 53038 1
30461 55557 1
37150 42943 1
38637 30461 1
38637 42943 1
38637 53038 1
38637 55557 1
41259 42943 1
41259 56074 1
41259 56417 1
41259 89081 1
41259 125774 1
53038 30461 1
53038 38637 1
53038 42943 1
53038 55557 1
55557 30461 1
55557 38637 1
55557 42943 1
55557 53038 1
56074 41259 1
56074 42943 1
56074 56417 1
56074 89081 1
56074 125774 1
56417 41259 1
56417 42943 1
56417 56074 1
56417 89081 1
56417 125774 1
64460 42943 1
64460 93762 1
65154 42943 1
89081 41259 1
89081 42943 1
89081 56074 1
89081 56417 1
89081 125774 1
93762 42943 1
93762 64460 1
125774 41259 1
125774 42943 1
125774 56074 1
125774 56417 1
125774 89081 1
46617 60616 1
116012 60616 1
41115 41116 1
41115 41117 1
41115 42088 1
41115 42127 2
41115 42388 1
41115 43184 1
41115 43185 2
41115 44217 1
41115 44607 1
41115 45120 1
41115 65758 1
41117 41115 1
41117 42088 1
41117 42127 1
41117 42388 1
41117 43184 1
41117 43185 1
41117 44217 1
41117 44607 1
41117 45120 1
41117 65758 1
42088 41115 1
42088 41117 1
42088 42127 1
42088 42388 1
42088 43184 1
42088 43185 1
42088 44217 1
42088 44607 1
42088 45120 1
42088 61467 1
42088 65758 1
42088 114457 1
42127 41115 2
42127 41116 1
42127 41117 1
42127 42088 1
42127 42097 1
42127 42128 1
42127 42388 1
42127 43184 1
42127 43185 2
42127 44217 1
42127 44607 1
42127 45120 2
42127 51122 1
42127 61719 1
42127 65758 1
42388 41115 1
42388 41117 1
42388 42088 1
42388 42127 1
42388 43184 1
42388 43185 1
42388 44217 1
42388 44607 1
42388 45120 1
42388 65758 1
42388 120999 1
43184 27864 1
43184 41115 1
43184 41117 1
43184 42088 1
43184 42127 1
43184 42388 1
43184 43185 2
43184 44217 1
43184 44607 1
43184 45120 1
43184 45711 2
43184 53964 1
43184 65758 1
43184 76986 1
43184 114457 1
43185 41115 2
43185 41116 1
43185 41117 1
43185 42088 1
43185 42127 2
43185 42388 1
43185 43184 2
43185 44217 1
43185 44607 1
43185 45120 1
43185 45711 1
43185 65758 1
43185 76986 1
43185 114457 1
44217 41115 1
44217 41117 1
44217 42088 1
44217 42127 1
44217 42388 1
44217 43184 1
44217 43185 1
44217 43609 1
44217 43610 1
44217 43883 1
44217 44607 1
44217 45120 1
44217 65758 1
44607 41115 1
44607 41117 1
44607 42088 1
44607 42127 1
44607 42388 1
44607 43184 1
44607 43185 1
44607 44217 1
44607 45120 1
44607 65758 1
45120 41115 1
45120 41117 1
45120 42088 1
45120 42097 1
45120 42127 2
45120 42128 1
45120 42388 1
45120 43184 1
45120 43185 1
45120 44217 1
45120 44607 1
45120 51122 1
45120 61719 1
45120 65758 1
60424 65758 1
126625 65758 1
68742 27339 1
68742 38749 1
68742 43536 1
68742 51759 1
68742 60880 1
68742 64407 1
68742 65111 1
68742 65772 1
68742 71938 1
68742 74085 1
68774 57312 1
68774 65746 1
68774 65772 1
68774 72987 1
71938 65772 1
71938 68742 1
56585 67774 1
56585 68078 1
56585 89070 1
67774 56585 1
67774 68078 1
67774 89070 1
89070 56585 1
89070 67774 1
89070 68078 1
48370 69868 1
48370 78102 1
69868 48370 1
69868 78102 1
61379 36694 1
61379 68486 1
68486 36694 1
68486 61379 1
68486 63992 1
71133 58026 1
87391 58026 1
87391 84788 1
30179 50982 1
30179 64543 1
50982 30179 1
50982 64543 1
123542 64543 1
67736 71267 1
67736 91725 1
91725 67736 1
91725 71267 1
65746 57312 1
65746 68774 1
65746 72987 1
53139 54077 1
53139 55700 1
53139 56897 1
53139 69674 1
53139 72988 1
53139 77811 1
54077 53139 1
54077 55700 1
54077 56897 1
54077 69674 1
54077 72988 1
54077 77811 1
55700 53139 1
55700 54077 1
55700 54333 1
55700 56897 1
55700 59164 1
55700 59686 1
55700 69674 1
55700 72988 1
55700 77811 1
56897 53139 1
56897 54077 1
56897 55700 1
56897 69674 1
56897 72988 1
56897 77811 1
69674 53139 1
69674 54077 1
69674 55700 1
69674 56897 1
69674 72988 1
69674 77811 1
77811 53139 1
77811 54077 1
77811 55700 1
77811 56897 1
77811 69674 1
77811 72988 1
57572 72989 1
47802 49175 1
47802 60038 1
47802 123573 1
49175 47802 1
49175 60038 1
49175 123573 1
60038 47802 1
60038 49175 1
60038 123573 1
60992 123573 1
23260 22555 1
29967 29980 1
29967 39722 1
29967 54530 1
29967 72942 1
29980 29967 1
29980 39722 1
29980 54530 1
29980 72942 1
39722 29967 1
39722 29980 1
39722 54530 1
39722 72942 1
72942 29967 1
72942 29980 1
72942 39722 1
72942 54530 1
73767 56242 1
73767 60018 1
73767 74669 1
74669 56242 1
74669 60018 1
74669 62330 1
74669 73767 1
74669 79463 1
74669 80086 1
74669 80087 1
36141 28727 1
36141 55306 1
36141 62371 1
36141 76331 1
36141 78133 1
36141 80095 1
69848 75870 1
69848 76331 1
69848 77975 1
75870 69848 1
75870 76331 1
75870 77975 1
77975 69848 1
77975 75870 1
77975 76331 1
78133 36141 1
78133 76331 1
78133 80095 1
80095 36141 1
80095 76331 1
80095 78133 1
80095 83242 1
51983 67220 1
51983 68445 1
51983 68446 1
51983 68447 1
51983 69653 1
37632 42076 1
45106 42076 1
33558 42334 1
67295 45018 1
59164 54333 1
59164 55700 1
59164 59686 1
59686 54333 1
59686 55700 1
59686 59164 1
55093 62373 1
62371 28727 1
62371 36141 1
62371 41683 1
62371 62372 1
62371 62373 1
62371 65959 1
62372 62371 1
62372 62373 1
62372 65959 1
65959 62371 1
65959 62372 1
65959 62373 1
43536 27339 1
43536 38749 1
43536 51759 1
43536 60880 1
43536 64407 1
43536 65111 1
43536 68742 1
43536 74085 1
51759 27339 1
51759 38749 1
51759 43536 1
51759 60880 1
51759 64407 1
51759 65111 1
51759 68742 1
51759 74085 1
60880 27339 1
60880 38749 1
60880 43536 1
60880 51759 1
60880 64407 1
60880 65111 1
60880 68742 1
60880 74085 1
65111 27339 1
65111 38749 1
65111 43536 1
65111 51759 1
65111 60880 1
65111 64407 1
65111 68742 1
65111 74085 1
74085 27339 1
74085 38749 1
74085 43536 1
74085 51759 1
74085 60880 1
74085 64407 1
74085 64772 1
74085 65111 1
74085 68742 1
74085 74084 1
62310 69952 1
65524 69952 1
65524 120432 1
68814 69952 1
83242 69952 1
83242 80095 1
83242 83250 1
83242 83251 1
120432 65524 1
120432 69952 1
75635 69850 1
75635 71137 1
71306 74626 1
60615 78721 1
60615 81728 1
81728 60615 1
81728 78721 1
49020 42074 1
49020 86393 1
35368 27339 1
35368 45339 1
42989 27339 1
42989 64811 1
42989 64812 1
45339 27339 1
45339 35368 1
45339 36975 1
45339 42074 1
45339 48935 1
47756 27339 1
54612 27339 1
42074 45339 1
42074 49020 1
42074 55776 1
42074 55777 1
42074 57025 1
55776 42074 1
55776 55777 1
55776 57025 1
55777 42074 1
55777 55776 1
55777 57025 1
63103 57025 1
63103 68499 1
63103 74549 1
63103 77631 1
68499 57025 1
68499 57462 1
68499 63103 1
68499 74549 1
68499 77631 1
77631 57025 1
77631 63103 1
77631 68499 1
77631 74549 1
76904 50371 1
76904 55676 1
76904 60682 1
76904 64259 1
76904 65740 1
84720 60682 1
44665 68386 1
65030 68386 1
55096 64772 1
55096 68456 1
64772 55096 1
64772 68456 1
64772 74084 1
64772 74085 1
63977 65200 1
63977 68459 1
63977 71298 1
65200 63977 1
65200 66331 1
65200 68459 1
65200 71298 1
71298 55306 1
71298 63977 1
71298 65200 1
71298 68459 1
55306 36141 1
55306 71298 1
55306 83217 1
83218 83217 1
85615 43448 1
85615 85693 1
85693 43448 1
85693 85615 1
35379 51422 1
56961 51422 1
56961 97643 1
97643 51422 1
97643 56961 1
73330 69594 1
73330 87874 1
73330 88504 1
87874 39715 1
87874 69594 1
87874 73330 1
87874 88504 1
88504 69594 1
88504 73330 1
88504 87874 1
100381 69594 1
100381 81691 1
66466 66467 1
66466 68248 1
66466 71363 1
66466 93332 1
66467 66466 1
66467 68248 1
66467 71363 1
66467 93332 1
68248 66466 1
68248 66467 1
68248 71363 1
68248 93332 1
93332 66466 1
93332 66467 1
93332 68248 1
93332 71363 1
93332 97444 1
55218 71825 1
62330 69157 1
62330 74669 1
62330 75431 1
69157 62330 1
69157 75431 1
71300 84413 1
71300 92650 1
92650 71300 1
92650 84413 1
54494 74087 1
54494 90248 1
54494 91097 1
54494 125059 1
74087 54494 1
74087 90248 1
74087 91097 1
74087 125059 1
88176 91097 1
90248 54494 1
90248 74087 1
90248 91097 1
90248 125059 1
125059 54494 1
125059 74087 1
125059 90248 1
125059 91097 1
54194 104527 1
54194 118764 1
69694 102439 2
69694 118764 1
102439 69694 2
102439 118764 1
104527 54194 1
104527 118764 1
55262 70186 3
55262 75421 1
63401 70186 1
63401 73038 1
73038 63401 1
73038 70186 1
75421 55262 1
75421 70186 1
66828 74128 1
75722 80086 1
75722 80231 1
75722 80232 1
75722 80233 1
75722 80234 1
75722 80235 1
75722 83442 1
75722 119895 1
79085 119895 1
80086 74669 1
80086 75722 1
80086 80231 1
80086 80232 1
80086 80233 1
80086 80234 1
80086 80235 1
80086 83442 1
80086 119895 1
80231 75722 1
80231 80086 1
80231 80232 1
80231 80233 1
80231 80234 1
80231 80235 1
80231 83442 1
80231 119895 1
80232 75722 1
80232 80086 1
80232 80231 1
80232 80233 1
80232 80234 1
80232 80235 1
80232 83442 1
80232 119895 1
80233 75722 1
80233 80086 1
80233 80231 1
80233 80232 1
80233 80234 1
80233 80235 1
80233 83442 1
80233 119895 1
80234 75722 1
80234 80086 1
80234 80231 1
80234 80232 1
80234 80233 1
80234 80235 1
80234 83442 1
80234 119895 1
80235 75722 1
80235 80086 1
80235 80231 1
80235 80232 1
80235 80233 1
80235 80234 1
80235 83442 1
80235 119895 1
83442 75722 1
83442 80086 1
83442 80231 1
83442 80232 1
83442 80233 1
83442 80234 1
83442 80235 1
83442 119895 1
50787 32789 1
50371 55676 1
50371 64259 1
50371 65740 1
50371 76904 1
64259 50371 1
64259 55676 1
64259 65740 1
64259 76904 1
65740 50371 1
65740 55676 1
65740 64259 1
65740 76904 1
72673 55676 1
72673 108131 1
81691 55676 1
81691 100381 1
108131 55676 1
108131 72673 1
64549 63986 1
64549 104267 1
104267 63986 1
104267 64549 1
36693 40021 1
36693 54221 1
36693 68735 1
36693 68736 1
36693 68737 1
36693 68738 1
40021 36693 1
40021 54221 1
40021 68735 1
40021 68736 1
40021 68737 1
40021 68738 1
54221 36693 1
54221 40021 1
54221 54278 1
54221 66922 1
54221 68735 1
54221 68736 1
54221 68737 1
54221 68738 1
68735 36693 1
68735 40021 1
68735 54221 1
68735 68736 1
68735 68737 1
68735 68738 1
68736 36693 1
68736 40021 1
68736 54221 1
68736 68735 1
68736 68737 1
68736 68738 1
68737 36693 1
68737 40021 1
68737 54221 1
68737 68735 1
68737 68736 1
68737 68738 1
39715 69653 1
39715 87874 1
39715 88545 1
68445 51983 1
68445 68446 1
68445 68447 1
68445 69653 1
68446 51983 1
68446 68445 1
68446 68447 1
68446 69653 1
68447 51983 1
68447 68445 1
68447 68446 1
68447 69653 1
88545 39715 1
88545 69653 1
70018 80087 1
37015 81682 1
37015 82905 1
37015 84739 1
81682 37015 1
81682 82905 1
81682 84739 1
60066 60047 1
78249 76836 1
78249 126173 1
126173 76836 1
126173 78249 1
126173 123405 1
126173 123406 4
126173 125136 3
126173 125137 4
80375 82905 1
99631 90584 1
99631 99632 1
99632 90584 1
99632 99631 1
123405 123406 1
123405 126173 1
123406 123405 1
123406 126173 4
125136 125137 3
125136 126173 3
125137 125136 3
125137 126173 4
54278 54221 1
54278 66922 1
97444 93332 1
57462 68499 1
66331 65200 1
74084 64772 1
74084 74085 1
32458 13721 1
32458 35371 1
32458 41417 1
32458 50366 1
32458 55286 1
32458 56564 1
41417 32458 1
41417 50366 1
64811 42989 1
64811 64812 1
64812 42989 1
64812 64811 1
36975 45339 1
69850 75635 1
83250 83242 1
83251 83242 1
41683 62371 1
41116 41115 1
41116 42127 1
41116 43185 1
41116 43610 1
61467 42088 1
61467 108207 1
61467 114457 1
61467 116347 1
114457 42088 1
114457 43184 1
114457 43185 1
114457 45711 1
114457 61467 1
114457 76986 1
114457 87916 1
114457 111564 1
42097 42127 1
42097 42128 1
42097 45120 1
42097 51122 1
42097 61719 2
42128 42097 1
42128 42127 1
42128 45120 1
42128 51122 1
42128 61719 1
51122 42097 1
51122 42127 1
51122 42128 1
51122 45120 1
51122 61719 1
61719 42097 2
61719 42127 1
61719 42128 1
61719 45120 1
61719 51122 1
120999 42388 1
27864 43184 1
27864 43458 1
27864 45192 1
27864 45711 1
27864 53964 1
45711 27864 1
45711 43184 2
45711 43185 1
45711 53964 1
45711 76986 1
45711 114457 1
53964 27864 1
53964 43184 1
53964 45711 1
76986 43184 1
76986 43185 1
76986 45711 1
76986 114457 1
43609 43458 1
43609 43610 1
43609 43883 1
43609 44217 1
43610 41116 1
43610 43609 1
43610 43883 1
43610 44217 1
43883 43609 1
43883 43610 1
43883 44217 1
24851 34926 1
24851 38663 1
38663 24851 1
38663 34926 1
45087 62111 1
70215 62111 1
13721 32458 1
13721 35371 1
13721 55286 1
13721 56564 1
35371 13721 1
35371 32458 1
35371 55286 1
35371 56564 1
55286 13721 1
55286 32458 1
55286 35371 1
55286 56564 1
56564 13721 1
56564 32458 1
56564 35371 1
56564 47180 1
56564 55286 1
108207 61467 1
116347 61467 1
87916 111564 1
87916 114457 1
111564 87916 1
111564 114457 1
43458 27864 1
43458 43609 1
43458 45192 1
45192 27864 1
45192 43458 1
47180 56564 1
