100587 122248 1
122248 91020 1
122248 91021 1
122248 95551 1
122248 97315 1
122248 99349 1
122248 99388 1
122248 99415 1
122248 99720 1
122248 99770 1
122248 100587 1
122248 100634 1
122248 100644 1
122248 100754 1
122248 120594 1
122248 120595 1
122248 122249 1
122248 122250 1
91020 63559 1
91020 78771 1
91020 78775 1
91020 79683 1
91020 80503 1
91020 82167 1
91020 82168 1
91020 82273 1
91020 83354 1
91020 87880 1
91020 91021 1
91020 95551 1
91020 97315 1
91020 99349 1
91020 99388 1
91020 99415 1
91020 99720 1
91020 99770 1
91020 100634 1
91020 100644 1
91020 100754 1
91020 103013 1
91020 104110 1
91020 104609 1
91020 107413 1
91020 120594 1
91020 120595 1
91020 120831 1
91020 121685 1
91020 122248 1
91021 91020 1
91021 95551 1
91021 97315 1
91021 99349 1
91021 99388 1
91021 99415 1
91021 99720 1
91021 99770 1
91021 100634 1
91021 100644 1
91021 100754 1
91021 120594 1
91021 120595 1
91021 122248 1
95551 91016 1
95551 91020 1
95551 91021 1
95551 94460 1
95551 97315 1
95551 99349 1
95551 99352 1
95551 99364 1
95551 99366 1
95551 99374 1
95551 99388 1
95551 99390 1
95551 99392 1
95551 99399 1
95551 99414 1
95551 99415 1
95551 99720 1
95551 99770 1
95551 100596 1
95551 100613 1
95551 100622 1
95551 100634 1
95551 100640 1
95551 100644 1
95551 100646 1
95551 100647 1
95551 100737 1
95551 100754 1
95551 100763 1
95551 100794 1
95551 101371 1
95551 101374 1
95551 101446 1
95551 101452 1
95551 102315 1
95551 102580 1
95551 102581 1
95551 103344 1
95551 103472 1
95551 104718 1
95551 107989 1
95551 108708 1
95551 120594 1
95551 120595 1
95551 121683 1
95551 122248 1
95551 123225 1
97315 78898 1
97315 83805 1
97315 91020 1
97315 91021 1
97315 95551 1
97315 99349 1
97315 99388 1
97315 99415 1
97315 99720 1
97315 99770 1
97315 99910 1
97315 100634 1
97315 100644 1
97315 100754 1
97315 120593 1
97315 120594 1
97315 120595 1
97315 122199 1
97315 122248 1
99349 91020 1
99349 91021 1
99349 95551 1
99349 97315 1
99349 99388 1
99349 99415 1
99349 99720 1
99349 99770 1
99349 100634 1
99349 100644 1
99349 100754 1
99349 120594 1
99349 120595 1
99349 122248 1
99388 86953 1
99388 91020 1
99388 91021 1
99388 95076 1
99388 95551 1
99388 95604 1
99388 95605 1
99388 97315 1
99388 99349 1
99388 99356 2
99388 99382 1
99388 99399 1
99388 99415 1
99388 99720 1
99388 99770 1
99388 100050 1
99388 100051 1
99388 100052 1
99388 100053 1
99388 100054 1
99388 100592 1
99388 100595 1
99388 100596 1
99388 100607 1
99388 100616 1
99388 100634 1
99388 100644 1
99388 100645 1
99388 100647 1
99388 100754 1
99388 100756 1
99388 100790 1
99388 101813 1
99388 102146 1
99388 102231 1
99388 102296 1
99388 102317 1
99388 103012 1
99388 104611 1
99388 120594 1
99388 120595 1
99388 120691 1
99388 120692 1
99388 120693 1
99388 120694 1
99388 120695 1
99388 121011 1
99388 121685 1
99388 121991 1
99388 122248 1
99415 91020 1
99415 91021 1
99415 95078 1
99415 95551 1
99415 97315 1
99415 99349 1
99415 99388 1
99415 99403 2
99415 99720 1
99415 99770 1
99415 100588 1
99415 100634 1
99415 100644 1
99415 100754 1
99415 101374 1
99415 102317 1
99415 120594 1
99415 120595 1
99415 122248 1
99720 91020 1
99720 91021 1
99720 95551 1
99720 97315 1
99720 99349 1
99720 99388 1
99720 99415 1
99720 99770 1
99720 100634 1
99720 100644 1
99720 100754 1
99720 120594 1
99720 120595 1
99720 122248 1
99770 83788 1
99770 91020 1
99770 91021 1
99770 95551 1
99770 97315 1
99770 99349 1
99770 99378 1
99770 99388 1
99770 99415 1
99770 99720 1
99770 100624 1
99770 100634 1
99770 100644 1
99770 100754 1
99770 101372 1
99770 103472 1
99770 103754 1
99770 104647 1
99770 120594 1
99770 120595 1
99770 122248 1
99770 122544 1
100634 83361 1
100634 91020 1
100634 91021 1
100634 91067 1
100634 95551 1
100634 97315 1
100634 98679 1
100634 99349 1
100634 99388 1
100634 99390 1
100634 99415 1
100634 99456 1
100634 99720 1
100634 99770 1
100634 99910 1
100634 100586 1
100634 100600 1
100634 100633 1
100634 100644 1
100634 100645 1
100634 100754 1
100634 100756 1
100634 100762 1
100634 101812 1
100634 101813 1
100634 102213 1
100634 102310 1
100634 103540 1
100634 109186 1
100634 110693 1
100634 120594 1
100634 120595 2
100634 121565 1
100634 122248 1
100644 91020 1
100644 91021 1
100644 93672 1
100644 93677 1
100644 95551 1
100644 97315 1
100644 99349 1
100644 99388 1
100644 99415 1
100644 99720 1
100644 99770 1
100644 100634 1
100644 100754 1
100644 105712 1
100644 106972 1
100644 106973 1
100644 106974 1
100644 106975 1
100644 107442 1
100644 107799 1
100644 112230 1
100644 120594 1
100644 120595 1
100644 122248 1
100754 91020 1
100754 91021 1
100754 95551 1
100754 97315 1
100754 99349 1
100754 99388 1
100754 99415 1
100754 99720 1
100754 99739 1
100754 99770 1
100754 100634 1
100754 100644 1
100754 102298 1
100754 102309 1
100754 102310 1
100754 102315 1
100754 102349 1
100754 102783 1
100754 102784 1
100754 120594 1
100754 120595 1
100754 121565 1
100754 121683 1
100754 122064 1
100754 122248 1
120594 91020 1
120594 91021 1
120594 95551 1
120594 97315 1
120594 99349 1
120594 99388 1
120594 99415 1
120594 99720 1
120594 99770 1
120594 100634 1
120594 100644 1
120594 100754 1
120594 120595 1
120594 122248 1
120595 80574 1
120595 83745 1
120595 84860 1
120595 84873 1
120595 88247 1
120595 90816 1
120595 91020 1
120595 91021 1
120595 91067 1
120595 92799 1
120595 93652 1
120595 93654 1
120595 95047 1
120595 95551 1
120595 95552 1
120595 96264 1
120595 96272 1
120595 97062 1
120595 97065 1
120595 97315 1
120595 99349 1
120595 99388 1
120595 99390 1
120595 99403 1
120595 99415 1
120595 99720 1
120595 99770 1
120595 100634 2
120595 100644 1
120595 100754 1
120595 100756 2
120595 101812 1
120595 101813 1
120595 120593 1
120595 120594 1
120595 120674 1
120595 120829 1
120595 120960 1
120595 121301 1
120595 122037 1
120595 122248 1
120595 122447 1
122249 94460 1
122249 99363 1
122249 99383 1
122249 99399 1
122249 100594 1
122249 100595 1
122249 100609 1
122249 100612 1
122249 100614 1
122249 100627 1
122249 101371 1
122249 101372 1
122249 101373 1
122249 101374 1
122249 102160 1
122249 102309 1
122249 102317 1
122249 102319 1
122249 103052 1
122249 103344 1
122249 108719 1
122249 120692 1
122249 120740 1
122249 122248 1
122249 122250 1
122250 83361 1
122250 93676 1
122250 94944 1
122250 99358 1
122250 99359 1
122250 99376 1
122250 99429 1
122250 99449 1
122250 99461 1
122250 99462 1
122250 100591 2
122250 100598 1
122250 100599 1
122250 100609 1
122250 100759 1
122250 100769 1
122250 102309 1
122250 102349 1
122250 102492 1
122250 106972 1
122250 120692 1
122250 122064 1
122250 122248 1
122250 122249 1
63559 78771 1
63559 78775 1
63559 79683 1
63559 80503 1
63559 82167 1
63559 82168 1
63559 82273 1
63559 83354 1
63559 87880 1
63559 91020 1
63559 103013 1
63559 104110 1
63559 104609 1
63559 107413 1
63559 120831 1
63559 121685 1
78771 63559 1
78771 76354 1
78771 76355 1
78771 76356 1
78771 77827 1
78771 78775 3
78771 79683 1
78771 80503 1
78771 82167 1
78771 82168 1
78771 82273 3
78771 83354 1
78771 87880 1
78771 91020 1
78771 103013 1
78771 104110 1
78771 104609 1
78771 107413 1
78771 120831 1
78771 121515 1
78771 121624 1
78771 121685 1
78775 63559 1
78775 76354 1
78775 76355 1
78775 76356 1
78775 77827 1
78775 78771 3
78775 79683 1
78775 80503 1
78775 82167 1
78775 82168 1
78775 82273 2
78775 83354 1
78775 87880 1
78775 91020 1
78775 99358 1
78775 103013 1
78775 104110 1
78775 104609 1
78775 107413 1
78775 120831 1
78775 121515 1
78775 121624 1
78775 121683 1
78775 121685 1
79683 63559 1
79683 78771 1
79683 78775 1
79683 80503 1
79683 82167 1
79683 82168 1
79683 82273 1
79683 83354 1
79683 87880 1
79683 91020 1
79683 103013 1
79683 104110 1
79683 104609 1
79683 107413 1
79683 120831 1
79683 121685 1
80503 63559 1
80503 78771 1
80503 78775 1
80503 79683 1
80503 80500 1
80503 80502 1
80503 82167 1
80503 82168 1
80503 82273 1
80503 83354 1
80503 87880 1
80503 91020 1
80503 103013 1
80503 104110 1
80503 104609 1
80503 107413 1
80503 120831 1
80503 121685 1
82167 63559 1
82167 78771 1
82167 78774 1
82167 78775 1
82167 79683 1
82167 80503 1
82167 82166 1
82167 82168 1
82167 82273 1
82167 83354 1
82167 86791 1
82167 87880 1
82167 91020 1
82167 103013 1
82167 104110 1
82167 104609 1
82167 107413 1
82167 120831 1
82167 121685 1
82168 63559 1
82168 78771 1
82168 78775 1
82168 79683 1
82168 80503 1
82168 82167 1
82168 82273 1
82168 83354 1
82168 87880 1
82168 91020 1
82168 103013 1
82168 104110 1
82168 104609 1
82168 107413 1
82168 120831 1
82168 121685 1
82273 63559 1
82273 78771 3
82273 78775 2
82273 79683 1
82273 80503 1
82273 80617 1
82273 82167 1
82273 82168 1
82273 83354 1
82273 87880 2
82273 91020 1
82273 103013 1
82273 104110 1
82273 104609 1
82273 107413 1
82273 120831 1
82273 121685 1
83354 63559 1
83354 78771 1
83354 78775 1
83354 79683 1
83354 80503 1
83354 82167 1
83354 82168 1
83354 82273 1
83354 87880 1
83354 88431 1
83354 91020 1
83354 93579 1
83354 93657 1
83354 98678 1
83354 98679 1
83354 103013 1
83354 104110 1
83354 104609 1
83354 107413 1
83354 120831 1
83354 121685 1
87880 63559 1
87880 78771 1
87880 78775 1
87880 79683 1
87880 80503 1
87880 80617 1
87880 82167 1
87880 82168 1
87880 82273 2
87880 83354 1
87880 83862 1
87880 83865 1
87880 91020 1
87880 91887 1
87880 103013 1
87880 104110 1
87880 104609 1
87880 107413 1
87880 120831 1
87880 121685 1
103013 63559 1
103013 78771 1
103013 78775 1
103013 78899 1
103013 79683 1
103013 80503 1
103013 81694 1
103013 82167 1
103013 82168 1
103013 82273 1
103013 83354 1
103013 87880 1
103013 91020 1
103013 95978 1
103013 99416 1
103013 100605 1
103013 101372 1
103013 104110 1
103013 104609 1
103013 104718 1
103013 107413 1
103013 112770 1
103013 120831 1
103013 121685 1
103013 123831 1
104110 63559 1
104110 78771 1
104110 78775 1
104110 79683 1
104110 80503 1
104110 82167 1
104110 82168 1
104110 82273 1
104110 83354 1
104110 87880 1
104110 91020 1
104110 103013 1
104110 104609 1
104110 107413 1
104110 120831 1
104110 121685 1
104609 63559 1
104609 78771 1
104609 78775 1
104609 79683 1
104609 80503 1
104609 82167 1
104609 82168 1
104609 82273 1
104609 83354 1
104609 87880 1
104609 91020 1
104609 103013 1
104609 104110 1
104609 107413 1
104609 120831 1
104609 121685 1
107413 63559 1
107413 78771 1
107413 78775 1
107413 79683 1
107413 80503 1
107413 82167 1
107413 82168 1
107413 82273 1
107413 83354 1
107413 87880 1
107413 91020 1
107413 99363 1
107413 100592 1
107413 100596 1
107413 102581 1
107413 103013 1
107413 104110 1
107413 104609 1
107413 120691 1
107413 120693 1
107413 120831 1
107413 121685 2
120831 63559 1
120831 78771 1
120831 78775 1
120831 79683 1
120831 80500 1
120831 80503 1
120831 82167 1
120831 82168 1
120831 82273 1
120831 83354 1
120831 87880 1
120831 91020 1
120831 103013 1
120831 104110 1
120831 104609 1
120831 107413 1
120831 121685 1
121685 63559 1
121685 78771 1
121685 78775 1
121685 79683 1
121685 80503 1
121685 82167 1
121685 82168 1
121685 82273 1
121685 83354 1
121685 83792 1
121685 84873 1
121685 87880 1
121685 91020 1
121685 92430 1
121685 94946 1
121685 95047 1
121685 95604 1
121685 95605 1
121685 99356 1
121685 99363 1
121685 99388 1
121685 100592 1
121685 100596 1
121685 100607 1
121685 100616 1
121685 100645 1
121685 100647 1
121685 100756 1
121685 101454 1
121685 101813 1
121685 102231 1
121685 102296 1
121685 102581 1
121685 103012 1
121685 103013 1
121685 104110 1
121685 104365 1
121685 104369 1
121685 104609 1
121685 104611 1
121685 104718 1
121685 104719 1
121685 107413 2
121685 107415 1
121685 120691 1
121685 120693 1
121685 120831 1
121685 121011 1
121685 121682 1
121685 121683 1
121685 121684 1
91016 89320 1
91016 95551 1
91016 102160 1
91016 121159 1
91016 121301 1
94460 95551 1
94460 99363 1
94460 99364 1
94460 99366 1
94460 99374 1
94460 99390 1
94460 99392 1
94460 99399 1
94460 99414 1
94460 100595 1
94460 100609 1
94460 100612 1
94460 100613 1
94460 100614 1
94460 100622 1
94460 100627 1
94460 100794 1
94460 101371 1
94460 101446 1
94460 101452 1
94460 102160 1
94460 102309 1
94460 102315 1
94460 102317 1
94460 102319 1
94460 102580 1
94460 102581 1
94460 103052 1
94460 103344 2
94460 108719 1
94460 120692 1
94460 120740 1
94460 121683 1
94460 122249 1
99352 95551 1
99352 100646 1
99352 104718 1
99352 107989 1
99352 108708 1
99352 123225 1
99364 94460 1
99364 95551 1
99364 99366 1
99364 99374 1
99364 99390 1
99364 99392 1
99364 99399 1
99364 99414 1
99364 99449 1
99364 100613 1
99364 100622 1
99364 100794 1
99364 101371 1
99364 101446 1
99364 101452 1
99364 101927 1
99364 101934 1
99364 102315 1
99364 102580 1
99364 102581 1
99364 103344 1
99364 121683 1
99366 78897 1
99366 83359 1
99366 83788 1
99366 83803 1
99366 93665 1
99366 94460 1
99366 95551 1
99366 99364 1
99366 99374 1
99366 99378 1
99366 99390 1
99366 99392 1
99366 99399 1
99366 99414 1
99366 99738 1
99366 99739 1
99366 99775 1
99366 100613 1
99366 100622 1
99366 100753 1
99366 100782 1
99366 100794 1
99366 101371 1
99366 101446 1
99366 101452 1
99366 102315 1
99366 102580 1
99366 102581 1
99366 103344 1
99366 103753 1
99366 103754 1
99366 121683 1
99374 90158 1
99374 94460 1
99374 95551 1
99374 99364 1
99374 99366 1
99374 99390 1
99374 99392 1
99374 99399 1
99374 99414 1
99374 100613 1
99374 100622 1
99374 100794 1
99374 101371 1
99374 101446 1
99374 101452 1
99374 102315 1
99374 102580 1
99374 102581 1
99374 103344 1
99374 121683 1
99374 121978 1
99390 91067 1
99390 94460 1
99390 95551 1
99390 99364 1
99390 99366 1
99390 99374 1
99390 99392 1
99390 99399 1
99390 99414 1
99390 100613 1
99390 100622 1
99390 100634 1
99390 100756 1
99390 100794 1
99390 101371 1
99390 101446 1
99390 101452 1
99390 101812 1
99390 101813 1
99390 102309 1
99390 102315 1
99390 102580 1
99390 102581 1
99390 103344 1
99390 120595 1
99390 121683 1
99392 94460 1
99392 95551 1
99392 99364 1
99392 99366 1
99392 99374 1
99392 99390 1
99392 99399 1
99392 99414 1
99392 100613 1
99392 100622 1
99392 100794 1
99392 101371 1
99392 101446 1
99392 101452 1
99392 102315 1
99392 102580 1
99392 102581 1
99392 103344 1
99392 121683 1
99399 94460 1
99399 95551 1
99399 99356 1
99399 99364 1
99399 99366 1
99399 99374 1
99399 99382 1
99399 99383 1
99399 99388 1
99399 99390 1
99399 99392 1
99399 99414 1
99399 100592 1
99399 100594 1
99399 100596 1
99399 100613 1
99399 100622 1
99399 100790 1
99399 100794 1
99399 101371 2
99399 101372 1
99399 101373 1
99399 101374 1
99399 101446 1
99399 101452 1
99399 102315 1
99399 102317 1
99399 102580 1
99399 102581 1
99399 103344 1
99399 120691 1
99399 120692 1
99399 120693 1
99399 120694 1
99399 120695 1
99399 121683 1
99399 121991 1
99399 122249 1
99414 94460 1
99414 95551 1
99414 99364 1
99414 99366 1
99414 99374 1
99414 99390 1
99414 99392 1
99414 99399 1
99414 100613 1
99414 100622 1
99414 100794 2
99414 101371 1
99414 101446 1
99414 101452 1
99414 102315 1
99414 102580 1
99414 102581 1
99414 103344 1
99414 120740 1
99414 121683 1
100596 95551 1
100596 99356 1
100596 99363 1
100596 99382 1
100596 99388 1
100596 99399 1
100596 100592 2
100596 100640 1
100596 100647 1
100596 100737 1
100596 100763 1
100596 100790 1
100596 101374 1
100596 102317 1
100596 102581 1
100596 103472 1
100596 107413 1
100596 120691 2
100596 120692 1
100596 120693 2
100596 120694 1
100596 120695 1
100596 121685 1
100596 121991 1
100613 94460 1
100613 95551 1
100613 99364 1
100613 99366 1
100613 99374 1
100613 99390 1
100613 99392 1
100613 99399 1
100613 99414 1
100613 100622 1
100613 100794 1
100613 101371 1
100613 101446 1
100613 101452 1
100613 102315 1
100613 102580 1
100613 102581 1
100613 103344 1
100613 121683 1
100622 93676 1
100622 94460 1
100622 95291 1
100622 95551 1
100622 96952 1
100622 97062 1
100622 99358 1
100622 99364 1
100622 99366 1
100622 99374 1
100622 99390 1
100622 99392 1
100622 99399 1
100622 99414 1
100622 100586 1
100622 100613 1
100622 100794 1
100622 101371 1
100622 101446 1
100622 101452 1
100622 102315 1
100622 102580 1
100622 102581 1
100622 102784 1
100622 103344 1
100622 104682 1
100622 120694 1
100622 121683 1
100622 122064 1
100622 122199 1
100640 83359 1
100640 95551 1
100640 99775 1
100640 100585 1
100640 100596 1
100640 100647 1
100640 100737 1
100640 100759 1
100640 100763 1
100640 101374 1
100640 103472 1
100646 93707 1
100646 95551 1
100646 99352 1
100646 102971 1
100646 102975 1
100646 104591 1
100646 104593 1
100646 104641 1
100646 104718 1
100646 107989 1
100646 108708 1
100646 123225 1
100647 83361 1
100647 94865 1
100647 95551 1
100647 95604 1
100647 95605 1
100647 95608 1
100647 99356 2
100647 99388 1
100647 99449 1
100647 99731 1
100647 99751 1
100647 100592 1
100647 100596 1
100647 100607 1
100647 100616 1
100647 100636 1
100647 100640 1
100647 100645 1
100647 100737 1
100647 100756 1
100647 100759 1
100647 100763 1
100647 100790 1
100647 101372 1
100647 101374 1
100647 101813 1
100647 102231 1
100647 102296 1
100647 102298 1
100647 102299 1
100647 102675 1
100647 103012 1
100647 103472 2
100647 103536 1
100647 104611 1
100647 121011 2
100647 121685 1
100647 122064 1
100737 93664 1
100737 95551 1
100737 99416 1
100737 100596 1
100737 100618 1
100737 100640 1
100737 100647 1
100737 100763 1
100737 101374 1
100737 103472 1
100737 103603 1
100737 120692 1
100763 95551 1
100763 99382 1
100763 99416 1
100763 100592 1
100763 100596 1
100763 100603 1
100763 100618 1
100763 100640 1
100763 100647 1
100763 100737 1
100763 100790 1
100763 101374 1
100763 103472 1
100763 103739 1
100763 103741 1
100763 104611 1
100794 94460 1
100794 95551 1
100794 99364 1
100794 99366 1
100794 99374 1
100794 99390 1
100794 99392 1
100794 99399 1
100794 99414 2
100794 100613 1
100794 100622 1
100794 101371 1
100794 101446 1
100794 101452 1
100794 102315 1
100794 102351 1
100794 102580 1
100794 102581 1
100794 103344 1
100794 120740 1
100794 121683 1
101371 94460 1
101371 95551 1
101371 99364 1
101371 99366 1
101371 99374 1
101371 99376 1
101371 99383 1
101371 99390 1
101371 99392 1
101371 99399 2
101371 99414 1
101371 100588 1
101371 100594 2
101371 100613 1
101371 100616 1
101371 100622 1
101371 100794 1
101371 101372 1
101371 101373 1
101371 101374 1
101371 101446 2
101371 101452 2
101371 102315 1
101371 102349 1
101371 102580 1
101371 102581 1
101371 103344 1
101371 121683 1
101371 122249 1
101374 95551 1
101374 99383 1
101374 99399 1
101374 99403 1
101374 99415 1
101374 100588 1
101374 100594 1
101374 100596 1
101374 100605 1
101374 100640 1
101374 100647 1
101374 100737 1
101374 100763 1
101374 101371 1
101374 101372 1
101374 101373 1
101374 102317 1
101374 103472 1
101374 121011 1
101374 122249 1
101446 94460 1
101446 95551 1
101446 99364 1
101446 99366 1
101446 99374 1
101446 99390 1
101446 99392 1
101446 99399 1
101446 99414 1
101446 100588 1
101446 100613 1
101446 100616 1
101446 100622 1
101446 100794 1
101446 101371 2
101446 101452 2
101446 102315 1
101446 102349 1
101446 102580 1
101446 102581 1
101446 103344 1
101446 121683 1
101452 94460 1
101452 95551 1
101452 99364 1
101452 99366 1
101452 99374 1
101452 99390 1
101452 99392 1
101452 99399 1
101452 99414 1
101452 100588 1
101452 100613 1
101452 100616 1
101452 100622 1
101452 100794 1
101452 101371 2
101452 101446 2
101452 102315 1
101452 102349 1
101452 102580 1
101452 102581 1
101452 103344 1
101452 121683 1
102315 94460 1
102315 95551 1
102315 99364 1
102315 99366 1
102315 99374 1
102315 99390 1
102315 99392 1
102315 99399 1
102315 99414 1
102315 99739 1
102315 100613 1
102315 100622 1
102315 100754 1
102315 100794 1
102315 101371 1
102315 101446 1
102315 101452 1
102315 102298 1
102315 102309 1
102315 102310 1
102315 102349 1
102315 102580 1
102315 102581 1
102315 102783 1
102315 102784 1
102315 103344 1
102315 121565 1
102315 121683 2
102315 122064 1
102580 94460 1
102580 95551 1
102580 99364 1
102580 99366 1
102580 99374 1
102580 99390 1
102580 99392 1
102580 99399 1
102580 99414 1
102580 100613 1
102580 100622 1
102580 100794 1
102580 101371 1
102580 101446 1
102580 101452 1
102580 102315 1
102580 102581 1
102580 103344 1
102580 121683 1
102581 94460 1
102581 94461 1
102581 95551 1
102581 99363 1
102581 99364 1
102581 99366 1
102581 99374 1
102581 99390 1
102581 99392 1
102581 99399 1
102581 99414 1
102581 99449 1
102581 100590 1
102581 100592 1
102581 100596 1
102581 100598 1
102581 100600 1
102581 100612 1
102581 100613 1
102581 100622 1
102581 100632 1
102581 100794 1
102581 101371 1
102581 101446 1
102581 101452 1
102581 102309 1
102581 102315 1
102581 102580 1
102581 103344 1
102581 107413 1
102581 120691 1
102581 120693 1
102581 121683 1
102581 121684 1
102581 121685 1
102581 122224 1
103344 94460 2
103344 95551 1
103344 99363 1
103344 99364 1
103344 99366 1
103344 99374 1
103344 99390 1
103344 99392 1
103344 99399 1
103344 99414 1
103344 100595 1
103344 100609 1
103344 100612 1
103344 100613 1
103344 100614 1
103344 100622 1
103344 100627 1
103344 100794 1
103344 101371 1
103344 101446 1
103344 101452 1
103344 102160 1
103344 102309 1
103344 102315 1
103344 102317 1
103344 102319 1
103344 102580 1
103344 102581 1
103344 103052 1
103344 108719 1
103344 120692 1
103344 120740 1
103344 121683 1
103344 122249 1
103472 83788 1
103472 94865 1
103472 95551 1
103472 95608 1
103472 99356 1
103472 99378 1
103472 99751 1
103472 99770 1
103472 100592 1
103472 100596 1
103472 100624 1
103472 100640 1
103472 100647 2
103472 100737 1
103472 100763 1
103472 100790 1
103472 101372 1
103472 101374 1
103472 102675 1
103472 103536 1
103472 103754 1
103472 120829 1
103472 122544 1
104718 78899 1
104718 81694 1
104718 95551 1
104718 95978 1
104718 99352 1
104718 99416 1
104718 99745 1
104718 100605 1
104718 100646 1
104718 101372 1
104718 103013 1
104718 104719 1
104718 107989 2
104718 108708 1
104718 112770 1
104718 121682 1
104718 121683 1
104718 121684 1
104718 121685 1
104718 123225 1
104718 123831 1
107989 93679 1
107989 95551 1
107989 99352 1
107989 99745 1
107989 100646 1
107989 104718 2
107989 108708 1
107989 123225 1
108708 95551 1
108708 99352 1
108708 100646 1
108708 104718 1
108708 107989 1
108708 123225 1
121683 78775 1
121683 94460 1
121683 95551 1
121683 99358 1
121683 99364 1
121683 99366 1
121683 99374 1
121683 99390 1
121683 99392 1
121683 99399 1
121683 99414 1
121683 99739 1
121683 100613 1
121683 100622 1
121683 100754 1
121683 100794 1
121683 101371 1
121683 101446 1
121683 101452 1
121683 102298 1
121683 102309 1
121683 102310 1
121683 102315 2
121683 102349 1
121683 102580 1
121683 102581 1
121683 102783 1
121683 102784 1
121683 103344 1
121683 104718 1
121683 104719 1
121683 121565 1
121683 121682 1
121683 121684 1
121683 121685 1
121683 122064 1
123225 95551 1
123225 99352 1
123225 100646 1
123225 104718 1
123225 107989 1
123225 108708 1
78898 83781 1
78898 83805 1
78898 97315 1
78898 99910 2
78898 100645 1
78898 120593 1
78898 122199 1
83805 78898 1
83805 97315 1
83805 99910 1
83805 120593 1
83805 122199 1
99910 78898 2
99910 83781 1
99910 83805 1
99910 97315 1
99910 99456 1
99910 100634 1
99910 100645 3
99910 109186 1
99910 110693 1
99910 120593 1
99910 121565 1
99910 122199 2
99910 122200 1
120593 78898 1
120593 80574 1
120593 83805 1
120593 93652 1
120593 95552 1
120593 96264 1
120593 96272 1
120593 97062 1
120593 97065 1
120593 97315 1
120593 99403 1
120593 99910 1
120593 100756 1
120593 120595 1
120593 120674 1
120593 120829 1
120593 122037 1
120593 122199 1
122199 78898 1
122199 83805 1
122199 93676 1
122199 95291 1
122199 96952 1
122199 97062 1
122199 97315 1
122199 99358 1
122199 99910 2
122199 100586 1
122199 100622 1
122199 100645 1
122199 102784 1
122199 104682 1
122199 120593 1
122199 120694 1
122199 122064 1
122199 122200 1
86953 95076 1
86953 99388 1
86953 100050 1
86953 100051 1
86953 100052 1
86953 100053 1
86953 100054 1
86953 100595 1
86953 102146 1
95076 86953 1
95076 95074 1
95076 95078 1
95076 99388 1
95076 100050 1
95076 100051 1
95076 100052 1
95076 100053 1
95076 100054 1
95076 100595 1
95076 102146 1
95076 120829 1
95604 95605 1
95604 99356 1
95604 99388 1
95604 100607 1
95604 100616 1
95604 100645 1
95604 100647 1
95604 100756 1
95604 101813 1
95604 102231 1
95604 102296 1
95604 103012 1
95604 104611 1
95604 121011 1
95604 121685 1
95605 95604 1
95605 99356 1
95605 99388 1
95605 100607 1
95605 100616 1
95605 100645 1
95605 100647 1
95605 100756 1
95605 101813 1
95605 102231 1
95605 102296 1
95605 103012 1
95605 104611 1
95605 121011 1
95605 121685 1
99356 94865 1
99356 95604 1
99356 95605 1
99356 95608 1
99356 99382 1
99356 99388 2
99356 99399 1
99356 99751 1
99356 100592 2
99356 100596 1
99356 100607 1
99356 100616 1
99356 100645 1
99356 100647 2
99356 100756 1
99356 100790 2
99356 101813 1
99356 102231 1
99356 102296 1
99356 102317 1
99356 102675 1
99356 103012 1
99356 103472 1
99356 103536 1
99356 104611 1
99356 120691 1
99356 120692 1
99356 120693 1
99356 120694 1
99356 120695 1
99356 121011 1
99356 121685 1
99356 121991 1
99382 99356 1
99382 99388 1
99382 99399 1
99382 99416 1
99382 100592 2
99382 100596 1
99382 100603 1
99382 100618 1
99382 100763 1
99382 100790 2
99382 102317 1
99382 103739 1
99382 103741 1
99382 104611 1
99382 120691 1
99382 120692 1
99382 120693 1
99382 120694 1
99382 120695 1
99382 121991 1
100050 86953 1
100050 95076 1
100050 99388 1
100050 100051 1
100050 100052 1
100050 100053 1
100050 100054 1
100050 100595 1
100050 102146 1
100051 86953 1
100051 95076 1
100051 99388 1
100051 100050 1
100051 100052 1
100051 100053 1
100051 100054 1
100051 100595 2
100051 102146 1
100051 103754 1
100051 103762 1
100052 86953 1
100052 95076 1
100052 99388 1
100052 100050 1
100052 100051 1
100052 100053 1
100052 100054 1
100052 100595 1
100052 102146 1
100053 86953 1
100053 95076 1
100053 99388 1
100053 100050 1
100053 100051 1
100053 100052 1
100053 100054 1
100053 100595 1
100053 102146 1
100054 86953 1
100054 95076 1
100054 95613 1
100054 99388 1
100054 100050 1
100054 100051 1
100054 100052 1
100054 100053 1
100054 100595 1
100054 101275 1
100054 102146 1
100054 105193 1
100054 111819 1
100054 120849 1
100054 121682 1
100592 94865 1
100592 95608 1
100592 99356 2
100592 99363 1
100592 99382 2
100592 99388 1
100592 99399 1
100592 99416 1
100592 99751 1
100592 100596 2
100592 100603 1
100592 100618 1
100592 100647 1
100592 100763 1
100592 100790 3
100592 102317 1
100592 102581 1
100592 102675 1
100592 103472 1
100592 103536 1
100592 103739 1
100592 103741 1
100592 104611 1
100592 107413 1
100592 120691 2
100592 120692 1
100592 120693 2
100592 120694 1
100592 120695 1
100592 121685 1
100592 121991 1
100595 86953 1
100595 94460 1
100595 95076 1
100595 99363 1
100595 99388 1
100595 99446 1
100595 100050 1
100595 100051 2
100595 100052 1
100595 100053 1
100595 100054 1
100595 100609 1
100595 100612 1
100595 100614 1
100595 100627 1
100595 102146 1
100595 102160 1
100595 102309 1
100595 102317 1
100595 102319 1
100595 103052 1
100595 103344 1
100595 108719 1
100595 120692 1
100595 120740 1
100595 122003 1
100595 122004 1
100595 122249 1
100607 95604 1
100607 95605 1
100607 99356 1
100607 99388 1
100607 100616 1
100607 100645 1
100607 100647 1
100607 100756 1
100607 101813 1
100607 102231 1
100607 102296 1
100607 103012 1
100607 104611 1
100607 121011 1
100607 121685 1
100616 95604 1
100616 95605 1
100616 99356 1
100616 99388 1
100616 100588 1
100616 100607 1
100616 100645 1
100616 100647 1
100616 100756 1
100616 101371 1
100616 101446 1
100616 101452 1
100616 101813 1
100616 102231 1
100616 102296 1
100616 102349 1
100616 103012 1
100616 104611 1
100616 121011 1
100616 121685 1
100645 78898 1
100645 83781 1
100645 95604 1
100645 95605 1
100645 99355 1
100645 99356 1
100645 99388 1
100645 99456 1
100645 99718 1
100645 99904 1
100645 99910 3
100645 100607 1
100645 100616 1
100645 100634 1
100645 100647 1
100645 100756 1
100645 101813 1
100645 101930 1
100645 102231 1
100645 102296 1
100645 103012 1
100645 104611 1
100645 108658 1
100645 109186 1
100645 110693 1
100645 121011 1
100645 121565 1
100645 121685 1
100645 121919 1
100645 122199 1
100645 122200 1
100756 80574 1
100756 91067 1
100756 93652 1
100756 95552 1
100756 95604 1
100756 95605 1
100756 96264 1
100756 96272 1
100756 97062 1
100756 97065 1
100756 99356 1
100756 99388 1
100756 99390 1
100756 99403 1
100756 100607 1
100756 100616 1
100756 100634 1
100756 100645 1
100756 100647 1
100756 101812 1
100756 101813 2
100756 102231 1
100756 102296 1
100756 103012 1
100756 104611 1
100756 120593 1
100756 120595 2
100756 120674 1
100756 120829 1
100756 121011 1
100756 121685 1
100756 122037 1
100790 94865 1
100790 95608 1
100790 99356 2
100790 99382 2
100790 99388 1
100790 99399 1
100790 99416 1
100790 99751 1
100790 100592 3
100790 100596 1
100790 100603 1
100790 100618 1
100790 100647 1
100790 100763 1
100790 102317 1
100790 102675 1
100790 103472 1
100790 103536 1
100790 103739 1
100790 103741 1
100790 104611 1
100790 120691 1
100790 120692 1
100790 120693 1
100790 120694 1
100790 120695 1
100790 121991 1
101813 91067 1
101813 95604 1
101813 95605 1
101813 99356 1
101813 99388 1
101813 99390 1
101813 100607 1
101813 100616 1
101813 100634 1
101813 100645 1
101813 100647 1
101813 100756 2
101813 101812 1
101813 102231 1
101813 102296 1
101813 103012 1
101813 104611 1
101813 120595 1
101813 121011 1
101813 121685 1
102146 86953 1
102146 95076 1
102146 99388 1
102146 100050 1
102146 100051 1
102146 100052 1
102146 100053 1
102146 100054 1
102146 100595 1
102231 95604 1
102231 95605 1
102231 99356 1
102231 99388 1
102231 100607 1
102231 100616 1
102231 100645 1
102231 100647 1
102231 100756 1
102231 101813 1
102231 102296 1
102231 103012 1
102231 104611 1
102231 121011 1
102231 121685 1
102296 95604 1
102296 95605 1
102296 99356 1
102296 99388 1
102296 100607 1
102296 100616 1
102296 100618 1
102296 100645 1
102296 100647 1
102296 100756 1
102296 101813 1
102296 102231 1
102296 103012 1
102296 104611 1
102296 121011 1
102296 121685 1
102317 94460 1
102317 99356 1
102317 99363 1
102317 99382 1
102317 99388 1
102317 99399 1
102317 99403 1
102317 99415 1
102317 100588 1
102317 100592 1
102317 100595 1
102317 100596 1
102317 100609 1
102317 100612 1
102317 100614 1
102317 100627 1
102317 100790 1
102317 101374 1
102317 102160 1
102317 102309 1
102317 102319 1
102317 103052 1
102317 103344 1
102317 108719 1
102317 120691 1
102317 120692 2
102317 120693 1
102317 120694 1
102317 120695 1
102317 120740 1
102317 121991 1
102317 122249 1
103012 95604 1
103012 95605 1
103012 99356 1
103012 99388 1
103012 100607 1
103012 100616 1
103012 100645 1
103012 100647 1
103012 100756 1
103012 101813 1
103012 102231 1
103012 102296 1
103012 104611 1
103012 121011 1
103012 121685 1
104611 91804 1
104611 93700 1
104611 94462 1
104611 95297 1
104611 95604 1
104611 95605 1
104611 95615 1
104611 99356 1
104611 99382 1
104611 99388 1
104611 99416 1
104611 99904 1
104611 100592 1
104611 100603 1
104611 100607 1
104611 100616 1
104611 100618 1
104611 100645 1
104611 100647 1
104611 100756 1
104611 100763 1
104611 100790 1
104611 101813 1
104611 102155 1
104611 102165 1
104611 102231 1
104611 102296 1
104611 103012 1
104611 103739 1
104611 103741 1
104611 121011 1
104611 121685 1
104611 122005 1
104611 122006 1
120691 99356 1
120691 99363 1
120691 99382 1
120691 99388 1
120691 99399 1
120691 100592 2
120691 100596 2
120691 100790 1
120691 102317 1
120691 102581 1
120691 107413 1
120691 120692 1
120691 120693 2
120691 120694 1
120691 120695 1
120691 121685 1
120691 121991 1
120692 93664 1
120692 94460 1
120692 99356 1
120692 99363 1
120692 99376 1
120692 99382 1
120692 99388 1
120692 99399 1
120692 99416 1
120692 99429 1
120692 99449 1
120692 100591 1
120692 100592 1
120692 100595 1
120692 100596 1
120692 100599 1
120692 100609 1
120692 100612 1
120692 100614 1
120692 100618 1
120692 100627 1
120692 100737 1
120692 100759 1
120692 100790 1
120692 102160 1
120692 102309 1
120692 102317 2
120692 102319 1
120692 102349 1
120692 102492 1
120692 103052 1
120692 103344 1
120692 103603 1
120692 106972 1
120692 108719 1
120692 120691 1
120692 120693 1
120692 120694 1
120692 120695 1
120692 120740 1
120692 121991 1
120692 122249 1
120692 122250 1
120693 99356 1
120693 99363 1
120693 99382 1
120693 99388 1
120693 99399 1
120693 100592 2
120693 100596 2
120693 100790 1
120693 102317 1
120693 102581 1
120693 107413 1
120693 120691 2
120693 120692 1
120693 120694 1
120693 120695 1
120693 121685 1
120693 121991 1
120694 93676 1
120694 95291 1
120694 96952 1
120694 97062 1
120694 99356 1
120694 99358 1
120694 99382 1
120694 99388 1
120694 99399 1
120694 100586 1
120694 100592 1
120694 100596 1
120694 100622 1
120694 100790 1
120694 102317 1
120694 102784 1
120694 104682 1
120694 120691 1
120694 120692 1
120694 120693 1
120694 120695 1
120694 121991 1
120694 122064 1
120694 122199 1
120695 99356 1
120695 99382 1
120695 99388 1
120695 99399 1
120695 100592 1
120695 100596 1
120695 100790 1
120695 102317 1
120695 120691 1
120695 120692 1
120695 120693 1
120695 120694 1
120695 121991 1
121011 83361 1
121011 95604 1
121011 95605 1
121011 99356 1
121011 99388 1
121011 99449 1
121011 99731 1
121011 100607 1
121011 100616 1
121011 100636 1
121011 100645 1
121011 100647 2
121011 100756 1
121011 100759 1
121011 101372 1
121011 101374 1
121011 101813 1
121011 102231 1
121011 102296 1
121011 102298 1
121011 102299 1
121011 103012 1
121011 104611 1
121011 116409 1
121011 121685 1
121011 122064 1
121991 99356 1
121991 99382 1
121991 99388 1
121991 99399 1
121991 100592 1
121991 100596 1
121991 100790 1
121991 102317 1
121991 120691 1
121991 120692 1
121991 120693 1
121991 120694 1
121991 120695 1
95078 86784 1
95078 95074 1
95078 95076 1
95078 99403 1
95078 99415 1
95078 100585 1
95078 100649 1
95078 103358 1
95078 103603 1
95078 103604 1
95078 111670 1
95078 119615 1
95078 119625 1
99403 80574 1
99403 91067 1
99403 93652 1
99403 95078 1
99403 95552 1
99403 96264 1
99403 96272 1
99403 97062 1
99403 97065 1
99403 99415 2
99403 100588 1
99403 100756 1
99403 101374 1
99403 101810 1
99403 102317 1
99403 120593 1
99403 120595 1
99403 120674 1
99403 120829 1
99403 122037 1
100588 99403 1
100588 99415 1
100588 100616 1
100588 101371 1
100588 101374 1
100588 101446 1
100588 101452 1
100588 102317 1
100588 102349 1
83788 78897 1
83788 83359 1
83788 83803 1
83788 93665 1
83788 99366 1
83788 99378 2
83788 99738 1
83788 99739 1
83788 99770 1
83788 99775 1
83788 100624 1
83788 100753 1
83788 100782 1
83788 101372 1
83788 103472 1
83788 103753 1
83788 103754 2
83788 122544 1
99378 78897 1
99378 83359 1
99378 83788 2
99378 83803 1
99378 93665 1
99378 99366 1
99378 99738 1
99378 99739 1
99378 99770 1
99378 99775 1
99378 100624 1
99378 100753 1
99378 100782 1
99378 101372 1
99378 103472 1
99378 103753 1
99378 103754 2
99378 122544 1
100624 83788 1
100624 99378 1
100624 99770 1
100624 100598 1
100624 100600 1
100624 100627 1
100624 101372 1
100624 103472 1
100624 103754 1
100624 122544 1
101372 78899 1
101372 81694 1
101372 83361 1
101372 83788 1
101372 95978 1
101372 99378 1
101372 99383 1
101372 99399 1
101372 99416 1
101372 99449 1
101372 99731 1
101372 99770 1
101372 100594 1
101372 100605 1
101372 100624 1
101372 100636 1
101372 100647 1
101372 100759 1
101372 101371 1
101372 101373 1
101372 101374 1
101372 102298 1
101372 102299 1
101372 103013 1
101372 103472 1
101372 103754 1
101372 104718 1
101372 112770 1
101372 121011 1
101372 122064 1
101372 122249 1
101372 122544 1
101372 123831 1
103754 78897 1
103754 83359 1
103754 83788 2
103754 83803 1
103754 93665 1
103754 99366 1
103754 99378 2
103754 99738 1
103754 99739 1
103754 99770 1
103754 99775 1
103754 100051 1
103754 100624 1
103754 100753 1
103754 100782 1
103754 101372 1
103754 103472 1
103754 103753 1
103754 103762 1
103754 122544 1
104647 99770 1
104647 103091 1
104647 107799 1
122544 83788 1
122544 99378 1
122544 99770 1
122544 100624 1
122544 101372 1
122544 103472 1
122544 103754 1
83361 93676 1
83361 94944 1
83361 99358 1
83361 99359 1
83361 99449 1
83361 99461 1
83361 99462 1
83361 99731 1
83361 100586 1
83361 100591 1
83361 100598 1
83361 100609 1
83361 100634 1
83361 100636 1
83361 100647 1
83361 100759 1
83361 100762 1
83361 100769 1
83361 101372 1
83361 102213 1
83361 102298 1
83361 102299 1
83361 102309 1
83361 102310 1
83361 103540 1
83361 121011 1
83361 122064 1
83361 122250 1
91067 93676 1
91067 99390 1
91067 99403 1
91067 100600 1
91067 100634 1
91067 100756 1
91067 101810 1
91067 101812 1
91067 101813 1
91067 120595 1
98679 83354 1
98679 88431 1
98679 93579 1
98679 93657 1
98679 98678 1
98679 100600 1
98679 100633 1
98679 100634 1
99456 99910 1
99456 100634 1
99456 100645 1
99456 109186 1
99456 110693 1
99456 121565 1
100586 83361 1
100586 93676 1
100586 95291 1
100586 96952 1
100586 97062 1
100586 99358 1
100586 100622 1
100586 100634 1
100586 100762 1
100586 102213 1
100586 102310 1
100586 102784 1
100586 103540 1
100586 104682 1
100586 120694 1
100586 122064 1
100586 122199 1
100600 91067 1
100600 93676 1
100600 98679 1
100600 99449 1
100600 100590 1
100600 100598 3
100600 100612 1
100600 100624 1
100600 100627 1
100600 100632 1
100600 100633 1
100600 100634 1
100600 102309 1
100600 102581 1
100600 121684 1
100600 122224 1
100633 98679 1
100633 100600 1
100633 100634 1
100762 83361 1
100762 99904 1
100762 100586 1
100762 100634 1
100762 102213 1
100762 102310 1
100762 103540 1
101812 91067 1
101812 99390 1
101812 100634 1
101812 100756 1
101812 101813 1
101812 120595 1
102213 83361 1
102213 100586 1
102213 100634 1
102213 100762 1
102213 102310 1
102213 103540 1
102310 83361 1
102310 99739 1
102310 100586 1
102310 100634 1
102310 100754 1
102310 100762 1
102310 102213 1
102310 102298 1
102310 102309 1
102310 102315 1
102310 102349 1
102310 102783 1
102310 102784 1
102310 103540 1
102310 121565 1
102310 121683 1
102310 122064 1
103540 83361 1
103540 100586 1
103540 100634 1
103540 100762 1
103540 102213 1
103540 102310 1
109186 99456 1
109186 99910 1
109186 100634 1
109186 100645 1
109186 110693 1
109186 121565 1
110693 99456 1
110693 99910 1
110693 100634 1
110693 100645 1
110693 109186 1
110693 121565 1
121565 88918 1
121565 99456 1
121565 99739 1
121565 99910 1
121565 100608 1
121565 100634 1
121565 100645 1
121565 100754 1
121565 102298 1
121565 102309 1
121565 102310 1
121565 102315 1
121565 102349 1
121565 102680 1
121565 102783 1
121565 102784 1
121565 106872 1
121565 109186 1
121565 110693 1
121565 121683 1
121565 122064 1
93672 93677 1
93672 100644 1
93672 105712 1
93672 106972 1
93672 106973 1
93672 106974 1
93672 106975 1
93672 107442 1
93672 107799 1
93672 112230 1
93677 93672 1
93677 100644 1
93677 105712 1
93677 106972 1
93677 106973 1
93677 106974 1
93677 106975 1
93677 107442 1
93677 107799 1
93677 112230 1
105712 93672 1
105712 93677 1
105712 100644 1
105712 106972 1
105712 106973 1
105712 106974 1
105712 106975 1
105712 107442 1
105712 107799 1
105712 112230 1
106972 93672 1
106972 93677 1
106972 99376 1
106972 99429 1
106972 99449 1
106972 100591 1
106972 100599 1
106972 100644 1
106972 100759 1
106972 102349 1
106972 102492 1
106972 105712 1
106972 106973 1
106972 106974 1
106972 106975 1
106972 107442 1
106972 107799 1
106972 112230 1
106972 120692 1
106972 122250 1
106973 93672 1
106973 93677 1
106973 100644 1
106973 105712 1
106973 106972 1
106973 106974 1
106973 106975 1
106973 107442 1
106973 107799 1
106973 112230 1
106974 93672 1
106974 93677 1
106974 100644 1
106974 105712 1
106974 106972 1
106974 106973 1
106974 106975 1
106974 107442 1
106974 107799 1
106974 112230 1
106975 91023 1
106975 93672 1
106975 93677 1
106975 99395 1
106975 99401 1
106975 99438 1
106975 99763 1
106975 99769 1
106975 99773 1
106975 100644 1
106975 104363 1
106975 104364 1
106975 105712 1
106975 106972 1
106975 106973 1
106975 106974 1
106975 107442 1
106975 107799 1
106975 112230 1
106975 121956 1
107442 93672 1
107442 93677 1
107442 100644 1
107442 105712 1
107442 106972 1
107442 106973 1
107442 106974 1
107442 106975 1
107442 107799 1
107442 112230 1
107799 93672 1
107799 93677 1
107799 100644 1
107799 104647 1
107799 105712 1
107799 106972 1
107799 106973 1
107799 106974 1
107799 106975 1
107799 107442 1
107799 112230 1
112230 93672 1
112230 93677 1
112230 100644 1
112230 105712 1
112230 106972 1
112230 106973 1
112230 106974 1
112230 106975 1
112230 107442 1
112230 107799 1
112230 112232 1
112230 112236 1
112230 112237 1
112230 119634 1
112230 121956 1
99739 78897 1
99739 83359 1
99739 83788 1
99739 83803 1
99739 93665 1
99739 99366 1
99739 99378 1
99739 99738 1
99739 99775 1
99739 100753 1
99739 100754 1
99739 100782 1
99739 102298 1
99739 102309 1
99739 102310 1
99739 102315 1
99739 102349 1
99739 102783 1
99739 102784 1
99739 103753 1
99739 103754 1
99739 121565 1
99739 121683 1
99739 122064 1
102298 83361 1
102298 99449 1
102298 99731 1
102298 99739 1
102298 100636 1
102298 100647 1
102298 100754 1
102298 100759 1
102298 101372 1
102298 102299 1
102298 102309 1
102298 102310 1
102298 102315 1
102298 102349 1
102298 102783 1
102298 102784 1
102298 121011 1
102298 121565 1
102298 121683 1
102298 122064 2
102309 83361 1
102309 91587 1
102309 93676 1
102309 94460 1
102309 94944 1
102309 99358 1
102309 99359 1
102309 99363 1
102309 99390 1
102309 99449 1
102309 99461 1
102309 99462 1
102309 99739 1
102309 100590 1
102309 100591 1
102309 100595 1
102309 100598 2
102309 100600 1
102309 100609 2
102309 100612 2
102309 100614 1
102309 100627 1
102309 100632 1
102309 100754 1
102309 100769 1
102309 102160 1
102309 102298 1
102309 102310 1
102309 102315 1
102309 102317 1
102309 102319 1
102309 102349 1
102309 102581 1
102309 102783 1
102309 102784 1
102309 103052 1
102309 103344 1
102309 108719 1
102309 120692 1
102309 120740 1
102309 120839 1
102309 121565 1
102309 121683 1
102309 121684 1
102309 122064 1
102309 122224 1
102309 122249 1
102309 122250 1
102349 99376 1
102349 99429 1
102349 99449 1
102349 99739 1
102349 100588 1
102349 100591 1
102349 100599 1
102349 100616 1
102349 100754 1
102349 100759 1
102349 101371 1
102349 101446 1
102349 101452 1
102349 102298 1
102349 102309 1
102349 102310 1
102349 102315 1
102349 102492 1
102349 102783 1
102349 102784 1
102349 106972 1
102349 120692 1
102349 121565 1
102349 121683 1
102349 122064 1
102349 122250 1
102783 99739 1
102783 100754 1
102783 102298 1
102783 102309 1
102783 102310 1
102783 102315 1
102783 102349 1
102783 102784 1
102783 121565 1
102783 121683 1
102783 122064 1
102784 93676 1
102784 95291 1
102784 96952 1
102784 97062 1
102784 99358 1
102784 99739 1
102784 100586 1
102784 100622 1
102784 100754 1
102784 102298 1
102784 102309 1
102784 102310 1
102784 102315 1
102784 102349 1
102784 102783 1
102784 104682 1
102784 120694 1
102784 121565 1
102784 121683 1
102784 122064 2
102784 122199 1
122064 83361 1
122064 93676 1
122064 95291 1
122064 96952 1
122064 97062 1
122064 99358 1
122064 99449 1
122064 99731 1
122064 99739 1
122064 100586 1
122064 100622 1
122064 100636 1
122064 100647 1
122064 100754 1
122064 100759 1
122064 101372 1
122064 102298 2
122064 102299 1
122064 102309 1
122064 102310 1
122064 102315 1
122064 102349 1
122064 102783 1
122064 102784 2
122064 104682 1
122064 120694 1
122064 121011 1
122064 121565 1
122064 121683 1
122064 122199 1
122064 122250 1
80574 93652 1
80574 95552 1
80574 96264 1
80574 96272 1
80574 97062 1
80574 97065 1
80574 99403 1
80574 100756 1
80574 120593 1
80574 120595 1
80574 120674 1
80574 120829 1
80574 122037 1
83745 84860 1
83745 84873 1
83745 88247 1
83745 92799 1
83745 93654 1
83745 95047 1
83745 120595 1
83745 120960 1
83745 121301 1
84860 83745 1
84860 84873 1
84860 88247 1
84860 92799 1
84860 93654 1
84860 95047 1
84860 120595 1
84860 120960 1
84860 121301 1
84873 83745 1
84873 84860 1
84873 88247 1
84873 92799 1
84873 93654 1
84873 95047 2
84873 120595 1
84873 120960 1
84873 121301 1
84873 121685 1
88247 79784 1
88247 83745 1
88247 84860 1
88247 84873 1
88247 92799 1
88247 93654 1
88247 95047 1
88247 120595 1
88247 120960 1
88247 121301 1
90816 56011 1
90816 68072 1
90816 68073 1
90816 120595 1
92799 83745 1
92799 84860 1
92799 84873 1
92799 88247 1
92799 93654 1
92799 95047 1
92799 120595 1
92799 120960 1
92799 121301 1
93652 80574 1
93652 90143 1
93652 92427 1
93652 93654 1
93652 95552 1
93652 96264 1
93652 96272 1
93652 96300 1
93652 97062 1
93652 97065 1
93652 99403 1
93652 100756 1
93652 120593 1
93652 120595 1
93652 120674 1
93652 120829 1
93652 122037 1
93654 83745 1
93654 84860 1
93654 84873 1
93654 88247 1
93654 90143 1
93654 92427 1
93654 92799 1
93654 93652 1
93654 95047 1
93654 96300 1
93654 120595 1
93654 120960 1
93654 121301 1
95047 83745 1
95047 84860 1
95047 84873 2
95047 88247 1
95047 92799 1
95047 93654 1
95047 120595 1
95047 120960 1
95047 121301 1
95047 121685 1
95552 80574 1
95552 89352 1
95552 93652 1
95552 96264 1
95552 96272 1
95552 97062 1
95552 97065 1
95552 99403 1
95552 100756 1
95552 102303 1
95552 120593 1
95552 120595 1
95552 120674 1
95552 120829 1
95552 122037 1
95552 123249 1
96264 80574 1
96264 93652 1
96264 95552 1
96264 96272 1
96264 97062 1
96264 97065 1
96264 99403 1
96264 100756 1
96264 120593 1
96264 120595 1
96264 120674 1
96264 120829 1
96264 122037 1
96272 80574 1
96272 93652 1
96272 95552 1
96272 96264 1
96272 97062 1
96272 97065 1
96272 99403 1
96272 100756 1
96272 120593 1
96272 120595 1
96272 120674 1
96272 120829 1
96272 121301 1
96272 122037 1
97062 80574 1
97062 93652 1
97062 93676 1
97062 95291 1
97062 95552 1
97062 96264 1
97062 96272 1
97062 96952 1
97062 97063 1
97062 97064 1
97062 97065 1
97062 99358 1
97062 99403 1
97062 100586 1
97062 100622 1
97062 100756 1
97062 102784 1
97062 104682 1
97062 120593 1
97062 120595 1
97062 120674 1
97062 120694 1
97062 120829 1
97062 122037 1
97062 122064 1
97062 122199 1
97065 80574 1
97065 93652 1
97065 95552 1
97065 96264 1
97065 96272 1
97065 97062 1
97065 99403 1
97065 100756 1
97065 120593 1
97065 120595 1
97065 120674 1
97065 120829 1
97065 122037 1
120674 80574 1
120674 93652 1
120674 95552 1
120674 96264 1
120674 96272 1
120674 97062 1
120674 97065 1
120674 99403 1
120674 100756 1
120674 120593 1
120674 120595 1
120674 120829 1
120674 122037 1
120829 80574 1
120829 93652 1
120829 95076 1
120829 95552 1
120829 96264 1
120829 96272 1
120829 97062 1
120829 97065 1
120829 99403 1
120829 100756 1
120829 103472 1
120829 120593 1
120829 120595 1
120829 120674 1
120829 122037 1
120960 83745 1
120960 84860 1
120960 84873 1
120960 88247 1
120960 92799 1
120960 93654 1
120960 95047 1
120960 120595 1
120960 121301 1
121301 83745 1
121301 84860 1
121301 84873 1
121301 88247 1
121301 91016 1
121301 92799 1
121301 93654 1
121301 95047 1
121301 96272 1
121301 120595 1
121301 120960 1
121301 121159 1
122037 80574 1
122037 93652 1
122037 95552 1
122037 96264 1
122037 96272 1
122037 97062 1
122037 97065 1
122037 99403 1
122037 100756 1
122037 120593 1
122037 120595 1
122037 120674 1
122037 120829 1
122447 102274 1
122447 120595 1
122447 122449 1
122447 122450 2
122447 122451 1
122447 122452 1
99363 94460 1
99363 100592 1
99363 100595 1
99363 100596 1
99363 100609 1
99363 100612 1
99363 100614 1
99363 100627 1
99363 102160 1
99363 102309 1
99363 102317 1
99363 102319 1
99363 102581 1
99363 103052 1
99363 103344 1
99363 107413 1
99363 108719 1
99363 120691 1
99363 120692 1
99363 120693 1
99363 120740 1
99363 121685 1
99363 122249 1
99383 99399 1
99383 100594 1
99383 101371 1
99383 101372 1
99383 101373 1
99383 101374 1
99383 122249 1
100594 99376 1
100594 99383 1
100594 99399 1
100594 101371 2
100594 101372 1
100594 101373 1
100594 101374 1
100594 122249 1
100609 83361 1
100609 93676 1
100609 94460 1
100609 94944 1
100609 99358 1
100609 99359 1
100609 99363 1
100609 99461 1
100609 99462 1
100609 100591 1
100609 100595 1
100609 100598 1
100609 100612 1
100609 100614 1
100609 100627 1
100609 100769 1
100609 102160 1
100609 102309 2
100609 102317 1
100609 102319 1
100609 103052 1
100609 103344 1
100609 108719 1
100609 120692 1
100609 120740 1
100609 122249 1
100609 122250 1
100612 94460 1
100612 99363 1
100612 99449 1
100612 100590 1
100612 100595 1
100612 100598 1
100612 100600 1
100612 100609 1
100612 100614 1
100612 100627 1
100612 100632 1
100612 102160 1
100612 102309 2
100612 102317 1
100612 102319 1
100612 102581 1
100612 103052 1
100612 103344 1
100612 108719 1
100612 120692 1
100612 120740 1
100612 121684 1
100612 122224 1
100612 122249 1
100614 94460 1
100614 99363 1
100614 100595 1
100614 100609 1
100614 100612 1
100614 100627 1
100614 102160 1
100614 102309 1
100614 102317 1
100614 102319 1
100614 103052 1
100614 103344 1
100614 108719 1
100614 120692 1
100614 120740 1
100614 122249 1
100627 94460 1
100627 99363 1
100627 100595 1
100627 100598 1
100627 100600 1
100627 100609 1
100627 100612 1
100627 100614 1
100627 100624 1
100627 102160 1
100627 102309 1
100627 102317 1
100627 102319 1
100627 103052 1
100627 103344 1
100627 108719 1
100627 120692 1
100627 120740 1
100627 122249 1
101373 99383 1
101373 99399 1
101373 100594 1
101373 101371 1
101373 101372 1
101373 101374 1
101373 104723 1
101373 122007 1
101373 122008 1
101373 122010 1
101373 122249 1
102160 91016 1
102160 94460 1
102160 99363 1
102160 100595 1
102160 100609 1
102160 100612 1
102160 100614 1
102160 100627 1
102160 102309 1
102160 102317 1
102160 102319 1
102160 103052 1
102160 103344 1
102160 108719 1
102160 120692 1
102160 120740 1
102160 122249 1
102319 94460 1
102319 99363 1
102319 100595 1
102319 100609 1
102319 100612 1
102319 100614 1
102319 100627 1
102319 102160 1
102319 102309 1
102319 102317 1
102319 103052 1
102319 103344 1
102319 108719 1
102319 120692 1
102319 120740 1
102319 122249 1
103052 94460 1
103052 99363 1
103052 100595 1
103052 100609 1
103052 100612 1
103052 100614 1
103052 100627 1
103052 102160 1
103052 102309 1
103052 102317 1
103052 102319 1
103052 103344 1
103052 108719 1
103052 120692 1
103052 120740 1
103052 122249 1
108719 83806 1
108719 94460 1
108719 99363 1
108719 100595 1
108719 100609 1
108719 100612 1
108719 100614 1
108719 100627 1
108719 102160 1
108719 102309 1
108719 102317 1
108719 102319 1
108719 103052 1
108719 103344 1
108719 111721 1
108719 112262 1
108719 119416 1
108719 120692 1
108719 120740 1
108719 122249 1
108719 123327 1
120740 88244 1
120740 91024 1
120740 94460 1
120740 99363 1
120740 99396 1
120740 99414 1
120740 99429 1
120740 99718 1
120740 99734 1
120740 99745 1
120740 99844 1
120740 99904 1
120740 100595 1
120740 100609 1
120740 100612 1
120740 100614 1
120740 100627 1
120740 100650 1
120740 100794 1
120740 102160 1
120740 102309 1
120740 102317 1
120740 102319 1
120740 102998 1
120740 103052 1
120740 103344 1
120740 104075 1
120740 104078 1
120740 104607 1
120740 108698 1
120740 108719 1
120740 119619 1
120740 119630 1
120740 120692 1
120740 122249 1
93676 83361 1
93676 91067 1
93676 94944 1
93676 95291 1
93676 96952 1
93676 97062 1
93676 99358 2
93676 99359 1
93676 99461 1
93676 99462 1
93676 100586 1
93676 100591 1
93676 100598 1
93676 100600 1
93676 100609 1
93676 100622 1
93676 100769 1
93676 102309 1
93676 102784 1
93676 104682 1
93676 120694 1
93676 122064 1
93676 122199 1
93676 122250 1
94944 83361 1
94944 93676 1
94944 99358 1
94944 99359 1
94944 99461 1
94944 99462 1
94944 100591 1
94944 100598 1
94944 100609 1
94944 100769 1
94944 102309 1
94944 122250 1
99358 78775 1
99358 83361 1
99358 93676 2
99358 94944 1
99358 95291 1
99358 96952 1
99358 97062 1
99358 99359 1
99358 99461 1
99358 99462 1
99358 100586 1
99358 100591 1
99358 100598 1
99358 100609 1
99358 100622 1
99358 100769 1
99358 102309 1
99358 102784 1
99358 104682 1
99358 120694 1
99358 121683 1
99358 122064 1
99358 122199 1
99358 122250 1
99359 83361 1
99359 93676 1
99359 94944 1
99359 99358 1
99359 99461 1
99359 99462 1
99359 100591 1
99359 100598 1
99359 100609 1
99359 100769 1
99359 102309 1
99359 122250 1
99376 99429 1
99376 99449 1
99376 100591 1
99376 100594 1
99376 100599 1
99376 100759 1
99376 101371 1
99376 102349 1
99376 102492 1
99376 106972 1
99376 120692 1
99376 122250 1
99429 88244 1
99429 91024 1
99429 94461 1
99429 99376 1
99429 99396 1
99429 99449 1
99429 99718 1
99429 99734 1
99429 99745 1
99429 99904 1
99429 100591 1
99429 100599 1
99429 100650 1
99429 100759 1
99429 102349 1
99429 102492 1
99429 104075 1
99429 104078 1
99429 104607 1
99429 105368 1
99429 106972 1
99429 108698 1
99429 120692 1
99429 120740 1
99429 122250 1
99449 83361 1
99449 99364 1
99449 99365 1
99449 99376 1
99449 99429 1
99449 99731 1
99449 100590 1
99449 100591 1
99449 100598 1
99449 100599 1
99449 100600 1
99449 100612 1
99449 100632 1
99449 100636 1
99449 100647 1
99449 100759 2
99449 101372 1
99449 101927 1
99449 101934 1
99449 102298 1
99449 102299 1
99449 102309 1
99449 102349 1
99449 102492 1
99449 102581 1
99449 106972 1
99449 120692 1
99449 121011 1
99449 121684 1
99449 122064 1
99449 122224 1
99449 122250 1
99461 83361 1
99461 93676 1
99461 94944 1
99461 99358 1
99461 99359 1
99461 99462 1
99461 100591 1
99461 100598 1
99461 100609 1
99461 100769 1
99461 102309 1
99461 122250 1
99462 83361 1
99462 93676 1
99462 94944 1
99462 99358 1
99462 99359 1
99462 99461 1
99462 100591 1
99462 100598 1
99462 100609 1
99462 100769 1
99462 102309 1
99462 122250 1
100591 83361 1
100591 93676 1
100591 94944 1
100591 99358 1
100591 99359 1
100591 99376 1
100591 99429 1
100591 99449 1
100591 99461 1
100591 99462 1
100591 100598 1
100591 100599 1
100591 100609 1
100591 100759 1
100591 100769 1
100591 102309 1
100591 102349 1
100591 102492 1
100591 106972 1
100591 120692 1
100591 122250 2
100598 83361 1
100598 93676 1
100598 94944 1
100598 99358 1
100598 99359 1
100598 99449 1
100598 99461 1
100598 99462 1
100598 100590 1
100598 100591 1
100598 100600 3
100598 100609 1
100598 100612 1
100598 100624 1
100598 100627 1
100598 100632 1
100598 100769 1
100598 102309 2
100598 102581 1
100598 121684 1
100598 122224 1
100598 122250 1
100599 99376 1
100599 99429 1
100599 99449 1
100599 100591 1
100599 100759 1
100599 102349 1
100599 102492 1
100599 106972 1
100599 120692 1
100599 122250 1
100759 83361 1
100759 99376 1
100759 99429 1
100759 99449 2
100759 99731 1
100759 100585 1
100759 100591 1
100759 100599 1
100759 100636 1
100759 100640 1
100759 100647 1
100759 101372 1
100759 102298 1
100759 102299 1
100759 102349 1
100759 102492 1
100759 106972 1
100759 120692 1
100759 121011 1
100759 122064 1
100759 122250 1
100769 83361 1
100769 93676 1
100769 94944 1
100769 99358 1
100769 99359 1
100769 99461 1
100769 99462 1
100769 100591 1
100769 100598 1
100769 100609 1
100769 102309 1
100769 122250 1
102492 99376 1
102492 99422 1
102492 99429 1
102492 99449 1
102492 100591 1
102492 100599 1
102492 100639 1
102492 100759 1
102492 102349 1
102492 102351 1
102492 102686 1
102492 103010 1
102492 106972 1
102492 120692 1
102492 120793 1
102492 122250 1
76354 76355 1
76354 76356 1
76354 77827 1
76354 78771 1
76354 78775 1
76354 121515 1
76354 121624 1
76355 76354 1
76355 76356 1
76355 77827 1
76355 78771 1
76355 78775 1
76355 121515 1
76355 121624 1
76356 76354 1
76356 76355 1
76356 77827 1
76356 78771 1
76356 78775 1
76356 121515 1
76356 121624 1
77827 76354 1
77827 76355 1
77827 76356 1
77827 78771 1
77827 78775 1
77827 121515 1
77827 121624 1
121515 76354 1
121515 76355 1
121515 76356 1
121515 77827 1
121515 78771 1
121515 78775 1
121515 121624 1
121624 76354 1
121624 76355 1
121624 76356 1
121624 77827 1
121624 78771 1
121624 78775 1
121624 121515 1
80500 80502 1
80500 80503 1
80500 120831 1
80502 80500 1
80502 80503 1
78774 82166 1
78774 82167 1
78774 86791 1
82166 78774 1
82166 82167 1
82166 86791 1
86791 78774 1
86791 82166 1
86791 82167 1
86791 95615 1
86791 102155 1
86791 119630 1
80617 82273 1
80617 87880 1
88431 83354 1
88431 93579 1
88431 93657 1
88431 95613 2
88431 98678 1
88431 98679 1
88431 120849 1
93579 83354 1
93579 88431 1
93579 93657 1
93579 98678 1
93579 98679 1
93657 83354 1
93657 88431 1
93657 93579 1
93657 98678 1
93657 98679 1
98678 83354 1
98678 88431 1
98678 93579 1
98678 93657 1
98678 98679 1
83862 83865 1
83862 87880 1
83862 91887 1
83865 83862 1
83865 87880 1
83865 91887 1
91887 79896 1
91887 83862 1
91887 83865 1
91887 87880 1
78899 81694 1
78899 95978 1
78899 99416 1
78899 100605 1
78899 101372 1
78899 103013 1
78899 104718 1
78899 112770 1
78899 123831 1
81694 78899 1
81694 95978 1
81694 99416 1
81694 100605 1
81694 101372 1
81694 103013 1
81694 104718 1
81694 112770 1
81694 123831 1
95978 78899 1
95978 81694 1
95978 99416 1
95978 100605 1
95978 101372 1
95978 103013 1
95978 104718 1
95978 112770 1
95978 123831 1
99416 78899 1
99416 81694 1
99416 93664 1
99416 95978 1
99416 99382 1
99416 100592 1
99416 100603 1
99416 100605 1
99416 100618 2
99416 100737 1
99416 100763 1
99416 100790 1
99416 101372 1
99416 103013 1
99416 103603 1
99416 103739 1
99416 103741 1
99416 104611 1
99416 104718 1
99416 112770 1
99416 120692 1
99416 123831 1
100605 78899 1
100605 81694 1
100605 95978 1
100605 99416 1
100605 101372 1
100605 101374 1
100605 103013 1
100605 104718 1
100605 112770 1
100605 123831 1
112770 78899 1
112770 81694 1
112770 95978 1
112770 99416 1
112770 100605 1
112770 101372 1
112770 103013 1
112770 104718 1
112770 123831 19
123831 78899 1
123831 81694 1
123831 95978 1
123831 99416 1
123831 100605 1
123831 101372 1
123831 103013 1
123831 104718 1
123831 112770 19
83792 92430 1
83792 94946 1
83792 101454 1
83792 104365 1
83792 104369 1
83792 107415 1
83792 121685 1
92430 83792 1
92430 94946 1
92430 101454 1
92430 104365 1
92430 104369 1
92430 107415 1
92430 121685 1
94946 83792 1
94946 92430 1
94946 101454 1
94946 104365 1
94946 104369 1
94946 107415 1
94946 120587 1
94946 121685 1
101454 83792 1
101454 92430 1
101454 94946 1
101454 104365 1
101454 104369 1
101454 107415 1
101454 121685 1
104365 83792 1
104365 92430 1
104365 94946 1
104365 101454 1
104365 104369 1
104365 107415 1
104365 121685 1
104369 83792 1
104369 92430 1
104369 94946 1
104369 101454 1
104369 104365 1
104369 107415 1
104369 121685 1
104719 104718 1
104719 121682 1
104719 121683 1
104719 121684 1
104719 121685 1
107415 83792 1
107415 92430 1
107415 94946 1
107415 101454 1
107415 104365 1
107415 104369 1
107415 121685 1
121682 95613 1
121682 100054 1
121682 104718 1
121682 104719 1
121682 105193 1
121682 111819 1
121682 121683 1
121682 121684 1
121682 121685 1
121684 99449 1
121684 100590 1
121684 100598 1
121684 100600 1
121684 100612 1
121684 100632 1
121684 102309 1
121684 102581 1
121684 104718 1
121684 104719 1
121684 121682 1
121684 121683 1
121684 121685 1
121684 122224 1
89320 91016 1
121159 91016 1
121159 121301 1
101927 99364 1
101927 99449 1
101927 101934 1
101934 99364 1
101934 99449 1
101934 101927 1
78897 83359 1
78897 83788 1
78897 83803 1
78897 93665 1
78897 99366 1
78897 99378 1
78897 99738 1
78897 99739 1
78897 99775 1
78897 100753 1
78897 100782 1
78897 103753 1
78897 103754 1
83359 78897 1
83359 83788 1
83359 83803 1
83359 93665 1
83359 99366 1
83359 99378 1
83359 99738 1
83359 99739 1
83359 99775 2
83359 100640 1
83359 100753 1
83359 100782 1
83359 103753 1
83359 103754 1
83803 78897 1
83803 83359 1
83803 83788 1
83803 93665 1
83803 99366 1
83803 99378 1
83803 99738 1
83803 99739 1
83803 99773 1
83803 99775 1
83803 100649 1
83803 100753 1
83803 100782 1
83803 103753 1
83803 103754 1
93665 78897 1
93665 83359 1
93665 83788 1
93665 83803 1
93665 99366 1
93665 99378 1
93665 99738 1
93665 99739 1
93665 99775 1
93665 100753 1
93665 100782 1
93665 103753 1
93665 103754 1
99738 78897 1
99738 83359 1
99738 83788 1
99738 83803 1
99738 93665 1
99738 99366 1
99738 99378 1
99738 99739 1
99738 99775 1
99738 100753 1
99738 100782 1
99738 103753 1
99738 103754 1
99775 78897 1
99775 83359 2
99775 83788 1
99775 83803 1
99775 91804 1
99775 93665 1
99775 99366 1
99775 99378 1
99775 99738 1
99775 99739 1
99775 100640 1
99775 100753 1
99775 100782 1
99775 103753 1
99775 103754 1
100753 78897 1
100753 83359 1
100753 83788 1
100753 83803 1
100753 93665 1
100753 99366 1
100753 99378 1
100753 99738 1
100753 99739 1
100753 99775 1
100753 100782 1
100753 103753 1
100753 103754 1
100782 78897 1
100782 83359 1
100782 83788 1
100782 83803 1
100782 93665 1
100782 99366 1
100782 99378 1
100782 99738 1
100782 99739 1
100782 99775 1
100782 100753 1
100782 103753 1
100782 103754 1
103753 78897 1
103753 83359 1
103753 83788 1
103753 83803 1
103753 93665 1
103753 99366 1
103753 99378 1
103753 99738 1
103753 99739 1
103753 99775 1
103753 100753 1
103753 100782 1
103753 103754 1
90158 99374 1
90158 121978 1
121978 90158 1
121978 93686 1
121978 99374 1
121978 120849 1
121978 121979 1
95291 93676 1
95291 96952 1
95291 97062 1
95291 99358 1
95291 100586 1
95291 100622 1
95291 102784 1
95291 104682 1
95291 120694 1
95291 122064 1
95291 122199 1
96952 93676 1
96952 95291 1
96952 97062 1
96952 99358 1
96952 100586 1
96952 100622 1
96952 102784 1
96952 104682 1
96952 120694 1
96952 122064 1
96952 122199 1
104682 93676 1
104682 95291 1
104682 96952 1
104682 97062 1
104682 99358 1
104682 100586 1
104682 100622 1
104682 102784 1
104682 110642 1
104682 120694 1
104682 122064 1
104682 122199 1
100585 86784 1
100585 95078 1
100585 100640 1
100585 100649 1
100585 100759 1
100585 103358 1
100585 103603 1
100585 103604 1
100585 111670 1
100585 119615 1
100585 119625 1
93707 100646 1
93707 102971 1
93707 102975 1
93707 104591 1
93707 104593 1
93707 104641 1
102971 93707 1
102971 95297 1
102971 99904 1
102971 100646 1
102971 102975 1
102971 104591 1
102971 104593 1
102971 104641 1
102975 93707 1
102975 100646 1
102975 102971 1
102975 104591 1
102975 104593 1
102975 104641 1
104591 93707 1
104591 100646 1
104591 102971 1
104591 102975 1
104591 104593 1
104591 104641 1
104593 93707 1
104593 100646 1
104593 102971 1
104593 102975 1
104593 104591 1
104593 104641 1
104641 93707 1
104641 100646 1
104641 102971 1
104641 102975 1
104641 104591 1
104641 104593 1
94865 95608 1
94865 99356 1
94865 99751 1
94865 100592 1
94865 100647 1
94865 100790 1
94865 102675 1
94865 103472 1
94865 103536 1
95608 94865 1
95608 99356 1
95608 99751 1
95608 100592 1
95608 100647 1
95608 100790 1
95608 102675 1
95608 103472 1
95608 103536 1
99731 83361 1
99731 99449 1
99731 100636 1
99731 100647 1
99731 100759 1
99731 101372 1
99731 102298 1
99731 102299 1
99731 121011 1
99731 122064 1
99751 94865 1
99751 95608 1
99751 99356 1
99751 100592 1
99751 100647 1
99751 100790 1
99751 102675 1
99751 103472 1
99751 103536 1
100636 83361 1
100636 99449 1
100636 99731 1
100636 100647 1
100636 100759 1
100636 101372 1
100636 102298 1
100636 102299 1
100636 121011 1
100636 122064 1
102299 83361 1
102299 99449 1
102299 99731 1
102299 100636 1
102299 100647 1
102299 100759 1
102299 101372 1
102299 102298 1
102299 121011 1
102299 122064 1
102675 94865 1
102675 95608 1
102675 99356 1
102675 99751 1
102675 100592 1
102675 100647 1
102675 100790 1
102675 103472 1
102675 103536 1
103536 94865 1
103536 95608 1
103536 99356 1
103536 99751 1
103536 100592 1
103536 100647 1
103536 100790 1
103536 102675 1
103536 103472 1
93664 99416 1
93664 100618 1
93664 100737 1
93664 103603 1
93664 120692 1
100618 93664 1
100618 99382 1
100618 99416 2
100618 100592 1
100618 100603 1
100618 100737 1
100618 100763 1
100618 100790 1
100618 102296 1
100618 103603 1
100618 103739 1
100618 103741 1
100618 104611 1
100618 120692 1
103603 86784 1
103603 93664 1
103603 95078 1
103603 99416 1
103603 100585 1
103603 100618 1
103603 100649 1
103603 100737 1
103603 103358 1
103603 103604 1
103603 111670 1
103603 119615 1
103603 119625 1
103603 120692 1
100603 99382 1
100603 99416 1
100603 100592 1
100603 100618 1
100603 100763 1
100603 100790 1
100603 103739 1
100603 103741 1
100603 104611 1
103739 99382 1
103739 99416 1
103739 100592 1
103739 100603 1
103739 100618 1
103739 100763 1
103739 100790 1
103739 103741 1
103739 104611 1
103741 99382 1
103741 99416 1
103741 100592 1
103741 100603 1
103741 100618 1
103741 100763 1
103741 100790 1
103741 103739 1
103741 104611 1
102351 100794 1
102351 102492 1
94461 99429 1
94461 102581 1
100590 99449 1
100590 100598 1
100590 100600 1
100590 100612 1
100590 100632 1
100590 102309 1
100590 102581 1
100590 121684 1
100590 122224 1
100632 99449 1
100632 100590 1
100632 100598 1
100632 100600 1
100632 100612 1
100632 102309 1
100632 102581 1
100632 121684 1
100632 122224 1
122224 99449 1
122224 100590 1
122224 100598 1
122224 100600 1
122224 100612 1
122224 100632 1
122224 102309 1
122224 102581 1
122224 121684 1
99745 88244 1
99745 91024 1
99745 99396 1
99745 99429 1
99745 99718 1
99745 99734 1
99745 99904 1
99745 100650 1
99745 104075 1
99745 104078 1
99745 104607 1
99745 104718 1
99745 107989 1
99745 108698 1
99745 120740 1
93679 107989 1
83781 78898 1
83781 99910 1
83781 100645 1
122200 99910 1
122200 100645 1
122200 122199 1
95074 95076 1
95074 95078 1
103762 100051 1
103762 103754 1
95613 88431 2
95613 100054 1
95613 105193 1
95613 111819 1
95613 120849 1
95613 121682 1
101275 100054 1
101275 120849 1
105193 95613 1
105193 100054 1
105193 111819 1
105193 121682 1
111819 95613 1
111819 100054 1
111819 105193 1
111819 111663 1
111819 111664 1
111819 120168 1
111819 121682 1
120849 88431 1
120849 95613 1
120849 100054 1
120849 101275 1
120849 121978 1
99446 100595 1
99446 122003 1
99446 122004 1
122003 99446 1
122003 100595 1
122003 122004 1
122004 99446 1
122004 100595 1
122004 122003 1
99355 99718 1
99355 99904 1
99355 100645 1
99355 101930 1
99355 108658 1
99355 121919 1
99718 88244 1
99718 91024 1
99718 99355 1
99718 99396 1
99718 99429 1
99718 99734 1
99718 99745 1
99718 99904 2
99718 100645 1
99718 100650 1
99718 101930 1
99718 104075 1
99718 104078 1
99718 104607 1
99718 108658 1
99718 108698 1
99718 120740 1
99718 121919 1
99904 88244 1
99904 91024 1
99904 91804 1
99904 93700 1
99904 94462 1
99904 95297 1
99904 95615 1
99904 99355 1
99904 99396 1
99904 99429 1
99904 99718 2
99904 99734 1
99904 99745 1
99904 100645 1
99904 100650 1
99904 100762 1
99904 101930 1
99904 102155 1
99904 102165 1
99904 102971 1
99904 104075 1
99904 104078 1
99904 104607 1
99904 104611 1
99904 108658 1
99904 108698 1
99904 120740 1
99904 121919 1
99904 122005 1
99904 122006 1
101930 99355 1
101930 99718 1
101930 99904 1
101930 100645 1
101930 108658 1
101930 121919 1
108658 99355 1
108658 99718 1
108658 99904 1
108658 100645 1
108658 101930 1
108658 121919 1
121919 99355 1
121919 99718 1
121919 99904 1
121919 100645 1
121919 101930 1
121919 108658 1
121919 121918 1
91804 93700 1
91804 94462 1
91804 95615 1
91804 99775 1
91804 99904 1
91804 102155 1
91804 102165 1
91804 104611 1
91804 122005 1
91804 122006 1
93700 91804 1
93700 93701 1
93700 93705 1
93700 94462 1
93700 95615 1
93700 99904 1
93700 102155 1
93700 102165 1
93700 103378 1
93700 104611 1
93700 111611 1
93700 122005 1
93700 122006 1
94462 91804 1
94462 93700 1
94462 95615 1
94462 99904 1
94462 102099 1
94462 102155 1
94462 102165 1
94462 104611 1
94462 122005 1
94462 122006 1
95297 99904 1
95297 102971 1
95297 104611 1
95615 86791 1
95615 91804 1
95615 93700 1
95615 94462 1
95615 99904 1
95615 102155 2
95615 102165 1
95615 104611 1
95615 122005 1
95615 122006 1
102155 86791 1
102155 91804 1
102155 93700 1
102155 94462 1
102155 95615 2
102155 99904 1
102155 102165 1
102155 104611 1
102155 122005 1
102155 122006 1
102165 91804 1
102165 93700 1
102165 94462 1
102165 95615 1
102165 99904 1
102165 102155 1
102165 104611 1
102165 122005 1
102165 122006 1
122005 91804 1
122005 93700 1
122005 94462 1
122005 95615 1
122005 99904 1
122005 102155 1
122005 102165 1
122005 104611 1
122005 122006 1
122006 91804 1
122006 93700 1
122006 94462 1
122006 95615 1
122006 99904 1
122006 102155 1
122006 102165 1
122006 104611 1
122006 122005 1
116409 121011 1
86784 95078 1
86784 100585 1
86784 100649 1
86784 103358 1
86784 103603 1
86784 103604 1
86784 111670 1
86784 119615 1
86784 119625 1
100649 83803 1
100649 86784 1
100649 95078 1
100649 99773 1
100649 100585 1
100649 103358 1
100649 103603 1
100649 103604 1
100649 111670 1
100649 119615 1
100649 119625 1
103358 86784 1
103358 95078 1
103358 100585 1
103358 100649 1
103358 103603 1
103358 103604 1
103358 111670 1
103358 119615 1
103358 119625 1
103604 86784 1
103604 95078 1
103604 100585 1
103604 100649 1
103604 103358 1
103604 103603 1
103604 111670 1
103604 119615 1
103604 119625 1
111670 86784 1
111670 95078 1
111670 100585 1
111670 100649 1
111670 103358 1
111670 103603 1
111670 103604 1
111670 119615 1
111670 119625 1
111670 121956 1
119615 86784 1
119615 95078 1
119615 100585 1
119615 100649 1
119615 103358 1
119615 103603 1
119615 103604 1
119615 111670 1
119615 119625 1
119625 86784 1
119625 95078 1
119625 100585 1
119625 100649 1
119625 103358 1
119625 103603 1
119625 103604 1
119625 111670 1
119625 119615 1
101810 91067 1
101810 99403 1
103091 104647 1
88918 121565 1
100608 102680 1
100608 121565 1
102680 100608 1
102680 121565 1
106872 121565 1
91023 99395 1
91023 99438 1
91023 99763 1
91023 99769 1
91023 104363 1
91023 104364 1
91023 106975 1
91023 121956 1
99395 91023 1
99395 99438 1
99395 99763 1
99395 99769 1
99395 104363 1
99395 104364 1
99395 106975 1
99395 121956 1
99401 106975 1
99438 91023 1
99438 99395 1
99438 99763 1
99438 99769 1
99438 104363 1
99438 104364 1
99438 106975 1
99438 121956 1
99763 91023 1
99763 99395 1
99763 99438 1
99763 99769 1
99763 104363 1
99763 104364 1
99763 106975 1
99763 121956 1
99769 91023 1
99769 99395 1
99769 99438 1
99769 99763 1
99769 104363 1
99769 104364 1
99769 106975 1
99769 121956 1
99773 83803 1
99773 100649 1
99773 106975 1
104363 91023 1
104363 99395 1
104363 99438 1
104363 99763 1
104363 99769 1
104363 104364 1
104363 106975 1
104363 121956 1
104364 91023 1
104364 99395 1
104364 99438 1
104364 99734 1
104364 99763 1
104364 99769 1
104364 104363 1
104364 105368 1
104364 106975 1
104364 121956 1
121956 91023 1
121956 99395 1
121956 99438 1
121956 99763 1
121956 99769 1
121956 104363 1
121956 104364 1
121956 106975 1
121956 111670 1
121956 112230 1
121956 112232 1
121956 112236 1
121956 112237 1
121956 119634 1
112232 112230 1
112232 112236 1
112232 112237 1
112232 119634 1
112232 121956 1
112236 112230 1
112236 112232 1
112236 112237 1
112236 119634 1
112236 121956 1
112237 112230 1
112237 112232 1
112237 112236 1
112237 119634 1
112237 121956 1
119634 112230 1
119634 112232 1
119634 112236 1
119634 112237 1
119634 121956 1
91587 102309 1
91587 120839 1
120839 91587 1
120839 102309 1
79784 88247 1
56011 68072 1
56011 68073 1
56011 90816 1
68072 56011 1
68072 68073 1
68072 90816 1
68073 56011 1
68073 68072 1
68073 90816 1
90143 92427 1
90143 93652 1
90143 93654 1
90143 96300 1
92427 90143 1
92427 93652 1
92427 93654 1
92427 96300 1
96300 90143 1
96300 92427 1
96300 93652 1
96300 93654 1
89352 95552 1
89352 102303 1
89352 123249 1
102303 89352 1
102303 95552 1
102303 122471 1
102303 122472 1
102303 123249 1
123249 89352 1
123249 95552 1
123249 102303 1
97063 97062 1
97063 97064 1
97064 97062 1
97064 97063 1
102274 122447 1
102274 122449 1
102274 122450 1
102274 122451 1
122449 102274 1
122449 122447 1
122449 122450 1
122449 122451 1
122450 102274 1
122450 122447 2
122450 122449 1
122450 122451 1
122451 102274 1
122451 122447 1
122451 122449 1
122451 122450 1
122452 122447 1
104723 101373 1
104723 122007 1
104723 122008 1
104723 122010 1
122007 101373 1
122007 104723 1
122007 122008 1
122007 122010 1
122008 101373 1
122008 104723 1
122008 122007 1
122008 122010 1
122010 101373 1
122010 104723 1
122010 122007 1
122010 122008 1
83806 108719 1
111721 108719 1
111721 112262 1
111721 119416 1
111721 123327 1
112262 108719 1
112262 111721 1
112262 119416 1
112262 123327 1
119416 108719 1
119416 111721 1
119416 112262 1
119416 123327 1
123327 108719 1
123327 111721 1
123327 112262 1
123327 119416 1
123327 122771 1
88244 91024 1
88244 99396 1
88244 99429 1
88244 99718 1
88244 99734 1
88244 99745 1
88244 99904 1
88244 100650 1
88244 104075 1
88244 104078 1
88244 104607 1
88244 108698 1
88244 120740 1
91024 88244 1
91024 99396 1
91024 99429 1
91024 99718 1
91024 99734 1
91024 99745 1
91024 99904 1
91024 100650 1
91024 104075 1
91024 104078 1
91024 104607 1
91024 108698 1
91024 120740 1
99396 88244 1
99396 91024 1
99396 99429 1
99396 99718 1
99396 99734 1
99396 99745 1
99396 99904 1
99396 100650 1
99396 104075 1
99396 104078 1
99396 104607 1
99396 108698 1
99396 120740 1
99734 88244 1
99734 91024 1
99734 99396 1
99734 99429 1
99734 99718 1
99734 99745 1
99734 99904 1
99734 100650 1
99734 104075 1
99734 104078 1
99734 104364 1
99734 104607 1
99734 105368 1
99734 108698 1
99734 120740 1
99844 102998 1
99844 119619 1
99844 119630 1
99844 120740 1
100650 88244 1
100650 91024 1
100650 99396 1
100650 99429 1
100650 99718 1
100650 99734 1
100650 99745 1
100650 99904 1
100650 104075 1
100650 104078 1
100650 104607 1
100650 108698 1
100650 120740 1
102998 99844 1
102998 119619 1
102998 119630 1
102998 120740 1
104075 88244 1
104075 91024 1
104075 99396 1
104075 99429 1
104075 99718 1
104075 99734 1
104075 99745 1
104075 99904 1
104075 100650 1
104075 104078 1
104075 104607 1
104075 108698 1
104075 120740 1
104078 88244 1
104078 91024 1
104078 99396 1
104078 99429 1
104078 99718 1
104078 99734 1
104078 99745 1
104078 99904 1
104078 100650 1
104078 104075 1
104078 104607 1
104078 108698 1
104078 120740 1
104607 88244 1
104607 91024 1
104607 99396 1
104607 99429 1
104607 99718 1
104607 99734 1
104607 99745 1
104607 99904 1
104607 100650 1
104607 104075 1
104607 104078 1
104607 108698 1
104607 120740 1
108698 88244 1
108698 91024 1
108698 99396 1
108698 99426 1
108698 99429 1
108698 99718 1
108698 99734 1
108698 99745 1
108698 99904 1
108698 100650 1
108698 104075 1
108698 104078 1
108698 104607 1
108698 120740 1
119619 99844 1
119619 102998 1
119619 119630 1
119619 120740 1
119630 86791 1
119630 99844 1
119630 102998 1
119630 119619 1
119630 120740 1
105368 99429 1
105368 99734 1
105368 104364 1
99365 99449 1
99422 100639 1
99422 102492 1
99422 102686 1
99422 103010 1
99422 120793 1
100639 99422 1
100639 102492 1
100639 102686 1
100639 103010 1
100639 120793 1
102686 99422 1
102686 100639 1
102686 102492 1
102686 103010 1
102686 120793 1
103010 99422 1
103010 100639 1
103010 102492 1
103010 102686 1
103010 120793 1
120793 99422 1
120793 100639 1
120793 102492 1
120793 102686 1
120793 103010 1
99426 108698 1
110642 104682 1
122771 123327 1
122471 102303 1
122471 122472 1
122472 102303 1
122472 122471 1
93701 93700 1
93705 93700 1
93705 103378 1
93705 111611 1
103378 93700 1
103378 93705 1
103378 111611 1
111611 93700 1
111611 93705 1
111611 103378 1
102099 94462 1
121918 121919 1
111663 111664 1
111663 111819 1
111663 120168 1
111664 111663 1
111664 111819 1
111664 120168 1
120168 111663 1
120168 111664 1
120168 111819 1
93686 121978 1
93686 121979 1
121979 93686 1
121979 121978 1
120587 94946 1
79896 91887 1
