70587 126043 1
126043 62484 1
126043 70578 1
126043 70587 1
126043 73214 1
126043 74406 1
126043 74452 1
126043 85576 1
126043 95056 1
126043 95057 1
126043 127416 1
62484 53244 1
62484 58149 1
62484 62014 1
62484 62015 1
62484 62482 1
62484 62483 1
62484 62485 1
62484 62486 1
62484 62487 1
62484 62488 1
62484 63857 1
62484 64905 1
62484 65924 1
62484 68396 1
62484 68397 1
62484 70570 1
62484 70577 1
62484 70578 1
62484 70581 1
62484 70601 1
62484 70618 1
62484 73214 1
62484 73250 1
62484 74405 1
62484 74408 1
62484 74451 1
62484 84581 1
62484 84594 1
62484 85576 1
62484 85578 1
62484 87771 1
62484 92630 1
62484 95056 1
62484 95057 1
62484 102959 1
62484 105673 1
62484 116764 1
62484 117855 1
62484 121168 1
62484 122161 1
62484 126043 1
62484 126568 1
62484 127416 1
70578 58983 1
70578 62484 1
70578 67428 1
70578 67443 1
70578 70570 1
70578 70573 1
70578 70610 1
70578 73214 1
70578 73220 1
70578 74390 1
70578 78933 1
70578 84589 1
70578 84600 1
70578 84608 1
70578 85090 1
70578 85570 1
70578 85574 1
70578 85576 1
70578 85577 1
70578 87407 1
70578 87800 1
70578 87801 1
70578 95056 1
70578 95057 1
70578 98986 1
70578 125359 1
70578 126043 1
70578 126310 1
70578 127416 1
73214 56331 1
73214 62484 1
73214 68700 1
73214 70578 1
73214 73224 1
73214 74398 1
73214 74412 1
73214 84612 1
73214 85576 1
73214 85581 1
73214 90993 1
73214 92624 1
73214 93228 1
73214 93231 1
73214 93235 1
73214 94693 1
73214 95056 1
73214 95057 1
73214 97181 1
73214 105230 1
73214 107013 1
73214 126043 1
73214 126044 1
73214 127416 1
74406 63639 1
74406 68766 1
74406 68767 1
74406 68771 1
74406 68772 1
74406 70571 1
74406 70574 1
74406 70590 1
74406 70591 1
74406 70607 1
74406 70610 1
74406 70634 1
74406 74390 1
74406 74401 1
74406 74413 1
74406 74451 1
74406 74452 1
74406 81391 1
74406 84990 1
74406 85577 1
74406 85599 1
74406 85600 1
74406 85727 1
74406 85728 1
74406 87400 1
74406 87401 1
74406 87778 1
74406 88057 1
74406 88058 1
74406 92625 1
74406 95051 2
74406 95058 1
74406 95059 1
74406 98988 1
74406 101694 1
74406 105670 1
74406 105671 1
74406 105672 1
74406 116764 1
74406 125357 1
74406 126043 1
74406 127416 1
74406 127446 1
74406 127447 1
74452 60831 1
74452 62039 1
74452 63639 1
74452 70610 1
74452 74406 1
74452 95051 1
74452 126043 1
74452 126941 1
85576 47265 1
85576 50385 1
85576 50389 1
85576 53248 1
85576 56309 1
85576 58795 1
85576 60831 1
85576 62003 1
85576 62010 1
85576 62038 2
85576 62039 1
85576 62483 1
85576 62484 1
85576 63645 1
85576 66446 1
85576 67431 1
85576 68772 1
85576 70578 1
85576 70634 1
85576 73214 1
85576 84586 1
85576 84600 1
85576 85575 1
85576 85577 1
85576 87407 1
85576 87777 2
85576 87779 1
85576 87797 1
85576 88056 1
85576 88057 1
85576 92630 1
85576 93232 1
85576 95056 1
85576 95057 1
85576 98988 1
85576 103944 1
85576 103945 1
85576 105676 1
85576 125358 1
85576 125988 1
85576 125996 1
85576 126043 1
85576 126272 1
85576 126849 1
85576 126942 1
85576 127416 1
95056 51682 1
95056 58135 1
95056 58795 1
95056 62039 1
95056 62484 1
95056 68769 1
95056 70578 1
95056 70594 1
95056 73214 1
95056 74404 1
95056 78931 1
95056 78936 1
95056 84581 1
95056 85572 1
95056 85576 1
95056 85582 1
95056 85599 1
95056 86620 1
95056 87401 1
95056 87407 1
95056 87771 1
95056 87777 1
95056 95057 1
95056 96540 1
95056 97181 1
95056 98984 1
95056 98988 1
95056 125360 1
95056 126043 1
95056 126310 2
95056 126566 1
95056 126849 1
95056 127416 1
95056 127528 1
95057 47264 1
95057 58983 1
95057 62003 1
95057 62038 1
95057 62484 1
95057 63638 1
95057 68771 1
95057 70578 1
95057 73214 1
95057 74595 1
95057 84578 1
95057 84599 1
95057 85575 1
95057 85576 1
95057 86621 1
95057 95056 1
95057 105674 1
95057 105675 1
95057 105676 1
95057 107180 1
95057 116764 1
95057 126043 1
95057 127416 1
127416 58135 1
127416 60831 1
127416 61605 1
127416 62484 1
127416 62488 1
127416 63638 1
127416 63645 1
127416 65924 1
127416 68766 1
127416 70570 1
127416 70573 2
127416 70578 1
127416 70591 2
127416 73214 1
127416 73246 1
127416 74395 1
127416 74406 1
127416 74409 1
127416 77693 1
127416 84580 1
127416 84586 1
127416 85090 1
127416 85570 1
127416 85576 1
127416 85728 1
127416 86609 1
127416 86610 1
127416 87400 1
127416 87778 1
127416 92625 1
127416 93235 1
127416 95051 1
127416 95056 1
127416 95057 1
127416 95066 1
127416 98988 1
127416 103945 1
127416 113816 1
127416 122161 1
127416 125996 1
127416 126043 1
127416 126272 1
127416 126936 1
127416 126941 1
127416 127446 1
53244 54277 1
53244 56331 1
53244 62014 2
53244 62015 1
53244 62482 1
53244 62483 1
53244 62484 1
53244 62485 1
53244 62486 1
53244 62487 1
53244 62488 1
53244 64905 1
53244 70601 1
53244 87771 1
53244 126568 1
58149 62484 1
58149 65924 1
58149 68396 1
58149 68397 1
58149 70570 1
58149 70577 1
58149 73250 1
58149 74405 1
58149 74408 1
58149 74412 2
58149 74451 2
58149 84581 1
58149 92630 1
58149 102959 1
58149 105673 1
62014 53244 2
62014 62015 1
62014 62482 1
62014 62483 1
62014 62484 1
62014 62485 1
62014 62486 1
62014 62487 1
62014 62488 1
62014 64905 1
62014 70601 1
62014 87771 1
62014 126568 1
62015 50388 1
62015 51676 1
62015 53244 1
62015 62014 1
62015 62482 1
62015 62483 1
62015 62484 1
62015 62485 1
62015 62486 1
62015 62487 1
62015 62488 1
62015 64905 1
62015 70601 1
62015 87771 1
62015 126568 1
62482 53244 1
62482 62014 1
62482 62015 1
62482 62483 1
62482 62484 1
62482 62485 1
62482 62486 1
62482 62487 1
62482 62488 1
62482 64905 1
62482 70601 1
62482 87771 1
62482 126568 1
62483 53244 1
62483 58139 1
62483 58795 1
62483 60831 1
62483 62003 1
62483 62010 1
62483 62014 1
62483 62015 1
62483 62039 1
62483 62482 1
62483 62484 1
62483 62485 1
62483 62486 1
62483 62487 1
62483 62488 1
62483 64905 1
62483 66446 1
62483 68772 1
62483 70601 1
62483 70634 1
62483 85575 1
62483 85576 1
62483 87771 1
62483 87777 1
62483 88066 1
62483 98988 1
62483 105676 1
62483 113816 1
62483 126568 1
62483 126942 1
62485 53244 1
62485 62014 1
62485 62015 1
62485 62482 1
62485 62483 1
62485 62484 1
62485 62486 1
62485 62487 1
62485 62488 1
62485 64905 1
62485 70601 1
62485 87771 1
62485 126568 1
62486 53244 1
62486 62014 1
62486 62015 1
62486 62482 1
62486 62483 1
62486 62484 1
62486 62485 1
62486 62487 1
62486 62488 1
62486 64905 1
62486 70601 1
62486 87771 1
62486 126568 1
62487 53244 1
62487 62014 1
62487 62015 1
62487 62482 1
62487 62483 1
62487 62484 1
62487 62485 1
62487 62486 1
62487 62488 1
62487 64905 1
62487 70601 1
62487 76970 1
62487 87771 1
62487 126568 1
62488 53244 1
62488 62014 1
62488 62015 1
62488 62482 1
62488 62483 1
62488 62484 1
62488 62485 1
62488 62486 1
62488 62487 1
62488 64905 1
62488 70573 1
62488 70601 1
62488 77693 1
62488 86609 1
62488 87771 1
62488 126568 1
62488 127416 1
63857 62484 1
63857 70581 1
63857 70618 1
63857 84594 1
63857 85578 1
63857 116764 1
63857 117855 1
63857 121168 1
63857 122161 1
64905 47155 1
64905 51676 1
64905 53244 1
64905 58132 1
64905 58136 1
64905 58795 1
64905 59456 1
64905 62014 1
64905 62015 1
64905 62482 1
64905 62483 1
64905 62484 1
64905 62485 1
64905 62486 1
64905 62487 1
64905 62488 1
64905 68772 1
64905 70573 1
64905 70601 1
64905 70610 1
64905 74410 1
64905 77693 1
64905 87771 1
64905 126310 1
64905 126568 1
64905 127447 1
65924 58149 1
65924 62039 1
65924 62484 1
65924 68396 1
65924 68397 1
65924 70570 1
65924 70577 1
65924 70619 1
65924 70625 1
65924 70629 1
65924 70630 1
65924 73250 1
65924 74395 1
65924 74405 1
65924 74408 1
65924 74418 1
65924 74451 1
65924 78920 1
65924 84578 1
65924 84581 1
65924 84994 1
65924 85574 1
65924 85575 1
65924 85578 1
65924 86610 1
65924 87401 1
65924 87778 1
65924 92630 1
65924 95066 1
65924 97181 1
65924 98316 1
65924 98984 2
65924 100915 1
65924 102959 1
65924 103944 1
65924 105673 1
65924 113816 3
65924 116417 1
65924 122161 1
65924 126566 1
65924 126936 1
65924 127416 1
68396 58149 1
68396 62484 1
68396 63470 1
68396 63471 1
68396 65924 1
68396 68397 1
68396 70570 1
68396 70577 1
68396 73250 1
68396 74405 1
68396 74408 1
68396 74413 1
68396 74451 1
68396 84581 1
68396 92630 1
68396 102959 1
68396 105673 1
68396 126941 1
68397 58149 1
68397 62038 1
68397 62484 1
68397 65924 1
68397 68396 1
68397 70570 1
68397 70577 1
68397 70618 1
68397 70634 1
68397 73250 1
68397 74395 1
68397 74405 1
68397 74408 1
68397 74451 1
68397 84581 1
68397 87777 1
68397 92630 1
68397 102959 1
68397 103944 1
68397 105673 1
70570 58149 1
70570 60831 1
70570 61605 1
70570 62484 1
70570 63638 1
70570 63645 1
70570 65924 1
70570 67443 1
70570 68396 1
70570 68397 1
70570 68766 1
70570 70573 3
70570 70577 1
70570 70578 1
70570 70591 1
70570 73220 1
70570 73246 1
70570 73250 1
70570 74390 1
70570 74405 1
70570 74408 1
70570 74451 1
70570 77693 1
70570 84580 1
70570 84581 1
70570 84586 1
70570 84589 1
70570 84608 1
70570 85090 2
70570 85569 1
70570 85570 1
70570 85574 1
70570 85728 1
70570 87400 1
70570 87407 2
70570 87771 1
70570 92630 1
70570 93235 1
70570 102959 1
70570 103945 1
70570 105671 1
70570 105673 1
70570 125996 1
70570 126272 1
70570 127416 1
70577 58149 1
70577 62484 1
70577 65924 1
70577 68396 1
70577 68397 1
70577 70570 1
70577 73250 1
70577 74405 1
70577 74408 1
70577 74451 1
70577 84581 1
70577 92630 1
70577 102959 1
70577 105673 1
70581 62484 1
70581 63857 1
70581 70618 1
70581 84594 1
70581 85578 1
70581 116764 1
70581 117855 1
70581 121168 1
70581 122161 1
70601 53244 1
70601 62014 1
70601 62015 1
70601 62482 1
70601 62483 1
70601 62484 1
70601 62485 1
70601 62486 1
70601 62487 1
70601 62488 1
70601 64905 1
70601 87771 1
70601 126568 1
70618 62038 1
70618 62484 1
70618 63857 1
70618 68397 1
70618 70581 1
70618 70634 1
70618 74395 1
70618 84594 1
70618 85578 1
70618 87777 1
70618 103944 1
70618 116764 1
70618 117855 1
70618 121168 1
70618 122161 1
73250 58149 1
73250 62484 1
73250 65924 1
73250 68396 1
73250 68397 1
73250 70570 1
73250 70577 1
73250 74405 1
73250 74408 1
73250 74451 1
73250 84581 1
73250 92630 1
73250 102959 1
73250 105673 1
74405 58149 1
74405 62003 1
74405 62484 1
74405 65924 1
74405 68396 1
74405 68397 1
74405 70570 1
74405 70571 1
74405 70577 1
74405 73250 1
74405 74408 2
74405 74451 1
74405 84581 1
74405 85577 1
74405 85727 1
74405 92630 1
74405 93232 1
74405 102959 1
74405 105673 1
74405 125360 1
74408 44747 1
74408 58149 1
74408 62003 1
74408 62037 1
74408 62484 1
74408 63639 1
74408 65924 1
74408 67428 1
74408 68396 1
74408 68397 1
74408 68702 1
74408 68703 1
74408 68766 1
74408 68772 1
74408 70570 1
74408 70577 1
74408 73250 1
74408 74405 2
74408 74409 1
74408 74451 1
74408 84581 1
74408 85727 1
74408 87773 1
74408 87779 1
74408 92630 1
74408 93232 1
74408 95051 1
74408 102959 1
74408 105671 1
74408 105673 1
74408 127446 1
74451 25655 1
74451 58149 2
74451 62484 1
74451 65924 1
74451 68396 1
74451 68397 1
74451 70570 1
74451 70577 1
74451 73250 1
74451 74405 1
74451 74406 1
74451 74408 1
74451 74412 1
74451 81391 1
74451 84581 1
74451 85599 1
74451 92630 1
74451 102959 1
74451 105673 1
84581 51682 2
84581 58135 1
84581 58149 1
84581 61605 1
84581 62484 1
84581 65924 1
84581 68396 1
84581 68397 1
84581 70570 1
84581 70577 1
84581 70591 1
84581 70610 1
84581 70634 1
84581 73250 1
84581 74404 1
84581 74405 1
84581 74408 1
84581 74451 1
84581 84600 1
84581 85570 1
84581 86620 1
84581 87771 2
84581 87777 1
84581 92630 1
84581 95056 1
84581 98988 1
84581 102959 1
84581 105670 1
84581 105673 1
84581 125357 1
84581 125988 1
84581 127377 1
84581 127378 1
84581 127446 1
84594 62484 1
84594 63857 1
84594 70581 1
84594 70618 1
84594 85578 2
84594 113816 1
84594 116764 1
84594 117855 1
84594 121168 1
84594 122161 2
85578 62484 1
85578 63857 1
85578 65924 1
85578 70581 1
85578 70618 1
85578 70625 1
85578 74395 1
85578 74418 1
85578 84594 2
85578 84595 1
85578 84994 1
85578 98316 1
85578 98984 1
85578 113816 1
85578 116417 1
85578 116764 1
85578 117855 1
85578 121168 1
85578 122161 2
87771 51682 1
87771 53244 1
87771 58135 1
87771 62014 1
87771 62015 1
87771 62038 1
87771 62482 1
87771 62483 1
87771 62484 1
87771 62485 1
87771 62486 1
87771 62487 1
87771 62488 1
87771 64905 1
87771 70570 1
87771 70573 1
87771 70591 1
87771 70601 1
87771 70610 1
87771 70634 1
87771 74404 1
87771 84578 1
87771 84581 2
87771 85569 1
87771 85574 1
87771 86609 1
87771 86620 2
87771 86621 1
87771 87778 1
87771 93232 1
87771 95056 1
87771 97181 1
87771 98988 1
87771 101694 1
87771 103945 1
87771 105671 1
87771 125357 2
87771 125988 1
87771 126568 1
87771 127446 1
92630 58149 1
92630 58795 1
92630 62038 1
92630 62484 1
92630 65924 1
92630 68396 1
92630 68397 1
92630 68769 1
92630 70570 1
92630 70577 1
92630 73250 1
92630 74405 1
92630 74408 1
92630 74451 1
92630 84581 1
92630 85574 2
92630 85576 1
92630 85577 1
92630 85731 1
92630 87401 1
92630 102959 1
92630 105673 1
92630 126272 1
92630 126310 1
102959 58135 1
102959 58149 1
102959 58795 1
102959 62484 1
102959 65924 1
102959 68396 1
102959 68397 1
102959 68766 1
102959 68772 1
102959 70570 1
102959 70577 1
102959 70610 1
102959 73246 1
102959 73250 1
102959 74405 1
102959 74408 1
102959 74451 1
102959 84581 1
102959 92630 1
102959 105673 1
102959 126310 1
105673 58149 1
105673 62484 1
105673 65924 1
105673 68396 1
105673 68397 1
105673 70570 1
105673 70577 1
105673 73220 1
105673 73250 1
105673 74397 1
105673 74405 1
105673 74408 1
105673 74451 1
105673 84581 1
105673 84595 1
105673 92630 1
105673 102959 1
105673 116283 1
105673 116385 1
105673 117855 1
116764 58983 2
116764 62038 1
116764 62484 1
116764 63638 1
116764 63857 1
116764 70581 1
116764 70583 1
116764 70607 1
116764 70618 1
116764 73231 1
116764 74406 1
116764 84594 1
116764 84988 1
116764 85090 1
116764 85575 1
116764 85577 1
116764 85578 1
116764 86610 1
116764 87401 1
116764 95057 1
116764 97181 1
116764 105669 1
116764 105670 1
116764 105671 1
116764 105672 1
116764 107180 1
116764 113816 3
116764 115903 1
116764 116283 1
116764 117855 1
116764 121168 2
116764 122161 2
116764 126272 1
116764 126566 3
116764 126568 1
117855 62484 1
117855 63857 1
117855 70581 1
117855 70618 1
117855 73220 1
117855 74397 1
117855 84594 1
117855 84595 1
117855 85090 1
117855 85578 1
117855 105673 1
117855 116283 1
117855 116385 1
117855 116764 1
117855 121168 2
117855 122161 1
121168 62484 1
121168 63857 1
121168 70581 1
121168 70618 1
121168 84594 1
121168 85090 2
121168 85578 1
121168 103944 1
121168 116764 2
121168 117855 2
121168 122161 1
121168 126272 2
121168 126566 1
122161 62484 1
122161 63857 1
122161 65924 1
122161 70581 1
122161 70618 1
122161 74412 1
122161 74413 1
122161 84594 2
122161 84988 2
122161 85575 1
122161 85578 2
122161 86610 1
122161 95066 1
122161 97181 1
122161 113816 2
122161 116167 1
122161 116168 1
122161 116764 2
122161 117855 1
122161 121168 1
122161 126566 1
122161 126936 1
122161 127416 1
126568 53244 1
126568 62014 1
126568 62015 1
126568 62482 1
126568 62483 1
126568 62484 1
126568 62485 1
126568 62486 1
126568 62487 1
126568 62488 1
126568 64905 1
126568 70601 1
126568 87771 1
126568 116764 1
126568 126566 1
126568 126567 1
58983 62038 1
58983 63638 1
58983 67428 1
58983 70578 1
58983 70610 1
58983 78933 1
58983 84600 1
58983 85570 1
58983 85575 1
58983 85577 1
58983 87800 1
58983 87801 1
58983 95057 1
58983 98986 1
58983 116764 2
58983 125359 1
58983 126272 1
58983 126310 1
67428 58983 1
67428 67431 1
67428 70578 1
67428 70610 1
67428 74408 1
67428 78933 1
67428 84600 1
67428 85570 1
67428 85577 1
67428 87779 1
67428 87800 1
67428 87801 1
67428 98986 1
67428 105671 1
67428 125359 1
67428 126310 1
67443 70570 1
67443 70573 1
67443 70578 1
67443 73220 1
67443 74390 1
67443 84589 1
67443 84608 1
67443 85090 1
67443 85574 1
67443 87407 1
70573 47155 1
70573 51676 1
70573 58132 1
70573 58136 1
70573 58795 1
70573 59456 1
70573 60831 1
70573 61605 1
70573 62488 1
70573 63638 1
70573 63645 1
70573 64905 1
70573 67443 1
70573 68766 1
70573 68772 1
70573 70570 3
70573 70578 1
70573 70591 1
70573 70610 1
70573 73220 1
70573 73246 1
70573 74390 1
70573 74410 1
70573 77693 2
70573 84580 1
70573 84586 1
70573 84589 1
70573 84608 1
70573 85090 2
70573 85569 1
70573 85570 1
70573 85574 1
70573 85728 1
70573 86609 1
70573 87400 1
70573 87407 1
70573 87771 1
70573 93235 1
70573 103945 1
70573 125996 1
70573 126272 1
70573 126310 1
70573 127416 2
70573 127447 1
70610 47155 1
70610 51676 1
70610 58132 1
70610 58135 1
70610 58136 1
70610 58795 2
70610 58983 1
70610 59456 1
70610 60831 1
70610 62039 1
70610 63639 1
70610 64905 1
70610 67428 1
70610 68766 2
70610 68771 1
70610 68772 3
70610 70571 1
70610 70573 1
70610 70578 1
70610 70591 1
70610 70634 2
70610 73246 1
70610 74390 1
70610 74401 1
70610 74406 1
70610 74410 1
70610 74452 1
70610 77693 1
70610 78933 1
70610 84581 1
70610 84600 1
70610 85570 1
70610 85577 1
70610 85600 1
70610 85727 1
70610 85728 1
70610 87400 1
70610 87771 1
70610 87800 1
70610 87801 1
70610 88057 1
70610 88058 1
70610 95051 2
70610 95058 1
70610 95059 1
70610 98986 1
70610 101694 1
70610 102959 1
70610 125357 2
70610 125359 1
70610 125988 1
70610 126310 3
70610 126941 1
70610 127446 1
70610 127447 2
73220 62038 1
73220 67443 1
73220 68771 1
73220 70570 1
73220 70573 1
73220 70578 1
73220 74390 2
73220 74397 1
73220 74412 1
73220 84589 2
73220 84595 1
73220 84608 1
73220 85090 1
73220 85574 1
73220 87407 1
73220 103945 1
73220 105673 1
73220 116283 1
73220 116385 1
73220 117855 1
74390 53248 1
74390 62038 1
74390 63639 1
74390 67443 1
74390 68766 2
74390 68771 2
74390 68772 2
74390 70570 1
74390 70571 1
74390 70573 1
74390 70578 1
74390 70610 1
74390 70634 1
74390 73220 2
74390 74401 1
74390 74406 1
74390 74412 1
74390 84589 2
74390 84608 1
74390 85090 1
74390 85574 1
74390 85577 1
74390 85600 1
74390 85727 1
74390 85728 1
74390 87400 1
74390 87407 2
74390 88057 1
74390 88058 1
74390 95051 1
74390 95058 1
74390 95059 1
74390 101694 1
74390 103945 1
74390 105670 1
74390 125357 1
74390 126849 1
74390 126941 1
74390 126942 1
74390 127447 1
74390 127448 1
78933 58983 1
78933 67428 1
78933 70578 1
78933 70610 1
78933 84600 1
78933 85570 1
78933 85577 1
78933 87800 1
78933 87801 1
78933 98986 1
78933 125359 1
78933 126310 1
84589 53248 1
84589 58795 1
84589 62038 1
84589 67443 1
84589 68771 1
84589 70570 1
84589 70573 1
84589 70578 1
84589 70590 1
84589 70607 1
84589 73220 2
84589 74390 2
84589 74412 1
84589 84608 1
84589 85090 1
84589 85574 1
84589 87407 2
84589 103945 1
84600 50385 1
84600 50389 1
84600 51682 1
84600 53248 1
84600 58130 1
84600 58983 1
84600 61605 1
84600 63471 1
84600 63645 1
84600 66446 1
84600 67428 1
84600 70578 1
84600 70610 1
84600 78933 1
84600 84581 1
84600 85570 4
84600 85576 1
84600 85577 3
84600 87777 1
84600 87800 1
84600 87801 1
84600 88056 1
84600 88057 1
84600 98986 1
84600 103944 1
84600 103945 1
84600 105670 1
84600 125359 1
84600 126310 1
84600 127377 1
84600 127378 1
84608 62039 1
84608 67443 1
84608 70570 1
84608 70573 1
84608 70578 1
84608 73220 1
84608 74390 1
84608 74412 1
84608 81391 1
84608 84589 1
84608 85090 1
84608 85574 1
84608 87401 1
84608 87407 2
84608 93232 1
84608 98984 1
85090 60831 1
85090 61605 1
85090 63638 1
85090 63645 1
85090 67443 1
85090 68766 1
85090 70570 2
85090 70573 2
85090 70578 1
85090 70591 1
85090 70607 1
85090 73220 1
85090 73224 1
85090 73246 1
85090 74390 1
85090 77693 1
85090 84580 1
85090 84586 1
85090 84589 1
85090 84608 1
85090 85570 1
85090 85574 1
85090 85728 1
85090 86610 1
85090 86621 1
85090 87400 1
85090 87407 1
85090 92624 1
85090 93235 1
85090 97465 1
85090 98984 1
85090 103944 1
85090 103945 1
85090 113816 1
85090 116764 1
85090 117855 1
85090 121168 2
85090 125357 1
85090 125996 1
85090 126272 1
85090 126566 2
85090 127416 1
85570 51682 1
85570 58983 1
85570 60831 1
85570 61605 2
85570 63638 1
85570 63645 1
85570 66446 1
85570 67428 1
85570 68766 1
85570 70570 1
85570 70573 1
85570 70578 1
85570 70591 1
85570 70610 1
85570 73246 1
85570 77693 1
85570 78933 1
85570 84580 1
85570 84581 1
85570 84586 1
85570 84600 4
85570 85090 1
85570 85577 1
85570 85728 1
85570 87400 1
85570 87777 1
85570 87800 1
85570 87801 1
85570 93235 1
85570 98986 1
85570 103945 1
85570 105670 1
85570 125359 1
85570 125996 1
85570 126272 1
85570 126310 1
85570 127377 1
85570 127378 1
85570 127416 1
85574 58795 1
85574 62038 2
85574 62039 1
85574 65924 1
85574 67443 1
85574 68769 1
85574 70570 1
85574 70573 1
85574 70578 1
85574 73220 1
85574 74390 1
85574 74412 1
85574 74456 1
85574 78920 1
85574 84589 1
85574 84608 1
85574 85090 1
85574 85575 1
85574 85577 1
85574 85731 1
85574 86621 1
85574 87401 4
85574 87407 1
85574 87771 1
85574 92630 2
85574 102421 1
85574 103945 1
85574 125357 1
85574 126310 1
85574 126850 1
85574 127528 1
85577 47154 1
85577 47157 1
85577 47161 1
85577 50385 1
85577 50389 1
85577 53248 1
85577 58130 1
85577 58135 1
85577 58136 1
85577 58983 1
85577 62010 1
85577 62038 1
85577 63471 1
85577 63645 1
85577 67428 1
85577 68769 1
85577 70571 1
85577 70578 1
85577 70607 1
85577 70610 1
85577 74390 1
85577 74405 1
85577 74406 1
85577 74413 1
85577 74464 1
85577 78933 1
85577 84600 3
85577 85570 1
85577 85574 1
85577 85576 1
85577 85731 1
85577 87401 1
85577 87407 1
85577 87800 1
85577 87801 1
85577 88056 1
85577 88057 1
85577 92630 1
85577 95051 1
85577 98986 1
85577 103944 1
85577 103945 1
85577 105670 1
85577 105671 2
85577 105672 1
85577 105676 1
85577 116764 1
85577 125359 1
85577 125360 1
85577 125965 1
85577 126310 3
85577 126849 1
85577 126941 1
85577 126942 1
87407 53248 1
87407 58795 1
87407 62035 1
87407 62036 1
87407 62038 1
87407 62039 1
87407 67443 1
87407 70570 2
87407 70573 1
87407 70578 1
87407 70590 1
87407 70607 1
87407 70616 1
87407 73108 1
87407 73109 1
87407 73111 1
87407 73112 1
87407 73113 1
87407 73114 1
87407 73115 1
87407 73220 1
87407 74390 2
87407 74409 1
87407 74412 1
87407 74464 1
87407 81391 1
87407 84586 1
87407 84589 2
87407 84608 2
87407 85090 1
87407 85574 1
87407 85576 1
87407 85577 1
87407 86609 1
87407 87401 2
87407 87777 1
87407 93232 1
87407 95056 1
87407 96540 1
87407 98984 1
87407 105671 1
87407 105672 1
87407 126849 1
87407 126941 1
87407 126942 1
87407 127446 1
87407 127528 2
87800 58983 1
87800 67428 1
87800 70578 1
87800 70610 1
87800 78933 1
87800 84600 1
87800 85570 1
87800 85577 1
87800 87801 1
87800 98986 1
87800 125359 1
87800 126310 1
87801 58983 1
87801 67428 1
87801 70578 1
87801 70610 1
87801 73222 1
87801 78933 1
87801 84600 1
87801 85570 1
87801 85577 1
87801 87800 1
87801 98986 1
87801 125359 1
87801 126310 1
98986 58983 1
98986 67428 1
98986 70578 1
98986 70610 1
98986 78933 1
98986 84600 1
98986 85570 1
98986 85577 1
98986 87800 1
98986 87801 1
98986 98984 1
98986 98988 1
98986 125359 1
98986 126310 1
125359 56309 1
125359 58983 1
125359 67428 1
125359 70578 1
125359 70610 1
125359 78933 1
125359 84600 1
125359 85570 1
125359 85577 1
125359 87800 1
125359 87801 1
125359 98986 1
125359 125357 1
125359 125358 1
125359 125360 1
125359 126310 1
126310 47155 1
126310 51676 1
126310 58132 1
126310 58135 1
126310 58136 1
126310 58795 4
126310 58983 1
126310 59456 1
126310 62039 1
126310 63638 1
126310 63645 1
126310 64905 1
126310 67428 1
126310 68766 1
126310 68769 2
126310 68772 2
126310 70573 1
126310 70578 1
126310 70588 1
126310 70594 1
126310 70610 3
126310 73246 1
126310 74410 1
126310 77693 1
126310 78931 1
126310 78933 1
126310 78936 1
126310 84600 1
126310 85570 1
126310 85572 1
126310 85574 1
126310 85575 1
126310 85577 3
126310 85582 2
126310 85599 1
126310 85600 1
126310 85731 1
126310 87777 1
126310 87800 1
126310 87801 1
126310 88057 1
126310 92630 1
126310 95056 2
126310 97181 1
126310 98984 2
126310 98986 1
126310 98988 1
126310 101694 1
126310 102959 1
126310 105676 1
126310 125359 1
126310 125360 1
126310 126566 1
126310 126849 1
126310 127447 1
56331 53244 1
56331 68700 2
56331 73214 1
56331 73224 1
56331 74398 1
56331 84612 1
56331 90993 1
56331 92624 1
56331 93228 1
56331 93231 1
56331 93235 1
56331 94693 1
56331 97181 1
56331 105230 1
56331 107013 1
56331 126044 1
68700 56331 2
68700 73214 1
68700 73224 1
68700 74398 1
68700 84612 1
68700 90993 1
68700 92624 1
68700 93228 1
68700 93231 1
68700 93235 1
68700 94693 1
68700 97181 1
68700 105230 1
68700 107013 1
68700 126044 1
73224 56331 1
73224 68700 1
73224 70607 1
73224 73214 1
73224 74398 1
73224 84612 1
73224 85090 1
73224 86610 1
73224 90993 1
73224 92624 2
73224 93228 1
73224 93231 1
73224 93235 1
73224 94693 1
73224 97181 1
73224 98984 1
73224 105230 1
73224 107013 1
73224 125357 1
73224 126044 1
74398 56331 1
74398 68700 1
74398 73214 1
74398 73224 1
74398 84612 1
74398 88372 1
74398 90993 1
74398 92624 1
74398 93228 1
74398 93231 1
74398 93235 2
74398 94693 1
74398 97181 1
74398 105230 1
74398 107013 1
74398 126044 1
74412 56309 1
74412 58149 2
74412 62038 1
74412 62039 1
74412 68771 1
74412 73214 1
74412 73220 1
74412 74390 1
74412 74413 2
74412 74451 1
74412 81391 2
74412 84580 1
74412 84589 1
74412 84608 1
74412 85574 1
74412 85575 1
74412 87401 1
74412 87407 1
74412 93232 1
74412 98984 1
74412 103945 1
74412 122161 1
84612 56331 1
84612 68700 1
84612 73214 1
84612 73224 1
84612 74398 1
84612 90993 2
84612 92624 1
84612 93228 1
84612 93231 1
84612 93235 1
84612 94693 1
84612 97181 1
84612 105230 1
84612 107013 1
84612 126044 1
85581 73214 1
85581 85731 1
90993 56331 1
90993 68700 1
90993 73214 1
90993 73224 1
90993 74398 1
90993 84612 2
90993 92624 1
90993 93228 1
90993 93231 1
90993 93235 1
90993 94693 1
90993 97181 1
90993 105230 2
90993 107013 1
90993 126044 1
92624 56331 1
92624 68700 1
92624 70607 1
92624 73214 1
92624 73224 2
92624 74398 1
92624 84612 1
92624 85090 1
92624 86610 1
92624 90993 1
92624 93228 1
92624 93231 1
92624 93235 1
92624 94693 1
92624 97181 1
92624 98984 1
92624 105230 1
92624 107013 1
92624 125357 1
92624 126044 1
93228 56331 1
93228 68700 1
93228 73214 1
93228 73224 1
93228 74398 1
93228 81832 1
93228 84612 1
93228 90993 1
93228 92624 1
93228 93231 1
93228 93235 1
93228 94693 1
93228 97181 1
93228 105230 1
93228 107013 1
93228 126044 1
93231 56331 1
93231 68700 1
93231 73214 1
93231 73224 1
93231 74398 1
93231 84612 1
93231 90993 1
93231 92624 1
93231 93228 1
93231 93232 1
93231 93235 1
93231 94693 1
93231 97181 1
93231 105230 1
93231 107013 1
93231 126044 1
93231 127528 1
93235 56331 1
93235 60831 1
93235 61605 1
93235 63638 1
93235 63645 1
93235 68700 1
93235 68766 1
93235 70570 1
93235 70573 1
93235 70591 1
93235 73214 1
93235 73224 1
93235 73246 1
93235 74398 2
93235 77693 1
93235 84580 1
93235 84586 1
93235 84612 1
93235 84614 1
93235 85090 1
93235 85570 1
93235 85584 1
93235 85585 1
93235 85728 1
93235 87400 1
93235 90993 1
93235 92624 1
93235 93228 1
93235 93231 1
93235 94693 1
93235 95065 1
93235 97181 1
93235 103945 1
93235 105230 1
93235 107013 1
93235 125996 1
93235 126044 1
93235 126272 1
93235 127416 1
94693 56331 1
94693 68700 1
94693 73214 1
94693 73224 1
94693 74398 1
94693 84612 1
94693 90993 1
94693 92624 1
94693 93228 1
94693 93231 1
94693 93235 1
94693 97181 1
94693 105230 1
94693 107013 1
94693 126044 1
97181 56331 1
97181 58795 1
97181 62039 1
97181 65924 1
97181 68700 1
97181 68769 1
97181 73214 1
97181 73224 1
97181 74398 1
97181 78931 1
97181 84578 1
97181 84592 1
97181 84612 1
97181 84988 1
97181 85599 1
97181 86609 1
97181 86610 1
97181 87771 1
97181 87777 1
97181 90993 1
97181 92624 1
97181 93228 1
97181 93231 1
97181 93235 1
97181 94693 1
97181 95056 1
97181 98984 1
97181 101694 1
97181 103944 1
97181 105230 1
97181 107013 1
97181 113816 1
97181 116417 1
97181 116764 1
97181 122161 1
97181 126039 1
97181 126044 2
97181 126272 1
97181 126310 1
97181 126566 5
97181 126849 1
105230 56331 1
105230 68700 1
105230 73214 1
105230 73224 1
105230 74398 1
105230 84612 1
105230 90993 2
105230 92624 1
105230 93228 1
105230 93231 1
105230 93235 1
105230 94693 1
105230 97181 1
105230 107013 2
105230 126044 1
107013 56331 1
107013 68700 1
107013 73214 1
107013 73224 1
107013 74398 1
107013 84612 1
107013 90993 1
107013 92624 1
107013 93228 1
107013 93231 1
107013 93235 1
107013 94693 1
107013 97181 1
107013 105230 2
107013 126044 1
126044 56331 1
126044 68700 1
126044 73214 1
126044 73224 1
126044 74398 1
126044 84612 1
126044 90993 1
126044 92624 1
126044 93228 1
126044 93231 1
126044 93235 1
126044 94693 1
126044 97181 2
126044 105230 1
126044 107013 1
126044 126045 1
126044 126272 1
63639 53248 1
63639 60831 1
63639 62039 1
63639 63638 1
63639 63641 1
63639 63642 1
63639 63643 1
63639 63644 1
63639 63645 1
63639 63648 1
63639 68766 1
63639 68767 1
63639 70610 1
63639 74390 1
63639 74406 1
63639 74408 1
63639 74452 1
63639 95051 2
63639 126941 1
63639 127446 1
63639 127448 1
68766 44747 1
68766 50389 1
68766 53248 1
68766 58135 1
68766 58139 1
68766 58144 1
68766 58795 1
68766 60831 1
68766 61605 1
68766 62037 1
68766 63638 1
68766 63639 1
68766 63645 2
68766 67431 1
68766 68702 1
68766 68703 1
68766 68771 1
68766 68772 4
68766 70570 1
68766 70571 1
68766 70573 1
68766 70591 1
68766 70610 2
68766 70634 1
68766 73246 2
68766 74390 2
68766 74401 1
68766 74406 1
68766 74408 1
68766 74409 1
68766 77693 1
68766 84580 1
68766 84586 1
68766 85090 1
68766 85570 1
68766 85600 1
68766 85727 1
68766 85728 2
68766 87400 2
68766 87773 1
68766 88057 1
68766 88058 1
68766 93235 1
68766 95051 2
68766 95058 1
68766 95059 1
68766 101694 1
68766 102959 1
68766 103945 1
68766 125357 1
68766 125996 1
68766 126272 1
68766 126310 1
68766 127416 1
68766 127447 1
68766 127448 1
68767 63639 1
68767 74406 1
68771 47264 1
68771 61605 1
68771 62003 1
68771 62038 1
68771 63638 1
68771 68766 1
68771 68772 1
68771 70571 1
68771 70610 1
68771 70634 1
68771 73220 1
68771 74390 2
68771 74401 1
68771 74404 1
68771 74406 1
68771 74412 1
68771 74595 1
68771 84578 1
68771 84589 1
68771 84599 1
68771 85600 1
68771 85727 1
68771 85728 1
68771 86621 1
68771 87400 1
68771 88057 1
68771 88058 1
68771 95051 1
68771 95057 1
68771 95058 1
68771 95059 1
68771 101694 1
68771 103945 1
68771 105674 1
68771 105675 1
68771 105676 1
68771 107180 1
68771 125357 1
68771 127447 1
68772 44747 1
68772 47155 1
68772 50389 1
68772 51676 1
68772 58132 1
68772 58135 1
68772 58136 1
68772 58139 1
68772 58144 1
68772 58795 3
68772 59456 1
68772 60831 1
68772 62010 1
68772 62037 1
68772 62039 1
68772 62483 1
68772 63645 1
68772 64905 1
68772 66446 1
68772 68702 1
68772 68703 1
68772 68766 4
68772 68771 1
68772 70571 1
68772 70573 1
68772 70610 3
68772 70634 2
68772 73246 1
68772 74390 2
68772 74401 1
68772 74406 1
68772 74408 1
68772 74409 1
68772 74410 1
68772 77693 1
68772 85575 1
68772 85576 1
68772 85600 1
68772 85727 1
68772 85728 1
68772 87400 1
68772 87773 1
68772 87777 1
68772 88057 1
68772 88058 1
68772 95051 1
68772 95058 1
68772 95059 1
68772 98988 1
68772 101694 1
68772 102959 1
68772 105676 1
68772 125357 1
68772 126310 2
68772 126942 1
68772 127447 2
70571 58135 1
70571 68766 1
70571 68771 1
70571 68772 1
70571 70610 1
70571 70634 1
70571 74390 1
70571 74401 1
70571 74405 1
70571 74406 1
70571 85577 1
70571 85600 1
70571 85727 1
70571 85728 1
70571 85731 1
70571 87400 1
70571 88057 1
70571 88058 1
70571 95051 1
70571 95058 1
70571 95059 1
70571 101694 1
70571 125357 1
70571 125360 1
70571 127447 1
70574 74406 1
70574 84990 1
70590 53248 1
70590 58795 1
70590 62003 1
70590 70607 1
70590 74406 1
70590 74413 1
70590 84589 1
70590 87407 1
70591 47264 1
70591 47265 1
70591 60831 1
70591 61605 1
70591 63638 1
70591 63645 1
70591 68766 1
70591 70570 1
70591 70573 1
70591 70610 1
70591 70634 1
70591 73246 1
70591 74406 1
70591 77693 1
70591 84580 1
70591 84581 1
70591 84586 1
70591 85090 1
70591 85570 1
70591 85728 1
70591 87400 1
70591 87771 1
70591 87778 1
70591 92625 1
70591 93235 1
70591 95051 1
70591 98988 1
70591 103945 1
70591 125357 1
70591 125988 1
70591 125996 1
70591 126272 1
70591 127416 2
70591 127446 2
70591 127472 1
70607 53248 1
70607 58795 1
70607 70590 1
70607 73224 1
70607 74406 1
70607 78923 1
70607 84589 1
70607 85090 1
70607 85575 1
70607 85577 1
70607 86610 1
70607 87401 1
70607 87407 1
70607 92624 1
70607 98984 1
70607 105670 1
70607 105671 1
70607 105672 1
70607 116764 1
70607 125357 1
70634 58795 1
70634 60831 1
70634 62010 1
70634 62038 1
70634 62039 1
70634 62483 1
70634 66446 1
70634 68397 1
70634 68766 1
70634 68771 1
70634 68772 2
70634 70571 1
70634 70591 1
70634 70610 2
70634 70618 1
70634 74390 1
70634 74395 1
70634 74401 1
70634 74406 1
70634 84581 1
70634 85575 1
70634 85576 1
70634 85600 1
70634 85727 1
70634 85728 1
70634 87400 1
70634 87771 1
70634 87777 2
70634 88057 1
70634 88058 1
70634 95051 1
70634 95058 1
70634 95059 1
70634 98988 1
70634 101694 1
70634 103944 1
70634 105676 1
70634 125357 2
70634 125988 1
70634 126942 1
70634 127446 1
70634 127447 1
74401 68766 1
74401 68771 1
74401 68772 1
74401 70571 1
74401 70610 1
74401 70634 1
74401 74390 1
74401 74406 1
74401 85600 1
74401 85727 1
74401 85728 1
74401 87400 1
74401 88057 1
74401 88058 1
74401 95051 1
74401 95058 1
74401 95059 1
74401 101694 1
74401 125357 1
74401 127447 1
74413 62003 1
74413 62038 1
74413 68396 1
74413 70590 1
74413 74406 1
74413 74412 2
74413 74464 1
74413 85575 1
74413 85577 1
74413 95051 1
74413 105671 1
74413 122161 1
74413 125988 1
81391 62039 1
81391 74406 1
81391 74412 2
81391 74451 1
81391 84580 1
81391 84608 1
81391 85599 1
81391 87401 1
81391 87407 1
81391 93232 1
81391 98984 1
84990 63638 1
84990 70574 1
84990 74406 1
84990 85569 1
84990 85572 1
84990 85584 1
85599 58795 1
85599 62039 1
85599 68769 1
85599 74406 1
85599 74451 1
85599 78931 1
85599 81391 1
85599 87777 1
85599 95056 1
85599 97181 1
85599 98984 1
85599 126310 1
85599 126566 1
85599 126849 1
85600 63645 1
85600 63829 1
85600 68766 1
85600 68771 1
85600 68772 1
85600 70571 1
85600 70610 1
85600 70634 1
85600 74390 1
85600 74401 1
85600 74406 1
85600 85727 1
85600 85728 1
85600 87400 1
85600 88057 2
85600 88058 1
85600 95051 1
85600 95058 1
85600 95059 1
85600 98988 1
85600 101694 1
85600 125357 1
85600 126310 1
85600 127447 1
85727 62003 1
85727 68766 1
85727 68771 1
85727 68772 1
85727 70571 1
85727 70610 1
85727 70634 1
85727 74390 1
85727 74401 1
85727 74405 1
85727 74406 1
85727 74408 1
85727 85575 1
85727 85600 1
85727 85728 1
85727 85731 1
85727 87400 1
85727 87401 1
85727 88057 1
85727 88058 1
85727 93232 1
85727 95051 1
85727 95058 1
85727 95059 1
85727 101694 1
85727 125357 1
85727 127447 1
85727 127528 1
85728 60831 1
85728 61605 1
85728 63638 1
85728 63645 1
85728 68766 2
85728 68771 1
85728 68772 1
85728 70570 1
85728 70571 1
85728 70573 1
85728 70591 1
85728 70610 1
85728 70634 1
85728 73246 1
85728 74390 1
85728 74401 1
85728 74406 1
85728 77693 1
85728 84580 1
85728 84586 1
85728 85090 1
85728 85570 1
85728 85600 1
85728 85727 1
85728 87400 2
85728 88057 1
85728 88058 1
85728 93235 1
85728 95051 1
85728 95058 1
85728 95059 1
85728 101694 1
85728 103945 1
85728 125357 1
85728 125996 1
85728 126272 1
85728 127416 1
85728 127447 1
87400 60831 1
87400 61605 1
87400 63638 1
87400 63641 1
87400 63642 1
87400 63645 1
87400 68766 2
87400 68771 1
87400 68772 1
87400 70570 1
87400 70571 1
87400 70573 1
87400 70591 1
87400 70610 1
87400 70634 1
87400 73246 1
87400 74390 1
87400 74401 1
87400 74406 1
87400 77693 1
87400 84580 1
87400 84586 1
87400 85090 1
87400 85570 1
87400 85600 1
87400 85727 1
87400 85728 2
87400 88057 1
87400 88058 1
87400 93235 1
87400 95051 1
87400 95058 1
87400 95059 1
87400 101694 1
87400 103945 1
87400 125357 1
87400 125996 1
87400 126272 1
87400 127416 1
87400 127447 1
87401 58795 1
87401 62038 1
87401 62039 2
87401 65924 1
87401 70607 1
87401 74406 1
87401 74412 1
87401 74456 1
87401 78920 1
87401 81391 1
87401 84608 1
87401 85574 4
87401 85575 2
87401 85577 1
87401 85727 1
87401 85731 1
87401 86621 1
87401 87407 2
87401 92630 1
87401 93232 1
87401 95056 1
87401 96540 1
87401 98984 1
87401 102421 1
87401 105670 1
87401 105671 1
87401 105672 1
87401 116764 1
87401 126850 1
87401 127446 1
87401 127528 3
87778 65924 1
87778 70591 1
87778 74406 1
87778 86609 1
87778 86620 1
87778 86621 1
87778 87771 1
87778 92625 1
87778 95051 1
87778 98984 1
87778 98988 1
87778 113816 1
87778 127416 1
87778 127446 1
88057 50385 1
88057 50389 1
88057 53248 1
88057 63645 2
88057 68766 1
88057 68771 1
88057 68772 1
88057 70571 1
88057 70610 1
88057 70634 1
88057 74390 1
88057 74401 1
88057 74406 1
88057 84600 1
88057 85576 1
88057 85577 1
88057 85600 2
88057 85727 1
88057 85728 1
88057 87400 1
88057 88056 1
88057 88058 1
88057 95051 1
88057 95058 1
88057 95059 1
88057 98988 1
88057 101694 1
88057 103944 1
88057 103945 1
88057 125357 1
88057 126310 1
88057 127447 1
88058 68766 1
88058 68771 1
88058 68772 1
88058 70571 1
88058 70610 1
88058 70634 1
88058 74390 1
88058 74401 1
88058 74406 1
88058 85600 1
88058 85727 1
88058 85728 1
88058 87400 1
88058 88057 1
88058 95051 1
88058 95058 1
88058 95059 1
88058 101694 1
88058 105671 1
88058 125357 1
88058 127447 1
92625 70591 1
92625 74406 1
92625 87778 1
92625 95051 1
92625 98988 1
92625 127416 1
92625 127446 1
95051 60831 1
95051 62038 1
95051 62039 2
95051 63639 2
95051 67431 1
95051 68766 2
95051 68771 1
95051 68772 1
95051 70571 1
95051 70591 1
95051 70610 2
95051 70634 1
95051 74390 1
95051 74401 1
95051 74406 2
95051 74408 1
95051 74413 1
95051 74452 1
95051 74464 1
95051 85577 1
95051 85600 1
95051 85727 1
95051 85728 1
95051 87400 1
95051 87778 1
95051 87791 1
95051 88057 1
95051 88058 1
95051 92625 1
95051 95058 1
95051 95059 1
95051 98988 1
95051 101694 1
95051 105671 1
95051 125357 1
95051 125988 1
95051 126941 1
95051 127416 1
95051 127446 2
95051 127447 1
95058 68766 1
95058 68771 1
95058 68772 1
95058 70571 1
95058 70610 1
95058 70634 1
95058 74390 1
95058 74401 1
95058 74406 1
95058 85600 1
95058 85727 1
95058 85728 1
95058 87400 1
95058 88057 1
95058 88058 1
95058 95051 1
95058 95059 1
95058 101694 1
95058 125357 1
95058 127447 1
95059 68766 1
95059 68771 1
95059 68772 1
95059 70571 1
95059 70610 1
95059 70634 1
95059 74390 1
95059 74401 1
95059 74406 1
95059 85600 1
95059 85727 1
95059 85728 1
95059 87400 1
95059 88057 1
95059 88058 1
95059 95051 1
95059 95058 1
95059 101694 1
95059 125357 1
95059 127447 1
98988 51682 1
98988 58135 1
98988 58795 1
98988 60831 1
98988 62010 1
98988 62039 1
98988 62483 1
98988 63645 1
98988 66446 1
98988 68772 1
98988 70591 1
98988 70634 1
98988 74404 1
98988 74406 1
98988 84581 1
98988 85575 1
98988 85576 1
98988 85600 1
98988 86620 1
98988 87771 1
98988 87777 1
98988 87778 1
98988 88057 1
98988 92625 1
98988 95051 1
98988 95056 1
98988 98984 1
98988 98986 1
98988 105676 1
98988 126310 1
98988 126942 1
98988 127416 1
98988 127446 1
101694 68766 1
101694 68771 1
101694 68772 1
101694 70571 1
101694 70610 1
101694 70634 1
101694 74390 1
101694 74401 1
101694 74406 1
101694 84578 1
101694 85582 1
101694 85600 1
101694 85727 1
101694 85728 1
101694 87400 1
101694 87771 1
101694 88057 1
101694 88058 1
101694 95051 1
101694 95058 1
101694 95059 1
101694 97181 1
101694 98984 1
101694 125357 1
101694 126310 1
101694 127447 1
105670 51682 1
105670 61605 1
105670 70607 1
105670 74390 1
105670 74406 1
105670 84581 1
105670 84600 1
105670 85570 1
105670 85577 1
105670 87401 1
105670 87777 1
105670 105671 1
105670 105672 1
105670 116764 1
105670 127377 1
105670 127378 1
105671 58795 1
105671 62038 1
105671 67428 1
105671 70570 1
105671 70607 1
105671 74406 1
105671 74408 1
105671 74413 1
105671 74464 1
105671 85577 2
105671 87401 1
105671 87407 1
105671 87771 1
105671 87779 1
105671 88058 1
105671 93232 1
105671 95051 1
105671 105670 1
105671 105672 1
105671 116764 1
105671 125357 1
105672 68769 1
105672 70607 1
105672 74406 1
105672 74464 1
105672 85575 1
105672 85577 1
105672 87401 1
105672 87407 1
105672 87777 1
105672 87791 1
105672 105670 1
105672 105671 1
105672 116764 1
105672 126567 1
105672 127446 2
125357 56309 1
125357 58795 1
125357 62038 1
125357 68766 1
125357 68771 1
125357 68772 1
125357 70571 1
125357 70591 1
125357 70607 1
125357 70610 2
125357 70634 2
125357 73224 1
125357 74390 1
125357 74401 1
125357 74406 1
125357 84581 1
125357 85090 1
125357 85574 1
125357 85600 1
125357 85727 1
125357 85728 1
125357 86610 1
125357 87400 1
125357 87771 2
125357 88057 1
125357 88058 1
125357 92624 1
125357 95051 1
125357 95058 1
125357 95059 1
125357 98984 1
125357 101694 1
125357 103945 1
125357 105671 1
125357 125358 1
125357 125359 1
125357 125360 1
125357 125988 1
125357 127446 1
125357 127447 1
127446 63639 1
127446 70591 2
127446 70610 1
127446 70634 1
127446 74406 1
127446 74408 1
127446 74464 1
127446 84581 1
127446 87401 1
127446 87407 1
127446 87771 1
127446 87777 1
127446 87778 1
127446 92625 1
127446 95051 2
127446 98988 1
127446 105672 2
127446 125357 1
127446 125988 1
127446 127416 1
127446 127447 1
127446 127448 1
127446 127528 1
127447 47155 1
127447 51676 1
127447 58132 1
127447 58136 1
127447 58795 1
127447 59456 1
127447 64905 1
127447 68766 1
127447 68771 1
127447 68772 2
127447 70571 1
127447 70573 1
127447 70610 2
127447 70634 1
127447 74390 1
127447 74401 1
127447 74406 1
127447 74410 1
127447 77693 1
127447 85600 1
127447 85727 1
127447 85728 1
127447 87400 1
127447 88057 1
127447 88058 1
127447 95051 1
127447 95058 1
127447 95059 1
127447 101694 1
127447 125357 1
127447 126310 1
127447 127446 1
127447 127448 1
127447 127528 1
60831 58139 1
60831 58795 1
60831 61605 1
60831 62010 2
60831 62039 2
60831 62483 1
60831 63638 1
60831 63639 1
60831 63645 1
60831 66446 1
60831 68766 1
60831 68772 1
60831 70570 1
60831 70573 1
60831 70591 1
60831 70610 1
60831 70634 1
60831 73246 1
60831 74452 1
60831 74596 1
60831 77693 1
60831 84580 1
60831 84586 1
60831 85090 1
60831 85570 1
60831 85575 1
60831 85576 1
60831 85728 1
60831 87400 1
60831 87777 1
60831 93235 1
60831 95051 1
60831 98988 1
60831 103945 1
60831 105676 1
60831 125996 1
60831 126272 1
60831 126941 1
60831 126942 1
60831 127377 1
60831 127416 1
62039 58795 2
62039 60831 2
62039 62010 1
62039 62483 1
62039 63639 1
62039 65924 1
62039 66446 1
62039 68769 1
62039 68772 1
62039 70610 1
62039 70634 1
62039 74412 1
62039 74452 1
62039 78920 1
62039 78931 1
62039 81391 1
62039 84608 1
62039 85574 1
62039 85575 2
62039 85576 1
62039 85599 1
62039 87401 2
62039 87407 1
62039 87777 3
62039 93232 1
62039 95051 2
62039 95056 1
62039 97181 1
62039 98984 2
62039 98988 1
62039 105676 1
62039 126310 1
62039 126566 1
62039 126849 1
62039 126941 1
62039 126942 1
126941 58135 1
126941 60831 1
126941 62039 1
126941 63639 1
126941 68396 1
126941 70610 1
126941 74390 1
126941 74395 1
126941 74409 1
126941 74452 1
126941 85577 1
126941 87407 1
126941 95051 1
126941 126849 1
126941 126942 2
126941 127416 1
47265 47264 1
47265 56309 1
47265 62003 1
47265 62038 1
47265 70591 1
47265 85576 1
47265 87777 1
47265 87797 1
47265 93232 1
47265 125358 1
47265 126849 1
50385 50389 1
50385 53248 1
50385 63645 1
50385 84600 1
50385 85576 1
50385 85577 1
50385 88056 1
50385 88057 1
50385 103944 1
50385 103945 1
50389 50385 1
50389 53248 1
50389 58139 1
50389 58144 1
50389 63645 2
50389 68766 1
50389 68772 1
50389 84600 1
50389 85576 1
50389 85577 1
50389 88056 1
50389 88057 1
50389 103944 1
50389 103945 1
53248 50385 1
53248 50389 1
53248 58795 1
53248 63639 1
53248 63645 1
53248 68766 1
53248 70590 1
53248 70607 1
53248 74390 1
53248 84589 1
53248 84600 1
53248 85576 1
53248 85577 1
53248 87407 1
53248 88056 1
53248 88057 1
53248 103944 1
53248 103945 1
53248 127448 1
56309 47265 1
56309 62003 1
56309 62038 1
56309 74412 1
56309 74464 1
56309 84580 1
56309 85576 1
56309 87777 1
56309 87797 1
56309 93232 1
56309 125357 1
56309 125358 2
56309 125359 1
56309 125360 1
56309 126849 1
56309 126942 1
58795 47155 1
58795 51676 1
58795 53248 1
58795 58132 1
58795 58135 1
58795 58136 1
58795 58794 1
58795 59456 1
58795 60831 1
58795 62010 1
58795 62038 1
58795 62039 2
58795 62483 1
58795 64905 1
58795 66446 1
58795 68766 1
58795 68769 1
58795 68772 3
58795 70573 1
58795 70590 1
58795 70607 1
58795 70610 2
58795 70634 1
58795 73246 1
58795 74410 1
58795 77693 1
58795 78931 1
58795 84589 1
58795 85574 1
58795 85575 1
58795 85576 1
58795 85599 1
58795 87401 1
58795 87407 1
58795 87777 2
58795 92630 1
58795 95056 1
58795 97181 1
58795 98984 1
58795 98988 1
58795 102959 1
58795 105671 1
58795 105676 1
58795 125357 1
58795 126310 4
58795 126566 1
58795 126849 1
58795 126942 1
58795 127447 1
62003 25295 1
62003 47264 1
62003 47265 1
62003 50386 1
62003 50387 1
62003 56309 1
62003 58139 1
62003 62038 1
62003 62483 1
62003 63638 1
62003 66460 1
62003 68771 1
62003 70590 1
62003 74405 1
62003 74408 1
62003 74413 1
62003 74595 1
62003 84578 1
62003 84599 1
62003 85576 1
62003 85727 1
62003 86621 1
62003 87777 1
62003 87797 1
62003 88066 1
62003 93232 3
62003 95057 1
62003 105674 1
62003 105675 2
62003 105676 1
62003 107180 1
62003 113816 1
62003 125358 1
62003 126849 1
62010 58135 1
62010 58139 1
62010 58795 1
62010 60831 2
62010 62039 1
62010 62483 1
62010 66446 1
62010 68772 1
62010 70634 1
62010 74596 1
62010 85575 1
62010 85576 1
62010 85577 1
62010 87777 1
62010 98988 1
62010 105676 1
62010 125360 1
62010 126942 1
62010 127377 1
62038 47265 1
62038 56309 1
62038 58795 1
62038 58983 1
62038 62003 1
62038 63852 1
62038 68397 1
62038 68771 1
62038 70618 1
62038 70634 1
62038 73220 1
62038 74390 1
62038 74395 1
62038 74412 1
62038 74413 1
62038 74464 1
62038 84586 1
62038 84589 1
62038 85574 2
62038 85575 1
62038 85576 2
62038 85577 1
62038 87401 1
62038 87407 1
62038 87771 1
62038 87777 2
62038 87797 1
62038 92630 1
62038 93232 1
62038 95051 1
62038 95057 1
62038 100214 1
62038 103944 1
62038 103945 2
62038 105671 1
62038 116764 1
62038 125357 1
62038 125358 1
62038 126849 1
63645 50385 1
63645 50389 2
63645 53248 1
63645 58139 1
63645 58144 1
63645 60831 1
63645 61605 1
63645 63638 2
63645 63639 1
63645 63641 1
63645 63642 1
63645 63643 1
63645 63644 1
63645 63648 1
63645 68766 2
63645 68772 1
63645 70570 1
63645 70573 1
63645 70591 1
63645 73246 1
63645 77693 1
63645 84580 1
63645 84586 1
63645 84600 1
63645 85090 1
63645 85570 1
63645 85576 1
63645 85577 1
63645 85600 1
63645 85728 1
63645 87400 1
63645 88056 1
63645 88057 2
63645 93235 1
63645 98988 1
63645 103944 1
63645 103945 2
63645 125996 1
63645 126272 1
63645 126310 1
63645 127416 1
66446 58795 1
66446 60831 1
66446 62010 1
66446 62039 1
66446 62483 1
66446 68772 1
66446 70634 1
66446 84600 1
66446 85570 1
66446 85575 1
66446 85576 1
66446 87777 1
66446 98988 1
66446 105676 1
66446 126942 1
67431 67428 1
67431 67439 1
67431 67451 1
67431 68766 1
67431 84595 1
67431 85576 1
67431 95051 1
67431 125996 1
84586 60831 1
84586 61605 1
84586 62038 1
84586 63638 1
84586 63645 1
84586 68766 1
84586 70570 1
84586 70573 1
84586 70591 1
84586 73246 1
84586 77693 1
84586 84580 1
84586 85090 1
84586 85570 1
84586 85576 1
84586 85728 1
84586 87400 1
84586 87407 1
84586 93235 1
84586 103945 1
84586 125996 1
84586 126272 1
84586 127416 1
85575 58135 1
85575 58795 1
85575 58983 1
85575 60831 1
85575 62010 1
85575 62038 1
85575 62039 2
85575 62483 1
85575 63638 1
85575 65924 1
85575 66446 1
85575 68769 1
85575 68772 1
85575 70588 1
85575 70607 1
85575 70634 1
85575 74412 1
85575 74413 1
85575 78920 1
85575 78923 1
85575 84592 1
85575 85574 1
85575 85576 1
85575 85727 1
85575 85731 1
85575 87401 2
85575 87777 1
85575 95057 1
85575 98988 1
85575 105672 1
85575 105676 1
85575 107011 1
85575 116764 1
85575 122161 1
85575 126310 1
85575 126849 1
85575 126850 1
85575 126942 1
85575 127528 1
87777 47265 1
87777 51682 1
87777 56309 1
87777 58795 2
87777 60831 1
87777 61605 1
87777 62003 1
87777 62010 1
87777 62038 2
87777 62039 3
87777 62483 1
87777 66446 1
87777 68397 1
87777 68769 1
87777 68772 1
87777 70618 1
87777 70634 2
87777 74395 1
87777 74464 1
87777 78931 1
87777 84581 1
87777 84600 1
87777 84605 1
87777 85401 1
87777 85570 1
87777 85575 1
87777 85576 2
87777 85599 1
87777 87407 1
87777 87797 1
87777 93232 1
87777 95056 1
87777 97181 1
87777 98984 1
87777 98988 1
87777 103944 1
87777 105670 1
87777 105672 1
87777 105676 1
87777 125358 1
87777 126310 1
87777 126566 1
87777 126849 2
87777 126942 1
87777 127377 1
87777 127378 1
87777 127446 1
87779 67428 1
87779 74408 1
87779 85576 1
87779 105671 1
87779 125988 1
87779 126272 1
87797 47265 1
87797 56309 1
87797 62003 1
87797 62038 1
87797 85576 1
87797 87777 1
87797 93232 1
87797 125358 1
87797 126849 1
88056 50385 1
88056 50389 1
88056 53248 1
88056 63645 1
88056 84600 1
88056 85576 1
88056 85577 1
88056 88057 1
88056 103944 1
88056 103945 1
93232 25295 1
93232 47265 1
93232 50386 1
93232 50387 1
93232 51682 1
93232 56309 1
93232 62003 3
93232 62038 1
93232 62039 1
93232 66460 1
93232 74404 1
93232 74405 1
93232 74408 1
93232 74412 1
93232 81391 1
93232 84608 1
93232 85576 1
93232 85727 1
93232 87401 1
93232 87407 1
93232 87771 1
93232 87777 1
93232 87797 1
93232 93231 1
93232 98984 1
93232 105671 1
93232 125358 1
93232 126849 1
93232 127528 1
103944 50385 1
103944 50389 1
103944 53248 1
103944 62038 1
103944 63645 1
103944 65924 1
103944 68397 1
103944 70618 1
103944 70634 1
103944 74395 1
103944 84600 1
103944 85090 1
103944 85576 1
103944 85577 1
103944 87777 1
103944 88056 1
103944 88057 1
103944 97181 1
103944 103945 1
103944 113816 2
103944 121168 1
103944 126272 1
103944 126566 2
103945 50385 1
103945 50389 1
103945 53248 1
103945 60831 1
103945 61605 1
103945 62038 2
103945 63638 1
103945 63645 2
103945 68766 1
103945 68771 1
103945 70570 1
103945 70573 1
103945 70591 1
103945 73220 1
103945 73246 1
103945 74390 1
103945 74412 1
103945 77693 1
103945 84580 1
103945 84586 1
103945 84589 1
103945 84600 1
103945 85090 1
103945 85570 1
103945 85574 1
103945 85576 1
103945 85577 1
103945 85728 1
103945 87400 1
103945 87771 1
103945 88056 1
103945 88057 1
103945 93235 1
103945 103944 1
103945 125357 1
103945 125996 1
103945 126272 1
103945 127416 1
105676 47264 1
105676 58795 1
105676 60831 1
105676 62003 1
105676 62010 1
105676 62039 1
105676 62483 1
105676 63638 1
105676 66446 1
105676 68771 1
105676 68772 1
105676 70634 1
105676 74595 1
105676 84578 1
105676 84599 1
105676 85575 1
105676 85576 1
105676 85577 1
105676 86621 1
105676 87777 1
105676 95057 1
105676 98988 1
105676 105674 1
105676 105675 1
105676 107180 1
105676 126310 1
105676 126942 1
125358 47265 1
125358 56309 2
125358 62003 1
125358 62038 1
125358 85576 1
125358 87777 1
125358 87797 1
125358 93232 1
125358 125357 1
125358 125359 1
125358 125360 1
125358 126849 1
125988 70591 1
125988 70610 1
125988 70634 1
125988 74413 1
125988 84581 1
125988 85576 1
125988 87771 1
125988 87779 1
125988 87791 1
125988 95051 1
125988 125357 1
125988 126272 1
125988 127446 1
125996 60831 1
125996 61605 1
125996 63638 1
125996 63645 1
125996 67431 1
125996 68766 1
125996 70570 1
125996 70573 1
125996 70591 1
125996 73246 1
125996 77693 1
125996 84580 1
125996 84586 1
125996 85090 1
125996 85570 1
125996 85576 1
125996 85728 1
125996 87400 1
125996 93235 1
125996 103945 1
125996 126272 1
125996 127416 1
126272 58983 1
126272 60831 1
126272 61605 1
126272 63638 1
126272 63645 1
126272 68766 1
126272 70570 1
126272 70573 1
126272 70591 1
126272 73246 1
126272 77693 1
126272 78929 1
126272 84580 1
126272 84586 1
126272 85090 1
126272 85570 1
126272 85576 1
126272 85728 1
126272 87400 1
126272 87779 1
126272 92630 1
126272 93235 1
126272 97181 1
126272 103944 1
126272 103945 1
126272 116764 1
126272 121168 2
126272 125988 1
126272 125996 1
126272 126044 1
126272 127416 1
126849 47265 1
126849 56309 1
126849 58795 1
126849 62003 1
126849 62038 1
126849 62039 1
126849 68769 1
126849 74390 1
126849 78931 1
126849 84595 1
126849 85575 1
126849 85576 1
126849 85577 1
126849 85599 1
126849 87407 1
126849 87777 2
126849 87797 1
126849 93232 1
126849 95056 1
126849 97181 1
126849 98984 1
126849 125358 1
126849 126310 1
126849 126566 1
126849 126850 1
126849 126941 1
126849 126942 1
126942 56309 1
126942 58795 1
126942 60831 1
126942 62010 1
126942 62039 1
126942 62483 1
126942 66446 1
126942 68772 1
126942 70634 1
126942 74390 1
126942 74457 1
126942 74464 1
126942 85575 1
126942 85576 1
126942 85577 1
126942 87407 1
126942 87777 1
126942 98988 1
126942 105676 1
126942 126849 1
126942 126941 2
51682 58135 1
51682 61605 1
51682 74404 2
51682 84581 2
51682 84600 1
51682 85570 1
51682 86620 1
51682 87771 1
51682 87777 1
51682 93232 1
51682 95056 1
51682 98988 1
51682 105670 1
51682 127377 1
51682 127378 1
58135 51682 1
58135 58795 1
58135 62010 1
58135 68766 1
58135 68772 1
58135 70571 1
58135 70610 1
58135 73246 1
58135 74395 1
58135 74404 1
58135 74409 1
58135 84581 1
58135 85575 1
58135 85577 1
58135 85731 1
58135 86620 1
58135 87771 1
58135 95056 1
58135 98988 1
58135 102959 1
58135 126310 1
58135 126941 1
58135 127416 1
68769 58795 1
68769 62039 1
68769 78931 1
68769 85574 1
68769 85575 1
68769 85577 1
68769 85599 1
68769 85731 1
68769 87777 1
68769 92630 1
68769 95056 1
68769 97181 1
68769 98984 1
68769 105672 1
68769 126310 2
68769 126566 1
68769 126849 1
70594 78936 1
70594 85572 1
70594 85582 1
70594 95056 1
70594 125360 1
70594 126310 1
74404 51682 2
74404 58135 1
74404 61605 1
74404 68771 1
74404 84581 1
74404 86620 1
74404 87771 1
74404 93232 1
74404 95056 1
74404 98988 1
78931 58795 1
78931 62039 1
78931 68769 1
78931 85599 1
78931 87777 1
78931 95056 1
78931 97181 1
78931 98984 1
78931 126310 1
78931 126566 1
78931 126849 1
78936 70594 1
78936 85572 1
78936 85582 1
78936 95056 1
78936 125360 1
78936 126310 1
85572 61605 1
85572 63638 1
85572 70594 1
85572 70635 1
85572 78922 1
85572 78936 1
85572 84990 1
85572 85569 1
85572 85582 1
85572 85584 1
85572 95056 1
85572 98984 1
85572 125360 1
85572 126310 1
85582 70594 1
85582 78936 1
85582 85572 1
85582 95056 1
85582 98984 1
85582 101694 1
85582 125360 1
85582 126310 2
86620 51682 1
86620 58135 1
86620 74404 1
86620 84581 1
86620 86609 1
86620 86621 1
86620 87771 2
86620 87778 1
86620 95056 1
86620 98988 1
96540 87401 1
96540 87407 1
96540 95056 1
96540 127528 1
98984 58795 1
98984 61605 1
98984 62039 2
98984 65924 2
98984 68769 1
98984 70607 1
98984 70625 1
98984 70635 1
98984 73224 1
98984 74395 1
98984 74412 1
98984 74418 1
98984 78922 1
98984 78931 1
98984 81391 1
98984 84608 1
98984 84988 1
98984 84994 1
98984 85090 1
98984 85572 1
98984 85578 1
98984 85582 1
98984 85599 1
98984 86610 1
98984 87401 1
98984 87407 1
98984 87777 1
98984 87778 1
98984 92624 1
98984 93232 1
98984 95056 1
98984 97181 1
98984 98316 1
98984 98986 1
98984 98988 1
98984 101694 1
98984 113816 2
98984 115903 1
98984 116417 1
98984 125357 1
98984 126310 2
98984 126566 1
98984 126849 1
125360 56309 1
125360 62010 1
125360 70571 1
125360 70594 1
125360 74405 1
125360 78936 1
125360 85572 1
125360 85577 1
125360 85582 1
125360 95056 1
125360 125357 1
125360 125358 1
125360 125359 1
125360 126310 1
126566 58795 1
126566 62039 1
126566 65924 1
126566 68769 1
126566 78931 1
126566 84988 2
126566 85090 2
126566 85599 1
126566 86609 1
126566 86610 1
126566 87777 1
126566 95056 1
126566 97181 5
126566 98984 1
126566 103944 2
126566 113816 2
126566 116417 1
126566 116764 3
126566 121168 1
126566 122161 1
126566 126310 1
126566 126567 1
126566 126568 1
126566 126849 1
127528 61605 1
127528 85574 1
127528 85575 1
127528 85727 1
127528 85731 1
127528 86621 1
127528 87401 3
127528 87407 2
127528 93231 1
127528 93232 1
127528 95056 1
127528 96540 1
127528 126850 1
127528 127446 1
127528 127447 1
127528 127448 1
47264 47265 1
47264 52280 1
47264 62003 1
47264 62166 1
47264 63638 1
47264 68771 1
47264 70591 1
47264 74595 1
47264 84578 1
47264 84592 1
47264 84599 1
47264 86621 1
47264 95057 1
47264 105674 1
47264 105675 1
47264 105676 1
47264 107180 1
47264 127448 1
63638 47264 1
63638 58983 1
63638 60831 1
63638 61605 1
63638 62003 1
63638 63639 1
63638 63641 1
63638 63642 1
63638 63643 1
63638 63644 1
63638 63645 2
63638 63648 1
63638 68766 1
63638 68771 1
63638 70570 1
63638 70573 1
63638 70588 1
63638 70591 1
63638 73246 1
63638 74595 1
63638 77693 1
63638 84578 1
63638 84580 1
63638 84586 1
63638 84599 1
63638 84990 1
63638 85090 1
63638 85569 1
63638 85570 1
63638 85572 1
63638 85575 1
63638 85584 1
63638 85728 1
63638 86621 1
63638 87400 1
63638 93235 1
63638 95057 1
63638 103945 1
63638 105674 1
63638 105675 1
63638 105676 1
63638 107180 1
63638 116764 1
63638 125996 1
63638 126272 1
63638 126310 1
63638 127416 1
74595 47264 1
74595 62003 1
74595 63638 1
74595 68771 1
74595 84578 1
74595 84599 1
74595 86621 1
74595 95057 1
74595 105674 1
74595 105675 1
74595 105676 1
74595 107180 1
84578 47264 1
84578 62003 1
84578 63638 1
84578 65924 1
84578 68771 1
84578 70619 1
84578 70629 1
84578 70630 1
84578 74595 1
84578 84599 1
84578 86621 1
84578 87771 1
84578 95057 1
84578 97181 1
84578 100915 1
84578 101694 1
84578 105674 1
84578 105675 1
84578 105676 1
84578 107180 1
84599 47264 1
84599 62003 1
84599 63638 1
84599 68771 1
84599 74595 1
84599 84578 1
84599 86621 1
84599 95057 1
84599 105674 1
84599 105675 1
84599 105676 1
84599 107180 1
86621 47264 1
86621 62003 1
86621 63638 1
86621 68771 1
86621 74595 1
86621 84578 1
86621 84599 1
86621 85090 1
86621 85574 1
86621 86609 1
86621 86620 1
86621 87401 1
86621 87771 1
86621 87778 1
86621 95057 1
86621 105674 1
86621 105675 1
86621 105676 1
86621 107180 1
86621 126850 1
86621 127528 1
105674 47264 1
105674 62003 1
105674 63638 1
105674 68771 1
105674 74595 1
105674 84578 1
105674 84599 1
105674 86621 1
105674 95057 1
105674 105675 1
105674 105676 1
105674 107180 1
105675 47264 1
105675 62003 2
105675 63638 1
105675 68771 1
105675 74595 1
105675 84578 1
105675 84599 1
105675 86621 1
105675 95057 1
105675 105674 1
105675 105676 1
105675 107180 1
107180 47264 1
107180 62003 1
107180 63638 1
107180 68771 1
107180 74595 1
107180 84578 1
107180 84599 1
107180 86610 1
107180 86621 1
107180 95057 1
107180 105674 1
107180 105675 1
107180 105676 1
107180 113816 1
107180 116764 1
61605 51682 1
61605 60831 1
61605 63638 1
61605 63645 1
61605 68766 1
61605 68771 1
61605 70570 1
61605 70573 1
61605 70591 1
61605 70635 1
61605 73246 1
61605 74404 1
61605 77693 1
61605 78922 1
61605 84580 1
61605 84581 1
61605 84586 1
61605 84600 1
61605 85090 1
61605 85570 2
61605 85572 1
61605 85728 1
61605 87400 1
61605 87777 1
61605 93235 1
61605 98984 1
61605 103945 1
61605 105670 1
61605 125996 1
61605 126272 1
61605 127377 1
61605 127378 1
61605 127416 1
61605 127528 1
73246 58135 1
73246 58795 1
73246 60831 1
73246 61605 1
73246 63638 1
73246 63645 1
73246 68766 2
73246 68772 1
73246 70570 1
73246 70573 1
73246 70591 1
73246 70610 1
73246 77693 1
73246 84580 1
73246 84586 1
73246 85090 1
73246 85570 1
73246 85728 1
73246 87400 1
73246 93235 1
73246 102959 1
73246 103945 1
73246 125996 1
73246 126272 1
73246 126310 1
73246 127416 1
74395 58135 1
74395 62038 1
74395 65924 1
74395 68397 1
74395 70618 1
74395 70625 1
74395 70634 1
74395 74409 1
74395 74418 1
74395 84574 1
74395 84994 1
74395 85578 1
74395 87777 1
74395 98316 1
74395 98984 1
74395 103944 1
74395 116417 1
74395 126941 1
74395 127416 1
74409 44747 1
74409 58135 1
74409 62037 1
74409 68702 1
74409 68703 1
74409 68766 1
74409 68772 1
74409 74395 1
74409 74408 1
74409 86609 1
74409 87407 1
74409 87773 1
74409 126941 1
74409 127416 1
77693 47155 1
77693 51676 1
77693 58132 1
77693 58136 1
77693 58795 1
77693 59456 1
77693 60831 1
77693 61605 1
77693 62488 1
77693 63638 1
77693 63645 1
77693 64905 1
77693 68766 1
77693 68772 1
77693 70570 1
77693 70573 2
77693 70591 1
77693 70610 1
77693 73246 1
77693 74410 1
77693 84580 1
77693 84586 1
77693 85090 1
77693 85570 1
77693 85728 1
77693 87400 1
77693 93235 1
77693 103945 1
77693 125996 1
77693 126272 1
77693 126310 1
77693 127416 1
77693 127447 1
84580 56309 1
84580 60831 1
84580 61605 1
84580 63638 1
84580 63645 1
84580 68766 1
84580 70570 1
84580 70573 1
84580 70591 1
84580 73246 1
84580 74412 1
84580 74464 1
84580 77693 1
84580 81391 1
84580 84586 1
84580 84596 1
84580 85090 1
84580 85570 1
84580 85728 1
84580 87400 1
84580 93235 1
84580 103945 1
84580 125996 1
84580 126272 1
84580 127416 1
86609 62488 1
86609 70573 1
86609 74409 1
86609 86610 1
86609 86620 1
86609 86621 1
86609 87407 1
86609 87771 1
86609 87778 1
86609 97181 1
86609 126566 1
86609 127416 1
86610 65924 1
86610 70607 1
86610 73224 1
86610 85090 1
86610 86609 1
86610 92624 1
86610 95066 1
86610 97181 1
86610 98984 1
86610 107180 1
86610 113816 2
86610 116764 1
86610 122161 1
86610 125357 1
86610 126566 1
86610 126936 1
86610 127416 1
95066 65924 1
95066 86610 1
95066 113816 1
95066 122161 1
95066 126936 1
95066 127416 1
113816 58139 1
113816 62003 1
113816 62483 1
113816 65924 3
113816 84594 1
113816 84988 2
113816 85090 1
113816 85578 1
113816 85731 1
113816 86610 2
113816 87778 1
113816 88066 1
113816 95066 1
113816 97181 1
113816 98984 2
113816 103944 2
113816 107180 1
113816 114496 1
113816 115903 1
113816 116283 1
113816 116764 3
113816 122161 2
113816 126566 2
113816 126936 1
113816 127416 1
126936 65924 1
126936 86610 1
126936 95066 1
126936 113816 1
126936 122161 1
126936 127416 1
54277 53244 1
54277 57224 1
54277 65499 1
50388 51676 1
50388 62015 1
51676 47155 1
51676 50388 1
51676 58132 1
51676 58136 1
51676 58795 1
51676 59456 1
51676 62015 1
51676 64905 1
51676 68772 1
51676 70573 1
51676 70610 1
51676 74410 1
51676 77693 1
51676 126310 1
51676 127447 1
58139 50389 1
58139 58144 1
58139 60831 1
58139 62003 1
58139 62010 1
58139 62483 1
58139 63645 1
58139 68766 1
58139 68772 1
58139 74596 1
58139 88066 1
58139 113816 1
58139 127377 1
88066 58139 1
88066 62003 1
88066 62483 1
88066 113816 1
76970 52161 1
76970 62487 1
47155 51676 1
47155 52270 1
47155 58132 1
47155 58136 1
47155 58795 1
47155 59456 1
47155 64905 1
47155 68772 1
47155 70573 1
47155 70610 1
47155 74410 1
47155 77693 1
47155 126310 1
47155 127447 1
58132 47155 1
58132 51676 1
58132 58136 1
58132 58795 1
58132 59456 1
58132 64905 1
58132 68772 1
58132 70573 1
58132 70610 1
58132 74410 1
58132 77693 1
58132 126310 1
58132 127447 1
58136 47154 1
58136 47155 1
58136 47157 1
58136 47161 1
58136 51676 1
58136 58132 1
58136 58795 1
58136 59456 1
58136 64905 1
58136 68772 1
58136 70573 1
58136 70586 1
58136 70610 1
58136 74410 1
58136 77693 1
58136 85577 1
58136 125965 1
58136 126310 1
58136 127447 1
59456 47155 1
59456 51676 1
59456 58132 1
59456 58136 1
59456 58795 1
59456 64905 1
59456 68772 1
59456 70573 1
59456 70610 1
59456 74410 1
59456 77693 1
59456 126310 1
59456 127447 1
74410 47155 1
74410 51676 1
74410 58132 1
74410 58136 1
74410 58795 1
74410 59456 1
74410 64905 1
74410 68772 1
74410 70573 1
74410 70610 1
74410 77693 1
74410 126310 1
74410 127447 1
70619 65924 1
70619 70629 1
70619 70630 1
70619 84578 1
70619 100915 1
70625 65924 1
70625 74395 1
70625 74418 1
70625 84994 1
70625 85578 1
70625 98316 1
70625 98984 1
70625 116417 1
70629 65924 1
70629 70619 1
70629 70630 1
70629 84578 1
70629 100915 1
70630 65924 1
70630 70619 1
70630 70629 1
70630 84578 1
70630 100915 1
74418 65924 1
74418 70625 1
74418 74395 1
74418 84994 1
74418 85578 1
74418 98316 1
74418 98984 1
74418 116417 1
78920 62039 1
78920 65924 1
78920 85574 1
78920 85575 1
78920 87401 1
84994 65924 1
84994 70625 1
84994 74395 1
84994 74418 1
84994 85578 1
84994 98316 1
84994 98984 1
84994 116417 1
98316 65924 1
98316 70625 1
98316 74395 1
98316 74418 1
98316 84994 1
98316 85578 1
98316 98984 1
98316 116417 1
100915 65924 1
100915 70619 1
100915 70629 1
100915 70630 1
100915 84578 1
116417 65924 1
116417 70625 1
116417 74395 1
116417 74418 1
116417 84994 1
116417 85578 1
116417 97181 1
116417 98316 1
116417 98984 1
116417 126566 1
63470 63471 1
63470 68396 1
63471 58130 1
63471 63470 1
63471 68396 1
63471 84600 1
63471 85577 1
85569 63638 1
85569 70570 1
85569 70573 1
85569 84990 1
85569 85572 1
85569 85584 1
85569 87771 1
44747 39257 1
44747 44746 2
44747 62037 1
44747 68702 1
44747 68703 1
44747 68766 1
44747 68772 1
44747 74408 1
44747 74409 1
44747 87773 1
62037 44747 1
62037 68702 1
62037 68703 1
62037 68766 1
62037 68772 1
62037 74408 1
62037 74409 1
62037 87773 1
62037 125730 1
68702 44747 1
68702 62037 1
68702 68703 1
68702 68766 1
68702 68772 1
68702 74408 1
68702 74409 1
68702 87773 1
68703 44747 1
68703 62037 1
68703 68702 1
68703 68766 1
68703 68772 1
68703 74408 1
68703 74409 1
68703 87773 1
87773 44747 1
87773 62037 1
87773 68702 1
87773 68703 1
87773 68766 1
87773 68772 1
87773 74408 1
87773 74409 1
25655 74451 1
127377 51682 1
127377 58139 1
127377 60831 1
127377 61605 1
127377 62010 1
127377 74596 1
127377 84581 1
127377 84600 1
127377 85570 1
127377 87777 1
127377 105670 1
127377 125965 1
127377 127378 1
127378 51682 1
127378 61605 1
127378 84581 1
127378 84600 1
127378 85570 1
127378 87777 1
127378 105670 1
127378 127377 1
84595 67431 1
84595 73220 1
84595 74397 1
84595 85578 1
84595 105673 1
84595 116283 1
84595 116385 1
84595 117855 1
84595 126849 1
85731 58135 1
85731 68769 1
85731 70571 1
85731 85574 1
85731 85575 1
85731 85577 1
85731 85581 1
85731 85727 1
85731 87401 1
85731 92630 1
85731 113816 1
85731 114496 1
85731 126310 1
85731 127528 1
74397 73220 1
74397 84595 1
74397 105673 1
74397 116283 1
74397 116385 1
74397 117855 1
116283 73220 1
116283 74397 1
116283 84595 1
116283 105673 1
116283 113816 1
116283 116282 1
116283 116385 1
116283 116764 1
116283 117855 1
116385 73220 1
116385 74397 1
116385 84595 1
116385 105673 1
116385 116283 1
116385 117855 1
70583 73231 1
70583 115903 1
70583 116764 1
73231 70583 1
73231 115903 1
73231 116764 1
84988 97181 1
84988 98984 1
84988 113816 2
84988 115903 1
84988 116764 1
84988 122161 2
84988 126566 2
105669 116764 1
115903 70583 1
115903 73231 1
115903 84988 1
115903 98984 1
115903 113816 1
115903 116764 1
116167 116168 1
116167 122161 1
116168 116167 1
116168 122161 1
126567 87791 1
126567 105672 1
126567 126566 1
126567 126568 1
127448 47264 1
127448 52280 1
127448 53248 1
127448 62166 1
127448 63639 1
127448 68766 1
127448 74390 1
127448 84592 1
127448 127446 1
127448 127447 1
127448 127528 1
58130 63471 1
58130 84600 1
58130 85577 1
97465 85090 1
74456 85574 1
74456 87401 1
74456 102421 1
102421 74456 1
102421 85574 1
102421 87401 1
126850 85574 1
126850 85575 1
126850 86621 1
126850 87401 1
126850 126849 1
126850 126898 1
126850 127528 1
47154 47157 1
47154 47161 1
47154 52270 1
47154 58136 1
47154 85577 1
47154 125965 1
47157 47154 1
47157 47161 1
47157 58136 1
47157 85577 1
47157 125965 1
47161 47154 1
47161 47157 1
47161 58136 1
47161 85577 1
47161 125965 1
74464 56309 1
74464 62038 1
74464 74413 1
74464 84580 1
74464 85577 1
74464 87407 1
74464 87777 1
74464 95051 1
74464 105671 1
74464 105672 1
74464 126942 1
74464 127446 1
125965 47154 1
125965 47157 1
125965 47161 1
125965 58136 1
125965 85577 1
125965 127377 1
62035 62036 1
62035 70616 1
62035 73108 1
62035 73109 1
62035 73111 1
62035 73112 1
62035 73113 1
62035 73114 1
62035 73115 1
62035 87407 1
62036 62035 1
62036 70616 1
62036 73108 1
62036 73109 1
62036 73111 1
62036 73112 1
62036 73113 1
62036 73114 1
62036 73115 1
62036 87407 1
70616 62035 1
70616 62036 1
70616 73108 1
70616 73109 1
70616 73111 1
70616 73112 1
70616 73113 1
70616 73114 1
70616 73115 1
70616 87407 1
73108 62035 1
73108 62036 1
73108 70616 1
73108 73109 1
73108 73111 1
73108 73112 1
73108 73113 1
73108 73114 1
73108 73115 1
73108 87407 1
73109 62035 1
73109 62036 1
73109 70616 1
73109 73108 1
73109 73111 1
73109 73112 1
73109 73113 1
73109 73114 1
73109 73115 1
73109 87407 1
73111 62035 1
73111 62036 1
73111 70616 1
73111 73108 1
73111 73109 1
73111 73112 1
73111 73113 1
73111 73114 1
73111 73115 1
73111 87407 1
73112 62035 1
73112 62036 1
73112 70616 1
73112 73108 1
73112 73109 1
73112 73111 1
73112 73113 1
73112 73114 1
73112 73115 1
73112 87407 1
73113 62035 1
73113 62036 1
73113 70616 1
73113 73108 1
73113 73109 1
73113 73111 1
73113 73112 1
73113 73114 1
73113 73115 1
73113 87407 1
73114 62035 1
73114 62036 1
73114 70616 1
73114 73108 1
73114 73109 1
73114 73111 1
73114 73112 1
73114 73113 1
73114 73115 1
73114 87407 1
73115 62035 1
73115 62036 1
73115 70616 1
73115 73108 1
73115 73109 1
73115 73111 1
73115 73112 1
73115 73113 1
73115 73114 1
73115 87407 1
73222 87801 1
70588 63638 1
70588 85575 1
70588 126310 1
88372 74398 1
81832 93228 1
84614 85584 1
84614 85585 1
84614 93235 1
84614 95065 1
85584 63638 1
85584 84614 1
85584 84990 1
85584 85569 1
85584 85572 1
85584 85585 1
85584 93235 1
85584 95065 1
85585 84614 1
85585 85584 1
85585 93235 1
85585 95065 1
95065 84614 1
95065 85584 1
95065 85585 1
95065 93235 1
84592 47264 1
84592 52280 1
84592 62166 1
84592 85575 1
84592 97181 1
84592 107011 1
84592 126039 1
84592 127448 1
126039 84592 1
126039 97181 1
126045 126044 1
63641 63638 1
63641 63639 1
63641 63642 2
63641 63643 1
63641 63644 1
63641 63645 1
63641 63648 1
63641 87400 1
63642 63638 1
63642 63639 1
63642 63641 2
63642 63643 1
63642 63644 1
63642 63645 1
63642 63648 1
63642 87400 1
63643 63638 1
63643 63639 1
63643 63641 1
63643 63642 1
63643 63644 1
63643 63645 1
63643 63648 1
63644 63638 1
63644 63639 1
63644 63641 1
63644 63642 1
63644 63643 1
63644 63645 1
63644 63648 1
63648 63638 1
63648 63639 1
63648 63641 1
63648 63642 1
63648 63643 1
63648 63644 1
63648 63645 1
58144 50389 1
58144 58139 1
58144 63645 1
58144 68766 1
58144 68772 1
127472 70591 1
78923 70607 1
78923 85575 1
63829 85600 1
87791 95051 1
87791 105672 1
87791 125988 1
87791 126445 1
87791 126567 1
74596 58139 1
74596 60831 1
74596 62010 1
74596 127377 1
58794 58795 1
25295 50386 1
25295 50387 1
25295 62003 1
25295 66460 1
25295 93232 1
50386 25295 1
50386 50387 1
50386 62003 1
50386 66460 1
50386 93232 1
50387 25295 1
50387 50386 1
50387 62003 1
50387 66460 1
50387 93232 1
66460 25295 1
66460 50386 1
66460 50387 1
66460 62003 1
66460 93232 1
66460 103949 1
66460 103950 1
63852 62038 1
63852 100214 1
100214 62038 1
100214 63852 1
67439 67431 1
67451 52280 1
67451 67431 1
67451 70611 1
67451 84596 1
107011 84592 1
107011 85575 1
84605 85401 1
84605 87777 1
85401 84605 1
85401 87777 1
78929 126272 1
74457 126942 1
70635 61605 1
70635 78922 1
70635 85572 1
70635 98984 1
78922 61605 1
78922 70635 1
78922 85572 1
78922 98984 1
52280 47264 1
52280 62166 1
52280 67451 1
52280 70611 1
52280 84592 1
52280 84596 1
52280 127448 1
62166 47264 1
62166 52280 1
62166 84592 1
62166 127448 1
84574 74395 1
84596 52280 1
84596 67451 1
84596 70611 1
84596 84580 1
114496 85731 1
114496 113816 1
116282 116283 1
70611 52280 1
70611 67451 1
70611 84596 1
52270 47154 1
52270 47155 1
52270 52269 1
52270 52271 1
52270 52272 1
70586 58136 1
39257 44746 1
39257 44747 1
44746 39257 1
44746 44747 2
125730 62037 1
126898 126850 1
126445 87791 1
103949 66460 1
103949 103950 1
103950 62156 1
103950 66460 1
103950 103949 1
52161 76970 1
57224 54277 1
57224 65499 1
65499 54277 1
65499 56980 1
65499 57224 1
52269 52270 1
52269 52271 1
52269 52272 1
52271 52269 1
52271 52270 1
52271 52272 1
52272 52269 1
52272 52270 1
52272 52271 1
62156 103950 1
56980 65499 1
