57043 25239 1
57043 57113 1
25239 53713 1
25239 57043 1
25239 57113 1
57113 25239 1
57113 35616 1
57113 57043 1
53713 25239 1
53713 44142 1
53713 51384 1
44142 37927 1
44142 41702 1
44142 50173 1
44142 50705 1
44142 53713 1
44142 76509 1
44142 76510 1
44142 76511 1
44142 76512 1
51384 53713 1
51384 109476 1
37927 37353 1
37927 44142 1
37927 76509 1
37927 76510 1
37927 76511 1
37927 76512 1
41702 41701 1
41702 44142 1
41702 50173 1
41702 50705 1
50173 41702 1
50173 44142 1
50173 50705 1
50173 52354 1
50705 41702 1
50705 44142 1
50705 50173 1
76509 37927 1
76509 44142 1
76509 76510 1
76509 76511 1
76509 76512 1
76510 37927 1
76510 44142 1
76510 76509 1
76510 76511 1
76510 76512 1
76511 37927 1
76511 44142 1
76511 76509 1
76511 76510 1
76511 76512 1
76511 98392 1
76511 98393 1
76511 127306 1
76512 37927 1
76512 44142 1
76512 76509 1
76512 76510 1
76512 76511 1
109476 51384 1
109476 55187 1
109476 109473 1
109476 109477 1
109476 111896 1
109476 116523 1
37353 12225 1
37353 31550 1
37353 37927 1
37353 47894 1
37353 47924 1
37353 50114 1
37353 56987 1
37353 66563 2
37353 67649 1
37353 74660 1
37353 74661 1
52354 50173 1
52354 93402 1
55187 109473 1
55187 109476 1
55187 109477 1
55187 116523 1
109473 55187 1
109473 109476 1
109473 109477 1
109473 116523 1
109477 55187 1
109477 109473 1
109477 109476 1
109477 116523 1
111896 101236 1
111896 109398 1
111896 109476 1
111896 115300 1
116523 55187 1
116523 100023 1
116523 103509 1
116523 109473 1
116523 109476 1
116523 109477 1
116523 118977 1
116523 121816 1
12225 37353 1
12225 51111 1
12225 56653 1
12225 61578 1
31550 37353 1
31550 47894 1
31550 60167 1
31550 66563 1
31550 67649 1
47894 31550 1
47894 34869 1
47894 37353 1
47894 53109 1
47894 65181 1
47894 66563 1
47894 67649 1
47924 16794 1
47924 37353 1
47924 43952 1
47924 62622 1
47924 68145 1
47924 89385 1
50114 37353 1
50114 56987 1
50114 74660 1
50114 74661 1
56987 37353 1
56987 50114 1
56987 74660 1
56987 74661 1
66563 31550 1
66563 37353 2
66563 40578 1
66563 47894 1
66563 66562 1
66563 67649 1
67649 28176 1
67649 31550 1
67649 37353 1
67649 47894 1
67649 54918 1
67649 62124 1
67649 65658 1
67649 66563 1
67649 67165 1
74660 37353 1
74660 50114 1
74660 56987 1
74660 74658 1
74660 74659 1
74660 74661 2
74660 105556 1
74660 115154 1
74661 37353 1
74661 50114 1
74661 56987 1
74661 74658 1
74661 74659 1
74661 74660 2
93402 43144 1
93402 51723 1
93402 52354 1
100023 103509 1
100023 116523 1
100023 121816 1
103509 87371 1
103509 93049 1
103509 98617 1
103509 100023 1
103509 101197 1
103509 112192 1
103509 113541 1
103509 115277 1
103509 116523 1
103509 119346 1
103509 120140 1
103509 121816 1
103509 125733 1
118977 116523 1
118977 125457 1
121816 82353 1
121816 85208 1
121816 100023 1
121816 103509 1
121816 116523 1
51111 12225 1
51111 56653 1
51111 61578 1
56653 12225 1
56653 51111 1
56653 61578 1
61578 12225 1
61578 51111 1
61578 56653 1
34869 7406 1
34869 16195 1
34869 32670 1
34869 40418 1
34869 46034 1
34869 47894 1
34869 53109 1
34869 57012 1
34869 65181 1
53109 32670 1
53109 34869 1
53109 47894 1
65181 34869 1
65181 45712 1
65181 47894 1
65181 61579 1
65181 76301 1
65181 101546 1
16794 29099 1
16794 43952 1
16794 47924 1
16794 62622 1
16794 68145 1
16794 89385 1
43952 16794 1
43952 47924 1
43952 62622 1
43952 68145 1
43952 71433 1
43952 82469 1
43952 89385 1
62622 16794 1
62622 31041 1
62622 41552 1
62622 43952 1
62622 47924 1
62622 49065 1
62622 68145 1
62622 89385 1
68145 16794 1
68145 43952 1
68145 47924 1
68145 62622 1
68145 89385 1
89385 16794 1
89385 43952 1
89385 47924 1
89385 55481 1
89385 62622 1
89385 65895 1
89385 68145 1
89385 73755 1
89385 81642 1
89385 88829 1
40578 50024 1
40578 66562 1
40578 66563 1
66562 40578 1
66562 66563 1
28176 67165 1
28176 67649 1
54918 35503 1
54918 39505 1
54918 62124 1
54918 62828 1
54918 65714 1
54918 67649 1
62124 54918 1
62124 67649 1
65658 67649 1
67165 28176 1
67165 67649 1
67165 68701 1
74658 74659 1
74658 74660 1
74658 74661 1
74659 74658 1
74659 74660 1
74659 74661 1
105556 74660 1
105556 115154 1
115154 74660 1
115154 99476 1
115154 105556 1
43144 51723 1
43144 93402 1
51723 43144 1
51723 46497 1
51723 91414 1
51723 91416 1
51723 91418 1
51723 91419 1
51723 91420 1
51723 93402 1
87371 54251 1
87371 103509 1
87371 109979 1
87371 112192 1
93049 46708 1
93049 46713 1
93049 56592 1
93049 76103 1
93049 101197 1
93049 103509 1
93049 106928 1
98617 103509 1
98617 119346 1
101197 93049 1
101197 101193 1
101197 101194 1
101197 101195 1
101197 103509 1
112192 34963 1
112192 61091 1
112192 66952 1
112192 87371 1
112192 90267 1
112192 90268 1
112192 103509 1
112192 112191 1
112192 120962 1
112192 120965 1
113541 73887 1
113541 95725 1
113541 103509 1
113541 113542 1
113541 113543 1
115277 103509 1
115277 114010 1
115277 116019 1
115277 119228 1
115277 125733 1
119346 98617 1
119346 103509 1
120140 82354 1
120140 82355 1
120140 103509 1
120140 108315 1
120140 115083 1
125733 101707 1
125733 103509 1
125733 115277 1
125457 118977 1
125457 125455 1
82353 82352 1
82353 82354 1
82353 85208 1
82353 110707 1
82353 121816 1
85208 82353 1
85208 121816 1
7406 16195 1
7406 34869 1
7406 40418 1
16195 7406 1
16195 34869 1
16195 40418 1
32670 34869 1
32670 37534 1
32670 53109 1
32670 57970 1
32670 65886 1
40418 7406 1
40418 16195 1
40418 34869 1
46034 34869 1
46034 45702 1
57012 34869 1
45712 56033 1
45712 56414 1
45712 61579 1
45712 64271 1
45712 65181 1
61579 45712 1
61579 65181 1
76301 65181 1
76301 101546 1
76301 111381 1
101546 65181 1
101546 76301 1
101546 101545 1
101546 101547 1
101546 101549 1
29099 16794 1
71433 43952 1
71433 82469 1
71433 100815 1
82469 43952 1
82469 71433 1
31041 41552 1
31041 49065 1
31041 62622 1
31041 72862 1
41552 31041 1
41552 49065 1
41552 62622 1
49065 31041 1
49065 31460 1
49065 41552 1
49065 44017 1
49065 62622 1
55481 65895 1
55481 73755 1
55481 81642 1
55481 88829 1
55481 89385 1
55481 95497 1
65895 55481 1
65895 73755 1
65895 81642 1
65895 88828 1
65895 88829 1
65895 89385 1
73755 55481 1
73755 65895 1
73755 81642 1
73755 88829 1
73755 89385 1
81642 54995 1
81642 55481 1
81642 65895 1
81642 73755 1
81642 74689 1
81642 88829 1
81642 89385 1
88829 55481 1
88829 65895 1
88829 73755 1
88829 81642 1
88829 89385 1
50024 39434 1
50024 40578 1
50024 47747 1
50024 60167 1
50024 63755 1
35503 33926 1
35503 35504 1
35503 39505 1
35503 48831 1
35503 54918 1
39505 35503 1
39505 54918 1
62828 39190 1
62828 45422 1
62828 54918 1
62828 60433 1
62828 64159 1
62828 65714 1
62828 67177 1
62828 76733 1
62828 93870 1
65714 54918 1
65714 62828 1
68701 64219 1
68701 67165 1
68701 73967 1
68701 82969 1
99476 30098 1
99476 47054 1
99476 55046 1
99476 56396 1
99476 89405 1
99476 95172 1
99476 95173 1
99476 115154 1
46497 51723 1
46497 91414 1
46497 91416 1
46497 91418 1
46497 91419 1
46497 91420 1
91414 46497 1
91414 51723 1
91414 91416 1
91414 91418 1
91414 91419 1
91414 91420 1
91416 43337 1
91416 46497 1
91416 51723 1
91416 65520 1
91416 84693 1
91416 91235 1
91416 91414 1
91416 91418 1
91416 91419 1
91416 91420 1
91418 46497 1
91418 51723 1
91418 91414 1
91418 91416 1
91418 91419 1
91418 91420 1
91419 35640 1
91419 41690 1
91419 46497 1
91419 51723 1
91419 54836 1
91419 76877 1
91419 91414 1
91419 91416 1
91419 91418 1
91419 91420 1
91419 93016 1
91420 46497 1
91420 51723 1
91420 91414 1
91420 91416 1
91420 91418 1
91420 91419 1
54251 53718 1
54251 54250 1
54251 61522 1
54251 87371 1
109979 87371 1
46708 46713 2
46708 56592 1
46708 76103 1
46708 93049 1
46713 42247 1
46713 46708 2
46713 56592 1
46713 76103 1
46713 93049 1
56592 46708 1
56592 46713 1
56592 76103 1
56592 93049 1
76103 46708 1
76103 46713 1
76103 56592 1
76103 93049 1
106928 65419 1
106928 81013 1
106928 93049 1
101193 101194 1
101193 101195 1
101193 101197 1
101194 101193 1
101194 101195 1
101194 101197 1
101195 101193 1
101195 101194 1
101195 101197 1
34963 61091 1
34963 66952 1
34963 112192 1
61091 34963 1
61091 61088 1
61091 61090 1
61091 61890 1
61091 66952 1
61091 112192 1
66952 34963 1
66952 58014 1
66952 61091 1
66952 65315 2
66952 65318 1
66952 65319 1
66952 65414 1
66952 65621 1
66952 73367 1
66952 112192 1
90267 90268 1
90267 112192 1
90268 90267 1
90268 112192 1
112191 81013 1
112191 101938 2
112191 112192 1
120962 112192 1
120962 120965 1
120965 112192 1
120965 120962 1
120965 124038 1
120965 127273 1
73887 73367 1
73887 77749 1
73887 95725 1
73887 113541 1
95725 73887 1
95725 113541 1
113542 113541 1
113542 113543 1
113543 113541 1
113543 113542 1
114010 115277 1
114010 116019 1
114010 119228 1
116019 114010 1
116019 115277 1
116019 118626 1
116019 119228 1
119228 114010 1
119228 115277 1
119228 116019 1
119228 119227 1
119228 121771 1
119228 122258 1
119228 122442 1
82354 82352 1
82354 82353 1
82354 82355 1
82354 108315 1
82354 120140 1
82355 82354 1
82355 108315 1
82355 109132 1
82355 109134 1
82355 120140 1
108315 82354 1
108315 82355 1
108315 83994 3
108315 83995 1
108315 120140 1
108315 125269 1
115083 77749 1
115083 97727 1
115083 101938 1
115083 120140 1
101707 101706 1
101707 125733 1
82352 82353 1
82352 82354 1
82352 84708 1
82352 84709 2
110707 82353 1
37534 32670 1
37534 65886 1
57970 32670 1
57970 64793 1
65886 32670 1
65886 37534 1
45702 46034 1
56033 45712 1
56414 45712 1
56414 64271 1
56414 70239 1
64271 45712 1
64271 56414 1
111381 76301 1
101545 101546 1
101545 101547 1
101545 101549 1
101547 101545 1
101547 101546 1
101547 101549 1
101547 103207 1
101549 101545 1
101549 101546 1
101549 101547 1
72862 31041 1
31460 44017 1
31460 49065 1
44017 31460 1
44017 49065 1
95497 55481 1
88828 65895 1
54995 74689 1
54995 81642 1
74689 54995 1
74689 81642 1
39434 36099 1
39434 47747 1
39434 50024 1
39434 57711 1
39434 60167 1
39434 62294 1
39434 64632 1
39434 72923 1
39434 109838 1
47747 39434 1
47747 50024 1
60167 31550 1
60167 39434 1
60167 50024 1
63755 50024 1
33926 35503 1
33926 35504 1
33926 48831 1
35504 33926 1
35504 35503 1
35504 48831 1
48831 33926 1
48831 35503 1
48831 35504 1
39190 60433 1
39190 62828 1
39190 64159 1
45422 62828 1
45422 67177 1
45422 76733 1
60433 39190 1
60433 62828 1
60433 64159 1
64159 39190 1
64159 60433 1
64159 62828 1
67177 45422 1
67177 62828 1
67177 76733 1
76733 45422 1
76733 62828 1
76733 67177 1
93870 52544 1
93870 56017 1
93870 56575 1
93870 62828 1
64219 68701 1
64219 82969 1
73967 68701 1
82969 64219 1
82969 68701 1
30098 49772 1
30098 89405 1
30098 95172 1
30098 95173 2
30098 99476 1
47054 55046 1
47054 99476 1
55046 47054 1
55046 99476 1
56396 99476 1
89405 30098 1
89405 95172 1
89405 95173 1
89405 99476 1
95172 30098 1
95172 89405 1
95172 95173 1
95172 99476 1
95173 30098 2
95173 89405 1
95173 95172 1
95173 99476 1
43337 65520 1
43337 84693 1
43337 91235 1
43337 91416 1
65520 43337 1
65520 68917 1
65520 84693 1
65520 91235 1
65520 91416 1
84693 43337 1
84693 65520 1
84693 91235 1
84693 91416 1
91235 43337 1
91235 65520 1
91235 84693 1
91235 91416 1
35640 41690 1
35640 54836 1
35640 91419 1
41690 35640 1
41690 54836 1
41690 91419 1
54836 35640 1
54836 41690 1
54836 56985 1
54836 72149 1
54836 88598 1
54836 91419 1
76877 91419 1
76877 93016 1
93016 3503 2
93016 63022 1
93016 76877 1
93016 91419 1
53718 54251 1
53718 61522 1
54250 54251 1
61522 53718 1
61522 54251 1
61522 81013 1
42247 46713 1
42247 65318 1
65419 81013 1
65419 106928 1
81013 61522 1
81013 65419 1
81013 106928 1
81013 112191 1
81013 124044 1
61088 61090 1
61088 61091 1
61088 61890 1
61090 61088 1
61090 61091 1
61090 61890 1
61890 61088 1
61890 61090 1
61890 61091 1
58014 65414 1
58014 66952 1
58014 111590 1
65315 65318 1
65315 65319 1
65315 65621 1
65315 66952 2
65315 73367 1
65318 42247 1
65318 65315 1
65318 65319 1
65318 65621 1
65318 66952 1
65318 73367 1
65319 65315 1
65319 65318 1
65319 65621 1
65319 66952 1
65319 73367 1
65414 58014 1
65414 62480 1
65414 66952 1
65414 67114 1
65621 65315 1
65621 65318 1
65621 65319 1
65621 66952 1
65621 73367 1
65621 101938 1
73367 65315 1
73367 65318 1
73367 65319 1
73367 65621 1
73367 66952 1
73367 73887 1
73367 77749 1
124038 120965 1
124038 127273 1
127273 120965 1
127273 124038 1
77749 73367 1
77749 73887 1
77749 97727 1
77749 101938 1
77749 115083 1
118626 116019 1
109132 82355 1
109132 109134 1
109134 82355 1
109134 92021 1
109134 109132 1
97727 77749 1
97727 101938 1
97727 115083 1
101938 65621 1
101938 77749 1
101938 97727 1
101938 112191 2
101938 115083 1
101706 101707 1
84708 82352 1
84708 84709 1
84709 82352 2
84709 84708 1
64793 57970 1
70239 56414 1
103207 101547 1
36099 39434 1
57711 39434 1
62294 39434 1
64632 39434 1
64632 72923 1
64632 109838 1
72923 39434 1
72923 64632 1
72923 109838 1
109838 39434 1
109838 60112 1
109838 64632 1
109838 72923 1
52544 56575 1
52544 93870 1
56017 93870 1
56575 52544 1
56575 58688 1
56575 59813 1
56575 93870 1
49772 30098 1
68917 65520 1
56985 54836 1
56985 72149 1
56985 88598 1
72149 54836 1
72149 56985 1
72149 88598 1
88598 54836 1
88598 56985 1
88598 72149 1
3503 63022 1
3503 93016 2
63022 3503 1
63022 93016 1
124044 81013 1
111590 58014 1
62480 65414 1
62480 67114 1
67114 62480 1
67114 65414 1
92021 109134 1
58688 56575 1
59813 56575 1
60112 109838 1
83994 83995 1
83994 108315 3
83994 125269 1
83995 83994 1
83995 108315 1
125269 83994 1
125269 108315 1
119227 119228 1
119227 121771 2
119227 122258 1
121771 119227 2
121771 119228 1
121771 122258 1
122258 119227 1
122258 119228 1
122258 121771 1
122442 119228 1
100815 71433 1
125455 125457 1
101236 109398 1
101236 111896 1
101236 115300 1
109398 101236 1
109398 111896 1
109398 115300 1
115300 101236 1
115300 109398 1
115300 111896 1
98392 76511 1
98392 98393 1
98393 76511 1
98393 98392 1
127306 76511 1
41701 41702 1
35616 57113 1
