25096 26087 1
26087 18982 1
26087 25096 1
26087 26088 1
26087 26162 1
26087 26634 1
26087 26635 1
26087 44008 1
18982 18980 1
18982 18981 1
18982 26087 1
18982 26164 1
26088 26087 1
26088 26162 1
26088 26634 1
26088 26635 1
26088 44008 1
26162 26087 1
26162 26088 1
26162 26634 1
26162 26635 1
26162 35419 1
26162 44008 1
26634 18983 1
26634 19212 1
26634 20890 1
26634 20891 1
26634 20892 1
26634 21056 2
26634 25097 1
26634 26087 1
26634 26088 1
26634 26162 1
26634 26171 1
26634 26635 2
26634 26636 1
26634 27420 1
26634 27421 1
26634 44008 1
26634 63878 1
26634 77715 1
26635 19206 1
26635 22214 1
26635 22215 1
26635 23214 1
26635 24772 1
26635 25097 2
26635 25692 1
26635 26087 1
26635 26088 1
26635 26162 1
26635 26634 2
26635 26636 1
26635 27418 1
26635 31250 1
26635 34361 1
26635 44007 1
26635 44008 2
44008 26087 1
44008 26088 1
44008 26162 1
44008 26634 1
44008 26635 2
44008 27423 1
44008 41443 1
44008 44006 1
44008 44007 2
44008 48699 1
44008 105475 1
18980 18981 1
18980 18982 1
18980 18983 1
18980 18986 1
18980 19200 1
18980 19201 1
18980 19202 1
18980 19208 1
18980 20273 1
18980 20888 1
18980 20889 1
18981 18980 1
18981 18982 1
18981 18987 1
18981 19200 1
18981 19205 1
18981 19210 1
18981 19211 1
18981 19212 1
18981 19347 1
18981 19348 2
18981 19754 1
18981 20273 1
18981 20892 1
18981 24005 1
18981 25692 1
26164 18982 1
35419 26162 1
35419 26167 2
35419 27423 1
35419 35420 2
18983 18980 1
18983 19212 1
18983 20890 1
18983 20891 1
18983 20892 1
18983 21056 1
18983 26171 1
18983 26634 1
18983 77715 1
19212 18981 1
19212 18983 1
19212 18987 1
19212 19200 1
19212 19210 1
19212 19211 1
19212 19348 1
19212 20273 1
19212 20888 1
19212 20890 2
19212 20891 1
19212 20892 3
19212 21056 1
19212 23214 1
19212 24770 1
19212 24771 1
19212 25692 1
19212 26171 1
19212 26634 1
19212 32187 1
19212 77715 1
20890 18983 1
20890 19206 1
20890 19212 2
20890 20888 3
20890 20889 1
20890 20891 2
20890 20892 2
20890 21056 1
20890 23214 1
20890 24770 1
20890 24771 1
20890 25691 1
20890 25692 1
20890 26171 1
20890 26634 1
20890 28668 1
20890 28669 1
20890 29058 1
20890 32187 2
20890 34361 1
20890 39984 1
20890 41443 1
20890 77715 1
20891 18983 1
20891 19212 1
20891 20888 1
20891 20889 1
20891 20890 2
20891 20892 1
20891 21056 1
20891 26171 1
20891 26634 1
20891 77715 1
20892 18981 1
20892 18983 1
20892 18987 1
20892 19200 1
20892 19210 1
20892 19211 1
20892 19212 3
20892 19348 1
20892 20273 1
20892 20888 1
20892 20890 2
20892 20891 1
20892 21056 1
20892 23214 1
20892 24770 1
20892 24771 1
20892 25692 1
20892 26171 1
20892 26634 1
20892 32187 1
20892 77715 1
21056 18983 1
21056 19212 1
21056 20890 1
21056 20891 1
21056 20892 1
21056 26171 1
21056 26634 2
21056 27421 1
21056 77715 1
25097 26633 1
25097 26634 1
25097 26635 2
25097 26636 1
25097 34361 1
25097 63474 1
26171 18983 1
26171 19212 1
26171 20890 1
26171 20891 1
26171 20892 1
26171 21056 1
26171 26634 1
26171 77715 1
26636 18985 1
26636 19200 1
26636 19209 1
26636 19213 1
26636 25097 1
26636 26634 1
26636 26635 1
26636 41981 1
27420 26166 1
27420 26633 1
27420 26634 1
27420 31491 1
27420 32894 1
27420 63878 1
27421 21056 1
27421 26634 1
27421 27424 1
27421 40694 1
27421 41445 1
27421 44096 1
27421 49687 1
27421 53597 1
27421 95703 1
63878 26634 1
63878 27420 1
63878 52801 1
77715 18983 1
77715 19212 1
77715 20890 1
77715 20891 1
77715 20892 1
77715 21056 1
77715 26171 1
77715 26634 1
77715 27423 1
77715 53930 1
77715 54596 1
77715 56593 1
77715 60119 1
77715 63315 1
77715 65317 1
77715 77734 1
77715 120998 1
77715 121965 1
19206 18988 1
19206 19209 1
19206 19211 1
19206 19349 1
19206 20888 1
19206 20890 1
19206 21230 1
19206 22214 1
19206 22215 1
19206 23214 1
19206 24772 1
19206 25691 2
19206 25692 2
19206 25694 1
19206 26635 1
19206 27418 1
19206 28668 1
19206 28669 1
19206 29058 1
19206 31250 1
19206 32187 1
19206 34361 1
19206 39984 1
19206 41443 1
22214 18048 1
22214 19206 1
22214 22215 1
22214 23214 1
22214 24772 1
22214 25692 1
22214 26635 1
22214 27418 1
22214 31250 1
22215 19206 1
22215 22214 1
22215 23214 1
22215 24772 1
22215 25095 1
22215 25098 1
22215 25692 1
22215 26635 1
22215 27418 1
22215 31250 1
23214 19206 1
23214 19212 1
23214 20888 1
23214 20890 1
23214 20892 1
23214 22214 1
23214 22215 1
23214 24770 1
23214 24771 1
23214 24772 1
23214 25692 1
23214 26635 1
23214 27418 1
23214 31250 1
23214 32187 1
24772 19206 1
24772 22214 1
24772 22215 1
24772 23214 1
24772 24770 1
24772 24771 1
24772 25692 1
24772 25693 1
24772 25694 1
24772 26635 1
24772 26858 1
24772 27418 1
24772 31250 1
24772 38391 1
24772 39917 1
24772 44219 1
24772 46718 1
24772 51012 1
24772 51013 1
24772 56723 1
24772 59846 1
24772 98020 1
24772 100021 1
25692 18981 1
25692 18987 1
25692 19200 1
25692 19206 2
25692 19210 1
25692 19211 1
25692 19212 1
25692 19348 1
25692 20273 1
25692 20888 1
25692 20890 1
25692 20892 1
25692 22214 1
25692 22215 1
25692 23214 1
25692 24772 1
25692 25691 2
25692 25693 1
25692 25694 1
25692 26635 1
25692 27418 1
25692 28668 1
25692 28669 1
25692 29058 2
25692 31250 1
25692 32187 1
25692 34361 1
25692 39984 1
25692 41443 1
27418 19206 1
27418 22214 1
27418 22215 1
27418 23214 1
27418 24772 1
27418 25692 1
27418 26168 1
27418 26635 1
27418 31250 1
27418 32101 1
31250 19206 1
31250 22214 1
31250 22215 1
31250 23214 1
31250 24772 1
31250 25692 1
31250 26635 1
31250 27418 1
34361 19206 1
34361 20888 1
34361 20890 1
34361 21439 1
34361 25097 1
34361 25691 1
34361 25692 1
34361 26635 1
34361 27422 1
34361 28668 1
34361 28669 2
34361 29058 1
34361 30319 1
34361 32187 2
34361 32188 1
34361 34788 1
34361 36018 1
34361 39984 1
34361 41443 1
34361 41585 1
34361 41981 1
34361 47039 1
34361 51684 1
34361 51686 1
34361 63454 1
34361 63500 1
34361 66957 1
44007 26635 1
44007 44006 1
44007 44008 2
27423 27422 1
27423 34965 1
27423 35419 1
27423 35420 1
27423 36009 1
27423 36010 1
27423 36014 1
27423 36018 1
27423 36019 1
27423 36020 1
27423 39663 1
27423 40939 1
27423 44008 1
27423 45353 1
27423 45354 1
27423 47039 1
27423 48698 1
27423 48699 1
27423 49680 1
27423 49683 1
27423 51013 1
27423 51116 1
27423 52387 1
27423 53816 1
27423 53930 1
27423 53980 1
27423 54290 1
27423 54596 1
27423 54759 1
27423 55188 1
27423 56593 1
27423 60119 1
27423 63060 1
27423 63317 1
27423 63449 1
27423 66949 1
27423 66959 1
27423 77715 1
27423 77747 1
27423 105475 1
27423 113544 1
27423 115034 1
27423 118591 1
27423 120998 1
27423 125451 1
41443 19206 1
41443 20888 1
41443 20890 1
41443 25691 1
41443 25692 1
41443 28668 1
41443 28669 1
41443 29058 1
41443 32187 1
41443 34361 1
41443 39984 2
41443 39986 1
41443 44008 1
41443 63460 1
44006 24001 1
44006 24002 1
44006 24003 1
44006 24004 1
44006 24005 2
44006 24006 1
44006 41444 1
44006 44007 1
44006 44008 1
44006 48698 1
44006 51012 1
44006 54862 1
44006 58009 1
44006 63457 1
48699 24006 1
48699 27422 1
48699 27423 1
48699 27424 1
48699 27426 1
48699 36018 1
48699 40939 1
48699 44008 1
48699 45232 1
48699 48695 1
48699 51013 1
48699 55188 1
48699 63060 1
48699 63449 1
48699 66959 1
48699 76008 1
48699 125451 1
105475 27423 1
105475 39663 1
105475 44008 1
105475 66943 1
105475 77737 1
105475 77742 1
105475 99058 1
105475 104847 1
105475 105476 1
105475 109135 1
105475 109475 1
105475 110207 1
105475 110312 1
105475 110708 1
105475 113539 1
105475 114746 1
105475 121965 1
105475 127597 1
18986 18980 1
18986 18984 2
18986 18985 1
18986 18987 1
18986 18988 1
18986 19200 1
18986 19201 1
18986 19202 1
18986 19203 1
18986 19205 1
18986 19207 1
18986 19208 2
18986 19347 1
18986 19348 1
18986 19754 1
18986 20273 1
18986 20888 1
18986 20889 1
18986 24245 1
18986 32187 1
19200 18980 1
19200 18981 1
19200 18985 1
19200 18986 1
19200 18987 1
19200 19201 1
19200 19202 1
19200 19208 1
19200 19209 1
19200 19210 1
19200 19211 1
19200 19212 1
19200 19213 1
19200 19348 1
19200 20273 2
19200 20888 1
19200 20889 1
19200 20892 1
19200 25692 1
19200 26636 1
19201 18980 1
19201 18986 1
19201 19200 1
19201 19202 1
19201 19203 1
19201 19208 1
19201 20273 1
19201 20888 1
19201 20889 1
19201 25694 1
19202 18980 1
19202 18986 1
19202 19200 1
19202 19201 1
19202 19208 1
19202 20273 1
19202 20888 1
19202 20889 1
19208 18980 1
19208 18984 1
19208 18986 2
19208 19200 1
19208 19201 1
19208 19202 1
19208 20273 1
19208 20888 1
19208 20889 1
20273 18980 1
20273 18981 1
20273 18986 1
20273 18987 1
20273 19200 2
20273 19201 1
20273 19202 1
20273 19208 1
20273 19210 1
20273 19211 1
20273 19212 1
20273 19348 1
20273 20888 1
20273 20889 1
20273 20892 1
20273 25692 1
20888 18980 1
20888 18986 1
20888 19200 1
20888 19201 1
20888 19202 1
20888 19206 1
20888 19207 1
20888 19208 1
20888 19212 1
20888 20273 1
20888 20889 2
20888 20890 3
20888 20891 1
20888 20892 1
20888 23214 1
20888 24770 1
20888 24771 1
20888 25691 1
20888 25692 1
20888 28668 1
20888 28669 1
20888 29058 1
20888 32187 2
20888 34361 1
20888 39984 1
20888 41443 1
20889 18980 1
20889 18986 1
20889 19200 1
20889 19201 1
20889 19202 1
20889 19208 1
20889 20273 1
20889 20888 2
20889 20890 1
20889 20891 1
18987 18981 1
18987 18984 1
18987 18985 1
18987 18986 1
18987 18988 1
18987 19200 1
18987 19203 1
18987 19205 1
18987 19207 1
18987 19210 1
18987 19211 1
18987 19212 1
18987 19347 1
18987 19348 2
18987 19754 1
18987 20273 1
18987 20892 1
18987 24245 1
18987 25692 1
18987 32187 1
19205 18981 1
19205 18984 1
19205 18985 1
19205 18986 1
19205 18987 1
19205 18988 1
19205 19203 1
19205 19207 1
19205 19347 1
19205 19348 1
19205 19754 2
19205 20421 1
19205 22213 1
19205 24245 1
19205 32187 1
19210 18981 1
19210 18987 1
19210 19200 1
19210 19211 1
19210 19212 1
19210 19348 1
19210 20273 1
19210 20892 1
19210 25692 1
19211 18981 1
19211 18987 1
19211 18988 1
19211 19200 1
19211 19206 1
19211 19209 1
19211 19210 1
19211 19212 1
19211 19348 1
19211 19349 1
19211 20273 1
19211 20892 1
19211 21230 1
19211 25692 1
19347 18981 1
19347 18984 1
19347 18985 1
19347 18986 1
19347 18987 1
19347 18988 1
19347 19203 1
19347 19205 1
19347 19207 1
19347 19348 2
19347 19754 1
19347 24005 1
19347 24245 1
19347 32187 1
19348 18981 2
19348 18984 1
19348 18985 1
19348 18986 1
19348 18987 2
19348 18988 1
19348 19200 1
19348 19203 1
19348 19205 1
19348 19207 1
19348 19210 1
19348 19211 1
19348 19212 1
19348 19347 2
19348 19754 1
19348 20273 1
19348 20892 1
19348 24005 1
19348 24245 1
19348 25692 1
19348 32187 1
19754 18981 1
19754 18984 1
19754 18985 1
19754 18986 1
19754 18987 1
19754 18988 2
19754 19203 1
19754 19205 2
19754 19207 2
19754 19347 1
19754 19348 1
19754 24245 1
19754 32187 1
24005 18981 1
24005 19347 1
24005 19348 1
24005 24001 1
24005 24002 1
24005 24003 1
24005 24004 1
24005 24006 2
24005 27425 2
24005 27426 3
24005 27905 1
24005 36434 1
24005 36435 1
24005 41444 1
24005 42999 1
24005 44006 2
24005 45232 3
24005 48695 2
24005 51012 3
24005 51015 1
24005 54597 1
24005 54598 1
24005 55982 1
24005 56452 1
24005 56723 5
24005 58012 1
24005 60118 1
24005 60296 1
24005 62282 1
24005 63457 1
24005 63500 1
24005 66958 1
24005 74606 1
24005 89780 1
24005 116813 1
24005 125451 1
26167 35419 2
26167 35420 1
35420 26167 1
35420 27423 1
35420 35419 2
24770 19212 1
24770 20888 1
24770 20890 1
24770 20892 1
24770 23214 1
24770 24771 2
24770 24772 1
24770 25693 1
24770 25694 1
24770 26858 1
24770 32187 1
24770 44219 1
24770 46718 1
24770 98020 1
24770 100021 1
24771 19212 1
24771 20888 1
24771 20890 1
24771 20892 1
24771 23214 1
24771 24770 2
24771 24772 1
24771 25693 1
24771 25694 1
24771 26858 1
24771 32187 1
24771 44219 1
24771 46718 1
24771 98020 1
24771 100021 1
32187 18984 1
32187 18985 1
32187 18986 1
32187 18987 1
32187 18988 1
32187 19203 1
32187 19205 1
32187 19206 1
32187 19207 1
32187 19212 1
32187 19347 1
32187 19348 1
32187 19754 1
32187 20888 2
32187 20890 2
32187 20892 1
32187 21439 1
32187 23214 1
32187 24245 1
32187 24770 1
32187 24771 1
32187 25691 1
32187 25692 1
32187 28668 1
32187 28669 1
32187 29058 1
32187 32188 2
32187 34361 2
32187 34788 2
32187 39984 1
32187 41443 1
25691 19206 2
25691 20888 1
25691 20890 1
25691 25692 2
25691 25693 1
25691 25694 2
25691 28668 1
25691 28669 1
25691 29058 2
25691 32187 1
25691 34361 1
25691 39984 1
25691 41443 1
28668 19206 1
28668 20888 1
28668 20890 1
28668 25691 1
28668 25692 1
28668 28669 1
28668 29058 1
28668 32187 1
28668 34361 1
28668 39984 1
28668 41443 1
28669 19206 1
28669 20888 1
28669 20890 1
28669 21439 1
28669 25691 1
28669 25692 1
28669 26858 1
28669 28668 1
28669 29058 1
28669 32187 1
28669 34361 2
28669 39984 1
28669 41443 1
29058 19206 1
29058 20888 1
29058 20890 1
29058 25691 2
29058 25692 2
29058 25693 1
29058 25694 1
29058 28668 1
29058 28669 1
29058 32187 1
29058 34361 1
29058 39984 1
29058 41443 1
39984 19206 1
39984 20888 1
39984 20890 1
39984 25691 1
39984 25692 1
39984 26172 1
39984 28668 1
39984 28669 1
39984 28885 1
39984 29058 1
39984 32187 1
39984 34361 1
39984 39985 1
39984 39986 1
39984 41443 2
26633 25097 1
26633 26166 1
26633 27420 1
26633 32894 1
26633 54286 1
26633 58699 1
26633 59847 1
26633 60622 1
26633 60623 2
26633 63474 2
26633 124214 1
63474 24006 1
63474 25097 1
63474 26633 2
63474 54284 1
63474 54285 1
63474 54286 1
63474 54287 1
63474 54289 1
63474 54290 1
63474 54291 1
63474 58699 1
63474 62282 1
63474 63472 1
63474 77151 1
63474 77748 1
63474 77928 1
63474 109175 1
63474 123667 1
18985 18984 2
18985 18986 1
18985 18987 1
18985 18988 1
18985 19200 1
18985 19203 1
18985 19205 1
18985 19207 1
18985 19209 1
18985 19213 1
18985 19347 1
18985 19348 1
18985 19754 1
18985 21229 1
18985 24245 1
18985 26636 1
18985 32187 1
19209 18985 1
19209 18988 1
19209 19200 1
19209 19206 1
19209 19211 1
19209 19213 1
19209 19349 1
19209 21230 1
19209 26636 1
19213 18985 1
19213 19200 1
19213 19209 1
19213 26636 1
41981 25098 1
41981 26166 1
41981 26168 2
41981 26169 2
41981 26636 1
41981 27422 1
41981 30319 1
41981 34361 1
41981 36018 2
41981 40694 1
41981 40695 1
41981 41585 1
41981 44344 1
41981 47038 1
41981 47039 2
41981 51684 1
41981 51685 1
41981 51686 1
41981 63454 1
41981 63500 1
41981 66957 1
26166 26169 1
26166 26633 1
26166 27420 1
26166 32894 1
26166 41981 1
26166 47039 1
31491 27420 1
32894 25098 1
32894 26166 1
32894 26633 1
32894 27420 1
32894 28675 1
32894 28676 1
27424 24006 1
27424 27421 1
27424 27426 1
27424 43788 1
27424 45232 2
27424 48695 1
27424 48699 1
40694 25098 1
40694 27421 1
40694 36018 1
40694 40695 1
40694 41981 1
40694 44344 1
40694 51685 1
40694 95703 1
41445 27421 1
41445 37496 1
41445 37497 1
41445 41446 1
41445 41447 1
41445 44096 1
41445 48696 1
41445 53597 1
41445 76008 1
41445 92307 1
44096 27421 1
44096 41445 1
44096 53597 1
49687 27421 1
49687 51012 1
49687 54286 1
49687 55920 1
49687 55921 1
49687 55922 1
49687 60118 1
53597 27421 1
53597 39917 1
53597 41445 1
53597 44096 1
53597 48198 1
53597 50867 1
53597 51012 1
53597 54284 1
53597 60622 1
95703 27421 1
95703 40694 1
95703 76921 1
95703 120998 1
52801 63878 1
53930 27423 1
53930 54596 1
53930 56593 1
53930 60119 1
53930 77715 1
53930 120998 1
54596 27423 1
54596 53930 1
54596 54597 1
54596 54598 1
54596 54599 1
54596 56593 1
54596 60119 1
54596 77715 1
54596 120998 1
56593 27423 1
56593 36018 1
56593 46710 1
56593 49683 1
56593 53930 1
56593 54573 1
56593 54596 1
56593 60119 1
56593 66709 1
56593 66710 1
56593 66957 2
56593 77715 1
56593 120998 1
60119 27423 1
60119 53930 1
60119 54596 1
60119 56593 1
60119 60118 1
60119 77703 1
60119 77715 1
60119 120998 1
63315 30318 1
63315 34965 1
63315 56676 1
63315 65721 1
63315 66709 1
63315 69048 1
63315 76920 1
63315 77715 1
63315 77734 2
63315 92308 1
63315 101192 1
63315 103441 1
63315 103442 1
63315 121965 1
65317 30320 1
65317 56172 1
65317 62282 1
65317 77715 1
65317 85486 1
65317 85487 1
77734 63315 2
77734 63316 1
77734 77704 1
77734 77708 1
77734 77715 1
77734 77743 1
77734 77747 5
77734 92308 1
77734 101170 1
77734 121965 1
120998 27423 1
120998 53930 1
120998 54596 1
120998 56593 1
120998 60119 1
120998 64649 1
120998 76008 1
120998 77715 1
120998 93037 1
120998 95703 1
120998 98020 2
120998 100021 2
120998 110312 1
120998 113539 2
120998 113544 1
121965 63315 1
121965 77715 1
121965 77734 1
121965 99058 1
121965 104847 1
121965 105475 1
121965 105476 1
121965 109135 1
121965 109475 2
121965 109793 1
121965 110207 1
121965 110312 1
121965 113539 1
121965 114471 1
121965 114746 1
121965 118625 1
121965 127597 1
18988 18984 1
18988 18985 1
18988 18986 1
18988 18987 1
18988 19203 1
18988 19205 1
18988 19206 1
18988 19207 2
18988 19209 1
18988 19211 1
18988 19347 1
18988 19348 1
18988 19349 1
18988 19754 2
18988 21230 1
18988 24245 1
18988 27425 1
18988 32187 1
18988 48695 1
18988 56723 1
19349 18988 1
19349 19206 1
19349 19209 1
19349 19211 1
19349 19350 1
19349 19351 1
19349 21230 1
21230 18988 1
21230 19206 1
21230 19209 1
21230 19211 1
21230 19349 1
25694 19201 1
25694 19203 1
25694 19206 1
25694 24770 1
25694 24771 1
25694 24772 1
25694 25691 2
25694 25692 1
25694 25693 2
25694 26858 1
25694 29058 1
25694 44219 1
25694 45232 1
25694 46718 1
25694 59846 1
25694 98020 1
25694 100021 1
18048 18049 1
18048 22214 1
18048 34959 1
18048 36014 1
25095 22215 1
25095 25098 1
25098 22215 1
25098 25095 1
25098 26168 1
25098 26169 1
25098 27111 1
25098 28675 1
25098 28676 1
25098 32894 1
25098 40694 1
25098 41981 1
25693 24770 1
25693 24771 1
25693 24772 1
25693 25691 1
25693 25692 1
25693 25694 2
25693 26858 1
25693 29058 1
25693 44219 1
25693 46718 1
25693 98020 1
25693 100021 1
26858 24770 1
26858 24771 1
26858 24772 1
26858 25693 1
26858 25694 1
26858 26857 1
26858 28669 1
26858 41447 1
26858 44219 1
26858 46718 1
26858 98020 1
26858 100021 1
38391 24772 1
38391 39917 1
38391 51012 1
38391 51013 1
38391 56723 1
38391 59846 1
39917 24772 1
39917 38391 1
39917 48198 1
39917 51012 2
39917 51013 1
39917 53597 1
39917 56723 1
39917 59846 1
44219 24770 1
44219 24771 1
44219 24772 1
44219 25693 1
44219 25694 1
44219 26858 1
44219 46718 1
44219 98020 1
44219 100021 1
46718 24770 1
46718 24771 1
46718 24772 1
46718 25693 1
46718 25694 1
46718 26858 1
46718 34965 1
46718 44219 1
46718 46703 1
46718 46720 1
46718 49682 1
46718 51015 1
46718 54253 1
46718 54775 1
46718 54776 1
46718 54777 1
46718 54778 1
46718 54780 1
46718 63449 1
46718 98020 1
46718 100021 1
51012 24005 3
51012 24772 1
51012 38391 1
51012 39917 2
51012 41444 1
51012 44006 1
51012 45232 1
51012 48198 1
51012 49687 1
51012 51013 1
51012 53597 1
51012 55982 1
51012 56723 2
51012 59846 1
51012 60118 1
51012 62282 1
51012 63457 1
51012 66958 1
51012 89780 1
51012 116813 1
51013 24772 1
51013 27422 1
51013 27423 1
51013 34965 1
51013 36010 1
51013 36018 1
51013 38391 1
51013 39917 1
51013 40939 1
51013 41444 1
51013 48699 1
51013 51012 1
51013 51685 1
51013 55188 1
51013 56172 1
51013 56723 1
51013 59846 1
51013 63060 1
51013 63449 1
51013 66959 1
51013 125451 1
56723 18988 1
56723 24005 5
56723 24006 2
56723 24772 1
56723 27425 3
56723 27426 3
56723 27905 1
56723 36434 1
56723 36435 1
56723 38391 1
56723 39917 1
56723 42999 1
56723 45232 2
56723 48695 5
56723 51012 2
56723 51013 1
56723 51015 1
56723 54597 1
56723 54598 1
56723 54760 1
56723 56452 1
56723 58009 1
56723 58012 2
56723 59846 1
56723 60296 1
56723 63500 1
56723 74606 1
56723 125451 1
59846 24772 1
59846 25694 1
59846 27425 1
59846 38391 1
59846 39917 1
59846 45232 1
59846 51012 1
59846 51013 1
59846 52387 1
59846 56723 1
59846 59847 1
98020 24770 1
98020 24771 1
98020 24772 1
98020 25693 1
98020 25694 1
98020 26858 1
98020 44219 1
98020 46718 1
98020 76008 1
98020 100021 3
98020 110312 2
98020 111219 1
98020 113539 3
98020 113544 1
98020 115034 1
98020 117652 1
98020 120998 2
100021 24770 1
100021 24771 1
100021 24772 1
100021 25693 1
100021 25694 1
100021 26858 1
100021 44219 1
100021 46718 1
100021 76008 1
100021 93037 1
100021 98020 3
100021 99056 2
100021 100020 2
100021 109135 1
100021 110312 3
100021 113539 3
100021 113544 1
100021 115034 1
100021 116804 1
100021 117386 1
100021 117652 1
100021 120998 2
26168 25098 1
26168 26169 1
26168 27418 1
26168 32101 1
26168 41981 2
32101 26168 1
32101 27418 1
21439 21438 1
21439 27426 1
21439 28669 1
21439 32187 1
21439 32188 1
21439 34361 1
21439 39663 1
21439 45232 1
21439 62173 1
27422 27423 1
27422 27426 1
27422 30319 1
27422 34361 1
27422 36018 2
27422 40939 1
27422 41585 1
27422 41981 1
27422 45232 1
27422 46710 1
27422 47039 1
27422 48699 1
27422 51013 1
27422 51684 1
27422 51686 1
27422 54284 1
27422 55188 1
27422 58012 1
27422 63060 1
27422 63449 1
27422 63454 1
27422 63500 1
27422 66957 1
27422 66959 1
27422 125451 1
30319 27422 1
30319 34361 1
30319 36018 1
30319 41585 1
30319 41981 1
30319 47039 1
30319 51684 2
30319 51686 1
30319 63454 1
30319 63500 1
30319 66957 1
30319 125451 1
32188 19350 1
32188 20421 1
32188 21439 1
32188 32187 2
32188 34361 1
32188 34788 1
34788 32187 2
34788 32188 1
34788 34361 1
34788 41444 1
34788 45232 1
36018 27422 2
36018 27423 1
36018 30319 1
36018 34361 1
36018 34964 1
36018 40694 1
36018 40695 1
36018 40939 1
36018 41585 1
36018 41981 2
36018 44344 1
36018 46703 1
36018 46710 1
36018 47039 1
36018 48699 1
36018 49683 1
36018 49688 1
36018 51013 1
36018 51684 1
36018 51685 1
36018 51686 1
36018 54573 1
36018 54780 1
36018 55188 1
36018 56452 1
36018 56593 1
36018 61888 1
36018 63060 1
36018 63061 1
36018 63449 1
36018 63454 1
36018 63500 4
36018 66957 4
36018 66959 1
36018 69044 1
36018 125451 1
41585 27422 1
41585 30319 1
41585 34361 1
41585 36018 1
41585 41981 1
41585 47039 1
41585 51684 1
41585 51686 1
41585 63454 1
41585 63500 1
41585 66957 1
47039 26166 1
47039 26169 1
47039 27422 1
47039 27423 1
47039 30319 1
47039 34361 1
47039 36018 1
47039 41585 1
47039 41981 2
47039 47038 1
47039 48946 1
47039 49683 1
47039 51684 1
47039 51686 1
47039 53816 1
47039 54759 1
47039 58696 1
47039 63317 1
47039 63454 1
47039 63500 1
47039 66949 1
47039 66957 1
51684 27422 1
51684 30319 2
51684 34361 1
51684 36018 1
51684 41585 1
51684 41981 1
51684 47039 1
51684 51685 1
51684 51686 2
51684 63454 1
51684 63500 1
51684 66957 1
51686 27422 1
51686 27427 1
51686 30319 1
51686 34361 1
51686 36018 1
51686 41585 1
51686 41981 1
51686 47039 1
51686 51684 2
51686 51685 1
51686 63454 1
51686 63500 1
51686 66957 1
63454 27422 1
63454 27426 1
63454 30319 1
63454 34361 1
63454 36018 1
63454 41585 1
63454 41981 1
63454 47039 1
63454 51684 1
63454 51686 1
63454 61888 1
63454 63317 1
63454 63453 1
63454 63500 1
63454 66949 1
63454 66957 1
63454 70035 1
63454 73402 1
63454 101170 1
63500 24005 1
63500 27422 1
63500 27905 2
63500 30319 1
63500 34361 1
63500 34965 1
63500 36018 4
63500 36434 1
63500 36435 1
63500 41585 1
63500 41981 1
63500 42999 1
63500 46710 1
63500 47039 1
63500 48695 1
63500 51014 1
63500 51684 1
63500 51686 1
63500 54285 1
63500 54597 1
63500 54598 1
63500 56452 1
63500 56723 1
63500 60296 2
63500 61888 1
63500 63454 1
63500 66957 2
66957 27422 1
66957 30319 1
66957 34361 1
66957 36018 4
66957 41585 1
66957 41981 1
66957 46710 1
66957 47039 1
66957 49683 1
66957 51684 1
66957 51686 1
66957 54573 1
66957 56593 2
66957 61888 1
66957 63454 1
66957 63500 2
66957 66709 1
66957 66710 1
34965 27423 1
34965 27426 1
34965 27427 1
34965 27905 1
34965 30320 1
34965 36009 1
34965 36010 4
34965 44970 1
34965 45232 1
34965 46703 1
34965 46707 2
34965 46710 1
34965 46718 1
34965 46720 1
34965 48698 1
34965 49680 1
34965 51013 1
34965 51014 3
34965 51015 2
34965 51116 1
34965 52387 1
34965 53980 1
34965 54253 1
34965 54290 1
34965 54628 1
34965 56172 1
34965 56452 1
34965 60296 3
34965 63315 1
34965 63321 1
34965 63449 2
34965 63500 1
34965 65403 1
34965 66709 1
34965 77747 1
34965 113544 1
34965 115034 1
36009 27423 1
36009 34965 1
36009 36010 1
36009 48698 1
36009 49680 1
36009 51116 1
36009 52387 1
36009 53980 1
36009 54290 1
36009 77747 1
36009 113544 1
36009 115034 1
36010 27423 1
36010 30320 2
36010 34965 4
36010 36009 1
36010 44970 1
36010 45232 1
36010 46707 2
36010 48698 1
36010 49679 1
36010 49680 1
36010 51013 1
36010 51014 2
36010 51015 1
36010 51116 1
36010 51685 1
36010 52387 1
36010 53815 1
36010 53980 1
36010 54290 1
36010 54576 1
36010 54598 1
36010 55905 1
36010 56172 2
36010 56452 1
36010 60296 3
36010 63321 1
36010 63449 1
36010 63450 1
36010 65403 1
36010 66584 1
36010 66949 1
36010 77747 1
36010 113544 1
36010 115034 1
36010 121526 1
36014 18048 1
36014 27423 1
36014 30596 1
36014 34959 1
36014 36019 1
36014 36020 1
36014 39663 1
36019 27423 1
36019 36014 1
36019 36020 1
36019 39663 1
36020 27423 1
36020 36014 1
36020 36019 1
36020 39663 1
39663 21439 1
39663 27423 1
39663 27426 1
39663 36014 1
39663 36019 1
39663 36020 1
39663 39664 1
39663 42999 1
39663 45232 1
39663 62173 1
39663 105475 1
40939 26165 1
40939 27422 1
40939 27423 1
40939 27902 1
40939 27903 1
40939 34959 1
40939 36018 1
40939 40940 2
40939 43788 1
40939 45353 1
40939 48699 1
40939 51013 1
40939 55188 1
40939 62173 1
40939 63060 1
40939 63449 1
40939 66959 1
40939 125451 1
45353 27423 1
45353 27905 1
45353 40939 1
45353 45354 1
45354 27423 1
45354 45353 1
48698 27423 1
48698 34965 1
48698 36009 1
48698 36010 1
48698 36436 1
48698 44006 1
48698 49680 1
48698 51116 1
48698 52387 1
48698 53980 1
48698 54290 1
48698 58009 1
48698 77747 1
48698 113544 1
48698 115034 1
49680 27423 1
49680 34965 1
49680 36009 1
49680 36010 1
49680 48698 1
49680 49678 1
49680 49679 1
49680 49681 1
49680 49682 1
49680 49683 1
49680 49684 1
49680 51116 1
49680 52387 1
49680 53980 1
49680 54290 1
49680 56172 1
49680 77747 1
49680 99056 1
49680 113544 1
49680 115034 1
49680 118591 1
49683 27423 1
49683 34966 1
49683 36018 1
49683 46710 1
49683 47039 1
49683 49678 1
49683 49679 1
49683 49680 1
49683 49681 1
49683 49682 1
49683 53816 1
49683 54573 1
49683 54759 1
49683 56593 1
49683 62175 1
49683 63061 1
49683 63317 1
49683 66949 1
49683 66957 1
51116 27423 1
51116 34965 1
51116 36009 1
51116 36010 1
51116 36889 1
51116 48698 1
51116 49680 1
51116 49681 1
51116 52387 1
51116 53980 1
51116 54290 1
51116 77747 1
51116 113544 1
51116 115034 1
52387 27423 1
52387 27425 1
52387 27903 1
52387 34965 1
52387 36009 1
52387 36010 1
52387 43788 1
52387 48698 1
52387 49680 1
52387 51116 1
52387 53816 1
52387 53980 1
52387 54290 1
52387 59846 1
52387 77747 1
52387 113544 1
52387 115034 1
53816 27423 1
53816 47039 1
53816 49683 1
53816 52387 1
53816 54759 1
53816 63317 1
53816 66949 1
53980 27423 1
53980 34965 1
53980 36009 1
53980 36010 1
53980 48698 1
53980 49680 1
53980 51116 1
53980 52387 1
53980 54290 1
53980 72970 2
53980 77747 1
53980 95234 1
53980 113544 1
53980 115034 1
54290 24006 1
54290 27423 1
54290 34965 1
54290 36009 1
54290 36010 1
54290 48698 1
54290 49680 1
54290 51116 1
54290 52387 1
54290 53980 1
54290 54284 1
54290 54285 1
54290 54286 1
54290 54287 1
54290 54289 1
54290 54291 1
54290 63474 1
54290 70254 1
54290 77151 1
54290 77747 1
54290 77748 1
54290 77928 1
54290 113544 1
54290 115034 1
54759 27423 1
54759 47039 1
54759 49683 1
54759 53816 1
54759 63317 1
54759 66949 1
55188 27422 1
55188 27423 1
55188 36018 1
55188 40939 1
55188 48699 1
55188 51013 1
55188 63060 1
55188 63449 1
55188 66959 1
55188 125451 1
63060 27422 1
63060 27423 1
63060 36018 1
63060 40939 1
63060 48699 1
63060 51013 1
63060 55188 1
63060 63449 2
63060 66959 1
63060 125451 1
63317 27423 1
63317 47039 1
63317 49683 1
63317 53816 1
63317 54759 1
63317 61888 1
63317 63449 1
63317 63450 1
63317 63451 1
63317 63452 1
63317 63453 1
63317 63454 1
63317 63457 2
63317 63460 1
63317 66949 2
63317 70035 1
63317 73402 1
63317 77743 1
63317 101170 1
63449 27422 1
63449 27423 1
63449 34965 2
63449 36010 1
63449 36018 1
63449 40939 1
63449 45232 1
63449 46707 1
63449 46718 1
63449 46720 1
63449 48699 1
63449 49682 1
63449 51013 1
63449 51014 1
63449 54253 1
63449 54598 1
63449 54775 1
63449 54776 1
63449 54777 1
63449 54778 1
63449 54780 1
63449 55188 1
63449 56452 1
63449 60296 1
63449 62171 1
63449 62173 1
63449 62174 1
63449 62175 1
63449 62176 1
63449 63060 2
63449 63317 1
63449 63450 1
63449 63451 1
63449 63452 1
63449 65403 1
63449 66959 1
63449 77743 1
63449 125451 1
66949 27423 1
66949 36010 1
66949 47039 1
66949 49683 1
66949 53816 1
66949 54759 1
66949 61888 1
66949 63317 2
66949 63453 1
66949 63454 1
66949 70035 1
66949 73402 1
66949 101170 1
66959 27422 1
66959 27423 1
66959 36018 1
66959 40939 1
66959 48699 1
66959 51013 1
66959 55188 1
66959 63060 1
66959 63449 1
66959 65404 1
66959 76921 1
66959 125451 1
77747 27423 1
77747 34965 1
77747 36009 1
77747 36010 1
77747 48698 1
77747 49680 1
77747 51116 1
77747 52387 1
77747 53980 1
77747 54290 1
77747 63316 1
77747 69044 1
77747 69045 1
77747 69046 1
77747 69048 1
77747 77704 1
77747 77708 1
77747 77709 1
77747 77723 1
77747 77734 5
77747 77743 1
77747 77745 1
77747 77746 1
77747 77748 1
77747 92308 1
77747 92506 1
77747 101170 1
77747 113544 1
77747 115034 1
113544 27423 1
113544 34965 1
113544 36009 1
113544 36010 1
113544 48698 1
113544 49680 1
113544 51116 1
113544 52387 1
113544 53980 1
113544 54290 1
113544 77747 1
113544 83076 1
113544 96493 1
113544 98020 1
113544 100020 1
113544 100021 1
113544 113539 2
113544 115034 1
113544 115563 1
113544 120680 1
113544 120998 1
115034 27423 1
115034 34965 1
115034 36009 1
115034 36010 1
115034 48698 1
115034 49680 1
115034 51116 1
115034 52387 1
115034 53980 1
115034 54290 1
115034 77747 1
115034 79024 1
115034 96341 1
115034 97726 1
115034 97728 1
115034 98020 1
115034 99332 1
115034 100021 1
115034 103442 1
115034 105340 1
115034 109898 1
115034 110312 1
115034 111219 1
115034 113539 1
115034 113544 1
115034 113819 1
115034 114045 1
115034 117386 1
115034 117652 1
115034 118040 1
115034 123550 1
118591 27423 1
118591 27426 1
118591 49680 1
118591 77932 1
118591 86058 1
118591 96341 1
118591 98949 1
118591 98950 1
118591 101170 1
118591 105341 1
118591 107915 1
118591 109490 1
118591 114334 1
118591 115130 2
118591 115639 1
118591 115640 1
118591 115641 1
118591 117386 1
118591 118038 1
118591 118590 1
118591 119406 1
125451 24005 1
125451 27422 1
125451 27423 1
125451 27426 1
125451 30319 1
125451 36018 1
125451 40939 1
125451 48695 1
125451 48699 1
125451 50867 1
125451 51013 1
125451 51015 1
125451 55188 1
125451 56723 1
125451 60296 1
125451 62282 1
125451 63060 1
125451 63449 1
125451 65624 1
125451 66959 1
125451 74868 1
125451 77751 1
125451 79025 1
125451 124826 1
39986 39984 1
39986 41443 1
63460 41443 1
63460 60218 1
63460 63317 1
63460 63457 1
63460 65008 1
63460 75993 1
63460 75996 1
63460 75997 1
63460 75998 1
63460 75999 1
63460 87480 1
63460 90269 1
63460 103259 1
63460 114621 1
24001 24002 2
24001 24003 1
24001 24004 1
24001 24005 1
24001 24006 1
24001 44006 1
24002 24001 2
24002 24003 1
24002 24004 1
24002 24005 1
24002 24006 1
24002 44006 1
24003 24001 1
24003 24002 1
24003 24004 1
24003 24005 1
24003 24006 1
24003 44006 1
24004 24001 1
24004 24002 1
24004 24003 1
24004 24005 1
24004 24006 1
24004 44006 1
24006 24001 1
24006 24002 1
24006 24003 1
24006 24004 1
24006 24005 2
24006 27424 1
24006 27426 2
24006 44006 1
24006 45232 4
24006 48695 2
24006 48699 1
24006 54284 2
24006 54285 1
24006 54286 1
24006 54287 1
24006 54289 2
24006 54290 1
24006 54291 1
24006 54577 1
24006 54760 1
24006 56723 2
24006 58009 5
24006 58012 3
24006 59847 1
24006 63474 1
24006 65623 1
24006 69219 1
24006 69220 1
24006 74606 1
24006 77151 1
24006 77748 1
24006 77928 1
41444 24005 1
41444 27426 1
41444 27902 1
41444 27903 1
41444 27905 1
41444 34788 1
41444 43788 1
41444 43789 1
41444 44006 1
41444 45232 1
41444 51012 1
41444 51013 1
41444 51685 1
41444 58012 1
41444 63457 1
54862 44006 1
58009 24006 5
58009 27425 1
58009 27426 4
58009 44006 1
58009 45232 1
58009 48695 1
58009 48698 1
58009 54760 1
58009 56723 1
58009 58012 4
58009 65403 1
58009 65408 1
58009 77151 1
63457 24005 1
63457 41444 1
63457 44006 1
63457 51012 1
63457 63317 2
63457 63460 1
27426 21439 1
27426 24005 3
27426 24006 2
27426 27422 1
27426 27424 1
27426 27425 5
27426 27427 1
27426 27903 1
27426 27905 1
27426 34965 1
27426 39663 1
27426 41444 1
27426 43788 1
27426 43789 1
27426 45232 6
27426 46720 1
27426 48695 4
27426 48699 1
27426 51015 1
27426 54628 1
27426 54760 1
27426 56723 3
27426 58009 4
27426 58012 4
27426 62173 1
27426 63454 1
27426 65408 1
27426 118591 1
27426 125451 1
45232 21439 1
45232 24005 3
45232 24006 4
45232 25694 1
45232 27422 1
45232 27424 2
45232 27425 1
45232 27426 6
45232 34788 1
45232 34965 1
45232 36010 1
45232 39663 1
45232 41444 1
45232 43788 1
45232 46707 1
45232 46710 1
45232 48695 2
45232 48699 1
45232 51012 1
45232 51014 1
45232 54284 1
45232 54760 1
45232 56452 1
45232 56723 2
45232 58009 1
45232 58012 1
45232 59846 1
45232 60296 1
45232 62173 1
45232 63449 1
45232 65403 1
45232 74606 1
48695 18988 1
48695 24005 2
48695 24006 2
48695 27424 1
48695 27425 2
48695 27426 4
48695 27905 1
48695 36434 1
48695 36435 1
48695 42999 1
48695 45232 2
48695 48699 1
48695 51015 1
48695 54597 1
48695 54598 1
48695 54760 1
48695 56452 1
48695 56723 5
48695 58009 1
48695 58012 1
48695 60296 1
48695 63500 1
48695 125451 1
76008 41445 1
76008 41447 1
76008 48696 1
76008 48699 1
76008 53877 1
76008 66956 1
76008 92307 1
76008 95724 1
76008 98020 1
76008 100021 1
76008 110312 1
76008 113539 1
76008 120998 1
66943 58012 1
66943 66942 1
66943 74804 1
66943 75999 1
66943 77737 1
66943 77742 1
66943 77744 1
66943 105475 1
66943 115564 1
77737 66943 1
77737 77742 1
77737 105475 1
77742 66943 1
77742 77704 1
77742 77705 1
77742 77706 1
77742 77708 1
77742 77709 1
77742 77737 1
77742 77739 1
77742 77743 1
77742 105475 1
99058 99056 1
99058 99057 1
99058 104847 1
99058 105341 1
99058 105475 1
99058 105476 1
99058 109135 1
99058 109475 1
99058 109898 1
99058 110207 1
99058 110312 1
99058 113539 1
99058 114746 1
99058 121965 1
99058 127597 1
104847 54577 1
104847 60118 1
104847 60122 1
104847 62174 1
104847 99058 1
104847 105475 1
104847 105476 1
104847 109135 1
104847 109475 1
104847 110207 1
104847 110312 1
104847 113539 1
104847 114746 1
104847 121965 1
104847 127597 1
105476 62749 1
105476 99058 1
105476 104847 1
105476 105475 1
105476 109135 1
105476 109475 1
105476 110207 1
105476 110312 1
105476 112550 1
105476 113539 1
105476 114746 1
105476 121965 1
105476 127597 1
109135 77743 1
109135 97726 2
109135 99056 1
109135 99057 1
109135 99058 1
109135 100021 1
109135 104847 1
109135 105340 2
109135 105475 1
109135 105476 1
109135 109033 1
109135 109133 1
109135 109475 1
109135 109898 1
109135 110207 1
109135 110312 2
109135 111218 1
109135 113539 2
109135 114045 1
109135 114746 1
109135 115564 1
109135 116804 1
109135 117386 1
109135 117903 1
109135 121965 1
109135 123193 1
109135 127597 1
109475 73402 1
109475 99058 1
109475 104847 1
109475 105475 1
109475 105476 1
109475 109033 1
109475 109135 1
109475 109793 1
109475 110207 1
109475 110312 1
109475 112551 1
109475 113539 1
109475 114746 1
109475 115316 1
109475 115564 1
109475 117903 1
109475 121965 2
109475 127597 1
110207 99058 1
110207 104847 1
110207 105475 1
110207 105476 1
110207 109135 1
110207 109475 1
110207 110312 1
110207 113539 1
110207 114746 1
110207 115021 1
110207 115379 1
110207 121965 1
110207 126288 1
110207 127597 1
110312 69048 1
110312 73402 1
110312 76008 1
110312 98020 2
110312 99056 1
110312 99058 1
110312 100021 3
110312 101170 1
110312 101708 1
110312 104847 1
110312 105475 1
110312 105476 1
110312 109135 2
110312 109175 1
110312 109475 1
110312 110207 1
110312 110708 1
110312 111160 1
110312 112551 1
110312 113152 1
110312 113539 10
110312 114045 1
110312 114746 1
110312 115034 1
110312 115564 1
110312 116804 2
110312 116806 1
110312 116807 1
110312 117077 1
110312 117386 1
110312 117624 1
110312 117652 1
110312 118514 1
110312 119345 1
110312 120997 1
110312 120998 1
110312 121965 1
110312 124267 1
110312 124273 1
110312 127597 1
110708 54289 1
110708 69048 1
110708 92022 1
110708 99332 1
110708 105475 1
110708 110312 1
110708 111160 1
110708 114045 1
110708 117704 1
113539 73402 1
113539 76008 1
113539 98020 3
113539 99056 1
113539 99058 1
113539 100021 3
113539 104847 1
113539 105475 1
113539 105476 1
113539 109135 2
113539 109475 1
113539 110207 1
113539 110312 10
113539 112178 1
113539 113544 2
113539 114746 1
113539 115034 1
113539 116804 1
113539 117386 1
113539 117652 1
113539 118590 1
113539 119345 1
113539 120998 2
113539 121965 1
113539 127597 1
114746 99058 1
114746 104847 1
114746 105475 1
114746 105476 1
114746 109135 1
114746 109475 1
114746 110207 1
114746 110312 1
114746 113539 1
114746 121965 1
114746 127597 1
127597 99058 1
127597 104847 1
127597 105475 1
127597 105476 1
127597 109135 1
127597 109475 1
127597 110207 1
127597 110312 1
127597 110839 1
127597 113539 1
127597 113613 1
127597 114746 1
127597 114952 1
127597 121965 1
127597 124039 1
127597 126306 1
18984 18985 2
18984 18986 2
18984 18987 1
18984 18988 1
18984 19203 1
18984 19205 1
18984 19207 1
18984 19208 1
18984 19347 1
18984 19348 1
18984 19754 1
18984 21229 1
18984 24245 1
18984 32187 1
19203 18984 1
19203 18985 1
19203 18986 1
19203 18987 1
19203 18988 1
19203 19201 1
19203 19205 1
19203 19207 1
19203 19347 1
19203 19348 1
19203 19754 1
19203 24245 1
19203 25694 1
19203 32187 1
19207 18984 1
19207 18985 1
19207 18986 1
19207 18987 1
19207 18988 2
19207 19203 1
19207 19205 1
19207 19347 1
19207 19348 1
19207 19754 2
19207 20888 1
19207 24245 1
19207 32187 1
24245 18984 1
24245 18985 1
24245 18986 1
24245 18987 1
24245 18988 1
24245 19203 1
24245 19205 1
24245 19207 1
24245 19347 1
24245 19348 1
24245 19754 1
24245 32187 1
20421 19205 1
20421 19350 1
20421 22213 1
20421 32188 1
22213 19205 1
22213 20421 1
22213 21229 1
27425 18988 1
27425 24005 2
27425 27426 5
27425 45232 1
27425 48695 2
27425 49378 1
27425 52387 1
27425 54285 1
27425 56723 3
27425 58009 1
27425 58012 2
27425 59846 1
27425 65408 1
27905 24005 1
27905 27426 1
27905 27902 1
27905 27903 2
27905 28885 1
27905 34965 1
27905 36434 1
27905 36435 1
27905 41444 1
27905 42999 2
27905 43788 2
27905 43789 1
27905 45353 1
27905 46710 1
27905 48695 1
27905 51014 1
27905 54573 1
27905 54597 1
27905 54598 1
27905 56452 1
27905 56723 1
27905 60296 2
27905 63500 2
36434 24005 1
36434 27905 1
36434 28676 1
36434 36435 2
36434 42999 1
36434 48695 1
36434 54597 1
36434 54598 1
36434 56452 1
36434 56723 1
36434 60296 1
36434 63500 1
36435 24005 1
36435 27905 1
36435 28676 2
36435 36434 2
36435 42999 1
36435 48695 1
36435 54597 1
36435 54598 1
36435 56452 1
36435 56723 1
36435 60296 1
36435 63500 1
42999 24005 1
42999 27902 1
42999 27903 1
42999 27905 2
42999 28885 1
42999 36434 1
42999 36435 1
42999 39663 1
42999 43788 1
42999 48695 1
42999 54573 1
42999 54597 1
42999 54598 1
42999 56452 1
42999 56723 1
42999 60296 1
42999 63500 1
51015 24005 1
51015 27426 1
51015 30320 1
51015 34965 2
51015 36010 1
51015 44970 1
51015 46703 1
51015 46707 1
51015 46718 1
51015 48695 1
51015 51014 1
51015 56723 1
51015 60296 1
51015 63321 1
51015 125451 1
54597 24005 1
54597 27905 1
54597 36434 1
54597 36435 1
54597 42999 1
54597 48695 1
54597 54596 1
54597 54598 2
54597 54599 1
54597 56452 1
54597 56723 1
54597 60296 1
54597 63500 1
54598 24005 1
54598 27905 1
54598 36010 1
54598 36434 1
54598 36435 1
54598 42999 1
54598 48695 1
54598 49679 1
54598 54596 1
54598 54597 2
54598 54599 1
54598 56452 1
54598 56723 1
54598 60296 1
54598 62171 1
54598 62173 1
54598 62174 1
54598 62175 1
54598 62176 1
54598 63449 1
54598 63450 1
54598 63500 1
55982 24005 1
55982 51012 1
55982 60118 1
55982 62282 1
55982 66958 1
55982 89780 1
55982 90269 2
55982 99332 1
55982 115564 1
55982 116813 1
56452 24005 1
56452 27905 1
56452 34964 1
56452 34965 1
56452 36010 1
56452 36018 1
56452 36434 1
56452 36435 1
56452 42999 1
56452 45232 1
56452 46703 1
56452 46707 1
56452 48695 1
56452 49688 1
56452 51014 1
56452 54597 1
56452 54598 1
56452 54780 1
56452 56723 1
56452 60296 2
56452 63061 1
56452 63449 1
56452 63500 1
56452 65403 1
56452 69044 1
58012 24005 1
58012 24006 3
58012 27422 1
58012 27425 2
58012 27426 4
58012 41444 1
58012 45232 1
58012 48695 1
58012 54760 1
58012 56723 2
58012 58009 4
58012 65408 1
58012 66943 1
58012 69219 1
60118 24005 1
60118 49687 1
60118 51012 1
60118 54286 1
60118 54577 1
60118 55920 1
60118 55921 1
60118 55922 1
60118 55982 1
60118 60119 1
60118 60122 1
60118 60218 1
60118 62174 1
60118 62282 1
60118 66958 1
60118 69046 1
60118 89780 1
60118 104847 1
60118 116813 1
60296 24005 1
60296 27905 2
60296 30318 1
60296 30320 1
60296 34965 3
60296 36010 3
60296 36434 1
60296 36435 1
60296 42999 1
60296 44970 1
60296 45232 1
60296 46707 2
60296 46710 1
60296 48695 1
60296 50867 1
60296 51014 4
60296 51015 1
60296 54597 1
60296 54598 1
60296 56452 2
60296 56676 1
60296 56723 1
60296 63321 1
60296 63449 1
60296 63500 2
60296 65403 1
60296 77751 1
60296 79025 1
60296 125451 1
62282 24005 1
62282 30320 1
62282 51012 1
62282 55905 1
62282 55982 1
62282 56172 1
62282 60118 1
62282 63474 1
62282 65317 1
62282 66958 1
62282 74868 1
62282 89780 1
62282 116813 1
62282 125451 1
66958 24005 1
66958 51012 1
66958 55982 1
66958 60118 1
66958 62282 1
66958 89780 1
66958 116813 1
74606 24005 1
74606 24006 1
74606 45232 1
74606 56723 1
74606 97728 1
89780 24005 1
89780 51012 1
89780 55982 1
89780 60118 1
89780 62282 1
89780 66958 1
89780 116813 1
116813 24005 1
116813 51012 1
116813 55982 1
116813 60118 1
116813 62282 1
116813 66958 1
116813 89780 1
26172 28885 1
26172 39984 1
28885 26172 1
28885 27902 1
28885 27903 1
28885 27905 1
28885 39984 1
28885 42999 1
28885 43788 1
28885 54573 1
39985 39984 1
54286 24006 1
54286 26633 1
54286 49687 1
54286 54284 1
54286 54285 1
54286 54287 1
54286 54289 1
54286 54290 1
54286 54291 1
54286 55920 1
54286 55921 1
54286 55922 1
54286 59847 1
54286 60118 1
54286 60623 1
54286 63474 1
54286 77151 1
54286 77748 1
54286 77928 1
58699 26633 1
58699 30318 1
58699 46703 1
58699 54287 1
58699 63474 1
59847 24006 1
59847 26633 1
59847 54284 1
59847 54286 1
59847 54289 1
59847 59846 1
59847 60623 1
60622 26633 1
60622 50867 1
60622 53597 1
60622 54284 1
60622 60623 1
60622 124214 1
60623 26633 2
60623 54286 1
60623 59847 1
60623 60622 1
60623 124214 1
124214 26633 1
124214 60622 1
124214 60623 1
124214 82451 1
124214 100020 1
54284 24006 2
54284 27422 1
54284 45232 1
54284 46710 1
54284 50867 1
54284 53597 1
54284 54285 1
54284 54286 1
54284 54287 1
54284 54289 2
54284 54290 1
54284 54291 1
54284 59847 1
54284 60622 1
54284 63474 1
54284 77151 1
54284 77748 1
54284 77928 1
54285 24006 1
54285 27425 1
54285 49378 1
54285 54284 1
54285 54286 1
54285 54287 1
54285 54289 1
54285 54290 1
54285 54291 1
54285 63474 1
54285 63500 1
54285 77151 1
54285 77748 1
54285 77928 1
54287 24006 1
54287 54284 1
54287 54285 1
54287 54286 1
54287 54289 1
54287 54290 1
54287 54291 1
54287 58699 1
54287 63474 1
54287 65624 1
54287 77151 1
54287 77748 1
54287 77928 1
54289 24006 2
54289 54284 2
54289 54285 1
54289 54286 1
54289 54287 1
54289 54290 1
54289 54291 1
54289 59847 1
54289 63474 1
54289 77151 1
54289 77748 1
54289 77928 1
54289 110708 1
54291 24006 1
54291 54284 1
54291 54285 1
54291 54286 1
54291 54287 1
54291 54289 1
54291 54290 1
54291 63474 1
54291 72120 1
54291 77151 1
54291 77748 1
54291 77928 1
63472 63474 1
63472 109175 1
63472 123667 1
77151 24006 1
77151 54284 1
77151 54285 1
77151 54286 1
77151 54287 1
77151 54289 1
77151 54290 1
77151 54291 1
77151 58009 1
77151 63474 1
77151 66709 1
77151 77723 1
77151 77748 1
77151 77928 1
77151 79075 1
77748 24006 1
77748 54284 1
77748 54285 1
77748 54286 1
77748 54287 1
77748 54289 1
77748 54290 1
77748 54291 1
77748 63474 1
77748 69044 1
77748 69045 1
77748 69046 1
77748 77151 1
77748 77745 1
77748 77746 1
77748 77747 1
77748 77928 1
77928 24006 1
77928 54284 1
77928 54285 1
77928 54286 1
77928 54287 1
77928 54289 1
77928 54290 1
77928 54291 1
77928 63474 1
77928 65404 1
77928 77151 1
77928 77748 1
109175 63472 1
109175 63474 1
109175 101170 1
109175 110312 1
109175 112551 1
109175 123667 1
123667 63472 1
123667 63474 1
123667 109175 1
21229 18984 1
21229 18985 1
21229 22213 1
26169 25098 1
26169 26166 1
26169 26168 1
26169 28675 1
26169 29148 1
26169 41981 2
26169 47039 1
40695 36018 1
40695 40694 1
40695 41981 1
40695 44344 1
40695 51685 1
44344 36018 1
44344 40694 1
44344 40695 1
44344 41981 1
44344 51685 1
47038 41981 1
47038 47039 1
47038 48198 1
51685 36010 1
51685 36018 1
51685 40694 1
51685 40695 1
51685 41444 1
51685 41981 1
51685 44344 1
51685 51013 1
51685 51684 1
51685 51686 1
51685 53815 1
51685 121526 1
28675 25098 1
28675 26169 1
28675 28676 1
28675 29148 1
28675 32894 1
28676 25098 1
28676 28675 1
28676 32894 1
28676 36434 1
28676 36435 2
43788 27424 1
43788 27426 1
43788 27902 3
43788 27903 5
43788 27905 2
43788 28885 1
43788 40939 1
43788 40940 1
43788 41444 1
43788 42999 1
43788 43001 1
43788 43789 1
43788 45232 1
43788 52387 1
43788 54573 1
43788 62173 1
37496 37497 1
37496 41445 1
37497 37496 1
37497 41445 1
41446 41445 1
41447 26857 1
41447 26858 1
41447 41445 1
41447 48696 1
41447 76008 1
41447 92307 1
48696 41445 1
48696 41447 1
48696 76008 1
48696 92307 1
92307 41445 1
92307 41447 1
92307 48696 1
92307 63316 1
92307 76008 1
92307 77932 1
92307 92306 1
92307 92308 1
92307 92311 1
92307 99332 1
92307 101708 1
55920 49687 1
55920 54286 1
55920 55921 1
55920 55922 1
55920 60118 1
55921 49687 1
55921 54286 1
55921 55920 1
55921 55922 1
55921 60118 1
55922 49687 1
55922 54286 1
55922 55920 1
55922 55921 1
55922 60118 1
48198 39917 1
48198 47038 1
48198 51012 1
48198 53597 1
50867 53597 1
50867 54284 1
50867 60296 1
50867 60622 1
50867 77751 1
50867 79025 1
50867 125451 1
76921 65404 1
76921 66959 1
76921 76920 1
76921 95703 1
54599 54596 1
54599 54597 1
54599 54598 1
46710 27422 1
46710 27905 1
46710 34965 1
46710 36018 1
46710 45232 1
46710 49683 1
46710 51014 1
46710 54284 1
46710 54573 1
46710 55807 1
46710 56593 1
46710 60296 1
46710 63500 1
46710 66957 1
54573 27902 1
54573 27903 1
54573 27905 1
54573 28885 1
54573 36018 1
54573 42999 1
54573 43788 1
54573 46710 1
54573 49683 1
54573 56593 1
54573 66957 1
66709 34965 1
66709 56593 1
66709 63315 1
66709 66710 1
66709 66957 1
66709 77151 1
66710 56593 1
66710 66709 1
66710 66957 1
66710 77751 1
77703 60119 1
77703 77740 1
77703 99331 1
30318 46703 1
30318 51014 1
30318 56676 2
30318 58699 1
30318 60296 1
30318 63315 1
56676 30318 2
56676 51014 1
56676 54760 1
56676 60296 1
56676 63315 1
65721 63315 1
65721 69048 2
65721 74868 1
65721 99332 1
65721 101192 1
69048 63315 1
69048 65721 2
69048 77709 1
69048 77747 1
69048 99332 1
69048 101192 1
69048 110312 1
69048 110708 1
76920 63315 1
76920 76921 1
92308 63315 1
92308 69044 1
92308 73402 1
92308 77734 1
92308 77747 1
92308 77932 1
92308 92306 1
92308 92307 1
92308 96341 1
92308 101170 1
92308 103441 1
92308 103442 1
92308 109898 1
92308 115021 1
92308 115564 1
92308 117386 1
92308 117652 1
92308 118038 1
92308 119345 1
92308 123550 1
101192 63315 1
101192 65721 1
101192 69048 1
101192 79024 1
101192 79025 1
103441 63315 1
103441 92308 1
103441 103442 1
103442 63315 1
103442 79024 1
103442 92308 1
103442 96341 1
103442 103441 1
103442 109898 1
103442 115034 1
30320 34965 1
30320 36010 2
30320 44970 1
30320 46707 1
30320 51014 1
30320 51015 1
30320 54576 1
30320 56172 1
30320 60296 1
30320 62282 1
30320 63321 1
30320 65317 1
30320 66584 1
56172 30320 1
56172 34965 1
56172 36010 2
56172 49680 1
56172 49684 1
56172 51013 1
56172 62282 1
56172 65317 1
56172 99056 1
56172 127369 1
85486 65317 1
85486 85485 1
85486 85487 2
85487 65317 1
85487 85485 1
85487 85486 2
63316 77734 1
63316 77747 1
63316 92307 1
63316 92311 1
63316 101708 1
77704 77705 1
77704 77706 1
77704 77708 3
77704 77709 1
77704 77734 1
77704 77739 1
77704 77742 1
77704 77743 2
77704 77747 1
77708 77704 3
77708 77705 1
77708 77706 2
77708 77709 2
77708 77734 1
77708 77739 1
77708 77742 1
77708 77743 2
77708 77747 1
77708 79025 1
77743 63317 1
77743 63449 1
77743 63450 1
77743 63451 1
77743 63452 1
77743 77704 2
77743 77705 1
77743 77706 1
77743 77708 2
77743 77709 1
77743 77734 1
77743 77739 1
77743 77742 1
77743 77747 1
77743 109135 1
77743 109898 1
101170 61888 1
101170 63317 1
101170 63453 1
101170 63454 1
101170 65408 1
101170 65624 1
101170 66949 1
101170 70035 1
101170 73402 4
101170 77734 1
101170 77747 1
101170 77932 2
101170 92308 1
101170 96341 1
101170 101708 1
101170 103259 1
101170 109133 1
101170 109175 1
101170 109898 1
101170 110312 1
101170 111160 2
101170 111219 1
101170 114045 1
101170 114621 1
101170 117386 1
101170 118038 3
101170 118590 1
101170 118591 1
101170 119345 1
101170 123550 1
64649 101708 1
64649 120998 1
93037 100021 1
93037 120998 1
109793 109475 1
109793 114952 1
109793 121965 1
114471 121965 1
118625 115564 1
118625 121965 1
19350 19349 1
19350 19351 1
19350 20421 1
19350 32188 1
19351 19349 1
19351 19350 1
18049 18048 1
34959 18048 1
34959 34960 1
34959 36014 1
34959 40939 1
27111 25098 1
26857 26858 1
26857 41447 1
46703 30318 1
46703 34964 1
46703 34965 1
46703 36018 1
46703 46718 1
46703 49688 1
46703 51015 1
46703 54780 1
46703 56452 1
46703 58699 1
46703 63061 1
46703 69044 1
46720 27426 1
46720 27427 1
46720 34965 1
46720 46718 1
46720 49682 1
46720 54253 1
46720 54628 1
46720 54775 1
46720 54776 1
46720 54777 1
46720 54778 1
46720 54780 1
46720 63449 1
46720 63452 1
46720 71005 1
49682 46718 1
49682 46720 1
49682 49678 1
49682 49679 1
49682 49680 1
49682 49681 1
49682 49683 1
49682 54253 1
49682 54775 1
49682 54776 1
49682 54777 1
49682 54778 1
49682 54780 1
49682 63449 1
54253 34965 1
54253 46718 1
54253 46720 1
54253 49682 1
54253 54775 1
54253 54776 1
54253 54777 1
54253 54778 1
54253 54780 1
54253 63449 1
54775 46718 1
54775 46720 1
54775 49682 1
54775 54253 1
54775 54776 1
54775 54777 1
54775 54778 1
54775 54780 1
54775 63449 1
54776 46718 1
54776 46720 1
54776 49682 1
54776 54253 1
54776 54775 1
54776 54777 1
54776 54778 1
54776 54780 1
54776 63449 1
54777 46718 1
54777 46720 1
54777 49682 1
54777 54253 1
54777 54775 1
54777 54776 1
54777 54778 1
54777 54780 1
54777 63449 1
54778 46718 1
54778 46720 1
54778 49682 1
54778 54253 1
54778 54775 1
54778 54776 1
54778 54777 1
54778 54780 1
54778 63449 1
54780 34964 2
54780 36018 1
54780 46703 1
54780 46718 1
54780 46720 1
54780 49682 1
54780 49688 1
54780 54253 1
54780 54775 1
54780 54776 1
54780 54777 1
54780 54778 1
54780 56452 1
54780 63061 1
54780 63449 1
54780 69044 1
54760 24006 1
54760 27426 1
54760 45232 1
54760 48695 1
54760 56676 1
54760 56723 1
54760 58009 1
54760 58012 1
54760 65403 1
54760 66547 1
111219 98020 1
111219 101170 1
111219 111218 1
111219 115034 1
111219 123550 1
117652 92308 1
117652 98020 1
117652 100021 1
117652 110312 1
117652 113539 1
117652 115034 1
117652 115563 1
117652 115564 1
99056 49680 1
99056 49684 1
99056 56172 1
99056 99057 1
99056 99058 1
99056 100020 1
99056 100021 2
99056 105341 1
99056 109135 1
99056 109898 1
99056 110312 1
99056 113539 1
99056 115130 1
99056 116804 1
99056 117386 1
100020 95234 2
100020 99056 1
100020 100021 2
100020 113544 1
100020 124214 1
116804 99056 1
116804 100021 1
116804 109135 1
116804 110312 2
116804 113539 1
116804 114045 1
116804 115564 1
116804 116806 1
116804 116807 1
116804 117386 1
116804 117624 1
116804 118514 1
117386 73402 1
117386 77932 1
117386 79024 1
117386 92308 1
117386 95724 1
117386 96341 1
117386 97726 1
117386 97728 1
117386 99056 1
117386 100021 1
117386 101170 1
117386 105340 1
117386 109135 1
117386 109898 1
117386 110312 1
117386 113539 1
117386 114045 1
117386 115034 1
117386 116804 1
117386 118038 1
117386 118040 1
117386 118591 1
117386 119345 1
117386 123550 1
21438 21439 1
62173 21439 1
62173 27426 1
62173 27902 1
62173 27903 1
62173 39663 1
62173 40939 1
62173 40940 1
62173 43788 1
62173 45232 1
62173 54598 1
62173 62171 1
62173 62174 1
62173 62175 1
62173 62176 1
62173 63449 1
34964 36018 1
34964 46703 1
34964 49688 1
34964 54780 2
34964 56452 1
34964 63061 1
34964 69044 1
49688 34964 1
49688 36018 1
49688 46703 1
49688 54780 1
49688 56452 1
49688 63061 1
49688 69044 1
61888 36018 1
61888 63317 1
61888 63453 1
61888 63454 1
61888 63500 1
61888 66949 1
61888 66957 1
61888 70035 1
61888 73402 1
61888 101170 1
63061 34964 1
63061 34966 1
63061 36018 1
63061 46703 1
63061 49683 1
63061 49688 1
63061 54780 1
63061 56452 1
63061 62175 1
63061 69044 1
69044 34964 1
69044 36018 1
69044 46703 1
69044 49688 1
69044 54780 1
69044 56452 1
69044 63061 1
69044 69045 1
69044 69046 1
69044 77745 1
69044 77746 1
69044 77747 1
69044 77748 1
69044 92308 1
48946 47039 1
48946 58696 1
58696 47039 1
58696 48946 1
27427 27426 1
27427 34965 1
27427 46720 1
27427 49681 1
27427 51686 1
27427 54628 1
63453 61888 1
63453 63317 1
63453 63454 1
63453 66949 1
63453 70035 1
63453 73402 1
63453 101170 1
70035 61888 1
70035 63317 1
70035 63453 1
70035 63454 1
70035 66949 1
70035 73402 1
70035 101170 1
73402 61888 1
73402 63317 1
73402 63453 1
73402 63454 1
73402 66949 1
73402 70035 1
73402 77932 2
73402 92308 1
73402 96341 1
73402 97726 1
73402 97728 1
73402 101170 4
73402 103259 1
73402 105340 1
73402 109475 1
73402 109898 1
73402 110312 1
73402 111160 1
73402 113539 1
73402 117386 1
73402 118038 1
73402 118590 1
73402 119345 2
73402 123550 1
51014 27905 1
51014 30318 1
51014 30320 1
51014 34965 3
51014 36010 2
51014 44970 1
51014 45232 1
51014 46707 2
51014 46710 1
51014 51015 1
51014 56452 1
51014 56676 1
51014 60296 4
51014 63321 1
51014 63449 1
51014 63500 1
51014 65403 1
44970 30320 1
44970 34965 1
44970 36010 1
44970 46707 1
44970 51014 1
44970 51015 1
44970 60296 1
44970 63321 1
46707 30320 1
46707 34965 2
46707 36010 2
46707 44970 1
46707 45232 1
46707 51014 2
46707 51015 1
46707 56452 1
46707 60296 2
46707 63321 1
46707 63449 1
46707 65403 1
54628 27426 1
54628 27427 1
54628 34965 1
54628 46720 1
63321 30320 1
63321 34965 1
63321 36010 1
63321 44970 1
63321 46707 1
63321 51014 1
63321 51015 1
63321 60296 1
65403 34965 1
65403 36010 1
65403 45232 1
65403 46707 1
65403 51014 1
65403 54760 1
65403 56452 1
65403 58009 1
65403 60296 1
65403 63449 1
65403 65404 1
49679 36010 1
49679 49678 1
49679 49680 1
49679 49681 1
49679 49682 1
49679 49683 1
49679 54598 1
49679 63450 1
53815 36010 1
53815 51685 1
53815 121526 1
54576 30320 1
54576 36010 1
54576 43001 1
54576 62175 1
54576 66584 2
55905 36010 1
55905 53894 1
55905 62282 1
63450 36010 1
63450 49679 1
63450 54598 1
63450 63317 1
63450 63449 1
63450 63451 1
63450 63452 1
63450 77743 1
66584 30320 1
66584 36010 1
66584 43001 1
66584 54576 2
66584 62175 1
121526 36010 1
121526 51685 1
121526 53815 1
30596 36014 1
39664 39663 1
26165 40939 1
27902 27903 2
27902 27905 1
27902 28885 1
27902 40939 1
27902 40940 2
27902 41444 1
27902 42999 1
27902 43788 3
27902 54573 1
27902 62173 1
27903 27426 1
27903 27902 2
27903 27905 2
27903 28885 1
27903 40939 1
27903 40940 1
27903 41444 1
27903 42999 1
27903 43001 1
27903 43788 5
27903 43789 1
27903 52387 1
27903 54573 1
27903 62173 1
40940 27902 2
40940 27903 1
40940 40939 2
40940 43788 1
40940 62173 1
36436 48698 1
49678 49679 1
49678 49680 1
49678 49681 1
49678 49682 1
49678 49683 1
49681 27427 1
49681 49678 1
49681 49679 1
49681 49680 1
49681 49682 1
49681 49683 1
49681 51116 1
49684 49680 1
49684 56172 1
49684 99056 1
34966 49683 1
34966 62175 1
34966 63061 1
62175 34966 1
62175 43001 1
62175 49683 1
62175 54576 1
62175 54598 1
62175 62171 1
62175 62173 1
62175 62174 1
62175 62176 1
62175 63061 1
62175 63449 1
62175 66584 1
36889 51116 1
72970 53980 2
72970 95234 1
95234 53980 1
95234 72970 1
95234 93419 1
95234 100020 2
70254 54290 1
63451 63317 1
63451 63449 1
63451 63450 1
63451 63452 1
63451 77743 1
63452 46720 1
63452 63317 1
63452 63449 1
63452 63450 1
63452 63451 1
63452 71005 1
63452 77743 1
62171 54598 1
62171 62173 1
62171 62174 1
62171 62175 1
62171 62176 1
62171 63449 1
62174 54577 1
62174 54598 1
62174 60118 1
62174 60122 1
62174 62171 1
62174 62173 1
62174 62175 1
62174 62176 1
62174 63449 1
62174 104847 1
62176 54598 1
62176 62171 1
62176 62173 1
62176 62174 1
62176 62175 1
62176 63449 1
65404 65403 1
65404 66959 1
65404 76921 1
65404 77706 1
65404 77928 1
69045 69044 1
69045 69046 1
69045 77745 1
69045 77746 1
69045 77747 1
69045 77748 1
69046 60118 1
69046 60218 1
69046 69044 1
69046 69045 1
69046 77745 1
69046 77746 1
69046 77747 1
69046 77748 1
77709 69048 1
77709 77704 1
77709 77705 1
77709 77706 1
77709 77708 2
77709 77739 1
77709 77742 1
77709 77743 1
77709 77747 1
77709 79025 1
77723 77151 1
77723 77747 1
77723 79075 1
77723 92506 1
77723 96341 1
77723 97728 1
77745 69044 1
77745 69045 1
77745 69046 1
77745 77746 1
77745 77747 1
77745 77748 1
77746 69044 1
77746 69045 1
77746 69046 1
77746 77745 1
77746 77747 1
77746 77748 1
92506 77723 1
92506 77747 1
83076 113544 1
96493 113544 1
96493 120680 1
115563 98949 1
115563 109133 1
115563 113544 1
115563 115564 2
115563 117652 1
120680 96493 1
120680 113544 1
79024 79025 1
79024 95724 1
79024 96341 1
79024 101192 1
79024 103442 1
79024 109898 1
79024 115034 1
79024 117386 1
96341 73402 1
96341 77723 1
96341 77932 2
96341 79024 1
96341 92308 1
96341 97728 1
96341 101170 1
96341 103442 1
96341 109898 3
96341 115034 1
96341 117386 1
96341 118038 1
96341 118591 1
96341 119345 1
96341 123550 1
97726 73402 1
97726 97728 2
97726 99057 1
97726 105340 4
97726 109033 1
97726 109133 1
97726 109135 2
97726 114045 2
97726 115034 1
97726 115564 1
97726 117386 1
97726 117903 1
97726 118040 1
97728 73402 1
97728 74606 1
97728 77723 1
97728 96341 1
97728 97726 2
97728 105340 2
97728 114045 1
97728 115034 1
97728 117386 1
97728 118040 1
97728 123969 1
97728 124273 1
99332 55982 1
99332 65721 1
99332 69048 1
99332 90269 1
99332 92022 1
99332 92307 1
99332 99331 1
99332 110708 1
99332 114045 1
99332 115034 1
99332 115564 1
105340 73402 1
105340 77932 1
105340 97726 4
105340 97728 2
105340 99057 1
105340 105341 1
105340 109033 1
105340 109133 1
105340 109135 2
105340 114045 2
105340 115034 1
105340 115564 1
105340 117386 1
105340 117903 1
105340 118040 1
105340 118590 1
105340 119345 1
105340 123550 1
109898 73402 1
109898 77743 1
109898 77932 1
109898 79024 1
109898 92308 1
109898 96341 3
109898 99056 1
109898 99057 1
109898 99058 1
109898 101170 1
109898 103442 1
109898 105341 1
109898 109135 1
109898 115034 1
109898 117386 1
109898 118038 1
109898 118040 1
109898 119287 1
109898 119288 1
109898 119345 1
109898 123550 1
113819 115034 1
114045 77932 1
114045 92022 1
114045 97726 2
114045 97728 1
114045 99057 1
114045 99332 1
114045 101170 1
114045 105340 2
114045 109033 1
114045 109135 1
114045 110312 1
114045 110708 1
114045 115021 1
114045 115034 1
114045 115564 2
114045 116804 1
114045 116806 1
114045 116807 1
114045 117386 1
114045 117624 1
114045 117903 1
114045 118040 1
114045 118514 1
118040 97726 1
118040 97728 1
118040 105340 1
118040 109898 1
118040 114045 1
118040 115034 1
118040 117386 1
118040 119287 1
118040 119288 1
123550 73402 1
123550 77932 1
123550 92308 1
123550 96341 1
123550 101170 1
123550 105340 1
123550 109133 1
123550 109898 1
123550 111219 1
123550 115021 1
123550 115034 1
123550 117386 1
123550 118038 1
123550 119345 1
123550 123549 1
77932 73402 2
77932 92307 1
77932 92308 1
77932 96341 2
77932 101170 2
77932 105340 1
77932 109898 1
77932 114045 1
77932 115021 1
77932 117386 1
77932 118038 1
77932 118591 1
77932 119345 2
77932 123550 1
86058 115639 1
86058 115640 1
86058 115641 1
86058 118591 1
98949 98950 1
98949 105341 1
98949 109490 1
98949 115130 1
98949 115563 1
98949 118591 1
98949 119406 1
98950 98949 1
98950 105341 1
98950 109490 1
98950 115130 1
98950 118514 1
98950 118591 1
98950 119406 1
105341 98949 1
105341 98950 1
105341 99056 1
105341 99057 1
105341 99058 1
105341 105340 1
105341 109490 1
105341 109898 1
105341 115130 1
105341 118591 1
105341 119406 1
107915 96144 1
107915 107913 2
107915 107914 2
107915 116658 1
107915 118591 1
109490 98949 1
109490 98950 1
109490 105341 1
109490 113152 1
109490 115130 1
109490 115640 1
109490 118591 1
109490 119406 1
114334 118591 1
115130 98949 1
115130 98950 1
115130 99056 1
115130 105341 1
115130 109490 1
115130 118591 2
115130 119406 1
115639 86058 1
115639 115640 1
115639 115641 1
115639 118591 1
115640 26170 1
115640 86058 1
115640 109490 1
115640 115639 1
115640 115641 1
115640 118514 1
115640 118591 1
115640 119406 1
115641 86058 1
115641 115639 1
115641 115640 1
115641 118591 1
118038 73402 1
118038 77932 1
118038 92308 1
118038 96341 1
118038 101170 3
118038 109898 1
118038 115021 1
118038 117386 1
118038 117624 1
118038 118591 1
118038 119345 1
118038 123550 1
118590 73402 1
118590 101170 1
118590 103259 1
118590 105340 1
118590 111160 1
118590 112178 1
118590 113539 1
118590 117624 1
118590 118591 1
119406 98949 1
119406 98950 1
119406 105341 1
119406 109490 1
119406 115130 1
119406 115640 1
119406 118591 1
65624 54287 1
65624 101170 1
65624 124826 1
65624 125451 1
74868 62282 1
74868 65721 1
74868 125451 1
77751 50867 1
77751 60296 1
77751 66710 1
77751 79025 1
77751 119944 1
77751 125451 1
79025 50867 1
79025 60296 1
79025 77708 1
79025 77709 1
79025 77751 1
79025 79024 1
79025 101192 1
79025 125451 1
124826 65624 1
124826 77744 1
124826 119345 1
124826 125451 1
60218 60118 1
60218 63460 1
60218 65008 1
60218 69046 1
60218 90269 1
60218 103259 1
60218 114621 1
65008 60218 1
65008 63460 1
65008 90269 1
65008 103259 1
65008 114621 1
75993 63460 1
75993 75996 1
75993 75997 1
75993 75998 1
75993 75999 1
75996 63460 1
75996 75993 1
75996 75997 1
75996 75998 1
75996 75999 1
75997 63460 1
75997 75993 1
75997 75996 1
75997 75998 1
75997 75999 1
75998 63460 1
75998 75993 1
75998 75996 1
75998 75997 1
75998 75999 1
75999 63460 1
75999 66942 1
75999 66943 1
75999 74804 1
75999 75993 1
75999 75996 1
75999 75997 1
75999 75998 1
75999 77744 1
75999 115564 1
87480 63460 1
90269 55982 2
90269 60218 1
90269 63460 1
90269 65008 1
90269 99332 1
90269 103259 2
90269 114621 1
90269 115564 1
103259 60218 1
103259 63460 1
103259 65008 1
103259 73402 1
103259 90269 2
103259 101170 1
103259 111160 1
103259 114621 2
103259 118590 1
103259 119345 1
103259 127737 1
114621 60218 1
114621 63460 1
114621 65008 1
114621 90269 1
114621 101170 1
114621 103259 2
54577 24006 1
54577 60118 1
54577 60122 1
54577 62174 1
54577 65623 2
54577 104847 1
65623 24006 1
65623 54577 2
69219 24006 1
69219 58012 1
69220 24006 1
43789 27426 1
43789 27903 1
43789 27905 1
43789 41444 1
43789 43788 1
65408 27425 1
65408 27426 1
65408 58009 1
65408 58012 1
65408 101170 1
65408 109133 1
65408 124273 1
53877 66956 1
53877 76008 1
53877 95724 1
66956 53877 1
66956 76008 1
66956 95724 1
95724 53877 1
95724 66956 1
95724 76008 1
95724 79024 1
95724 117386 1
66942 66943 1
66942 74804 1
66942 75999 1
66942 77744 1
66942 115564 1
74804 66942 1
74804 66943 1
74804 75999 1
74804 77744 1
74804 115564 1
77744 66942 1
77744 66943 1
77744 74804 1
77744 75999 1
77744 115564 1
77744 124826 1
115564 55982 1
115564 66942 1
115564 66943 1
115564 74804 1
115564 75999 1
115564 77744 1
115564 90269 1
115564 92308 1
115564 97726 1
115564 99057 1
115564 99332 1
115564 105340 1
115564 109033 2
115564 109135 1
115564 109475 1
115564 110312 1
115564 112551 1
115564 114045 2
115564 115563 2
115564 116804 1
115564 116806 1
115564 116807 1
115564 117624 1
115564 117652 1
115564 117903 2
115564 118514 1
115564 118625 1
77705 77704 1
77705 77706 1
77705 77708 1
77705 77709 1
77705 77739 1
77705 77742 1
77705 77743 1
77706 65404 1
77706 77704 1
77706 77705 1
77706 77708 2
77706 77709 1
77706 77739 1
77706 77742 1
77706 77743 1
77739 77704 1
77739 77705 1
77739 77706 1
77739 77708 1
77739 77709 1
77739 77742 1
77739 77743 1
60122 54577 1
60122 60118 1
60122 62174 1
60122 104847 1
62749 105476 1
62749 112550 1
112550 62749 1
112550 105476 1
112550 112551 1
99057 97726 1
99057 99056 1
99057 99058 1
99057 105340 1
99057 105341 1
99057 109033 1
99057 109135 1
99057 109898 1
99057 114045 1
99057 115564 1
99057 117903 1
109033 97726 1
109033 99057 1
109033 105340 1
109033 109135 1
109033 109475 1
109033 112551 1
109033 114045 1
109033 115564 2
109033 117903 2
109133 65408 1
109133 97726 1
109133 101170 1
109133 105340 1
109133 109135 1
109133 115563 1
109133 123550 1
111218 109135 1
111218 111219 1
111218 123193 1
117903 97726 1
117903 99057 1
117903 105340 1
117903 109033 2
117903 109135 1
117903 109475 1
117903 112551 1
117903 114045 1
117903 115564 2
123193 109135 1
123193 111218 1
115021 77932 1
115021 92308 1
115021 110207 1
115021 114045 1
115021 117624 1
115021 118038 1
115021 123550 1
115379 110207 1
126288 110207 1
101708 63316 1
101708 64649 1
101708 92307 1
101708 92311 1
101708 101170 1
101708 110312 1
111160 73402 1
111160 101170 2
111160 103259 1
111160 110312 1
111160 110708 1
111160 117704 1
111160 118590 1
112551 109033 1
112551 109175 1
112551 109475 1
112551 110312 1
112551 112550 1
112551 115564 1
112551 117903 1
113152 109490 1
113152 110312 1
116806 110312 1
116806 114045 1
116806 115564 1
116806 116804 1
116806 116807 1
116806 117624 1
116806 118514 1
116807 110312 1
116807 114045 1
116807 115564 1
116807 116804 1
116807 116806 1
116807 117624 1
116807 118514 1
117077 110312 1
117624 110312 1
117624 114045 1
117624 115021 1
117624 115564 1
117624 116804 1
117624 116806 1
117624 116807 1
117624 118038 1
117624 118514 1
117624 118590 1
118514 26170 1
118514 98950 1
118514 110312 1
118514 114045 1
118514 115564 1
118514 115640 1
118514 116804 1
118514 116806 1
118514 116807 1
118514 117624 1
119345 73402 2
119345 77932 2
119345 92308 1
119345 96341 1
119345 96526 1
119345 101170 1
119345 103259 1
119345 105340 1
119345 109898 1
119345 110312 1
119345 113539 1
119345 117386 1
119345 118038 1
119345 123550 1
119345 124826 1
120997 110312 1
120997 124267 1
120997 124273 3
124267 110312 1
124267 120997 1
124267 124273 1
124273 65408 1
124273 97728 1
124273 110312 1
124273 120997 3
124273 124267 1
92022 99332 1
92022 110708 1
92022 114045 1
117704 110708 1
117704 111160 1
112178 113539 1
112178 118590 1
110839 113613 1
110839 114952 1
110839 124039 1
110839 126306 1
110839 127597 1
113613 110839 1
113613 114952 1
113613 124039 1
113613 126306 1
113613 127597 1
114952 109793 1
114952 110839 1
114952 113613 1
114952 124039 1
114952 126306 1
114952 127597 1
124039 110839 1
124039 113613 1
124039 114952 1
124039 126305 1
124039 126306 2
124039 127597 1
126306 110839 1
126306 113613 1
126306 114952 1
126306 124039 2
126306 126305 1
126306 127597 1
115316 109475 1
126305 124039 1
126305 126306 1
96526 119345 1
99331 77703 1
99331 99332 1
92311 63316 1
92311 92307 1
92311 101708 1
26170 115640 1
26170 118514 1
119287 109898 1
119287 118040 1
119287 119288 1
119288 109898 1
119288 118040 1
119288 119287 1
92306 92307 1
92306 92308 1
49378 27425 1
49378 54285 1
66547 54760 1
43001 27903 1
43001 43788 1
43001 54576 1
43001 62175 1
43001 66584 1
55807 46710 1
71005 46720 1
71005 63452 1
79075 77151 1
79075 77723 1
72120 54291 1
127737 103259 1
119944 77751 1
96144 107913 1
96144 107914 1
96144 107915 1
107913 96144 1
107913 107914 2
107913 107915 2
107913 116658 1
107914 96144 1
107914 107913 2
107914 107915 2
107914 116658 1
116658 107913 1
116658 107914 1
116658 107915 1
123969 97728 1
123549 123550 1
93419 95234 1
127369 56172 1
34960 34959 1
53894 55905 1
29148 26169 1
29148 28675 1
85485 85486 1
85485 85487 1
77740 77703 1
82451 124214 1
