2650 2649 1
2649 2650 1
2649 27844 1
27844 2649 1
27844 4573 1
27844 5575 1
27844 14295 1
27844 21065 1
27844 21259 1
27844 29880 1
27844 37287 1
27844 41587 1
27844 45563 1
27844 46877 1
4573 3999 1
4573 12482 1
4573 14893 1
4573 15229 1
4573 16383 1
4573 19015 1
4573 19019 1
4573 19021 1
4573 19022 1
4573 20803 1
4573 22323 1
4573 22333 1
4573 23156 1
4573 25465 1
4573 27844 1
4573 28113 1
4573 28341 1
4573 28445 1
4573 29868 1
4573 29872 1
4573 29879 1
4573 29992 1
4573 33012 1
4573 33030 1
4573 35015 1
4573 36418 1
4573 37290 1
4573 39161 1
4573 39457 1
4573 40832 1
4573 40893 1
4573 41588 1
4573 41993 1
4573 49007 1
5575 4006 1
5575 14295 1
5575 16952 1
5575 22323 1
5575 27844 1
5575 28341 1
14295 5575 1
14295 27844 1
14295 37282 1
21065 22333 1
21065 27844 1
21065 34543 1
21065 35847 1
21065 36409 1
21065 75374 1
21259 9793 1
21259 12972 2
21259 12973 1
21259 15207 1
21259 15226 1
21259 17511 1
21259 17805 1
21259 21064 1
21259 22333 2
21259 22336 1
21259 22343 1
21259 27844 1
21259 29778 1
21259 29880 1
21259 34530 1
21259 34532 1
21259 36411 2
21259 36418 1
21259 37287 2
21259 38199 1
21259 39161 1
21259 40357 1
21259 40894 1
21259 41015 1
21259 41560 2
21259 41561 1
21259 41587 3
21259 42600 1
21259 43541 1
21259 43678 1
21259 44246 1
21259 44596 1
21259 46877 2
21259 53626 1
21259 57327 1
29880 21259 1
29880 27844 1
29880 29865 1
29880 35013 1
29880 35847 1
29880 37287 1
29880 41587 1
29880 46877 2
29880 52134 1
29880 53107 1
37287 9793 1
37287 12972 1
37287 15207 1
37287 15705 1
37287 19026 1
37287 19082 1
37287 21259 2
37287 21583 1
37287 25561 1
37287 25562 1
37287 27844 1
37287 29778 1
37287 29880 1
37287 29994 1
37287 36233 1
37287 36913 1
37287 36914 1
37287 36916 1
37287 39656 1
37287 41394 1
37287 41561 1
37287 41587 1
37287 43542 1
37287 44596 1
37287 45116 1
37287 46855 1
37287 46877 1
37287 49278 1
37287 49967 1
37287 49982 1
37287 52675 1
37287 53583 1
41587 15226 1
41587 19082 1
41587 21259 3
41587 22329 1
41587 22333 1
41587 25462 1
41587 27844 1
41587 29880 1
41587 31138 1
41587 34534 1
41587 37287 1
41587 40832 1
41587 41163 1
41587 41560 2
41587 42506 1
41587 42600 1
41587 42603 1
41587 43580 1
41587 44596 3
41587 45176 1
41587 45235 1
41587 46877 1
41587 48253 1
41587 53402 1
41587 53626 1
41587 56234 1
41587 57327 1
45563 7342 1
45563 13003 1
45563 17737 1
45563 18219 1
45563 20540 1
45563 21061 1
45563 27844 1
45563 29869 1
45563 29991 1
45563 33020 1
45563 36425 2
45563 37307 1
45563 42826 1
45563 45176 1
45563 46857 1
45563 48263 1
45563 48952 1
45563 51705 1
45563 52060 1
45563 52134 1
45563 56243 1
45563 57325 1
45563 57326 2
45563 57327 2
45563 60163 1
45563 65057 1
45563 65393 1
45563 66474 1
45563 77420 1
45563 77501 1
46877 4569 1
46877 7342 1
46877 12496 1
46877 12972 1
46877 15226 1
46877 20780 1
46877 21066 1
46877 21067 1
46877 21259 2
46877 22336 1
46877 22342 1
46877 25991 1
46877 25992 1
46877 27844 1
46877 28506 1
46877 29880 2
46877 29988 1
46877 31316 1
46877 31325 1
46877 31758 1
46877 32760 1
46877 34532 1
46877 34542 1
46877 35013 1
46877 36422 1
46877 37287 1
46877 37290 1
46877 38514 1
46877 38515 1
46877 39456 1
46877 40357 1
46877 40840 1
46877 40846 1
46877 41015 1
46877 41587 1
46877 42507 1
46877 43559 1
46877 44245 1
46877 45837 2
46877 46488 1
46877 48095 1
46877 48202 1
46877 51705 1
46877 52134 1
46877 53626 1
46877 53637 1
46877 56336 1
46877 122572 1
3999 4573 1
3999 12482 1
3999 19015 1
3999 28113 1
3999 28445 1
3999 29872 1
3999 34530 1
3999 36233 1
3999 39457 1
3999 43541 1
3999 46488 1
12482 3999 1
12482 4573 1
12482 19015 1
12482 28113 1
12482 28445 1
12482 29872 1
12482 39457 1
14893 4573 1
14893 4605 1
14893 15660 1
14893 16383 1
14893 25462 1
14893 46855 1
14893 46857 1
15229 4573 1
15229 25465 1
15229 29868 1
15229 29879 1
15229 29992 1
15229 37290 1
15229 39161 1
15229 41588 1
15229 49007 1
16383 3757 1
16383 3769 1
16383 4007 1
16383 4573 1
16383 11114 1
16383 13738 1
16383 14893 1
16383 20985 1
16383 28338 1
16383 29965 1
19015 3999 1
19015 4573 1
19015 4605 1
19015 12482 1
19015 12493 1
19015 28113 1
19015 28445 1
19015 28458 1
19015 28459 1
19015 29872 1
19015 29956 1
19015 39321 1
19015 39457 1
19015 126388 1
19019 4573 1
19019 19021 1
19019 22323 1
19019 33030 1
19019 35015 1
19021 4573 1
19021 19019 1
19021 22323 1
19021 29872 1
19021 33030 1
19021 34530 1
19021 34539 1
19021 35015 1
19021 42506 1
19021 48098 1
19022 4573 1
19022 21067 1
20803 4573 1
20803 29866 1
20803 33012 1
20803 34530 1
20803 34533 1
20803 36411 1
20803 36418 1
20803 40357 2
20803 46855 1
22323 4006 1
22323 4573 1
22323 5575 1
22323 15662 1
22323 19019 1
22323 19021 1
22323 21583 1
22323 25462 1
22323 28341 1
22323 33030 2
22323 33513 1
22323 33515 1
22323 35015 1
22333 4573 1
22333 12495 1
22333 15219 1
22333 21064 1
22333 21065 1
22333 21259 2
22333 22329 1
22333 25992 1
22333 28453 1
22333 29775 1
22333 34530 1
22333 34543 2
22333 35847 1
22333 36409 1
22333 36411 4
22333 36418 1
22333 37282 1
22333 38199 1
22333 40357 1
22333 41561 1
22333 41587 1
22333 42600 1
22333 43541 1
22333 45176 1
22333 45837 1
22333 57327 1
22333 75374 1
23156 4573 1
23156 15705 1
23156 25992 1
23156 30396 1
23156 33012 1
23156 33026 1
23156 40890 1
23156 41993 1
23156 42507 1
23156 45837 1
25465 4573 1
25465 15229 1
25465 29868 1
25465 29879 1
25465 29992 1
25465 37290 1
25465 39161 1
25465 41588 1
25465 49007 1
28113 3999 1
28113 4005 1
28113 4573 1
28113 4605 1
28113 9793 1
28113 12482 1
28113 19015 1
28113 28445 1
28113 29872 1
28113 39457 1
28341 4006 1
28341 4573 1
28341 5575 1
28341 7342 1
28341 22323 1
28341 28506 1
28341 40893 1
28445 3999 1
28445 4573 1
28445 12482 1
28445 19015 1
28445 28113 1
28445 29872 1
28445 39457 1
29868 4573 1
29868 15229 1
29868 25465 1
29868 29879 1
29868 29992 1
29868 35013 1
29868 37290 1
29868 39161 1
29868 39456 1
29868 41588 1
29868 42601 1
29868 49007 1
29872 3999 1
29872 4573 1
29872 12482 1
29872 19015 1
29872 19021 1
29872 28113 1
29872 28445 1
29872 39161 1
29872 39457 1
29872 40440 1
29872 45235 1
29872 46855 1
29872 48095 1
29879 4573 1
29879 15229 1
29879 25465 1
29879 29868 1
29879 29992 1
29879 37290 1
29879 39161 1
29879 41588 1
29879 49007 1
29992 4573 1
29992 15229 1
29992 25465 1
29992 29868 1
29992 29879 1
29992 37290 1
29992 39161 1
29992 41588 1
29992 49007 1
33012 4573 1
33012 20803 1
33012 23156 1
33012 30396 1
33012 33010 1
33012 33026 1
33012 36418 1
33012 40890 1
33030 4573 1
33030 19019 1
33030 19021 1
33030 22323 2
33030 31069 1
33030 35015 1
33030 36418 1
33030 53402 1
35015 4573 1
35015 17805 1
35015 19019 1
35015 19021 1
35015 22323 1
35015 25992 1
35015 28506 1
35015 33030 1
35015 36409 1
36418 4573 1
36418 20803 1
36418 21064 1
36418 21259 1
36418 22333 1
36418 30396 1
36418 31069 1
36418 33012 1
36418 33030 1
36418 36411 1
36418 38199 1
36418 41015 1
37290 4569 1
37290 4573 1
37290 15229 1
37290 21067 1
37290 25465 1
37290 29868 1
37290 29879 1
37290 29992 1
37290 31138 1
37290 36233 1
37290 39161 1
37290 41561 1
37290 41588 2
37290 42502 1
37290 43559 1
37290 45837 1
37290 46855 1
37290 46877 1
37290 47848 1
37290 49007 1
37290 53626 1
37290 56336 1
37290 65393 1
39161 4573 1
39161 15229 1
39161 21259 1
39161 25465 1
39161 28436 1
39161 29868 1
39161 29872 1
39161 29879 1
39161 29992 1
39161 37290 1
39161 41588 1
39161 49007 1
39457 3742 1
39457 3999 1
39457 4573 1
39457 12482 1
39457 19015 1
39457 23518 1
39457 28113 1
39457 28445 1
39457 29872 1
40832 4573 1
40832 15226 1
40832 15705 1
40832 19082 1
40832 20795 1
40832 21510 1
40832 22169 1
40832 25462 1
40832 29955 1
40832 29994 1
40832 30396 2
40832 33010 1
40832 36913 1
40832 41163 1
40832 41587 1
40893 4573 1
40893 28341 1
41588 4573 1
41588 15229 1
41588 25465 1
41588 29868 1
41588 29879 1
41588 29992 1
41588 36233 1
41588 37290 2
41588 39161 1
41588 41561 1
41588 45837 1
41588 49007 1
41993 4573 1
41993 23156 1
49007 4573 1
49007 15229 1
49007 25465 1
49007 29868 1
49007 29879 1
49007 29992 1
49007 37290 1
49007 39161 1
49007 41588 1
4006 3779 1
4006 3799 1
4006 4001 1
4006 4010 1
4006 5575 1
4006 18222 1
4006 22323 1
4006 28341 1
16952 5575 1
16952 21064 1
37282 14295 1
37282 22333 1
37282 36411 1
37282 41561 1
37282 45837 1
34543 12495 1
34543 15219 1
34543 21065 1
34543 22333 2
34543 25992 1
34543 28453 1
34543 29775 1
34543 34530 1
34543 35847 1
34543 36409 1
34543 75374 1
35847 21065 1
35847 22333 1
35847 29865 1
35847 29880 1
35847 34543 1
35847 36409 1
35847 53107 1
35847 57326 1
35847 75374 1
36409 17805 1
36409 21065 1
36409 22333 1
36409 25992 1
36409 28506 1
36409 34543 1
36409 35015 1
36409 35847 1
36409 75374 1
75374 21065 1
75374 22333 1
75374 34543 1
75374 35847 1
75374 36409 1
9793 4605 1
9793 10373 1
9793 12972 1
9793 15207 1
9793 21259 1
9793 28113 1
9793 29778 1
9793 30396 1
9793 35569 1
9793 37287 1
9793 41561 1
12972 7342 1
12972 9793 1
12972 12973 1
12972 15207 1
12972 15226 1
12972 17511 1
12972 17805 1
12972 21067 1
12972 21259 2
12972 22336 1
12972 22343 1
12972 29778 1
12972 29988 1
12972 34530 1
12972 37287 1
12972 41561 1
12972 43678 1
12972 45837 1
12972 46877 1
12972 48095 1
12973 12972 1
12973 15226 1
12973 17511 1
12973 17805 1
12973 21259 1
12973 22343 1
12973 34530 1
12973 35013 1
12973 40357 1
12973 43678 1
15207 3247 1
15207 9793 1
15207 12972 1
15207 15206 1
15207 21259 1
15207 29778 1
15207 37287 1
15207 41561 1
15226 12496 1
15226 12972 1
15226 12973 1
15226 17511 1
15226 17805 1
15226 19082 1
15226 20780 1
15226 21066 1
15226 21259 1
15226 22336 1
15226 22343 1
15226 25462 1
15226 34530 1
15226 34542 1
15226 35021 1
15226 36422 1
15226 38206 1
15226 40832 1
15226 41587 1
15226 43542 1
15226 43678 1
15226 44570 1
15226 45837 1
15226 46488 1
15226 46877 1
15226 48202 1
15226 51705 1
15226 53626 1
17511 11115 1
17511 12972 1
17511 12973 1
17511 13061 1
17511 15226 1
17511 17791 1
17511 17805 1
17511 20754 1
17511 20755 1
17511 21259 1
17511 22343 6
17511 34530 1
17511 43678 1
17805 12972 1
17805 12973 1
17805 15226 1
17805 17511 1
17805 21259 1
17805 22343 1
17805 25992 1
17805 28506 1
17805 34530 1
17805 35015 1
17805 36409 1
17805 43678 1
21064 16952 1
21064 19364 1
21064 21259 1
21064 22333 1
21064 29994 1
21064 36411 1
21064 36418 1
21064 38199 1
22336 12496 1
22336 12972 1
22336 15226 1
22336 20780 1
22336 21066 1
22336 21259 1
22336 34542 1
22336 36422 1
22336 45837 1
22336 46488 1
22336 46877 1
22336 48202 1
22336 51705 1
22336 53626 1
22343 11115 1
22343 12972 1
22343 12973 1
22343 13061 1
22343 15226 1
22343 17511 6
22343 17805 1
22343 20754 1
22343 20755 1
22343 21259 1
22343 34530 1
22343 43678 1
29778 9793 1
29778 12972 1
29778 15207 1
29778 21259 1
29778 37287 1
29778 41561 1
34530 3999 1
34530 12495 1
34530 12972 1
34530 12973 1
34530 15219 1
34530 15226 1
34530 17511 1
34530 17805 1
34530 19021 1
34530 20803 1
34530 21259 1
34530 22333 1
34530 22343 1
34530 25992 1
34530 28453 1
34530 29775 1
34530 29866 1
34530 34533 1
34530 34539 1
34530 34543 1
34530 36233 1
34530 40357 1
34530 42506 1
34530 43541 1
34530 43678 1
34530 48098 1
34532 12479 1
34532 21259 1
34532 26855 1
34532 34439 1
34532 40357 1
34532 41015 1
34532 46877 1
36411 20760 1
36411 20803 1
36411 21064 1
36411 21259 2
36411 22333 4
36411 36418 1
36411 37282 1
36411 38199 1
36411 40357 1
36411 41561 1
36411 42600 1
36411 43541 1
36411 45837 1
38199 21064 1
38199 21259 1
38199 22333 1
38199 36411 1
38199 36418 1
38199 43541 1
38199 43542 1
38199 49967 1
40357 12973 1
40357 20803 2
40357 21259 1
40357 22333 1
40357 29866 1
40357 34530 1
40357 34532 1
40357 34533 1
40357 35013 1
40357 36411 1
40357 41015 1
40357 41561 1
40357 46877 1
40894 21259 1
41015 21259 1
41015 30396 1
41015 34532 1
41015 36418 1
41015 40357 1
41015 46877 1
41560 4569 1
41560 15206 1
41560 21259 2
41560 41587 2
41560 44596 1
41560 48095 1
41560 53626 1
41560 57327 1
41561 9793 1
41561 12972 1
41561 15207 1
41561 21259 1
41561 22333 1
41561 29778 1
41561 36233 1
41561 36411 1
41561 37282 1
41561 37287 1
41561 37290 1
41561 40357 1
41561 41588 1
41561 42506 1
41561 45837 1
42600 21259 1
42600 22329 1
42600 22333 1
42600 31138 1
42600 32748 1
42600 33515 1
42600 34534 2
42600 35013 1
42600 36411 1
42600 41163 1
42600 41587 1
42600 42506 1
42600 42603 1
42600 43541 1
42600 44596 1
42600 45176 1
42600 48258 1
42600 50146 1
42600 53402 1
42600 57325 1
43541 3999 1
43541 21259 1
43541 22333 1
43541 31136 1
43541 31138 1
43541 34530 1
43541 36233 1
43541 36411 1
43541 38199 1
43541 42600 1
43541 46488 1
43541 53402 1
43678 12972 1
43678 12973 1
43678 15226 1
43678 17511 1
43678 17805 1
43678 21259 1
43678 22343 1
43678 34530 1
44246 21259 1
44596 19082 1
44596 21259 1
44596 22329 1
44596 31138 1
44596 34534 1
44596 37287 1
44596 41163 1
44596 41560 1
44596 41587 3
44596 42506 1
44596 42600 1
44596 42603 1
44596 43580 1
44596 45176 1
44596 45235 1
44596 46855 1
44596 48202 1
44596 48253 1
44596 53402 1
44596 53626 1
44596 56234 1
44596 57327 1
53626 12496 1
53626 15226 1
53626 20780 1
53626 21066 1
53626 21259 1
53626 22336 1
53626 34542 1
53626 36422 1
53626 37290 1
53626 41560 1
53626 41587 1
53626 44596 1
53626 45837 1
53626 46488 1
53626 46877 1
53626 48202 1
53626 51705 1
53626 57327 1
53626 65393 1
57327 21259 1
57327 22333 1
57327 33020 1
57327 36425 1
57327 41560 1
57327 41587 1
57327 44596 1
57327 45176 1
57327 45563 2
57327 46857 1
57327 51705 1
57327 53626 1
57327 57325 1
57327 57326 1
29865 29880 1
29865 34539 1
29865 35847 1
29865 48202 1
29865 53107 1
29865 54975 1
29865 57326 1
35013 12973 1
35013 29868 1
35013 29880 1
35013 39456 1
35013 40357 1
35013 42600 1
35013 42601 1
35013 46877 1
35013 52134 1
35013 57325 1
52134 12497 1
52134 29880 1
52134 35013 1
52134 45563 1
52134 46877 1
52134 52060 1
52134 54062 1
53107 29865 1
53107 29880 1
53107 35847 1
15705 6049 1
15705 21510 1
15705 21583 1
15705 23156 1
15705 24544 1
15705 25463 1
15705 25561 1
15705 25562 1
15705 36913 3
15705 36916 1
15705 37287 1
15705 40832 1
19026 36233 1
19026 37287 1
19026 43542 1
19026 49967 1
19082 15226 1
19082 25462 1
19082 37287 1
19082 38207 1
19082 40832 1
19082 41587 1
19082 44596 1
19082 46488 1
19082 46855 1
21583 15705 1
21583 22323 1
21583 25561 1
21583 25562 1
21583 36913 1
21583 36916 1
21583 37287 1
25561 15705 1
25561 21583 1
25561 25562 2
25561 36913 1
25561 36916 1
25561 37287 1
25561 49278 1
25562 15705 1
25562 21583 1
25562 25561 2
25562 36913 1
25562 36916 1
25562 37287 1
25562 49278 1
29994 15249 1
29994 19364 1
29994 21064 1
29994 30396 1
29994 36914 1
29994 37287 1
29994 40832 1
29994 42517 1
29994 53402 1
36233 3999 1
36233 19026 1
36233 31138 1
36233 34530 1
36233 37287 1
36233 37290 1
36233 41561 1
36233 41588 1
36233 43541 1
36233 43542 1
36233 45837 1
36233 49967 1
36233 56126 1
36913 15705 3
36913 20795 1
36913 21583 1
36913 22169 1
36913 24544 1
36913 25463 1
36913 25561 1
36913 25562 1
36913 29955 1
36913 30396 1
36913 33010 1
36913 36916 1
36913 37287 1
36913 40832 1
36913 41163 1
36914 29994 1
36914 37287 1
36916 15705 1
36916 21583 1
36916 25561 1
36916 25562 1
36916 36913 1
36916 37287 1
39656 37287 1
39656 45116 1
39656 52675 1
41394 37287 1
41394 49278 2
41394 49982 2
43542 15226 1
43542 19026 1
43542 25991 1
43542 35021 1
43542 36233 1
43542 37287 1
43542 38199 1
43542 44570 1
43542 49967 2
45116 37287 1
45116 39656 1
45116 119893 1
46855 14893 1
46855 19082 1
46855 20803 1
46855 22342 2
46855 25462 1
46855 29872 1
46855 37287 1
46855 37290 1
46855 44596 1
46855 45235 4
46855 46857 2
46855 48095 1
46855 54804 1
49278 25561 1
49278 25562 1
49278 37287 1
49278 41394 2
49278 49982 2
49967 4612 1
49967 19026 1
49967 36233 1
49967 37287 1
49967 38199 1
49967 43542 2
49982 37287 1
49982 41394 2
49982 49278 2
49982 52675 1
52675 37287 1
52675 39656 1
52675 49982 1
52675 53583 1
53583 37287 1
53583 52675 1
22329 22333 1
22329 31138 1
22329 34534 1
22329 41163 1
22329 41587 1
22329 42506 1
22329 42600 1
22329 42603 1
22329 44596 1
22329 45176 1
22329 53402 1
25462 14893 1
25462 15226 1
25462 19082 1
25462 22323 1
25462 25992 1
25462 29776 1
25462 33513 1
25462 33515 1
25462 34533 1
25462 40832 1
25462 41587 1
25462 46855 1
25462 46857 2
31138 22329 1
31138 29991 1
31138 34534 1
31138 36233 1
31138 37290 1
31138 41163 1
31138 41587 1
31138 42506 1
31138 42600 1
31138 42603 1
31138 43541 1
31138 44596 1
31138 45176 1
31138 46488 1
31138 53402 1
34534 22329 1
34534 31138 1
34534 41163 1
34534 41587 1
34534 42506 1
34534 42600 2
34534 42603 1
34534 44596 1
34534 45176 1
34534 48258 1
34534 50146 1
34534 53402 1
41163 20795 1
41163 22169 1
41163 22329 1
41163 29955 1
41163 30396 1
41163 31138 1
41163 33010 1
41163 34534 1
41163 36913 1
41163 38830 1
41163 40832 1
41163 41587 1
41163 42506 1
41163 42600 1
41163 42603 1
41163 44596 1
41163 45176 1
41163 53402 1
42506 12487 1
42506 19021 1
42506 22329 1
42506 25988 1
42506 31138 1
42506 34530 1
42506 34534 1
42506 34539 1
42506 35558 1
42506 41163 1
42506 41561 1
42506 41587 1
42506 42507 1
42506 42600 1
42506 42603 1
42506 42826 1
42506 44596 1
42506 45176 1
42506 48098 1
42506 53402 2
42603 22329 1
42603 31138 1
42603 34534 1
42603 41163 1
42603 41587 1
42603 42506 1
42603 42600 1
42603 44596 1
42603 45176 1
42603 53402 1
43580 22342 1
43580 33532 2
43580 41587 1
43580 44596 1
43580 45235 1
43580 48253 1
43580 56234 2
43580 78228 1
45176 22329 1
45176 22333 1
45176 31138 1
45176 34534 1
45176 41163 1
45176 41587 1
45176 42506 1
45176 42600 1
45176 42603 1
45176 44596 1
45176 45563 1
45176 48095 1
45176 48202 1
45176 51705 1
45176 53402 1
45176 57327 1
45235 22342 2
45235 29872 1
45235 36425 1
45235 41587 1
45235 43580 1
45235 44187 1
45235 44596 1
45235 46855 4
45235 46857 1
45235 48095 1
45235 48253 2
45235 54804 1
45235 56234 1
48253 41587 1
48253 43580 1
48253 44596 1
48253 45235 2
48253 56234 1
53402 15249 1
53402 22329 1
53402 29994 1
53402 31138 1
53402 33030 1
53402 34534 1
53402 41163 1
53402 41587 1
53402 42506 2
53402 42517 1
53402 42600 1
53402 42602 1
53402 42603 1
53402 43541 1
53402 44596 1
53402 45176 1
56234 41587 1
56234 43580 2
56234 44596 1
56234 45235 1
56234 48253 1
7342 4608 1
7342 12581 1
7342 12972 1
7342 21067 1
7342 28341 1
7342 29988 1
7342 30629 1
7342 37307 1
7342 45563 1
7342 45837 1
7342 46877 1
7342 48095 1
7342 48952 1
13003 29869 1
13003 36425 1
13003 45563 1
13003 65057 1
17737 20540 1
17737 40846 1
17737 45563 1
18219 45563 1
18219 57326 1
20540 17737 1
20540 45563 1
21061 45563 1
29869 13003 1
29869 36425 1
29869 45563 1
29869 65057 1
29991 31138 1
29991 45563 1
33020 36425 1
33020 45563 1
33020 46857 1
33020 57325 1
33020 57326 1
33020 57327 1
36425 13003 1
36425 29869 1
36425 33020 1
36425 45235 1
36425 45563 2
36425 46857 1
36425 57325 1
36425 57326 1
36425 57327 1
36425 65057 1
37307 7342 1
37307 31758 1
37307 45563 1
37307 48952 1
42826 42506 1
42826 45563 1
46857 14893 1
46857 22342 1
46857 25462 2
46857 33020 1
46857 34533 1
46857 36425 1
46857 45235 1
46857 45563 1
46857 46855 2
46857 54804 1
46857 57325 1
46857 57326 1
46857 57327 1
48263 45563 1
48263 57326 1
48263 60163 1
48952 7342 1
48952 37307 1
48952 45563 1
48952 47848 1
51705 12496 1
51705 15226 1
51705 20780 1
51705 21066 1
51705 21067 1
51705 22336 1
51705 34542 1
51705 36422 1
51705 45176 1
51705 45563 1
51705 45837 1
51705 46488 1
51705 46877 1
51705 48202 1
51705 53626 1
51705 57327 1
52060 34544 1
52060 45563 1
52060 52134 1
52060 54975 1
52060 91615 1
56243 45563 1
56243 65393 1
56243 66474 1
56243 77420 1
56243 77501 1
57325 33020 1
57325 35013 1
57325 36425 1
57325 42600 1
57325 45563 1
57325 46857 1
57325 57326 1
57325 57327 1
57326 18219 1
57326 22342 1
57326 29865 1
57326 33020 1
57326 34539 1
57326 35847 1
57326 36235 1
57326 36425 1
57326 45563 2
57326 46857 1
57326 48202 1
57326 48263 1
57326 54975 1
57326 57325 1
57326 57327 1
57326 60163 1
60163 20801 1
60163 22342 1
60163 43317 1
60163 45563 1
60163 48263 1
60163 57326 1
65057 13003 1
65057 29869 1
65057 36425 1
65057 45563 1
65393 29882 1
65393 37290 1
65393 44188 1
65393 45563 1
65393 48202 1
65393 53626 1
65393 56243 1
65393 66474 1
65393 77420 1
65393 77501 1
66474 45563 1
66474 56243 1
66474 65393 1
66474 77420 1
66474 77501 1
77420 45563 1
77420 56243 1
77420 65393 1
77420 66474 1
77420 77501 1
77420 105100 1
77420 114859 1
77420 115301 1
77420 115771 1
77501 45563 1
77501 56243 1
77501 65393 1
77501 66474 1
77501 75895 1
77501 77420 1
4569 15206 1
4569 37290 1
4569 41560 1
4569 43559 1
4569 46877 1
4569 48095 1
4569 56336 1
12496 15226 1
12496 20780 1
12496 21066 1
12496 22336 1
12496 34542 1
12496 36422 1
12496 45837 1
12496 46488 1
12496 46877 1
12496 48202 1
12496 51705 1
12496 53626 1
20780 12496 1
20780 15226 1
20780 21066 1
20780 22336 1
20780 34542 1
20780 36422 1
20780 45837 1
20780 46488 1
20780 46877 1
20780 48202 1
20780 51705 1
20780 53626 1
21066 12496 1
21066 15226 1
21066 20780 1
21066 22336 1
21066 34542 1
21066 36422 1
21066 45837 1
21066 46488 1
21066 46877 1
21066 48202 1
21066 51705 1
21066 53626 1
21067 7342 1
21067 12972 1
21067 19022 1
21067 29988 1
21067 37290 1
21067 45837 1
21067 46877 1
21067 47848 1
21067 48095 1
21067 51705 1
22342 12490 1
22342 32748 1
22342 43580 1
22342 45235 2
22342 46855 2
22342 46857 1
22342 46877 1
22342 54804 1
22342 56126 1
22342 57326 1
22342 60163 1
25991 17800 1
25991 28354 1
25991 28506 1
25991 32760 1
25991 39456 1
25991 42507 1
25991 43542 1
25991 46877 1
25992 12495 1
25992 15219 1
25992 17805 1
25992 22333 1
25992 23156 1
25992 25462 1
25992 28453 1
25992 28506 1
25992 29775 1
25992 29776 1
25992 34530 1
25992 34543 1
25992 35015 1
25992 36409 1
25992 42507 1
25992 45837 1
25992 46877 1
28506 17805 1
28506 25991 1
28506 25992 1
28506 28341 1
28506 32760 1
28506 35015 1
28506 36409 1
28506 39456 1
28506 42507 1
28506 46877 1
29988 7342 1
29988 12972 1
29988 21067 1
29988 45837 1
29988 46877 1
29988 48095 1
31316 31325 1
31316 31758 1
31316 38514 1
31316 38515 1
31316 40840 1
31316 40846 1
31316 44245 1
31316 46877 1
31316 53637 1
31316 122572 1
31325 31316 1
31325 31758 1
31325 38514 1
31325 38515 1
31325 40840 1
31325 40846 1
31325 44245 1
31325 46877 1
31325 53637 1
31325 122572 1
31758 31316 1
31758 31325 1
31758 37307 1
31758 38514 1
31758 38515 2
31758 40840 2
31758 40846 1
31758 44245 1
31758 46877 1
31758 53637 1
31758 122572 1
32760 25991 1
32760 28506 1
32760 39456 1
32760 42507 1
32760 46877 1
34542 12496 1
34542 15226 1
34542 20780 1
34542 21066 1
34542 22336 1
34542 36422 1
34542 45837 1
34542 46488 1
34542 46877 1
34542 48202 1
34542 51705 1
34542 53626 1
36422 12496 1
36422 15226 1
36422 20780 1
36422 21066 1
36422 22336 1
36422 34542 1
36422 42517 1
36422 44598 1
36422 45837 1
36422 46488 1
36422 46877 1
36422 48202 1
36422 51705 1
36422 53626 1
38514 31316 1
38514 31325 1
38514 31758 1
38514 38515 1
38514 40840 1
38514 40846 2
38514 44245 1
38514 46877 1
38514 53637 1
38514 56336 1
38514 122572 1
38515 31316 1
38515 31325 1
38515 31758 2
38515 38514 1
38515 40840 2
38515 40846 1
38515 44245 1
38515 46877 1
38515 53637 1
38515 122572 1
39456 25991 1
39456 28506 1
39456 29868 1
39456 32760 1
39456 35013 1
39456 42507 1
39456 42601 1
39456 46877 1
40840 31316 1
40840 31325 1
40840 31758 2
40840 38514 1
40840 38515 2
40840 40846 2
40840 44245 1
40840 46877 1
40840 53637 1
40840 122572 1
40846 17737 1
40846 31316 1
40846 31325 1
40846 31758 1
40846 38514 2
40846 38515 1
40846 40840 2
40846 44245 1
40846 46877 1
40846 53637 1
40846 56336 4
40846 122572 2
42507 12487 1
42507 23156 1
42507 25988 1
42507 25991 1
42507 25992 1
42507 28506 1
42507 32760 1
42507 35558 1
42507 39456 1
42507 42506 1
42507 45837 1
42507 46877 1
43559 4569 1
43559 37290 1
43559 46877 1
43559 56336 1
44245 31316 1
44245 31325 1
44245 31758 1
44245 38514 1
44245 38515 1
44245 40840 1
44245 40846 1
44245 46877 1
44245 53637 1
44245 122572 1
45837 7342 1
45837 12496 1
45837 12972 1
45837 15226 1
45837 20780 1
45837 21066 1
45837 21067 1
45837 22333 1
45837 22336 1
45837 23156 1
45837 25992 1
45837 29988 1
45837 34542 1
45837 36233 1
45837 36411 1
45837 36422 1
45837 37282 1
45837 37290 1
45837 41561 1
45837 41588 1
45837 42507 1
45837 46488 1
45837 46877 2
45837 48095 1
45837 48202 1
45837 51705 1
45837 53626 1
46488 3999 1
46488 12496 1
46488 15226 1
46488 19082 1
46488 20780 1
46488 21066 1
46488 22336 1
46488 31138 1
46488 34542 1
46488 36422 1
46488 43541 1
46488 45837 1
46488 46877 1
46488 48202 1
46488 51705 1
46488 53626 1
48095 4569 1
48095 7342 1
48095 12972 1
48095 15206 1
48095 15221 1
48095 21067 1
48095 29872 1
48095 29988 1
48095 41560 1
48095 45176 1
48095 45235 1
48095 45837 1
48095 46855 1
48095 46877 1
48202 12496 1
48202 15226 1
48202 20780 1
48202 21066 1
48202 22336 1
48202 29865 1
48202 34539 1
48202 34542 1
48202 36422 1
48202 44596 1
48202 45176 1
48202 45837 1
48202 46488 1
48202 46877 1
48202 51705 1
48202 53626 1
48202 54975 1
48202 57326 1
48202 65393 1
53637 31316 1
53637 31325 1
53637 31758 1
53637 38514 1
53637 38515 1
53637 40840 1
53637 40846 1
53637 44245 1
53637 46877 1
53637 122572 1
56336 4569 1
56336 37290 1
56336 38514 1
56336 40846 4
56336 43559 1
56336 46877 1
56336 122572 1
122572 31316 1
122572 31325 1
122572 31758 1
122572 38514 1
122572 38515 1
122572 40840 1
122572 40846 2
122572 44245 1
122572 46877 1
122572 53637 1
122572 56336 1
4605 9793 1
4605 14893 1
4605 15660 1
4605 19015 1
4605 28113 1
4605 28458 1
4605 28459 1
4605 29956 1
4605 29965 1
4605 39321 1
4605 126388 1
15660 4605 1
15660 14893 1
15660 29866 1
15660 33026 1
15660 35569 1
3757 3769 1
3757 4007 1
3757 11114 1
3757 13738 1
3757 16383 1
3757 20985 1
3769 3757 1
3769 4007 1
3769 11114 1
3769 13738 2
3769 16383 1
3769 20985 1
4007 3757 1
4007 3769 1
4007 4001 1
4007 11114 1
4007 13738 1
4007 16383 1
4007 20985 1
11114 3757 1
11114 3769 1
11114 3799 1
11114 4001 1
11114 4007 1
11114 11115 1
11114 13738 1
11114 16383 1
11114 20985 1
13738 3757 1
13738 3769 2
13738 4007 1
13738 11114 1
13738 16383 1
13738 20985 1
20985 3757 1
20985 3769 1
20985 4007 1
20985 11114 1
20985 13738 1
20985 16383 1
20985 28677 1
28338 16383 1
28338 29965 1
29965 4605 1
29965 16383 1
29965 28338 1
29965 39321 1
12493 19015 1
12493 39321 1
28458 4605 1
28458 19015 1
28458 28459 1
28458 29956 1
28458 126388 1
28459 4605 1
28459 19015 1
28459 28458 1
28459 29956 1
28459 126388 1
29956 4605 1
29956 19015 1
29956 28458 1
29956 28459 1
29956 126388 1
39321 4605 1
39321 12493 1
39321 19015 1
39321 29965 1
126388 4605 1
126388 19015 1
126388 28458 1
126388 28459 1
126388 29956 1
34539 19021 1
34539 29865 1
34539 34530 1
34539 42506 1
34539 48098 1
34539 48202 1
34539 54975 1
34539 57326 1
48098 19021 1
48098 34530 1
48098 34539 1
48098 42506 1
48098 70716 1
29866 15660 1
29866 20803 1
29866 33026 1
29866 34530 1
29866 34533 1
29866 35569 1
29866 40357 1
34533 4612 1
34533 17797 1
34533 20803 1
34533 25462 1
34533 29866 1
34533 34530 1
34533 40357 1
34533 46857 1
15662 22323 1
33513 22323 1
33513 25462 1
33513 33515 1
33515 22323 1
33515 25462 1
33515 32748 1
33515 33513 1
33515 42600 1
12495 15219 1
12495 22333 1
12495 25992 1
12495 28453 1
12495 29775 1
12495 34530 1
12495 34543 1
15219 12495 1
15219 22333 1
15219 25992 1
15219 28453 1
15219 29775 1
15219 34530 1
15219 34543 1
15219 40440 1
28453 12495 1
28453 15219 1
28453 22333 1
28453 25992 1
28453 29775 1
28453 34530 1
28453 34543 1
29775 12495 1
29775 15219 1
29775 22333 1
29775 25992 1
29775 28453 1
29775 34530 1
29775 34543 1
30396 9793 1
30396 10373 1
30396 20795 1
30396 22169 1
30396 23156 1
30396 29955 1
30396 29994 1
30396 33010 2
30396 33012 1
30396 33026 1
30396 36418 1
30396 36913 1
30396 40832 2
30396 40890 1
30396 41015 1
30396 41163 1
33026 15660 1
33026 23156 1
33026 29776 1
33026 29866 1
33026 30396 1
33026 33012 1
33026 35569 1
33026 40890 1
40890 23156 1
40890 30396 1
40890 33012 1
40890 33026 1
4005 28113 1
42601 29868 1
42601 35013 1
42601 39456 1
40440 15219 1
40440 29872 1
33010 20795 1
33010 22169 1
33010 29955 1
33010 30396 2
33010 33012 1
33010 36913 1
33010 40832 1
33010 41163 1
31069 33030 1
31069 36418 1
42502 37290 1
47848 21067 1
47848 37290 1
47848 48952 1
28436 39161 1
3742 23518 1
3742 39457 1
23518 3742 1
23518 39457 1
20795 22169 1
20795 29955 1
20795 30396 1
20795 33010 1
20795 36913 1
20795 40832 1
20795 41163 1
21510 15705 1
21510 40832 1
22169 20795 1
22169 29955 1
22169 30396 1
22169 33010 1
22169 36913 1
22169 40832 1
22169 41163 1
29955 20795 1
29955 22169 1
29955 30396 1
29955 33010 1
29955 36913 1
29955 40832 1
29955 41163 1
3779 4006 1
3799 4001 2
3799 4006 1
3799 11114 1
4001 3799 2
4001 4006 1
4001 4007 1
4001 11114 1
4010 4006 1
4010 18222 1
18222 4006 1
18222 4010 1
18222 12581 1
10373 9793 1
10373 30396 1
35569 9793 1
35569 15660 1
35569 29866 1
35569 33026 1
3247 15206 1
3247 15207 1
15206 3247 1
15206 4569 1
15206 15207 1
15206 41560 1
15206 48095 1
35021 15226 1
35021 43542 1
35021 44570 1
38206 15226 1
44570 15226 1
44570 35021 1
44570 43542 1
11115 11114 1
11115 13061 1
11115 17511 1
11115 22343 1
13061 11115 1
13061 17511 1
13061 22343 1
17791 17511 1
20754 17511 1
20754 20755 2
20754 22343 1
20755 17511 1
20755 20754 2
20755 22343 1
19364 21064 1
19364 29994 1
12479 26855 1
12479 34439 1
12479 34532 1
26855 12479 1
26855 34439 1
26855 34532 1
34439 12479 1
34439 26855 1
34439 34532 1
20760 36411 1
32748 22342 1
32748 33515 1
32748 42600 1
48258 34534 1
48258 42600 1
48258 50146 1
50146 34534 1
50146 42600 1
50146 48258 1
31136 43541 1
54975 29865 1
54975 34539 1
54975 48202 1
54975 52060 1
54975 57326 1
12497 52134 1
12497 54062 1
54062 12497 1
54062 52134 1
6049 12581 1
6049 15705 1
24544 15705 1
24544 36913 1
25463 15705 1
25463 36913 1
38207 19082 1
15249 29994 1
15249 42517 1
15249 53402 1
42517 15249 1
42517 29994 1
42517 36422 1
42517 44598 1
42517 53402 1
56126 22342 1
56126 36233 1
119893 45116 1
54804 22342 1
54804 45235 1
54804 46855 1
54804 46857 1
4612 17797 1
4612 34533 1
4612 49967 1
29776 25462 1
29776 25992 1
29776 33026 1
38830 41163 1
12487 25988 1
12487 35558 1
12487 42506 1
12487 42507 1
25988 12487 1
25988 35558 1
25988 42506 1
25988 42507 1
35558 12487 1
35558 25988 1
35558 42506 1
35558 42507 1
33532 43580 2
78228 43580 1
44187 45235 1
42602 53402 1
4608 7342 1
4608 12581 1
4608 30629 1
12581 4608 1
12581 6049 1
12581 7342 1
12581 18222 1
12581 30629 1
30629 4608 1
30629 7342 1
30629 12581 1
34544 52060 1
91615 52060 1
36235 57326 1
20801 43317 1
20801 60163 1
43317 20801 1
43317 60163 1
29882 65393 1
44188 65393 1
105100 55068 1
105100 77420 1
105100 112333 1
105100 112335 1
105100 114859 3
105100 115301 3
105100 115771 1
105100 118366 1
105100 118944 1
105100 125218 1
114859 55068 1
114859 77420 1
114859 105100 3
114859 115301 3
114859 115771 3
115301 77420 1
115301 105100 3
115301 112333 1
115301 112335 1
115301 114859 3
115301 115302 1
115301 115771 2
115301 118366 2
115301 118944 1
115301 118971 1
115301 125217 1
115301 125218 1
115771 77420 1
115771 105100 1
115771 114859 3
115771 115301 2
75895 77501 1
12490 22342 1
17800 25991 1
17800 28354 1
28354 17800 1
28354 25991 1
44598 36422 1
44598 42517 1
15221 48095 1
55068 105100 1
55068 114859 1
112333 105100 1
112333 112335 1
112333 115301 1
112333 118366 1
112333 118944 1
112333 125218 1
112335 105100 1
112335 112333 1
112335 115301 1
112335 118366 1
112335 118944 1
112335 125218 1
118366 105100 1
118366 112333 1
118366 112335 1
118366 115301 2
118366 118944 1
118366 125218 1
118944 105100 1
118944 112333 1
118944 112335 1
118944 115301 1
118944 115302 1
118944 118366 1
118944 118945 1
118944 125218 1
125218 105100 1
125218 112333 1
125218 112335 1
125218 115301 1
125218 118366 1
125218 118944 1
125218 125217 1
115302 115301 1
115302 118944 1
115302 118945 1
115302 118971 2
118971 115301 1
118971 115302 2
125217 115301 1
125217 125218 1
17797 4612 1
17797 34533 1
70716 48098 1
28677 20985 1
118945 115302 1
118945 118944 1
