115422 112509 1
112509 101047 1
112509 115422 1
112509 126265 1
101047 75915 1
101047 102611 1
101047 112509 1
126265 79587 1
126265 96861 1
126265 109336 1
126265 112509 1
126265 114278 1
126265 116277 1
126265 116415 1
126265 119081 1
126265 121543 1
126265 124383 1
75915 29392 1
75915 42547 1
75915 52838 1
75915 56643 1
75915 57693 1
75915 65862 1
75915 68023 1
75915 69400 1
75915 71718 1
75915 72110 1
75915 73138 1
75915 75178 1
75915 75299 1
75915 75324 1
75915 76730 1
75915 77528 1
75915 78373 1
75915 78379 1
75915 80660 1
75915 81533 1
75915 81846 1
75915 83142 1
75915 83845 1
75915 86154 1
75915 87021 1
75915 87359 1
75915 89001 1
75915 89019 1
75915 90567 1
75915 90571 1
75915 91479 1
75915 92320 1
75915 92679 1
75915 93521 1
75915 95468 1
75915 95966 1
75915 98328 1
75915 99217 1
75915 99542 1
75915 101047 1
75915 101154 1
75915 101229 1
75915 102129 1
75915 102611 3
75915 105099 1
75915 107289 1
75915 107389 1
75915 109214 1
75915 110981 2
75915 111542 1
75915 114536 1
75915 114537 1
75915 114545 1
75915 116072 1
75915 117002 1
75915 117916 1
75915 118508 1
75915 119489 1
75915 120950 1
75915 123842 1
75915 127329 1
102611 51451 1
102611 51465 1
102611 53328 1
102611 57243 1
102611 57522 1
102611 68987 1
102611 70761 1
102611 71078 1
102611 72110 1
102611 72651 1
102611 74032 1
102611 74111 1
102611 74153 1
102611 75824 1
102611 75915 3
102611 77007 1
102611 77169 1
102611 77206 2
102611 77362 1
102611 77619 1
102611 78185 1
102611 78915 1
102611 79280 1
102611 81796 1
102611 83070 1
102611 84538 1
102611 84650 1
102611 85107 1
102611 85627 1
102611 86096 1
102611 86383 1
102611 86384 1
102611 87038 1
102611 89687 1
102611 90567 1
102611 90709 1
102611 92549 1
102611 92683 2
102611 93804 1
102611 93986 1
102611 94352 1
102611 95314 2
102611 95484 1
102611 95568 1
102611 95871 1
102611 96897 1
102611 97515 1
102611 97751 1
102611 98580 1
102611 98669 1
102611 99328 1
102611 99494 1
102611 101047 1
102611 101649 1
102611 101886 1
102611 102080 1
102611 104044 1
102611 105501 1
102611 105706 1
102611 106472 1
102611 107814 1
102611 109884 1
102611 110075 1
102611 112110 1
102611 112279 1
102611 112280 1
102611 112569 1
102611 114104 1
102611 114440 2
102611 115353 1
102611 115408 1
102611 116072 1
102611 116451 1
102611 116780 1
102611 117717 1
102611 118280 1
102611 118382 1
102611 119222 1
102611 119281 1
102611 119593 1
102611 122716 1
79587 45964 1
79587 50350 1
79587 67992 1
79587 79592 5
79587 83310 4
79587 87860 1
79587 91585 1
79587 93640 1
79587 97872 1
79587 104782 2
79587 104792 1
79587 105472 1
79587 105473 1
79587 106673 1
79587 107290 1
79587 108959 1
79587 109331 5
79587 109336 1
79587 109869 1
79587 109870 1
79587 111495 1
79587 116393 1
79587 116415 1
79587 117297 1
79587 117932 1
79587 118315 1
79587 118398 1
79587 118699 2
79587 118913 1
79587 120279 1
79587 120811 1
79587 121321 1
79587 122774 1
79587 123190 1
79587 126265 1
96861 25936 1
96861 34680 1
96861 50346 1
96861 54152 1
96861 54735 1
96861 56769 1
96861 58332 1
96861 59959 1
96861 60279 1
96861 60285 1
96861 60564 1
96861 60567 1
96861 65420 1
96861 66450 1
96861 77360 1
96861 78243 1
96861 78244 1
96861 78263 1
96861 79439 1
96861 80075 1
96861 80509 1
96861 81793 1
96861 82457 1
96861 83052 1
96861 86316 1
96861 86797 1
96861 88136 1
96861 89730 2
96861 90043 1
96861 91318 1
96861 91989 1
96861 92347 1
96861 92719 1
96861 96200 1
96861 97001 2
96861 97100 1
96861 98311 1
96861 98669 1
96861 99574 1
96861 103320 1
96861 103464 1
96861 104844 1
96861 108313 1
96861 108572 1
96861 109460 1
96861 110250 1
96861 112582 1
96861 114278 1
96861 114571 1
96861 114572 1
96861 114573 1
96861 115562 2
96861 117805 1
96861 117843 1
96861 126265 1
109336 79587 1
109336 79590 1
109336 79592 1
109336 83591 1
109336 83760 1
109336 86924 1
109336 89125 1
109336 89439 1
109336 89776 1
109336 91142 1
109336 93573 1
109336 99034 1
109336 106748 1
109336 107565 1
109336 107853 1
109336 108231 1
109336 108899 1
109336 109331 1
109336 109332 1
109336 109333 1
109336 109334 1
109336 113132 1
109336 113222 1
109336 116415 1
109336 117102 1
109336 126265 1
109336 127257 1
114278 58464 1
114278 61895 1
114278 69216 1
114278 72240 1
114278 75158 1
114278 78330 1
114278 81630 1
114278 84560 1
114278 87901 1
114278 89529 1
114278 90416 1
114278 93805 1
114278 96813 1
114278 96861 1
114278 97625 1
114278 100425 1
114278 101649 1
114278 102941 1
114278 105480 1
114278 107101 1
114278 108411 1
114278 108542 1
114278 109546 1
114278 109884 1
114278 110061 1
114278 111865 1
114278 112196 1
114278 113406 1
114278 113524 1
114278 113526 1
114278 114276 1
114278 114279 1
114278 114435 1
114278 117266 1
114278 118827 1
114278 119259 1
114278 126265 1
116277 58827 1
116277 60078 1
116277 62356 1
116277 71907 1
116277 85959 1
116277 88693 2
116277 90535 1
116277 91479 1
116277 95372 1
116277 98872 1
116277 106358 1
116277 110419 1
116277 119081 1
116277 124048 1
116277 125197 1
116277 126265 1
116415 79587 1
116415 106149 1
116415 109336 1
116415 112624 1
116415 115211 1
116415 123109 1
116415 126265 1
119081 53779 1
119081 77779 1
119081 82939 1
119081 86662 1
119081 90543 1
119081 94021 1
119081 97849 1
119081 110321 1
119081 110492 1
119081 116122 1
119081 116123 1
119081 116277 1
119081 119079 1
119081 119080 1
119081 119082 1
119081 119546 1
119081 126265 1
121543 121544 1
121543 124383 1
121543 126265 1
124383 121543 1
124383 126265 1
29392 28153 1
29392 57186 1
29392 57513 1
29392 59217 1
29392 59558 1
29392 64308 1
29392 65189 1
29392 70926 1
29392 72228 1
29392 73472 1
29392 75058 1
29392 75915 1
29392 82615 1
29392 87736 1
29392 87879 1
29392 89134 1
29392 89142 1
29392 89143 1
29392 90416 1
29392 93521 1
29392 94827 1
29392 94896 1
29392 95879 1
29392 97860 1
29392 99542 1
29392 99938 1
29392 107197 1
29392 107665 1
42547 17005 1
42547 38348 1
42547 38488 1
42547 44518 1
42547 48680 1
42547 51472 1
42547 51485 1
42547 52977 1
42547 54173 1
42547 58464 1
42547 60361 1
42547 69080 1
42547 69318 1
42547 69404 1
42547 69501 1
42547 71078 1
42547 72260 1
42547 73509 1
42547 73830 1
42547 75250 1
42547 75915 1
42547 77358 1
42547 81533 1
42547 81872 1
42547 86588 1
42547 87369 1
42547 90684 1
42547 92234 1
42547 93838 1
42547 94664 1
42547 95275 1
42547 95307 1
42547 95623 1
42547 96606 1
42547 97647 1
42547 98491 1
42547 100233 1
42547 101535 1
42547 104938 1
42547 105749 1
42547 107197 1
42547 108986 1
42547 109118 1
42547 109546 1
42547 110723 1
42547 110981 1
42547 113037 1
42547 127384 1
52838 48758 1
52838 51436 1
52838 52842 1
52838 53958 1
52838 55261 1
52838 57510 1
52838 57693 1
52838 61400 1
52838 61661 1
52838 62807 1
52838 64948 1
52838 69060 1
52838 71709 1
52838 72109 1
52838 72240 1
52838 75222 1
52838 75225 1
52838 75915 1
52838 77797 1
52838 78495 1
52838 81033 1
52838 82128 1
52838 83318 1
52838 84432 1
52838 85649 1
52838 89391 1
52838 92400 2
52838 93267 1
52838 93754 1
52838 95304 1
52838 95567 2
52838 96688 2
52838 96797 1
52838 100428 1
52838 102562 1
52838 105566 1
52838 105827 1
52838 106247 1
52838 106572 1
52838 108240 1
52838 108324 1
52838 109233 1
52838 109584 1
52838 109869 1
52838 109870 1
52838 114915 1
52838 115981 1
52838 127266 1
52838 127590 1
56643 43691 1
56643 51416 1
56643 58375 1
56643 69767 1
56643 70327 1
56643 73279 1
56643 75915 1
56643 76798 1
56643 77149 1
56643 79055 1
56643 79659 1
56643 79991 1
56643 85191 1
56643 92317 1
56643 95617 1
56643 105796 1
56643 115757 1
56643 115758 1
56643 115759 1
56643 115761 1
56643 115762 1
56643 115763 2
56643 117455 1
56643 117458 1
56643 117867 1
56643 124531 1
57693 46068 1
57693 51375 1
57693 52838 1
57693 52895 1
57693 58502 1
57693 61589 1
57693 65245 1
57693 66386 1
57693 67626 1
57693 67783 1
57693 68129 1
57693 74696 1
57693 75304 1
57693 75305 1
57693 75321 1
57693 75617 1
57693 75915 1
57693 77978 1
57693 78181 1
57693 79134 1
57693 82662 1
57693 83938 1
57693 86311 1
57693 87760 1
57693 89947 1
57693 90567 1
57693 90571 1
57693 91723 1
57693 93183 1
57693 93389 1
57693 94843 1
57693 95304 1
57693 95619 1
57693 96692 1
57693 97076 1
57693 97077 1
57693 98233 1
57693 101039 1
57693 101671 1
57693 102610 1
57693 103336 1
57693 103586 1
57693 103794 1
57693 104545 1
57693 105217 1
57693 106714 1
57693 110100 1
57693 116427 1
57693 119489 1
57693 121227 1
57693 122900 1
57693 127266 1
65862 75915 1
65862 77528 1
65862 81846 1
65862 87021 1
65862 89001 1
65862 90567 1
65862 102941 1
65862 110981 1
65862 114279 1
65862 117002 1
68023 53328 1
68023 59217 1
68023 67992 1
68023 69400 1
68023 75915 1
68023 83845 1
68023 87359 2
68023 87736 1
68023 92679 1
68023 102129 1
68023 105099 1
68023 107389 1
68023 109214 1
68023 127329 1
69400 68023 1
69400 75915 1
69400 78181 1
69400 83845 1
69400 87359 1
69400 92679 1
69400 102129 1
69400 105099 1
69400 107389 1
69400 109214 1
69400 127329 1
71718 40354 1
71718 70327 1
71718 72110 1
71718 75915 1
71718 95966 1
71718 121964 1
72110 71718 1
72110 75915 1
72110 94352 1
72110 95314 1
72110 95484 1
72110 95966 1
72110 102080 1
72110 102611 1
72110 105706 1
72110 114440 1
72110 115353 1
73138 75915 1
73138 76730 1
73138 89019 1
75178 69318 1
75178 75915 1
75178 91479 1
75178 95568 1
75178 105706 1
75178 106162 1
75178 116451 1
75299 52895 1
75299 75915 1
75299 78379 1
75299 83142 1
75299 87736 1
75299 102941 1
75299 107197 1
75299 117266 1
75299 118398 1
75299 120950 1
75324 74111 1
75324 75915 1
75324 92320 1
75324 105217 2
75324 118508 2
76730 73138 1
76730 75915 1
76730 89019 1
77528 65862 1
77528 69404 2
77528 75915 1
77528 81846 1
77528 83142 1
77528 87021 1
77528 89001 1
77528 89142 1
77528 90567 1
77528 92400 1
77528 94352 2
77528 94664 1
77528 99542 1
77528 102941 1
77528 108324 1
77528 110981 1
77528 112196 1
77528 117002 1
78373 61661 1
78373 75915 1
78373 78915 1
78373 80660 1
78373 83142 1
78373 94827 1
78373 96688 1
78373 99217 1
78373 101649 1
78373 102941 1
78373 108324 1
78373 110981 1
78373 117266 1
78373 118398 1
78373 120950 1
78379 75299 1
78379 75915 1
78379 81846 1
78379 83760 1
78379 89001 1
78379 89143 1
78379 94896 1
78379 98328 1
78379 105099 1
78379 110981 1
80660 68129 1
80660 71078 1
80660 72109 1
80660 72651 1
80660 75915 1
80660 77206 1
80660 78373 1
80660 82615 1
80660 88136 1
80660 89143 1
80660 95619 1
80660 97860 1
80660 105706 1
80660 107101 1
80660 110075 1
80660 113526 1
81533 42547 1
81533 69404 1
81533 75915 1
81533 90684 1
81533 91479 1
81533 92234 1
81533 105480 1
81533 113037 1
81533 114537 1
81533 114545 1
81533 116780 1
81533 118827 1
81846 65862 1
81846 72240 1
81846 75915 1
81846 77528 1
81846 78379 1
81846 87021 1
81846 87736 1
81846 89001 1
81846 90567 1
81846 94896 2
81846 95567 1
81846 110075 1
81846 110981 2
81846 117002 1
83142 75299 1
83142 75915 1
83142 77528 1
83142 78330 1
83142 78373 1
83142 96688 1
83142 100425 1
83142 101649 1
83142 105706 1
83142 106748 1
83142 107289 1
83142 108240 1
83142 108324 1
83142 110981 1
83142 113526 1
83142 114104 1
83142 117916 1
83142 119281 1
83142 119489 1
83142 120950 1
83845 65189 1
83845 68023 1
83845 69400 1
83845 75915 1
83845 87359 1
83845 92679 1
83845 95304 1
83845 102129 1
83845 105099 1
83845 107389 1
83845 109214 1
83845 122900 1
83845 127329 1
86154 75915 1
86154 92347 1
86154 102610 1
86154 111542 1
86154 114536 1
86154 114571 1
87021 65862 1
87021 75915 1
87021 77528 1
87021 81846 1
87021 89001 1
87021 89142 1
87021 90567 1
87021 95567 1
87021 110981 1
87021 117002 1
87359 68023 2
87359 69400 1
87359 72651 1
87359 75915 1
87359 78915 1
87359 83845 1
87359 84432 1
87359 92679 1
87359 93804 1
87359 93805 1
87359 102129 1
87359 105099 1
87359 107389 1
87359 109214 1
87359 127329 1
89001 65862 1
89001 72240 1
89001 75915 1
89001 77528 1
89001 78379 1
89001 81846 1
89001 87021 1
89001 90567 1
89001 105099 1
89001 110981 1
89001 117002 1
89019 73138 1
89019 75915 1
89019 76730 1
90567 57693 1
90567 65245 1
90567 65862 1
90567 72651 1
90567 74111 1
90567 75915 1
90567 77206 1
90567 77528 1
90567 81846 1
90567 87021 1
90567 89001 1
90567 94664 1
90567 95314 1
90567 96688 1
90567 102611 1
90567 102941 2
90567 103336 1
90567 104545 1
90567 107197 1
90567 110100 1
90567 110981 1
90567 117002 1
90567 122900 1
90571 57693 1
90571 73472 1
90571 75915 1
90571 91479 1
90571 93183 1
90571 94664 1
90571 119489 1
91479 59217 1
91479 69501 1
91479 71078 1
91479 72109 1
91479 75178 1
91479 75915 1
91479 78330 1
91479 81533 1
91479 85959 1
91479 88693 1
91479 89134 1
91479 89142 1
91479 90416 1
91479 90571 1
91479 104545 1
91479 105480 1
91479 107289 1
91479 108411 1
91479 116277 1
91479 116780 1
92320 75324 1
92320 75915 1
92320 79991 1
92320 118508 2
92679 68023 1
92679 69400 1
92679 75915 1
92679 83845 1
92679 87359 1
92679 102129 1
92679 105099 1
92679 107101 1
92679 107389 1
92679 109214 1
92679 127329 1
93521 29392 1
93521 75915 1
93521 86311 1
93521 95275 1
93521 99542 1
95468 75915 1
95468 99217 1
95468 101229 1
95966 71718 1
95966 72110 1
95966 75915 1
95966 93804 1
98328 60361 1
98328 66450 1
98328 72651 1
98328 75915 1
98328 78379 1
98328 102941 1
98328 104844 1
98328 115562 1
99217 75158 1
99217 75915 1
99217 78373 1
99217 95468 1
99217 101229 1
99542 29392 1
99542 51416 1
99542 52842 1
99542 61895 1
99542 67783 2
99542 75915 1
99542 77528 1
99542 93521 1
99542 93804 1
99542 105566 1
99542 106472 1
99542 108240 1
99542 108324 1
99542 110061 1
101154 75915 1
101154 123842 2
101154 125210 1
101229 75915 1
101229 95468 1
101229 99217 1
102129 68023 1
102129 69400 1
102129 75225 1
102129 75915 1
102129 83845 1
102129 87359 1
102129 92679 1
102129 105099 1
102129 107389 1
102129 109214 1
102129 127329 1
105099 68023 1
105099 69400 1
105099 75915 1
105099 78379 1
105099 81796 1
105099 83845 1
105099 87359 1
105099 89001 1
105099 92679 1
105099 100428 1
105099 102129 1
105099 107289 1
105099 107389 1
105099 109214 1
105099 127329 1
107289 75915 1
107289 83142 1
107289 91479 1
107289 94896 1
107289 105099 1
107289 107290 1
107289 108240 1
107289 114104 1
107289 117916 1
107389 68023 1
107389 69400 1
107389 75915 1
107389 83845 1
107389 87359 1
107389 92679 1
107389 93805 1
107389 102129 1
107389 105099 1
107389 107290 1
107389 109214 1
107389 127329 1
109214 68023 1
109214 69400 1
109214 75915 1
109214 83845 1
109214 87359 1
109214 92679 1
109214 102129 1
109214 105099 1
109214 107389 1
109214 127329 1
110981 42547 1
110981 65862 1
110981 69216 1
110981 75915 2
110981 77528 1
110981 78373 1
110981 78379 1
110981 81846 2
110981 83142 1
110981 87021 1
110981 89001 1
110981 90416 1
110981 90567 1
110981 94896 2
110981 117002 1
111542 75915 1
111542 86154 1
111542 93986 1
111542 114536 1
114536 75915 1
114536 86154 1
114536 111542 1
114537 75915 1
114537 81533 1
114537 108324 1
114537 114545 1
114545 67919 1
114545 75915 1
114545 78243 1
114545 81533 1
114545 106247 1
114545 112110 1
114545 114537 1
116072 75915 1
116072 78330 1
116072 102611 1
116072 118398 1
117002 65862 1
117002 75915 1
117002 77528 1
117002 81846 1
117002 87021 1
117002 89001 1
117002 90567 1
117002 109884 1
117002 110981 1
117002 114695 1
117916 75058 1
117916 75915 1
117916 83142 1
117916 89134 1
117916 95568 2
117916 97860 1
117916 107289 1
117916 108240 1
117916 115861 1
118508 75324 2
118508 75915 1
118508 79991 1
118508 92320 2
118508 105217 2
118508 112624 1
119489 51416 1
119489 52842 1
119489 57693 1
119489 69216 1
119489 69404 1
119489 72240 1
119489 75915 1
119489 77206 2
119489 83142 1
119489 90571 1
119489 94896 1
119489 108324 1
119489 110061 1
119489 113524 1
119489 114279 1
120950 75299 1
120950 75915 1
120950 78373 1
120950 83142 1
120950 102941 1
123842 75915 1
123842 101154 2
127329 68023 1
127329 69400 1
127329 75225 1
127329 75915 1
127329 83845 1
127329 87359 1
127329 92679 1
127329 102129 1
127329 105099 1
127329 105566 1
127329 107389 1
127329 109214 1
51451 57522 1
51451 78185 1
51451 90709 1
51451 96897 1
51451 102611 1
51465 86096 1
51465 92683 1
51465 97515 1
51465 101886 1
51465 102611 1
51465 118280 1
53328 28153 1
53328 66386 1
53328 68023 1
53328 72651 1
53328 89125 1
53328 99494 1
53328 102611 1
57243 68987 1
57243 79280 1
57243 95568 1
57243 102611 1
57243 119281 1
57243 122716 1
57522 51451 1
57522 66386 1
57522 78185 1
57522 84432 1
57522 90709 1
57522 93183 1
57522 96897 1
57522 102611 1
68987 57243 1
68987 79280 1
68987 95568 1
68987 102611 1
68987 119281 1
68987 122716 1
70761 81796 1
70761 92549 1
70761 92683 1
70761 98669 1
70761 102611 1
70761 105501 1
70761 117717 1
71078 42547 1
71078 44518 1
71078 48680 1
71078 69080 1
71078 69216 1
71078 69501 1
71078 72260 1
71078 73509 1
71078 75250 1
71078 75824 1
71078 77206 1
71078 80660 1
71078 86588 1
71078 91479 1
71078 95623 1
71078 98311 1
71078 98491 1
71078 102611 1
71078 106714 1
71078 108986 1
71078 112569 1
71078 127384 1
72651 53328 1
72651 61895 1
72651 80660 1
72651 87359 1
72651 90567 1
72651 93986 1
72651 94664 1
72651 95307 1
72651 97293 1
72651 98328 1
72651 99494 1
72651 102610 1
72651 102611 1
72651 102941 1
74032 74153 1
74032 77169 1
74032 77619 1
74032 84538 1
74032 85107 2
74032 85627 1
74032 86383 1
74032 86384 1
74032 95871 1
74032 97751 1
74032 102611 1
74032 108986 1
74111 75324 1
74111 90567 1
74111 95314 1
74111 102611 1
74153 74032 1
74153 77169 1
74153 77619 1
74153 84538 1
74153 85107 1
74153 85627 1
74153 86383 1
74153 86384 1
74153 95871 1
74153 97751 1
74153 102611 1
75824 58332 1
75824 59959 1
75824 71078 1
75824 77206 1
75824 78263 2
75824 102611 1
75824 104844 1
75824 112569 1
77007 84650 2
77007 98580 1
77007 102611 1
77169 74032 1
77169 74153 1
77169 77619 1
77169 84538 1
77169 85107 1
77169 85627 1
77169 86383 1
77169 86384 1
77169 95871 1
77169 97751 1
77169 102611 1
77206 67783 1
77206 71078 1
77206 75824 1
77206 78915 1
77206 80660 1
77206 83070 1
77206 87038 1
77206 90567 1
77206 93986 1
77206 94664 1
77206 97860 2
77206 101649 1
77206 102611 2
77206 104044 1
77206 107197 1
77206 107814 1
77206 112279 1
77206 112280 1
77206 112569 1
77206 114104 1
77206 114440 1
77206 115408 1
77206 119489 2
77362 87736 1
77362 93804 1
77362 102611 1
77362 109884 1
77362 112110 1
77362 116780 1
77619 74032 1
77619 74153 1
77619 77169 1
77619 84538 1
77619 85107 1
77619 85627 1
77619 86383 1
77619 86384 1
77619 95871 1
77619 97751 1
77619 102611 1
78185 51451 1
78185 57522 1
78185 81872 1
78185 90709 1
78185 96897 1
78185 102611 1
78185 117843 1
78915 61895 1
78915 77206 1
78915 78373 1
78915 83070 1
78915 87038 1
78915 87359 1
78915 90684 1
78915 93986 1
78915 102080 1
78915 102611 1
78915 104044 1
78915 105749 1
78915 107814 1
78915 112279 1
78915 112280 1
78915 114440 1
78915 115408 1
79280 57243 1
79280 68987 1
79280 95568 1
79280 102611 1
79280 108313 1
79280 119281 1
79280 122716 1
81796 70761 1
81796 92549 1
81796 92683 1
81796 98669 1
81796 102611 1
81796 105099 1
81796 105501 1
81796 117717 1
83070 77206 1
83070 78915 1
83070 87038 1
83070 93986 1
83070 102611 1
83070 104044 1
83070 107814 1
83070 112279 1
83070 112280 1
83070 114440 1
83070 115408 1
84538 72260 1
84538 74032 1
84538 74153 1
84538 77169 1
84538 77619 1
84538 85107 1
84538 85627 4
84538 86383 1
84538 86384 1
84538 95871 1
84538 97751 1
84538 102611 1
84650 77007 2
84650 98580 3
84650 102611 1
85107 74032 2
85107 74153 1
85107 77169 1
85107 77619 1
85107 84538 1
85107 85627 1
85107 86383 1
85107 86384 1
85107 95871 1
85107 97751 1
85107 102611 1
85627 74032 1
85627 74153 1
85627 77169 1
85627 77619 1
85627 84538 4
85627 85107 1
85627 86383 1
85627 86384 1
85627 95871 1
85627 97751 1
85627 102611 1
86096 51465 1
86096 92683 1
86096 97515 1
86096 101886 1
86096 102611 1
86096 118280 1
86383 74032 1
86383 74153 1
86383 77169 1
86383 77619 1
86383 84538 1
86383 85107 1
86383 85627 1
86383 86384 1
86383 95871 1
86383 97751 1
86383 102611 1
86384 74032 1
86384 74153 1
86384 77169 1
86384 77619 1
86384 84538 1
86384 85107 1
86384 85627 1
86384 86383 1
86384 95871 1
86384 97751 1
86384 102611 1
87038 77206 1
87038 78915 1
87038 83070 1
87038 93986 1
87038 102611 1
87038 104044 1
87038 107814 1
87038 112279 1
87038 112280 1
87038 114440 1
87038 115408 1
89687 99328 1
89687 102611 1
89687 115353 1
90709 51451 1
90709 57522 1
90709 78185 1
90709 96897 1
90709 102611 1
92549 70761 1
92549 81796 1
92549 92683 1
92549 98669 1
92549 102611 1
92549 105501 1
92549 117717 1
92549 119241 1
92683 51465 1
92683 70761 1
92683 81796 1
92683 86096 1
92683 92549 1
92683 97515 1
92683 98669 1
92683 101886 1
92683 102611 2
92683 105501 1
92683 117717 1
92683 118280 1
93804 59959 1
93804 69060 1
93804 76798 1
93804 77362 1
93804 78181 1
93804 78263 1
93804 87359 1
93804 89143 1
93804 95966 1
93804 98311 1
93804 99542 1
93804 102611 1
93804 109884 1
93804 112110 1
93804 114279 2
93804 116780 1
93804 125171 1
93986 72651 1
93986 77206 1
93986 78915 1
93986 79991 1
93986 83070 1
93986 87038 1
93986 95307 1
93986 102611 1
93986 104044 1
93986 105796 1
93986 107814 1
93986 109233 1
93986 110061 1
93986 110723 1
93986 111542 1
93986 112279 1
93986 112280 1
93986 114440 1
93986 115408 1
94352 69404 1
94352 72110 1
94352 77528 2
94352 90416 1
94352 92719 1
94352 95314 1
94352 95484 1
94352 96200 1
94352 102080 1
94352 102611 1
94352 102941 1
94352 105706 1
94352 110515 1
94352 114440 1
94352 117717 1
95314 72110 1
95314 74111 1
95314 75321 1
95314 77360 1
95314 81793 1
95314 89529 1
95314 90567 1
95314 91989 1
95314 94352 1
95314 95484 1
95314 97001 1
95314 101649 1
95314 102080 1
95314 102611 2
95314 105706 1
95314 106472 1
95314 107665 1
95314 109584 1
95314 113406 1
95314 114440 1
95314 114573 1
95484 72110 1
95484 94352 1
95484 95314 1
95484 102080 1
95484 102611 1
95484 105706 1
95484 107665 1
95484 114440 1
95568 57243 1
95568 68987 1
95568 72109 1
95568 75178 1
95568 79280 1
95568 102611 1
95568 117916 2
95568 119281 1
95568 122716 1
95871 74032 1
95871 74153 1
95871 77169 1
95871 77619 1
95871 84538 1
95871 85107 1
95871 85627 1
95871 86383 1
95871 86384 1
95871 87839 1
95871 97751 1
95871 98580 1
95871 102611 1
96897 51451 1
96897 57522 1
96897 78185 1
96897 90709 1
96897 102611 1
97515 51465 1
97515 86096 1
97515 92683 1
97515 101886 1
97515 102611 1
97515 118280 1
97751 72260 1
97751 74032 1
97751 74153 1
97751 77169 1
97751 77619 1
97751 81197 1
97751 84538 1
97751 85107 1
97751 85627 1
97751 86383 1
97751 86384 1
97751 95871 1
97751 102611 1
98580 77007 1
98580 84650 3
98580 95871 1
98580 102611 1
98669 70761 1
98669 81796 1
98669 92347 1
98669 92549 1
98669 92683 1
98669 96861 1
98669 102611 1
98669 105501 1
98669 110250 1
98669 114571 1
98669 117717 1
99328 89687 1
99328 102611 1
99328 115353 1
99494 53328 1
99494 63689 1
99494 72651 1
99494 102611 1
101649 77206 1
101649 78330 1
101649 78373 1
101649 83142 1
101649 95314 1
101649 102611 1
101649 102941 3
101649 110061 1
101649 110075 1
101649 114104 2
101649 114278 1
101649 116451 1
101649 119593 1
101886 51465 1
101886 86096 1
101886 92683 1
101886 97515 1
101886 102611 1
101886 108986 1
101886 110100 1
101886 118280 1
102080 61895 1
102080 72110 1
102080 78915 1
102080 79134 1
102080 90684 1
102080 94352 1
102080 94843 1
102080 95314 1
102080 95484 1
102080 102611 1
102080 105706 1
102080 109118 1
102080 114440 1
102080 119079 1
104044 77206 1
104044 78330 1
104044 78915 1
104044 83070 1
104044 87038 1
104044 93986 1
104044 102611 1
104044 107814 1
104044 112279 1
104044 112280 1
104044 114440 1
104044 115408 1
105501 52895 1
105501 70761 1
105501 81796 1
105501 92549 1
105501 92683 1
105501 97001 1
105501 98669 1
105501 102611 1
105501 110061 1
105501 117717 1
105706 72110 1
105706 75178 1
105706 80660 1
105706 83142 1
105706 88136 1
105706 94352 1
105706 95314 1
105706 95484 1
105706 96692 1
105706 102080 1
105706 102611 1
105706 113526 1
105706 114104 1
105706 114440 1
105706 116451 1
105706 122900 1
106472 61895 1
106472 72109 1
106472 88136 1
106472 89529 1
106472 90416 1
106472 95314 1
106472 99542 1
106472 102611 1
106472 108986 1
106472 109584 1
107814 77206 1
107814 78915 1
107814 83070 1
107814 87038 1
107814 93986 1
107814 102610 1
107814 102611 1
107814 104044 1
107814 112279 1
107814 112280 1
107814 114440 1
107814 115408 1
109884 61895 2
109884 77362 1
109884 87901 1
109884 88136 1
109884 93804 1
109884 102611 1
109884 112110 1
109884 114278 1
109884 116780 1
109884 117002 1
109884 127590 1
110075 59446 1
110075 80660 1
110075 81846 1
110075 93183 1
110075 101649 1
110075 102611 1
110075 114104 2
110075 116451 1
110075 119593 1
112110 77362 1
112110 93804 1
112110 102611 1
112110 109884 1
112110 110723 1
112110 114545 1
112110 115981 1
112110 116780 1
112279 77206 1
112279 78915 1
112279 83070 1
112279 87038 1
112279 93986 1
112279 102611 1
112279 104044 1
112279 107814 1
112279 112280 1
112279 114440 1
112279 115408 1
112280 77206 1
112280 78915 1
112280 83070 1
112280 87038 1
112280 93986 1
112280 97647 1
112280 102611 1
112280 104044 1
112280 107814 1
112280 112279 1
112280 114440 1
112280 115408 1
112569 64308 1
112569 71078 1
112569 75824 1
112569 77206 1
112569 94827 1
112569 102611 1
114104 65189 1
114104 77206 1
114104 78181 1
114104 83142 1
114104 87760 1
114104 89134 1
114104 89142 2
114104 89529 1
114104 93805 1
114104 101649 2
114104 102611 1
114104 105706 1
114104 107289 1
114104 110061 1
114104 110075 2
114104 116451 1
114104 119281 1
114104 119593 1
114440 67626 1
114440 72110 1
114440 77206 1
114440 78915 1
114440 83070 1
114440 87038 1
114440 87369 1
114440 93986 1
114440 94352 1
114440 95314 1
114440 95484 1
114440 102080 1
114440 102611 2
114440 104044 1
114440 105706 1
114440 107814 1
114440 112279 1
114440 112280 1
114440 115408 1
115353 72110 1
115353 89687 1
115353 99328 1
115353 102611 1
115353 114579 1
115353 121218 1
115408 77206 1
115408 78915 1
115408 83070 1
115408 87038 1
115408 93986 1
115408 102611 1
115408 104044 1
115408 107814 1
115408 112279 1
115408 112280 1
115408 114440 1
116451 75178 1
116451 101649 1
116451 102611 1
116451 105706 1
116451 106162 1
116451 110075 1
116451 110105 1
116451 114104 1
116451 118382 1
116451 118383 1
116451 119593 1
116780 77362 1
116780 81533 1
116780 89142 1
116780 91479 1
116780 93804 1
116780 95275 1
116780 102611 1
116780 105480 1
116780 109884 1
116780 112110 1
117717 70761 1
117717 81796 1
117717 92549 1
117717 92683 1
117717 94352 1
117717 98669 1
117717 102611 1
117717 102941 1
117717 105501 1
118280 51465 1
118280 86096 1
118280 92683 1
118280 97515 1
118280 101886 1
118280 102611 1
118382 102611 1
118382 106572 1
118382 116451 1
119222 102611 1
119281 57243 1
119281 67783 1
119281 68987 1
119281 79280 1
119281 83142 1
119281 95568 1
119281 102611 1
119281 114104 1
119281 122716 1
119593 101649 1
119593 102611 1
119593 110075 1
119593 114104 1
119593 116451 1
122716 57243 1
122716 68987 1
122716 79280 1
122716 95568 1
122716 102611 1
122716 109233 1
122716 119281 1
45964 79587 1
45964 84126 1
45964 106673 1
45964 109331 1
50350 73830 1
50350 79587 1
50350 79592 1
50350 83310 1
50350 87879 1
50350 93183 1
67992 68023 1
67992 79587 1
67992 83310 1
79592 50350 1
79592 79587 5
79592 83310 2
79592 105472 1
79592 109336 1
79592 117297 1
79592 120811 1
79592 121321 1
83310 50350 1
83310 67992 1
83310 79587 4
83310 79592 2
83310 105472 1
83310 108959 2
83310 115861 1
83310 117932 2
87860 79587 1
91585 79587 1
91585 93640 1
91585 104792 1
93640 53958 1
93640 79587 1
93640 91585 1
93640 104792 1
97872 78495 2
97872 79587 1
97872 92719 1
97872 96200 1
97872 104844 1
104782 79587 2
104782 104792 6
104782 105472 1
104782 105473 1
104782 108959 1
104782 109869 1
104782 109870 1
104782 118315 1
104782 118699 1
104792 79587 1
104792 91585 1
104792 93640 1
104792 104782 6
104792 108959 2
105472 79587 1
105472 79592 1
105472 83310 1
105472 104782 1
105472 105473 1
105472 109869 1
105472 109870 1
105472 118699 1
105473 79587 1
105473 83052 1
105473 104782 1
105473 105472 1
105473 109869 1
105473 109870 1
105473 118699 1
106673 45964 1
106673 79587 1
106673 109331 1
107290 57513 1
107290 79587 1
107290 107289 1
107290 107389 1
108959 79587 1
108959 83310 2
108959 104782 1
108959 104792 2
108959 106572 1
108959 106748 2
109331 45964 1
109331 79587 5
109331 79590 1
109331 106673 1
109331 107565 1
109331 108231 1
109331 108899 1
109331 109332 1
109331 109333 1
109331 109334 1
109331 109336 1
109331 111495 1
109331 117932 2
109331 118398 1
109331 118699 3
109331 127257 1
109869 52838 1
109869 79587 1
109869 104782 1
109869 105472 1
109869 105473 1
109869 106572 1
109869 109870 5
109869 118699 1
109870 52838 1
109870 79587 1
109870 104782 1
109870 105472 1
109870 105473 1
109870 106572 1
109870 109869 5
109870 118699 1
111495 79587 1
111495 109331 1
111495 118699 1
116393 79587 1
116393 118913 1
116393 120279 1
117297 79587 1
117297 79592 1
117297 120811 1
117297 121321 1
117932 79587 1
117932 83310 2
117932 109331 2
117932 117934 1
117932 118398 1
118315 79587 1
118315 104782 1
118398 75299 1
118398 78330 1
118398 78373 1
118398 79587 1
118398 96688 1
118398 109331 1
118398 116072 1
118398 117932 1
118699 79587 2
118699 104782 1
118699 105472 1
118699 105473 1
118699 109331 3
118699 109869 1
118699 109870 1
118699 111495 1
118913 79587 1
118913 116393 1
118913 120279 1
120279 79587 1
120279 116393 1
120279 118913 1
120811 79587 1
120811 79592 1
120811 117297 1
120811 121321 2
121321 79587 1
121321 79592 1
121321 117297 1
121321 120811 2
122774 79587 1
123190 79587 1
25936 34680 1
25936 54152 3
25936 60279 2
25936 60285 4
25936 60564 2
25936 60567 3
25936 83052 1
25936 90043 1
25936 96861 1
25936 108313 1
25936 108572 1
25936 112582 1
34680 25936 1
34680 54152 2
34680 60279 3
34680 60285 2
34680 60564 5
34680 60567 3
34680 83052 1
34680 90043 1
34680 96861 1
34680 108313 1
34680 108572 1
34680 112582 1
50346 78243 1
50346 78244 1
50346 96861 1
50346 103320 1
54152 25936 3
54152 34680 2
54152 60279 9
54152 60285 6
54152 60564 7
54152 60567 11
54152 83052 1
54152 90043 1
54152 96861 1
54152 108313 1
54152 108572 1
54152 112582 1
54735 56769 2
54735 65420 1
54735 78181 2
54735 78263 1
54735 81793 1
54735 86797 2
54735 89730 2
54735 91989 1
54735 92317 1
54735 96200 2
54735 96861 1
54735 103464 1
54735 104844 1
56769 54735 2
56769 65420 1
56769 78263 1
56769 81793 1
56769 86797 2
56769 89730 1
56769 91989 1
56769 96200 1
56769 96861 1
56769 101671 1
56769 103464 1
56769 104844 1
58332 59959 1
58332 66450 1
58332 75824 1
58332 77360 1
58332 79439 1
58332 80075 2
58332 80509 1
58332 81793 2
58332 89730 1
58332 91989 2
58332 96200 1
58332 96861 1
58332 97001 2
58332 100428 1
58332 104844 1
58332 114572 1
58332 114573 2
58332 115562 1
58332 117805 1
59959 58332 1
59959 65420 1
59959 66450 4
59959 69767 1
59959 75824 1
59959 77360 3
59959 79439 2
59959 81793 1
59959 91989 1
59959 93804 1
59959 96861 1
59959 97001 1
59959 98311 1
59959 104844 1
59959 114572 2
59959 114573 2
59959 115562 1
59959 117805 1
59959 117843 1
60279 25936 2
60279 34680 3
60279 54152 9
60279 57510 1
60279 60285 7
60279 60564 11
60279 60567 11
60279 83052 1
60279 90043 1
60279 96861 1
60279 108313 1
60279 108572 1
60279 112582 1
60285 25936 4
60285 34680 2
60285 54152 6
60285 60279 7
60285 60564 5
60285 60567 7
60285 83052 1
60285 90043 1
60285 96861 1
60285 108313 1
60285 108572 1
60285 112582 1
60564 25936 2
60564 34680 5
60564 54152 7
60564 60279 11
60564 60285 5
60564 60567 11
60564 83052 1
60564 90043 1
60564 96861 1
60564 108313 1
60564 108572 1
60564 112582 1
60567 25936 3
60567 34680 3
60567 54152 11
60567 60279 11
60567 60285 7
60567 60564 11
60567 83052 1
60567 90043 1
60567 96861 1
60567 108313 1
60567 108572 1
60567 112582 1
65420 54735 1
65420 56769 1
65420 59959 1
65420 60361 1
65420 66450 1
65420 76798 1
65420 78263 2
65420 81793 1
65420 86797 1
65420 89730 1
65420 91989 2
65420 96200 1
65420 96861 1
65420 103464 1
65420 104844 1
66450 58332 1
66450 59959 4
66450 65420 1
66450 75305 1
66450 75321 1
66450 77360 1
66450 79439 1
66450 80075 2
66450 93183 1
66450 96861 1
66450 97001 2
66450 98311 1
66450 98328 1
66450 104844 1
66450 114572 1
66450 114573 1
66450 115562 1
66450 117805 1
66450 117843 1
77360 58332 1
77360 59959 3
77360 66450 1
77360 69060 1
77360 79439 2
77360 80075 1
77360 80509 1
77360 89730 1
77360 91989 2
77360 95314 1
77360 96861 1
77360 97001 2
77360 114572 1
77360 114573 3
77360 115562 1
77360 117805 1
77360 117843 1
78243 50346 1
78243 78244 1
78243 96861 1
78243 103320 1
78243 114545 1
78244 50346 1
78244 78243 1
78244 91989 1
78244 96861 1
78244 103320 1
78263 51472 1
78263 54735 1
78263 56769 1
78263 65420 2
78263 75824 2
78263 76798 1
78263 81793 1
78263 86797 1
78263 89730 1
78263 91989 1
78263 93804 1
78263 96200 3
78263 96861 1
78263 103464 1
78263 104844 1
79439 58332 1
79439 59959 2
79439 60361 1
79439 66450 1
79439 77360 2
79439 91989 1
79439 92719 1
79439 96861 1
79439 97001 1
79439 114572 1
79439 114573 2
79439 115562 1
79439 115808 1
79439 117805 1
79439 117843 1
80075 58332 2
80075 60361 1
80075 66450 2
80075 77360 1
80075 80509 1
80075 81793 1
80075 88136 1
80075 89730 4
80075 91318 1
80075 96861 1
80075 114573 2
80509 58332 1
80509 77360 1
80509 80075 1
80509 89730 2
80509 91989 1
80509 92719 1
80509 96200 2
80509 96861 1
80509 97001 1
80509 114573 1
80509 117843 1
81793 54735 1
81793 56769 1
81793 58332 2
81793 59959 1
81793 65420 1
81793 75305 1
81793 78263 1
81793 80075 1
81793 86797 1
81793 89142 1
81793 89730 1
81793 91989 1
81793 93805 1
81793 95314 1
81793 96200 1
81793 96861 1
81793 103464 1
81793 104844 1
81793 114573 1
82457 96861 1
82457 108572 1
83052 25936 1
83052 34680 1
83052 54152 1
83052 60279 1
83052 60285 1
83052 60564 1
83052 60567 1
83052 90043 1
83052 95619 1
83052 96861 1
83052 105473 1
83052 108313 1
83052 108572 1
83052 112582 1
86316 43691 1
86316 96861 1
86797 48758 1
86797 54735 2
86797 56769 2
86797 65420 1
86797 78263 1
86797 81793 1
86797 89143 1
86797 89730 1
86797 91989 1
86797 96200 1
86797 96861 1
86797 99034 1
86797 103464 1
86797 103550 1
86797 104844 1
88136 80075 1
88136 80660 1
88136 90416 1
88136 91318 1
88136 96861 1
88136 98311 2
88136 104545 1
88136 105706 1
88136 106472 1
88136 108324 1
88136 109884 1
88136 113526 1
89730 51485 2
89730 54735 2
89730 56769 1
89730 58332 1
89730 65420 1
89730 77360 1
89730 78263 1
89730 80075 4
89730 80509 2
89730 81793 1
89730 86797 1
89730 91989 2
89730 92719 1
89730 96200 1
89730 96861 2
89730 98311 1
89730 103464 1
89730 104844 2
89730 109460 3
89730 114573 1
89730 117843 1
90043 25936 1
90043 34680 1
90043 54152 1
90043 60279 1
90043 60285 1
90043 60564 1
90043 60567 1
90043 83052 1
90043 96861 1
90043 108313 1
90043 108572 1
90043 112582 1
91318 77978 1
91318 80075 1
91318 88136 1
91318 96200 1
91318 96861 1
91989 54735 1
91989 56769 1
91989 58332 2
91989 59959 1
91989 65420 2
91989 69060 1
91989 77360 2
91989 78244 1
91989 78263 1
91989 79439 1
91989 80509 1
91989 81793 1
91989 86797 1
91989 89730 2
91989 92719 1
91989 95314 1
91989 96200 2
91989 96861 1
91989 97001 1
91989 103464 1
91989 104844 1
91989 114573 1
91989 117843 2
92347 86154 1
92347 96861 1
92347 98669 1
92347 110250 1
92347 114279 1
92347 114571 1
92719 60361 1
92719 79439 1
92719 80509 1
92719 89730 1
92719 91989 1
92719 94352 1
92719 96861 1
92719 97001 1
92719 97872 1
92719 117843 2
96200 54735 2
96200 56769 1
96200 58332 1
96200 65420 1
96200 77978 1
96200 78263 3
96200 80509 2
96200 81793 1
96200 86797 1
96200 89730 1
96200 91318 1
96200 91989 2
96200 94352 1
96200 96861 1
96200 97872 1
96200 103464 1
96200 104844 1
96200 117843 1
97001 58332 2
97001 59959 1
97001 60361 2
97001 66450 2
97001 77360 2
97001 78495 1
97001 79439 1
97001 80509 1
97001 91989 1
97001 92719 1
97001 93183 1
97001 95314 1
97001 96861 2
97001 105501 1
97001 114572 1
97001 114573 1
97001 115562 1
97001 117805 1
97100 92317 1
97100 96861 1
97100 108313 1
98311 59959 1
98311 66450 1
98311 69216 1
98311 71078 1
98311 88136 2
98311 89143 1
98311 89730 1
98311 93804 1
98311 96861 1
98311 109460 1
98311 117843 1
99574 96861 1
99574 115562 1
103320 50346 1
103320 51485 1
103320 64308 1
103320 78243 1
103320 78244 1
103320 86311 2
103320 96861 1
103464 38815 1
103464 54735 1
103464 56769 1
103464 65420 1
103464 78181 1
103464 78263 1
103464 81793 1
103464 86797 1
103464 89262 1
103464 89730 1
103464 91989 1
103464 95307 1
103464 96200 1
103464 96861 1
103464 104844 1
104844 51485 1
104844 54735 1
104844 56769 1
104844 58332 1
104844 59959 1
104844 65420 1
104844 66450 1
104844 75824 1
104844 78181 1
104844 78263 1
104844 78495 1
104844 81033 1
104844 81793 1
104844 86797 1
104844 89730 2
104844 91989 1
104844 94664 1
104844 96200 1
104844 96861 1
104844 97872 1
104844 98328 1
104844 103464 1
104844 104845 1
104844 114572 1
108313 25936 1
108313 34680 1
108313 54152 1
108313 60279 1
108313 60285 1
108313 60564 1
108313 60567 1
108313 79280 1
108313 83052 1
108313 90043 1
108313 96861 1
108313 97100 1
108313 108572 1
108313 112582 1
108572 25936 1
108572 34680 1
108572 54152 1
108572 58464 1
108572 60279 1
108572 60285 1
108572 60564 1
108572 60567 1
108572 82457 1
108572 83052 1
108572 84432 1
108572 90043 1
108572 96861 1
108572 108313 1
108572 110100 1
108572 112582 1
109460 62102 1
109460 89730 3
109460 96861 1
109460 98311 1
109460 107101 1
109460 117843 1
110250 92347 1
110250 96861 1
110250 98669 1
110250 114571 1
110250 117202 1
112582 25936 1
112582 34680 1
112582 54152 1
112582 60279 1
112582 60285 1
112582 60564 1
112582 60567 1
112582 79134 1
112582 83052 1
112582 90043 1
112582 96861 1
112582 108313 1
112582 108572 1
114571 86154 1
114571 92347 1
114571 96861 1
114571 98669 1
114571 102610 1
114571 110250 1
114572 58332 1
114572 59959 2
114572 66450 1
114572 77360 1
114572 79439 1
114572 96861 1
114572 97001 1
114572 104844 1
114572 114573 1
114572 115562 1
114572 117805 1
114573 58332 2
114573 59959 2
114573 60361 1
114573 66450 1
114573 77360 3
114573 79439 2
114573 80075 2
114573 80509 1
114573 81793 1
114573 89730 1
114573 91989 1
114573 95314 1
114573 96861 1
114573 97001 1
114573 114572 1
114573 115562 1
114573 115808 1
114573 117805 1
115562 58332 1
115562 59959 1
115562 60361 1
115562 66450 1
115562 77360 1
115562 79439 1
115562 96861 2
115562 97001 1
115562 98328 1
115562 99574 1
115562 114572 1
115562 114573 1
115562 117805 1
117805 58332 1
117805 59959 1
117805 66450 1
117805 77360 1
117805 79439 1
117805 96861 1
117805 97001 1
117805 114572 1
117805 114573 1
117805 115562 1
117843 59959 1
117843 60361 2
117843 66450 1
117843 69060 1
117843 77360 1
117843 78185 1
117843 79439 1
117843 80509 1
117843 89730 1
117843 91989 2
117843 92719 2
117843 96200 1
117843 96861 1
117843 98311 1
117843 109460 1
79590 107565 1
79590 108231 1
79590 108899 1
79590 109331 1
79590 109332 1
79590 109333 1
79590 109334 1
79590 109336 1
79590 127257 1
83591 99034 1
83591 107853 1
83591 109336 1
83591 113222 1
83760 78379 1
83760 106748 1
83760 109336 1
86924 89125 1
86924 89439 1
86924 89776 1
86924 91142 1
86924 93573 1
86924 109336 1
89125 53328 1
89125 75225 1
89125 86924 1
89125 89439 1
89125 89776 1
89125 91142 1
89125 93573 1
89125 107101 1
89125 109336 1
89125 109546 1
89439 86924 1
89439 89125 1
89439 89776 1
89439 91142 3
89439 93573 1
89439 109336 1
89776 86924 1
89776 89125 1
89776 89439 1
89776 91142 1
89776 93573 1
89776 109336 1
91142 86924 1
91142 86949 1
91142 89125 1
91142 89439 3
91142 89776 1
91142 93573 1
91142 100638 1
91142 109336 1
93573 86924 1
93573 89125 1
93573 89439 1
93573 89776 1
93573 91142 1
93573 109336 1
99034 83591 1
99034 86797 1
99034 107853 1
99034 109336 1
99034 113222 1
106748 83142 1
106748 83760 1
106748 108959 2
106748 109336 1
107565 79590 1
107565 108231 3
107565 108899 1
107565 109331 1
107565 109332 1
107565 109333 1
107565 109334 1
107565 109336 1
107565 127257 1
107853 83591 1
107853 99034 1
107853 109336 1
107853 113222 1
108231 79590 1
108231 107565 3
108231 108899 1
108231 109331 1
108231 109332 1
108231 109333 1
108231 109334 1
108231 109336 1
108231 127257 1
108899 79590 1
108899 83938 1
108899 107565 1
108899 108231 1
108899 109331 1
108899 109332 1
108899 109333 1
108899 109334 1
108899 109336 1
108899 127257 1
109332 79590 1
109332 107565 1
109332 108231 1
109332 108899 1
109332 109331 1
109332 109333 1
109332 109334 1
109332 109336 1
109332 127257 1
109333 79590 1
109333 107565 1
109333 108231 1
109333 108899 1
109333 109331 1
109333 109332 1
109333 109334 1
109333 109336 1
109333 127257 1
109334 79590 1
109334 107565 1
109334 108231 1
109334 108899 1
109334 109331 1
109334 109332 1
109334 109333 1
109334 109336 1
109334 123453 1
109334 126347 1
109334 127257 1
113132 109336 1
113222 83591 1
113222 99034 1
113222 107853 1
113222 109336 1
117102 109336 1
127257 79590 1
127257 107565 1
127257 108231 1
127257 108899 1
127257 109331 1
127257 109332 1
127257 109333 1
127257 109334 1
127257 109336 1
58464 42547 1
58464 69404 1
58464 89529 2
58464 90416 1
58464 94664 1
58464 95307 1
58464 97625 1
58464 107197 1
58464 108572 1
58464 114276 1
58464 114278 1
58464 114279 1
58464 118827 1
61895 72651 1
61895 78915 1
61895 87901 1
61895 90684 1
61895 94664 1
61895 99542 1
61895 102080 1
61895 106472 1
61895 108411 1
61895 109884 2
61895 114278 1
69216 71078 1
69216 72240 1
69216 75158 1
69216 84560 1
69216 94896 1
69216 98311 1
69216 109546 1
69216 110061 1
69216 110981 1
69216 113524 1
69216 113526 1
69216 114278 1
69216 114435 1
69216 119489 1
72240 52838 1
72240 61661 1
72240 64948 1
72240 69060 1
72240 69216 1
72240 75158 1
72240 81846 1
72240 84560 1
72240 89001 1
72240 96688 1
72240 102562 1
72240 108240 1
72240 109233 1
72240 109546 1
72240 112624 1
72240 113524 1
72240 113526 1
72240 114278 1
72240 114435 1
72240 119489 1
72240 127590 1
75158 69216 1
75158 72240 1
75158 84560 1
75158 99217 1
75158 109546 1
75158 113524 1
75158 113526 1
75158 114278 1
75158 114435 1
78330 69404 1
78330 83142 1
78330 91479 1
78330 96692 1
78330 101649 1
78330 102941 1
78330 104044 1
78330 108324 1
78330 110061 1
78330 114278 1
78330 116072 1
78330 118398 1
81630 93805 1
81630 96813 1
81630 100425 1
81630 107101 1
81630 108411 1
81630 108542 1
81630 114278 1
81630 117266 1
81630 119259 1
84560 69216 1
84560 72240 1
84560 75158 1
84560 109546 1
84560 113524 1
84560 113526 1
84560 114278 1
84560 114435 1
87901 61895 1
87901 109884 1
87901 114278 1
89529 58464 2
89529 87736 1
89529 93838 1
89529 95314 1
89529 97625 1
89529 106472 1
89529 113406 1
89529 114104 1
89529 114276 1
89529 114278 1
89529 114279 1
89529 118827 1
89529 122817 1
90416 29392 1
90416 58464 1
90416 59217 1
90416 65189 1
90416 69404 2
90416 70926 1
90416 73472 1
90416 88136 1
90416 91479 1
90416 94352 1
90416 94827 1
90416 105480 1
90416 106472 1
90416 107197 1
90416 107665 1
90416 108411 1
90416 110981 1
90416 114278 1
93805 69501 1
93805 72228 1
93805 73472 1
93805 81630 1
93805 81793 1
93805 87359 1
93805 89142 1
93805 96813 1
93805 100425 1
93805 107101 1
93805 107389 1
93805 108411 1
93805 108542 1
93805 114104 1
93805 114278 1
93805 117266 1
93805 119259 1
96813 81630 1
96813 93805 1
96813 100425 1
96813 107101 1
96813 108411 1
96813 108542 1
96813 114278 1
96813 117266 1
96813 119259 1
97625 58464 1
97625 89529 1
97625 114276 1
97625 114278 1
97625 114279 1
97625 118827 1
100425 81630 1
100425 83142 1
100425 93805 1
100425 96688 1
100425 96813 1
100425 107101 1
100425 108411 1
100425 108542 1
100425 113526 1
100425 114278 1
100425 117266 1
100425 119259 1
102941 59217 1
102941 65862 1
102941 69404 1
102941 72651 1
102941 75299 1
102941 77528 1
102941 78330 1
102941 78373 1
102941 89391 1
102941 90567 2
102941 94352 1
102941 98328 1
102941 101649 3
102941 105217 1
102941 107197 1
102941 110061 1
102941 114278 1
102941 114279 1
102941 117266 2
102941 117717 1
102941 120950 1
105480 81533 1
105480 90416 1
105480 91479 1
105480 114278 1
105480 116780 1
107101 69501 1
107101 80660 1
107101 81630 1
107101 89125 1
107101 92679 1
107101 93805 1
107101 96813 1
107101 100425 1
107101 108324 1
107101 108411 1
107101 108542 1
107101 109460 1
107101 109546 1
107101 114278 1
107101 116972 1
107101 117266 1
107101 119259 1
108411 61895 1
108411 81630 1
108411 90416 1
108411 91479 1
108411 93805 1
108411 94664 1
108411 96813 1
108411 100425 1
108411 107101 1
108411 108542 1
108411 114278 1
108411 117266 1
108411 119259 1
108542 81630 1
108542 93805 1
108542 96813 1
108542 100425 1
108542 107101 1
108542 108411 1
108542 114278 1
108542 117266 1
108542 119259 1
109546 42547 1
109546 69216 1
109546 72240 1
109546 75158 1
109546 78181 1
109546 84560 1
109546 87369 1
109546 89125 1
109546 105217 1
109546 107101 1
109546 113524 1
109546 113526 1
109546 114278 1
109546 114435 1
110061 69216 1
110061 78330 1
110061 93986 1
110061 94896 2
110061 99542 1
110061 101649 1
110061 102941 1
110061 105501 1
110061 109233 1
110061 114104 1
110061 114278 1
110061 119489 1
111865 52895 1
111865 114278 1
111865 124890 1
112196 77528 1
112196 114278 1
113406 89529 1
113406 95314 1
113406 114278 1
113524 69216 1
113524 69404 1
113524 72240 1
113524 75158 1
113524 84560 1
113524 109546 1
113524 113526 1
113524 114278 1
113524 114435 1
113524 119489 1
113526 69216 1
113526 72240 1
113526 75158 1
113526 80660 1
113526 83142 1
113526 84560 1
113526 88136 1
113526 96688 1
113526 97860 1
113526 100425 1
113526 105706 1
113526 109546 1
113526 113524 1
113526 114278 1
113526 114435 1
114276 58464 1
114276 89529 1
114276 97625 1
114276 114278 1
114276 114279 1
114276 118827 1
114279 58464 1
114279 65862 1
114279 87369 1
114279 89529 1
114279 92347 1
114279 93804 2
114279 94843 1
114279 97625 1
114279 101039 1
114279 102941 1
114279 114276 1
114279 114278 1
114279 118827 1
114279 119489 1
114435 69216 1
114435 72240 1
114435 75158 1
114435 84560 1
114435 101039 1
114435 109546 1
114435 113524 1
114435 113526 1
114435 114278 1
117266 59217 1
117266 75299 1
117266 78373 1
117266 81630 1
117266 93805 1
117266 94896 1
117266 96688 1
117266 96813 1
117266 100425 1
117266 102941 2
117266 107101 1
117266 107197 2
117266 108411 1
117266 108542 1
117266 114278 1
117266 119245 1
117266 119259 1
118827 58464 1
118827 81533 1
118827 89529 1
118827 97625 1
118827 114276 1
118827 114278 1
118827 114279 1
119259 72109 1
119259 81630 1
119259 93805 1
119259 96813 1
119259 100425 1
119259 107101 1
119259 108411 1
119259 108542 1
119259 114278 1
119259 117266 1
58827 60078 1
58827 62356 1
58827 71907 1
58827 85959 1
58827 90535 1
58827 98872 1
58827 116277 1
58827 124048 1
60078 58827 1
60078 62356 1
60078 71907 1
60078 85959 1
60078 86662 1
60078 90535 1
60078 98872 1
60078 116277 1
60078 124048 1
62356 58827 1
62356 60078 1
62356 71907 1
62356 85959 1
62356 90535 1
62356 98872 1
62356 116277 1
62356 124048 1
71907 47711 1
71907 58827 1
71907 60078 1
71907 62356 1
71907 85959 1
71907 90535 1
71907 98872 1
71907 116277 1
71907 124048 1
85959 58827 1
85959 60078 1
85959 62356 1
85959 71907 1
85959 72477 1
85959 89545 1
85959 90535 1
85959 91479 1
85959 98872 1
85959 116277 1
85959 124048 1
88693 91479 1
88693 116277 2
90535 58827 1
90535 60078 1
90535 62356 1
90535 71907 1
90535 85959 1
90535 98872 1
90535 116277 1
90535 124048 1
95372 106358 1
95372 116277 1
98872 58827 1
98872 60078 1
98872 62356 1
98872 71907 1
98872 85959 1
98872 86662 1
98872 90535 1
98872 116277 1
98872 117992 1
98872 124048 1
106358 95372 1
106358 116277 1
110419 116277 1
124048 58827 1
124048 60078 1
124048 62356 1
124048 71907 1
124048 85959 1
124048 90535 1
124048 98872 1
124048 116277 1
125197 116277 1
106149 116415 1
112624 72240 1
112624 115211 1
112624 116415 1
112624 116494 1
112624 118508 1
112624 123109 1
115211 112624 1
115211 116415 1
115211 123109 1
123109 112624 1
123109 115211 1
123109 116415 1
53779 77779 2
53779 97849 1
53779 110492 1
53779 119081 1
77779 53779 2
77779 97849 1
77779 110492 1
77779 119081 1
82939 94021 1
82939 110321 1
82939 116122 1
82939 116123 1
82939 119081 1
86662 60078 1
86662 90543 1
86662 98872 1
86662 119079 1
86662 119080 1
86662 119081 1
86662 119082 1
90543 86662 1
90543 119079 2
90543 119080 1
90543 119081 1
90543 119082 1
94021 82939 1
94021 110321 1
94021 116122 1
94021 116123 1
94021 119081 1
97849 53779 1
97849 77779 1
97849 97852 1
97849 110492 1
97849 119081 1
110321 82939 1
110321 94021 1
110321 96692 1
110321 116122 1
110321 116123 1
110321 119081 1
110492 53779 1
110492 77779 1
110492 97849 1
110492 119081 1
116122 82939 1
116122 94021 1
116122 110321 1
116122 116123 1
116122 119081 1
116123 82939 1
116123 94021 1
116123 110321 1
116123 116122 1
116123 119081 1
119079 86662 1
119079 90543 2
119079 102080 1
119079 119080 1
119079 119081 1
119079 119082 1
119080 86662 1
119080 90543 1
119080 119079 1
119080 119081 1
119080 119082 1
119082 86662 1
119082 90543 1
119082 119079 1
119082 119080 1
119082 119081 1
119546 119081 1
121544 121543 1
28153 29392 1
28153 53328 1
57186 29392 1
57513 29392 1
57513 87736 1
57513 89143 1
57513 95879 1
57513 107290 1
59217 29392 1
59217 48758 1
59217 65189 1
59217 68023 1
59217 70926 1
59217 87736 1
59217 89134 1
59217 90416 1
59217 91479 1
59217 94827 1
59217 102941 1
59217 107197 1
59217 107665 1
59217 117266 1
59558 29392 1
64308 29392 1
64308 73472 1
64308 94827 1
64308 103320 1
64308 112569 1
65189 29392 1
65189 59217 1
65189 70926 1
65189 78181 1
65189 83845 1
65189 90416 1
65189 94664 1
65189 94827 1
65189 94896 1
65189 107197 1
65189 107665 1
65189 114104 1
70926 29392 1
70926 59217 1
70926 65189 1
70926 73472 1
70926 78495 1
70926 89134 2
70926 89143 1
70926 90416 1
70926 92317 1
70926 94827 1
70926 94843 1
70926 107197 1
70926 107665 1
72228 29392 1
72228 88338 1
72228 89142 1
72228 93805 1
72228 94664 1
72228 94896 1
72228 99938 1
73472 29392 1
73472 64308 1
73472 69404 1
73472 70926 1
73472 75058 1
73472 90416 1
73472 90571 1
73472 93805 1
73472 95337 1
75058 29392 1
75058 73472 1
75058 82615 1
75058 117916 1
82615 29392 1
82615 75058 1
82615 80660 1
82615 95619 1
87736 29392 1
87736 57513 1
87736 59217 1
87736 68023 1
87736 75299 1
87736 77362 1
87736 81846 1
87736 89143 1
87736 89529 1
87736 94896 1
87736 95567 1
87736 95619 1
87736 95879 1
87736 96606 1
87879 29392 1
87879 50350 1
87879 97860 1
89134 29392 1
89134 59217 1
89134 70926 2
89134 91479 1
89134 94896 1
89134 100166 1
89134 114104 1
89134 117916 1
89142 29392 1
89142 69404 1
89142 69501 1
89142 72109 1
89142 72228 1
89142 77528 1
89142 81793 1
89142 87021 1
89142 91479 1
89142 93805 1
89142 94896 1
89142 95307 1
89142 95567 1
89142 97860 1
89142 99938 1
89142 110350 1
89142 114104 2
89142 116780 1
89143 29392 1
89143 48758 1
89143 57513 1
89143 70926 1
89143 78379 1
89143 80660 1
89143 82128 1
89143 86797 1
89143 87736 1
89143 93804 1
89143 95619 1
89143 95879 1
89143 98311 1
94827 29392 1
94827 51485 1
94827 59217 1
94827 64308 1
94827 65189 1
94827 70926 1
94827 78373 1
94827 90416 1
94827 107197 1
94827 107665 1
94827 112569 1
94896 29392 1
94896 65189 1
94896 69216 1
94896 69501 1
94896 72228 1
94896 78379 1
94896 81846 2
94896 87736 1
94896 89134 1
94896 89142 1
94896 99938 1
94896 107289 1
94896 110061 2
94896 110981 2
94896 117266 1
94896 119489 1
95879 29392 1
95879 57513 1
95879 87736 1
95879 89143 1
97860 29392 1
97860 77206 2
97860 80660 1
97860 87879 1
97860 89142 1
97860 113526 1
97860 115970 1
97860 117916 1
99938 29392 1
99938 72228 1
99938 89142 1
99938 94896 1
107197 29392 1
107197 42547 1
107197 58464 1
107197 59217 1
107197 65189 1
107197 70926 1
107197 75299 1
107197 77206 1
107197 90416 1
107197 90567 1
107197 94664 1
107197 94827 1
107197 95307 1
107197 102941 1
107197 104545 1
107197 107665 1
107197 117266 2
107665 29392 1
107665 48040 1
107665 59217 1
107665 65189 1
107665 70926 1
107665 90416 1
107665 94827 1
107665 95314 1
107665 95484 1
107665 107197 1
17005 38348 1
17005 38488 1
17005 42547 1
17005 73830 1
38348 17005 1
38348 38488 1
38348 42547 1
38348 73830 1
38488 17005 1
38488 32266 1
38488 38348 1
38488 42547 1
38488 73830 1
44518 42547 1
44518 48680 1
44518 69080 1
44518 71078 1
44518 72260 1
44518 73509 1
44518 75250 1
44518 86588 1
44518 95623 1
44518 98491 1
44518 127384 1
48680 42547 1
48680 44518 1
48680 69080 1
48680 71078 1
48680 72260 1
48680 73509 1
48680 75250 1
48680 86588 1
48680 95623 1
48680 98491 1
48680 127384 1
51472 42547 1
51472 51485 1
51472 54173 1
51472 78263 1
51472 104938 1
51472 110723 1
51485 42547 1
51485 51472 1
51485 54173 1
51485 81033 1
51485 89730 2
51485 94827 1
51485 103320 1
51485 104844 1
51485 104938 1
51485 110723 1
52977 42547 1
52977 69404 1
52977 77358 1
52977 94664 1
52977 95275 1
52977 101535 1
52977 109118 1
54173 42547 1
54173 51472 1
54173 51485 1
54173 94664 1
54173 104938 1
54173 110723 1
60361 16428 1
60361 42547 1
60361 65420 1
60361 79439 1
60361 80075 1
60361 81872 1
60361 92719 1
60361 97001 2
60361 98328 1
60361 114573 1
60361 115562 1
60361 115808 1
60361 117843 2
69080 42547 1
69080 44518 1
69080 48680 1
69080 71078 1
69080 72260 1
69080 73509 1
69080 75250 1
69080 86588 1
69080 95623 1
69080 98491 1
69080 127384 1
69318 42547 1
69318 75178 1
69318 93838 1
69318 96606 1
69318 97647 1
69318 100233 1
69318 105749 1
69404 42547 1
69404 52977 1
69404 58464 1
69404 73472 1
69404 77358 1
69404 77528 2
69404 78330 1
69404 81533 1
69404 89142 1
69404 90416 2
69404 94352 1
69404 94664 1
69404 95275 1
69404 101535 1
69404 102941 1
69404 109118 1
69404 113524 1
69404 119489 1
69501 42547 1
69501 71078 1
69501 89142 1
69501 91479 1
69501 93805 1
69501 94896 1
69501 100428 1
69501 107101 1
69501 108324 1
69501 108986 2
72260 42547 1
72260 44518 1
72260 48680 1
72260 69080 1
72260 71078 1
72260 73509 1
72260 75250 1
72260 84538 1
72260 86588 1
72260 89947 1
72260 95623 1
72260 97751 1
72260 98491 1
72260 117980 1
72260 127384 1
73509 42547 1
73509 44518 1
73509 48680 1
73509 69080 1
73509 71078 1
73509 72260 1
73509 75250 1
73509 86588 2
73509 95623 1
73509 98491 1
73509 127384 1
73830 17005 1
73830 38348 1
73830 38488 1
73830 42547 1
73830 47169 1
73830 50350 1
73830 54149 1
73830 83148 1
75250 42547 1
75250 44518 1
75250 48680 1
75250 69080 1
75250 71078 1
75250 72260 1
75250 73509 1
75250 86588 1
75250 95623 1
75250 98491 1
75250 127384 1
77358 42547 1
77358 52977 1
77358 69404 1
77358 94664 1
77358 95275 1
77358 101535 1
77358 109118 1
81872 42547 1
81872 60361 1
81872 78185 1
86588 42547 1
86588 44518 1
86588 48680 1
86588 69080 1
86588 71078 1
86588 72260 1
86588 73509 2
86588 75250 1
86588 95623 1
86588 98491 1
86588 127384 1
87369 42547 1
87369 105217 1
87369 109546 1
87369 114279 1
87369 114440 1
90684 42547 1
90684 61895 1
90684 78915 1
90684 81533 1
90684 92234 1
90684 102080 1
90684 113037 1
92234 42547 1
92234 81533 1
92234 90684 1
92234 113037 1
93838 42547 1
93838 55421 1
93838 69318 1
93838 89529 1
93838 96606 1
93838 97647 1
93838 100233 1
93838 105749 1
94664 42547 1
94664 48758 1
94664 52977 1
94664 54173 1
94664 58464 1
94664 61895 1
94664 65189 1
94664 69404 1
94664 72228 1
94664 72651 1
94664 77206 1
94664 77358 1
94664 77528 1
94664 90567 1
94664 90571 1
94664 93183 1
94664 95275 1
94664 101535 1
94664 104844 1
94664 107197 1
94664 108411 1
94664 109118 1
95275 42547 1
95275 52977 1
95275 69404 1
95275 77358 1
95275 93521 1
95275 94664 1
95275 101535 1
95275 109118 1
95275 116780 1
95307 42547 1
95307 58464 1
95307 72651 1
95307 89142 1
95307 93986 1
95307 103464 1
95307 107197 1
95623 42547 1
95623 44518 1
95623 48680 1
95623 69080 1
95623 71078 1
95623 72260 1
95623 73509 1
95623 75250 1
95623 86588 1
95623 98491 4
95623 127384 1
96606 42547 1
96606 69318 1
96606 87736 1
96606 93838 1
96606 97647 1
96606 100233 1
96606 105749 1
97647 42547 1
97647 69318 1
97647 93838 1
97647 96606 1
97647 100233 1
97647 105749 1
97647 112280 1
98491 42547 1
98491 44518 1
98491 48680 1
98491 69080 1
98491 71078 1
98491 72260 1
98491 73509 1
98491 75250 1
98491 86588 1
98491 95623 4
98491 127384 1
100233 42547 1
100233 69318 1
100233 93838 1
100233 96606 1
100233 97647 1
100233 105749 1
100233 118565 1
101535 42547 1
101535 52977 1
101535 69404 1
101535 77358 1
101535 94664 1
101535 95275 1
101535 109118 1
101535 124084 1
104938 42547 1
104938 51472 1
104938 51485 1
104938 54173 1
104938 110723 1
105749 42547 1
105749 69318 1
105749 78915 1
105749 93838 1
105749 96606 1
105749 97647 1
105749 100233 1
108986 42547 1
108986 69501 2
108986 71078 1
108986 72109 1
108986 74032 1
108986 101886 1
108986 106472 1
108986 106714 1
109118 42547 1
109118 52977 1
109118 69404 1
109118 77358 1
109118 93183 1
109118 94664 1
109118 95275 1
109118 101535 1
109118 102080 1
110723 42547 1
110723 51472 1
110723 51485 1
110723 54173 1
110723 93986 1
110723 104938 1
110723 112110 1
110723 115981 1
113037 42547 1
113037 81533 1
113037 90684 1
113037 92234 1
127384 42547 1
127384 44518 1
127384 48680 1
127384 69080 1
127384 71078 1
127384 72260 1
127384 73509 1
127384 75250 1
127384 86588 1
127384 95623 1
127384 98491 1
48758 52838 1
48758 52842 1
48758 59217 1
48758 86797 1
48758 89143 1
48758 93267 1
48758 94664 1
51436 52838 1
51436 55261 1
51436 57510 1
51436 72109 1
51436 82128 1
51436 106247 1
52842 48758 1
52842 52838 1
52842 93267 1
52842 95567 2
52842 99542 1
52842 119489 1
53958 52838 1
53958 85649 1
53958 92400 1
53958 93640 1
53958 109584 1
55261 51436 1
55261 52838 1
55261 57510 1
55261 72109 1
55261 82128 1
55261 106247 1
57510 51436 1
57510 52838 1
57510 55261 1
57510 60279 1
57510 72109 1
57510 82128 1
57510 106247 1
61400 52838 1
61400 71709 2
61400 93754 1
61400 114915 1
61661 52838 1
61661 58502 1
61661 64948 1
61661 69060 1
61661 72240 1
61661 78181 1
61661 78373 1
61661 96688 1
61661 101671 1
61661 102562 1
61661 104545 1
61661 108240 1
61661 109233 1
61661 127590 1
62807 52838 1
64948 52838 1
64948 61661 1
64948 69060 1
64948 72240 1
64948 93389 1
64948 96688 1
64948 102562 1
64948 108240 1
64948 109233 1
64948 127590 1
69060 52838 1
69060 61661 1
69060 64948 1
69060 72240 1
69060 75321 1
69060 77360 1
69060 91989 1
69060 93804 1
69060 96688 1
69060 102562 1
69060 108240 1
69060 109233 1
69060 117843 1
69060 127590 1
71709 52838 1
71709 61400 2
71709 93754 1
71709 114915 1
72109 51436 1
72109 52838 1
72109 55261 1
72109 57510 1
72109 80660 1
72109 82128 1
72109 89142 1
72109 91479 1
72109 95568 1
72109 104545 1
72109 105827 1
72109 106247 1
72109 106472 1
72109 108986 1
72109 119259 1
75222 52838 1
75222 75225 1
75222 84432 1
75222 93183 1
75222 105566 1
75222 108324 1
75222 119156 1
75225 52838 1
75225 75222 1
75225 84432 1
75225 89125 1
75225 89391 2
75225 93183 1
75225 95304 1
75225 102129 1
75225 105566 3
75225 108324 2
75225 127329 1
77797 52838 1
77797 81033 1
78495 52838 1
78495 70926 1
78495 78181 1
78495 83318 1
78495 96688 1
78495 96797 1
78495 97001 1
78495 97872 2
78495 100428 1
78495 104844 1
78495 105827 1
78495 115981 1
81033 51485 1
81033 52838 1
81033 61545 1
81033 77797 1
81033 104844 1
82128 51436 1
82128 52838 1
82128 55261 1
82128 57510 1
82128 72109 1
82128 89143 1
82128 92400 1
82128 106247 1
83318 52838 1
83318 78495 1
83318 96688 1
83318 96797 1
83318 100428 1
83318 105827 1
83318 115981 1
84432 52838 1
84432 57522 1
84432 75222 1
84432 75225 1
84432 75321 1
84432 87359 1
84432 105566 1
84432 108324 1
84432 108572 1
85649 52838 1
85649 53958 1
85649 92400 1
85649 109584 1
89391 52838 1
89391 75225 2
89391 102941 1
92400 52838 2
92400 53958 1
92400 77528 1
92400 82128 1
92400 85649 1
92400 95567 6
92400 104545 1
92400 109584 2
93267 48758 1
93267 52838 1
93267 52842 1
93754 52838 1
93754 61400 1
93754 71709 1
93754 114915 1
95304 52838 1
95304 57693 1
95304 75225 1
95304 83845 1
95304 127266 1
95567 52838 2
95567 52842 2
95567 81846 1
95567 87021 1
95567 87736 1
95567 89142 1
95567 92400 6
95567 109584 1
96688 52838 2
96688 61661 1
96688 64948 1
96688 69060 1
96688 72240 1
96688 78373 1
96688 78495 1
96688 83142 1
96688 83318 1
96688 90567 1
96688 96797 1
96688 100425 1
96688 100428 1
96688 102562 1
96688 105827 1
96688 108240 1
96688 109233 1
96688 110838 1
96688 113526 1
96688 115981 1
96688 117266 1
96688 118398 1
96688 119038 1
96688 127590 1
96797 52838 1
96797 78495 1
96797 83318 1
96797 96688 1
96797 100428 1
96797 105827 1
96797 115981 1
100428 52838 1
100428 58332 1
100428 69501 1
100428 78495 1
100428 83318 1
100428 96688 1
100428 96797 1
100428 105099 1
100428 105827 1
100428 115981 1
102562 52838 1
102562 61661 1
102562 64948 1
102562 69060 1
102562 72240 1
102562 96688 1
102562 108240 1
102562 109233 1
102562 127590 1
105566 52838 1
105566 75222 1
105566 75225 3
105566 84432 1
105566 99542 1
105566 108324 1
105566 127329 1
105827 52838 1
105827 72109 1
105827 78495 1
105827 83318 1
105827 96688 1
105827 96797 1
105827 100428 1
105827 115981 1
106247 51436 1
106247 52838 1
106247 55261 1
106247 57510 1
106247 72109 1
106247 82128 1
106247 114545 1
106572 52838 1
106572 98884 1
106572 108959 1
106572 109869 1
106572 109870 1
106572 118382 1
108240 52838 1
108240 61661 1
108240 64948 1
108240 69060 1
108240 72240 1
108240 83142 1
108240 96688 1
108240 99542 1
108240 102562 1
108240 107289 1
108240 109233 1
108240 117916 1
108240 127590 1
108324 52838 1
108324 58534 1
108324 69501 1
108324 75222 1
108324 75225 2
108324 77528 1
108324 78330 1
108324 78373 1
108324 83142 1
108324 84432 1
108324 88136 1
108324 91494 1
108324 99542 1
108324 105566 1
108324 107101 1
108324 114537 1
108324 119489 1
109233 52838 1
109233 61661 1
109233 64948 1
109233 69060 1
109233 72240 1
109233 93986 1
109233 96688 1
109233 102562 1
109233 108240 1
109233 110061 1
109233 122716 1
109233 127590 1
109584 52838 1
109584 53958 1
109584 85649 1
109584 92400 2
109584 95314 1
109584 95567 1
109584 106472 1
114915 52838 1
114915 61400 1
114915 71709 1
114915 93754 1
114915 108312 1
114915 108750 1
114915 126210 1
115981 52838 1
115981 78495 1
115981 83318 1
115981 96688 1
115981 96797 1
115981 100428 1
115981 105827 1
115981 110723 1
115981 112110 1
127266 52838 1
127266 57693 1
127266 95304 1
127590 52838 1
127590 61661 1
127590 64948 1
127590 69060 1
127590 72240 1
127590 96688 1
127590 102562 1
127590 108240 1
127590 109233 1
127590 109884 1
43691 51416 3
43691 56643 1
43691 70327 1
43691 77149 1
43691 79055 2
43691 79659 2
43691 79991 1
43691 85191 1
43691 86316 1
43691 95617 1
43691 105796 1
43691 117458 1
51416 43691 3
51416 56643 1
51416 70327 1
51416 77149 2
51416 79055 2
51416 79659 1
51416 79991 1
51416 85191 1
51416 95617 1
51416 99542 1
51416 105796 1
51416 117458 1
51416 119489 1
58375 56643 1
58375 69767 1
69767 56643 1
69767 58375 1
69767 59959 1
70327 43691 1
70327 51416 1
70327 56643 1
70327 71718 1
70327 77149 1
70327 79055 1
70327 79659 1
70327 79991 1
70327 85191 1
70327 95617 1
70327 105796 1
70327 117458 1
70327 121964 1
73279 45701 1
73279 56643 1
73279 92317 1
76798 52895 1
76798 56643 1
76798 65420 1
76798 78263 1
76798 93804 1
77149 43691 1
77149 51416 2
77149 56643 1
77149 70327 1
77149 79055 2
77149 79659 2
77149 79991 2
77149 85191 1
77149 95617 1
77149 105796 2
77149 117458 1
79055 43691 2
79055 51416 2
79055 56643 1
79055 70327 1
79055 77149 2
79055 79659 2
79055 79991 2
79055 85191 1
79055 95617 1
79055 105796 1
79055 117458 1
79659 43691 2
79659 51416 1
79659 56643 1
79659 70327 1
79659 77149 2
79659 79055 2
79659 79991 4
79659 85191 1
79659 95617 1
79659 105796 1
79659 117458 1
79991 43691 1
79991 51416 1
79991 56643 1
79991 70327 1
79991 77149 2
79991 79055 2
79991 79659 4
79991 85191 1
79991 92320 1
79991 93986 1
79991 95617 1
79991 105796 2
79991 117458 1
79991 118508 1
85191 43691 1
85191 51416 1
85191 56643 1
85191 70327 1
85191 77149 1
85191 79055 1
85191 79659 1
85191 79991 1
85191 95617 2
85191 105796 1
85191 117458 1
92317 54735 1
92317 56643 1
92317 70926 1
92317 73279 1
92317 77978 4
92317 97100 1
95617 43691 1
95617 51416 1
95617 56643 1
95617 70327 1
95617 77149 1
95617 79055 1
95617 79659 1
95617 79991 1
95617 85191 2
95617 105796 1
95617 117458 1
105796 43691 1
105796 51416 1
105796 56643 1
105796 70327 1
105796 77149 2
105796 79055 1
105796 79659 1
105796 79991 2
105796 85191 1
105796 93986 1
105796 95617 1
105796 117458 1
115757 56643 1
115757 115758 1
115757 115759 1
115757 115761 1
115757 115762 1
115757 117455 1
115757 117867 1
115757 124531 1
115758 56643 1
115758 115757 1
115758 115759 1
115758 115761 1
115758 115762 1
115758 117455 1
115758 117867 1
115758 124531 1
115759 56643 1
115759 115757 1
115759 115758 1
115759 115761 1
115759 115762 1
115759 117455 1
115759 117867 1
115759 124531 1
115761 56643 1
115761 115757 1
115761 115758 1
115761 115759 1
115761 115762 1
115761 117455 1
115761 117867 1
115761 124531 2
115762 56643 1
115762 115757 1
115762 115758 1
115762 115759 1
115762 115761 1
115762 117455 2
115762 117867 1
115762 124531 1
115763 56643 2
117455 56643 1
117455 115757 1
117455 115758 1
117455 115759 1
117455 115761 1
117455 115762 2
117455 117458 1
117455 117867 1
117455 124531 1
117458 43691 1
117458 51416 1
117458 56643 1
117458 70327 1
117458 77149 1
117458 79055 1
117458 79659 1
117458 79991 1
117458 85191 1
117458 95617 1
117458 105796 1
117458 117455 1
117458 122065 1
117867 56643 1
117867 115757 1
117867 115758 1
117867 115759 1
117867 115761 1
117867 115762 1
117867 117455 1
117867 124531 1
124531 56643 1
124531 115757 1
124531 115758 1
124531 115759 1
124531 115761 2
124531 115762 1
124531 117455 1
124531 117867 1
46068 57693 1
46068 68129 1
46068 77978 1
46068 94843 1
46068 95619 1
46068 97076 1
46068 97077 1
46068 101671 1
51375 52895 1
51375 57693 1
51375 66386 1
51375 74696 1
51375 75304 1
51375 75305 1
51375 75321 1
51375 79134 1
51375 93183 1
51375 102610 1
51375 105217 1
52895 51375 1
52895 57693 1
52895 66386 1
52895 74696 1
52895 75299 1
52895 75304 1
52895 75305 1
52895 75321 1
52895 76798 1
52895 79134 1
52895 93183 1
52895 102610 1
52895 105217 1
52895 105501 1
52895 111865 1
58502 57693 1
58502 61661 1
58502 78181 1
61589 57693 1
61589 67783 1
61589 69565 1
61589 91723 1
61589 101039 1
61589 106714 1
61589 121227 1
65245 57693 1
65245 90567 1
65245 92302 1
65245 93860 1
65245 103336 1
65245 104545 1
65245 110100 1
65245 122900 1
65245 127536 1
66386 51375 1
66386 52895 1
66386 53328 1
66386 57522 1
66386 57693 1
66386 74696 1
66386 75304 1
66386 75305 1
66386 75321 1
66386 79134 1
66386 93183 2
66386 102610 1
66386 105217 1
67626 57693 1
67626 87760 1
67626 93389 1
67626 114440 1
67626 116427 1
67783 57693 1
67783 61589 1
67783 77206 1
67783 91723 1
67783 99542 2
67783 101039 1
67783 106714 1
67783 113802 1
67783 119281 1
67783 121227 1
68129 46068 1
68129 57693 1
68129 77978 2
68129 80660 1
68129 94843 2
68129 95619 1
68129 97076 1
68129 97077 1
68129 101671 4
74696 51375 1
74696 52895 1
74696 57693 1
74696 66386 1
74696 75304 1
74696 75305 1
74696 75321 1
74696 79134 1
74696 93183 1
74696 102610 1
74696 105217 1
75304 51375 1
75304 52895 1
75304 57693 1
75304 66386 1
75304 74696 1
75304 75305 1
75304 75321 1
75304 79134 1
75304 93183 1
75304 102610 1
75304 105217 1
75305 51375 1
75305 52895 1
75305 57693 1
75305 66386 1
75305 66450 1
75305 74696 1
75305 75304 1
75305 75321 1
75305 79134 1
75305 81793 1
75305 93183 1
75305 102610 1
75305 105217 1
75305 121890 1
75321 51375 1
75321 52895 1
75321 57693 1
75321 66386 1
75321 66450 1
75321 69060 1
75321 74696 1
75321 75304 1
75321 75305 1
75321 79134 1
75321 84432 1
75321 93183 2
75321 95314 1
75321 102610 1
75321 105217 1
75617 57693 1
75617 89947 1
75617 103794 1
77978 46068 1
77978 57693 1
77978 68129 2
77978 91318 1
77978 92317 4
77978 94843 1
77978 95619 1
77978 96200 1
77978 96692 2
77978 97076 1
77978 97077 1
77978 101671 1
78181 23068 1
78181 38815 1
78181 54735 2
78181 57693 1
78181 58502 1
78181 61661 1
78181 65189 1
78181 69400 1
78181 78495 1
78181 83938 2
78181 93804 1
78181 96692 2
78181 103464 1
78181 103586 1
78181 104844 1
78181 109546 1
78181 114104 1
79134 51375 1
79134 52895 1
79134 57693 1
79134 66386 1
79134 74696 1
79134 75304 1
79134 75305 1
79134 75321 1
79134 93183 1
79134 102080 1
79134 102610 1
79134 105217 1
79134 112582 1
82662 57693 1
82662 86311 1
82662 94843 1
82662 98233 1
83938 57693 1
83938 78181 2
83938 96692 1
83938 103586 1
83938 108899 1
86311 57693 1
86311 82662 1
86311 93521 1
86311 98233 1
86311 103320 2
87760 57693 1
87760 67626 1
87760 93389 1
87760 114104 1
87760 116427 1
89947 57693 1
89947 72260 1
89947 75617 1
89947 103794 1
91723 57693 1
91723 61589 1
91723 67783 1
91723 101039 1
91723 106714 1
91723 121227 1
93183 50350 1
93183 51375 1
93183 52895 1
93183 57522 1
93183 57693 1
93183 66386 2
93183 66450 1
93183 74696 1
93183 75222 1
93183 75225 1
93183 75304 1
93183 75305 1
93183 75321 2
93183 79134 1
93183 90571 1
93183 94664 1
93183 97001 1
93183 102610 1
93183 105217 1
93183 109118 1
93183 110075 1
93389 57693 1
93389 64948 1
93389 67626 1
93389 87760 1
93389 116427 1
94843 46068 1
94843 57693 1
94843 68129 2
94843 70926 1
94843 77978 1
94843 82662 1
94843 95619 2
94843 97076 1
94843 97077 1
94843 101671 1
94843 102080 1
94843 114279 1
95619 46068 1
95619 57693 1
95619 68129 1
95619 77978 1
95619 80660 1
95619 82615 1
95619 83052 1
95619 87736 1
95619 89143 1
95619 94843 2
95619 97076 1
95619 97077 1
95619 101671 1
96692 57693 1
96692 77978 2
96692 78181 2
96692 78330 1
96692 83938 1
96692 103586 1
96692 105706 1
96692 110321 1
97076 46068 1
97076 57693 1
97076 68129 1
97076 77978 1
97076 94843 1
97076 95619 1
97076 97077 4
97076 101671 1
97077 46068 1
97077 57693 1
97077 68129 1
97077 77978 1
97077 94843 1
97077 95619 1
97077 97076 4
97077 101671 1
98233 57693 1
98233 82662 1
98233 86311 1
101039 57693 1
101039 61589 1
101039 67783 1
101039 91723 1
101039 106714 1
101039 114279 1
101039 114435 1
101039 121227 1
101671 46068 1
101671 56769 1
101671 57693 1
101671 61661 1
101671 68129 4
101671 77978 1
101671 94843 1
101671 95619 1
101671 97076 1
101671 97077 1
102610 51375 1
102610 52895 1
102610 57693 1
102610 66386 1
102610 72651 1
102610 74696 1
102610 75304 1
102610 75305 1
102610 75321 1
102610 79134 1
102610 86154 1
102610 93183 1
102610 105217 1
102610 107814 1
102610 114571 1
102610 116861 1
103336 57693 1
103336 65245 1
103336 90567 1
103336 104545 1
103336 110100 1
103336 122900 1
103586 57693 1
103586 78181 1
103586 83938 1
103586 96692 1
103794 57693 1
103794 75617 1
103794 89947 1
104545 57693 1
104545 61661 1
104545 65245 1
104545 72109 1
104545 88136 1
104545 90567 1
104545 91479 1
104545 92400 1
104545 103336 1
104545 107197 1
104545 110100 1
104545 122900 1
105217 51375 1
105217 52895 1
105217 57693 1
105217 66386 1
105217 74696 1
105217 75304 1
105217 75305 1
105217 75321 1
105217 75324 2
105217 79134 1
105217 87369 1
105217 93183 1
105217 102610 1
105217 102941 1
105217 109546 1
105217 118508 2
106714 57693 1
106714 61589 1
106714 67783 1
106714 71078 1
106714 91723 1
106714 101039 1
106714 108986 1
106714 121227 1
110100 57693 1
110100 65245 1
110100 90567 1
110100 101886 1
110100 103336 1
110100 104545 1
110100 108572 1
110100 122900 1
116427 57693 1
116427 67626 1
116427 87760 1
116427 93389 1
121227 57693 1
121227 61589 1
121227 67783 1
121227 91723 1
121227 101039 1
121227 106714 1
122900 57693 1
122900 65245 1
122900 83845 1
122900 90567 1
122900 103336 1
122900 104545 1
122900 105706 1
122900 110100 1
40354 71718 1
121964 70327 1
121964 71718 1
106162 75178 1
106162 116451 1
125210 101154 1
67919 114545 1
114695 117002 1
115861 83310 1
115861 117916 1
97293 72651 1
97293 126322 1
119241 92549 1
125171 93804 1
110515 94352 1
87839 95871 1
81197 97751 1
63689 99494 1
59446 110075 1
114579 115353 1
114579 121218 1
121218 114579 1
121218 115353 1
121218 121220 1
121218 121221 1
121218 121223 1
121218 121539 1
110105 116451 1
118383 116451 1
84126 45964 1
117934 117932 1
115808 60361 1
115808 79439 1
115808 114573 1
103550 86797 1
38815 78181 1
38815 103464 1
89262 103464 1
104845 104844 1
62102 109460 1
117202 110250 1
86949 91142 1
100638 91142 1
123453 109334 1
126347 109334 1
122817 89529 1
116972 107101 1
124890 111865 1
119245 117266 1
47711 71907 1
72477 85959 1
72477 89545 1
89545 72477 1
89545 85959 1
117992 98872 1
116494 112624 1
97852 97849 1
88338 72228 1
95337 73472 1
100166 89134 1
110350 89142 1
115970 97860 1
48040 107665 1
32266 38488 1
16428 60361 1
117980 72260 1
47169 54149 1
47169 73830 1
54149 47169 1
54149 73830 1
83148 73830 1
55421 93838 1
118565 100233 1
124084 101535 1
119156 75222 1
61545 81033 1
110838 96688 1
119038 96688 1
98884 106572 1
58534 108324 1
91494 108324 1
108312 114915 1
108312 126210 1
108750 114915 1
126210 108312 1
126210 114915 1
45701 73279 1
122065 117458 1
69565 61589 1
92302 65245 1
92302 93860 1
92302 127536 1
93860 65245 1
93860 92302 1
93860 127536 1
127536 65245 1
127536 92302 1
127536 93860 1
113802 67783 1
121890 75305 1
23068 78181 1
116861 102610 1
121220 121218 1
121220 121221 2
121220 121223 1
121220 121539 2
121221 121218 1
121221 121220 2
121221 121223 1
121221 121539 3
121223 121218 1
121223 121220 1
121223 121221 1
121223 121539 1
121539 121218 1
121539 121220 2
121539 121221 3
121539 121223 1
126322 97293 1
