118109 118108 1
118108 75777 1
118108 86813 1
118108 105651 1
118108 105652 1
118108 108638 1
118108 114884 1
118108 118109 1
118108 118385 1
75777 57310 1
75777 63601 1
75777 65607 1
75777 70135 1
75777 71866 1
75777 75773 1
75777 76101 1
75777 76302 1
75777 77570 1
75777 79413 1
75777 86813 1
75777 90746 1
75777 98521 1
75777 101750 1
75777 103730 1
75777 105306 1
75777 105651 1
75777 105652 1
75777 107264 1
75777 108638 1
75777 109179 1
75777 110762 1
75777 113537 1
75777 114884 2
75777 114885 1
75777 116171 1
75777 117369 1
75777 118108 1
75777 118385 1
75777 119192 1
75777 119373 1
75777 120047 1
86813 28455 1
86813 37279 1
86813 48074 1
86813 48257 1
86813 63598 1
86813 68782 1
86813 68968 1
86813 71395 1
86813 71866 1
86813 75777 1
86813 77571 1
86813 77695 2
86813 79387 1
86813 84019 1
86813 86809 1
86813 86810 1
86813 86811 1
86813 86812 1
86813 86969 1
86813 87886 1
86813 88602 2
86813 93038 1
86813 99011 1
86813 105605 1
86813 105651 1
86813 105652 2
86813 106768 1
86813 108638 1
86813 114884 1
86813 118108 1
86813 118385 1
86813 125241 1
105651 70121 1
105651 70131 1
105651 72277 1
105651 75777 1
105651 86813 1
105651 87805 1
105651 87886 1
105651 97241 1
105651 104245 1
105651 105652 1
105651 107746 1
105651 107747 1
105651 108638 1
105651 110083 1
105651 111399 1
105651 112306 1
105651 114884 1
105651 118108 1
105651 118385 1
105652 28455 1
105652 42616 1
105652 48074 1
105652 68968 1
105652 71635 1
105652 74995 1
105652 75777 1
105652 76504 1
105652 77254 1
105652 86813 2
105652 93038 1
105652 95073 1
105652 105651 1
105652 106642 1
105652 106768 1
105652 107895 1
105652 108638 1
105652 109178 1
105652 109179 1
105652 109264 2
105652 111399 1
105652 114884 1
105652 118108 1
105652 118385 1
108638 75777 1
108638 86813 1
108638 105651 1
108638 105652 1
108638 114884 1
108638 118108 1
108638 118385 1
114884 12582 1
114884 14891 1
114884 14892 1
114884 17790 1
114884 48076 1
114884 56192 1
114884 57308 2
114884 59726 1
114884 59728 1
114884 62543 1
114884 66348 1
114884 68681 1
114884 68683 1
114884 69893 1
114884 71399 1
114884 71403 1
114884 75777 2
114884 77421 1
114884 77551 1
114884 78635 1
114884 79409 1
114884 79411 1
114884 86298 1
114884 86813 1
114884 89751 1
114884 99105 1
114884 100034 2
114884 105307 1
114884 105651 1
114884 105652 1
114884 106643 1
114884 106647 1
114884 107826 2
114884 107954 1
114884 108638 1
114884 109179 1
114884 110866 1
114884 110868 1
114884 111450 2
114884 112239 1
114884 112306 1
114884 113061 1
114884 113537 1
114884 113730 1
114884 113731 1
114884 114660 1
114884 114885 4
114884 115544 1
114884 115748 1
114884 116482 1
114884 117000 1
114884 117481 1
114884 117881 1
114884 118108 1
114884 118385 1
114884 119437 1
114884 119538 1
114884 121413 1
114884 124072 1
114884 127003 1
118385 48097 1
118385 56230 1
118385 59725 1
118385 59726 1
118385 59728 1
118385 63604 1
118385 65609 2
118385 66348 1
118385 71403 1
118385 75777 1
118385 77570 1
118385 79409 1
118385 81366 1
118385 86813 1
118385 86816 1
118385 89225 1
118385 97237 1
118385 99105 1
118385 102124 1
118385 104246 1
118385 105308 2
118385 105651 1
118385 105652 1
118385 106286 1
118385 107264 1
118385 107748 1
118385 107826 1
118385 107896 2
118385 107899 1
118385 107955 1
118385 108478 1
118385 108638 1
118385 109174 1
118385 109301 1
118385 109439 1
118385 109665 1
118385 109937 1
118385 111416 1
118385 112961 1
118385 113731 1
118385 114066 1
118385 114884 1
118385 116171 1
118385 117270 1
118385 117481 1
118385 118108 1
118385 119437 1
118385 119557 1
118385 126618 1
57310 63601 1
57310 65609 1
57310 74346 1
57310 75777 1
57310 76101 5
57310 76302 1
57310 90746 1
57310 98521 1
57310 107895 1
57310 108199 1
57310 110762 1
57310 113537 1
57310 114885 1
57310 121091 1
63601 57310 1
63601 68782 1
63601 70121 1
63601 75777 1
63601 76101 1
63601 76302 1
63601 77571 1
63601 79409 1
63601 90746 1
63601 98521 1
63601 110083 1
63601 110762 1
63601 112239 1
63601 114885 1
65607 70135 2
65607 71866 1
65607 75777 1
65607 77570 1
65607 79413 1
65607 97241 1
65607 98411 1
65607 100034 1
65607 101750 1
65607 103730 1
65607 105306 1
65607 107264 1
65607 108478 1
65607 109665 1
65607 111475 1
65607 113537 1
65607 116171 1
65607 119373 1
65607 120047 1
70135 65607 2
70135 70121 2
70135 71866 1
70135 75777 1
70135 77570 1
70135 79413 2
70135 87447 1
70135 90985 1
70135 101750 1
70135 103730 1
70135 105306 1
70135 106768 1
70135 107264 1
70135 107954 1
70135 108478 1
70135 109439 1
70135 111475 2
70135 111932 1
70135 112306 2
70135 113537 1
70135 115544 1
70135 116171 1
70135 119373 1
70135 120047 1
70135 126943 1
71866 65607 1
71866 68782 1
71866 70135 1
71866 75777 1
71866 77570 1
71866 77571 1
71866 77695 1
71866 79413 1
71866 84019 1
71866 86813 1
71866 87886 1
71866 88602 1
71866 99011 1
71866 101750 1
71866 103730 1
71866 105306 1
71866 105605 1
71866 107264 1
71866 113537 1
71866 116171 1
71866 119373 1
71866 120047 1
71866 125241 1
75773 28434 1
75773 35560 1
75773 59728 1
75773 68804 1
75773 75777 1
75773 104246 1
75773 117369 1
75773 119192 1
76101 57310 5
76101 63601 1
76101 65609 1
76101 75777 1
76101 76302 1
76101 90746 1
76101 98521 1
76101 107895 1
76101 110762 1
76101 113537 1
76101 114885 1
76302 48076 1
76302 56230 1
76302 57310 1
76302 63601 1
76302 71385 1
76302 75777 1
76302 76101 1
76302 79413 1
76302 84017 1
76302 84019 1
76302 84020 1
76302 89225 1
76302 90746 1
76302 98521 1
76302 99105 1
76302 106286 1
76302 106642 1
76302 106647 1
76302 109174 1
76302 110762 1
76302 112961 1
76302 114179 1
76302 114885 1
76302 126943 1
77570 56192 1
77570 65607 1
77570 70131 1
77570 70135 1
77570 71866 1
77570 75777 1
77570 77421 1
77570 79413 1
77570 101750 1
77570 103730 1
77570 105306 1
77570 106286 1
77570 107264 1
77570 107748 2
77570 113537 1
77570 115544 1
77570 116171 1
77570 117881 1
77570 118385 1
77570 119373 1
77570 119437 1
77570 120047 1
79413 56193 1
79413 59726 1
79413 59728 1
79413 63604 1
79413 65607 1
79413 70121 1
79413 70135 2
79413 71866 1
79413 75777 1
79413 76302 1
79413 77570 1
79413 101750 1
79413 103730 1
79413 105306 1
79413 107264 1
79413 107899 1
79413 109120 1
79413 109178 1
79413 111476 1
79413 112349 1
79413 113537 1
79413 113731 1
79413 116171 1
79413 119357 1
79413 119358 1
79413 119373 1
79413 120047 1
90746 57310 1
90746 59726 1
90746 63601 1
90746 75777 1
90746 76101 1
90746 76302 1
90746 98521 1
90746 105605 1
90746 109174 1
90746 110762 1
90746 114885 1
90746 127003 1
98521 57310 1
98521 63601 1
98521 63604 1
98521 75777 1
98521 76101 1
98521 76302 1
98521 90746 1
98521 110762 1
98521 110866 1
98521 114885 1
101750 59725 1
101750 65607 1
101750 70132 1
101750 70135 1
101750 71407 1
101750 71866 1
101750 75777 1
101750 77570 1
101750 77695 1
101750 79413 1
101750 88548 1
101750 101396 1
101750 103730 1
101750 105306 2
101750 107264 1
101750 109301 1
101750 110868 1
101750 113537 1
101750 116171 1
101750 119373 1
101750 119557 1
101750 120047 1
103730 65607 1
103730 66617 1
103730 70135 1
103730 71866 1
103730 75666 1
103730 75777 1
103730 77570 1
103730 79413 1
103730 87447 1
103730 88548 1
103730 90985 1
103730 101750 1
103730 103725 1
103730 105306 1
103730 107264 1
103730 108194 1
103730 113537 1
103730 116171 1
103730 119373 1
103730 120047 1
105306 62543 1
105306 65607 1
105306 65609 1
105306 70121 1
105306 70135 1
105306 71866 1
105306 75777 1
105306 77570 1
105306 79413 1
105306 101750 2
105306 103730 1
105306 107264 1
105306 107746 1
105306 107747 1
105306 107895 1
105306 107896 1
105306 107899 1
105306 113537 1
105306 116171 1
105306 119373 1
105306 120047 1
107264 59725 1
107264 59726 1
107264 59728 1
107264 63604 2
107264 65607 1
107264 65609 2
107264 68683 1
107264 70135 1
107264 71866 1
107264 75777 1
107264 77570 1
107264 79413 1
107264 93363 1
107264 97237 1
107264 99105 1
107264 101750 1
107264 103730 1
107264 105306 1
107264 106286 1
107264 107748 1
107264 107896 1
107264 109174 1
107264 109301 1
107264 111416 1
107264 111477 1
107264 113537 1
107264 113731 1
107264 116171 1
107264 118385 1
107264 119373 1
107264 119437 1
107264 120047 1
109179 42616 1
109179 65609 1
109179 71635 1
109179 74995 1
109179 75777 1
109179 79409 1
109179 105652 1
109179 106642 1
109179 106647 1
109179 107895 1
109179 107899 1
109179 109178 1
109179 111399 1
109179 114884 1
110762 57310 1
110762 59725 1
110762 59726 1
110762 63601 1
110762 75777 1
110762 76101 1
110762 76302 1
110762 90746 1
110762 98521 1
110762 108478 1
110762 110763 1
110762 112306 1
110762 112961 1
110762 114885 1
110762 119358 1
113537 57310 1
113537 59725 2
113537 59726 2
113537 59728 1
113537 65607 1
113537 65609 1
113537 70135 1
113537 71866 1
113537 75777 1
113537 76101 1
113537 77570 1
113537 79413 1
113537 89751 1
113537 101750 1
113537 103730 1
113537 104246 1
113537 105306 1
113537 105307 1
113537 106642 1
113537 106643 1
113537 107264 1
113537 107895 1
113537 112349 1
113537 113061 1
113537 113232 1
113537 114884 1
113537 115544 1
113537 116171 1
113537 119373 1
113537 120047 1
113537 126618 1
114885 12582 1
114885 14891 1
114885 14892 1
114885 17790 1
114885 48076 1
114885 57310 1
114885 63601 1
114885 66348 1
114885 75777 1
114885 76101 1
114885 76302 1
114885 77551 1
114885 77571 1
114885 90746 1
114885 98521 1
114885 104246 1
114885 107826 1
114885 108478 1
114885 110762 1
114885 113731 2
114885 114884 4
114885 116480 1
114885 116614 1
116171 65607 1
116171 70135 1
116171 71866 1
116171 75777 1
116171 77570 1
116171 79409 1
116171 79413 1
116171 101750 1
116171 103730 1
116171 105306 1
116171 107264 1
116171 113537 1
116171 113731 1
116171 118385 1
116171 119373 1
116171 120047 1
117369 75773 1
117369 75777 1
117369 119192 2
119192 75773 1
119192 75777 1
119192 117369 2
119373 59606 1
119373 65607 1
119373 70135 1
119373 71866 1
119373 75777 1
119373 77570 1
119373 79413 1
119373 101750 1
119373 103730 1
119373 105306 1
119373 107264 1
119373 107899 1
119373 113537 1
119373 116171 1
119373 120047 1
120047 37065 1
120047 65607 1
120047 70135 1
120047 71866 1
120047 75777 1
120047 77570 1
120047 79413 1
120047 101750 1
120047 103730 1
120047 105306 1
120047 107264 1
120047 113537 1
120047 116171 1
120047 119373 1
28455 23516 1
28455 28352 1
28455 29867 1
28455 31070 1
28455 37281 1
28455 40437 1
28455 48074 1
28455 68968 1
28455 86813 1
28455 93038 1
28455 105652 1
28455 106768 1
37279 48257 1
37279 63598 1
37279 77695 1
37279 86809 1
37279 86810 1
37279 86811 1
37279 86812 1
37279 86813 1
37279 93531 1
48074 28455 1
48074 68968 1
48074 71570 1
48074 86813 1
48074 93038 1
48074 105652 1
48074 106768 1
48257 37279 1
48257 63598 1
48257 70121 1
48257 77695 1
48257 86809 1
48257 86810 2
48257 86811 1
48257 86812 1
48257 86813 1
48257 109937 1
63598 37279 1
63598 48257 1
63598 77695 1
63598 86809 1
63598 86810 1
63598 86811 1
63598 86812 1
63598 86813 1
68782 63601 1
68782 71866 1
68782 77571 3
68782 77695 1
68782 84019 1
68782 86813 1
68782 87886 1
68782 88602 1
68782 99011 3
68782 105605 3
68782 105606 1
68782 105607 1
68782 110083 1
68782 112239 1
68782 125241 1
68968 28455 1
68968 47846 1
68968 48074 1
68968 86813 1
68968 93038 1
68968 99272 1
68968 105652 1
68968 106768 1
68968 109245 1
71395 86813 1
77571 59725 1
77571 63601 1
77571 63604 1
77571 68782 3
77571 71866 1
77571 77695 1
77571 84019 1
77571 86813 1
77571 87886 1
77571 88602 1
77571 99011 1
77571 105605 2
77571 110083 1
77571 112239 1
77571 114885 1
77571 125241 1
77695 37279 1
77695 48257 1
77695 63598 1
77695 68683 1
77695 68782 1
77695 70132 1
77695 71399 1
77695 71866 1
77695 77571 1
77695 84019 1
77695 86809 1
77695 86810 1
77695 86811 1
77695 86812 1
77695 86813 2
77695 87886 1
77695 88602 1
77695 89751 1
77695 99011 1
77695 101750 1
77695 105605 1
77695 113061 1
77695 125241 1
79387 86813 1
79387 88602 1
84019 48076 1
84019 68782 1
84019 71385 1
84019 71866 1
84019 76302 1
84019 77571 1
84019 77695 1
84019 84017 1
84019 84020 1
84019 86813 1
84019 87886 1
84019 88602 1
84019 99011 1
84019 99105 1
84019 105605 1
84019 106286 1
84019 106642 1
84019 106647 1
84019 125241 1
86809 37279 1
86809 48257 1
86809 63598 1
86809 77695 1
86809 86810 1
86809 86811 1
86809 86812 1
86809 86813 1
86809 125241 1
86809 125242 1
86810 37279 1
86810 48257 2
86810 63598 1
86810 77695 1
86810 86809 1
86810 86811 1
86810 86812 1
86810 86813 1
86811 37279 1
86811 48257 1
86811 55294 1
86811 63598 1
86811 71403 1
86811 74995 1
86811 77695 1
86811 81366 1
86811 86809 1
86811 86810 1
86811 86812 1
86811 86813 1
86811 86816 2
86811 99105 1
86811 104246 1
86811 105308 1
86811 106642 1
86811 106643 1
86811 106647 1
86811 107746 1
86811 107747 1
86811 107748 2
86811 108478 1
86811 113513 1
86811 113730 1
86812 37279 1
86812 48257 1
86812 63598 1
86812 64616 1
86812 71635 1
86812 77695 1
86812 86809 1
86812 86810 1
86812 86811 1
86812 86813 1
86812 101396 1
86812 127003 1
86969 86813 1
87886 68782 1
87886 70121 1
87886 70131 1
87886 71866 1
87886 72277 1
87886 77571 1
87886 77695 1
87886 84019 1
87886 86813 1
87886 87805 1
87886 88602 1
87886 97241 1
87886 99011 1
87886 104245 1
87886 105247 1
87886 105605 1
87886 105651 1
87886 107746 1
87886 107747 1
87886 110083 1
87886 111399 1
87886 112306 1
87886 125241 1
88602 68782 1
88602 71866 1
88602 74346 1
88602 77571 1
88602 77695 1
88602 79387 1
88602 84019 1
88602 86813 2
88602 87886 1
88602 88305 1
88602 99011 1
88602 105605 5
88602 105607 1
88602 111932 1
88602 119237 1
88602 125241 1
93038 28455 1
93038 48074 1
93038 53853 1
93038 68968 1
93038 71399 1
93038 86813 1
93038 89272 1
93038 105652 1
93038 106768 1
93038 110083 1
99011 68782 3
99011 71866 1
99011 77571 1
99011 77695 1
99011 84019 1
99011 86813 1
99011 87886 1
99011 88602 1
99011 105605 2
99011 125241 1
105605 25474 1
105605 52136 1
105605 58227 1
105605 68782 3
105605 71394 1
105605 71866 1
105605 74346 1
105605 77571 2
105605 77695 1
105605 79409 1
105605 80013 2
105605 84019 1
105605 86813 1
105605 87447 1
105605 87886 1
105605 88305 2
105605 88602 5
105605 90746 1
105605 93531 1
105605 99011 2
105605 100034 1
105605 105606 2
105605 105607 14
105605 105609 1
105605 108080 3
105605 109178 1
105605 110866 2
105605 110868 1
105605 111450 1
105605 113731 1
105605 119237 3
105605 119438 1
105605 119557 1
105605 125241 2
106768 28455 1
106768 48074 1
106768 68968 1
106768 70135 1
106768 86813 1
106768 93038 1
106768 105652 1
106768 108478 1
106768 114179 1
125241 68782 1
125241 71866 1
125241 77571 1
125241 77695 1
125241 84019 1
125241 85061 1
125241 86809 1
125241 86813 1
125241 87886 1
125241 88602 1
125241 93531 1
125241 99011 1
125241 105605 2
125241 125242 2
70121 25474 1
70121 48257 1
70121 52051 1
70121 62543 1
70121 63601 1
70121 65609 1
70121 70131 1
70121 70135 2
70121 72277 2
70121 79409 1
70121 79413 1
70121 87805 1
70121 87886 1
70121 97241 1
70121 104245 1
70121 105306 1
70121 105651 1
70121 106647 1
70121 107746 2
70121 107747 2
70121 107895 1
70121 107896 1
70121 107899 1
70121 109937 1
70121 110083 1
70121 111399 1
70121 112306 1
70131 56192 1
70131 70121 1
70131 72277 1
70131 74995 1
70131 77421 1
70131 77570 1
70131 87805 1
70131 87886 1
70131 97241 1
70131 104245 1
70131 105651 1
70131 106647 2
70131 107746 1
70131 107747 1
70131 107748 1
70131 110083 1
70131 111399 1
70131 112306 1
70131 115544 1
70131 117881 1
70131 121413 1
72277 48961 1
72277 63604 1
72277 70121 2
72277 70131 1
72277 77421 1
72277 87042 1
72277 87805 1
72277 87886 1
72277 97241 1
72277 104245 1
72277 105651 1
72277 107746 1
72277 107747 1
72277 110083 1
72277 111399 1
72277 112306 1
72277 115748 1
72277 117881 1
87805 70121 1
87805 70131 1
87805 72277 1
87805 87886 1
87805 97241 1
87805 104245 1
87805 105651 1
87805 107746 1
87805 107747 1
87805 110083 1
87805 111399 1
87805 112306 1
97241 65607 1
97241 70121 1
97241 70131 1
97241 72277 1
97241 87805 1
97241 87886 1
97241 100034 1
97241 104245 1
97241 105651 1
97241 107746 1
97241 107747 1
97241 108478 1
97241 110083 1
97241 111399 1
97241 112306 1
104245 63604 1
104245 65609 2
104245 70121 1
104245 70131 1
104245 72277 1
104245 86821 1
104245 87805 1
104245 87886 1
104245 97241 1
104245 101749 1
104245 105651 1
104245 106286 1
104245 106513 1
104245 106642 1
104245 107746 1
104245 107747 1
104245 107748 1
104245 107896 2
104245 110083 1
104245 111399 1
104245 112306 2
104245 113731 1
104245 117481 1
104245 125749 1
107746 48077 1
107746 62543 1
107746 65609 1
107746 70121 2
107746 70131 1
107746 72277 1
107746 86811 1
107746 87805 1
107746 87886 1
107746 97241 1
107746 99105 1
107746 104245 1
107746 105306 1
107746 105651 1
107746 107747 5
107746 107748 1
107746 107895 1
107746 107896 1
107746 107899 1
107746 109439 1
107746 109937 1
107746 110083 1
107746 111399 1
107746 112306 2
107746 113730 1
107747 48077 1
107747 62543 1
107747 65609 1
107747 70121 2
107747 70131 1
107747 72277 1
107747 86811 1
107747 87805 1
107747 87886 1
107747 97241 1
107747 99105 1
107747 104245 1
107747 105306 1
107747 105651 1
107747 107746 5
107747 107748 1
107747 107895 1
107747 107896 1
107747 107899 1
107747 109439 1
107747 109937 1
107747 110083 1
107747 111399 1
107747 112306 2
107747 113730 1
110083 63601 1
110083 68782 1
110083 70121 1
110083 70131 1
110083 72277 1
110083 77571 1
110083 87805 1
110083 87886 1
110083 89272 1
110083 93038 1
110083 97241 1
110083 104245 1
110083 105651 1
110083 107746 1
110083 107747 1
110083 111399 1
110083 112239 1
110083 112306 1
111399 42616 1
111399 70121 1
111399 70131 1
111399 71635 1
111399 72277 1
111399 74995 1
111399 87805 1
111399 87886 1
111399 97241 1
111399 104245 1
111399 105651 1
111399 105652 1
111399 106642 1
111399 107746 1
111399 107747 1
111399 107895 1
111399 109178 1
111399 109179 1
111399 110083 1
111399 112306 1
112306 43311 1
112306 48077 1
112306 48261 1
112306 56192 1
112306 59726 1
112306 59728 2
112306 65609 1
112306 68681 1
112306 70121 1
112306 70131 1
112306 70135 2
112306 72277 1
112306 74995 1
112306 74999 1
112306 86298 1
112306 87805 1
112306 87886 1
112306 97241 1
112306 104245 2
112306 105307 1
112306 105651 1
112306 106286 1
112306 106642 1
112306 106647 1
112306 107746 2
112306 107747 2
112306 107748 1
112306 108478 1
112306 109439 1
112306 109937 1
112306 110083 1
112306 110762 1
112306 110763 1
112306 110866 1
112306 111399 1
112306 111932 1
112306 114884 1
112306 116482 1
112306 117000 1
112306 117481 1
112306 119538 1
112306 124072 1
112306 126943 1
42616 59725 1
42616 71635 1
42616 74995 1
42616 105652 1
42616 106642 1
42616 107895 1
42616 109178 1
42616 109179 1
42616 111399 1
42616 112239 1
42616 113730 1
71635 42616 1
71635 62543 1
71635 74995 1
71635 86812 1
71635 99105 1
71635 105652 1
71635 106642 1
71635 106647 1
71635 107826 1
71635 107895 1
71635 109178 1
71635 109179 1
71635 111399 1
71635 127003 1
74995 42616 1
74995 70131 1
74995 71635 1
74995 86298 1
74995 86811 1
74995 101099 1
74995 105652 1
74995 106642 1
74995 106647 2
74995 107826 1
74995 107895 1
74995 109178 1
74995 109179 1
74995 109665 1
74995 111399 1
74995 111416 1
74995 112306 1
74995 112308 1
74995 113477 1
74995 115160 1
74995 121413 1
76504 77254 1
76504 95073 1
76504 105652 1
76504 107748 1
76504 109264 1
77254 76504 1
77254 95073 1
77254 105652 1
77254 109264 1
95073 76504 1
95073 77254 1
95073 105652 1
95073 109264 1
106642 42616 1
106642 48076 1
106642 71385 1
106642 71635 1
106642 74995 1
106642 76302 1
106642 84017 1
106642 84019 1
106642 84020 1
106642 86298 1
106642 86811 1
106642 99105 1
106642 102124 1
106642 104245 1
106642 104246 1
106642 105307 1
106642 105652 1
106642 106286 2
106642 106643 4
106642 106647 1
106642 107748 1
106642 107895 2
106642 109178 1
106642 109179 1
106642 111399 1
106642 111450 1
106642 112306 1
106642 113061 1
106642 113537 1
106642 113730 1
106642 115544 1
107895 42616 1
107895 57310 1
107895 62543 1
107895 63604 1
107895 65609 2
107895 70121 1
107895 71635 1
107895 74995 1
107895 76101 1
107895 105306 1
107895 105652 1
107895 106642 2
107895 107746 1
107895 107747 1
107895 107896 1
107895 107899 1
107895 109178 1
107895 109179 1
107895 111399 1
107895 113537 1
107895 119437 1
109178 42616 1
109178 58227 1
109178 59725 1
109178 59726 1
109178 66350 1
109178 71635 1
109178 74995 1
109178 79413 1
109178 105307 1
109178 105605 1
109178 105652 1
109178 106642 1
109178 107895 1
109178 109120 1
109178 109174 2
109178 109179 1
109178 111399 1
109178 111932 1
109178 112961 1
109264 76504 1
109264 77254 1
109264 95073 1
109264 105652 2
12582 3740 1
12582 14891 1
12582 14892 1
12582 17790 1
12582 114884 1
12582 114885 1
14891 12582 1
14891 14892 1
14891 17790 1
14891 114884 1
14891 114885 1
14892 12582 1
14892 14891 1
14892 17790 1
14892 114884 1
14892 114885 1
17790 12582 1
17790 14891 1
17790 14892 1
17790 114884 1
17790 114885 1
48076 59725 1
48076 63604 1
48076 71385 1
48076 76302 1
48076 84017 1
48076 84019 1
48076 84020 1
48076 99105 1
48076 106286 2
48076 106642 1
48076 106647 1
48076 107826 1
48076 114884 1
48076 114885 1
48076 115748 1
56192 59728 1
56192 68681 2
56192 70131 1
56192 71407 1
56192 77421 1
56192 77570 1
56192 106647 1
56192 107748 1
56192 107896 1
56192 110866 1
56192 112306 1
56192 112961 1
56192 114884 1
56192 115544 1
56192 116341 1
56192 116482 1
56192 117000 1
56192 117481 1
56192 117881 1
56192 119357 1
56192 119437 1
56192 119538 1
56192 124072 1
57308 62543 1
57308 68683 1
57308 71399 1
57308 71403 1
57308 77421 1
57308 78635 1
57308 79409 2
57308 79411 1
57308 85053 1
57308 106643 1
57308 109174 1
57308 113730 1
57308 114884 2
57308 117881 1
57308 121413 1
57308 127003 2
59726 44618 1
59726 59725 2
59726 59728 3
59726 63604 1
59726 65609 1
59726 69893 1
59726 79413 1
59726 81652 1
59726 81664 1
59726 84017 1
59726 86298 1
59726 90746 1
59726 97237 1
59726 99105 1
59726 106286 1
59726 107264 1
59726 107748 1
59726 107896 1
59726 108478 1
59726 109174 1
59726 109178 1
59726 109301 1
59726 110762 1
59726 110763 1
59726 110868 1
59726 111416 1
59726 112239 1
59726 112306 1
59726 112961 1
59726 113232 1
59726 113537 2
59726 113731 1
59726 114884 1
59726 118385 1
59726 119437 4
59726 119438 1
59726 127003 1
59728 56192 1
59728 59725 2
59728 59726 3
59728 63604 1
59728 65609 1
59728 68681 1
59728 71394 1
59728 75773 1
59728 79413 1
59728 97237 1
59728 99105 1
59728 104246 1
59728 106286 1
59728 106647 1
59728 107264 1
59728 107748 1
59728 107896 1
59728 107899 1
59728 109174 1
59728 109301 1
59728 110866 1
59728 111416 1
59728 112306 2
59728 113232 1
59728 113537 1
59728 113731 2
59728 114884 1
59728 116482 1
59728 117000 1
59728 117481 1
59728 118385 1
59728 119437 1
59728 119538 1
59728 124072 1
62543 38828 1
62543 45554 1
62543 51152 1
62543 52131 1
62543 54925 1
62543 56230 1
62543 57308 1
62543 65609 1
62543 70121 1
62543 71574 1
62543 71635 1
62543 77421 1
62543 86298 1
62543 89272 1
62543 99105 1
62543 105306 1
62543 106286 1
62543 106647 1
62543 107746 1
62543 107747 1
62543 107826 1
62543 107895 1
62543 107896 1
62543 107899 1
62543 107954 1
62543 107955 1
62543 109301 1
62543 110763 1
62543 111446 1
62543 113730 2
62543 114884 1
62543 115748 1
62543 117481 1
62543 117881 1
62543 119237 1
62543 127003 1
66348 48097 1
66348 52029 1
66348 65609 1
66348 71403 1
66348 71406 1
66348 77421 1
66348 77551 1
66348 81366 1
66348 83693 1
66348 86816 1
66348 89225 1
66348 107896 1
66348 107954 1
66348 108478 2
66348 109937 1
66348 111416 1
66348 113731 1
66348 114066 1
66348 114884 1
66348 114885 1
66348 118385 1
68681 56192 2
68681 59728 1
68681 66617 1
68681 66618 1
68681 68805 1
68681 71399 1
68681 106647 1
68681 109174 1
68681 110866 1
68681 112306 1
68681 114884 1
68681 116482 1
68681 117000 1
68681 117481 1
68681 119437 1
68681 119538 1
68681 124072 1
68681 127003 1
68683 57308 1
68683 63604 1
68683 71399 2
68683 71403 1
68683 77695 1
68683 78635 1
68683 79409 4
68683 79411 1
68683 89751 1
68683 93363 1
68683 106643 1
68683 107264 1
68683 111477 1
68683 113730 1
68683 114884 1
68683 121413 1
68683 127003 1
69893 59726 1
69893 86298 1
69893 89225 1
69893 104246 1
69893 109301 1
69893 110868 1
69893 112239 1
69893 113010 1
69893 114884 1
69893 116929 1
69893 119437 1
71399 48079 1
71399 57308 1
71399 68681 1
71399 68683 2
71399 71403 1
71399 77695 1
71399 78635 1
71399 79409 1
71399 79411 1
71399 89751 1
71399 93038 1
71399 106643 1
71399 109174 1
71399 114884 1
71399 121413 1
71399 127003 2
71403 48097 1
71403 57308 1
71403 65609 1
71403 66348 1
71403 68683 1
71403 71399 1
71403 78635 1
71403 79409 1
71403 79411 1
71403 81366 1
71403 86811 1
71403 86816 2
71403 89225 1
71403 106643 1
71403 106647 1
71403 107896 1
71403 108478 1
71403 109937 1
71403 114066 1
71403 114884 1
71403 118385 1
71403 121413 1
71403 127003 1
77421 56192 1
77421 57308 1
77421 59725 1
77421 62543 1
77421 63604 1
77421 66348 1
77421 70131 1
77421 72277 1
77421 77570 1
77421 102134 1
77421 107748 1
77421 113730 1
77421 114884 1
77421 115544 1
77421 115748 1
77421 117881 3
77551 66348 1
77551 81366 1
77551 103315 1
77551 108187 1
77551 108478 1
77551 109439 1
77551 111932 1
77551 114884 1
77551 114885 1
77551 115348 1
77551 115349 1
77551 115544 1
77551 116480 1
77551 121413 1
77551 123024 1
78635 57308 1
78635 68683 1
78635 70125 1
78635 71399 1
78635 71403 1
78635 79409 2
78635 79411 1
78635 83693 1
78635 106643 1
78635 114884 1
78635 121413 1
78635 127003 1
79409 57308 2
79409 63601 1
79409 68683 4
79409 70121 1
79409 71399 1
79409 71403 1
79409 78635 2
79409 79411 1
79409 85053 1
79409 100034 1
79409 101748 1
79409 103951 1
79409 105605 1
79409 106643 1
79409 109174 1
79409 109179 1
79409 111450 1
79409 113730 2
79409 113731 1
79409 114884 1
79409 116171 1
79409 118385 1
79409 121413 1
79409 127003 2
79411 57308 1
79411 68683 1
79411 71399 1
79411 71403 1
79411 78635 1
79411 79409 1
79411 106643 1
79411 114884 1
79411 121413 1
79411 127003 1
86298 56230 1
86298 59726 1
86298 62543 1
86298 69893 1
86298 71574 1
86298 74995 1
86298 89272 1
86298 106642 1
86298 107954 1
86298 107955 1
86298 110763 1
86298 110868 1
86298 112239 1
86298 112306 1
86298 113730 2
86298 114884 1
86298 119437 1
89751 68683 1
89751 71399 1
89751 77695 1
89751 105307 1
89751 113061 1
89751 113537 1
89751 114884 1
99105 48076 1
99105 59725 1
99105 59726 1
99105 59728 1
99105 62543 1
99105 63604 1
99105 65609 1
99105 71385 1
99105 71635 1
99105 76302 1
99105 84017 1
99105 84019 1
99105 84020 1
99105 86811 1
99105 97237 1
99105 100034 1
99105 106286 2
99105 106642 1
99105 106647 2
99105 107264 1
99105 107746 1
99105 107747 1
99105 107748 2
99105 107826 1
99105 107896 1
99105 109174 1
99105 109301 1
99105 111416 1
99105 113730 1
99105 113731 1
99105 114884 1
99105 115748 1
99105 118385 1
99105 119437 1
100034 65607 1
100034 79409 1
100034 97241 1
100034 99105 1
100034 105605 1
100034 107826 1
100034 108478 1
100034 111450 2
100034 112239 1
100034 113731 1
100034 114884 2
100034 115532 1
100034 115748 3
105307 28447 1
105307 59725 1
105307 66618 1
105307 89751 1
105307 97237 1
105307 102124 1
105307 105308 1
105307 106642 1
105307 106643 1
105307 107899 1
105307 109174 1
105307 109178 1
105307 111416 1
105307 111450 2
105307 112306 1
105307 113061 6
105307 113537 1
105307 114884 1
105307 116929 1
105307 117270 1
106643 57308 1
106643 68683 1
106643 71399 1
106643 71403 1
106643 78635 1
106643 79409 1
106643 79411 1
106643 86811 1
106643 102124 1
106643 104246 1
106643 105307 1
106643 106642 4
106643 111450 1
106643 113537 1
106643 114884 1
106643 115544 1
106643 121413 1
106643 127003 1
106647 48076 1
106647 56192 1
106647 59728 1
106647 62543 1
106647 65609 1
106647 68681 1
106647 70121 1
106647 70131 2
106647 71385 1
106647 71403 1
106647 71635 1
106647 74995 2
106647 76302 1
106647 84017 1
106647 84019 1
106647 84020 1
106647 86811 1
106647 86816 1
106647 99105 2
106647 106286 1
106647 106642 1
106647 107826 1
106647 107899 1
106647 108478 1
106647 109179 1
106647 110866 1
106647 112306 1
106647 114884 1
106647 116482 1
106647 117000 1
106647 117481 1
106647 119538 1
106647 121413 1
106647 124072 1
107826 48076 1
107826 62543 1
107826 71635 1
107826 74995 1
107826 99105 1
107826 100034 1
107826 106647 1
107826 109665 2
107826 111450 1
107826 111476 1
107826 114884 2
107826 114885 1
107826 118385 1
107954 56230 1
107954 62543 1
107954 66348 1
107954 70135 1
107954 71574 1
107954 86298 1
107954 89272 1
107954 101748 1
107954 107955 1
107954 110763 1
107954 111450 1
107954 113730 1
107954 114660 1
107954 114884 1
107954 115544 1
110866 56192 1
110866 59728 1
110866 63604 1
110866 68681 1
110866 90985 1
110866 98521 1
110866 105605 2
110866 106647 1
110866 107187 1
110866 108080 1
110866 112306 1
110866 112308 1
110866 114179 1
110866 114884 1
110866 116482 2
110866 117000 1
110866 117481 1
110866 119538 1
110866 122443 1
110866 124072 1
110868 59726 1
110868 63604 1
110868 69893 1
110868 86298 1
110868 101750 1
110868 105605 1
110868 109937 1
110868 112239 1
110868 114884 1
110868 119437 1
110868 119557 1
111450 66618 1
111450 79409 1
111450 100034 2
111450 102124 1
111450 105307 2
111450 105605 1
111450 106642 1
111450 106643 1
111450 107826 1
111450 107954 1
111450 113061 1
111450 113731 1
111450 114660 1
111450 114884 2
111450 117270 1
111450 124072 1
112239 42616 1
112239 59725 1
112239 59726 1
112239 63601 1
112239 68782 1
112239 69893 1
112239 77571 1
112239 86298 1
112239 100034 1
112239 110083 1
112239 110868 1
112239 113730 1
112239 114884 1
112239 115748 1
112239 119437 1
113061 66618 1
113061 71385 1
113061 77695 1
113061 89751 1
113061 97237 1
113061 105307 6
113061 105308 2
113061 106642 1
113061 111450 1
113061 111475 1
113061 112961 1
113061 113537 1
113061 114884 1
113061 117270 1
113730 42616 1
113730 56230 1
113730 57308 1
113730 59725 1
113730 62543 2
113730 68683 1
113730 71574 1
113730 77421 1
113730 79409 2
113730 86298 2
113730 86811 1
113730 89272 1
113730 99105 1
113730 106642 1
113730 107746 1
113730 107747 1
113730 107748 1
113730 107899 1
113730 107954 1
113730 107955 1
113730 109301 1
113730 110763 1
113730 112239 1
113730 113010 1
113730 113789 1
113730 114884 1
113730 115748 1
113730 115937 1
113730 117881 1
113731 58227 1
113731 59725 1
113731 59726 1
113731 59728 2
113731 63604 2
113731 65609 2
113731 66348 1
113731 71570 1
113731 79409 1
113731 79413 1
113731 97237 1
113731 99105 1
113731 100034 1
113731 104245 1
113731 104246 1
113731 105308 1
113731 105605 1
113731 106286 1
113731 107264 1
113731 107748 1
113731 107896 1
113731 107899 1
113731 109174 1
113731 109301 1
113731 111416 2
113731 111450 1
113731 114884 1
113731 114885 2
113731 115748 1
113731 116171 1
113731 116480 1
113731 118385 1
113731 119437 1
114660 107896 1
114660 107954 1
114660 111450 1
114660 114884 1
115544 56192 1
115544 70131 1
115544 70135 1
115544 77421 1
115544 77551 1
115544 77570 1
115544 106642 1
115544 106643 1
115544 107748 1
115544 107954 1
115544 113537 1
115544 114884 1
115544 115545 2
115544 117881 1
115544 118379 1
115544 119357 3
115748 41989 1
115748 48076 1
115748 62543 1
115748 63604 1
115748 72277 1
115748 77421 1
115748 83693 1
115748 91897 1
115748 99105 1
115748 100034 3
115748 105308 1
115748 106286 1
115748 107956 1
115748 109301 1
115748 111446 1
115748 112239 1
115748 113730 1
115748 113731 1
115748 114884 1
115748 117481 1
115748 117881 1
115748 119237 1
115748 121419 1
116482 56192 1
116482 59725 1
116482 59728 1
116482 68681 1
116482 90985 1
116482 106286 1
116482 106647 1
116482 110866 2
116482 112306 1
116482 112308 1
116482 114179 3
116482 114884 1
116482 117000 1
116482 117481 2
116482 119538 1
116482 122443 1
116482 124072 1
117000 56192 1
117000 59728 1
117000 68681 1
117000 106647 1
117000 110866 1
117000 112306 1
117000 114884 1
117000 116482 1
117000 117481 1
117000 119538 1
117000 124072 1
117481 56192 1
117481 59728 1
117481 62543 1
117481 68681 1
117481 104245 1
117481 106286 2
117481 106647 1
117481 107899 1
117481 109174 1
117481 109301 1
117481 110866 1
117481 111446 1
117481 112306 1
117481 114179 1
117481 114884 1
117481 115748 1
117481 116482 2
117481 117000 1
117481 118385 1
117481 119237 1
117481 119538 1
117481 124072 1
117881 56192 1
117881 57308 1
117881 62543 1
117881 63604 1
117881 70131 1
117881 72277 1
117881 77421 3
117881 77570 1
117881 107748 1
117881 113730 1
117881 114884 1
117881 115544 1
117881 115748 1
119437 56192 1
119437 59725 1
119437 59726 4
119437 59728 1
119437 63604 2
119437 65609 1
119437 68681 1
119437 69893 1
119437 77570 1
119437 81366 1
119437 86298 1
119437 97237 1
119437 99105 1
119437 106286 2
119437 107264 1
119437 107748 1
119437 107895 1
119437 107896 1
119437 107955 1
119437 109174 1
119437 109301 1
119437 110868 1
119437 111416 1
119437 112239 1
119437 113731 1
119437 114884 1
119437 118385 1
119437 119438 1
119538 56192 1
119538 59728 1
119538 68681 1
119538 106647 1
119538 110866 1
119538 112306 1
119538 114884 1
119538 116482 1
119538 117000 1
119538 117481 1
119538 124072 1
121413 57308 1
121413 63604 1
121413 65609 1
121413 68683 1
121413 70131 1
121413 71399 1
121413 71403 1
121413 74995 1
121413 77551 1
121413 78635 1
121413 79409 1
121413 79411 1
121413 81366 1
121413 106643 1
121413 106647 1
121413 109439 1
121413 114884 1
121413 127003 1
124072 56192 1
124072 59728 1
124072 68681 1
124072 106647 1
124072 110866 1
124072 111450 1
124072 112306 1
124072 114884 1
124072 116482 1
124072 117000 1
124072 117481 1
124072 119538 1
127003 57308 2
127003 59726 1
127003 62543 1
127003 68681 1
127003 68683 1
127003 71399 2
127003 71403 1
127003 71635 1
127003 78635 1
127003 79409 2
127003 79411 1
127003 85053 1
127003 86812 1
127003 90746 1
127003 106643 1
127003 109174 1
127003 114884 1
127003 121413 1
48097 65609 1
48097 66348 1
48097 71403 1
48097 81366 1
48097 86816 1
48097 89225 1
48097 106513 1
48097 107896 1
48097 108478 1
48097 109937 1
48097 114066 1
48097 118385 1
56230 62543 1
56230 71574 1
56230 76302 1
56230 86298 1
56230 89272 1
56230 107954 1
56230 107955 1
56230 110763 1
56230 112961 1
56230 113730 1
56230 117270 1
56230 118385 1
59725 42616 1
59725 48076 1
59725 59726 2
59725 59728 2
59725 63604 2
59725 65609 1
59725 77421 1
59725 77571 1
59725 97237 1
59725 99105 1
59725 101750 1
59725 102134 1
59725 105307 1
59725 106286 2
59725 107264 1
59725 107748 1
59725 107896 1
59725 108478 1
59725 109174 3
59725 109178 1
59725 109301 2
59725 110762 1
59725 111416 2
59725 111475 1
59725 112239 1
59725 112349 1
59725 112961 1
59725 113537 2
59725 113730 1
59725 113731 1
59725 114179 1
59725 116482 1
59725 118385 1
59725 119437 1
63604 48076 1
63604 52066 1
63604 56193 1
63604 56589 1
63604 59725 2
63604 59726 1
63604 59728 1
63604 65609 2
63604 68683 1
63604 72277 1
63604 77421 1
63604 77571 1
63604 79413 1
63604 93363 1
63604 97237 1
63604 98521 1
63604 99105 1
63604 104245 1
63604 106286 2
63604 107264 2
63604 107748 1
63604 107895 1
63604 107896 1
63604 108042 1
63604 109174 1
63604 109301 1
63604 109937 1
63604 110866 1
63604 110868 1
63604 111416 1
63604 111474 1
63604 111475 1
63604 111476 1
63604 111477 1
63604 112349 1
63604 113731 2
63604 115748 1
63604 116929 1
63604 117881 1
63604 118385 1
63604 119357 1
63604 119358 1
63604 119437 2
63604 121413 1
65609 48097 1
65609 57310 1
65609 59725 1
65609 59726 1
65609 59728 1
65609 62543 1
65609 63604 2
65609 66348 1
65609 70121 1
65609 71403 1
65609 76101 1
65609 81366 1
65609 86816 1
65609 86821 1
65609 89225 1
65609 97237 1
65609 99105 1
65609 101749 1
65609 104245 2
65609 105306 1
65609 106286 1
65609 106513 1
65609 106647 1
65609 107264 2
65609 107746 1
65609 107747 1
65609 107748 1
65609 107895 2
65609 107896 6
65609 107899 2
65609 108478 1
65609 109174 1
65609 109179 1
65609 109301 1
65609 109937 1
65609 111416 1
65609 112306 1
65609 113537 1
65609 113731 2
65609 114066 1
65609 118385 2
65609 119162 1
65609 119437 1
65609 121413 1
81366 48097 1
81366 65609 1
81366 66348 1
81366 71403 1
81366 77551 1
81366 86811 1
81366 86816 2
81366 89225 1
81366 107896 1
81366 108478 1
81366 109937 1
81366 114066 1
81366 118385 1
81366 119437 1
81366 119438 1
81366 121413 1
86816 48097 1
86816 65609 1
86816 66348 1
86816 71403 2
86816 81366 2
86816 86811 2
86816 89225 1
86816 106647 1
86816 107896 1
86816 108478 1
86816 109937 1
86816 114066 1
86816 118385 1
89225 48097 1
89225 65609 1
89225 65789 1
89225 66348 1
89225 69893 1
89225 71403 1
89225 76302 1
89225 81366 1
89225 86816 1
89225 89224 1
89225 98411 1
89225 107896 1
89225 108478 1
89225 109937 1
89225 112961 1
89225 114066 1
89225 118385 1
97237 59725 1
97237 59726 1
97237 59728 1
97237 63604 1
97237 65609 1
97237 99105 1
97237 105307 1
97237 106286 1
97237 107264 1
97237 107748 1
97237 107896 1
97237 109174 1
97237 109301 1
97237 111416 2
97237 113061 1
97237 113731 1
97237 118385 1
97237 119437 1
102124 105307 1
102124 105308 1
102124 106642 1
102124 106643 1
102124 111450 1
102124 118385 1
102124 119557 1
102124 126618 1
104246 2730 1
104246 16871 1
104246 59728 1
104246 69893 1
104246 75773 1
104246 86811 1
104246 105308 1
104246 106642 1
104246 106643 1
104246 107955 1
104246 112961 1
104246 113537 1
104246 113731 1
104246 114885 1
104246 118385 1
104246 126618 1
105308 86811 1
105308 102124 1
105308 104246 1
105308 105307 1
105308 107955 1
105308 108478 1
105308 112961 1
105308 113061 2
105308 113731 1
105308 115748 1
105308 118385 2
105308 119557 1
105308 126618 1
106286 48076 2
106286 59725 2
106286 59726 1
106286 59728 1
106286 62543 1
106286 63604 2
106286 65609 1
106286 71385 1
106286 76302 1
106286 77570 1
106286 84017 1
106286 84019 1
106286 84020 1
106286 97237 1
106286 99105 2
106286 104245 1
106286 106642 2
106286 106647 1
106286 107264 1
106286 107748 2
106286 107896 1
106286 109174 1
106286 109301 2
106286 111416 1
106286 111446 1
106286 112306 1
106286 113731 1
106286 114179 1
106286 115748 1
106286 116482 1
106286 117481 2
106286 118385 1
106286 119237 1
106286 119437 2
107748 56192 1
107748 59725 1
107748 59726 1
107748 59728 1
107748 62670 1
107748 63604 1
107748 65609 1
107748 70131 1
107748 76504 1
107748 77421 1
107748 77570 2
107748 81017 1
107748 86811 2
107748 97237 1
107748 99105 2
107748 104245 1
107748 106286 2
107748 106642 1
107748 107264 1
107748 107746 1
107748 107747 1
107748 107896 1
107748 109174 1
107748 109301 1
107748 111416 1
107748 112306 1
107748 113730 1
107748 113731 1
107748 115443 1
107748 115544 1
107748 117881 1
107748 118385 1
107748 119437 1
107896 48097 1
107896 56192 1
107896 59725 1
107896 59726 1
107896 59728 1
107896 62543 1
107896 63604 1
107896 65609 6
107896 66348 1
107896 70121 1
107896 71403 1
107896 81366 1
107896 86816 1
107896 86821 1
107896 89225 1
107896 97237 1
107896 99105 1
107896 101749 1
107896 104245 2
107896 105306 1
107896 106286 1
107896 106513 1
107896 107264 1
107896 107746 1
107896 107747 1
107896 107748 1
107896 107895 1
107896 107899 1
107896 108478 1
107896 109174 1
107896 109301 1
107896 109937 1
107896 111416 1
107896 113731 1
107896 114066 1
107896 114660 1
107896 118385 2
107896 119162 1
107896 119437 1
107899 59728 1
107899 62543 1
107899 65609 2
107899 70121 1
107899 79413 1
107899 105306 1
107899 105307 1
107899 106647 1
107899 107746 1
107899 107747 1
107899 107895 1
107899 107896 1
107899 109179 1
107899 109695 1
107899 113730 1
107899 113731 1
107899 117481 1
107899 118385 1
107899 119373 1
107955 56230 1
107955 62543 1
107955 71574 1
107955 86298 1
107955 89272 1
107955 104246 1
107955 105308 1
107955 107954 1
107955 110763 1
107955 113730 1
107955 118385 1
107955 119437 1
107955 119438 1
108478 48097 1
108478 59725 1
108478 59726 1
108478 65607 1
108478 65609 1
108478 66348 2
108478 70135 1
108478 71403 1
108478 77551 1
108478 81366 1
108478 86811 1
108478 86816 1
108478 89225 1
108478 97241 1
108478 100034 1
108478 105308 1
108478 106647 1
108478 106768 1
108478 107896 1
108478 109174 1
108478 109937 1
108478 110762 1
108478 110763 1
108478 111416 1
108478 111475 1
108478 112306 1
108478 112961 1
108478 114066 1
108478 114885 1
108478 115518 2
108478 118385 1
108478 126943 1
109174 57308 1
109174 59725 3
109174 59726 1
109174 59728 1
109174 63604 1
109174 65609 1
109174 66350 1
109174 66617 1
109174 66618 1
109174 68681 1
109174 68805 1
109174 71399 1
109174 76302 1
109174 79409 1
109174 85053 1
109174 90746 1
109174 97237 1
109174 99105 1
109174 103234 1
109174 105307 1
109174 106286 1
109174 107264 1
109174 107748 1
109174 107896 1
109174 108478 1
109174 109178 2
109174 109301 1
109174 111416 2
109174 111475 1
109174 111932 1
109174 113731 1
109174 117481 1
109174 118385 1
109174 119437 1
109174 127003 1
109301 59725 2
109301 59726 1
109301 59728 1
109301 62543 1
109301 63604 1
109301 65609 1
109301 69893 1
109301 97237 1
109301 99105 1
109301 101750 1
109301 106286 2
109301 107264 1
109301 107748 1
109301 107896 1
109301 109174 1
109301 111416 1
109301 111446 1
109301 113730 1
109301 113731 1
109301 115748 1
109301 117481 1
109301 118385 1
109301 119237 1
109301 119357 1
109301 119437 1
109439 48077 1
109439 70135 1
109439 77551 1
109439 106761 1
109439 107746 1
109439 107747 1
109439 109937 1
109439 111932 1
109439 112306 1
109439 112349 1
109439 118385 1
109439 121413 1
109439 123024 1
109439 126618 1
109439 126943 1
109665 65607 1
109665 74995 1
109665 98411 1
109665 107826 2
109665 118385 1
109937 48077 1
109937 48097 1
109937 48257 1
109937 63604 1
109937 65609 1
109937 66348 1
109937 70121 1
109937 71403 1
109937 81366 1
109937 86816 1
109937 89225 1
109937 107746 1
109937 107747 1
109937 107896 1
109937 108478 1
109937 109439 1
109937 110868 1
109937 112306 1
109937 114066 1
109937 118385 1
111416 59725 2
111416 59726 1
111416 59728 1
111416 63604 1
111416 65609 1
111416 66348 1
111416 74995 1
111416 97237 2
111416 99105 1
111416 105307 1
111416 106286 1
111416 107264 1
111416 107748 1
111416 107896 1
111416 108478 1
111416 109174 2
111416 109301 1
111416 111475 1
111416 113731 2
111416 118385 1
111416 119437 1
112961 56192 1
112961 56230 1
112961 59725 1
112961 59726 1
112961 76302 1
112961 89225 1
112961 104246 1
112961 105308 1
112961 108478 1
112961 109178 1
112961 110762 1
112961 112565 1
112961 113061 1
112961 115518 1
112961 117270 1
112961 118385 1
114066 48097 1
114066 65472 2
114066 65609 1
114066 66348 1
114066 71403 1
114066 81366 1
114066 86816 1
114066 89225 1
114066 107896 1
114066 108478 1
114066 109937 1
114066 114063 1
114066 115121 1
114066 116340 1
114066 116378 1
114066 116381 1
114066 118385 1
114066 121045 1
114066 122674 2
114066 124733 1
117270 56230 1
117270 66618 1
117270 87447 1
117270 105307 1
117270 111450 1
117270 112961 1
117270 113061 1
117270 117269 1
117270 118385 1
119557 70132 1
119557 71407 1
119557 88548 1
119557 101396 2
119557 101750 1
119557 102124 1
119557 105308 1
119557 105605 1
119557 110868 1
119557 118385 1
119557 126146 1
119557 126618 1
126618 102124 1
126618 104246 1
126618 105308 1
126618 109439 1
126618 112349 1
126618 113537 1
126618 118385 1
126618 119557 1
126618 126943 1
74346 57310 1
74346 88305 1
74346 88602 1
74346 105605 1
74346 105607 1
74346 108199 1
74346 119237 1
74346 121091 1
108199 57310 1
108199 74346 1
108199 121091 1
121091 57310 1
121091 74346 1
121091 108199 1
98411 65607 1
98411 89225 1
98411 109665 1
111475 59725 1
111475 63604 1
111475 65607 1
111475 70135 2
111475 87447 1
111475 90985 1
111475 108478 1
111475 109174 1
111475 111416 1
111475 111474 3
111475 113061 1
87447 66617 1
87447 70135 1
87447 71394 1
87447 80013 1
87447 88548 1
87447 90985 3
87447 103730 1
87447 105605 1
87447 111475 1
87447 113232 1
87447 117269 1
87447 117270 1
87447 119237 1
87447 119438 1
90985 66617 1
90985 70135 1
90985 87447 3
90985 88548 1
90985 103730 1
90985 110866 1
90985 111475 1
90985 112308 1
90985 113232 1
90985 114179 1
90985 116482 1
90985 122443 1
111932 66350 1
111932 70135 1
111932 77551 1
111932 88602 1
111932 109174 1
111932 109178 1
111932 109439 1
111932 112306 1
111932 123024 1
126943 70135 1
126943 76302 1
126943 108478 1
126943 109439 1
126943 112306 1
126943 112349 1
126943 126618 1
28434 35560 1
28434 68804 1
28434 75773 1
35560 28434 1
35560 68804 1
35560 75773 1
68804 28434 1
68804 35560 1
68804 75773 1
71385 48076 1
71385 76302 1
71385 81017 1
71385 84017 1
71385 84019 1
71385 84020 1
71385 99105 1
71385 106286 1
71385 106642 1
71385 106647 1
71385 113061 1
84017 44618 1
84017 48076 1
84017 59726 1
84017 71385 1
84017 76302 1
84017 84019 1
84017 84020 1
84017 99105 1
84017 106286 1
84017 106642 1
84017 106647 1
84020 48076 1
84020 71385 1
84020 76302 1
84020 84017 1
84020 84019 1
84020 99105 1
84020 106286 1
84020 106642 1
84020 106647 1
114179 47846 1
114179 52043 1
114179 59725 1
114179 76302 1
114179 90985 1
114179 106286 1
114179 106768 1
114179 110866 1
114179 112308 1
114179 116482 3
114179 117481 1
114179 122443 1
56193 43311 1
56193 63604 1
56193 71570 1
56193 79413 1
56193 111476 1
56193 112349 1
56193 119357 1
56193 119358 1
109120 79413 1
109120 109178 1
111476 56193 1
111476 63604 1
111476 79413 1
111476 86817 1
111476 86818 1
111476 107826 1
111476 111474 1
111476 111477 1
111476 112349 1
111476 119357 2
111476 119358 2
111476 119438 1
112349 56193 1
112349 59725 1
112349 63604 1
112349 79413 1
112349 109439 1
112349 111476 1
112349 113537 1
112349 115121 1
112349 119357 1
112349 119358 1
112349 126618 1
112349 126943 1
119357 56192 1
119357 56193 1
119357 63604 1
119357 79413 1
119357 109301 1
119357 111476 2
119357 112349 1
119357 115544 3
119357 115545 1
119357 119358 4
119358 56193 1
119358 63604 1
119358 79413 1
119358 88548 3
119358 110762 1
119358 111476 2
119358 112349 1
119358 119357 4
70132 48079 1
70132 71407 1
70132 77695 1
70132 88548 2
70132 101396 1
70132 101750 1
70132 119557 1
71407 56192 1
71407 70132 1
71407 88548 1
71407 101396 1
71407 101750 1
71407 116341 1
71407 119557 1
88548 66617 1
88548 70132 2
88548 71407 1
88548 87447 1
88548 90985 1
88548 101396 1
88548 101750 1
88548 103730 1
88548 119358 3
88548 119557 1
101396 56236 1
101396 66617 1
101396 70132 1
101396 71407 1
101396 86812 1
101396 88548 1
101396 101750 1
101396 119438 1
101396 119557 2
66617 56236 1
66617 66618 1
66617 68681 1
66617 68805 1
66617 87447 1
66617 88548 1
66617 90985 1
66617 101396 1
66617 103730 1
66617 109174 1
75666 71574 1
75666 103730 1
75666 108194 1
75666 109695 1
75666 113513 1
75666 116340 3
103725 103730 1
108194 75666 1
108194 103730 1
93363 63604 1
93363 68683 1
93363 107264 1
93363 111477 1
111477 63604 1
111477 68683 1
111477 86817 1
111477 86818 1
111477 93363 1
111477 107264 1
111477 111474 1
111477 111476 1
111477 119438 1
110763 56230 1
110763 59726 1
110763 62543 1
110763 71574 1
110763 86298 1
110763 89272 1
110763 107954 1
110763 107955 1
110763 108478 1
110763 110762 1
110763 112306 1
110763 113730 1
113232 59726 1
113232 59728 1
113232 87447 1
113232 90985 1
113232 113537 1
116480 68805 1
116480 77551 1
116480 113731 1
116480 114885 1
116614 114885 1
59606 119373 1
37065 120047 1
23516 28352 1
23516 28455 1
23516 29867 1
23516 31070 1
23516 37281 1
23516 40437 1
28352 23516 1
28352 28455 1
28352 29867 1
28352 31070 1
28352 37281 1
28352 40437 1
29867 23516 1
29867 28352 1
29867 28455 1
29867 31070 1
29867 37281 1
29867 40437 1
31070 19533 1
31070 23516 1
31070 28352 1
31070 28455 1
31070 29867 1
31070 37281 1
31070 40437 1
37281 23516 1
37281 28352 1
37281 28455 1
37281 29867 1
37281 31070 1
37281 40437 1
40437 23516 1
40437 28352 1
40437 28455 1
40437 29867 1
40437 31070 1
40437 37281 1
93531 37279 1
93531 105605 1
93531 125241 1
71570 48074 1
71570 56193 1
71570 58227 1
71570 113731 1
105606 68782 1
105606 105605 2
105606 105607 2
105606 105609 1
105606 119237 1
105607 68782 1
105607 74346 1
105607 88305 1
105607 88602 1
105607 105605 14
105607 105606 2
105607 105609 1
105607 119237 2
47846 52043 1
47846 68968 1
47846 114179 1
99272 68968 1
99272 109245 1
109245 68968 1
109245 99272 1
125242 86809 1
125242 125241 2
55294 65472 1
55294 86811 1
55294 113513 1
55294 115121 1
55294 116340 1
113513 55294 1
113513 75666 1
113513 86811 1
113513 108744 1
113513 109695 1
113513 117589 1
64616 86812 1
105247 87886 1
88305 74346 1
88305 88602 1
88305 105605 2
88305 105607 1
88305 119237 1
119237 62543 1
119237 74346 1
119237 80013 1
119237 87447 1
119237 88305 1
119237 88602 1
119237 105605 3
119237 105606 1
119237 105607 2
119237 105609 1
119237 106286 1
119237 109301 1
119237 111446 1
119237 115748 1
119237 117481 1
53853 53852 1
53853 93038 1
89272 56230 1
89272 62543 1
89272 71574 1
89272 86298 1
89272 93038 1
89272 102837 1
89272 107954 1
89272 107955 1
89272 110083 1
89272 110763 1
89272 113730 1
25474 52051 1
25474 52136 1
25474 70121 1
25474 105605 1
52136 25474 1
52136 105605 1
58227 71570 1
58227 105605 1
58227 109178 1
58227 113731 1
71394 59728 1
71394 87447 1
71394 105605 1
71394 119438 1
80013 87447 1
80013 105605 2
80013 119237 1
105609 105605 1
105609 105606 1
105609 105607 1
105609 119237 1
108080 105605 3
108080 110866 1
119438 59726 1
119438 71394 1
119438 81366 1
119438 86817 1
119438 86818 1
119438 87447 1
119438 101396 1
119438 105605 1
119438 107955 1
119438 111474 1
119438 111476 1
119438 111477 1
119438 119437 1
85061 125241 1
52051 25474 1
52051 70121 1
48961 72277 1
87042 72277 1
86821 65609 1
86821 101749 1
86821 104245 1
86821 106513 1
86821 107896 1
101749 65609 1
101749 86821 1
101749 104245 1
101749 106513 1
101749 107896 1
106513 48097 1
106513 65609 1
106513 86821 1
106513 101749 1
106513 104245 1
106513 107896 1
125749 104245 1
48077 103234 1
48077 107746 1
48077 107747 1
48077 109439 1
48077 109937 1
48077 112306 1
48077 113009 1
48077 113010 1
48077 113789 1
43311 56193 1
43311 112306 1
48261 112306 1
74999 81017 1
74999 112306 1
101099 74995 1
101099 113477 1
101099 115160 1
112308 74995 1
112308 90985 1
112308 110866 1
112308 114179 1
112308 116482 1
112308 122443 1
113477 74995 1
113477 101099 1
113477 115160 1
115160 74995 1
115160 101099 1
115160 113477 1
115160 120489 1
66350 109174 1
66350 109178 1
66350 111932 1
3740 12582 1
116341 56192 1
116341 71407 1
116341 121045 1
116341 122674 1
85053 57308 1
85053 79409 1
85053 109174 1
85053 127003 1
44618 59726 1
44618 84017 1
81652 59726 1
81652 81664 1
81664 59726 1
81664 81652 1
38828 45554 1
38828 51152 1
38828 52131 1
38828 54925 1
38828 62543 1
45554 38828 1
45554 51152 1
45554 52131 1
45554 54925 1
45554 62543 1
51152 19024 1
51152 38828 1
51152 45554 1
51152 52131 1
51152 54925 1
51152 62543 1
52131 38828 1
52131 45554 1
52131 51152 1
52131 54925 1
52131 62543 1
54925 38828 1
54925 45554 1
54925 51152 1
54925 52131 1
54925 62543 1
71574 56230 1
71574 62543 1
71574 75666 1
71574 86298 1
71574 89272 1
71574 107954 1
71574 107955 1
71574 110763 1
71574 113730 1
111446 62543 1
111446 106286 1
111446 109301 1
111446 115748 1
111446 117481 1
111446 119237 1
52029 66348 1
52029 71406 1
52029 83693 1
71406 52029 1
71406 66348 1
71406 83693 1
83693 41989 1
83693 52029 1
83693 66348 1
83693 70125 1
83693 71406 1
83693 78635 1
83693 91897 1
83693 115748 1
66618 66617 1
66618 68681 1
66618 68805 1
66618 105307 1
66618 109174 1
66618 111450 1
66618 113061 1
66618 117270 1
68805 66617 1
68805 66618 1
68805 68681 1
68805 109174 1
68805 116480 1
113010 48077 1
113010 69893 1
113010 113009 1
113010 113730 1
113010 113789 5
116929 52066 1
116929 63604 1
116929 69893 1
116929 105307 1
116929 108042 1
48079 70132 1
48079 71399 1
102134 59725 1
102134 77421 1
103315 77551 1
108187 77551 1
115348 77551 1
115348 115349 1
115349 77551 1
115349 115348 1
123024 77551 1
123024 109439 1
123024 111932 1
70125 78635 1
70125 83693 1
101748 79409 1
101748 107954 1
103951 79409 1
115532 100034 1
28447 105307 1
107187 110866 1
122443 90985 1
122443 110866 1
122443 112308 1
122443 114179 1
122443 116482 1
113789 48077 1
113789 113009 1
113789 113010 5
113789 113730 1
115937 113730 1
115545 115544 2
115545 119357 1
118379 115544 1
41989 83693 1
41989 91897 1
41989 115748 1
91897 41989 1
91897 83693 1
91897 115748 1
107956 115748 1
121419 115748 1
52066 63604 1
52066 108042 1
52066 116929 1
56589 63604 1
108042 52066 1
108042 63604 1
108042 116929 1
111474 63604 1
111474 86817 1
111474 86818 1
111474 111475 3
111474 111476 1
111474 111477 1
111474 119438 1
119162 65609 1
119162 107896 1
119162 119161 1
65789 89225 1
89224 89225 1
2730 16871 1
2730 104246 1
16871 2366 2
16871 2730 1
16871 6101 1
16871 6727 1
16871 6729 1
16871 10258 1
16871 13373 1
16871 104246 1
62670 62671 1
62670 107748 1
62670 115443 1
81017 71385 1
81017 74999 1
81017 107748 1
115443 62670 1
115443 107748 1
109695 75666 1
109695 107899 1
109695 109694 1
109695 113513 1
115518 108478 2
115518 112961 1
103234 48077 1
103234 109174 1
106761 109439 1
112565 112961 1
65472 55294 1
65472 114063 1
65472 114066 2
65472 115121 1
65472 116340 2
65472 116378 1
65472 116381 1
65472 121045 1
65472 122674 2
65472 124733 1
114063 65472 1
114063 114066 1
114063 115121 1
114063 116340 1
114063 116378 1
114063 116381 1
114063 122674 1
114063 124733 1
115121 55294 1
115121 65472 1
115121 112349 1
115121 114063 1
115121 114066 1
115121 116340 2
115121 116378 4
115121 116381 2
115121 121045 3
115121 122674 1
115121 124733 1
116340 55294 1
116340 65472 2
116340 75666 3
116340 114063 1
116340 114066 1
116340 115121 2
116340 116378 1
116340 116381 2
116340 121045 1
116340 122674 2
116340 124733 1
116378 65472 1
116378 114063 1
116378 114066 1
116378 115121 4
116378 116340 1
116378 116381 3
116378 121045 3
116378 122674 2
116378 124733 2
116381 65472 1
116381 114063 1
116381 114066 1
116381 115121 2
116381 116340 2
116381 116378 3
116381 122674 2
116381 124733 1
121045 65472 1
121045 114066 1
121045 115121 3
121045 116340 1
121045 116341 1
121045 116378 3
121045 122674 3
121045 124733 1
122674 65472 2
122674 114063 1
122674 114066 2
122674 115121 1
122674 116340 2
122674 116341 1
122674 116378 2
122674 116381 2
122674 121045 3
122674 122675 1
122674 124733 1
124733 65472 1
124733 114063 1
124733 114066 1
124733 115121 1
124733 116340 1
124733 116378 2
124733 116381 1
124733 121045 1
124733 122674 1
117269 87447 1
117269 117270 1
126146 119557 1
56236 66617 1
56236 101396 1
122675 122674 1
113009 48077 1
113009 113010 1
113009 113789 1
102837 89272 1
86817 86818 1
86817 111474 1
86817 111476 1
86817 111477 1
86817 119438 1
86818 86817 1
86818 111474 1
86818 111476 1
86818 111477 1
86818 119438 1
109694 109695 1
119161 119162 1
62671 52011 1
62671 62670 1
52043 47846 1
52043 114179 1
2366 16871 2
6101 10258 1
6101 13373 1
6101 16871 1
6727 6729 1
6727 16871 1
6729 6727 1
6729 16871 1
10258 6101 1
10258 13373 1
10258 16871 1
13373 6101 1
13373 10258 1
13373 16871 1
19024 51152 1
120489 115160 1
53852 53853 1
108744 113513 1
117589 113513 1
19533 31070 1
52011 62671 1
