51513 54697 1
54697 42957 1
54697 51513 1
54697 51520 1
54697 54691 1
54697 57482 1
54697 61958 1
54697 62531 1
54697 66491 1
54697 72059 1
54697 75991 1
54697 88923 1
54697 91563 1
54697 93602 1
54697 96375 1
54697 96592 1
54697 100173 1
54697 113444 1
42957 28203 1
42957 33934 1
42957 40073 1
42957 41120 1
42957 43744 1
42957 53039 1
42957 54178 1
42957 54691 1
42957 54697 1
42957 55537 1
42957 57138 1
42957 61586 1
42957 61958 1
42957 64187 1
42957 65173 1
42957 72066 1
42957 76240 1
42957 80713 1
42957 81237 1
42957 85346 1
42957 85347 1
42957 93602 1
42957 112985 1
51520 14619 1
51520 54697 1
51520 66491 1
51520 75991 1
51520 93639 1
51520 93944 1
51520 97744 1
51520 119027 1
51520 125468 1
54691 42957 1
54691 54697 1
54691 61958 1
54691 93602 1
54691 115433 1
54691 115522 1
57482 54697 1
57482 61962 1
57482 72059 1
57482 72780 1
57482 73448 1
57482 74295 1
57482 81688 1
57482 88020 1
57482 91563 1
57482 96592 1
57482 100173 1
61958 28674 1
61958 42957 1
61958 54691 1
61958 54697 1
61958 55866 1
61958 60142 1
61958 68753 1
61958 72421 1
61958 79995 1
61958 89309 1
61958 91817 1
61958 93602 1
61958 98252 1
61958 101832 1
61958 110096 1
61958 117256 1
62531 24525 1
62531 52086 1
62531 54403 1
62531 54697 1
62531 63627 1
62531 66910 1
62531 66911 1
62531 75445 1
62531 75461 1
62531 77765 1
62531 80529 1
62531 84137 1
62531 88016 1
62531 98875 1
62531 109220 1
62531 122360 1
62531 126368 1
62531 126424 1
66491 51520 1
66491 54697 1
66491 75991 1
72059 54697 1
72059 57482 1
72059 91563 1
72059 96592 1
72059 100173 1
75991 51520 1
75991 54697 1
75991 66491 1
75991 113497 1
75991 118676 1
88923 54697 1
88923 63283 1
88923 69058 1
88923 76760 1
88923 79890 1
88923 81396 1
88923 83315 1
88923 88834 1
88923 93097 1
88923 95532 1
88923 96375 1
91563 54697 1
91563 55155 1
91563 57482 1
91563 72059 1
91563 85665 1
91563 92558 1
91563 96463 1
91563 96592 1
91563 99098 1
91563 100173 1
91563 108301 1
91563 114909 1
93602 42957 1
93602 54691 1
93602 54697 1
93602 58752 1
93602 61958 1
93602 63627 1
93602 73278 1
93602 85331 1
93602 87077 1
93602 87582 1
93602 87583 1
93602 99037 1
93602 112457 1
96375 54697 1
96375 57065 1
96375 58581 1
96375 59190 1
96375 61191 1
96375 64520 1
96375 64598 1
96375 72025 1
96375 72421 1
96375 74068 1
96375 74293 1
96375 74356 1
96375 76073 1
96375 82162 2
96375 83496 1
96375 88923 1
96375 90479 1
96375 90516 1
96375 90517 1
96375 93649 1
96375 96374 2
96375 96376 1
96375 96620 1
96375 102646 1
96375 104491 1
96375 112730 1
96592 52488 1
96592 54697 1
96592 55365 1
96592 57482 1
96592 59168 1
96592 59169 1
96592 60468 1
96592 62996 1
96592 67148 1
96592 72059 1
96592 72404 1
96592 73255 1
96592 74068 1
96592 86880 1
96592 86881 1
96592 86883 1
96592 87110 1
96592 89924 1
96592 91563 1
96592 95587 1
96592 96463 1
96592 99196 1
96592 100173 1
96592 101091 1
96592 105134 1
100173 54565 1
100173 54697 1
100173 57482 1
100173 72059 1
100173 81706 1
100173 87117 1
100173 91563 1
100173 96592 1
100173 101087 1
100173 127040 1
113444 47497 4
113444 47498 3
113444 54697 1
113444 65634 1
113444 82155 1
113444 113003 1
113444 113445 4
28203 33934 1
28203 39448 1
28203 42957 1
28203 43744 1
28203 64187 1
28203 64462 1
33934 28203 1
33934 42957 1
33934 43744 1
33934 56413 1
33934 64187 1
40073 42957 1
40073 57138 1
40073 61586 1
40073 65173 1
40073 77449 1
40073 85346 1
40073 85347 1
41120 42957 1
41120 53039 1
41120 59022 1
41120 72066 1
41120 76240 1
41120 81237 1
41120 112985 1
43744 28203 1
43744 33934 1
43744 42957 1
43744 64187 1
53039 41120 1
53039 42957 1
53039 65352 1
53039 72066 1
53039 76240 1
53039 81237 1
53039 88142 1
53039 112985 1
54178 38049 1
54178 42957 1
54178 73605 1
54178 89261 1
55537 42957 1
55537 69303 1
55537 75246 1
55537 80713 1
55537 91468 1
55537 92245 1
55537 101158 1
57138 40073 1
57138 42957 1
57138 61586 1
57138 65173 1
57138 71613 1
57138 85346 1
57138 85347 1
61586 40073 1
61586 42957 1
61586 57138 1
61586 65173 1
61586 85346 1
61586 85347 1
64187 16291 1
64187 28203 1
64187 33934 1
64187 42957 1
64187 43744 1
64187 84670 1
65173 40073 1
65173 42957 1
65173 57138 1
65173 61586 1
65173 85346 1
65173 85347 1
72066 41120 1
72066 42957 1
72066 53039 1
72066 76240 1
72066 81237 1
72066 112985 1
76240 41120 1
76240 42957 1
76240 53039 1
76240 72066 1
76240 81237 1
76240 88157 1
76240 112985 1
80713 42957 1
80713 49054 1
80713 55537 1
80713 56819 1
80713 68085 1
80713 106569 1
80713 107324 1
80713 107325 1
81237 41120 1
81237 42957 1
81237 53039 1
81237 61776 1
81237 72066 1
81237 76240 1
81237 80053 1
81237 96247 1
81237 110096 1
81237 112985 1
85346 40073 1
85346 42957 1
85346 49776 1
85346 57138 1
85346 61586 1
85346 65173 1
85346 76806 1
85346 79286 1
85346 85347 1
85347 40073 1
85347 42957 1
85347 57138 1
85347 61586 1
85347 65173 1
85347 85346 1
112985 41120 1
112985 42957 1
112985 53039 1
112985 72066 1
112985 76240 1
112985 81237 1
14619 51520 1
14619 93944 1
14619 99563 1
14619 119027 1
93639 51520 1
93639 79719 1
93639 97744 1
93639 125468 1
93944 14619 1
93944 51520 1
93944 89145 1
93944 112638 1
93944 119027 1
97744 51520 1
97744 63539 1
97744 66374 1
97744 93639 1
97744 100663 1
97744 125468 1
119027 14619 1
119027 51520 1
119027 93944 1
119027 99114 1
119027 111983 1
125468 51520 1
125468 58333 1
125468 93639 1
125468 97744 1
115433 54691 1
115433 112992 1
115433 114020 1
115433 115522 1
115433 116886 1
115522 54691 1
115522 95170 1
115522 99195 1
115522 106939 1
115522 115433 1
61962 41096 1
61962 57482 1
72780 55984 1
72780 57482 1
72780 59507 1
72780 65205 1
72780 65755 1
72780 66863 1
72780 73331 1
72780 74338 1
72780 81688 1
72780 88020 1
72780 88739 1
72780 94815 1
72780 103331 1
72780 124312 1
73448 57482 1
74295 57482 1
74295 62196 1
74295 74293 3
74295 99209 1
74295 101274 1
74295 112226 1
74295 112471 1
81688 45010 1
81688 57482 1
81688 72780 1
81688 76473 1
81688 88020 1
88020 57482 1
88020 62217 1
88020 67207 1
88020 72780 1
88020 81688 1
28674 55866 1
28674 61958 1
28674 91817 1
55866 28674 1
55866 61034 1
55866 61958 1
55866 89455 1
55866 90515 1
55866 90995 1
55866 91817 1
55866 114666 1
60142 49648 1
60142 54937 1
60142 61958 1
60142 68753 1
60142 101832 1
68753 60142 1
68753 61958 1
68753 101832 1
72421 61958 1
72421 64598 1
72421 74356 1
72421 79995 1
72421 82162 1
72421 90479 1
72421 96374 1
72421 96375 1
72421 96376 1
79995 61958 1
79995 72421 1
79995 95794 1
79995 100144 1
79995 107530 1
79995 108823 1
79995 109999 1
89309 56960 1
89309 57223 1
89309 61958 1
89309 80053 1
89309 87117 1
89309 91979 1
91817 28674 1
91817 55866 1
91817 61958 1
98252 61958 1
98252 87562 1
98252 95587 1
98252 110096 1
98252 117256 1
101832 49337 1
101832 60142 1
101832 61958 1
101832 68753 1
110096 61958 1
110096 81237 1
110096 98252 1
110096 117256 1
117256 61958 1
117256 62212 1
117256 74177 1
117256 76298 1
117256 80040 1
117256 84772 1
117256 86875 1
117256 98252 1
117256 110096 1
117256 113881 1
117256 119191 1
24525 52086 1
24525 54403 1
24525 62531 1
24525 66910 1
24525 66911 1
24525 75461 1
24525 80529 1
24525 122360 1
52086 24525 1
52086 54403 1
52086 62531 1
52086 66910 1
52086 66911 1
52086 75461 1
52086 80529 1
52086 122360 1
54403 24525 1
54403 52086 1
54403 62531 1
54403 66910 1
54403 66911 1
54403 75461 1
54403 80529 1
54403 122360 1
63627 58752 1
63627 62531 1
63627 72082 1
63627 73278 1
63627 75445 1
63627 77765 1
63627 84137 1
63627 85676 1
63627 87077 1
63627 87582 1
63627 87583 1
63627 88016 1
63627 92532 1
63627 93602 1
63627 109603 1
66910 24525 1
66910 52086 1
66910 54403 1
66910 62531 1
66910 66911 1
66910 75461 1
66910 80529 1
66910 122360 1
66911 24525 1
66911 52086 1
66911 54403 1
66911 62531 1
66911 66910 1
66911 67411 1
66911 72671 1
66911 75461 1
66911 80529 1
66911 122360 1
75445 62531 1
75445 63627 1
75445 77765 1
75445 84137 1
75445 88016 1
75461 24525 1
75461 46059 1
75461 52086 1
75461 54403 1
75461 62531 1
75461 66910 1
75461 66911 1
75461 71144 1
75461 71870 1
75461 80529 1
75461 122360 1
77765 62531 1
77765 63627 1
77765 75445 1
77765 84137 1
77765 88016 1
80529 24525 1
80529 42061 1
80529 52086 1
80529 54403 1
80529 62531 1
80529 66910 1
80529 66911 1
80529 73136 1
80529 73137 1
80529 75461 1
80529 91292 1
80529 92835 1
80529 97004 1
80529 98593 1
80529 112457 1
80529 122360 1
84137 62531 1
84137 63627 1
84137 66812 1
84137 75445 1
84137 77765 1
84137 85672 1
84137 88016 1
84137 96490 1
88016 62531 1
88016 63627 1
88016 75445 1
88016 77765 1
88016 84137 1
98875 62531 1
98875 105301 1
109220 60868 1
109220 62531 1
109220 95138 1
109220 101289 1
109220 104983 1
109220 119718 1
109220 126424 1
122360 24525 1
122360 47029 1
122360 52086 1
122360 54403 1
122360 60058 1
122360 62531 1
122360 66910 1
122360 66911 1
122360 74628 1
122360 75461 1
122360 80529 1
126368 62531 1
126424 62531 1
126424 79604 1
126424 79924 1
126424 85454 1
126424 98804 1
126424 98805 1
126424 98901 1
126424 98902 1
126424 104993 1
126424 109220 1
113497 75991 1
113497 91195 1
113497 118676 1
118676 75991 1
118676 113497 1
63283 18730 1
63283 63419 1
63283 76075 1
63283 76760 1
63283 79868 1
63283 79890 1
63283 83315 1
63283 88834 1
63283 88923 1
63283 95532 1
69058 88923 1
69058 93097 1
69058 99098 1
69058 121819 1
76760 63283 1
76760 79890 1
76760 83315 1
76760 88834 1
76760 88923 1
76760 95532 1
79890 63283 1
79890 76760 1
79890 83315 1
79890 88834 1
79890 88923 1
79890 95532 1
81396 88923 1
83315 63283 1
83315 76760 1
83315 79890 1
83315 88834 1
83315 88923 1
83315 95532 1
88834 63283 1
88834 76760 1
88834 79890 1
88834 83315 1
88834 88923 1
88834 95532 1
88834 101336 1
93097 69058 1
93097 88923 1
95532 55371 1
95532 63283 1
95532 76760 1
95532 79890 1
95532 83315 1
95532 88834 1
95532 88923 1
95532 95533 1
95532 100517 1
95532 116194 1
55155 50835 1
55155 60465 1
55155 62205 1
55155 64599 1
55155 68923 1
55155 81662 1
55155 85665 1
55155 91563 1
55155 94053 1
55155 96646 1
55155 96648 1
55155 96649 1
55155 105781 1
55155 114909 1
55155 114949 1
55155 114950 1
55155 114951 1
55155 118569 1
85665 46903 1
85665 55155 1
85665 82017 1
85665 90318 1
85665 91563 1
85665 112574 1
85665 114909 1
92558 45300 1
92558 91563 1
92558 96463 1
92558 99098 1
92558 108301 1
96463 55365 1
96463 91563 1
96463 92558 1
96463 96592 1
96463 99098 1
96463 108301 1
99098 69058 1
99098 91563 1
99098 92558 1
99098 96463 1
99098 108301 1
108301 91563 1
108301 92558 1
108301 96463 1
108301 99098 1
114909 55155 1
114909 66522 1
114909 72026 1
114909 79766 1
114909 85665 1
114909 91563 1
114909 101011 1
114909 108227 1
58752 54222 1
58752 63627 1
58752 73278 1
58752 80547 1
58752 87582 1
58752 87583 1
58752 93602 1
73278 5652 1
73278 58752 1
73278 63627 1
73278 87582 1
73278 87583 1
73278 93602 1
85331 87077 1
85331 93602 1
85331 112457 1
87077 63627 1
87077 85331 1
87077 93602 1
87077 112457 1
87582 58752 1
87582 63627 1
87582 73278 1
87582 87583 1
87582 93602 1
87583 58572 1
87583 58752 1
87583 63627 1
87583 70667 1
87583 72025 1
87583 73278 1
87583 74356 1
87583 82162 1
87583 83496 1
87583 87582 1
87583 90479 1
87583 91472 1
87583 91662 1
87583 93602 1
87583 93649 1
87583 96374 1
87583 97159 1
87583 98518 1
87583 101375 1
87583 102806 1
87583 106455 1
99037 68748 1
99037 93602 1
112457 42061 1
112457 80529 1
112457 85331 1
112457 85610 1
112457 87077 1
112457 93602 1
112457 102588 1
112457 114934 1
112457 115989 1
112457 119492 1
57065 58581 1
57065 61191 1
57065 64520 1
57065 72025 1
57065 76073 1
57065 83496 1
57065 96375 1
57065 112730 1
58581 57065 1
58581 61191 1
58581 64520 1
58581 70673 1
58581 72025 1
58581 72921 1
58581 76073 1
58581 76076 1
58581 76077 1
58581 79868 1
58581 83496 1
58581 96375 1
58581 112730 1
59190 74068 1
59190 74293 1
59190 96375 1
59190 96891 1
61191 43077 1
61191 56199 1
61191 57065 1
61191 58581 1
61191 61190 1
61191 61192 1
61191 64520 1
61191 72025 1
61191 76073 1
61191 83496 1
61191 96375 1
61191 112730 1
64520 57065 1
64520 58581 1
64520 61191 1
64520 72025 1
64520 76073 1
64520 83496 1
64520 96375 1
64520 112730 1
64598 65349 1
64598 69942 1
64598 69943 1
64598 72421 1
64598 74356 1
64598 74366 1
64598 79866 1
64598 79867 1
64598 79868 1
64598 79869 1
64598 82162 1
64598 90479 1
64598 96370 1
64598 96374 1
64598 96375 1
64598 96376 1
64598 97159 1
64598 124739 1
72025 57065 1
72025 58581 1
72025 61191 1
72025 64520 1
72025 74356 1
72025 76073 1
72025 82162 1
72025 83496 1
72025 87583 1
72025 90479 1
72025 93649 1
72025 96374 1
72025 96375 1
72025 112730 1
74068 52488 1
74068 59190 1
74068 67148 1
74068 74293 1
74068 86880 1
74068 86881 1
74068 86883 1
74068 89924 1
74068 96375 1
74068 96592 1
74068 101091 1
74293 59190 1
74293 62196 1
74293 74068 1
74293 74295 3
74293 84361 1
74293 96375 1
74293 99209 1
74293 101274 1
74356 64598 1
74356 72025 1
74356 72421 1
74356 82162 2
74356 87583 1
74356 90479 2
74356 93649 1
74356 96370 1
74356 96374 2
74356 96375 1
74356 96376 1
76073 30583 1
76073 57065 1
76073 58581 1
76073 61191 1
76073 64520 1
76073 72025 1
76073 83496 1
76073 96375 1
76073 112730 1
82162 64598 1
82162 72025 1
82162 72421 1
82162 74356 2
82162 82161 1
82162 87583 1
82162 90479 2
82162 90516 1
82162 90517 1
82162 93649 1
82162 96374 2
82162 96375 2
82162 96376 1
82162 96620 1
82162 101941 1
82162 124726 1
83496 57065 1
83496 58572 1
83496 58581 1
83496 61191 1
83496 64520 1
83496 70667 1
83496 72025 1
83496 76073 1
83496 87583 1
83496 91472 1
83496 96375 1
83496 97159 1
83496 98518 1
83496 101375 1
83496 102806 1
83496 106455 1
83496 112730 1
90479 64598 1
90479 72025 1
90479 72421 1
90479 74356 2
90479 82162 2
90479 85382 1
90479 87583 1
90479 93649 1
90479 96374 3
90479 96375 1
90479 96376 1
90479 98518 1
90516 82162 1
90516 90517 1
90516 96375 1
90516 96620 1
90517 65635 1
90517 82162 1
90517 90516 1
90517 95851 1
90517 96375 1
90517 96620 1
93649 72025 1
93649 74356 1
93649 82162 1
93649 87583 1
93649 90479 1
93649 96374 2
93649 96375 1
93649 101500 1
96374 64598 1
96374 72025 1
96374 72421 1
96374 74356 2
96374 82162 2
96374 87583 1
96374 90479 3
96374 93649 2
96374 96375 2
96374 96376 1
96374 97159 1
96376 64598 1
96376 72421 1
96376 74356 1
96376 82162 1
96376 90479 1
96376 96374 1
96376 96375 1
96620 82162 1
96620 90516 1
96620 90517 1
96620 96375 1
102646 72408 1
102646 96375 1
102646 97449 1
102646 99096 1
104491 96375 1
112730 57065 1
112730 58581 1
112730 61191 1
112730 64520 1
112730 72025 1
112730 76073 1
112730 83496 1
112730 96375 1
52488 44832 1
52488 55367 1
52488 66419 1
52488 66420 1
52488 66424 1
52488 67148 1
52488 74068 1
52488 86880 1
52488 86881 1
52488 86883 1
52488 89924 1
52488 96592 1
52488 97207 1
52488 101091 1
55365 96463 1
55365 96592 1
59168 59169 1
59168 62996 1
59168 96592 1
59168 105134 1
59169 59168 1
59169 62996 1
59169 96592 1
59169 105134 1
60468 35333 1
60468 49321 1
60468 61145 1
60468 72404 1
60468 73255 1
60468 79507 1
60468 95587 1
60468 96592 1
60468 99196 1
60468 124663 1
60468 124839 1
62996 59168 1
62996 59169 1
62996 96592 1
62996 105134 1
67148 52488 1
67148 74068 1
67148 86880 1
67148 86881 1
67148 86883 1
67148 89924 1
67148 96592 1
67148 97159 1
67148 101091 1
72404 60468 1
72404 73255 1
72404 74984 1
72404 95587 1
72404 96592 1
72404 99196 1
73255 60468 1
73255 72404 1
73255 95587 1
73255 96592 1
73255 99196 1
86880 52488 1
86880 67148 1
86880 74068 1
86880 80553 1
86880 86881 1
86880 86883 1
86880 86886 1
86880 89924 1
86880 96592 1
86880 101091 1
86880 103932 1
86881 52488 1
86881 67148 1
86881 74068 1
86881 86880 1
86881 86883 1
86881 89924 1
86881 96592 1
86881 101091 1
86881 121821 1
86883 52488 1
86883 67148 1
86883 74068 1
86883 86880 1
86883 86881 1
86883 89924 1
86883 96592 1
86883 101091 1
87110 96592 1
89924 52488 1
89924 67148 1
89924 74068 1
89924 86880 1
89924 86881 1
89924 86883 1
89924 96592 1
89924 101091 1
95587 60468 1
95587 72404 1
95587 73255 1
95587 96592 1
95587 98252 1
95587 99196 1
95587 115520 1
95587 117622 1
99196 60468 1
99196 72404 1
99196 73255 1
99196 95587 1
99196 96592 1
101091 52488 1
101091 67148 1
101091 72407 1
101091 74068 1
101091 85947 1
101091 85948 1
101091 86880 1
101091 86881 1
101091 86883 1
101091 87050 1
101091 89924 1
101091 94255 1
101091 96592 1
101091 101303 1
101091 110852 1
105134 54943 1
105134 59168 1
105134 59169 1
105134 62996 1
105134 96592 1
54565 81706 1
54565 87117 1
54565 100173 1
54565 127040 1
81706 54565 1
81706 87117 1
81706 100173 1
81706 127040 1
87117 54120 1
87117 54565 1
87117 81706 1
87117 89309 1
87117 97325 1
87117 100173 1
87117 100985 1
87117 127040 2
101087 100173 1
127040 54565 1
127040 81706 1
127040 87117 2
127040 100173 1
47497 47498 5
47497 65634 2
47497 82155 1
47497 113444 4
47497 113445 4
47498 47497 5
47498 65634 2
47498 113444 3
47498 113445 3
65634 47497 2
65634 47498 2
65634 113444 1
65634 113445 1
82155 47497 1
82155 68748 1
82155 113444 1
82155 113445 1
113003 113444 1
113445 47497 4
113445 47498 3
113445 65634 1
113445 82155 1
113445 113444 4
39448 28203 1
39448 64462 1
64462 28203 1
64462 39448 1
56413 33934 1
77449 40073 1
59022 41120 1
65352 53039 1
65352 88142 1
88142 53039 1
88142 65352 1
38049 54178 1
38049 89261 1
73605 54178 1
89261 38049 1
89261 54178 1
69303 55537 1
69303 75246 1
69303 101158 1
75246 55537 1
75246 69303 1
75246 101158 1
91468 55537 1
91468 92245 1
91468 108082 1
92245 55537 1
92245 63539 1
92245 91468 1
101158 55537 1
101158 69303 1
101158 75246 1
71613 57138 1
16291 64187 1
84670 64187 1
88157 76240 1
49054 56819 1
49054 68085 1
49054 80713 1
56819 49054 1
56819 68085 1
56819 80713 1
68085 49054 1
68085 56819 1
68085 80713 1
106569 80713 1
107324 80713 1
107324 107325 1
107325 80713 1
107325 107324 1
61776 81237 1
61776 96247 1
80053 56960 1
80053 81237 1
80053 89309 1
80053 91979 1
96247 61776 1
96247 81237 1
49776 76806 1
49776 79286 1
49776 85346 1
76806 49776 1
76806 79286 1
76806 85346 1
79286 49776 1
79286 76806 1
79286 85346 1
99563 14619 1
79719 93639 1
89145 93944 1
89145 112638 1
112638 89145 1
112638 93944 1
63539 92245 1
63539 97744 1
63539 100663 1
66374 97744 1
100663 63539 1
100663 97744 1
99114 119027 1
111983 119027 1
58333 125468 1
112992 115433 1
114020 115433 1
114020 116886 1
116886 114020 1
116886 115433 1
95170 115522 1
99195 115522 1
106939 99983 1
106939 115522 1
41096 61962 1
41096 64963 1
55984 65205 1
55984 65755 1
55984 66863 1
55984 72780 1
55984 73331 1
55984 88739 1
55984 124312 1
59507 72780 1
59507 74338 1
59507 103331 1
65205 55984 1
65205 65755 1
65205 66863 1
65205 72780 1
65205 73331 1
65205 88739 1
65205 124312 1
65755 55984 1
65755 65205 1
65755 66863 1
65755 72780 1
65755 73331 1
65755 88739 1
65755 124312 1
66863 55984 1
66863 65205 1
66863 65755 1
66863 72780 1
66863 73331 1
66863 88739 1
66863 124312 1
73331 55984 1
73331 65205 1
73331 65755 1
73331 66863 1
73331 72780 1
73331 88739 1
73331 124312 1
74338 59507 1
74338 72780 1
74338 103331 1
88739 55984 1
88739 65205 1
88739 65755 1
88739 66863 1
88739 72780 1
88739 73331 1
88739 124312 1
94815 72780 1
103331 59507 1
103331 72780 1
103331 74338 1
124312 55984 1
124312 65205 1
124312 65755 1
124312 66863 1
124312 72780 1
124312 73331 1
124312 88739 1
62196 74293 1
62196 74295 1
62196 99209 1
62196 101274 1
99209 62196 1
99209 74293 1
99209 74295 1
99209 101274 1
101274 62196 1
101274 74293 1
101274 74295 1
101274 99209 1
112226 74295 1
112471 74295 1
45010 76473 1
45010 81688 1
76473 45010 1
76473 81688 1
62217 67207 1
62217 88020 1
67207 62217 1
67207 88020 1
61034 55866 1
61034 90515 1
61034 90995 1
89455 55866 1
89455 114666 1
90515 55866 1
90515 61034 1
90515 90995 1
90995 55866 1
90995 61034 1
90995 90515 1
114666 55866 1
114666 89455 1
49648 54937 1
49648 60142 1
54937 49648 1
54937 60142 1
95794 79995 1
100144 79995 1
100144 107530 1
107530 79995 1
107530 100144 1
108823 79995 1
109999 79995 1
56960 80053 1
56960 89309 1
56960 91979 1
57223 89309 1
91979 56960 1
91979 80053 1
91979 89309 1
87562 98252 1
49337 101832 1
62212 34454 1
62212 117256 1
74177 76298 1
74177 84772 1
74177 117256 1
74177 119191 1
76298 74177 1
76298 84772 1
76298 117256 1
76298 119191 1
80040 86875 1
80040 113881 1
80040 117256 1
84772 74177 1
84772 76298 1
84772 117256 1
84772 119191 1
86875 80040 1
86875 113881 1
86875 117256 1
113881 80040 1
113881 86875 1
113881 117256 1
119191 74177 1
119191 76298 1
119191 84772 1
119191 117256 1
72082 63627 1
72082 85676 1
72082 91169 1
72082 92532 1
85676 63627 1
85676 72082 1
85676 92532 1
92532 63627 1
92532 72082 1
92532 85676 1
109603 63627 1
67411 66911 1
67411 72671 1
72671 66911 1
72671 67411 1
46059 71144 1
46059 71870 1
46059 75461 1
71144 46059 1
71144 71145 1
71144 71870 1
71144 75461 1
71870 46059 1
71870 71144 1
71870 75461 1
42061 80529 1
42061 112457 1
73136 73137 1
73136 80529 1
73136 97004 1
73137 73136 1
73137 80529 1
73137 97004 1
91292 80529 1
92835 80529 1
97004 73136 1
97004 73137 1
97004 80529 1
98593 80529 1
98593 85454 1
98593 104407 1
66812 84137 1
85672 84137 1
96490 84137 1
105301 84572 1
105301 98875 1
105301 105300 1
60868 104983 1
60868 109220 1
95138 101289 1
95138 109220 1
101289 95138 1
101289 109220 1
104983 60868 1
104983 109220 1
119718 109220 1
47029 60058 1
47029 74628 1
47029 122360 1
60058 47029 1
60058 74628 1
60058 122360 1
74628 47029 1
74628 60058 1
74628 122360 1
79604 79924 1
79604 98804 1
79604 98805 1
79604 104993 1
79604 126424 1
79924 79604 1
79924 98804 1
79924 98805 1
79924 104993 1
79924 126424 1
85454 98593 1
85454 98901 1
85454 98902 1
85454 126424 1
98804 79604 1
98804 79924 1
98804 98805 1
98804 104993 1
98804 126424 1
98805 79604 1
98805 79924 1
98805 98804 1
98805 104993 1
98805 126424 1
98901 85454 1
98901 98902 1
98901 126424 1
98902 85454 1
98902 98901 1
98902 126424 1
104993 79604 1
104993 79924 1
104993 98804 1
104993 98805 1
104993 126424 1
91195 113497 1
18730 63283 1
18730 63419 1
18730 76075 1
18730 79868 1
63419 18730 1
63419 63283 1
63419 76075 1
63419 79868 1
76075 18730 1
76075 63283 1
76075 63419 1
76075 79868 1
79868 18730 1
79868 58581 1
79868 63283 1
79868 63419 1
79868 64598 1
79868 70673 1
79868 72921 1
79868 74366 1
79868 76075 1
79868 76076 1
79868 76077 1
79868 79866 1
79868 79867 1
79868 79869 1
79868 96370 1
121819 69058 1
101336 88834 1
55371 49667 1
55371 60445 1
55371 81507 1
55371 95532 1
95533 95532 1
95533 100517 1
95533 116194 1
100517 95532 1
100517 95533 1
100517 116194 1
116194 95532 1
116194 95533 1
116194 100517 1
50835 55155 1
50835 64599 1
50835 68923 1
50835 81662 1
60465 55155 1
60465 62205 1
62205 55155 1
62205 60465 1
64599 50835 1
64599 55155 1
64599 68923 1
64599 81662 1
68923 50835 1
68923 55155 1
68923 64599 1
68923 81662 1
81662 50835 1
81662 55155 1
81662 64599 1
81662 68923 1
94053 55155 1
94053 114949 1
94053 114950 1
94053 114951 1
94053 118569 1
96646 55155 1
96646 96648 1
96646 96649 1
96646 105781 1
96648 55155 1
96648 96646 1
96648 96649 2
96648 105781 1
96649 55155 1
96649 96646 1
96649 96648 2
96649 105781 1
105781 55155 1
105781 96646 1
105781 96648 1
105781 96649 1
114949 55155 1
114949 94053 1
114949 114950 3
114949 114951 2
114949 118569 2
114950 55155 1
114950 94053 1
114950 114949 3
114950 114951 2
114950 118569 2
114951 55155 1
114951 94053 1
114951 114949 2
114951 114950 2
114951 118568 1
114951 118569 3
118569 55155 1
118569 94053 1
118569 114949 2
118569 114950 2
118569 114951 3
118569 118568 1
46903 85665 1
46903 90318 1
82017 85665 1
82017 112574 1
90318 46903 1
90318 85665 1
112574 82017 1
112574 85665 1
45300 92558 1
66522 114909 1
72026 101011 1
72026 114909 1
79766 108227 1
79766 114909 1
101011 72026 1
101011 114909 1
108227 79766 1
108227 114909 1
108227 115359 1
54222 58752 1
54222 80547 1
54222 82597 1
80547 54222 1
80547 58752 1
5652 73278 1
58572 70667 1
58572 83496 1
58572 87583 1
58572 91472 1
58572 97159 1
58572 98518 1
58572 101375 1
58572 102806 1
58572 106455 1
70667 58572 1
70667 83496 1
70667 87583 1
70667 91472 1
70667 97159 1
70667 98518 1
70667 101375 1
70667 102806 1
70667 106455 1
91472 58572 1
91472 70667 1
91472 83496 1
91472 87583 1
91472 97159 1
91472 98518 1
91472 101375 1
91472 102806 1
91472 106455 1
91662 87583 1
97159 58572 1
97159 64598 1
97159 65349 1
97159 67148 1
97159 69942 1
97159 69943 1
97159 70667 1
97159 83496 1
97159 87583 1
97159 91472 1
97159 96374 1
97159 98518 1
97159 101375 1
97159 102806 1
97159 106455 1
97159 124739 1
98518 58572 1
98518 70667 1
98518 83496 1
98518 87583 1
98518 90479 1
98518 91472 1
98518 97159 1
98518 101375 1
98518 102806 1
98518 106455 1
101375 58572 1
101375 70667 1
101375 83496 1
101375 87583 1
101375 91472 1
101375 97159 1
101375 98518 1
101375 102806 1
101375 106455 1
102806 58572 1
102806 70667 1
102806 83496 1
102806 87583 1
102806 91472 1
102806 97159 1
102806 98518 1
102806 101375 1
102806 106455 1
106455 58572 1
106455 70667 1
106455 83496 1
106455 87583 1
106455 91472 1
106455 97159 1
106455 98518 1
106455 101375 1
106455 102806 1
68748 82155 1
68748 99037 1
68748 125781 1
85610 112457 1
85610 114934 1
85610 115989 1
85610 119492 1
102588 112457 1
114934 85610 1
114934 112457 1
114934 115989 1
114934 119492 1
115989 85610 1
115989 112457 1
115989 114934 1
115989 119492 1
119492 85610 1
119492 91739 1
119492 112457 1
119492 114934 1
119492 115989 1
70673 58581 1
70673 72921 1
70673 76076 1
70673 76077 1
70673 79868 1
72921 58581 1
72921 70673 1
72921 76076 1
72921 76077 1
72921 79868 1
76076 58581 1
76076 70673 1
76076 72921 1
76076 76077 1
76076 79868 1
76077 58581 1
76077 70673 1
76077 72921 1
76077 76076 1
76077 79868 1
96891 59190 1
43077 56199 1
43077 61190 1
43077 61191 1
43077 61192 1
56199 43077 1
56199 61190 1
56199 61191 1
56199 61192 1
61190 43077 1
61190 56199 1
61190 61191 1
61190 61192 1
61192 43077 1
61192 56199 1
61192 61190 1
61192 61191 1
65349 64598 1
65349 69942 1
65349 69943 1
65349 97159 1
65349 124739 1
69942 64598 1
69942 65349 1
69942 69943 1
69942 97159 1
69942 124739 1
69943 64598 1
69943 65349 1
69943 69942 1
69943 97159 1
69943 124739 1
74366 64598 1
74366 79866 1
74366 79867 1
74366 79868 1
74366 79869 1
74366 96370 1
79866 64598 1
79866 74366 1
79866 79867 1
79866 79868 1
79866 79869 1
79866 96370 1
79867 64598 1
79867 74366 1
79867 79866 1
79867 79868 1
79867 79869 1
79867 96370 1
79869 64598 1
79869 74366 1
79869 79866 1
79869 79867 1
79869 79868 1
79869 96370 1
96370 64598 1
96370 74356 1
96370 74366 1
96370 79866 1
96370 79867 1
96370 79868 1
96370 79869 1
124739 64598 1
124739 65349 1
124739 69942 1
124739 69943 1
124739 97159 1
84361 74293 1
30583 76073 1
82161 82162 1
101941 82162 1
124726 82162 1
85382 90479 1
65635 90517 1
65635 95851 1
95851 65635 1
95851 90517 1
95851 95850 1
101500 87050 1
101500 93649 1
72408 97449 1
72408 99096 1
72408 102646 1
97449 72408 1
97449 99096 1
97449 102646 1
99096 72408 1
99096 97449 1
99096 102646 1
44832 52488 1
44832 55367 1
44832 66419 1
44832 66420 1
44832 66424 1
44832 97207 1
55367 44832 1
55367 52488 1
55367 66419 1
55367 66420 1
55367 66424 1
55367 97207 1
66419 44832 1
66419 52488 1
66419 55367 1
66419 66420 1
66419 66424 1
66419 97207 1
66420 44832 1
66420 52488 1
66420 55367 1
66420 66419 1
66420 66424 1
66420 97207 1
66424 44832 1
66424 52488 1
66424 55367 1
66424 66419 1
66424 66420 1
66424 97207 1
97207 44832 1
97207 52488 1
97207 55367 1
97207 66419 1
97207 66420 1
97207 66424 1
35333 49321 1
35333 60468 1
35333 61145 1
35333 79507 1
35333 124663 1
35333 124839 1
49321 35333 1
49321 60468 1
49321 61145 1
49321 79507 1
49321 124663 1
49321 124839 1
61145 35333 1
61145 49321 1
61145 60468 1
61145 79507 1
61145 124663 1
61145 124839 1
79507 35333 1
79507 49321 1
79507 60468 1
79507 61145 1
79507 124663 1
79507 124839 1
124663 35333 1
124663 49321 1
124663 60468 1
124663 61145 1
124663 79507 1
124663 124839 1
124839 35333 1
124839 49321 1
124839 60468 1
124839 61145 1
124839 79507 1
124839 124663 1
74984 72404 1
80553 86880 1
80553 86886 1
80553 103932 1
86886 80553 1
86886 86880 1
86886 103932 1
103932 80553 1
103932 86880 1
103932 86886 1
121821 86881 1
115520 95587 1
115520 117622 1
117622 95587 1
117622 115520 1
72407 94255 1
72407 101091 1
85947 85948 1
85947 101091 1
85947 101303 1
85948 85947 1
85948 101091 1
85948 101303 1
87050 101091 1
87050 101500 1
87050 110852 1
94255 72407 1
94255 101091 1
101303 85947 1
101303 85948 1
101303 101091 1
110852 87050 1
110852 101091 1
54943 105134 1
54120 87117 1
97325 87117 1
97325 100985 1
100985 87117 1
100985 97325 1
125781 68748 1
95850 95851 1
91739 119492 1
82597 54222 1
115359 108227 1
118568 114951 1
118568 118569 1
49667 55371 1
60445 55371 1
60445 81507 1
81507 55371 1
81507 60445 1
84572 105300 1
84572 105301 1
105300 84572 1
105300 105301 1
104407 98593 1
71145 71144 1
91169 72082 1
34454 62212 1
64963 41096 1
99983 106939 1
108082 91468 1
