7206 383 1
383 1163 1
383 2276 1
383 6287 1
383 6406 1
383 6668 1
383 7206 1
383 7293 1
383 11525 1
383 13546 1
1163 383 1
1163 6287 1
1163 6406 1
1163 11525 1
2276 383 1
2276 1575 1
2276 6668 1
2276 7293 1
2276 11838 1
2276 13546 1
2276 14229 1
6287 383 1
6287 1163 1
6287 2521 1
6287 6406 1
6287 8810 1
6287 8837 1
6287 10418 1
6287 11525 1
6287 15466 1
6287 18699 1
6406 383 1
6406 1163 1
6406 6287 1
6406 6386 1
6406 11525 1
6406 13068 1
6406 20722 1
6406 28722 1
6668 383 1
6668 2276 1
6668 3808 1
6668 3946 1
6668 7293 1
6668 8043 1
6668 8544 1
6668 13546 1
6668 13782 1
6668 14080 1
6668 14149 1
7293 383 1
7293 2005 1
7293 2013 1
7293 2276 1
7293 6668 1
7293 13546 1
7293 14026 1
11525 383 1
11525 1163 1
11525 6287 1
11525 6406 1
13546 383 1
13546 2276 1
13546 6668 1
13546 7293 1
1575 2276 1
1575 11838 1
1575 14229 1
11838 1575 1
11838 2276 1
11838 4627 1
11838 9471 1
11838 14229 1
14229 1575 1
14229 2198 1
14229 2276 1
14229 9506 1
14229 11838 1
14229 27522 2
2521 2228 1
2521 2458 1
2521 2466 2
2521 2530 1
2521 2534 1
2521 6287 1
2521 7476 1
2521 7688 1
2521 8810 1
2521 8837 1
2521 10418 1
2521 11810 1
2521 12276 1
2521 13041 1
2521 14608 1
2521 15466 1
2521 17645 1
2521 18699 1
2521 21132 1
2521 22768 1
2521 32308 1
2521 32309 1
8810 2521 1
8810 6287 1
8810 8837 1
8810 10418 1
8810 15466 1
8810 18699 1
8837 2521 1
8837 2729 1
8837 6287 1
8837 8810 1
8837 10322 1
8837 10418 1
8837 15466 1
8837 18699 1
10418 1602 1
10418 1606 1
10418 1665 1
10418 2032 1
10418 2459 1
10418 2521 1
10418 2589 1
10418 2597 1
10418 3454 1
10418 6287 1
10418 6909 1
10418 7441 1
10418 7460 1
10418 8810 1
10418 8837 1
10418 10414 1
10418 14977 1
10418 15466 1
10418 16697 1
10418 18699 1
15466 2521 1
15466 6287 1
15466 8810 1
15466 8837 1
15466 10418 1
15466 16350 1
15466 16562 1
15466 18699 1
15466 19441 1
15466 19452 1
15466 21521 1
15466 21940 1
15466 22845 1
15466 35397 1
18699 2521 1
18699 2721 1
18699 6287 1
18699 8810 1
18699 8837 1
18699 10023 1
18699 10418 1
18699 14970 1
18699 15466 1
18699 18698 1
18699 18700 1
18699 40872 1
6386 6406 1
6386 13068 1
6386 20722 1
6386 28722 1
13068 6386 1
13068 6406 1
13068 20722 1
13068 28722 1
20722 6386 1
20722 6406 1
20722 12386 1
20722 13068 1
20722 20197 1
20722 28722 1
28722 6386 1
28722 6406 1
28722 13068 1
28722 20722 1
28722 67021 1
28722 76102 1
3808 3091 1
3808 3807 1
3808 4017 1
3808 5311 1
3808 5314 1
3808 6668 1
3808 8544 1
3808 14080 1
3946 3536 1
3946 6668 1
3946 8469 1
3946 10262 1
3946 10610 1
3946 11419 1
3946 12390 1
3946 14149 1
8043 3395 1
8043 6382 1
8043 6668 1
8043 8059 1
8043 11050 1
8043 12324 1
8043 12369 1
8043 13782 1
8043 13830 1
8043 14801 1
8043 17028 1
8043 21275 1
8043 21558 1
8043 21986 1
8043 24483 1
8043 28111 1
8043 81776 1
8544 2123 1
8544 3368 1
8544 3808 1
8544 6325 1
8544 6414 1
8544 6668 1
8544 8553 1
8544 11764 1
8544 14080 1
13782 6668 1
13782 8043 1
14080 2037 1
14080 3252 1
14080 3808 1
14080 4630 1
14080 5805 1
14080 6668 1
14080 7887 1
14080 8544 1
14080 8999 1
14080 12053 1
14080 14635 1
14080 18268 1
14080 20196 1
14149 3946 1
14149 6668 1
2005 2013 1
2005 3828 1
2005 4297 1
2005 5493 1
2005 6758 1
2005 7293 1
2005 8176 1
2005 9744 1
2005 9780 1
2005 14026 1
2005 17928 1
2013 2005 1
2013 2765 1
2013 4376 1
2013 4507 1
2013 5509 1
2013 7293 1
2013 7861 1
2013 12821 1
2013 13392 1
2013 14026 1
14026 2005 1
14026 2013 1
14026 7293 1
4627 6144 1
4627 9471 1
4627 11838 1
9471 4627 1
9471 8214 1
9471 11080 1
9471 11838 1
9471 124250 1
2198 403 1
2198 928 1
2198 3938 1
2198 7164 1
2198 8233 1
2198 8705 1
2198 8709 1
2198 9698 1
2198 12066 1
2198 12811 1
2198 14229 1
2198 27522 1
9506 14229 1
27522 2198 1
27522 14229 2
27522 15543 1
2228 598 1
2228 1154 1
2228 1678 1
2228 2466 1
2228 2521 1
2228 7476 1
2228 11038 1
2228 11810 1
2228 11987 1
2228 12276 1
2228 12721 1
2228 13041 1
2228 14608 1
2228 17645 1
2228 19785 1
2228 22194 1
2458 2466 1
2458 2521 1
2458 2530 1
2458 11987 1
2458 21129 1
2458 22804 1
2466 1498 1
2466 2228 1
2466 2458 1
2466 2521 2
2466 2530 1
2466 5363 1
2466 7147 1
2466 7476 1
2466 10889 1
2466 11810 1
2466 12276 1
2466 13041 1
2466 13835 1
2466 14608 1
2466 14773 1
2466 16877 1
2466 17409 1
2466 17645 1
2530 2458 1
2530 2466 1
2530 2521 1
2534 2472 1
2534 2521 1
2534 7688 1
2534 21132 1
2534 22768 1
2534 32308 1
2534 32309 1
7476 2228 1
7476 2466 1
7476 2521 1
7476 7474 1
7476 7482 1
7476 7828 1
7476 10432 1
7476 11810 1
7476 12276 1
7476 12433 1
7476 13041 1
7476 14608 1
7476 17645 1
7476 17707 1
7476 22629 1
7688 1599 1
7688 2483 1
7688 2521 1
7688 2534 1
7688 4509 1
7688 4517 1
7688 4530 1
7688 10130 1
7688 13564 1
7688 13952 1
7688 15319 1
7688 15326 1
7688 19883 1
7688 21132 1
7688 22768 1
7688 32308 1
7688 32309 1
11810 2228 1
11810 2466 1
11810 2521 1
11810 5555 1
11810 5987 1
11810 7476 1
11810 9170 1
11810 12276 1
11810 13041 1
11810 14608 1
11810 16996 1
11810 17645 1
12276 1572 1
12276 2228 1
12276 2466 1
12276 2521 1
12276 5812 1
12276 5818 1
12276 5819 1
12276 5823 1
12276 6900 1
12276 6904 1
12276 7476 1
12276 7882 1
12276 8406 1
12276 10123 1
12276 11810 1
12276 13041 1
12276 14608 1
12276 15604 1
12276 15610 1
12276 17645 1
13041 2228 1
13041 2466 1
13041 2521 1
13041 2843 1
13041 7476 1
13041 11810 1
13041 12276 1
13041 14608 1
13041 17645 1
14608 2228 1
14608 2466 1
14608 2521 1
14608 7476 1
14608 8722 1
14608 11810 1
14608 12276 1
14608 13041 1
14608 17252 1
14608 17645 1
17645 2228 1
17645 2466 1
17645 2521 1
17645 7476 1
17645 11810 1
17645 12276 1
17645 13041 1
17645 14608 1
21132 2521 1
21132 2534 1
21132 7688 1
21132 22768 1
21132 32308 1
21132 32309 1
22768 2521 1
22768 2534 1
22768 7688 1
22768 21132 1
22768 32308 1
22768 32309 1
32308 394 1
32308 2521 1
32308 2534 1
32308 3697 1
32308 7688 1
32308 13678 1
32308 18556 1
32308 20406 1
32308 21132 1
32308 21885 1
32308 21886 1
32308 22004 1
32308 22768 1
32308 25646 1
32308 25808 1
32308 25831 1
32308 26905 1
32308 27738 1
32308 29509 1
32308 30062 1
32308 30070 1
32308 30288 1
32308 30871 1
32308 30994 1
32308 32309 20
32308 33151 1
32308 34081 1
32308 35294 1
32308 37088 2
32308 37776 1
32308 37965 1
32308 38335 1
32308 38490 1
32308 39629 1
32308 39666 1
32309 394 1
32309 2521 1
32309 2534 1
32309 3697 1
32309 7688 1
32309 13678 1
32309 18556 1
32309 20406 1
32309 21132 1
32309 21885 1
32309 21886 1
32309 22004 1
32309 22768 1
32309 25646 1
32309 25808 1
32309 25831 1
32309 26905 1
32309 27738 1
32309 29509 1
32309 30062 1
32309 30070 1
32309 30288 1
32309 30871 1
32309 30994 1
32309 32308 20
32309 33151 1
32309 34081 1
32309 35294 1
32309 37088 2
32309 37776 1
32309 37965 1
32309 38335 1
32309 38490 1
32309 39629 1
32309 39666 1
2729 8837 1
2729 10322 1
10322 2729 1
10322 8837 1
10322 10321 1
10322 10325 1
10322 10326 1
10322 10327 1
10322 10328 1
10322 13724 1
1602 1606 1
1602 1665 1
1602 10414 1
1602 10418 1
1602 14977 1
1602 16697 1
1606 1602 1
1606 1665 1
1606 10414 1
1606 10418 1
1606 14977 1
1606 16697 1
1665 1602 1
1665 1606 1
1665 1607 1
1665 1632 1
1665 1636 1
1665 1639 1
1665 1646 1
1665 1669 1
1665 1675 1
1665 1677 1
1665 1680 1
1665 10414 1
1665 10418 1
1665 14977 1
1665 16697 1
2032 2459 1
2032 2589 1
2032 2597 1
2032 3392 1
2032 3454 1
2032 6393 1
2032 6909 1
2032 7239 1
2032 7441 1
2032 7460 1
2032 9317 1
2032 10418 1
2032 10541 1
2032 11815 1
2032 18273 1
2032 18732 1
2032 20239 1
2459 2032 1
2459 2589 1
2459 2597 1
2459 3454 1
2459 6909 1
2459 7441 1
2459 7460 1
2459 10418 1
2589 905 1
2589 2032 1
2589 2459 1
2589 2596 1
2589 2597 1
2589 3454 1
2589 6909 1
2589 7441 1
2589 7460 1
2589 10418 1
2589 15493 1
2597 2032 1
2597 2459 1
2597 2589 1
2597 3454 1
2597 6909 1
2597 7441 1
2597 7460 2
2597 10418 1
3454 2032 1
3454 2459 1
3454 2589 1
3454 2597 1
3454 6909 1
3454 7441 1
3454 7460 1
3454 10418 1
3454 14313 1
6909 2032 1
6909 2459 1
6909 2589 1
6909 2597 1
6909 3454 1
6909 7441 1
6909 7460 1
6909 10418 1
7441 2032 1
7441 2459 1
7441 2589 1
7441 2597 1
7441 3454 1
7441 6909 1
7441 7460 1
7441 10418 1
7460 2032 1
7460 2459 1
7460 2589 1
7460 2597 2
7460 3454 1
7460 6909 1
7460 7441 1
7460 10418 1
10414 1602 1
10414 1606 1
10414 1665 1
10414 5664 1
10414 10418 1
10414 10419 1
10414 10441 1
10414 13716 1
10414 14977 1
10414 15746 1
10414 16697 1
14977 1602 1
14977 1606 1
14977 1665 1
14977 9015 1
14977 10414 1
14977 10418 1
14977 16697 1
14977 20140 1
16697 1602 1
16697 1606 1
16697 1665 1
16697 2045 1
16697 10414 1
16697 10418 1
16697 14977 1
16697 14994 1
16697 18903 1
16697 27170 1
16350 13178 1
16350 15466 1
16350 16562 2
16350 18444 1
16350 19149 1
16350 19441 1
16350 19452 1
16350 21521 1
16350 21940 1
16350 22845 1
16350 23279 1
16350 25048 1
16350 25049 1
16350 35397 1
16562 12324 1
16562 15466 1
16562 16350 2
16562 18444 1
16562 19149 1
16562 19441 1
16562 19452 1
16562 21521 1
16562 21940 1
16562 22845 1
16562 23279 1
16562 25048 1
16562 25049 1
16562 35397 1
19441 15466 1
19441 16350 1
19441 16562 1
19441 19452 1
19441 21521 1
19441 21940 1
19441 22845 1
19441 35397 1
19452 15466 1
19452 16350 1
19452 16562 1
19452 19441 1
19452 21521 1
19452 21940 1
19452 22845 1
19452 35397 1
21521 15422 1
21521 15466 1
21521 16350 1
21521 16562 1
21521 19441 1
21521 19452 1
21521 21940 1
21521 22845 1
21521 35397 1
21940 15466 1
21940 16350 1
21940 16562 1
21940 19441 1
21940 19452 1
21940 21521 1
21940 22845 1
21940 35397 1
22845 15466 1
22845 16350 1
22845 16562 1
22845 19441 1
22845 19452 1
22845 21521 1
22845 21940 1
22845 35397 1
35397 9644 1
35397 15466 1
35397 16350 1
35397 16562 1
35397 19441 1
35397 19452 1
35397 21521 1
35397 21940 1
35397 22845 1
35397 25602 1
2721 2749 1
2721 2750 1
2721 2764 1
2721 4604 1
2721 8375 1
2721 10023 1
2721 11136 1
2721 14970 1
2721 16509 1
2721 18699 1
2721 40872 1
10023 2721 1
10023 14970 1
10023 18699 1
10023 40872 1
14970 2721 1
14970 10023 1
14970 18699 1
14970 40872 1
18698 4786 1
18698 18699 1
18698 18700 1
18698 18907 1
18700 18698 1
18700 18699 1
40872 2721 1
40872 10023 1
40872 14970 1
40872 18699 1
40872 30910 1
40872 41372 1
12386 20722 1
20197 20722 1
20197 45547 1
67021 28722 1
67021 55666 1
76102 28722 1
3091 824 1
3091 3092 1
3091 3652 1
3091 3663 1
3091 3664 1
3091 3807 1
3091 3808 1
3091 4017 1
3091 5311 1
3091 5314 1
3091 6819 1
3091 6820 1
3091 6821 1
3091 6976 1
3091 9235 1
3807 3091 1
3807 3808 1
3807 4017 1
3807 5311 1
3807 5314 1
4017 975 1
4017 1677 1
4017 2404 1
4017 3091 1
4017 3807 1
4017 3808 1
4017 4018 1
4017 4019 1
4017 4432 1
4017 5311 1
4017 5314 1
5311 2625 1
5311 2831 1
5311 2915 1
5311 3091 1
5311 3232 1
5311 3807 1
5311 3808 1
5311 4017 1
5311 5314 1
5311 14613 1
5314 2831 1
5314 2915 1
5314 3091 1
5314 3807 1
5314 3808 1
5314 4017 1
5314 5311 1
3536 3946 1
3536 8469 1
3536 10262 1
3536 10610 1
3536 11419 1
3536 12390 1
8469 3536 1
8469 3946 1
8469 10262 1
8469 10610 1
8469 11419 1
8469 12390 1
8469 14489 1
8469 20173 1
8469 20941 1
10262 3536 1
10262 3946 1
10262 8469 1
10262 10610 1
10262 11419 1
10262 12390 1
10610 3536 1
10610 3946 1
10610 8469 1
10610 10262 1
10610 10593 1
10610 10608 1
10610 10609 1
10610 11419 1
10610 12390 1
10610 14784 1
11419 2060 1
11419 3536 1
11419 3946 1
11419 8200 1
11419 8469 1
11419 10262 1
11419 10610 1
11419 12390 1
11419 13143 1
12390 3536 1
12390 3946 1
12390 8469 1
12390 10262 1
12390 10610 1
12390 11419 1
3395 8043 1
3395 12369 1
3395 17028 1
3395 21558 1
3395 21986 1
6382 8043 1
6382 11050 1
6382 12324 1
6382 13830 1
8059 8043 1
8059 14801 1
8059 20232 1
8059 21275 1
8059 21587 1
8059 24483 1
8059 28111 1
8059 81776 1
11050 6382 1
11050 8043 1
11050 12324 1
11050 13830 1
12324 6382 1
12324 8043 1
12324 11050 1
12324 13830 1
12324 16562 1
12369 3395 1
12369 8043 1
12369 8203 1
12369 8211 1
12369 17028 1
12369 18181 1
12369 21102 1
12369 21558 1
12369 21986 1
13830 6382 1
13830 8043 1
13830 11050 1
13830 12324 1
14801 8043 1
14801 8059 1
14801 21275 1
14801 24483 1
14801 28111 1
14801 31072 1
14801 81776 1
17028 3395 1
17028 8043 1
17028 12369 1
17028 21558 1
17028 21986 1
21275 8043 1
21275 8059 1
21275 14801 1
21275 24483 1
21275 28111 1
21275 81776 1
21558 3395 1
21558 8043 1
21558 12369 1
21558 17028 1
21558 21986 1
21986 3393 1
21986 3395 1
21986 8043 1
21986 12369 1
21986 17028 1
21986 17032 1
21986 21189 1
21986 21558 1
21986 21988 1
21986 23492 1
24483 8043 1
24483 8059 1
24483 14801 1
24483 19338 1
24483 21275 1
24483 28111 1
24483 81776 1
28111 8043 1
28111 8059 1
28111 10096 1
28111 12535 1
28111 14201 1
28111 14801 1
28111 15608 1
28111 20962 1
28111 21275 1
28111 24483 1
28111 81776 1
28111 123426 1
81776 8043 1
81776 8059 1
81776 14801 1
81776 21275 1
81776 24483 1
81776 28111 1
81776 50361 1
81776 51531 1
81776 68061 1
2123 3368 1
2123 6325 1
2123 6414 1
2123 8544 1
2123 8553 1
2123 9107 1
2123 11123 1
2123 11764 1
2123 14112 1
3368 2123 1
3368 3279 1
3368 6325 1
3368 6414 1
3368 8544 1
3368 8553 1
3368 11764 1
6325 2123 1
6325 3368 1
6325 6414 1
6325 8544 1
6325 8553 1
6325 11764 1
6414 2123 1
6414 3368 1
6414 6325 1
6414 8544 1
6414 8553 1
6414 11764 1
8553 2123 1
8553 2126 1
8553 3368 1
8553 5600 1
8553 6325 1
8553 6368 1
8553 6414 1
8553 7996 1
8553 8151 1
8553 8544 1
8553 11764 1
11764 2123 1
11764 3368 1
11764 6325 1
11764 6414 1
11764 8506 1
11764 8544 1
11764 8553 1
11764 9430 1
11764 12015 1
2037 8999 1
2037 14080 1
2037 18268 1
2037 20196 1
3252 1367 1
3252 4630 1
3252 5805 1
3252 6033 1
3252 6035 1
3252 6036 1
3252 6305 1
3252 7795 1
3252 7802 1
3252 7887 1
3252 11141 1
3252 11805 1
3252 11808 1
3252 14080 1
3252 14635 1
3252 17295 1
3252 17322 1
4630 3252 1
4630 5805 1
4630 7887 1
4630 12466 1
4630 12984 1
4630 14080 1
4630 14635 1
4630 14748 1
4630 14749 1
4630 125091 1
5805 3252 1
5805 4630 1
5805 4986 1
5805 4987 1
5805 5800 1
5805 7861 1
5805 7887 1
5805 8416 1
5805 9718 1
5805 14080 1
5805 14635 1
7887 3252 1
7887 4630 1
7887 5805 1
7887 7885 1
7887 7886 1
7887 7888 1
7887 7889 1
7887 8384 1
7887 11540 1
7887 14080 1
7887 14635 1
8999 2037 1
8999 14080 1
8999 18268 1
8999 20196 1
12053 317 1
12053 1017 1
12053 4133 1
12053 7336 1
12053 8528 1
12053 11387 1
12053 11941 1
12053 12629 1
12053 14080 1
12053 14615 1
12053 18280 1
14635 724 1
14635 2062 1
14635 3252 1
14635 4630 1
14635 5805 1
14635 7887 1
14635 12327 1
14635 12819 1
14635 14080 1
14635 14502 1
14635 14637 1
14635 18926 1
14635 25648 1
18268 2037 1
18268 8999 1
18268 14080 1
18268 20196 1
20196 984 1
20196 2037 1
20196 8999 1
20196 14080 1
20196 15031 1
20196 18268 1
20196 22691 1
20196 24916 1
20196 54967 1
3828 2005 1
3828 4297 1
3828 5493 1
3828 6758 1
3828 8176 1
3828 9744 1
3828 9780 1
3828 17928 1
4297 2005 1
4297 2573 1
4297 3828 1
4297 5493 1
4297 6758 1
4297 8176 1
4297 8722 1
4297 9744 1
4297 9780 1
4297 17928 1
4297 18063 1
5493 2005 1
5493 3828 1
5493 4297 1
5493 4737 1
5493 5480 1
5493 6758 1
5493 8176 1
5493 8622 1
5493 9568 1
5493 9744 1
5493 9780 1
5493 13392 1
5493 17928 1
5493 21440 1
5493 22237 1
6758 2005 1
6758 3828 1
6758 4297 1
6758 5493 1
6758 8176 1
6758 9744 1
6758 9780 1
6758 17928 1
8176 2005 1
8176 3828 1
8176 4297 1
8176 5493 1
8176 6758 1
8176 9744 1
8176 9780 1
8176 13688 1
8176 17928 1
9744 2005 1
9744 3097 1
9744 3828 1
9744 3952 1
9744 4297 1
9744 5493 1
9744 6758 1
9744 7577 1
9744 8176 1
9744 9755 1
9744 9780 1
9744 13899 1
9744 16681 1
9744 16853 1
9744 16996 1
9744 17409 1
9744 17928 1
9744 21537 1
9780 2005 1
9780 3828 1
9780 4297 1
9780 5493 1
9780 6758 1
9780 8176 1
9780 9744 1
9780 17928 1
17928 2005 1
17928 3828 1
17928 4297 1
17928 5493 1
17928 6758 1
17928 8176 1
17928 9744 1
17928 9780 1
2765 2013 1
2765 4303 1
2765 4376 1
2765 7861 1
2765 12821 1
2765 13392 1
4376 2013 1
4376 2765 1
4376 7861 1
4376 12821 1
4376 13392 1
4507 2013 1
4507 4508 2
4507 4509 1
4507 4511 2
4507 4515 1
4507 4529 1
4507 5509 1
4507 7425 1
4507 15363 1
4507 18583 1
4507 19945 1
4507 22615 1
4507 22616 1
4507 22618 2
4507 23162 1
4507 23438 1
4507 25819 1
4507 35458 1
4507 38439 1
5509 2013 1
5509 3000 1
5509 4507 1
5509 4896 1
5509 5221 1
5509 8002 1
5509 8158 1
7861 182 1
7861 193 1
7861 2013 1
7861 2765 1
7861 4376 1
7861 4986 1
7861 4987 1
7861 5800 1
7861 5805 1
7861 6091 1
7861 6127 1
7861 7876 1
7861 8416 1
7861 8615 1
7861 8772 1
7861 9718 1
7861 12821 1
7861 13392 1
12821 1361 1
12821 2013 1
12821 2765 1
12821 3720 1
12821 4376 1
12821 6848 1
12821 7861 1
12821 9700 1
12821 10485 1
12821 13392 1
12821 19795 1
13392 2013 1
13392 2765 1
13392 4376 1
13392 5480 1
13392 5493 1
13392 7861 1
13392 8622 1
13392 9008 1
13392 9568 1
13392 12821 1
13392 16853 1
13392 21440 1
13392 22237 1
6144 4627 1
8214 9471 1
8214 124250 1
11080 9471 1
124250 3000 1
124250 8214 1
124250 9471 1
403 397 1
403 398 1
403 410 1
403 928 1
403 2198 1
403 3648 1
403 3938 1
403 7164 1
403 8233 1
403 8705 1
403 8709 2
403 9698 2
403 12066 1
403 12811 1
928 403 1
928 2198 1
928 3938 1
928 7164 1
928 8233 1
928 8705 1
928 8709 1
928 9698 1
928 12066 1
928 12811 1
3938 403 1
3938 928 1
3938 2198 1
3938 7164 1
3938 8233 1
3938 8705 1
3938 8709 1
3938 9698 1
3938 12066 1
3938 12811 1
7164 403 1
7164 928 1
7164 2198 1
7164 3938 1
7164 8233 1
7164 8705 1
7164 8709 1
7164 9698 1
7164 12066 1
7164 12811 1
8233 403 1
8233 928 1
8233 2198 1
8233 3938 1
8233 7164 1
8233 8705 1
8233 8709 1
8233 9698 1
8233 12066 1
8233 12811 1
8705 403 1
8705 928 1
8705 2198 1
8705 3938 1
8705 7164 1
8705 8233 1
8705 8709 1
8705 9698 1
8705 12066 1
8705 12811 1
8709 403 2
8709 928 1
8709 2198 1
8709 3938 1
8709 7164 1
8709 8233 1
8709 8705 1
8709 9698 3
8709 12066 1
8709 12811 1
9698 403 2
9698 928 1
9698 2198 1
9698 3938 1
9698 7164 1
9698 8233 1
9698 8705 1
9698 8709 3
9698 12066 1
9698 12811 1
12066 403 1
12066 928 1
12066 2198 1
12066 3938 1
12066 7164 1
12066 8233 1
12066 8705 1
12066 8709 1
12066 9698 1
12066 12811 1
12811 403 1
12811 928 1
12811 2198 1
12811 3938 1
12811 7164 1
12811 8233 1
12811 8705 1
12811 8709 1
12811 9698 1
12811 12066 1
15543 27522 1
598 1154 1
598 2228 1
598 11038 1
598 11987 1
598 19785 1
1154 598 1
1154 2228 1
1154 11038 1
1154 11987 1
1154 19785 1
1678 2228 1
1678 12721 1
11038 598 1
11038 1154 1
11038 2228 1
11038 11987 1
11038 19785 1
11987 598 1
11987 1154 1
11987 2228 1
11987 2458 1
11987 11038 1
11987 19785 1
11987 21129 1
11987 22804 1
12721 1678 1
12721 2228 1
19785 598 1
19785 1154 1
19785 2228 1
19785 11038 1
19785 11987 1
22194 2228 1
21129 2458 1
21129 11987 1
21129 22804 1
22804 2458 1
22804 11987 1
22804 21129 1
1498 2466 1
1498 5363 1
1498 13688 1
1498 13835 1
1498 14773 1
1498 17409 2
5363 1498 1
5363 2466 1
5363 2749 1
5363 13835 1
5363 14773 1
5363 17409 1
7147 2466 1
7147 10889 1
7147 16877 1
10889 2466 1
10889 7147 1
10889 10890 1
10889 16877 1
13835 1498 1
13835 2466 1
13835 5363 1
13835 14773 1
13835 17409 1
14773 1498 1
14773 2466 1
14773 5363 1
14773 6036 1
14773 8726 1
14773 13835 1
14773 17409 1
16877 2466 1
16877 7147 1
16877 10889 1
16877 11141 1
17409 1498 2
17409 2466 1
17409 3097 1
17409 3952 1
17409 5363 1
17409 7577 1
17409 9744 1
17409 9755 1
17409 13835 1
17409 13899 1
17409 14773 1
17409 16681 1
17409 16853 1
17409 16996 1
17409 21537 1
2472 2534 1
7474 4432 1
7474 7476 1
7474 7482 1
7474 7828 1
7474 10432 1
7474 12433 1
7474 17707 1
7474 22629 1
7482 3219 1
7482 3330 1
7482 7474 1
7482 7476 1
7482 7828 1
7482 10432 1
7482 12433 1
7482 17707 1
7482 22629 1
7828 7474 1
7828 7476 1
7828 7482 1
7828 10432 1
7828 12433 1
7828 17707 1
7828 22629 1
10432 7474 1
10432 7476 1
10432 7482 1
10432 7828 1
10432 12433 1
10432 17707 1
10432 22629 1
12433 7474 1
12433 7476 1
12433 7482 1
12433 7828 1
12433 10432 1
12433 17707 1
12433 22629 1
17707 7474 1
17707 7476 1
17707 7482 1
17707 7828 1
17707 10432 1
17707 12433 1
17707 22629 1
22629 7474 1
22629 7476 1
22629 7482 1
22629 7828 1
22629 10432 1
22629 12433 1
22629 17707 1
1599 7688 1
2483 4509 1
2483 4517 1
2483 4530 1
2483 7688 1
2483 13564 1
2483 13952 1
2483 15319 1
2483 15326 1
2483 19883 1
4509 2483 1
4509 4507 1
4509 4508 1
4509 4515 1
4509 4517 1
4509 4530 1
4509 7688 1
4509 13564 1
4509 13952 1
4509 15319 1
4509 15326 1
4509 19883 1
4509 22618 1
4509 23162 1
4517 2483 1
4517 4509 1
4517 4530 1
4517 7688 1
4517 13564 1
4517 13952 1
4517 15319 1
4517 15326 1
4517 19883 1
4530 2483 1
4530 4509 1
4530 4517 1
4530 7688 1
4530 13564 1
4530 13952 1
4530 15319 1
4530 15326 1
4530 19883 1
10130 3952 1
10130 5480 1
10130 7688 1
13564 2483 1
13564 4509 1
13564 4517 1
13564 4530 1
13564 7688 1
13564 13952 1
13564 15319 1
13564 15326 1
13564 19883 1
13952 2483 1
13952 4509 1
13952 4517 1
13952 4530 1
13952 7688 1
13952 13564 1
13952 15319 1
13952 15326 1
13952 19883 1
15319 2483 1
15319 4509 1
15319 4517 1
15319 4530 1
15319 7688 1
15319 13564 1
15319 13952 1
15319 15326 1
15319 19883 1
15326 2483 1
15326 4509 1
15326 4517 1
15326 4530 1
15326 7688 1
15326 13564 1
15326 13952 1
15326 15319 1
15326 19883 1
19883 2483 1
19883 4509 1
19883 4517 1
19883 4530 1
19883 7688 1
19883 13564 1
19883 13952 1
19883 15319 1
19883 15326 1
5555 5987 1
5555 9170 1
5555 11810 1
5555 16996 1
5987 5555 1
5987 9170 1
5987 11810 1
5987 16996 1
9170 5555 1
9170 5987 1
9170 11810 1
9170 16996 1
16996 3097 1
16996 3952 1
16996 5555 1
16996 5987 1
16996 7577 1
16996 9170 1
16996 9744 1
16996 9755 1
16996 11810 1
16996 13899 1
16996 16681 1
16996 16853 1
16996 17409 1
16996 21537 1
1572 5812 1
1572 6036 1
1572 6900 1
1572 10123 1
1572 12276 1
1572 15604 1
1572 15610 1
5812 1572 1
5812 6900 1
5812 10123 1
5812 12276 1
5812 15604 1
5812 15610 1
5818 5819 1
5818 5823 1
5818 6904 1
5818 7882 1
5818 8406 1
5818 12276 1
5819 5818 1
5819 5823 1
5819 6904 1
5819 7882 1
5819 8406 1
5819 12276 1
5819 15604 1
5823 5818 1
5823 5819 1
5823 6904 1
5823 7882 1
5823 8406 1
5823 12276 1
6900 1572 1
6900 5812 1
6900 6904 1
6900 10123 1
6900 12276 1
6900 15604 1
6900 15610 1
6904 5818 1
6904 5819 1
6904 5823 1
6904 6900 1
6904 7882 1
6904 8406 1
6904 12276 1
7882 5818 1
7882 5819 1
7882 5823 1
7882 6904 1
7882 8406 1
7882 12276 1
8406 5818 1
8406 5819 1
8406 5823 1
8406 6904 1
8406 7882 1
8406 12276 1
10123 1572 1
10123 5812 1
10123 6900 1
10123 12276 1
10123 15604 2
10123 15610 1
15604 1177 1
15604 1572 1
15604 5812 1
15604 5819 1
15604 6900 1
15604 8417 1
15604 9741 1
15604 10123 2
15604 10337 1
15604 12276 1
15604 15610 1
15610 1572 1
15610 5812 1
15610 6900 1
15610 10123 1
15610 12276 1
15610 15604 1
2843 1607 1
2843 2842 1
2843 2856 1
2843 2866 1
2843 2898 1
2843 2899 2
2843 4654 1
2843 10082 1
2843 13041 1
8722 1632 1
8722 4297 1
8722 7577 1
8722 14608 1
8722 17252 1
8722 18063 1
17252 8722 1
17252 14608 1
394 32308 1
394 32309 1
3697 22004 1
3697 29509 1
3697 32308 1
3697 32309 1
3697 38335 1
13678 25808 1
13678 25831 1
13678 30062 1
13678 30070 1
13678 32308 1
13678 32309 1
13678 33151 1
13678 37776 1
13678 39666 1
18556 32308 1
18556 32309 1
18556 37088 1
20406 32308 1
20406 32309 1
21885 21886 1
21885 26905 1
21885 32308 1
21885 32309 1
21886 21885 1
21886 26905 1
21886 32308 1
21886 32309 1
22004 3697 1
22004 29509 1
22004 32308 1
22004 32309 1
22004 38335 1
25646 30994 1
25646 32308 1
25646 32309 1
25646 37965 1
25808 13678 1
25808 25831 1
25808 30062 1
25808 30070 1
25808 32308 1
25808 32309 1
25808 33151 1
25808 37776 1
25808 39666 1
25831 13678 1
25831 25808 1
25831 30062 1
25831 30070 1
25831 32308 1
25831 32309 1
25831 33151 1
25831 37776 1
25831 39666 1
26905 21885 1
26905 21886 1
26905 32308 1
26905 32309 1
27738 32308 1
27738 32309 1
27738 35294 1
29509 3697 1
29509 22004 1
29509 32308 1
29509 32309 1
29509 38335 1
30062 13678 1
30062 25808 1
30062 25831 1
30062 30070 1
30062 32308 1
30062 32309 1
30062 33151 1
30062 37776 1
30062 39666 1
30070 13678 1
30070 25808 1
30070 25831 1
30070 30062 1
30070 32308 1
30070 32309 1
30070 33151 1
30070 34258 1
30070 37776 1
30070 39666 1
30288 32308 1
30288 32309 1
30288 37088 1
30871 32308 1
30871 32309 1
30994 25646 1
30994 32308 1
30994 32309 1
30994 37965 1
33151 13678 1
33151 25808 1
33151 25831 1
33151 30062 1
33151 30070 1
33151 32308 1
33151 32309 1
33151 37776 1
33151 39666 1
34081 32308 1
34081 32309 1
34081 38490 1
35294 27738 1
35294 32308 1
35294 32309 1
37088 18556 1
37088 30288 1
37088 32308 2
37088 32309 2
37776 13678 1
37776 25808 1
37776 25831 1
37776 30062 1
37776 30070 1
37776 32308 1
37776 32309 1
37776 33151 1
37776 39666 1
37965 25646 1
37965 30994 1
37965 32308 1
37965 32309 1
38335 3697 1
38335 22004 1
38335 29509 1
38335 32308 1
38335 32309 1
38335 32416 1
38490 32308 1
38490 32309 1
38490 32941 1
38490 34081 1
39629 32308 1
39629 32309 1
39666 13678 1
39666 25808 1
39666 25831 1
39666 30062 1
39666 30070 1
39666 32308 1
39666 32309 1
39666 33151 1
39666 37776 1
10321 10322 1
10321 10325 1
10321 10326 1
10321 10327 1
10321 10328 1
10325 10321 1
10325 10322 1
10325 10326 1
10325 10327 1
10325 10328 1
10326 10321 1
10326 10322 1
10326 10325 1
10326 10327 1
10326 10328 1
10327 10321 1
10327 10322 1
10327 10325 1
10327 10326 1
10327 10328 1
10327 20518 1
10328 10321 1
10328 10322 1
10328 10325 1
10328 10326 1
10328 10327 1
13724 10322 1
1607 1632 1
1607 1636 1
1607 1639 1
1607 1646 1
1607 1665 1
1607 1669 1
1607 1675 1
1607 1677 1
1607 1680 1
1607 2843 1
1607 2899 1
1607 4654 1
1607 10082 1
1632 1607 1
1632 1636 1
1632 1639 1
1632 1646 1
1632 1665 1
1632 1669 1
1632 1675 1
1632 1677 1
1632 1680 1
1632 3634 1
1632 7577 1
1632 8722 1
1636 1607 1
1636 1632 1
1636 1639 1
1636 1646 1
1636 1665 1
1636 1669 1
1636 1675 1
1636 1677 1
1636 1680 2
1639 1607 1
1639 1632 1
1639 1636 1
1639 1646 1
1639 1665 1
1639 1669 1
1639 1675 1
1639 1677 1
1639 1680 1
1646 1607 1
1646 1632 1
1646 1636 1
1646 1639 1
1646 1665 1
1646 1669 1
1646 1675 1
1646 1677 1
1646 1680 1
1669 1607 1
1669 1632 1
1669 1636 1
1669 1639 1
1669 1646 1
1669 1665 1
1669 1675 1
1669 1677 1
1669 1680 1
1669 8615 1
1675 1607 1
1675 1632 1
1675 1636 1
1675 1639 1
1675 1646 1
1675 1665 1
1675 1669 1
1675 1677 1
1675 1680 1
1677 975 1
1677 1607 1
1677 1632 1
1677 1636 1
1677 1639 1
1677 1646 1
1677 1665 1
1677 1669 1
1677 1675 1
1677 1680 1
1677 2404 1
1677 4017 1
1677 4018 1
1677 4019 1
1677 4432 1
1680 1607 1
1680 1632 1
1680 1636 2
1680 1639 1
1680 1646 1
1680 1665 1
1680 1669 1
1680 1675 1
1680 1677 1
3392 2032 1
3392 6393 1
3392 9317 1
3392 10541 1
3392 18732 1
3392 20239 1
6393 2032 1
6393 3392 1
6393 9317 1
6393 10541 1
6393 18732 1
6393 20239 1
7239 2032 1
7239 11815 2
7239 18273 1
9317 2032 1
9317 3392 1
9317 6393 1
9317 10541 1
9317 18732 1
9317 20239 1
10541 2032 1
10541 3392 1
10541 6393 1
10541 9317 1
10541 18732 1
10541 20239 1
11815 2032 1
11815 7239 2
11815 18273 1
18273 2032 1
18273 7239 1
18273 11815 1
18732 2032 1
18732 3392 1
18732 6393 1
18732 9317 1
18732 10541 1
18732 20239 1
20239 2032 1
20239 2208 1
20239 3392 1
20239 6393 1
20239 9317 1
20239 10541 1
20239 13151 1
20239 18191 1
20239 18732 1
20239 21107 1
905 2589 1
905 2596 1
905 15493 1
2596 905 1
2596 2589 1
2596 15493 1
15493 905 1
15493 2589 1
15493 2596 1
14313 3454 1
5664 10414 1
5664 10419 1
5664 10441 1
5664 13716 1
5664 15746 1
10419 5664 1
10419 10414 1
10419 10441 1
10419 13716 1
10419 15746 1
10441 5664 1
10441 10414 1
10441 10419 1
10441 13716 1
10441 15746 1
13716 5664 1
13716 10414 1
13716 10419 1
13716 10441 1
13716 15746 1
15746 5248 1
15746 5664 1
15746 10414 1
15746 10419 1
15746 10441 1
15746 13716 1
9015 14977 1
9015 20140 1
20140 9015 1
20140 14977 1
2045 14994 1
2045 16697 1
2045 18903 1
2045 27170 1
14994 2045 1
14994 16697 1
14994 18903 1
14994 27170 1
18903 2045 1
18903 14994 1
18903 16697 1
18903 27170 1
27170 2045 1
27170 14994 1
27170 16697 1
27170 18903 1
13178 16350 1
18444 16350 1
18444 16562 1
18444 19149 1
18444 23279 1
18444 25048 1
18444 25049 1
19149 3724 1
19149 16350 1
19149 16562 1
19149 18444 1
19149 23279 1
19149 25048 1
19149 25049 1
23279 16350 1
23279 16562 1
23279 18444 1
23279 19149 1
23279 25048 1
23279 25049 1
25048 16350 1
25048 16562 1
25048 18444 1
25048 19149 1
25048 23279 1
25048 25049 2
25049 16350 1
25049 16562 1
25049 18444 1
25049 19149 1
25049 21587 1
25049 23279 1
25049 25048 2
15422 21521 1
9644 35397 1
25602 35397 1
2749 2721 1
2749 2750 1
2749 2764 1
2749 4604 1
2749 5363 1
2749 8375 1
2749 11136 1
2749 16509 1
2750 2721 1
2750 2749 1
2750 2764 1
2750 4604 1
2750 8375 1
2750 11136 1
2750 16509 1
2764 2721 1
2764 2749 1
2764 2750 1
2764 4604 1
2764 8375 1
2764 11136 1
2764 16509 1
4604 2721 1
4604 2749 1
4604 2750 1
4604 2764 1
4604 8375 1
4604 11136 1
4604 16509 1
8375 2721 1
8375 2749 1
8375 2750 1
8375 2764 1
8375 4604 1
8375 11136 1
8375 16509 1
11136 2721 1
11136 2749 1
11136 2750 1
11136 2764 1
11136 4604 1
11136 8375 1
11136 16509 1
16509 2721 1
16509 2749 1
16509 2750 1
16509 2764 1
16509 4604 1
16509 8375 1
16509 11136 1
4786 18698 1
4786 18907 1
18907 4786 1
18907 18698 1
30910 40872 1
41372 30325 1
41372 40872 1
45547 20197 1
55666 67021 1
824 3091 1
824 3092 1
824 3652 1
824 3663 1
824 3664 1
824 6819 1
824 6820 1
824 6821 1
824 6976 1
824 9235 1
3092 824 1
3092 3091 1
3092 3652 1
3092 3663 1
3092 3664 1
3092 6819 1
3092 6820 1
3092 6821 1
3092 6976 1
3092 9235 1
3652 824 1
3652 3091 1
3652 3092 1
3652 3663 1
3652 3664 1
3652 6819 1
3652 6820 1
3652 6821 1
3652 6976 1
3652 9235 1
3663 824 1
3663 3091 1
3663 3092 1
3663 3652 1
3663 3664 1
3663 6819 1
3663 6820 1
3663 6821 1
3663 6976 1
3663 9235 1
3664 810 1
3664 824 1
3664 932 1
3664 2341 1
3664 2359 1
3664 2826 1
3664 3091 1
3664 3092 1
3664 3652 1
3664 3663 1
3664 5154 1
3664 5688 1
3664 6290 1
3664 6432 1
3664 6812 1
3664 6819 1
3664 6820 1
3664 6821 1
3664 6976 1
3664 7762 1
3664 8099 1
3664 8655 1
3664 9235 1
3664 13688 1
6819 824 1
6819 3091 1
6819 3092 1
6819 3652 1
6819 3663 1
6819 3664 1
6819 6820 1
6819 6821 1
6819 6976 1
6819 9235 1
6820 824 1
6820 3091 1
6820 3092 1
6820 3652 1
6820 3663 1
6820 3664 1
6820 6819 1
6820 6821 1
6820 6976 1
6820 9235 1
6821 824 1
6821 3091 1
6821 3092 1
6821 3652 1
6821 3663 1
6821 3664 1
6821 6819 1
6821 6820 1
6821 6976 1
6821 9235 1
6976 824 1
6976 3091 1
6976 3092 1
6976 3652 1
6976 3663 1
6976 3664 1
6976 6036 1
6976 6819 1
6976 6820 1
6976 6821 1
6976 9235 1
9235 242 1
9235 824 1
9235 3091 1
9235 3092 1
9235 3648 1
9235 3652 1
9235 3663 1
9235 3664 1
9235 6819 1
9235 6820 1
9235 6821 1
9235 6976 1
975 1677 1
975 2404 1
975 4017 1
975 4018 1
975 4019 1
975 4432 1
2404 975 1
2404 1677 1
2404 4017 1
2404 4018 1
2404 4019 1
2404 4432 1
4018 975 1
4018 1677 1
4018 2404 1
4018 4017 1
4018 4019 1
4018 4432 1
4019 975 1
4019 1677 1
4019 2404 1
4019 4017 1
4019 4018 1
4019 4432 1
4432 975 1
4432 1677 1
4432 2404 1
4432 4017 1
4432 4018 1
4432 4019 1
4432 7474 1
2625 2831 1
2625 2915 1
2625 3231 1
2625 3232 1
2625 3234 1
2625 3996 1
2625 5311 1
2625 5791 1
2625 14613 1
2831 2625 1
2831 2915 2
2831 3232 1
2831 5311 1
2831 5314 1
2831 14613 1
2915 2625 1
2915 2831 2
2915 3232 1
2915 5311 1
2915 5314 1
2915 14613 1
3232 2625 1
3232 2831 1
3232 2915 1
3232 5311 1
3232 14613 1
14613 2625 1
14613 2831 1
14613 2915 1
14613 3232 1
14613 4403 1
14613 5311 1
14489 870 1
14489 5769 1
14489 8469 1
14489 13649 1
14489 14486 1
14489 14490 1
14489 16526 1
14489 17739 1
14489 20173 1
14489 20941 1
20173 8469 1
20173 14489 1
20173 20941 1
20941 8469 1
20941 14489 1
20941 20173 1
10593 10608 1
10593 10609 1
10593 10610 1
10593 14784 1
10608 10593 1
10608 10609 1
10608 10610 1
10608 14784 1
10609 10593 1
10609 10608 1
10609 10610 1
10609 14784 1
14784 10593 1
14784 10608 1
14784 10609 1
14784 10610 1
2060 8200 1
2060 11419 1
2060 13143 1
8200 2060 1
8200 11419 1
8200 13143 1
13143 2060 1
13143 8200 1
13143 11419 1
20232 8059 1
20232 11405 1
21587 8059 1
21587 25049 1
8203 8211 1
8203 12369 1
8203 18181 1
8203 21102 1
8211 8203 1
8211 12369 1
8211 18181 1
8211 21102 1
18181 8203 1
18181 8211 1
18181 12369 1
18181 21102 1
21102 8203 1
21102 8211 1
21102 12369 1
21102 18181 1
31072 14801 1
3393 21986 1
3393 21988 1
3393 23492 1
17032 21189 1
17032 21986 1
21189 17032 1
21189 21986 1
21988 3393 1
21988 21986 1
21988 23492 1
23492 3393 1
23492 21986 1
23492 21988 1
19338 24483 1
10096 12535 1
10096 14201 1
10096 15608 1
10096 20962 1
10096 28111 1
10096 123426 1
12535 10096 1
12535 14201 1
12535 15608 1
12535 20962 1
12535 28111 1
12535 123426 1
14201 10096 1
14201 12535 1
14201 15608 1
14201 20962 1
14201 28111 1
14201 123426 1
15608 10096 1
15608 12535 1
15608 14201 1
15608 20962 1
15608 28111 1
15608 123426 1
20962 10096 1
20962 12535 1
20962 14201 1
20962 15608 1
20962 28111 1
20962 123426 1
123426 10096 1
123426 12535 1
123426 14201 1
123426 15608 1
123426 20962 1
123426 28111 1
123426 123424 1
50361 81776 1
51531 81776 1
68061 81776 1
9107 2123 1
9107 7888 1
9107 11123 1
9107 14112 1
11123 2123 1
11123 9107 1
11123 14112 3
14112 2123 1
14112 9107 1
14112 11123 3
3279 3242 2
3279 3243 2
3279 3244 1
3279 3368 1
2126 7996 1
2126 8151 2
2126 8553 1
5600 8553 1
6368 8553 1
7996 2126 1
7996 8151 1
7996 8553 1
8151 2126 2
8151 7996 1
8151 8553 1
8506 11764 1
9430 11764 1
12015 11764 1
1367 3252 1
1367 6033 1
1367 6035 1
1367 6036 1
1367 7795 1
1367 7802 1
1367 11141 1
1367 11805 1
1367 11808 1
1367 17295 1
1367 17322 1
6033 1367 1
6033 3252 1
6033 6035 1
6033 6036 1
6033 7795 1
6033 7802 1
6033 11141 1
6033 11805 1
6033 11808 1
6033 17295 1
6033 17322 1
6035 1367 1
6035 3252 1
6035 6033 1
6035 6036 1
6035 7795 1
6035 7802 1
6035 11141 1
6035 11805 1
6035 11808 1
6035 17295 1
6035 17322 1
6036 1367 1
6036 1572 1
6036 3252 1
6036 6033 1
6036 6035 1
6036 6976 1
6036 7795 1
6036 7802 1
6036 11141 1
6036 11805 1
6036 11808 1
6036 14773 1
6036 17295 1
6036 17322 1
6305 3252 1
7795 1367 1
7795 3252 1
7795 6033 1
7795 6035 1
7795 6036 1
7795 7802 1
7795 11141 1
7795 11805 1
7795 11808 1
7795 17295 1
7795 17322 1
7802 1367 1
7802 3252 1
7802 6033 1
7802 6035 1
7802 6036 1
7802 7795 1
7802 11141 1
7802 11805 1
7802 11808 1
7802 17295 1
7802 17322 1
11141 1367 1
11141 3252 1
11141 6033 1
11141 6035 1
11141 6036 1
11141 7795 1
11141 7802 1
11141 11805 1
11141 11808 1
11141 16877 1
11141 17295 1
11141 17322 1
11805 1367 1
11805 3252 1
11805 6033 1
11805 6035 1
11805 6036 1
11805 7795 1
11805 7802 1
11805 11141 1
11805 11808 1
11805 17295 1
11805 17322 1
11808 1367 1
11808 2462 1
11808 3252 1
11808 6033 1
11808 6035 1
11808 6036 1
11808 7795 1
11808 7802 1
11808 11141 1
11808 11805 1
11808 17295 1
11808 17322 1
17295 1367 1
17295 3252 1
17295 6033 1
17295 6035 1
17295 6036 1
17295 7795 1
17295 7802 1
17295 11141 1
17295 11805 1
17295 11808 1
17295 17322 1
17322 1367 1
17322 3252 1
17322 6033 1
17322 6035 1
17322 6036 1
17322 7795 1
17322 7802 1
17322 11141 1
17322 11805 1
17322 11808 1
17322 15428 1
17322 17295 1
12466 4630 1
12466 12984 1
12466 14748 1
12466 14749 1
12466 125091 1
12984 4630 1
12984 12466 1
12984 12983 1
12984 14748 1
12984 14749 1
12984 125091 1
14748 4630 1
14748 12466 1
14748 12984 1
14748 14749 1
14748 125091 1
14749 4630 1
14749 12466 1
14749 12984 1
14749 14748 1
14749 125091 1
125091 4630 1
125091 12466 1
125091 12984 1
125091 14748 1
125091 14749 1
4986 4987 1
4986 4995 1
4986 5800 1
4986 5805 1
4986 7861 1
4986 8416 1
4986 9718 1
4986 10479 1
4987 4986 1
4987 4995 1
4987 5800 1
4987 5805 1
4987 7861 1
4987 8416 1
4987 9718 1
4987 10479 1
4987 13062 1
5800 4986 1
5800 4987 1
5800 5805 1
5800 7861 1
5800 8416 1
5800 9718 1
8416 4986 1
8416 4987 1
8416 5800 1
8416 5805 1
8416 7861 1
8416 9718 1
9718 4986 1
9718 4987 1
9718 5800 1
9718 5805 1
9718 7861 1
9718 8416 1
7885 7886 1
7885 7887 1
7885 7888 1
7886 7885 1
7886 7887 1
7886 7888 1
7888 7885 1
7888 7886 1
7888 7887 1
7888 9107 1
7889 7887 1
8384 7887 1
8384 11540 1
11540 7887 1
11540 8384 1
317 12053 1
317 14615 1
317 18280 1
1017 4133 1
1017 7336 1
1017 8528 1
1017 11387 1
1017 12053 1
4133 1017 1
4133 7336 1
4133 8528 1
4133 11387 1
4133 12053 1
7336 1017 1
7336 4133 1
7336 8528 1
7336 11387 1
7336 12053 1
8528 1017 1
8528 4133 1
8528 7336 1
8528 11387 1
8528 12053 1
11387 1017 1
11387 4133 1
11387 7336 1
11387 8528 1
11387 12053 1
11941 12053 1
11941 12629 1
12629 11941 1
12629 12053 1
14615 317 1
14615 12053 1
14615 18280 1
18280 317 1
18280 12053 1
18280 14615 1
724 12327 1
724 12819 2
724 14502 2
724 14635 1
724 14637 1
2062 14635 1
2062 18926 1
2062 25648 1
12327 724 1
12327 12819 1
12327 14502 1
12327 14635 1
12327 14637 1
12819 724 2
12819 12327 1
12819 14502 2
12819 14635 1
12819 14637 1
14502 724 2
14502 12327 1
14502 12819 2
14502 14635 1
14502 14637 1
14637 724 1
14637 12327 1
14637 12819 1
14637 14502 1
14637 14635 1
18926 2062 1
18926 14635 1
18926 25648 1
25648 2062 1
25648 14635 1
25648 18926 1
984 20196 1
984 54967 1
15031 20196 1
15031 22691 1
15031 24916 1
22691 15031 1
22691 20196 1
22691 24916 1
24916 15031 1
24916 20196 1
24916 22691 1
54967 984 1
54967 20196 1
2573 4297 1
18063 4297 1
18063 8722 1
4737 5493 1
5480 5493 1
5480 8622 1
5480 9568 1
5480 10130 1
5480 13392 1
5480 21440 1
5480 22237 1
8622 5480 1
8622 5493 1
8622 9568 1
8622 13392 1
8622 21440 1
8622 22237 1
9568 3648 1
9568 5480 1
9568 5493 1
9568 8622 1
9568 13392 1
9568 21440 1
9568 22237 1
21440 5480 1
21440 5493 1
21440 8622 1
21440 9568 1
21440 13392 1
21440 22237 1
22237 5480 1
22237 5493 1
22237 8622 1
22237 9568 1
22237 13392 1
22237 21440 1
13688 1498 1
13688 3664 1
13688 8176 1
3097 3952 1
3097 7577 1
3097 9744 1
3097 9755 1
3097 13899 1
3097 16681 1
3097 16853 1
3097 16996 1
3097 17409 1
3097 21537 1
3952 3097 1
3952 7577 1
3952 9744 1
3952 9755 1
3952 10130 1
3952 13899 1
3952 16681 1
3952 16853 1
3952 16996 1
3952 17409 1
3952 21537 1
7577 1632 1
7577 3097 1
7577 3952 1
7577 8722 1
7577 9744 1
7577 9755 1
7577 13899 1
7577 16681 1
7577 16853 1
7577 16996 1
7577 17409 1
7577 21537 1
9755 3097 1
9755 3952 1
9755 7577 1
9755 9744 1
9755 13899 1
9755 16681 1
9755 16853 1
9755 16996 1
9755 17409 1
9755 21537 1
13899 3097 1
13899 3952 1
13899 7577 1
13899 9744 1
13899 9755 1
13899 16681 1
13899 16853 1
13899 16996 1
13899 17409 1
13899 21537 1
16681 3097 1
16681 3952 1
16681 7577 1
16681 9744 1
16681 9755 1
16681 13899 1
16681 16853 1
16681 16996 1
16681 17409 1
16681 21537 1
16853 3097 1
16853 3952 1
16853 7577 1
16853 9744 1
16853 9755 1
16853 13392 1
16853 13899 1
16853 16681 1
16853 16996 1
16853 17409 1
16853 21537 1
21537 3097 1
21537 3952 1
21537 7577 1
21537 9744 1
21537 9755 1
21537 13899 1
21537 16681 1
21537 16853 1
21537 16996 1
21537 17409 1
21537 21536 1
4303 2765 1
4508 2871 1
4508 4507 2
4508 4509 1
4508 4511 2
4508 4515 1
4508 22618 1
4508 23162 1
4511 4507 2
4511 4508 2
4511 4529 1
4511 22615 1
4511 22616 1
4511 22618 1
4515 4507 1
4515 4508 1
4515 4509 1
4515 22618 1
4515 23162 1
4529 4507 1
4529 4511 1
4529 22615 1
4529 22616 1
4529 22618 1
7425 4507 1
7425 15363 1
7425 19945 1
15363 4507 1
15363 7425 1
15363 19945 1
18583 4507 1
18583 8002 1
19945 4507 1
19945 7425 1
19945 15363 1
22615 4507 1
22615 4511 1
22615 4529 1
22615 22616 2
22615 22618 1
22616 4507 1
22616 4511 1
22616 4529 1
22616 22615 2
22616 22618 1
22618 4507 2
22618 4508 1
22618 4509 1
22618 4511 1
22618 4515 1
22618 4529 1
22618 22615 1
22618 22616 1
22618 23162 1
23162 4507 1
23162 4508 1
23162 4509 1
23162 4515 1
23162 22618 1
23438 4507 1
23438 25819 1
23438 35458 1
23438 38439 1
25819 4507 1
25819 23438 1
25819 35458 1
25819 38439 1
35458 4507 1
35458 23438 1
35458 25819 1
35458 38439 1
38439 4507 1
38439 23438 1
38439 25819 1
38439 35458 1
3000 5221 1
3000 5509 1
3000 8002 1
3000 8158 1
3000 124250 1
4896 5509 1
5221 3000 1
5221 5509 1
5221 8002 1
5221 8158 1
8002 3000 1
8002 5221 1
8002 5509 1
8002 8158 1
8002 18583 1
8158 3000 1
8158 5221 1
8158 5509 1
8158 8002 1
182 193 1
182 6091 1
182 6127 1
182 7861 1
182 7876 1
193 182 1
193 6091 1
193 6127 1
193 7861 1
193 7876 1
6091 182 1
6091 193 1
6091 6127 1
6091 7861 1
6091 7876 1
6127 182 1
6127 193 1
6127 6091 1
6127 7861 1
6127 7876 1
7876 182 1
7876 193 1
7876 6091 1
7876 6127 1
7876 7861 1
8615 1669 1
8615 7861 1
8615 8772 1
8772 7861 1
8772 8615 1
1361 3720 1
1361 6848 1
1361 10485 1
1361 12821 1
3720 65 1
3720 1361 1
3720 6848 1
3720 10485 1
3720 12821 1
6848 1361 1
6848 3720 1
6848 10485 1
6848 12821 1
9700 12821 1
9700 19795 2
10485 1361 1
10485 3720 1
10485 6848 1
10485 12821 1
19795 9700 2
19795 12821 1
9008 13392 1
3648 242 1
3648 397 1
3648 398 1
3648 403 1
3648 410 1
3648 9235 1
3648 9568 1
65 3720 1
4995 4986 1
4995 4987 1
4995 10479 2
4995 13062 1
10479 4986 1
10479 4987 1
10479 4995 2
10479 13062 1
13062 4987 1
13062 4995 1
13062 10479 1
2871 4508 1
21536 21537 1
12983 12984 1
2462 11808 1
15428 17322 1
3242 3243 4
3242 3244 1
3242 3279 2
3243 3242 4
3243 3244 1
3243 3279 2
3244 3242 1
3244 3243 1
3244 3279 1
123424 123426 1
11405 20232 1
870 5769 1
870 13649 1
870 14486 1
870 14489 1
870 14490 1
870 16526 1
870 17739 1
5769 870 1
5769 13649 1
5769 14486 1
5769 14489 1
5769 14490 1
5769 16526 1
5769 17739 1
13649 870 1
13649 5769 1
13649 14486 1
13649 14489 1
13649 14490 1
13649 16526 1
13649 17739 1
14486 870 1
14486 5769 1
14486 13649 1
14486 14489 1
14486 14490 1
14486 16526 1
14486 17739 1
14490 870 1
14490 5769 1
14490 13649 1
14490 14486 1
14490 14489 1
14490 16526 1
14490 17739 1
16526 870 1
16526 5769 1
16526 13649 1
16526 14486 1
16526 14489 1
16526 14490 1
16526 17739 1
17739 870 1
17739 5769 1
17739 13649 1
17739 14486 1
17739 14489 1
17739 14490 1
17739 16526 1
3231 2625 1
3231 3234 1
3231 3996 1
3231 5791 1
3234 2625 1
3234 3231 1
3234 3996 1
3234 5791 1
3996 2625 1
3996 3231 1
3996 3234 1
3996 5791 1
5791 2625 1
5791 3231 1
5791 3234 1
5791 3996 1
4403 14613 1
810 2341 1
810 2359 1
810 2826 1
810 3664 1
810 5154 1
810 5688 1
810 6290 1
810 6432 1
810 6812 1
810 7762 1
810 8099 1
932 3664 1
2341 810 1
2341 2359 1
2341 2826 1
2341 3664 1
2341 5154 1
2341 5688 1
2341 6290 1
2341 6432 1
2341 6812 1
2341 7762 1
2341 8099 1
2359 810 1
2359 2341 1
2359 2826 1
2359 3664 1
2359 5154 1
2359 5688 2
2359 6290 1
2359 6432 1
2359 6812 1
2359 7762 1
2359 8099 1
2826 810 1
2826 2341 1
2826 2359 1
2826 3664 1
2826 5154 1
2826 5688 1
2826 6290 1
2826 6432 1
2826 6812 1
2826 7762 1
2826 8099 1
5154 810 1
5154 2341 1
5154 2359 1
5154 2826 1
5154 3664 1
5154 5688 1
5154 6290 1
5154 6432 1
5154 6812 1
5154 7762 1
5154 8099 1
5688 810 1
5688 2341 1
5688 2359 2
5688 2826 1
5688 3664 1
5688 5154 1
5688 6290 1
5688 6432 1
5688 6812 1
5688 7762 1
5688 8099 1
6290 810 1
6290 2341 1
6290 2359 1
6290 2826 1
6290 3664 1
6290 5154 1
6290 5688 1
6290 6432 1
6290 6812 1
6290 7762 1
6290 8099 1
6432 810 1
6432 2341 1
6432 2359 1
6432 2826 1
6432 3664 1
6432 5154 1
6432 5688 1
6432 6290 1
6432 6812 1
6432 7762 1
6432 8099 1
6812 810 1
6812 2341 1
6812 2359 1
6812 2826 1
6812 3664 1
6812 5154 1
6812 5688 1
6812 6290 1
6812 6432 1
6812 7762 1
6812 8099 1
7762 810 1
7762 2341 1
7762 2359 1
7762 2826 1
7762 3664 1
7762 5154 1
7762 5688 1
7762 6290 1
7762 6432 1
7762 6812 1
7762 8099 1
8099 810 1
8099 2341 1
8099 2359 1
8099 2826 1
8099 3664 1
8099 5154 1
8099 5688 1
8099 6290 1
8099 6432 1
8099 6812 1
8099 7762 1
8655 3664 1
242 3648 1
242 9235 1
30325 41372 1
3724 19149 1
5248 15746 1
2208 18191 1
2208 20239 1
2208 21107 1
13151 20239 1
18191 2208 1
18191 20239 1
18191 21107 1
21107 2208 1
21107 18191 1
21107 20239 1
21107 24050 1
2899 1607 1
2899 2842 1
2899 2843 2
2899 2898 1
2899 4654 1
2899 10082 1
4654 1607 1
4654 2843 1
4654 2899 1
4654 10082 1
10082 1607 1
10082 2843 1
10082 2899 1
10082 4654 1
3634 1632 1
20518 10327 1
34258 30070 1
32416 38335 1
32941 38490 1
2842 2843 1
2842 2898 1
2842 2899 1
2856 2843 1
2856 2866 1
2866 2843 1
2866 2856 1
2898 2842 1
2898 2843 1
2898 2899 1
1177 8417 1
1177 9741 1
1177 10337 1
1177 15604 1
8417 1177 1
8417 9741 1
8417 10337 1
8417 15604 1
9741 1177 1
9741 8417 1
9741 10337 1
9741 15604 1
10337 1177 1
10337 8417 1
10337 9741 1
10337 15604 1
3219 3330 1
3219 7482 1
3330 3219 1
3330 7482 1
10890 10889 1
8726 14773 1
397 398 1
397 403 1
397 410 1
397 3648 1
398 397 1
398 403 1
398 410 1
398 3648 1
410 397 1
410 398 1
410 403 1
410 3648 1
24050 21107 1
