3354 586 1
586 575 1
586 585 1
586 588 1
586 589 1
586 601 1
586 880 1
586 1480 1
586 3354 1
586 3926 1
586 6168 1
586 6169 1
586 8463 1
586 11362 1
586 11363 1
586 12080 1
586 12854 1
575 585 1
575 586 1
575 588 1
575 589 1
575 880 1
575 2200 1
575 2203 1
575 2447 1
575 6168 1
575 6169 1
575 11362 1
575 11363 1
575 11786 1
575 12622 1
575 16106 1
575 31042 1
585 575 1
585 586 1
585 588 1
585 589 2
585 880 1
585 6168 1
585 6169 1
585 9076 1
585 11362 1
585 11363 1
585 12079 1
585 25166 1
588 575 1
588 585 1
588 586 1
588 589 1
588 880 1
588 6168 1
588 6169 1
588 11362 1
588 11363 1
589 575 1
589 585 2
589 586 1
589 588 1
589 880 1
589 6168 1
589 6169 1
589 9076 1
589 11362 1
589 11363 1
589 12079 1
589 25166 1
601 469 1
601 475 1
601 586 1
601 602 1
601 1459 1
601 2075 1
601 3239 1
601 3240 1
601 3241 1
601 3266 1
601 5761 1
601 9569 1
601 9571 1
601 10077 1
601 10305 1
601 11084 1
601 11092 1
601 11165 1
880 575 1
880 585 1
880 586 1
880 588 1
880 589 1
880 6168 1
880 6169 1
880 11362 1
880 11363 1
1480 586 1
1480 882 1
1480 1482 1
1480 3351 1
1480 3605 1
1480 3926 1
1480 4196 1
1480 6168 1
1480 6169 1
1480 6401 1
1480 7187 1
1480 8463 1
1480 9442 1
1480 9445 1
1480 11363 1
1480 12080 1
1480 12615 1
1480 12854 1
1480 14375 1
1480 14473 1
1480 17477 1
1480 125945 1
3926 576 1
3926 586 1
3926 1480 1
3926 3433 1
3926 3439 1
3926 3922 1
3926 3931 1
3926 3932 1
3926 3948 1
3926 3949 1
3926 5346 1
3926 6388 1
3926 8032 1
3926 8463 1
3926 9967 1
3926 10474 1
3926 11049 1
3926 12080 1
3926 12854 1
3926 13306 1
3926 13826 1
3926 14879 1
3926 18367 1
3926 18453 1
3926 20726 1
3926 23109 1
6168 575 1
6168 585 1
6168 586 1
6168 588 1
6168 589 1
6168 880 1
6168 882 1
6168 1469 1
6168 1470 1
6168 1480 1
6168 1482 1
6168 2091 1
6168 3108 1
6168 3356 1
6168 3605 1
6168 3899 1
6168 3910 1
6168 3955 1
6168 4037 1
6168 4196 1
6168 4267 1
6168 5419 1
6168 5420 1
6168 5421 1
6168 5422 1
6168 6030 1
6168 6169 3
6168 6172 1
6168 6401 1
6168 6786 1
6168 7187 1
6168 8393 1
6168 9061 1
6168 9063 1
6168 9442 1
6168 9931 1
6168 10224 1
6168 11362 1
6168 11363 1
6168 12611 1
6168 12615 1
6168 14375 1
6168 17477 1
6168 125945 1
6169 575 1
6169 585 1
6169 586 1
6169 588 1
6169 589 1
6169 880 1
6169 882 1
6169 1469 1
6169 1470 1
6169 1480 1
6169 1482 1
6169 2091 1
6169 3605 1
6169 3899 1
6169 4037 1
6169 4196 1
6169 5419 1
6169 5420 1
6169 5421 1
6169 5422 1
6169 6168 3
6169 6401 1
6169 6786 1
6169 7187 1
6169 9063 1
6169 9442 1
6169 10224 1
6169 11362 1
6169 11363 1
6169 12615 1
6169 14375 1
6169 17477 1
6169 125945 1
8463 586 1
8463 1480 1
8463 3926 1
8463 12080 1
8463 12854 1
11362 575 1
11362 585 1
11362 586 1
11362 588 1
11362 589 1
11362 880 1
11362 6168 1
11362 6169 1
11362 11363 1
11363 575 1
11363 585 1
11363 586 1
11363 588 1
11363 589 1
11363 847 1
11363 880 1
11363 888 1
11363 1480 1
11363 1482 1
11363 1485 1
11363 2212 1
11363 3069 1
11363 3071 1
11363 3351 1
11363 3355 1
11363 3443 1
11363 3515 1
11363 4041 1
11363 5298 1
11363 5703 1
11363 6057 1
11363 6168 1
11363 6169 1
11363 7623 1
11363 8137 1
11363 8944 1
11363 9445 1
11363 9931 1
11363 9932 1
11363 11362 1
11363 12812 1
11363 12856 1
11363 13695 1
11363 14473 1
11363 14626 1
11363 15099 1
12080 586 1
12080 1480 1
12080 1587 1
12080 3443 1
12080 3926 1
12080 7370 1
12080 8463 1
12080 12854 1
12854 425 1
12854 544 1
12854 586 1
12854 670 1
12854 1451 1
12854 1480 1
12854 3926 1
12854 4269 1
12854 4783 1
12854 5215 1
12854 5291 1
12854 6356 1
12854 6929 1
12854 7313 1
12854 7595 1
12854 8463 1
12854 11028 1
12854 12080 1
12854 126088 1
2200 575 1
2200 1562 1
2200 1642 1
2200 2203 1
2200 5799 1
2200 11786 1
2200 12622 1
2200 17682 1
2203 575 1
2203 2200 1
2203 3068 1
2203 4195 1
2203 4196 1
2203 4205 1
2203 4209 1
2203 4210 1
2203 4211 1
2203 4999 1
2203 11786 1
2203 12622 1
2203 14624 1
2203 14626 1
2203 14627 1
2203 14628 1
2447 575 1
2447 2346 1
2447 2347 1
2447 2446 1
2447 7034 1
2447 7124 1
2447 31042 1
11786 575 1
11786 2200 1
11786 2203 1
11786 3840 1
11786 7797 1
11786 11784 1
11786 11785 1
11786 11829 1
11786 12622 1
12622 575 1
12622 2200 1
12622 2203 1
12622 11086 1
12622 11786 1
16106 575 1
16106 23338 1
16106 27312 1
31042 575 1
31042 2447 1
31042 18171 1
9076 178 1
9076 531 1
9076 585 1
9076 589 1
9076 1046 1
9076 4161 1
9076 9077 1
9076 12079 1
9076 20381 1
9076 25166 1
12079 585 1
12079 589 1
12079 1587 1
12079 2290 1
12079 4031 1
12079 4035 1
12079 9076 1
12079 11028 1
12079 25166 1
25166 585 1
25166 589 1
25166 2224 1
25166 9076 1
25166 12079 1
25166 12507 1
469 475 1
469 601 1
469 1459 1
469 2075 1
469 3239 1
469 3240 1
469 3241 1
469 3266 1
469 5761 1
469 9569 1
469 9571 1
469 10077 1
469 10305 1
469 11084 1
469 11165 1
475 460 1
475 469 1
475 474 1
475 601 1
475 751 1
475 1459 1
475 1700 1
475 2075 1
475 2673 1
475 3040 1
475 3059 1
475 3082 1
475 3239 1
475 3240 1
475 3241 2
475 3266 1
475 3277 1
475 5761 2
475 6151 1
475 6597 1
475 9569 1
475 9571 1
475 10077 2
475 10305 1
475 11084 1
475 11165 1
602 601 1
602 11092 1
1459 469 1
1459 475 1
1459 601 1
1459 2075 1
1459 3239 1
1459 3240 2
1459 3241 2
1459 3266 1
1459 5761 1
1459 8135 1
1459 9569 1
1459 9571 1
1459 10077 2
1459 10305 1
1459 10867 1
1459 11084 2
1459 11165 2
1459 12309 1
1459 125945 1
2075 469 1
2075 475 1
2075 601 1
2075 1459 1
2075 3239 1
2075 3240 1
2075 3241 1
2075 3266 1
2075 5761 1
2075 9569 1
2075 9571 1
2075 10077 1
2075 10305 1
2075 11084 1
2075 11165 1
3239 469 1
3239 475 1
3239 601 1
3239 1459 1
3239 2075 1
3239 3240 1
3239 3241 1
3239 3266 1
3239 5761 1
3239 9569 1
3239 9571 1
3239 10077 1
3239 10305 1
3239 11084 1
3239 11165 1
3240 469 1
3240 475 1
3240 601 1
3240 1459 2
3240 1702 1
3240 1703 1
3240 2075 1
3240 3239 1
3240 3241 2
3240 3266 1
3240 5761 1
3240 8135 1
3240 9569 2
3240 9571 3
3240 10077 2
3240 10305 3
3240 10867 1
3240 11084 2
3240 11165 2
3240 12309 1
3240 13521 1
3240 125945 1
3241 460 1
3241 469 1
3241 474 1
3241 475 2
3241 601 1
3241 751 1
3241 1459 2
3241 1700 1
3241 2075 1
3241 2673 1
3241 3040 1
3241 3059 1
3241 3082 1
3241 3239 1
3241 3240 2
3241 3266 1
3241 3277 1
3241 5761 2
3241 6151 1
3241 6597 1
3241 8135 1
3241 9569 1
3241 9571 1
3241 10077 3
3241 10305 1
3241 10867 1
3241 11084 2
3241 11165 2
3241 12309 1
3241 125945 1
3266 455 1
3266 459 1
3266 464 1
3266 466 1
3266 469 1
3266 475 1
3266 601 1
3266 938 1
3266 1459 1
3266 1698 1
3266 1700 1
3266 1704 1
3266 2075 1
3266 3082 1
3266 3108 1
3266 3239 1
3266 3240 1
3266 3241 1
3266 3356 1
3266 3772 1
3266 3773 1
3266 5761 1
3266 5774 1
3266 5941 1
3266 6086 1
3266 9569 1
3266 9571 1
3266 10077 1
3266 10305 1
3266 11084 1
3266 11165 1
3266 14090 1
3266 14738 1
3266 124562 1
5761 460 1
5761 469 1
5761 474 1
5761 475 2
5761 601 1
5761 751 1
5761 1459 1
5761 1700 1
5761 2075 1
5761 2673 1
5761 3040 1
5761 3059 1
5761 3082 1
5761 3239 1
5761 3240 1
5761 3241 2
5761 3266 1
5761 3277 1
5761 6151 1
5761 6597 1
5761 9569 1
5761 9571 1
5761 10077 3
5761 10305 1
5761 11084 1
5761 11099 1
5761 11165 1
9569 469 1
9569 475 1
9569 601 1
9569 1459 1
9569 1702 1
9569 1703 1
9569 2075 1
9569 3239 1
9569 3240 2
9569 3241 1
9569 3266 1
9569 5761 1
9569 9571 2
9569 10077 1
9569 10305 2
9569 11084 1
9569 11165 1
9569 13521 1
9571 469 1
9571 475 1
9571 601 1
9571 1459 1
9571 1702 1
9571 1703 1
9571 2075 1
9571 3239 1
9571 3240 3
9571 3241 1
9571 3266 1
9571 5761 1
9571 6345 1
9571 9569 2
9571 10077 1
9571 10305 3
9571 11084 1
9571 11165 2
9571 13521 1
10077 460 1
10077 469 1
10077 474 1
10077 475 2
10077 601 1
10077 751 1
10077 1459 2
10077 1475 1
10077 1700 1
10077 1702 1
10077 2075 1
10077 2673 1
10077 3040 1
10077 3059 1
10077 3082 1
10077 3239 1
10077 3240 2
10077 3241 3
10077 3266 1
10077 3277 1
10077 5761 3
10077 6151 1
10077 6597 1
10077 6604 1
10077 8135 1
10077 9569 1
10077 9571 1
10077 10305 1
10077 10779 1
10077 10867 1
10077 11084 2
10077 11165 2
10077 12309 1
10077 125945 1
10305 469 1
10305 475 1
10305 601 1
10305 1459 1
10305 1702 1
10305 1703 1
10305 2075 1
10305 3239 1
10305 3240 3
10305 3241 1
10305 3266 1
10305 5761 1
10305 5998 1
10305 9569 2
10305 9571 3
10305 10077 1
10305 11084 1
10305 11165 2
10305 13521 1
10305 126978 1
11084 469 1
11084 475 1
11084 601 1
11084 1459 2
11084 2075 1
11084 3239 1
11084 3240 2
11084 3241 2
11084 3266 1
11084 5761 1
11084 8135 1
11084 9569 1
11084 9571 1
11084 10011 1
11084 10012 1
11084 10018 1
11084 10077 2
11084 10305 1
11084 10867 1
11084 11165 2
11084 12309 1
11084 125945 1
11092 601 1
11092 602 1
11092 3932 1
11092 8971 1
11092 41500 1
11165 469 1
11165 475 1
11165 601 1
11165 1459 2
11165 2075 1
11165 3239 1
11165 3240 2
11165 3241 2
11165 3266 1
11165 4947 1
11165 5761 1
11165 6358 1
11165 8135 1
11165 9569 1
11165 9571 2
11165 10077 2
11165 10305 2
11165 10867 1
11165 11084 2
11165 12309 1
11165 12620 1
11165 13156 1
11165 35808 1
11165 125945 1
882 1480 1
882 1482 1
882 3358 1
882 3605 1
882 4196 1
882 4652 1
882 6168 1
882 6169 1
882 6401 1
882 7187 1
882 9442 1
882 12615 1
882 14375 1
882 17477 1
882 18566 1
882 125945 1
1482 565 1
1482 847 1
1482 882 1
1482 1480 1
1482 1485 1
1482 2212 1
1482 3108 1
1482 3355 1
1482 3443 1
1482 3605 1
1482 4196 1
1482 5703 1
1482 6057 1
1482 6168 1
1482 6169 1
1482 6401 1
1482 7187 1
1482 8703 1
1482 9442 1
1482 9931 1
1482 11363 1
1482 12615 1
1482 12812 1
1482 14375 1
1482 14626 1
1482 15099 1
1482 17477 1
1482 125945 1
3351 1480 1
3351 3350 1
3351 9445 1
3351 11363 1
3351 14473 1
3605 882 1
3605 1480 1
3605 1482 1
3605 4196 1
3605 6168 1
3605 6169 1
3605 6401 1
3605 7187 1
3605 9442 1
3605 12615 1
3605 14375 1
3605 17477 1
3605 125945 1
4196 882 1
4196 1480 1
4196 1482 1
4196 2203 1
4196 3068 1
4196 3605 1
4196 4195 1
4196 4205 1
4196 4209 1
4196 4210 1
4196 4211 1
4196 4999 1
4196 6168 1
4196 6169 1
4196 6401 1
4196 7187 1
4196 9442 1
4196 12615 1
4196 14375 1
4196 14624 1
4196 14626 2
4196 14627 1
4196 14628 1
4196 17477 1
4196 125945 1
6401 882 1
6401 1480 1
6401 1482 1
6401 3605 1
6401 4196 1
6401 6168 1
6401 6169 1
6401 7187 1
6401 9442 1
6401 12615 1
6401 14375 1
6401 17477 1
6401 125945 1
7187 882 1
7187 1480 1
7187 1482 1
7187 3605 1
7187 4196 1
7187 6168 1
7187 6169 1
7187 6401 1
7187 9442 1
7187 11828 1
7187 12615 1
7187 13267 1
7187 13269 1
7187 14375 1
7187 17367 1
7187 17477 1
7187 125945 1
9442 882 1
9442 1480 1
9442 1482 1
9442 2070 1
9442 3605 1
9442 4196 1
9442 6168 1
9442 6169 1
9442 6401 1
9442 7187 1
9442 10100 1
9442 12615 1
9442 12703 1
9442 14028 1
9442 14375 1
9442 17477 1
9442 125945 1
9445 1480 1
9445 3351 1
9445 11363 1
9445 14473 1
12615 882 1
12615 1480 1
12615 1482 1
12615 2067 1
12615 3605 1
12615 3735 1
12615 4196 1
12615 6087 1
12615 6102 1
12615 6167 1
12615 6168 1
12615 6169 1
12615 6401 1
12615 7187 1
12615 9442 1
12615 13258 1
12615 14375 1
12615 14936 1
12615 14940 1
12615 17477 1
12615 125945 1
14375 882 1
14375 1480 1
14375 1482 1
14375 3605 1
14375 4196 1
14375 6168 1
14375 6169 1
14375 6401 1
14375 7187 1
14375 9442 1
14375 12615 1
14375 16361 1
14375 17477 1
14375 21366 1
14375 22659 1
14375 25303 1
14375 27226 1
14375 29363 1
14375 125945 1
14473 1480 1
14473 2828 1
14473 3351 1
14473 3969 1
14473 9445 1
14473 11363 1
14473 12083 1
14473 127823 1
17477 882 1
17477 1480 1
17477 1482 1
17477 3605 1
17477 4196 1
17477 6168 1
17477 6169 1
17477 6356 1
17477 6401 1
17477 7187 1
17477 9442 1
17477 12615 1
17477 14375 1
17477 125945 1
125945 882 1
125945 1459 1
125945 1480 1
125945 1482 1
125945 3240 1
125945 3241 1
125945 3605 1
125945 4196 1
125945 6168 1
125945 6169 1
125945 6401 1
125945 7187 1
125945 8135 1
125945 9442 1
125945 10077 1
125945 10867 1
125945 11084 1
125945 11165 1
125945 12309 1
125945 12615 1
125945 14375 1
125945 17477 1
576 3433 1
576 3439 1
576 3926 1
576 3931 1
576 3932 1
576 5346 1
576 6388 1
576 8032 1
576 11049 1
576 13306 1
576 13826 1
576 18367 1
576 18453 1
3433 576 1
3433 3439 1
3433 3926 1
3433 3931 1
3433 3932 1
3433 5346 1
3433 6388 1
3433 8032 1
3433 11049 1
3433 13306 1
3433 13826 1
3433 18367 1
3433 18453 1
3439 576 1
3439 3433 1
3439 3926 1
3439 3931 1
3439 3932 1
3439 5346 1
3439 6388 1
3439 8032 1
3439 11049 1
3439 13306 1
3439 13826 1
3439 18367 1
3439 18453 1
3922 3926 1
3922 3948 1
3922 3949 1
3922 9967 1
3922 10474 1
3922 14879 1
3922 20726 1
3922 23109 1
3931 576 1
3931 3433 1
3931 3439 1
3931 3926 1
3931 3932 2
3931 5346 1
3931 6388 1
3931 8032 1
3931 11049 1
3931 13306 1
3931 13826 1
3931 18367 1
3931 18453 1
3932 576 1
3932 3433 1
3932 3439 1
3932 3926 1
3932 3931 2
3932 5346 1
3932 6388 1
3932 8032 1
3932 8971 1
3932 9126 1
3932 9129 1
3932 9130 1
3932 11049 1
3932 11092 1
3932 12541 1
3932 13306 1
3932 13826 1
3932 13979 1
3932 15060 1
3932 17911 1
3932 18367 1
3932 18453 1
3932 20904 1
3932 41500 1
3948 3922 1
3948 3926 1
3948 3949 1
3948 9967 1
3948 10474 1
3948 14879 1
3948 20726 1
3948 23109 1
3949 3922 1
3949 3926 1
3949 3948 1
3949 9967 1
3949 10474 1
3949 14879 1
3949 20726 1
3949 23109 1
5346 576 1
5346 3433 1
5346 3439 1
5346 3926 1
5346 3931 1
5346 3932 1
5346 3945 1
5346 5107 1
5346 5345 1
5346 5347 1
5346 6388 1
5346 8032 1
5346 11049 1
5346 13306 1
5346 13826 1
5346 14665 1
5346 14780 1
5346 15327 1
5346 18275 1
5346 18367 1
5346 18453 1
6388 431 1
6388 576 1
6388 3433 1
6388 3439 1
6388 3926 1
6388 3931 1
6388 3932 1
6388 4054 1
6388 4173 1
6388 5346 1
6388 8032 1
6388 10378 1
6388 10379 1
6388 10380 1
6388 11049 1
6388 13306 1
6388 13734 1
6388 13826 1
6388 14937 1
6388 15481 1
6388 15807 1
6388 18367 1
6388 18453 1
8032 576 1
8032 3433 1
8032 3439 1
8032 3926 1
8032 3931 1
8032 3932 1
8032 5346 1
8032 6388 1
8032 11049 1
8032 13306 1
8032 13826 1
8032 18367 1
8032 18453 1
9967 3082 1
9967 3922 1
9967 3926 1
9967 3948 1
9967 3949 1
9967 8167 1
9967 9126 1
9967 10474 1
9967 14612 1
9967 14879 2
9967 20726 1
9967 23109 1
9967 29946 1
9967 43906 1
10474 3922 1
10474 3926 1
10474 3948 1
10474 3949 1
10474 9967 1
10474 14879 1
10474 17541 1
10474 20726 1
10474 23109 1
11049 576 1
11049 3433 1
11049 3439 1
11049 3926 1
11049 3931 1
11049 3932 1
11049 5346 1
11049 6388 1
11049 8032 1
11049 13306 1
11049 13612 1
11049 13636 1
11049 13646 1
11049 13826 1
11049 18367 1
11049 18453 1
13306 576 1
13306 3433 1
13306 3439 1
13306 3926 1
13306 3931 1
13306 3932 1
13306 5346 1
13306 6388 1
13306 8032 1
13306 11049 1
13306 13826 1
13306 18367 1
13306 18453 1
13306 26713 1
13826 576 1
13826 3433 1
13826 3439 1
13826 3926 1
13826 3931 1
13826 3932 1
13826 5346 1
13826 6388 1
13826 8032 1
13826 11049 1
13826 13306 1
13826 18367 1
13826 18453 1
14879 3922 1
14879 3926 1
14879 3948 1
14879 3949 1
14879 9967 2
14879 10474 1
14879 20726 1
14879 23109 1
14879 29946 1
14879 43906 1
18367 576 1
18367 2705 1
18367 3433 1
18367 3439 1
18367 3926 1
18367 3931 1
18367 3932 1
18367 5346 1
18367 6388 1
18367 8032 1
18367 10455 1
18367 10805 1
18367 11049 1
18367 13306 1
18367 13826 1
18367 16702 1
18367 18368 1
18367 18453 1
18367 19077 1
18367 22924 1
18453 576 1
18453 3433 1
18453 3439 1
18453 3926 1
18453 3931 1
18453 3932 1
18453 5346 1
18453 6388 1
18453 8032 1
18453 11049 1
18453 13306 1
18453 13826 1
18453 18367 1
20726 3922 1
20726 3926 1
20726 3948 1
20726 3949 1
20726 9967 1
20726 10474 1
20726 14879 1
20726 23109 1
20726 26254 1
20726 26879 1
23109 3922 1
23109 3926 1
23109 3948 1
23109 3949 1
23109 9967 1
23109 10474 1
23109 14879 1
23109 20726 1
1469 1470 1
1469 2091 1
1469 3899 1
1469 4037 1
1469 5419 1
1469 5420 1
1469 5421 1
1469 5422 1
1469 6168 1
1469 6169 1
1469 6786 1
1469 9063 1
1469 10224 1
1470 1469 1
1470 2091 1
1470 2413 1
1470 2922 1
1470 2923 1
1470 2924 1
1470 3899 1
1470 3907 1
1470 4031 1
1470 4037 1
1470 5419 1
1470 5420 1
1470 5421 1
1470 5422 1
1470 6051 1
1470 6055 1
1470 6086 1
1470 6168 1
1470 6169 1
1470 6171 1
1470 6786 1
1470 6823 1
1470 7183 1
1470 9063 1
1470 9931 1
1470 9932 1
1470 10053 1
1470 10224 1
1470 10867 1
2091 1469 1
2091 1470 1
2091 3899 1
2091 4037 1
2091 5419 1
2091 5420 1
2091 5421 1
2091 5422 1
2091 6168 1
2091 6169 1
2091 6786 1
2091 9063 1
2091 10224 1
3108 565 1
3108 938 1
3108 1482 1
3108 3266 1
3108 3356 2
3108 3772 1
3108 3773 1
3108 3910 1
3108 3955 1
3108 4267 1
3108 5774 1
3108 5941 1
3108 6030 1
3108 6086 1
3108 6168 1
3108 6172 1
3108 8393 1
3108 8703 1
3108 9061 1
3108 9931 2
3108 12611 1
3108 14090 1
3108 124562 1
3356 938 1
3356 3108 2
3356 3266 1
3356 3772 1
3356 3773 1
3356 3910 1
3356 3955 1
3356 4267 1
3356 5774 1
3356 5941 1
3356 6030 1
3356 6086 1
3356 6168 1
3356 6172 1
3356 8393 1
3356 9061 1
3356 9931 1
3356 12611 1
3356 14090 1
3356 124562 1
3899 1469 1
3899 1470 1
3899 2091 1
3899 4037 1
3899 5419 1
3899 5420 1
3899 5421 1
3899 5422 1
3899 6168 1
3899 6169 1
3899 6786 1
3899 9063 1
3899 10224 1
3910 3108 1
3910 3356 1
3910 3955 1
3910 4267 1
3910 6030 1
3910 6168 1
3910 6172 1
3910 8393 1
3910 9061 1
3910 9931 1
3910 12611 1
3955 3108 1
3955 3356 1
3955 3910 1
3955 4267 1
3955 6030 1
3955 6168 1
3955 6172 1
3955 8393 1
3955 9061 1
3955 9931 1
3955 12611 1
4037 1469 1
4037 1470 1
4037 2091 1
4037 3899 1
4037 5419 1
4037 5420 1
4037 5421 1
4037 5422 1
4037 6168 1
4037 6169 1
4037 6786 1
4037 9063 1
4037 10224 1
4267 3108 1
4267 3356 1
4267 3910 1
4267 3955 1
4267 6030 1
4267 6168 1
4267 6172 1
4267 8393 1
4267 9061 1
4267 9931 1
4267 12611 1
5419 1469 1
5419 1470 1
5419 2091 1
5419 3899 1
5419 4037 1
5419 5420 1
5419 5421 1
5419 5422 1
5419 6168 1
5419 6169 1
5419 6786 1
5419 9063 1
5419 10224 1
5420 1469 1
5420 1470 1
5420 2091 1
5420 3899 1
5420 4037 1
5420 5419 1
5420 5421 1
5420 5422 1
5420 6168 1
5420 6169 1
5420 6786 1
5420 9063 1
5420 10224 1
5421 1469 1
5421 1470 1
5421 2091 1
5421 3899 1
5421 4037 1
5421 5419 1
5421 5420 1
5421 5422 1
5421 6168 1
5421 6169 1
5421 6786 1
5421 9063 1
5421 10224 1
5422 1469 1
5422 1470 1
5422 2091 1
5422 3899 1
5422 4037 1
5422 5419 1
5422 5420 1
5422 5421 1
5422 6168 1
5422 6169 1
5422 6786 1
5422 9063 1
5422 10224 1
6030 3108 1
6030 3356 1
6030 3910 1
6030 3955 1
6030 4267 1
6030 6168 1
6030 6172 1
6030 8393 1
6030 9061 1
6030 9931 1
6030 12611 1
6172 3108 1
6172 3356 1
6172 3910 1
6172 3955 1
6172 4267 1
6172 6030 1
6172 6168 1
6172 8393 1
6172 9061 1
6172 9931 1
6172 12611 1
6786 1469 1
6786 1470 1
6786 2091 1
6786 3899 1
6786 4037 1
6786 5419 1
6786 5420 1
6786 5421 1
6786 5422 1
6786 6168 1
6786 6169 1
6786 9063 1
6786 10224 1
8393 3108 1
8393 3356 1
8393 3910 1
8393 3955 1
8393 4267 1
8393 6030 1
8393 6168 1
8393 6172 1
8393 7184 1
8393 8549 1
8393 9061 1
8393 9931 1
8393 10228 1
8393 12611 1
9061 3108 1
9061 3356 1
9061 3910 1
9061 3955 1
9061 4267 1
9061 6030 1
9061 6168 1
9061 6172 1
9061 8393 1
9061 9931 1
9061 12611 1
9063 1469 1
9063 1470 1
9063 2091 1
9063 3899 1
9063 4032 1
9063 4037 1
9063 5419 1
9063 5420 1
9063 5421 1
9063 5422 1
9063 6168 1
9063 6169 1
9063 6786 1
9063 8030 1
9063 10224 1
9063 19237 1
9063 23329 1
9931 565 1
9931 1470 1
9931 1482 1
9931 3069 1
9931 3071 1
9931 3108 2
9931 3356 1
9931 3515 1
9931 3907 1
9931 3910 1
9931 3955 1
9931 4031 2
9931 4041 1
9931 4267 1
9931 6030 1
9931 6168 1
9931 6172 1
9931 7623 1
9931 8393 1
9931 8703 1
9931 9061 1
9931 9932 2
9931 11363 1
9931 12611 1
9931 12856 1
9931 17422 1
10224 1469 1
10224 1470 1
10224 2091 1
10224 3899 1
10224 4037 1
10224 5419 1
10224 5420 1
10224 5421 1
10224 5422 1
10224 6168 1
10224 6169 1
10224 6786 1
10224 9063 1
10224 9862 1
10224 10225 1
10224 10227 1
10224 10228 1
10224 10229 1
10224 10231 1
10224 11026 1
10224 12133 1
12611 3108 1
12611 3356 1
12611 3443 1
12611 3910 1
12611 3955 1
12611 4267 1
12611 6030 1
12611 6168 1
12611 6172 1
12611 8393 1
12611 9061 1
12611 9931 1
847 1482 1
847 1485 1
847 2072 1
847 2212 1
847 3355 1
847 3443 1
847 5703 1
847 6057 1
847 8371 1
847 10072 1
847 11363 1
847 12128 1
847 12812 1
847 14433 1
847 14626 1
847 15099 1
888 5298 1
888 8137 1
888 8944 1
888 11363 1
888 13695 1
1485 847 1
1485 1482 1
1485 2212 1
1485 3355 1
1485 3443 1
1485 5703 1
1485 6057 1
1485 11363 1
1485 12812 1
1485 14626 1
1485 15099 1
2212 847 1
2212 1482 1
2212 1485 1
2212 3355 1
2212 3443 1
2212 5703 1
2212 6057 1
2212 8718 1
2212 8719 1
2212 11363 1
2212 12812 1
2212 14333 1
2212 14626 1
2212 15099 1
3069 3071 2
3069 3515 2
3069 4041 1
3069 7623 1
3069 9931 1
3069 9932 1
3069 11363 1
3069 12856 1
3071 3069 2
3071 3515 2
3071 4041 1
3071 4888 1
3071 4915 1
3071 7623 1
3071 9931 1
3071 9932 1
3071 11363 1
3071 12856 1
3355 847 1
3355 1482 1
3355 1485 1
3355 2210 1
3355 2212 1
3355 3443 1
3355 3969 1
3355 5703 1
3355 6057 1
3355 6087 1
3355 9166 1
3355 11363 1
3355 12812 1
3355 14588 1
3355 14626 1
3355 15099 1
3443 847 1
3443 1482 1
3443 1485 1
3443 1587 1
3443 2212 1
3443 3355 1
3443 5703 1
3443 6057 1
3443 7370 1
3443 11363 1
3443 12080 1
3443 12315 1
3443 12611 1
3443 12812 1
3443 14626 1
3443 15099 1
3515 2440 1
3515 3069 2
3515 3071 2
3515 3512 1
3515 4041 1
3515 6377 1
3515 7623 1
3515 9908 1
3515 9931 1
3515 9932 1
3515 10231 1
3515 11363 1
3515 12856 1
4041 3069 1
4041 3071 1
4041 3515 1
4041 7623 1
4041 9931 1
4041 9932 1
4041 11363 1
4041 12856 1
5298 888 1
5298 8137 1
5298 8475 1
5298 8944 1
5298 9811 1
5298 11363 1
5298 13695 1
5703 847 1
5703 1482 1
5703 1485 1
5703 2212 1
5703 3355 1
5703 3443 1
5703 6057 1
5703 11363 1
5703 12812 1
5703 14626 1
5703 15099 1
6057 847 1
6057 1482 1
6057 1485 1
6057 2212 1
6057 3355 1
6057 3443 1
6057 5703 1
6057 6056 1
6057 11363 1
6057 12812 1
6057 14626 1
6057 15099 1
6057 126525 1
7623 2204 1
7623 2361 1
7623 2421 1
7623 3069 1
7623 3071 1
7623 3515 1
7623 3894 1
7623 4041 1
7623 4554 1
7623 8470 1
7623 8944 1
7623 9931 1
7623 9932 1
7623 11129 1
7623 11363 1
7623 12856 1
7623 26558 1
7623 29920 1
8137 888 1
8137 5298 1
8137 8944 1
8137 11363 1
8137 13695 1
8944 888 1
8944 2361 1
8944 2421 1
8944 3894 1
8944 4554 1
8944 5298 1
8944 6648 1
8944 7623 1
8944 8137 1
8944 8470 1
8944 9821 1
8944 9942 1
8944 11363 1
8944 13695 1
8944 19878 1
8944 25051 1
9932 1470 1
9932 3069 1
9932 3071 1
9932 3515 1
9932 3907 1
9932 4031 1
9932 4041 1
9932 7623 1
9932 9931 2
9932 11363 1
9932 12856 1
12812 847 1
12812 1482 1
12812 1485 1
12812 2212 1
12812 3355 1
12812 3443 1
12812 5703 1
12812 6057 1
12812 11363 1
12812 14626 1
12812 15099 1
12812 16865 1
12856 3069 1
12856 3071 1
12856 3515 1
12856 4041 1
12856 7623 1
12856 9931 1
12856 9932 1
12856 11363 1
13695 888 1
13695 5298 1
13695 8137 1
13695 8944 1
13695 11363 1
13695 12092 1
14626 847 1
14626 1482 1
14626 1485 1
14626 2203 1
14626 2212 1
14626 3068 1
14626 3355 1
14626 3443 1
14626 4195 1
14626 4196 2
14626 4205 1
14626 4209 1
14626 4210 1
14626 4211 1
14626 4999 1
14626 5703 1
14626 6057 1
14626 11363 1
14626 12812 1
14626 14624 1
14626 14627 1
14626 14628 1
14626 15099 1
15099 847 1
15099 1482 1
15099 1485 1
15099 2212 1
15099 3355 1
15099 3443 1
15099 5703 1
15099 6057 1
15099 11363 1
15099 12812 1
15099 14626 1
1587 3443 1
1587 7370 1
1587 12079 1
1587 12080 1
7370 1587 1
7370 2346 1
7370 3443 1
7370 5191 1
7370 6856 1
7370 7715 1
7370 11128 1
7370 11129 1
7370 11131 1
7370 12080 1
7370 17493 1
425 111 1
425 670 1
425 1451 1
425 1974 1
425 4259 1
425 4269 1
425 4783 1
425 5215 1
425 5291 1
425 6097 1
425 6929 1
425 7595 1
425 11028 1
425 11814 1
425 12854 1
425 13153 1
425 13233 1
425 17084 1
425 17389 1
425 126088 1
544 6010 1
544 6356 1
544 7313 1
544 9862 1
544 12854 1
544 16583 1
670 425 1
670 1451 1
670 4269 1
670 4783 1
670 5215 1
670 5291 1
670 6929 1
670 7595 1
670 11028 1
670 12854 1
670 126088 1
1451 425 1
1451 670 1
1451 2214 1
1451 4035 1
1451 4269 1
1451 4783 1
1451 5215 1
1451 5291 1
1451 6929 1
1451 7595 1
1451 11028 1
1451 12854 1
1451 126088 1
4269 425 1
4269 670 1
4269 1451 1
4269 4783 1
4269 5215 1
4269 5291 1
4269 6929 1
4269 7595 1
4269 11028 1
4269 12854 1
4269 126088 1
4783 425 1
4783 670 1
4783 1451 1
4783 4269 1
4783 5215 1
4783 5291 1
4783 6929 1
4783 7595 1
4783 11028 1
4783 12854 1
4783 126088 1
5215 425 1
5215 670 1
5215 1451 1
5215 4269 1
5215 4783 1
5215 5291 1
5215 6929 1
5215 7595 1
5215 11028 1
5215 12854 1
5215 126088 1
5291 425 1
5291 670 1
5291 1451 1
5291 4269 1
5291 4783 1
5291 5215 1
5291 6929 1
5291 7595 1
5291 11028 1
5291 12854 1
5291 126088 1
6356 544 1
6356 7313 1
6356 12854 1
6356 17477 1
6929 425 1
6929 670 1
6929 1451 1
6929 4269 1
6929 4783 1
6929 5215 1
6929 5291 1
6929 7595 1
6929 11028 1
6929 12854 1
6929 126088 1
7313 544 1
7313 6356 1
7313 9703 1
7313 12854 1
7595 425 1
7595 670 1
7595 1451 1
7595 2056 1
7595 3586 1
7595 4269 1
7595 4783 1
7595 5215 1
7595 5291 1
7595 6191 1
7595 6769 1
7595 6929 1
7595 6979 1
7595 7379 1
7595 9243 1
7595 10445 1
7595 11028 1
7595 11789 1
7595 12854 1
7595 17353 1
7595 126088 1
11028 425 1
11028 670 1
11028 1451 1
11028 2290 1
11028 3943 1
11028 4031 1
11028 4269 1
11028 4783 1
11028 5215 1
11028 5291 1
11028 6089 1
11028 6929 1
11028 7595 1
11028 8458 1
11028 9307 1
11028 9523 1
11028 10575 1
11028 12079 1
11028 12854 1
11028 88417 1
11028 126088 1
126088 425 1
126088 670 1
126088 1451 1
126088 4269 1
126088 4783 1
126088 5215 1
126088 5291 1
126088 6929 1
126088 7595 1
126088 11028 1
126088 12854 1
1562 1574 1
1562 1642 1
1562 2200 1
1562 5799 1
1562 7183 1
1562 17682 1
1642 1562 1
1642 2200 1
1642 5799 1
1642 17682 1
5799 1562 1
5799 1642 1
5799 2200 1
5799 9517 1
5799 13557 1
5799 17682 1
17682 1562 1
17682 1642 1
17682 2200 1
17682 5799 1
3068 2203 1
3068 4195 1
3068 4196 1
3068 4205 1
3068 4209 1
3068 4210 1
3068 4211 1
3068 4999 1
3068 14624 1
3068 14626 1
3068 14627 1
3068 14628 1
4195 2203 1
4195 3068 1
4195 4196 1
4195 4205 1
4195 4209 1
4195 4210 1
4195 4211 1
4195 4999 1
4195 14624 1
4195 14626 1
4195 14627 1
4195 14628 1
4205 2203 1
4205 3068 1
4205 4195 1
4205 4196 1
4205 4209 1
4205 4210 1
4205 4211 1
4205 4999 1
4205 14624 1
4205 14626 1
4205 14627 1
4205 14628 1
4209 2203 1
4209 3068 1
4209 4195 1
4209 4196 1
4209 4205 1
4209 4210 1
4209 4211 1
4209 4999 1
4209 14624 1
4209 14626 1
4209 14627 1
4209 14628 1
4210 2203 1
4210 3068 1
4210 4195 1
4210 4196 1
4210 4205 1
4210 4209 1
4210 4211 1
4210 4999 1
4210 14624 1
4210 14626 1
4210 14627 1
4210 14628 1
4211 2203 1
4211 3068 1
4211 4195 1
4211 4196 1
4211 4205 1
4211 4209 1
4211 4210 1
4211 4999 1
4211 14624 1
4211 14626 1
4211 14627 1
4211 14628 1
4999 2203 1
4999 3068 1
4999 4195 1
4999 4196 1
4999 4205 1
4999 4209 1
4999 4210 1
4999 4211 1
4999 14624 1
4999 14626 1
4999 14627 1
4999 14628 1
14624 2203 1
14624 3068 1
14624 4195 1
14624 4196 1
14624 4205 1
14624 4209 1
14624 4210 1
14624 4211 1
14624 4999 1
14624 14626 1
14624 14627 1
14624 14628 1
14627 2203 1
14627 3068 1
14627 4195 1
14627 4196 1
14627 4205 1
14627 4209 1
14627 4210 1
14627 4211 1
14627 4806 1
14627 4999 1
14627 10018 1
14627 14624 1
14627 14626 1
14627 14628 1
14628 2203 1
14628 3068 1
14628 4195 1
14628 4196 1
14628 4205 1
14628 4209 1
14628 4210 1
14628 4211 1
14628 4999 1
14628 14624 1
14628 14626 1
14628 14627 1
2346 2347 1
2346 2446 1
2346 2447 1
2346 7034 1
2346 7124 1
2346 7370 1
2347 2346 1
2347 2446 1
2347 2447 1
2347 7034 1
2347 7124 1
2446 2346 1
2446 2347 1
2446 2413 1
2446 2447 1
2446 7034 1
2446 7124 1
7034 2346 1
7034 2347 1
7034 2446 1
7034 2447 1
7034 3735 1
7034 7124 1
7124 2346 1
7124 2347 1
7124 2446 1
7124 2447 1
7124 7034 1
3840 7797 1
3840 11786 1
7797 3840 1
7797 11786 1
11784 11785 1
11784 11786 1
11785 11784 1
11785 11786 1
11829 11786 1
11086 12622 1
23338 16106 1
27312 16106 1
18171 31042 1
178 531 1
178 9076 1
531 178 1
531 9076 1
1046 9076 1
1046 20381 1
4161 9076 1
9077 9076 1
20381 1046 1
20381 9076 1
2290 4031 1
2290 11028 1
2290 12079 1
4031 1470 1
4031 2290 1
4031 3907 1
4031 9931 2
4031 9932 1
4031 11028 1
4031 12079 1
4031 17422 1
4035 1451 1
4035 2214 1
4035 12079 1
2224 12507 1
2224 14275 1
2224 25166 1
12507 2224 1
12507 25166 1
460 474 1
460 475 1
460 751 1
460 1700 1
460 2673 1
460 3040 1
460 3059 1
460 3082 1
460 3241 1
460 3277 1
460 5761 1
460 6151 1
460 6597 1
460 10077 1
474 460 1
474 475 1
474 751 1
474 1700 1
474 2673 1
474 3040 1
474 3059 1
474 3082 1
474 3241 1
474 3277 1
474 5761 1
474 6151 1
474 6597 1
474 10077 1
751 460 1
751 474 1
751 475 1
751 1700 1
751 2673 1
751 3040 1
751 3059 1
751 3082 1
751 3241 1
751 3277 1
751 5761 1
751 6151 1
751 6597 1
751 10077 1
1700 455 1
1700 459 1
1700 460 1
1700 464 1
1700 466 1
1700 474 1
1700 475 1
1700 751 1
1700 1698 1
1700 1704 1
1700 2673 1
1700 3040 1
1700 3059 1
1700 3082 2
1700 3241 1
1700 3266 1
1700 3277 1
1700 5761 1
1700 6151 1
1700 6597 1
1700 10077 1
1700 14738 1
2673 460 1
2673 474 1
2673 475 1
2673 751 1
2673 1700 1
2673 3040 1
2673 3059 1
2673 3082 1
2673 3241 1
2673 3277 1
2673 5761 1
2673 6151 1
2673 6597 1
2673 10077 1
3040 460 1
3040 474 1
3040 475 1
3040 751 1
3040 1700 1
3040 2673 1
3040 3059 1
3040 3082 1
3040 3241 1
3040 3277 1
3040 5761 1
3040 6151 1
3040 6597 1
3040 10077 1
3059 460 1
3059 474 1
3059 475 1
3059 751 1
3059 1700 1
3059 2673 1
3059 3040 1
3059 3082 1
3059 3241 1
3059 3277 1
3059 5761 1
3059 6151 1
3059 6597 1
3059 10077 1
3082 455 1
3082 459 1
3082 460 1
3082 464 1
3082 466 1
3082 474 1
3082 475 1
3082 751 1
3082 1698 1
3082 1700 2
3082 1704 1
3082 2673 1
3082 3040 1
3082 3059 1
3082 3241 1
3082 3266 1
3082 3277 1
3082 5761 1
3082 6151 1
3082 6597 1
3082 8167 1
3082 9126 1
3082 9967 1
3082 10077 1
3082 14612 1
3082 14738 1
3277 460 1
3277 474 1
3277 475 1
3277 751 1
3277 1700 1
3277 2673 1
3277 3040 1
3277 3059 1
3277 3082 1
3277 3241 1
3277 5761 1
3277 6151 1
3277 6597 1
3277 10077 1
6151 460 1
6151 474 1
6151 475 1
6151 751 1
6151 1700 1
6151 2673 1
6151 3040 1
6151 3059 1
6151 3082 1
6151 3241 1
6151 3277 1
6151 5761 1
6151 6597 1
6151 10077 1
6597 460 1
6597 474 1
6597 475 1
6597 751 1
6597 1700 1
6597 2673 1
6597 3040 1
6597 3059 1
6597 3082 1
6597 3241 1
6597 3277 1
6597 5761 1
6597 6151 1
6597 10077 1
8135 1459 1
8135 3240 1
8135 3241 1
8135 10077 1
8135 10867 1
8135 11084 1
8135 11165 1
8135 12309 1
8135 125945 1
10867 1459 1
10867 1470 1
10867 1475 1
10867 1702 1
10867 3240 1
10867 3241 1
10867 6086 1
10867 7183 1
10867 8135 1
10867 10077 1
10867 11084 1
10867 11165 1
10867 12309 1
10867 125945 1
12309 1459 1
12309 3240 1
12309 3241 1
12309 8135 1
12309 10077 1
12309 10867 1
12309 11084 1
12309 11165 1
12309 125945 1
1702 1475 1
1702 1703 1
1702 3240 1
1702 6604 1
1702 9569 1
1702 9571 1
1702 10077 1
1702 10305 1
1702 10867 1
1702 13521 1
1703 1702 1
1703 3240 1
1703 9569 1
1703 9571 1
1703 10305 1
1703 13521 1
13521 1702 1
13521 1703 1
13521 3240 1
13521 9569 1
13521 9571 1
13521 10100 1
13521 10305 1
455 459 1
455 464 1
455 466 1
455 1698 1
455 1700 1
455 1704 1
455 3082 1
455 3266 1
455 14738 1
459 455 1
459 464 1
459 466 1
459 1698 1
459 1700 1
459 1704 1
459 3082 1
459 3266 1
459 14738 1
464 455 1
464 459 1
464 466 1
464 1698 1
464 1700 1
464 1704 1
464 3082 1
464 3266 1
464 14738 1
466 455 1
466 459 1
466 464 1
466 1698 1
466 1700 1
466 1704 1
466 3082 1
466 3266 1
466 14738 1
938 3108 1
938 3266 1
938 3356 1
938 3772 1
938 3773 1
938 5774 1
938 5941 1
938 6086 1
938 14090 1
938 124562 1
1698 455 1
1698 459 1
1698 464 1
1698 466 1
1698 1700 1
1698 1704 1
1698 3082 1
1698 3266 1
1698 14738 1
1704 455 1
1704 459 1
1704 464 1
1704 466 1
1704 1698 1
1704 1700 1
1704 3082 1
1704 3266 1
1704 14738 1
3772 938 1
3772 3108 1
3772 3266 1
3772 3356 1
3772 3770 1
3772 3771 1
3772 3773 3
3772 3775 1
3772 3777 1
3772 3778 1
3772 5774 1
3772 5941 1
3772 6086 1
3772 14090 1
3772 124562 1
3773 938 1
3773 3108 1
3773 3266 1
3773 3356 1
3773 3770 1
3773 3771 1
3773 3772 3
3773 3775 1
3773 3777 1
3773 3778 1
3773 5774 1
3773 5941 1
3773 6086 1
3773 14090 1
3773 124562 1
5774 938 1
5774 3108 1
5774 3266 1
5774 3356 1
5774 3772 1
5774 3773 1
5774 5941 1
5774 6086 1
5774 14090 1
5774 124562 1
5941 938 1
5941 3108 1
5941 3266 1
5941 3356 1
5941 3772 1
5941 3773 1
5941 5774 1
5941 6086 1
5941 14090 1
5941 124562 1
6086 938 1
6086 1470 1
6086 3108 1
6086 3266 1
6086 3356 1
6086 3772 1
6086 3773 1
6086 4052 1
6086 5774 1
6086 5941 1
6086 6087 1
6086 10867 1
6086 14090 1
6086 124562 1
14090 938 1
14090 3108 1
14090 3266 1
14090 3356 1
14090 3772 1
14090 3773 1
14090 5774 1
14090 5941 1
14090 6086 1
14090 124562 1
14738 455 1
14738 459 1
14738 464 1
14738 466 1
14738 1698 1
14738 1700 1
14738 1704 1
14738 3082 1
14738 3266 1
124562 938 1
124562 3108 1
124562 3266 1
124562 3356 1
124562 3772 1
124562 3773 1
124562 5774 1
124562 5941 1
124562 6086 1
124562 14090 1
11099 5761 1
11099 11828 1
6345 1119 1
6345 6346 1
6345 9301 1
6345 9571 1
1475 1702 1
1475 6051 1
1475 6604 1
1475 7183 2
1475 7184 1
1475 10077 1
1475 10867 1
1475 13267 1
6604 1475 1
6604 1702 1
6604 10077 1
10779 10077 1
5998 6377 1
5998 10228 1
5998 10305 1
5998 126978 1
126978 5998 1
126978 10305 1
10011 4806 1
10011 10012 1
10011 10015 1
10011 10018 1
10011 11084 1
10012 10011 1
10012 10018 1
10012 11084 1
10018 4806 1
10018 10011 1
10018 10012 1
10018 11084 1
10018 14627 1
8971 3932 1
8971 11092 1
8971 16079 1
8971 41500 1
41500 3932 1
41500 8971 1
41500 11092 1
41500 36589 1
41500 38086 1
4947 6358 1
4947 11165 1
4947 12620 1
4947 35808 1
6358 4947 1
6358 11165 1
6358 12620 1
6358 35808 1
12620 4947 1
12620 6358 1
12620 11165 1
12620 35808 1
13156 11165 1
35808 4947 1
35808 6358 1
35808 11165 1
35808 12620 1
3358 882 1
3358 4652 1
4652 882 1
4652 3358 1
18566 882 1
18566 27078 1
565 1482 1
565 3108 1
565 8075 1
565 8703 1
565 9931 1
8703 565 1
8703 1482 1
8703 3108 1
8703 9931 1
3350 3351 1
11828 7187 1
11828 11099 1
11828 13267 1
11828 13269 1
11828 17367 1
13267 1475 1
13267 7183 1
13267 7184 1
13267 7187 1
13267 11828 1
13267 13269 1
13267 14588 1
13267 17367 1
13269 7187 1
13269 11828 1
13269 13267 1
13269 17367 1
17367 7187 1
17367 11828 1
17367 13267 1
17367 13269 1
17367 22486 1
2070 9442 1
2070 10100 1
2070 12703 1
2070 14028 1
10100 2070 1
10100 9442 1
10100 12703 1
10100 13521 1
10100 14028 1
12703 2070 1
12703 9442 1
12703 10100 1
12703 14028 1
14028 2070 1
14028 3471 1
14028 9442 1
14028 10100 1
14028 12703 1
2067 6087 1
2067 6167 1
2067 12615 1
2067 14936 1
2067 14940 1
3735 6102 1
3735 7034 1
3735 12615 1
3735 13258 1
6087 2067 1
6087 3355 1
6087 3512 1
6087 3969 1
6087 4052 1
6087 6086 1
6087 6167 1
6087 9166 1
6087 12615 1
6087 14936 1
6087 14940 1
6102 3735 1
6102 12615 1
6102 13258 1
6102 126525 1
6167 2067 1
6167 6087 1
6167 12615 1
6167 14936 1
6167 14940 1
13258 3735 1
13258 6102 1
13258 12615 1
14936 2067 1
14936 6087 1
14936 6167 1
14936 12615 1
14936 14940 1
14940 2067 1
14940 6087 1
14940 6167 1
14940 12615 1
14940 14936 1
16361 6323 1
16361 14375 1
16361 22659 1
16361 25303 1
16361 27226 1
16361 30830 1
16361 35900 1
21366 14375 1
21366 29363 1
22659 14375 1
22659 16361 1
22659 25303 1
22659 27226 1
25303 14375 1
25303 16361 1
25303 22659 1
25303 27226 1
27226 14375 1
27226 16361 1
27226 22659 1
27226 25303 1
29363 14375 1
29363 21366 1
2828 3969 1
2828 12083 1
2828 14473 1
2828 127823 1
3969 2828 1
3969 3355 1
3969 6087 1
3969 9166 1
3969 12083 1
3969 14473 1
3969 127823 1
12083 2828 1
12083 3969 1
12083 14473 1
12083 127823 2
127823 2828 1
127823 3969 1
127823 12083 2
127823 14473 1
9126 3082 1
9126 3932 1
9126 8167 2
9126 9129 1
9126 9130 1
9126 9967 1
9126 14612 1
9129 3932 1
9129 9126 1
9129 9130 1
9130 3932 1
9130 9126 1
9130 9129 1
12541 3932 1
12541 13979 1
12541 15060 1
12541 17911 1
12541 20904 1
13979 3932 1
13979 12541 1
13979 15060 1
13979 17911 1
13979 20904 1
15060 3932 1
15060 12541 1
15060 13979 1
15060 17911 1
15060 20904 1
17911 3932 1
17911 12541 1
17911 13979 1
17911 15060 1
17911 20904 1
20904 3932 1
20904 10079 1
20904 12541 1
20904 13979 1
20904 15060 1
20904 17911 1
3945 5107 1
3945 5345 1
3945 5346 1
3945 5347 1
3945 14665 1
3945 14780 1
3945 18275 1
5107 3945 1
5107 5345 1
5107 5346 1
5107 5347 1
5107 14665 1
5107 14780 1
5107 18275 1
5345 3945 1
5345 5107 1
5345 5346 1
5345 5347 1
5345 14665 1
5345 14780 1
5345 18275 1
5347 3945 1
5347 5107 1
5347 5345 1
5347 5346 1
5347 14665 1
5347 14780 1
5347 18275 1
14665 3945 1
14665 5107 1
14665 5345 1
14665 5346 1
14665 5347 1
14665 14780 1
14665 18275 1
14780 3945 1
14780 5107 1
14780 5345 1
14780 5346 1
14780 5347 1
14780 14665 1
14780 18275 1
15327 5346 1
18275 3945 1
18275 5107 1
18275 5345 1
18275 5346 1
18275 5347 1
18275 14665 1
18275 14780 1
431 4054 1
431 4173 1
431 6388 1
431 10378 1
431 10379 1
431 10380 1
431 13734 1
431 14937 1
431 15481 1
431 15807 1
4054 431 1
4054 4173 1
4054 6388 1
4054 10378 1
4054 10379 1
4054 10380 1
4054 13734 1
4054 14937 1
4054 15481 1
4054 15807 1
4173 431 1
4173 4054 1
4173 6388 1
4173 10378 1
4173 10379 1
4173 10380 1
4173 13734 1
4173 14937 1
4173 15481 1
4173 15807 1
10378 431 1
10378 4054 1
10378 4173 1
10378 6388 1
10378 10379 1
10378 10380 1
10378 13734 1
10378 14937 1
10378 15481 1
10378 15807 1
10379 431 1
10379 4054 1
10379 4173 1
10379 6388 1
10379 10378 1
10379 10380 1
10379 13734 1
10379 14937 1
10379 15481 1
10379 15807 1
10380 431 1
10380 4054 1
10380 4173 1
10380 6388 1
10380 10378 1
10380 10379 1
10380 13734 1
10380 14937 1
10380 15481 1
10380 15807 1
13734 431 1
13734 4054 1
13734 4173 1
13734 6388 1
13734 10378 1
13734 10379 1
13734 10380 1
13734 14937 1
13734 15481 1
13734 15807 1
14937 431 1
14937 4054 1
14937 4173 1
14937 6388 1
14937 10378 1
14937 10379 1
14937 10380 1
14937 13734 1
14937 15481 1
14937 15807 1
15481 431 1
15481 4054 1
15481 4173 1
15481 6388 1
15481 10378 1
15481 10379 1
15481 10380 1
15481 13734 1
15481 14937 1
15481 15807 1
15807 431 1
15807 4054 1
15807 4173 1
15807 6388 1
15807 10378 1
15807 10379 1
15807 10380 1
15807 13734 1
15807 14937 1
15807 15481 1
8167 3082 1
8167 9126 2
8167 9967 1
8167 14612 1
14612 3082 1
14612 8167 1
14612 9126 1
14612 9967 1
29946 9967 1
29946 14879 1
29946 43906 1
43906 9967 1
43906 14879 1
43906 29946 1
17541 10474 1
13612 11049 1
13612 13636 1
13612 13646 1
13612 20431 1
13636 11049 1
13636 13612 1
13636 13646 1
13646 11049 1
13646 13612 1
13646 13636 1
26713 5533 1
26713 13306 1
26713 29107 1
2705 10455 1
2705 10805 1
2705 16702 1
2705 18367 1
2705 18368 1
2705 19077 1
2705 22924 1
10455 2705 1
10455 10805 1
10455 16702 1
10455 18367 1
10455 18368 1
10455 19077 1
10455 22924 1
10805 2705 1
10805 10455 1
10805 16702 1
10805 18367 1
10805 18368 1
10805 19077 1
10805 22924 1
16702 2705 1
16702 10455 1
16702 10805 1
16702 18367 1
16702 18368 1
16702 19077 1
16702 22924 1
18368 2705 1
18368 10455 1
18368 10805 1
18368 16702 1
18368 18367 1
18368 19077 1
18368 22924 1
19077 2705 1
19077 10455 1
19077 10805 1
19077 16702 1
19077 18367 1
19077 18368 1
19077 22924 1
22924 2705 1
22924 10455 1
22924 10805 1
22924 16702 1
22924 18367 1
22924 18368 1
22924 19077 1
26254 20726 1
26254 26879 1
26879 20726 1
26879 26254 1
2413 1470 1
2413 2446 1
2413 2922 1
2413 2923 1
2413 2924 1
2413 6051 1
2413 6055 1
2413 6171 1
2413 6823 1
2413 7183 1
2413 10053 1
2922 1470 1
2922 2413 1
2922 2923 1
2922 2924 1
2922 6051 1
2922 6055 1
2922 6171 1
2922 6823 1
2922 7183 1
2922 10053 1
2923 1470 1
2923 2413 1
2923 2922 1
2923 2924 1
2923 6051 1
2923 6055 1
2923 6171 1
2923 6823 1
2923 7183 1
2923 10053 1
2924 1470 1
2924 2413 1
2924 2922 1
2924 2923 1
2924 6051 1
2924 6055 1
2924 6171 1
2924 6823 1
2924 7183 1
2924 10053 1
3907 1470 1
3907 4031 1
3907 9931 1
3907 9932 1
6051 1470 1
6051 1475 1
6051 2413 1
6051 2922 1
6051 2923 1
6051 2924 1
6051 6055 3
6051 6056 1
6051 6171 1
6051 6823 1
6051 7183 1
6051 10053 1
6051 126525 1
6055 1470 1
6055 2413 1
6055 2922 1
6055 2923 1
6055 2924 1
6055 6051 3
6055 6171 1
6055 6823 1
6055 7183 1
6055 10053 1
6055 126525 1
6171 1470 1
6171 2413 1
6171 2922 1
6171 2923 1
6171 2924 1
6171 6051 1
6171 6055 1
6171 6823 1
6171 7183 1
6171 10053 1
6823 1470 1
6823 2413 1
6823 2922 1
6823 2923 1
6823 2924 1
6823 6051 1
6823 6055 1
6823 6171 1
6823 7183 1
6823 10053 1
7183 1470 1
7183 1475 2
7183 1562 1
7183 2413 1
7183 2922 1
7183 2923 1
7183 2924 1
7183 6051 1
7183 6055 1
7183 6171 1
7183 6823 1
7183 7184 1
7183 10053 1
7183 10867 1
7183 13267 1
10053 1470 1
10053 2413 1
10053 2922 1
10053 2923 1
10053 2924 1
10053 6051 1
10053 6055 1
10053 6171 1
10053 6823 1
10053 7183 1
7184 1475 1
7184 7183 1
7184 8393 1
7184 8549 1
7184 10228 1
7184 13267 1
8549 7184 1
8549 8393 1
8549 10228 2
10228 5998 1
10228 7184 1
10228 8393 1
10228 8549 2
10228 10224 1
10228 10225 1
10228 10227 1
10228 10229 1
10228 10231 1
10228 12133 1
4032 9063 1
8030 9063 1
8030 19237 1
8030 23329 1
19237 8030 1
19237 9063 1
19237 23329 3
23329 8030 1
23329 9063 1
23329 19237 3
17422 4031 1
17422 7715 1
17422 9931 1
9862 544 1
9862 6010 1
9862 10224 1
9862 11026 1
9862 16583 1
10225 10224 1
10225 10227 1
10225 10228 1
10225 10229 1
10225 10231 1
10225 12133 1
10227 10224 1
10227 10225 1
10227 10228 1
10227 10229 1
10227 10231 1
10227 12133 1
10229 10224 1
10229 10225 1
10229 10227 1
10229 10228 1
10229 10231 1
10229 12133 1
10231 2440 1
10231 3512 1
10231 3515 1
10231 6377 1
10231 10224 1
10231 10225 1
10231 10227 1
10231 10228 1
10231 10229 1
10231 12133 1
11026 9862 1
11026 10224 1
12133 10224 1
12133 10225 1
12133 10227 1
12133 10228 1
12133 10229 1
12133 10231 1
2072 847 1
2072 8371 1
2072 10072 1
2072 12128 1
2072 14433 1
8371 847 1
8371 2072 1
8371 10072 1
8371 12128 1
8371 14433 1
10072 847 1
10072 2072 1
10072 8371 1
10072 12128 1
10072 14433 1
12128 847 1
12128 2072 1
12128 8371 1
12128 9821 1
12128 10072 1
12128 14433 1
14433 847 1
14433 2072 1
14433 8371 1
14433 10072 1
14433 12128 1
14433 19784 1
8718 2212 1
8718 8719 1
8719 2212 1
8719 8718 1
14333 2212 1
4888 3071 1
4888 4915 1
4915 3071 1
4915 4888 1
2210 3355 1
2210 14588 1
9166 1670 1
9166 3355 1
9166 3969 1
9166 6087 1
14588 2210 1
14588 3355 1
14588 13267 1
12315 3443 1
2440 3512 1
2440 3515 1
2440 6377 1
2440 10231 1
3512 2440 1
3512 3515 1
3512 6087 1
3512 6377 1
3512 10231 1
6377 2440 1
6377 3512 1
6377 3515 1
6377 5998 1
6377 10231 1
9908 3515 1
8475 5298 1
8475 9811 1
9811 5298 1
9811 8475 1
6056 6051 1
6056 6057 1
6056 126525 1
126525 6051 1
126525 6055 1
126525 6056 1
126525 6057 1
126525 6102 1
2204 7623 1
2361 2421 1
2361 3894 1
2361 4554 1
2361 7623 1
2361 8470 1
2361 8944 1
2421 2361 1
2421 3894 1
2421 4554 1
2421 7623 1
2421 8470 1
2421 8944 1
3894 2361 1
3894 2421 1
3894 4554 1
3894 7623 1
3894 8470 1
3894 8944 1
4554 2361 1
4554 2421 1
4554 3894 1
4554 7623 1
4554 8470 1
4554 8944 1
8470 2361 1
8470 2421 1
8470 3894 1
8470 4554 1
8470 7623 1
8470 8944 1
11129 6856 1
11129 7370 1
11129 7623 1
11129 7715 1
11129 11128 1
11129 11131 1
11129 17493 1
26558 7623 1
26558 29920 1
29920 7623 1
29920 26558 1
6648 8944 1
6648 19878 1
9821 8944 1
9821 9942 1
9821 12128 1
9942 8944 1
9942 9821 1
19878 6648 1
19878 8944 1
25051 8944 1
16865 12812 1
12092 13695 1
5191 7370 1
6856 7370 1
6856 7715 1
6856 11128 1
6856 11129 1
6856 11131 1
6856 17493 1
7715 6856 1
7715 7370 1
7715 11128 1
7715 11129 1
7715 11131 1
7715 17422 1
7715 17493 1
11128 6856 1
11128 7370 1
11128 7715 1
11128 11129 1
11128 11131 1
11128 17493 1
11131 6856 1
11131 7370 1
11131 7715 1
11131 11128 1
11131 11129 1
11131 17493 1
17493 6856 1
17493 7370 1
17493 7715 1
17493 11128 1
17493 11129 1
17493 11131 1
111 425 1
111 1974 1
111 4259 1
111 6097 1
111 11814 1
111 13153 1
111 13233 1
111 17084 1
111 17389 1
1974 111 1
1974 425 1
1974 4259 1
1974 6097 1
1974 11814 1
1974 13153 1
1974 13233 1
1974 17084 1
1974 17389 1
4259 111 1
4259 425 1
4259 1974 1
4259 6097 1
4259 11814 1
4259 13153 1
4259 13233 1
4259 17084 1
4259 17389 1
6097 111 1
6097 425 1
6097 1974 1
6097 4259 1
6097 11814 1
6097 13153 1
6097 13233 1
6097 17084 1
6097 17389 1
11814 111 1
11814 425 1
11814 1974 1
11814 4259 1
11814 6097 1
11814 13153 1
11814 13233 1
11814 17084 1
11814 17389 1
13153 111 1
13153 425 1
13153 1974 1
13153 4259 1
13153 6097 1
13153 11814 1
13153 13233 1
13153 17084 1
13153 17389 1
13233 111 1
13233 425 1
13233 1974 1
13233 4259 1
13233 6097 1
13233 11814 1
13233 13153 1
13233 17084 1
13233 17389 1
17084 111 1
17084 425 1
17084 1974 1
17084 4259 1
17084 6097 1
17084 11814 1
17084 13153 1
17084 13233 1
17084 17389 1
17389 111 1
17389 425 1
17389 1974 1
17389 4259 1
17389 6097 1
17389 11814 1
17389 13153 1
17389 13233 1
17389 17084 1
6010 544 1
6010 9862 1
6010 16583 1
16583 544 1
16583 6010 1
16583 9862 1
2214 1451 1
2214 4035 1
9703 7313 1
2056 3586 1
2056 6191 1
2056 6769 1
2056 6979 1
2056 7379 1
2056 7595 1
2056 9243 1
2056 10445 1
2056 11789 1
2056 17353 1
3586 2056 1
3586 6191 1
3586 6769 1
3586 6979 1
3586 7379 1
3586 7595 1
3586 9243 1
3586 10445 1
3586 11789 1
3586 17353 1
6191 2056 1
6191 3586 1
6191 6769 1
6191 6979 1
6191 7379 1
6191 7595 1
6191 9243 1
6191 10445 1
6191 11789 1
6191 17353 1
6769 2056 1
6769 3586 1
6769 6191 1
6769 6979 1
6769 7379 1
6769 7595 1
6769 9243 1
6769 10445 1
6769 11789 1
6769 17353 1
6979 2056 1
6979 3586 1
6979 6191 1
6979 6769 1
6979 7379 1
6979 7595 1
6979 9243 1
6979 10445 1
6979 11789 1
6979 17353 1
7379 2056 1
7379 3586 1
7379 6191 1
7379 6769 1
7379 6979 1
7379 7595 1
7379 9243 1
7379 10445 1
7379 11789 1
7379 17353 1
9243 2056 1
9243 3586 1
9243 6191 1
9243 6769 1
9243 6979 1
9243 7379 1
9243 7595 1
9243 10445 1
9243 11789 1
9243 17353 1
10445 2056 1
10445 3586 1
10445 6191 1
10445 6769 1
10445 6979 1
10445 7379 1
10445 7595 1
10445 9243 1
10445 11789 1
10445 17353 1
11789 2056 1
11789 3586 1
11789 6191 1
11789 6769 1
11789 6979 1
11789 7379 1
11789 7595 1
11789 9243 1
11789 10445 1
11789 17353 1
17353 2056 1
17353 3586 1
17353 6191 1
17353 6769 1
17353 6979 1
17353 7379 1
17353 7595 1
17353 9243 1
17353 10445 1
17353 11789 1
3943 8458 1
3943 9523 1
3943 10575 1
3943 11028 1
6089 9307 1
6089 11028 1
8458 3943 1
8458 9523 1
8458 10575 1
8458 11028 1
9307 6089 1
9307 11028 1
9523 3943 1
9523 8458 1
9523 10575 1
9523 11028 1
10575 3943 1
10575 8458 1
10575 9523 1
10575 11028 1
88417 11028 1
4806 10011 1
4806 10015 1
4806 10018 1
4806 14627 1
4052 6086 1
4052 6087 1
1670 9166 1
19784 14433 1
8075 565 1
3770 3771 1
3770 3772 1
3770 3773 1
3770 3775 1
3770 3777 1
3770 3778 1
3771 3770 1
3771 3772 1
3771 3773 1
3771 3775 1
3771 3777 1
3771 3778 1
3775 3770 1
3775 3771 1
3775 3772 1
3775 3773 1
3775 3777 1
3775 3778 1
3777 3770 1
3777 3771 1
3777 3772 1
3777 3773 1
3777 3775 1
3777 3778 1
3778 3770 1
3778 3771 1
3778 3772 1
3778 3773 1
3778 3775 1
3778 3777 1
5533 26713 1
5533 29107 1
29107 5533 1
29107 26713 1
20431 13612 1
16079 8971 1
10079 20904 1
36589 38086 1
36589 41500 1
38086 36589 1
38086 41500 1
6323 16361 1
30830 16361 1
35900 16361 1
3471 14028 1
22486 17367 1
27078 18566 1
10015 4806 1
10015 10011 1
1119 6345 1
1119 6346 1
1119 9301 1
6346 1119 1
6346 6345 1
6346 9301 1
9301 1119 1
9301 6345 1
9301 6346 1
14275 2224 1
1574 1562 1
9517 5799 1
9517 13557 1
13557 5799 1
13557 9517 1
