12149 6062 1
6062 3121 1
6062 6067 1
6062 7507 1
6062 10527 1
6062 12149 1
6062 12421 1
6062 13760 1
6062 14735 1
6062 36146 1
3121 6062 1
3121 6067 1
3121 8888 1
3121 14735 1
3121 36146 1
6067 3121 1
6067 6062 1
6067 14735 1
6067 36146 1
7507 6062 1
7507 10527 1
7507 12421 1
7507 13760 1
10527 6062 1
10527 7507 1
10527 10526 1
10527 10528 1
10527 12421 1
10527 13760 1
12421 5145 1
12421 6062 1
12421 7507 1
12421 8963 1
12421 10526 1
12421 10527 1
12421 10825 2
12421 10827 1
12421 11976 1
12421 12730 1
12421 12785 1
12421 13759 1
12421 13760 1
12421 14859 1
12421 27388 1
12421 27389 1
12421 125553 1
13760 6062 1
13760 7507 1
13760 10527 1
13760 10855 1
13760 11448 1
13760 12421 1
13760 13759 1
14735 3121 1
14735 6062 1
14735 6067 1
14735 36146 1
36146 1101 1
36146 3121 1
36146 6062 1
36146 6067 1
36146 10620 1
36146 14735 1
36146 16758 1
36146 26096 1
36146 26197 1
36146 26209 1
36146 26647 1
36146 26988 1
36146 28972 1
36146 28978 1
36146 36145 1
36146 42769 1
36146 46297 1
8888 75 1
8888 1934 1
8888 3121 1
8888 3137 1
8888 8885 1
8888 8887 1
8888 8968 1
8888 9398 1
8888 9401 1
8888 9403 1
8888 10869 1
8888 13011 1
8888 13466 1
8888 14888 1
8888 15338 1
8888 15352 1
8888 15354 1
8888 16950 1
8888 16957 1
8888 17152 1
8888 17883 1
8888 17969 1
8888 18363 1
8888 24378 1
8888 26356 1
8888 30022 1
8888 34725 1
8888 44698 1
10526 5145 1
10526 8963 1
10526 10527 1
10526 10528 1
10526 10825 1
10526 10827 1
10526 11976 1
10526 12421 1
10526 12730 1
10526 13759 1
10526 14859 1
10526 125553 1
10528 10526 1
10528 10527 1
10528 11007 1
10528 14354 1
10528 15271 1
10528 39950 1
5145 8963 1
5145 10526 1
5145 10825 1
5145 10827 1
5145 11976 1
5145 12421 1
5145 12730 1
5145 13759 1
5145 14859 1
5145 125553 1
8963 5145 1
8963 10526 1
8963 10825 1
8963 10827 1
8963 11976 1
8963 12421 1
8963 12730 1
8963 13759 1
8963 14859 1
8963 125553 1
10825 5145 1
10825 8963 1
10825 10526 1
10825 10827 1
10825 11976 1
10825 12421 2
10825 12730 1
10825 12785 1
10825 13759 1
10825 14859 1
10825 27388 1
10825 27389 1
10825 125553 1
10827 5145 1
10827 6465 1
10827 6466 1
10827 8963 1
10827 10526 1
10827 10825 1
10827 10849 1
10827 11976 1
10827 12421 1
10827 12730 1
10827 13759 1
10827 13913 1
10827 13914 1
10827 14859 1
10827 125553 1
11976 75 1
11976 5145 1
11976 8963 1
11976 10301 1
11976 10526 1
11976 10825 1
11976 10827 1
11976 11978 1
11976 11979 1
11976 12421 1
11976 12730 1
11976 12883 1
11976 13759 1
11976 14859 1
11976 18918 1
11976 24121 1
11976 108589 1
11976 125553 1
12730 5145 1
12730 8963 1
12730 10526 1
12730 10825 1
12730 10827 1
12730 11976 1
12730 12421 1
12730 13759 1
12730 14859 1
12730 125553 1
12785 10825 1
12785 12421 1
12785 24385 1
12785 27388 1
12785 27389 1
13759 5097 1
13759 5145 1
13759 8963 1
13759 10526 1
13759 10825 1
13759 10827 1
13759 10855 1
13759 11976 1
13759 12421 1
13759 12730 1
13759 13758 1
13759 13760 1
13759 13761 1
13759 13762 1
13759 14859 1
13759 29515 1
13759 125553 1
14859 5106 1
14859 5145 1
14859 6022 1
14859 6456 1
14859 6467 1
14859 8963 1
14859 10526 1
14859 10825 1
14859 10827 1
14859 11976 1
14859 12421 1
14859 12730 1
14859 13759 1
14859 16088 1
14859 125553 1
27388 10825 1
27388 12421 1
27388 12785 1
27388 27389 1
27389 10825 1
27389 12421 1
27389 12785 1
27389 27388 1
27389 125538 1
125553 3637 1
125553 3641 1
125553 5131 2
125553 5145 1
125553 8129 1
125553 8963 1
125553 10526 1
125553 10825 1
125553 10827 1
125553 11976 1
125553 12421 1
125553 12730 1
125553 12820 2
125553 12848 1
125553 12852 1
125553 12900 1
125553 13759 1
125553 14859 1
125553 18891 1
125553 22381 1
125553 22382 1
125553 24546 1
125553 25973 1
125553 26131 1
125553 26191 1
125553 26192 1
125553 26200 1
125553 27443 1
125553 27861 1
125553 28408 1
125553 29855 1
125553 31075 1
125553 33099 1
125553 35195 1
10855 4013 1
10855 5106 1
10855 6455 1
10855 6943 1
10855 6945 1
10855 10843 1
10855 10848 1
10855 10849 1
10855 13759 1
10855 13760 1
10855 15271 1
10855 19032 1
10855 22986 1
10855 26454 1
10855 27531 1
10855 28164 1
10855 30418 1
10855 32870 1
10855 32876 1
10855 32878 1
10855 38520 1
10855 38740 1
10855 39787 1
10855 51762 1
11448 7509 1
11448 11449 1
11448 13760 1
11448 14707 1
11448 41217 1
11448 123028 1
1101 10620 1
1101 12836 1
1101 16758 1
1101 22655 1
1101 26096 1
1101 26197 1
1101 26209 1
1101 26646 1
1101 26647 1
1101 26988 1
1101 28972 1
1101 28978 1
1101 28979 1
1101 34546 1
1101 34663 1
1101 36146 1
1101 36878 1
1101 42769 1
1101 46297 1
1101 52284 1
1101 63867 1
10620 1101 1
10620 16758 1
10620 26096 1
10620 26197 1
10620 26209 1
10620 26647 1
10620 26988 1
10620 28972 1
10620 28978 1
10620 36146 1
10620 42769 1
10620 46297 1
16758 1101 1
16758 10620 1
16758 26096 1
16758 26197 1
16758 26209 1
16758 26647 1
16758 26988 1
16758 28972 1
16758 28978 1
16758 36146 1
16758 42769 1
16758 46297 1
26096 1101 1
26096 2047 1
26096 10620 1
26096 12835 1
26096 12925 1
26096 13010 1
26096 13186 1
26096 16758 1
26096 19675 1
26096 20665 1
26096 20697 1
26096 24012 1
26096 25555 1
26096 25975 1
26096 26197 1
26096 26209 1
26096 26437 1
26096 26647 1
26096 26988 1
26096 27223 1
26096 28972 1
26096 28978 1
26096 29507 1
26096 31267 1
26096 33197 1
26096 33198 1
26096 33199 1
26096 36146 1
26096 39797 1
26096 40878 1
26096 42769 1
26096 46297 1
26096 48284 1
26096 121019 1
26197 1101 1
26197 10620 1
26197 16758 1
26197 26096 1
26197 26209 1
26197 26647 1
26197 26988 1
26197 28972 1
26197 28978 1
26197 36146 1
26197 42769 1
26197 46297 1
26209 1101 1
26209 10620 1
26209 16758 1
26209 26096 1
26209 26197 1
26209 26219 1
26209 26647 1
26209 26988 1
26209 28769 1
26209 28972 1
26209 28978 1
26209 33658 1
26209 34736 1
26209 34967 1
26209 35985 1
26209 36146 1
26209 36296 1
26209 42769 1
26209 46297 1
26209 124995 1
26647 1101 1
26647 10620 1
26647 16758 1
26647 26096 1
26647 26197 1
26647 26209 1
26647 26988 1
26647 28972 1
26647 28978 1
26647 36146 1
26647 42769 1
26647 46297 1
26988 1101 1
26988 10620 1
26988 16758 1
26988 17216 1
26988 25100 1
26988 26096 1
26988 26197 1
26988 26209 1
26988 26483 1
26988 26647 1
26988 28398 1
26988 28972 1
26988 28978 2
26988 28983 1
26988 34571 1
26988 35422 1
26988 35842 1
26988 36146 1
26988 42769 1
26988 46297 1
28972 1101 1
28972 10620 1
28972 16758 1
28972 26096 1
28972 26197 1
28972 26209 1
28972 26647 1
28972 26988 1
28972 28978 1
28972 36146 1
28972 42769 1
28972 46297 1
28978 1101 1
28978 5454 1
28978 10620 1
28978 11013 1
28978 16758 1
28978 17216 1
28978 22488 1
28978 25100 1
28978 26096 1
28978 26197 1
28978 26209 1
28978 26483 1
28978 26647 1
28978 26656 1
28978 26704 1
28978 26853 1
28978 26988 2
28978 28398 1
28978 28972 1
28978 28983 1
28978 31958 1
28978 32545 1
28978 34546 1
28978 34571 1
28978 34877 1
28978 35422 1
28978 35842 1
28978 36146 1
28978 39679 1
28978 42769 1
28978 46297 1
36145 2047 1
36145 13005 1
36145 16964 1
36145 28196 1
36145 28989 1
36145 33144 1
36145 35124 1
36145 36146 1
36145 37419 1
36145 39193 1
36145 40063 1
36145 40349 1
36145 47666 1
36145 56026 1
36145 57588 1
36145 89897 1
42769 1101 1
42769 10620 1
42769 13005 1
42769 16758 1
42769 20565 1
42769 25222 1
42769 26096 1
42769 26197 1
42769 26209 1
42769 26216 1
42769 26233 1
42769 26647 1
42769 26988 1
42769 28972 1
42769 28978 1
42769 29062 1
42769 29378 1
42769 29808 1
42769 31005 1
42769 31547 1
42769 31717 1
42769 31718 1
42769 33140 1
42769 33653 1
42769 33912 1
42769 33945 1
42769 34878 1
42769 36128 1
42769 36146 1
42769 36230 1
42769 36378 1
42769 38185 1
42769 38736 1
42769 38774 1
42769 40180 1
42769 40187 1
42769 40741 1
42769 40888 1
42769 42462 1
42769 42964 1
42769 45429 1
42769 46285 1
42769 46297 1
42769 46308 1
42769 46793 1
42769 47619 1
42769 48579 1
46297 1101 1
46297 10620 1
46297 16758 1
46297 26096 1
46297 26197 1
46297 26209 1
46297 26433 1
46297 26457 1
46297 26647 1
46297 26988 1
46297 27784 1
46297 28184 1
46297 28406 1
46297 28557 1
46297 28972 1
46297 28978 1
46297 32620 1
46297 33924 1
46297 35678 1
46297 36146 1
46297 36893 1
46297 37352 1
46297 38190 1
46297 39432 1
46297 42544 1
46297 42545 1
46297 42769 1
46297 42967 1
46297 44632 1
46297 45445 1
46297 45710 1
46297 46109 1
46297 46120 1
46297 46296 1
46297 48656 1
46297 49384 1
46297 49385 1
46297 49386 1
46297 52215 1
46297 53343 1
46297 53764 1
46297 58532 1
46297 62408 1
46297 63505 1
46297 66500 1
46297 125638 1
75 5602 1
75 7528 1
75 8888 1
75 10301 1
75 10343 1
75 10869 1
75 11976 1
75 11978 1
75 11979 1
75 12883 1
75 14948 1
75 15334 1
75 16329 1
75 16330 1
75 16890 1
75 17152 1
75 18891 1
75 18918 3
75 24121 1
75 27445 1
75 28555 1
75 31150 1
75 34725 1
75 49504 1
75 55212 1
1934 8885 1
1934 8887 1
1934 8888 1
1934 13011 1
1934 17969 1
1934 26356 1
1934 30022 1
1934 44698 1
3137 3136 1
3137 8888 1
3137 14888 1
3137 15352 1
3137 15354 1
3137 18359 1
3137 22655 1
3137 26435 1
3137 26674 1
3137 27861 1
3137 28110 1
3137 31187 1
3137 31219 1
3137 31493 1
8885 1934 1
8885 8887 1
8885 8888 1
8885 10311 1
8885 12792 1
8885 13011 1
8885 17969 1
8885 19466 1
8885 20727 1
8885 22447 1
8885 26356 1
8885 26992 1
8885 30022 1
8885 44698 1
8887 1934 1
8887 5115 1
8887 7004 2
8887 8352 1
8887 8789 1
8887 8885 1
8887 8888 1
8887 11124 1
8887 11586 1
8887 12192 1
8887 13011 1
8887 13240 1
8887 17969 1
8887 26356 1
8887 30022 1
8887 44698 1
8968 8888 1
8968 9398 1
8968 9401 1
8968 9403 1
8968 13466 1
8968 15338 1
8968 16950 1
8968 16957 1
8968 17883 1
8968 18363 1
8968 24378 1
9398 8888 1
9398 8968 1
9398 9401 5
9398 9403 1
9398 13466 1
9398 15338 1
9398 16950 1
9398 16957 1
9398 17883 1
9398 18363 1
9398 24378 1
9401 8888 1
9401 8968 1
9401 9398 5
9401 9403 1
9401 13466 1
9401 15338 1
9401 16950 1
9401 16957 1
9401 17883 1
9401 18363 1
9401 24378 1
9403 890 1
9403 3136 1
9403 8888 1
9403 8968 1
9403 9398 1
9403 9401 1
9403 10880 1
9403 12731 1
9403 13466 1
9403 14585 1
9403 15338 2
9403 16280 1
9403 16589 1
9403 16590 1
9403 16950 1
9403 16957 1
9403 17217 1
9403 17330 1
9403 17883 1
9403 18363 1
9403 18756 1
9403 22263 1
9403 24378 1
9403 25113 1
9403 25844 1
9403 26023 1
9403 27223 1
9403 29532 1
9403 35196 1
10869 75 1
10869 8888 1
10869 12301 1
10869 12418 2
10869 16946 2
10869 17152 1
10869 18756 1
10869 21697 1
10869 34725 1
10869 84202 1
13011 1934 1
13011 8885 1
13011 8887 1
13011 8888 1
13011 17969 1
13011 19676 1
13011 26346 1
13011 26356 1
13011 27898 1
13011 30022 1
13011 30851 1
13011 32562 1
13011 44698 1
13466 8888 1
13466 8968 1
13466 9398 1
13466 9401 1
13466 9403 1
13466 15338 1
13466 16950 1
13466 16957 1
13466 17883 1
13466 18363 1
13466 24378 1
14888 3137 1
14888 8888 1
14888 15352 1
14888 15354 1
15338 6949 1
15338 8888 1
15338 8968 1
15338 9398 1
15338 9401 1
15338 9403 2
15338 13466 1
15338 15337 1
15338 16950 1
15338 16957 1
15338 17883 1
15338 18363 1
15338 20105 1
15338 24378 1
15338 28555 1
15352 3137 1
15352 8701 1
15352 8888 1
15352 10667 1
15352 10878 1
15352 10880 1
15352 14888 1
15352 15125 1
15352 15354 1
15352 17721 1
15352 22263 1
15352 27924 1
15352 28234 1
15354 890 1
15354 3137 1
15354 6065 1
15354 8888 1
15354 14888 1
15354 15352 1
15354 16363 1
15354 16589 1
15354 18755 1
15354 19926 1
16950 8888 1
16950 8968 1
16950 9398 1
16950 9401 1
16950 9403 1
16950 13466 1
16950 15338 1
16950 16957 1
16950 17883 1
16950 18363 1
16950 18366 1
16950 24378 1
16957 8888 1
16957 8968 1
16957 9398 1
16957 9401 1
16957 9403 1
16957 13466 1
16957 15338 1
16957 16950 1
16957 17883 1
16957 18363 1
16957 24378 1
17152 75 1
17152 8888 1
17152 10869 1
17152 34725 1
17883 8888 1
17883 8968 1
17883 9398 1
17883 9401 1
17883 9403 1
17883 11973 1
17883 12069 1
17883 12732 1
17883 12735 1
17883 13466 1
17883 14871 1
17883 14872 1
17883 15338 1
17883 16950 1
17883 16957 1
17883 18363 1
17883 24378 1
17883 124674 1
17969 1934 1
17969 8885 1
17969 8887 1
17969 8888 1
17969 12852 1
17969 13011 1
17969 23401 1
17969 23566 1
17969 25916 1
17969 26201 1
17969 26356 1
17969 26644 1
17969 27758 1
17969 28771 1
17969 30022 1
17969 31994 1
17969 31997 1
17969 32668 1
17969 34663 1
17969 34753 1
17969 37930 1
17969 44698 1
17969 52284 1
18363 2117 1
18363 2959 1
18363 8699 1
18363 8888 1
18363 8968 1
18363 9398 1
18363 9401 1
18363 9403 1
18363 10878 1
18363 13191 1
18363 13466 1
18363 14901 1
18363 14904 1
18363 15338 1
18363 16470 1
18363 16950 1
18363 16957 1
18363 17154 1
18363 17264 1
18363 17265 1
18363 17883 1
18363 18362 1
18363 22614 1
18363 24378 1
18363 28542 1
24378 5602 1
24378 8888 1
24378 8968 1
24378 9398 1
24378 9401 1
24378 9403 1
24378 13466 1
24378 15338 1
24378 16950 1
24378 16957 1
24378 17883 1
24378 18363 1
24378 24579 1
26356 150 1
26356 1934 1
26356 5905 1
26356 8885 1
26356 8887 1
26356 8888 1
26356 12341 1
26356 12820 1
26356 13011 1
26356 17969 1
26356 19567 1
26356 20565 1
26356 27861 1
26356 30022 1
26356 30291 1
26356 31276 1
26356 37976 1
26356 44698 1
26356 48491 1
30022 1934 1
30022 8885 1
30022 8887 1
30022 8888 1
30022 12845 1
30022 13011 1
30022 17969 1
30022 23615 1
30022 26356 1
30022 30019 1
30022 30020 1
30022 30021 1
30022 31947 1
30022 34740 1
30022 44698 1
34725 75 1
34725 8888 1
34725 10869 1
34725 17152 1
34725 27859 1
34725 28404 1
34725 31718 1
34725 44265 1
34725 123610 1
44698 1934 1
44698 3280 1
44698 8885 1
44698 8887 1
44698 8888 1
44698 13011 1
44698 17969 1
44698 19567 1
44698 22289 1
44698 26356 1
44698 28250 1
44698 30022 1
44698 34526 1
44698 36355 1
44698 40188 2
44698 44697 1
44698 47243 1
11007 10528 1
11007 14354 1
11007 14871 1
11007 15271 1
11007 39950 1
14354 10528 1
14354 11007 1
14354 14702 1
14354 15271 1
14354 39950 1
14354 121872 1
15271 10528 1
15271 10855 1
15271 11007 1
15271 14354 1
15271 19032 1
15271 22986 1
15271 26454 1
15271 27531 1
15271 28164 1
15271 30418 1
15271 32870 1
15271 32876 1
15271 32878 1
15271 38520 1
15271 38740 1
15271 39787 1
15271 39950 1
15271 51762 1
15271 125538 1
15271 127064 1
39950 10528 1
39950 11007 1
39950 14354 1
39950 15271 1
6465 6454 1
6465 6466 1
6465 10827 1
6465 10843 1
6465 10849 2
6465 10851 1
6465 13913 1
6465 13914 1
6465 16293 1
6465 127631 1
6466 6454 1
6466 6456 1
6466 6465 1
6466 6959 1
6466 10827 1
6466 10841 1
6466 10847 1
6466 10849 1
6466 12843 1
6466 13913 1
6466 13914 1
6466 36677 1
6466 127631 1
10849 4013 1
10849 5106 1
10849 6454 3
10849 6455 1
10849 6465 2
10849 6466 1
10849 6467 1
10849 6943 1
10849 6945 1
10849 10827 1
10849 10843 2
10849 10848 1
10849 10851 1
10849 10855 1
10849 13913 1
10849 13914 1
10849 29064 1
10849 127631 1
13913 6465 1
13913 6466 1
13913 10827 1
13913 10849 1
13913 12419 1
13913 13914 2
13914 2117 1
13914 6465 1
13914 6466 1
13914 10827 1
13914 10849 1
13914 13913 2
13914 13915 1
13914 17723 1
13914 106062 1
13914 125810 1
10301 75 1
10301 11976 1
10301 11978 1
10301 11979 1
10301 12074 1
10301 12883 1
10301 14785 1
10301 18918 1
10301 24121 1
11978 75 1
11978 10301 1
11978 11976 1
11978 11979 1
11978 12883 1
11978 18918 1
11978 24121 1
11979 75 1
11979 10301 1
11979 11976 1
11979 11978 1
11979 12883 1
11979 18918 1
11979 24121 1
12883 75 1
12883 10301 1
12883 11976 1
12883 11978 1
12883 11979 1
12883 12820 1
12883 18918 1
12883 24121 1
18918 75 3
18918 5602 1
18918 10301 1
18918 11976 1
18918 11978 1
18918 11979 1
18918 12883 1
18918 15334 1
18918 18891 1
18918 24121 1
18918 27445 1
18918 28555 1
18918 31150 1
18918 49504 1
18918 55212 1
24121 75 1
24121 10301 1
24121 11976 1
24121 11978 1
24121 11979 1
24121 12883 1
24121 18918 1
108589 11976 1
108589 21331 1
108589 33580 1
108589 36540 1
108589 38562 1
108589 39441 1
108589 42539 1
108589 42567 1
108589 44166 1
108589 46274 1
108589 47394 1
108589 47426 1
108589 49256 1
108589 54673 1
108589 56014 1
108589 56145 1
108589 59207 1
108589 59226 1
108589 59246 1
108589 60129 1
108589 60133 1
108589 61735 1
108589 61878 1
108589 63198 1
108589 63199 1
108589 67753 1
108589 67761 1
108589 67765 1
108589 74272 1
108589 74783 1
108589 74921 1
108589 75511 1
108589 76684 1
108589 80047 1
108589 81354 1
108589 82277 1
108589 84003 1
108589 85231 1
108589 85362 1
108589 86627 1
108589 90630 1
108589 93320 1
108589 95926 1
108589 96186 1
108589 99323 1
108589 101914 1
108589 106301 1
108589 108587 1
108589 108588 1
108589 109130 1
108589 111511 1
108589 113288 1
108589 114196 1
108589 115261 1
108589 116843 1
108589 117364 1
108589 117720 1
108589 119153 1
108589 127553 1
24385 12785 1
24385 12899 1
5097 5096 1
5097 6462 1
5097 13759 1
5097 29515 1
13758 13759 1
13761 13759 1
13761 13762 1
13762 13759 1
13762 13761 1
29515 5097 1
29515 13759 1
5106 4013 1
5106 6022 1
5106 6455 1
5106 6456 2
5106 6467 1
5106 6943 1
5106 6945 1
5106 10843 2
5106 10848 1
5106 10849 1
5106 10855 1
5106 14859 1
5106 16088 1
6022 5106 1
6022 6456 1
6022 6467 1
6022 14859 1
6022 16088 1
6456 5106 2
6456 6022 1
6456 6454 1
6456 6466 1
6456 6467 1
6456 6959 1
6456 10841 2
6456 10843 1
6456 10847 1
6456 10852 1
6456 12843 1
6456 14859 1
6456 16088 1
6456 36677 1
6456 127631 1
6467 5106 1
6467 6022 1
6467 6454 1
6467 6456 1
6467 10849 1
6467 14859 1
6467 16088 1
16088 5106 1
16088 6022 1
16088 6456 1
16088 6467 1
16088 14859 1
16088 71502 1
125538 15271 1
125538 27389 1
3637 3641 1
3637 12820 1
3637 12848 1
3637 22381 1
3637 22382 1
3637 25973 1
3637 26131 1
3637 27443 1
3637 29855 1
3637 31075 1
3637 35195 1
3637 125553 1
3641 3637 1
3641 12820 1
3641 12848 1
3641 22381 1
3641 22382 1
3641 25973 1
3641 26131 1
3641 27443 1
3641 29855 1
3641 31075 1
3641 35195 1
3641 125553 1
5131 8129 1
5131 12820 1
5131 26191 1
5131 26192 1
5131 26200 1
5131 28408 1
5131 125553 2
8129 5131 1
8129 12820 1
8129 26191 1
8129 26192 1
8129 26200 1
8129 28408 1
8129 125553 1
12820 3637 1
12820 3641 1
12820 5131 1
12820 8129 1
12820 12848 1
12820 12883 1
12820 19567 1
12820 20565 1
12820 22381 1
12820 22382 1
12820 25973 1
12820 26131 1
12820 26191 1
12820 26192 1
12820 26200 1
12820 26356 1
12820 27443 1
12820 28408 1
12820 29855 1
12820 31075 1
12820 31276 1
12820 35195 1
12820 37976 1
12820 125553 2
12848 3637 1
12848 3641 1
12848 12820 1
12848 19676 1
12848 22381 1
12848 22382 1
12848 25973 1
12848 26131 1
12848 27443 1
12848 28398 1
12848 29855 1
12848 31075 1
12848 35195 1
12848 125553 1
12852 13327 1
12852 17969 1
12852 18891 1
12852 19658 1
12852 23566 1
12852 24546 1
12852 26644 1
12852 27861 1
12852 32668 1
12852 33099 1
12852 37930 1
12852 125553 1
12900 125553 1
18891 75 1
18891 5602 1
18891 12852 1
18891 18918 1
18891 24546 1
18891 27861 1
18891 28555 1
18891 29064 1
18891 33099 1
18891 125553 1
22381 3637 1
22381 3641 1
22381 12820 1
22381 12848 1
22381 22382 1
22381 25973 1
22381 26131 1
22381 27443 1
22381 29855 1
22381 31075 1
22381 35195 1
22381 125553 1
22382 3637 1
22382 3641 1
22382 12820 1
22382 12848 1
22382 22381 1
22382 25973 1
22382 26131 1
22382 27443 1
22382 29855 1
22382 31075 1
22382 35195 1
22382 125553 1
24546 10843 1
24546 12852 1
24546 18887 1
24546 18891 1
24546 27861 1
24546 33099 1
24546 125553 1
25973 3637 1
25973 3641 1
25973 12820 1
25973 12848 1
25973 22381 1
25973 22382 1
25973 25975 1
25973 26131 1
25973 27443 1
25973 29855 1
25973 31075 1
25973 35195 1
25973 125553 1
26131 3637 1
26131 3641 1
26131 12820 1
26131 12848 1
26131 22381 1
26131 22382 1
26131 25973 1
26131 27443 1
26131 28769 1
26131 29855 1
26131 31075 1
26131 31994 1
26131 35195 1
26131 125553 1
26191 5131 1
26191 8129 1
26191 12820 1
26191 26192 1
26191 26200 1
26191 28408 1
26191 28555 1
26191 125553 1
26192 5131 1
26192 8129 1
26192 12820 1
26192 17216 1
26192 19926 1
26192 26191 1
26192 26200 1
26192 28408 1
26192 125553 1
26200 5131 1
26200 8129 1
26200 12820 1
26200 26191 1
26200 26192 1
26200 28408 1
26200 125553 1
27443 3637 1
27443 3641 1
27443 12820 1
27443 12848 1
27443 18882 1
27443 22381 1
27443 22382 1
27443 25973 1
27443 26131 1
27443 29855 1
27443 31075 1
27443 35195 1
27443 125553 1
27861 150 1
27861 3136 1
27861 3137 1
27861 5905 1
27861 12341 1
27861 12852 1
27861 18359 1
27861 18891 1
27861 22655 1
27861 24546 1
27861 26356 1
27861 26435 1
27861 26674 1
27861 28110 1
27861 30291 1
27861 31187 1
27861 31219 1
27861 31493 1
27861 33099 1
27861 48491 1
27861 125553 1
28408 5131 1
28408 8129 1
28408 12820 1
28408 26191 1
28408 26192 1
28408 26200 1
28408 125553 1
29855 3637 1
29855 3641 1
29855 12820 1
29855 12848 1
29855 12925 1
29855 22381 1
29855 22382 1
29855 25973 1
29855 26131 1
29855 27443 1
29855 31075 1
29855 35195 1
29855 125553 1
31075 3637 1
31075 3641 1
31075 12820 1
31075 12848 1
31075 22381 1
31075 22382 1
31075 25973 1
31075 26131 1
31075 27443 1
31075 29855 1
31075 35195 1
31075 125553 1
33099 12852 1
33099 18891 1
33099 24546 1
33099 24579 1
33099 27861 1
33099 125553 1
35195 3637 1
35195 3641 1
35195 12820 1
35195 12848 1
35195 22381 1
35195 22382 1
35195 25973 1
35195 26131 1
35195 27443 1
35195 29855 1
35195 31075 1
35195 125553 1
4013 5106 1
4013 6455 1
4013 6462 1
4013 6943 1
4013 6945 2
4013 9056 1
4013 9057 1
4013 9058 1
4013 10843 1
4013 10848 1
4013 10849 1
4013 10855 1
6455 4013 1
6455 5106 1
6455 6943 1
6455 6945 1
6455 10843 1
6455 10848 1
6455 10849 1
6455 10855 1
6943 4013 1
6943 5106 1
6943 6455 1
6943 6945 1
6943 10843 1
6943 10848 1
6943 10849 1
6943 10855 1
6945 4013 2
6945 5106 1
6945 6455 1
6945 6943 1
6945 10843 1
6945 10848 1
6945 10849 1
6945 10855 1
10843 4013 1
10843 5106 2
10843 6454 1
10843 6455 1
10843 6456 1
10843 6465 1
10843 6943 1
10843 6945 1
10843 10848 1
10843 10849 2
10843 10851 1
10843 10855 1
10843 16122 1
10843 24546 1
10843 127631 1
10848 4013 1
10848 5106 1
10848 6455 1
10848 6943 1
10848 6945 1
10848 10843 1
10848 10849 1
10848 10855 1
19032 10855 1
19032 15271 1
19032 22986 1
19032 26454 1
19032 27531 1
19032 28164 1
19032 30418 2
19032 32870 1
19032 32876 1
19032 32878 1
19032 38520 1
19032 38740 1
19032 39787 1
19032 51762 1
22986 10855 1
22986 15271 1
22986 19032 1
22986 26454 1
22986 27531 1
22986 28164 1
22986 30418 1
22986 32870 1
22986 32876 1
22986 32878 1
22986 38520 1
22986 38740 1
22986 39787 1
22986 51762 1
26454 10855 1
26454 15271 1
26454 19032 1
26454 22986 1
26454 26233 1
26454 27531 1
26454 28164 1
26454 30418 1
26454 32870 1
26454 32876 1
26454 32878 1
26454 38520 1
26454 38740 1
26454 39787 1
26454 51762 1
26454 125638 1
27531 10855 1
27531 15271 1
27531 19032 1
27531 22986 1
27531 26454 1
27531 28164 1
27531 30418 1
27531 32870 1
27531 32876 1
27531 32878 1
27531 38520 1
27531 38740 1
27531 39787 1
27531 51762 1
28164 10855 1
28164 15271 1
28164 19032 1
28164 22986 1
28164 26454 1
28164 27531 1
28164 28110 1
28164 28196 1
28164 30418 1
28164 32870 1
28164 32876 1
28164 32878 1
28164 38520 1
28164 38740 1
28164 39787 1
28164 51762 1
30418 10855 1
30418 15271 1
30418 19032 2
30418 22986 1
30418 26454 1
30418 27531 1
30418 28164 1
30418 32870 1
30418 32876 1
30418 32878 1
30418 38520 1
30418 38740 1
30418 39787 1
30418 51762 1
32870 10855 1
32870 15271 1
32870 19032 1
32870 22986 1
32870 26454 1
32870 27531 1
32870 28164 1
32870 30418 1
32870 32876 1
32870 32878 1
32870 38520 1
32870 38740 1
32870 39787 1
32870 51762 1
32876 10855 1
32876 15271 1
32876 19032 1
32876 22986 1
32876 26454 1
32876 27531 1
32876 28164 1
32876 30418 1
32876 32870 1
32876 32878 1
32876 38520 1
32876 38740 1
32876 39787 1
32876 51762 1
32878 10855 1
32878 15271 1
32878 19032 1
32878 22986 1
32878 26454 1
32878 27531 1
32878 28164 1
32878 30418 1
32878 32870 1
32878 32876 1
32878 38520 1
32878 38740 1
32878 39787 1
32878 42967 1
32878 51762 1
38520 10855 1
38520 15271 1
38520 19032 1
38520 22986 1
38520 26454 1
38520 27531 1
38520 28164 1
38520 30418 1
38520 32870 1
38520 32876 1
38520 32878 1
38520 38740 1
38520 39787 1
38520 46308 1
38520 51762 1
38740 10855 1
38740 15271 1
38740 19032 1
38740 22986 1
38740 26454 1
38740 27531 1
38740 28164 1
38740 30418 1
38740 32870 1
38740 32876 1
38740 32878 1
38740 38520 1
38740 39787 1
38740 42539 1
38740 51762 1
39787 10855 1
39787 15271 1
39787 19032 1
39787 22986 1
39787 26454 1
39787 27531 1
39787 28164 1
39787 30418 1
39787 32870 1
39787 32876 1
39787 32878 1
39787 38520 1
39787 38740 1
39787 51762 1
51762 10855 1
51762 15271 1
51762 19032 1
51762 22986 1
51762 26454 1
51762 27531 1
51762 28164 1
51762 30418 1
51762 32870 1
51762 32876 1
51762 32878 1
51762 38520 1
51762 38740 1
51762 39787 1
51762 49386 1
7509 11448 1
7509 14707 1
7509 123028 1
11449 11448 1
14707 7509 1
14707 11448 1
14707 12418 1
14707 123028 1
41217 11448 1
41217 22706 1
41217 60978 1
123028 7509 1
123028 11448 1
123028 14707 1
123028 123027 1
12836 1101 1
12836 22655 1
12836 23615 1
12836 26646 1
12836 28979 1
12836 34546 1
12836 34663 1
12836 34967 1
12836 36878 1
12836 52284 1
12836 63867 1
22655 1101 1
22655 3136 1
22655 3137 1
22655 12836 1
22655 18359 1
22655 26435 1
22655 26646 1
22655 26674 1
22655 27861 1
22655 28110 1
22655 28979 1
22655 31187 1
22655 31219 1
22655 31493 1
22655 34546 1
22655 34663 1
22655 36878 1
22655 52284 1
22655 63867 1
26646 1101 1
26646 12836 1
26646 22655 1
26646 28979 1
26646 34546 1
26646 34663 1
26646 36878 1
26646 38562 1
26646 52284 1
26646 63867 1
28979 1101 1
28979 12836 1
28979 22655 1
28979 26646 1
28979 34546 1
28979 34663 1
28979 36878 1
28979 52284 1
28979 63867 1
34546 1101 1
34546 12836 1
34546 13005 1
34546 22655 1
34546 26646 1
34546 28978 1
34546 28979 1
34546 34663 1
34546 34736 1
34546 36878 1
34546 39679 1
34546 52284 1
34546 63867 1
34663 1101 1
34663 12836 1
34663 17969 1
34663 22655 1
34663 23401 1
34663 25916 1
34663 26201 1
34663 26646 1
34663 27758 1
34663 28771 1
34663 28979 1
34663 31994 1
34663 31997 1
34663 34546 1
34663 34753 1
34663 36878 1
34663 52284 4
34663 63867 1
36878 1101 1
36878 12836 1
36878 22655 1
36878 26646 1
36878 28979 1
36878 34546 1
36878 34663 1
36878 52284 1
36878 63867 1
52284 1101 1
52284 12836 1
52284 17969 1
52284 22655 1
52284 23401 1
52284 25916 1
52284 26201 1
52284 26646 1
52284 27758 1
52284 28771 1
52284 28979 1
52284 31994 1
52284 31997 1
52284 34546 1
52284 34663 4
52284 34753 1
52284 36878 1
52284 63867 1
63867 1101 1
63867 12836 1
63867 22655 1
63867 26646 1
63867 28979 1
63867 34546 1
63867 34663 1
63867 36878 1
63867 52284 1
2047 16964 1
2047 24012 1
2047 26096 1
2047 28196 1
2047 28989 1
2047 33144 1
2047 36145 1
2047 37419 1
2047 40063 1
2047 40349 1
2047 56026 1
2047 57588 1
12835 13010 1
12835 13186 1
12835 18359 2
12835 20665 1
12835 25555 1
12835 25975 1
12835 26096 1
12835 26437 1
12835 27223 1
12835 29507 1
12925 19675 1
12925 20697 1
12925 26096 1
12925 29855 1
12925 31267 1
12925 33197 1
12925 33198 1
12925 33199 1
12925 39797 1
12925 40878 1
12925 121019 1
13010 12835 1
13010 13186 1
13010 20665 1
13010 25555 1
13010 25975 1
13010 26096 1
13010 26437 1
13010 27223 1
13010 29507 1
13186 12835 1
13186 13010 1
13186 20665 1
13186 25555 1
13186 25975 1
13186 26096 1
13186 26437 1
13186 27223 1
13186 29507 1
19675 12925 1
19675 20697 1
19675 26096 1
19675 31267 1
19675 33197 1
19675 33198 1
19675 33199 1
19675 39797 1
19675 40878 1
19675 121019 1
20665 12835 1
20665 13010 1
20665 13186 1
20665 25555 1
20665 25975 1
20665 26096 1
20665 26437 1
20665 27223 1
20665 29507 1
20697 12925 1
20697 19675 1
20697 26096 1
20697 31267 1
20697 32536 1
20697 33197 1
20697 33198 1
20697 33199 1
20697 39797 1
20697 40878 1
20697 121019 1
24012 2047 1
24012 26096 1
25555 12835 1
25555 13010 1
25555 13186 1
25555 20665 1
25555 25975 1
25555 26096 1
25555 26437 1
25555 27223 1
25555 29507 1
25975 12835 1
25975 13010 1
25975 13186 1
25975 20665 1
25975 25555 1
25975 25973 1
25975 26096 1
25975 26437 1
25975 27223 1
25975 29507 1
26437 12835 1
26437 13010 1
26437 13186 1
26437 20665 1
26437 24119 1
26437 25555 1
26437 25975 1
26437 26096 1
26437 27223 1
26437 29507 1
27223 890 1
27223 3136 1
27223 9403 1
27223 10880 1
27223 12835 1
27223 13010 1
27223 13186 1
27223 16280 1
27223 17330 1
27223 20665 1
27223 25555 1
27223 25975 1
27223 26096 1
27223 26437 1
27223 29507 1
27223 29532 1
29507 12835 1
29507 13010 1
29507 13186 1
29507 20665 1
29507 25555 1
29507 25975 1
29507 26096 1
29507 26437 1
29507 27223 1
31267 12925 1
31267 19675 1
31267 20697 1
31267 23615 1
31267 26096 1
31267 33197 1
31267 33198 1
31267 33199 1
31267 39797 1
31267 40878 1
31267 121019 1
33197 12925 1
33197 19675 1
33197 20697 1
33197 26096 1
33197 29917 1
33197 31267 1
33197 33198 1
33197 33199 1
33197 39797 1
33197 40878 1
33197 121019 1
33198 12925 1
33198 19675 1
33198 20697 1
33198 26096 1
33198 31267 1
33198 33197 1
33198 33199 1
33198 39797 1
33198 40878 1
33198 121019 1
33199 12925 1
33199 19675 1
33199 20697 1
33199 26096 1
33199 31267 1
33199 33197 1
33199 33198 1
33199 39797 1
33199 40878 1
33199 121019 1
39797 12925 1
39797 19675 1
39797 20697 1
39797 26096 1
39797 31267 1
39797 33197 1
39797 33198 1
39797 33199 1
39797 40878 1
39797 121019 1
40878 12925 1
40878 19675 1
40878 20697 1
40878 26096 1
40878 31267 1
40878 33197 1
40878 33198 1
40878 33199 1
40878 39797 1
40878 121019 1
48284 26096 1
48284 42964 1
121019 12925 1
121019 19675 1
121019 20697 1
121019 26096 1
121019 31267 1
121019 33197 1
121019 33198 1
121019 33199 1
121019 39797 1
121019 40878 1
121019 42567 1
26219 26209 1
26219 33658 1
26219 34736 1
26219 34967 1
26219 36296 1
26219 124995 1
28769 26131 1
28769 26209 1
28769 28771 1
33658 26209 1
33658 26219 1
33658 34736 1
33658 34967 1
33658 36296 1
33658 124995 1
34736 12732 1
34736 26209 1
34736 26219 1
34736 33658 1
34736 34546 1
34736 34967 1
34736 36296 1
34736 124995 1
34967 12836 1
34967 26209 1
34967 26219 1
34967 33658 1
34967 34736 1
34967 36296 1
34967 124995 1
35985 26209 1
36296 26209 1
36296 26219 1
36296 33658 1
36296 34736 1
36296 34967 1
36296 124995 1
124995 26209 1
124995 26219 1
124995 31276 1
124995 33658 1
124995 34736 1
124995 34967 1
124995 36296 1
17216 19926 1
17216 25100 1
17216 26192 1
17216 26483 1
17216 26988 1
17216 28398 1
17216 28978 1
17216 28983 1
17216 34571 1
17216 35422 1
17216 35842 1
25100 17216 1
25100 23614 1
25100 26483 1
25100 26988 1
25100 28398 1
25100 28978 1
25100 28983 1
25100 34571 1
25100 35422 1
25100 35842 1
26483 17216 1
26483 25100 1
26483 26988 1
26483 28398 1
26483 28978 1
26483 28983 1
26483 34571 1
26483 35422 1
26483 35842 1
28398 12848 1
28398 17216 1
28398 19676 1
28398 25100 1
28398 26483 1
28398 26988 1
28398 28978 1
28398 28983 1
28398 34571 1
28398 35422 1
28398 35842 1
28983 17216 1
28983 25100 1
28983 26483 1
28983 26988 1
28983 28398 1
28983 28978 1
28983 34571 1
28983 35422 2
28983 35842 1
34571 17216 1
34571 25100 1
34571 26483 1
34571 26988 1
34571 28398 1
34571 28978 1
34571 28983 1
34571 35422 1
34571 35842 1
35422 17216 1
35422 25100 1
35422 26483 1
35422 26988 1
35422 28398 1
35422 28978 1
35422 28983 2
35422 34571 1
35422 35842 1
35422 49385 1
35842 17216 1
35842 25100 1
35842 26483 1
35842 26988 1
35842 28398 1
35842 28978 1
35842 28983 1
35842 34571 1
35842 35422 1
5454 28978 1
11013 22488 1
11013 26656 1
11013 26853 1
11013 28978 1
11013 31958 1
11013 32545 1
11013 34877 1
22488 11013 1
22488 26656 1
22488 26853 1
22488 28978 1
22488 31958 1
22488 32545 1
22488 34877 1
26656 11013 1
26656 13419 1
26656 22488 1
26656 26853 1
26656 28978 1
26656 31958 1
26656 32545 1
26656 34877 2
26656 44632 1
26656 123610 2
26704 23401 1
26704 28978 1
26704 47619 1
26853 11013 1
26853 22488 1
26853 26656 1
26853 28978 1
26853 31958 1
26853 32545 1
26853 34877 1
31958 11013 1
31958 22488 1
31958 26656 1
31958 26853 1
31958 28978 1
31958 32545 1
31958 34877 1
32545 11013 1
32545 22488 1
32545 26656 1
32545 26853 1
32545 28978 1
32545 31958 1
32545 34877 1
32545 40063 1
32545 42113 1
34877 11013 1
34877 22488 1
34877 26656 2
34877 26853 1
34877 28978 1
34877 31958 1
34877 32545 1
34877 44632 1
39679 28978 1
39679 34546 1
13005 20565 1
13005 25222 1
13005 26216 1
13005 29808 1
13005 30851 1
13005 31717 1
13005 31718 1
13005 33140 1
13005 33653 1
13005 33912 1
13005 33945 1
13005 34546 1
13005 34878 1
13005 35124 1
13005 36145 1
13005 36230 1
13005 38774 1
13005 39193 1
13005 40180 1
13005 42769 1
13005 46285 1
13005 47619 1
13005 47666 1
16964 2047 1
16964 28196 1
16964 28989 1
16964 33144 1
16964 36145 1
16964 37419 1
16964 40063 1
16964 40349 1
16964 56026 1
16964 57588 1
28196 2047 1
28196 16964 1
28196 28110 1
28196 28164 1
28196 28184 1
28196 28989 1
28196 31547 1
28196 33144 1
28196 36145 1
28196 37419 1
28196 40063 1
28196 40180 1
28196 40349 1
28196 56026 1
28196 57588 1
28989 2047 1
28989 16964 1
28989 27758 1
28989 28196 1
28989 33144 1
28989 36145 1
28989 37419 1
28989 40063 1
28989 40349 1
28989 56026 1
28989 57588 1
33144 2047 1
33144 16964 1
33144 28196 1
33144 28989 1
33144 36145 1
33144 37419 1
33144 40063 1
33144 40349 1
33144 56026 1
33144 57588 1
35124 13005 1
35124 36145 1
35124 39193 1
35124 47666 1
37419 2047 1
37419 16964 1
37419 28196 1
37419 28989 1
37419 33144 1
37419 36145 1
37419 40063 1
37419 40349 1
37419 56026 1
37419 57588 1
39193 13005 1
39193 35124 1
39193 36145 1
39193 47666 1
40063 2047 1
40063 16964 1
40063 28196 1
40063 28989 1
40063 32545 1
40063 33144 1
40063 36145 1
40063 37419 1
40063 40349 1
40063 56026 1
40063 57588 1
40349 2047 1
40349 16964 1
40349 28196 1
40349 28989 1
40349 33144 1
40349 36145 1
40349 37419 1
40349 40063 1
40349 56026 1
40349 57588 1
47666 13005 1
47666 35124 1
47666 36145 1
47666 39193 1
47666 127038 1
56026 2047 1
56026 16964 1
56026 28196 1
56026 28989 1
56026 33144 1
56026 36145 1
56026 36893 1
56026 37419 1
56026 40063 1
56026 40349 1
56026 57588 1
57588 2047 1
57588 16964 1
57588 28196 1
57588 28989 1
57588 33144 1
57588 36145 1
57588 37419 1
57588 40063 1
57588 40349 1
57588 53343 1
57588 56026 1
89897 36145 1
20565 12820 1
20565 13005 1
20565 13172 1
20565 19567 1
20565 25222 1
20565 26216 1
20565 26356 1
20565 27787 1
20565 29808 1
20565 30311 1
20565 31276 1
20565 31717 1
20565 31718 1
20565 33140 1
20565 33653 1
20565 33912 1
20565 33945 1
20565 34878 1
20565 36230 1
20565 37976 1
20565 38774 1
20565 40180 1
20565 42769 1
20565 46285 1
20565 47619 1
25222 13005 1
25222 20565 1
25222 26216 1
25222 29808 1
25222 31717 1
25222 31718 1
25222 33140 1
25222 33653 1
25222 33912 1
25222 33945 1
25222 34878 1
25222 36230 1
25222 38774 1
25222 40180 1
25222 42769 1
25222 46285 1
25222 47619 1
26216 13005 1
26216 20565 1
26216 25222 1
26216 29808 1
26216 31717 1
26216 31718 1
26216 33140 1
26216 33653 1
26216 33912 1
26216 33945 1
26216 34878 1
26216 36230 1
26216 38774 1
26216 40180 1
26216 42769 1
26216 46285 1
26216 47619 1
26233 26454 1
26233 36378 1
26233 38185 1
26233 38736 1
26233 40187 1
26233 40888 1
26233 42462 1
26233 42544 1
26233 42769 1
26233 42964 1
26233 45429 2
26233 46308 1
26233 48579 1
26233 53557 1
26233 125638 1
29062 29378 2
29062 31005 1
29062 31547 1
29062 36128 1
29062 40741 1
29062 42769 1
29062 46793 1
29378 29062 2
29378 31005 1
29378 31547 1
29378 36128 1
29378 40741 1
29378 42769 1
29378 46793 1
29808 13005 1
29808 20565 1
29808 25222 1
29808 26216 1
29808 31717 1
29808 31718 1
29808 33140 1
29808 33653 1
29808 33912 1
29808 33945 1
29808 34878 1
29808 36230 1
29808 38190 1
29808 38774 1
29808 40180 1
29808 42769 1
29808 46285 1
29808 47619 1
31005 28184 1
31005 29062 1
31005 29378 1
31005 31547 1
31005 34878 1
31005 36128 2
31005 40741 1
31005 42769 1
31005 42964 1
31005 46793 1
31547 20105 1
31547 28196 1
31547 29062 1
31547 29378 1
31547 31005 1
31547 31718 1
31547 32620 1
31547 33924 1
31547 36128 1
31547 36378 1
31547 40741 1
31547 42769 1
31547 46793 1
31717 13005 1
31717 20565 1
31717 25222 1
31717 26216 1
31717 29808 1
31717 31718 1
31717 33140 1
31717 33653 1
31717 33912 1
31717 33945 1
31717 34878 1
31717 36230 1
31717 38774 1
31717 40180 1
31717 42769 1
31717 46285 1
31717 47619 1
31718 13005 1
31718 20105 1
31718 20565 1
31718 25222 1
31718 26216 1
31718 27859 1
31718 28404 1
31718 29808 1
31718 31547 1
31718 31717 1
31718 33140 1
31718 33653 1
31718 33912 1
31718 33924 1
31718 33945 1
31718 34725 1
31718 34878 1
31718 36230 1
31718 38774 1
31718 40180 1
31718 42769 1
31718 44265 1
31718 46285 1
31718 47619 1
31718 123610 1
33140 13005 1
33140 20565 1
33140 25222 1
33140 26216 1
33140 29808 1
33140 31717 1
33140 31718 1
33140 33653 1
33140 33912 1
33140 33945 1
33140 34526 1
33140 34878 1
33140 36230 1
33140 38774 1
33140 40180 1
33140 42769 1
33140 46285 1
33140 47619 1
33653 13005 1
33653 20565 1
33653 25222 1
33653 26216 1
33653 29808 1
33653 31717 1
33653 31718 1
33653 33140 1
33653 33912 2
33653 33945 1
33653 34878 1
33653 36230 1
33653 38774 1
33653 40180 1
33653 42769 1
33653 46285 1
33653 47619 1
33912 13005 1
33912 20565 1
33912 25222 1
33912 26216 1
33912 29808 1
33912 31717 1
33912 31718 1
33912 33140 1
33912 33653 2
33912 33945 1
33912 34878 1
33912 36230 1
33912 38774 1
33912 40180 1
33912 42769 1
33912 46285 1
33912 47619 1
33945 13005 1
33945 20565 1
33945 25222 1
33945 26216 1
33945 26346 1
33945 29808 1
33945 31717 1
33945 31718 1
33945 31994 1
33945 33140 1
33945 33653 1
33945 33912 1
33945 34878 1
33945 36230 1
33945 38774 1
33945 40180 1
33945 42769 1
33945 46285 1
33945 47619 1
34878 13005 1
34878 20565 1
34878 25222 1
34878 26216 1
34878 27784 1
34878 29808 1
34878 31005 1
34878 31717 1
34878 31718 1
34878 33140 1
34878 33653 1
34878 33912 1
34878 33945 1
34878 36230 1
34878 38774 1
34878 40180 1
34878 42769 1
34878 42964 1
34878 46285 1
34878 47619 1
36128 28184 1
36128 29062 1
36128 29378 1
36128 31005 2
36128 31547 1
36128 40741 1
36128 42769 1
36128 46793 1
36230 13005 1
36230 18169 1
36230 20565 1
36230 25222 1
36230 26216 1
36230 29808 1
36230 31717 1
36230 31718 1
36230 33140 1
36230 33653 1
36230 33912 1
36230 33945 1
36230 34878 1
36230 38774 1
36230 40180 1
36230 42769 1
36230 46285 1
36230 47619 1
36378 26233 1
36378 31150 1
36378 31547 1
36378 38185 1
36378 38736 1
36378 40187 1
36378 40888 1
36378 42462 1
36378 42769 1
36378 42964 1
36378 45429 1
36378 46308 1
36378 48579 1
36378 56145 1
38185 26233 1
38185 36378 1
38185 38736 1
38185 40187 1
38185 40888 1
38185 42462 1
38185 42769 1
38185 42964 1
38185 44632 1
38185 45429 1
38185 46308 1
38185 48579 1
38736 26233 1
38736 36378 1
38736 38185 1
38736 40187 1
38736 40888 1
38736 42462 1
38736 42769 1
38736 42964 1
38736 45429 1
38736 46308 1
38736 48579 1
38774 13005 1
38774 20565 1
38774 25222 1
38774 26216 1
38774 29808 1
38774 31717 1
38774 31718 1
38774 33140 1
38774 33653 1
38774 33912 1
38774 33945 1
38774 34878 1
38774 36230 1
38774 40180 1
38774 42769 1
38774 46285 1
38774 47619 1
38774 59226 1
40180 13005 1
40180 20565 1
40180 25222 1
40180 26216 1
40180 28184 1
40180 28196 1
40180 29808 1
40180 31717 1
40180 31718 1
40180 33140 1
40180 33653 1
40180 33912 1
40180 33945 1
40180 34878 1
40180 36230 1
40180 38774 1
40180 42769 1
40180 46285 1
40180 47619 1
40187 26233 1
40187 36378 1
40187 38185 1
40187 38736 1
40187 40888 1
40187 42462 1
40187 42769 1
40187 42964 1
40187 45429 1
40187 46308 1
40187 48579 1
40741 29062 1
40741 29378 1
40741 31005 1
40741 31547 1
40741 36128 1
40741 42769 1
40741 46793 1
40888 26233 1
40888 36378 1
40888 38185 1
40888 38736 1
40888 40187 1
40888 42462 1
40888 42769 1
40888 42964 1
40888 45429 1
40888 46308 2
40888 48579 1
42462 26233 1
42462 36378 1
42462 38185 1
42462 38736 1
42462 40187 1
42462 40888 1
42462 42769 1
42462 42964 1
42462 45429 1
42462 46308 1
42462 48579 1
42964 26233 1
42964 31005 1
42964 34878 1
42964 36355 1
42964 36378 1
42964 38185 1
42964 38736 1
42964 40187 1
42964 40888 1
42964 42462 1
42964 42769 1
42964 45429 1
42964 46308 1
42964 48284 1
42964 48579 1
45429 26233 2
45429 36378 1
45429 38185 1
45429 38736 1
45429 40187 1
45429 40888 1
45429 42462 1
45429 42769 1
45429 42964 1
45429 46308 1
45429 48579 1
45429 53557 1
46285 13005 1
46285 20565 1
46285 25222 1
46285 26216 1
46285 29808 1
46285 31717 1
46285 31718 1
46285 33140 1
46285 33653 1
46285 33912 1
46285 33945 1
46285 34878 1
46285 36230 1
46285 38774 1
46285 40180 1
46285 42769 1
46285 47619 1
46308 26233 1
46308 36378 1
46308 38185 1
46308 38520 1
46308 38736 1
46308 40187 1
46308 40888 2
46308 42462 1
46308 42769 1
46308 42964 1
46308 45429 1
46308 48579 1
46793 29062 1
46793 29378 1
46793 31005 1
46793 31547 1
46793 36128 1
46793 40741 1
46793 42769 1
47619 13005 1
47619 20565 1
47619 25222 1
47619 26216 1
47619 26704 1
47619 29808 1
47619 31717 1
47619 31718 1
47619 33140 1
47619 33653 1
47619 33912 1
47619 33945 1
47619 34878 1
47619 36230 1
47619 38774 1
47619 40180 1
47619 42769 1
47619 46285 1
48579 982 1
48579 12948 1
48579 22256 1
48579 26233 1
48579 26355 1
48579 36378 1
48579 38185 1
48579 38736 1
48579 40187 1
48579 40888 1
48579 42462 1
48579 42769 1
48579 42964 1
48579 45429 1
48579 46308 1
26433 26457 1
26433 27784 1
26433 28184 1
26433 28406 1
26433 28557 1
26433 42967 1
26433 46120 1
26433 46297 1
26457 26433 1
26457 27784 1
26457 28184 1
26457 28406 1
26457 28557 1
26457 42967 1
26457 46120 1
26457 46297 1
27784 26433 1
27784 26457 1
27784 28184 1
27784 28406 1
27784 28557 1
27784 34878 1
27784 42967 1
27784 44038 1
27784 46120 1
27784 46297 1
27784 49504 1
28184 26433 1
28184 26457 1
28184 27784 1
28184 28196 1
28184 28406 1
28184 28557 1
28184 31005 1
28184 36128 1
28184 40180 1
28184 42967 1
28184 46120 1
28184 46297 1
28406 26433 1
28406 26457 1
28406 27784 1
28406 28184 1
28406 28557 1
28406 32669 1
28406 42967 1
28406 46120 1
28406 46297 1
28557 26433 1
28557 26457 1
28557 27784 1
28557 28184 1
28557 28406 1
28557 42967 1
28557 46120 1
28557 46297 1
32620 31547 1
32620 36893 1
32620 37352 1
32620 38190 1
32620 42545 1
32620 45710 1
32620 46297 1
32620 48656 1
32620 49386 1
32620 52215 1
32620 53343 1
32620 53764 1
32620 63505 1
32620 66500 1
32620 125638 1
33924 20105 1
33924 31547 1
33924 31718 1
33924 39432 1
33924 42544 1
33924 44632 1
33924 45445 1
33924 46296 1
33924 46297 1
35678 46297 1
35678 62408 1
36893 32620 1
36893 37352 1
36893 38190 1
36893 40382 1
36893 42545 1
36893 45710 1
36893 46297 1
36893 48656 1
36893 49386 1
36893 52215 1
36893 53343 1
36893 53764 1
36893 56026 1
36893 63505 1
36893 66500 1
36893 71502 1
36893 125638 1
37352 32620 1
37352 36893 1
37352 38190 1
37352 42545 1
37352 45710 1
37352 46297 1
37352 48656 1
37352 49386 1
37352 52215 1
37352 53343 1
37352 53764 1
37352 63505 1
37352 66500 1
37352 125638 1
38190 29808 1
38190 32620 1
38190 36893 1
38190 37352 1
38190 42545 1
38190 45710 1
38190 46297 1
38190 48656 1
38190 49386 1
38190 52215 1
38190 53343 1
38190 53764 1
38190 63505 1
38190 66500 1
38190 125638 1
39432 33924 1
39432 42544 1
39432 44632 1
39432 45445 1
39432 46296 1
39432 46297 1
42544 26233 1
42544 33924 1
42544 39432 1
42544 44632 1
42544 45445 1
42544 46296 1
42544 46297 1
42545 32620 1
42545 36893 1
42545 37352 1
42545 38190 1
42545 45710 1
42545 46297 1
42545 48656 1
42545 49386 1
42545 52215 1
42545 53343 1
42545 53764 1
42545 63505 1
42545 66500 1
42545 125638 1
42967 26433 1
42967 26457 1
42967 27784 1
42967 28184 1
42967 28406 1
42967 28557 1
42967 32878 1
42967 34526 1
42967 46120 1
42967 46297 1
44632 26656 1
44632 33924 1
44632 34877 1
44632 38185 1
44632 39432 1
44632 42544 1
44632 45445 1
44632 46296 1
44632 46297 1
45445 33924 1
45445 39432 1
45445 42544 1
45445 44632 1
45445 46296 1
45445 46297 1
45710 32620 1
45710 36893 1
45710 37352 1
45710 38190 1
45710 42545 1
45710 46297 1
45710 48656 1
45710 49386 1
45710 52215 1
45710 53343 1
45710 53764 1
45710 60129 2
45710 63505 1
45710 66500 1
45710 71139 1
45710 80899 1
45710 84202 1
45710 125638 1
46109 46297 1
46109 49384 1
46109 49385 1
46109 58532 1
46120 26433 1
46120 26457 1
46120 27784 1
46120 28184 1
46120 28406 1
46120 28557 1
46120 42967 1
46120 46297 1
46296 33924 1
46296 39432 1
46296 42544 1
46296 44632 1
46296 45445 1
46296 46297 1
48656 32620 1
48656 36893 1
48656 37352 1
48656 38190 1
48656 42545 1
48656 45710 1
48656 46297 1
48656 49386 1
48656 52215 1
48656 53343 2
48656 53764 1
48656 63505 1
48656 66500 1
48656 125638 1
49384 46109 1
49384 46297 1
49384 49385 1
49384 49412 1
49384 49744 1
49384 58532 1
49385 35422 1
49385 46109 1
49385 46297 1
49385 49384 1
49385 58532 1
49386 32620 1
49386 36893 1
49386 37352 1
49386 38190 1
49386 42545 1
49386 45710 1
49386 46297 1
49386 48656 1
49386 51762 1
49386 52215 1
49386 53343 2
49386 53764 1
49386 63505 1
49386 66500 1
49386 125638 1
52215 32620 1
52215 36893 1
52215 37352 1
52215 38190 1
52215 42545 1
52215 45710 1
52215 46297 1
52215 48656 1
52215 49386 1
52215 53343 1
52215 53764 1
52215 63505 1
52215 66500 1
52215 125638 1
53343 32620 1
53343 36893 1
53343 37352 1
53343 38190 1
53343 42545 1
53343 45710 1
53343 46297 1
53343 48437 1
53343 48656 2
53343 49386 2
53343 52215 1
53343 53764 1
53343 57588 1
53343 63505 1
53343 66500 1
53343 125638 1
53764 32620 1
53764 36893 1
53764 37352 1
53764 38190 1
53764 42545 1
53764 45710 1
53764 46297 1
53764 48656 1
53764 49386 1
53764 52215 1
53764 53343 1
53764 63505 1
53764 66500 1
53764 125638 1
58532 46109 1
58532 46297 1
58532 49384 1
58532 49385 1
62408 769 1
62408 35678 1
62408 46297 1
62408 68329 1
63505 32620 1
63505 36893 1
63505 37352 1
63505 38190 1
63505 42545 1
63505 45710 1
63505 46297 1
63505 48656 1
63505 49386 1
63505 52215 1
63505 53343 1
63505 53764 1
63505 66500 1
63505 125638 1
66500 32620 1
66500 36893 1
66500 37352 1
66500 38190 1
66500 42545 1
66500 45710 1
66500 46297 1
66500 48656 1
66500 49386 1
66500 52215 1
66500 53343 1
66500 53764 1
66500 63505 1
66500 125638 1
125638 26233 1
125638 26454 1
125638 32620 1
125638 36893 1
125638 37352 1
125638 38190 1
125638 42545 1
125638 45710 1
125638 46297 1
125638 48656 1
125638 49386 1
125638 52215 1
125638 53343 1
125638 53764 1
125638 63505 1
125638 66500 1
5602 75 1
5602 18891 1
5602 18918 1
5602 24378 1
5602 24579 1
5602 28555 1
7528 75 1
7528 16329 1
7528 16330 1
10343 75 1
10343 9190 1
10343 16890 1
14948 75 1
15334 75 1
15334 18918 1
15334 27445 1
15334 31150 1
15334 49504 1
15334 55212 1
16329 75 1
16329 7528 1
16329 16330 1
16330 75 1
16330 7528 1
16330 16329 1
16890 75 1
16890 10343 1
27445 75 1
27445 15334 1
27445 18918 1
27445 31150 1
27445 49504 1
27445 55212 1
28555 75 1
28555 5602 1
28555 6949 1
28555 15337 1
28555 15338 1
28555 18891 1
28555 18918 1
28555 20105 1
28555 26191 1
31150 75 1
31150 15334 1
31150 18918 1
31150 27445 1
31150 36378 1
31150 49504 1
31150 55212 1
49504 75 1
49504 15334 1
49504 18918 1
49504 27445 1
49504 27784 1
49504 31150 1
49504 55212 1
55212 75 1
55212 15334 1
55212 18918 1
55212 27445 1
55212 31150 1
55212 49504 1
3136 890 1
3136 3137 1
3136 9403 1
3136 10880 1
3136 16280 1
3136 17330 1
3136 18359 1
3136 22655 1
3136 26435 1
3136 26674 1
3136 27223 1
3136 27861 1
3136 28110 1
3136 29532 1
3136 31187 1
3136 31219 1
3136 31493 1
18359 3136 1
18359 3137 1
18359 12835 2
18359 22655 1
18359 26435 1
18359 26674 1
18359 27861 1
18359 28110 1
18359 31187 1
18359 31219 1
18359 31493 1
26435 3136 1
26435 3137 1
26435 16363 1
26435 18359 1
26435 22655 1
26435 26674 1
26435 27861 1
26435 28110 1
26435 31187 1
26435 31219 1
26435 31493 1
26674 3136 1
26674 3137 1
26674 18359 1
26674 22655 1
26674 26435 1
26674 27861 1
26674 28110 1
26674 31187 1
26674 31219 1
26674 31493 1
28110 3136 1
28110 3137 1
28110 8701 1
28110 18359 1
28110 22655 1
28110 26435 1
28110 26674 1
28110 27861 1
28110 28164 1
28110 28196 1
28110 31187 1
28110 31219 1
28110 31493 1
28110 33439 1
31187 3136 1
31187 3137 1
31187 18359 1
31187 19676 1
31187 22655 1
31187 26435 1
31187 26674 1
31187 27861 1
31187 28110 1
31187 31219 1
31187 31493 1
31219 3136 1
31219 3137 1
31219 18359 1
31219 22655 1
31219 26435 1
31219 26674 1
31219 27861 1
31219 28110 1
31219 31187 1
31219 31493 1
31493 3136 1
31493 3137 1
31493 18359 1
31493 22655 1
31493 26435 1
31493 26674 1
31493 27861 1
31493 28110 1
31493 31187 1
31493 31219 1
10311 8885 1
10311 12792 1
10311 19466 1
10311 20727 1
10311 22447 1
10311 26992 1
12792 8885 1
12792 10311 1
12792 19466 1
12792 20727 1
12792 22447 1
12792 26992 1
19466 8885 1
19466 10311 1
19466 12792 1
19466 20727 1
19466 22447 1
19466 26992 1
20727 8885 1
20727 10311 1
20727 12792 1
20727 19466 1
20727 22447 1
20727 26992 1
22447 8885 1
22447 10311 1
22447 12256 1
22447 12792 1
22447 19466 1
22447 20677 1
22447 20727 1
22447 26992 1
22447 27241 1
26992 8885 1
26992 10311 1
26992 12792 1
26992 19466 1
26992 20727 1
26992 22447 1
5115 7004 1
5115 8352 1
5115 8887 1
5115 11124 1
5115 11586 1
5115 12192 2
7004 5115 1
7004 6843 1
7004 8352 1
7004 8789 1
7004 8887 2
7004 11124 1
7004 11586 1
7004 12192 1
7004 13240 1
8352 5115 1
8352 7004 1
8352 8887 1
8352 11124 1
8352 11586 1
8352 12192 1
8789 7004 1
8789 8887 1
8789 13240 1
11124 5115 1
11124 7004 1
11124 8352 1
11124 8887 1
11124 11586 1
11124 12192 1
11586 3115 1
11586 5115 1
11586 7004 1
11586 8098 1
11586 8352 1
11586 8887 1
11586 11124 1
11586 12192 1
12192 5115 2
12192 7004 1
12192 8352 1
12192 8887 1
12192 11124 1
12192 11586 1
13240 7004 1
13240 8789 1
13240 8887 1
13240 9453 1
13240 13787 1
890 3136 1
890 6065 1
890 9403 1
890 10880 1
890 15354 1
890 16280 1
890 16363 1
890 16589 1
890 17330 1
890 18755 1
890 19926 1
890 27223 1
890 29532 1
10880 890 1
10880 3136 1
10880 8701 1
10880 9403 1
10880 15352 1
10880 16280 1
10880 17330 1
10880 27223 1
10880 28234 1
10880 29532 2
12731 9403 1
12731 14585 1
12731 16589 1
12731 16590 1
12731 17217 1
12731 18755 1
12731 18756 1
12731 22263 1
12731 25113 1
12731 25844 1
12731 26023 1
12731 35196 1
14585 9403 1
14585 12731 1
14585 16589 1
14585 16590 1
14585 17217 1
14585 18756 1
14585 22263 1
14585 25113 1
14585 25844 1
14585 26023 1
14585 35196 1
16280 890 1
16280 3136 1
16280 9403 1
16280 10880 1
16280 13191 1
16280 17330 1
16280 18362 1
16280 27223 1
16280 29532 1
16589 890 1
16589 6065 1
16589 9403 1
16589 12731 1
16589 14585 1
16589 15354 1
16589 16363 1
16589 16590 1
16589 17217 1
16589 18755 1
16589 18756 1
16589 19926 1
16589 22263 1
16589 25113 1
16589 25844 1
16589 26023 1
16589 35196 1
16590 9403 1
16590 12731 1
16590 14585 1
16590 16589 1
16590 17217 1
16590 18756 1
16590 22263 1
16590 25113 1
16590 25844 1
16590 26023 1
16590 35196 1
17217 9403 1
17217 12731 1
17217 14585 1
17217 16589 1
17217 16590 1
17217 18756 1
17217 22263 1
17217 25113 1
17217 25844 1
17217 26023 1
17217 35196 1
17330 890 1
17330 3136 1
17330 9403 1
17330 10880 1
17330 16280 1
17330 27223 1
17330 29532 1
18756 9403 1
18756 10869 1
18756 12418 1
18756 12731 1
18756 14585 1
18756 16589 1
18756 16590 1
18756 16946 1
18756 17217 1
18756 22263 1
18756 25113 1
18756 25844 1
18756 26023 1
18756 35196 1
22263 9403 1
22263 10667 1
22263 10878 1
22263 12731 1
22263 14585 1
22263 15125 1
22263 15352 1
22263 16589 1
22263 16590 1
22263 17217 1
22263 17721 1
22263 18756 1
22263 25113 1
22263 25844 1
22263 26023 1
22263 27924 1
22263 28234 1
22263 35196 1
25113 9403 1
25113 12731 1
25113 14585 1
25113 16589 1
25113 16590 1
25113 17217 1
25113 18756 1
25113 22263 1
25113 25844 1
25113 26023 1
25113 34753 1
25113 35196 1
25844 9403 1
25844 12731 1
25844 14585 1
25844 16589 1
25844 16590 1
25844 17217 1
25844 18756 1
25844 22263 1
25844 25113 1
25844 26023 1
25844 35196 1
26023 9403 1
26023 12731 1
26023 14585 1
26023 16589 1
26023 16590 1
26023 17217 1
26023 18756 1
26023 22263 1
26023 25113 1
26023 25844 1
26023 35196 1
29532 890 1
29532 3136 1
29532 9403 1
29532 10880 2
29532 16280 1
29532 17330 1
29532 27223 1
29532 28234 1
35196 9403 1
35196 12731 1
35196 14585 1
35196 16589 1
35196 16590 1
35196 17217 1
35196 18756 1
35196 22263 1
35196 25113 1
35196 25844 1
35196 26023 1
12301 10869 1
12301 21697 1
12418 10869 2
12418 14707 1
12418 16946 2
12418 18756 1
16946 10869 2
16946 10878 1
16946 12418 2
16946 18362 1
16946 18756 1
21697 10869 1
21697 12301 1
84202 10869 1
84202 45710 1
84202 71502 1
19676 12848 1
19676 13011 1
19676 15339 1
19676 26346 1
19676 27898 1
19676 28398 1
19676 30851 1
19676 31187 1
19676 32562 1
26346 13011 1
26346 19676 1
26346 27898 1
26346 29064 1
26346 30851 1
26346 32562 1
26346 33945 1
27898 13011 1
27898 19676 1
27898 20105 1
27898 26346 1
27898 28234 1
27898 30851 1
27898 32562 1
30851 12845 2
30851 13005 1
30851 13011 1
30851 19676 1
30851 26346 1
30851 27898 1
30851 32562 1
32562 13011 1
32562 19676 1
32562 26346 1
32562 27898 1
32562 30851 1
6949 15337 1
6949 15338 1
6949 20105 1
6949 28555 1
15337 6949 1
15337 15338 1
15337 20105 1
15337 28555 1
20105 6949 1
20105 15337 1
20105 15338 1
20105 27898 1
20105 28234 1
20105 28404 1
20105 28555 1
20105 31547 1
20105 31718 1
20105 33924 1
8701 8699 1
8701 10880 1
8701 15352 1
8701 28110 1
8701 33439 1
10667 10878 1
10667 15125 1
10667 15352 1
10667 17721 1
10667 22263 1
10667 27924 1
10667 28234 1
10878 2117 1
10878 10667 1
10878 13191 1
10878 14901 1
10878 14904 1
10878 15125 1
10878 15352 1
10878 16946 1
10878 17721 1
10878 18362 2
10878 18363 1
10878 22263 1
10878 27924 1
10878 28234 1
15125 10667 1
15125 10878 1
15125 15352 1
15125 17721 1
15125 22263 1
15125 27924 1
15125 28234 1
17721 5603 1
17721 10667 1
17721 10878 1
17721 15125 1
17721 15352 1
17721 17723 1
17721 22263 1
17721 27924 2
17721 28234 1
27924 5603 1
27924 10667 1
27924 10878 1
27924 15125 1
27924 15352 1
27924 17721 2
27924 22263 1
27924 28234 1
27924 31997 1
28234 10667 1
28234 10878 1
28234 10880 1
28234 15125 1
28234 15352 1
28234 17721 1
28234 20105 1
28234 22263 1
28234 27898 1
28234 27924 1
28234 29532 1
6065 890 1
6065 15354 1
6065 16363 1
6065 16589 1
6065 18755 1
6065 19926 1
16363 890 1
16363 6065 1
16363 15354 1
16363 16589 1
16363 18755 1
16363 19926 1
16363 26435 1
18755 890 1
18755 6065 1
18755 12731 1
18755 15354 1
18755 16363 1
18755 16589 1
18755 19926 1
19926 890 1
19926 6065 1
19926 15354 1
19926 16363 1
19926 16589 1
19926 17216 1
19926 18755 1
19926 26192 1
18366 12069 2
18366 12735 1
18366 16950 1
18366 124674 1
11973 12069 1
11973 12732 1
11973 12735 1
11973 14871 1
11973 14872 1
11973 17883 1
11973 124674 1
12069 11973 1
12069 12732 1
12069 12735 2
12069 14871 1
12069 14872 1
12069 17883 1
12069 18366 2
12069 124674 2
12732 11973 1
12732 12069 1
12732 12735 1
12732 14871 1
12732 14872 1
12732 17883 1
12732 34736 1
12732 124674 1
12735 11973 1
12735 12069 2
12735 12732 1
12735 14871 1
12735 14872 1
12735 17883 1
12735 18366 1
12735 124674 2
14871 11007 1
14871 11973 1
14871 12069 1
14871 12732 1
14871 12735 1
14871 14872 1
14871 17883 1
14871 124674 1
14872 11973 1
14872 12069 1
14872 12732 1
14872 12735 1
14872 14871 1
14872 17883 1
14872 124674 1
124674 11973 1
124674 12069 2
124674 12732 1
124674 12735 2
124674 14871 1
124674 14872 1
124674 17883 1
124674 18366 1
23401 17969 1
23401 25916 1
23401 26201 1
23401 26704 1
23401 27746 1
23401 27758 1
23401 28771 1
23401 31994 1
23401 31997 1
23401 34663 1
23401 34753 1
23401 52284 1
23566 12852 1
23566 17969 1
23566 26644 1
23566 32668 1
23566 37930 1
25916 17969 1
25916 23401 1
25916 26201 1
25916 27758 1
25916 28771 1
25916 31994 1
25916 31997 1
25916 34663 1
25916 34753 1
25916 52284 1
26201 17969 1
26201 23401 1
26201 25916 1
26201 27758 1
26201 28771 1
26201 31994 1
26201 31997 1
26201 34663 1
26201 34753 1
26201 52284 1
26644 12852 1
26644 17969 1
26644 20657 1
26644 23566 1
26644 32668 1
26644 37930 1
26644 44697 1
27758 17969 1
27758 23401 1
27758 25916 1
27758 26201 1
27758 28771 1
27758 28989 1
27758 31994 1
27758 31997 1
27758 34663 1
27758 34753 1
27758 39831 1
27758 52284 1
28771 17969 1
28771 23401 1
28771 25916 1
28771 26201 1
28771 27758 1
28771 28769 1
28771 31994 1
28771 31997 1
28771 34663 1
28771 34753 1
28771 52284 1
31994 17969 1
31994 23401 1
31994 25916 1
31994 26131 1
31994 26201 1
31994 27758 1
31994 28771 1
31994 31997 2
31994 33945 1
31994 34663 1
31994 34753 1
31994 37762 1
31994 52284 1
31997 17969 1
31997 23401 1
31997 25916 1
31997 26201 1
31997 27758 1
31997 27924 1
31997 28771 1
31997 31994 2
31997 34663 1
31997 34753 1
31997 42539 1
31997 52284 1
32668 12852 1
32668 17969 1
32668 23566 1
32668 26644 1
32668 37930 1
34753 17969 1
34753 23401 1
34753 25113 1
34753 25916 1
34753 26201 1
34753 27758 1
34753 28771 1
34753 31994 1
34753 31997 1
34753 34663 1
34753 52284 1
37930 12852 1
37930 17969 1
37930 23566 1
37930 26644 1
37930 32668 1
37930 44265 1
2117 10878 1
2117 13191 1
2117 13914 1
2117 14901 1
2117 14904 1
2117 17723 1
2117 18362 1
2117 18363 1
2959 16470 1
2959 17264 1
2959 17265 1
2959 18363 1
2959 22614 1
2959 28542 1
8699 8701 1
8699 10852 1
8699 18363 1
13191 2117 1
13191 10878 1
13191 14901 1
13191 14904 1
13191 16280 1
13191 18362 1
13191 18363 1
14901 2117 1
14901 10878 1
14901 13191 1
14901 14904 1
14901 18362 1
14901 18363 1
14904 2117 1
14904 10878 1
14904 13191 1
14904 14901 1
14904 18362 1
14904 18363 1
16470 2761 1
16470 2959 1
16470 5549 1
16470 13863 1
16470 17264 1
16470 17265 1
16470 18363 1
16470 22614 1
16470 28542 1
17154 10847 1
17154 10851 1
17154 18363 1
17264 2959 1
17264 16470 1
17264 17265 2
17264 18363 1
17264 22614 1
17264 28542 1
17265 2959 1
17265 16470 1
17265 17264 2
17265 18363 1
17265 22614 1
17265 28542 1
18362 2117 1
18362 10878 2
18362 13191 1
18362 14901 1
18362 14904 1
18362 16280 1
18362 16946 1
18362 18363 1
22614 2959 1
22614 16470 1
22614 17264 1
22614 17265 1
22614 18363 1
22614 28542 1
28542 2959 1
28542 16470 1
28542 17264 1
28542 17265 1
28542 18363 1
28542 22614 1
24579 5602 1
24579 24378 1
24579 33099 1
150 5905 1
150 12341 1
150 26356 1
150 27861 1
150 30291 1
150 48491 1
5905 150 1
5905 12341 1
5905 26356 1
5905 27861 1
5905 30291 1
5905 48491 1
12341 150 1
12341 5905 1
12341 18440 1
12341 26356 1
12341 27861 1
12341 30291 1
12341 48491 1
19567 3280 1
19567 12820 1
19567 20565 1
19567 26356 1
19567 28250 1
19567 31276 1
19567 36355 1
19567 37976 1
19567 44698 1
19567 47243 1
30291 150 1
30291 5905 1
30291 12341 1
30291 26356 1
30291 27861 1
30291 48491 1
31276 12820 1
31276 19567 1
31276 20565 1
31276 26356 1
31276 37976 1
31276 124995 1
37976 12820 1
37976 19567 1
37976 20565 1
37976 26356 1
37976 31276 1
48491 150 1
48491 5905 1
48491 12341 1
48491 26356 1
48491 27861 1
48491 30291 1
12845 23615 1
12845 30019 1
12845 30020 1
12845 30021 1
12845 30022 1
12845 30851 2
12845 31947 1
12845 34740 1
23615 12836 1
23615 12845 1
23615 30019 1
23615 30020 1
23615 30021 1
23615 30022 1
23615 31267 1
23615 31947 1
23615 34740 1
30019 12845 1
30019 23615 1
30019 30020 1
30019 30021 1
30019 30022 1
30019 31947 1
30019 34740 1
30020 12845 1
30020 23615 1
30020 30019 1
30020 30021 1
30020 30022 1
30020 31947 1
30020 34740 1
30021 12845 1
30021 23615 1
30021 30019 1
30021 30020 1
30021 30022 1
30021 31947 1
30021 34740 1
31947 12845 1
31947 23615 1
31947 30019 1
31947 30020 1
31947 30021 1
31947 30022 1
31947 31948 1
31947 34740 1
34740 12845 1
34740 23615 1
34740 30019 1
34740 30020 1
34740 30021 1
34740 30022 1
34740 31947 1
27859 28404 1
27859 31718 1
27859 34725 1
27859 36563 1
27859 40896 1
27859 44265 1
27859 123610 1
28404 20105 1
28404 27859 1
28404 31718 1
28404 34725 1
28404 44265 1
28404 123610 1
44265 27859 1
44265 28404 1
44265 31718 1
44265 34725 1
44265 37930 1
44265 123610 1
123610 13419 1
123610 26656 2
123610 27859 1
123610 28404 1
123610 31718 1
123610 34725 1
123610 44265 1
123610 125579 1
3280 19567 1
3280 28250 1
3280 36355 1
3280 44698 1
3280 47243 1
22289 34526 1
22289 40188 1
22289 44697 1
22289 44698 1
28250 3280 1
28250 19567 1
28250 36355 1
28250 44698 1
28250 47243 1
34526 22289 1
34526 33140 1
34526 40188 1
34526 41623 1
34526 42967 1
34526 44697 1
34526 44698 1
36355 3280 1
36355 19567 1
36355 28250 1
36355 42964 1
36355 44698 1
36355 47243 1
40188 22289 1
40188 34526 1
40188 44697 1
40188 44698 2
44697 22289 1
44697 26644 1
44697 34526 1
44697 40188 1
44697 44698 1
47243 3280 1
47243 19567 1
47243 28250 1
47243 36355 1
47243 44698 1
14702 14354 1
14702 121872 1
121872 14354 1
121872 14702 1
127064 15271 1
6454 6456 1
6454 6465 1
6454 6466 1
6454 6467 1
6454 6959 1
6454 10841 1
6454 10843 1
6454 10847 1
6454 10849 3
6454 10851 1
6454 12843 1
6454 29064 1
6454 36677 1
6454 127631 2
10851 6454 1
10851 6465 1
10851 10843 1
10851 10847 1
10851 10849 1
10851 17154 1
10851 127631 1
16293 6465 1
127631 6454 2
127631 6456 1
127631 6465 1
127631 6466 1
127631 6959 1
127631 10841 1
127631 10843 1
127631 10847 1
127631 10849 1
127631 10851 1
127631 12843 1
127631 36677 1
6959 6454 1
6959 6456 1
6959 6466 1
6959 10841 1
6959 10847 1
6959 12843 1
6959 36677 1
6959 127631 1
10841 6454 1
10841 6456 2
10841 6466 1
10841 6959 1
10841 10847 1
10841 10852 1
10841 12843 1
10841 36677 1
10841 127631 1
10847 6454 1
10847 6456 1
10847 6466 1
10847 6959 1
10847 10841 1
10847 10851 1
10847 12843 1
10847 17154 1
10847 36677 1
10847 127631 1
12843 6454 1
12843 6456 1
12843 6466 1
12843 6959 1
12843 10841 1
12843 10847 1
12843 36677 1
12843 127631 1
36677 6454 1
36677 6456 1
36677 6466 1
36677 6959 1
36677 10841 1
36677 10847 1
36677 12843 1
36677 74272 1
36677 127631 1
29064 6454 1
29064 10849 1
29064 18891 1
29064 26346 1
12419 13913 1
13915 13914 1
17723 2117 1
17723 13914 1
17723 17721 1
106062 13914 1
125810 13914 1
12074 10301 1
14785 10301 1
21331 44166 1
21331 47426 1
21331 54673 1
21331 60129 1
21331 60133 1
21331 108589 1
33580 36540 1
33580 42539 1
33580 46274 1
33580 49256 1
33580 56145 1
33580 61878 1
33580 63198 1
33580 63199 1
33580 76684 1
33580 82277 1
33580 108589 1
36540 33580 1
36540 42539 1
36540 46274 1
36540 49256 1
36540 56145 1
36540 61878 1
36540 63198 1
36540 63199 1
36540 76684 1
36540 82277 1
36540 108589 1
38562 26646 1
38562 42567 1
38562 47394 1
38562 67753 1
38562 74783 1
38562 108589 1
39441 108589 1
42539 31997 1
42539 33580 1
42539 36540 1
42539 38740 1
42539 46274 1
42539 49256 1
42539 56145 1
42539 61878 1
42539 63198 1
42539 63199 1
42539 76684 1
42539 82277 1
42539 108589 1
42567 38562 1
42567 47394 1
42567 54673 1
42567 67753 1
42567 74783 1
42567 108589 1
42567 121019 1
44166 21331 1
44166 47426 1
44166 54673 1
44166 60129 1
44166 60133 1
44166 108589 1
46274 28712 1
46274 33580 1
46274 36540 1
46274 42539 1
46274 49256 1
46274 55015 1
46274 56145 1
46274 61878 1
46274 63198 1
46274 63199 1
46274 76684 2
46274 82277 1
46274 108589 1
47394 38562 1
47394 42567 1
47394 67753 1
47394 74783 1
47394 108589 1
47426 21331 1
47426 44166 1
47426 54673 1
47426 60129 1
47426 60133 1
47426 108589 1
49256 33580 1
49256 36540 1
49256 40248 1
49256 42539 1
49256 46274 1
49256 56145 1
49256 61878 1
49256 63198 1
49256 63199 1
49256 76684 1
49256 82277 1
49256 108589 1
54673 21331 1
54673 42567 1
54673 44166 1
54673 47426 1
54673 60129 1
54673 60133 1
54673 108589 1
56014 69818 1
56014 108589 1
56145 33580 1
56145 36378 1
56145 36540 1
56145 42539 1
56145 46274 1
56145 49256 1
56145 61878 1
56145 63198 1
56145 63199 1
56145 67404 1
56145 69199 1
56145 72736 1
56145 76684 1
56145 82277 1
56145 108589 1
59207 60129 1
59207 60133 1
59207 61735 1
59207 61878 1
59207 108589 1
59226 38774 1
59226 67765 1
59226 96186 1
59226 106301 1
59226 108589 1
59226 109130 2
59226 113288 1
59246 67765 1
59246 74921 1
59246 85362 1
59246 108589 1
59246 127553 1
60129 21331 1
60129 44166 1
60129 45710 2
60129 47426 1
60129 54673 1
60129 59207 1
60129 60133 1
60129 71502 1
60129 79074 1
60129 108589 1
60133 21331 1
60133 44166 1
60133 47426 1
60133 54673 1
60133 59207 1
60133 60129 1
60133 61878 1
60133 108589 1
61735 59207 1
61735 108589 1
61878 33580 1
61878 36540 1
61878 42539 1
61878 46274 1
61878 49256 1
61878 56145 1
61878 59207 1
61878 60133 1
61878 63198 1
61878 63199 1
61878 76684 1
61878 82277 1
61878 108589 1
63198 33580 1
63198 36540 1
63198 42539 1
63198 46274 1
63198 49256 1
63198 56145 1
63198 61878 1
63198 63199 1
63198 76684 1
63198 82277 1
63198 108589 1
63199 33580 1
63199 36540 1
63199 42539 1
63199 46274 1
63199 49256 1
63199 56145 1
63199 61878 1
63199 63198 1
63199 76684 1
63199 82277 1
63199 108589 1
67753 38562 1
67753 42567 1
67753 47394 1
67753 74783 1
67753 108589 1
67761 93320 1
67761 101914 1
67761 108587 1
67761 108588 1
67761 108589 1
67761 114196 1
67761 116843 1
67761 117364 1
67765 59226 1
67765 59246 1
67765 61300 1
67765 61301 1
67765 85362 1
67765 86627 1
67765 103820 1
67765 108589 1
67765 127553 1
74272 36677 1
74272 75511 1
74272 81354 2
74272 108589 1
74272 115261 1
74272 117720 1
74783 38562 1
74783 42567 1
74783 47394 1
74783 67753 1
74783 108589 1
74921 59246 1
74921 108589 1
75511 74272 1
75511 81354 1
75511 101914 1
75511 108589 1
75511 115261 1
75511 117720 1
76684 33580 1
76684 36540 1
76684 42539 1
76684 46274 2
76684 49256 1
76684 56145 1
76684 61878 1
76684 63198 1
76684 63199 1
76684 82277 1
76684 108589 1
80047 108589 1
81354 74272 2
81354 75511 1
81354 108589 1
81354 115261 1
81354 117720 1
82277 33580 1
82277 36540 1
82277 42539 1
82277 46274 1
82277 49256 1
82277 56145 1
82277 61878 1
82277 63198 1
82277 63199 1
82277 76684 1
82277 108589 1
84003 108589 1
85231 108589 1
85362 59246 1
85362 67765 1
85362 108589 1
85362 127553 1
86627 67765 1
86627 108589 1
90630 108589 1
93320 67761 1
93320 101914 1
93320 108587 1
93320 108588 1
93320 108589 1
93320 114196 1
93320 116843 1
93320 117364 1
95926 108589 1
96186 59226 1
96186 106301 1
96186 108589 1
96186 109130 1
96186 113288 1
99323 108589 1
101914 67761 1
101914 75511 1
101914 93320 1
101914 108587 1
101914 108588 1
101914 108589 1
101914 114196 1
101914 116843 1
101914 117364 1
106301 59226 1
106301 96186 1
106301 108589 1
106301 109130 1
106301 113288 1
108587 67761 1
108587 93320 1
108587 101914 1
108587 108588 1
108587 108589 1
108587 114196 1
108587 116843 1
108587 117364 1
108588 67761 1
108588 93320 1
108588 101914 1
108588 108587 1
108588 108589 1
108588 114196 1
108588 116843 1
108588 117364 1
109130 59226 2
109130 96186 1
109130 106301 1
109130 108589 1
109130 113288 1
111511 108589 1
111511 111510 1
113288 59226 1
113288 96186 1
113288 106301 1
113288 108589 1
113288 109130 1
114196 67761 1
114196 93320 1
114196 101914 1
114196 108587 1
114196 108588 1
114196 108589 1
114196 116843 1
114196 117364 1
115261 74272 1
115261 75511 1
115261 81354 1
115261 108589 1
115261 117720 1
116843 67761 1
116843 93320 1
116843 101914 1
116843 108587 1
116843 108588 1
116843 108589 1
116843 114196 1
116843 117364 1
117364 67761 1
117364 93320 1
117364 101914 1
117364 108587 1
117364 108588 1
117364 108589 1
117364 114196 1
117364 116843 1
117720 74272 1
117720 75511 1
117720 81354 1
117720 108589 1
117720 115261 1
119153 108589 1
127553 59246 1
127553 67765 1
127553 85362 1
127553 108589 1
12899 24385 1
5096 5097 1
5096 6462 1
6462 4013 1
6462 5096 1
6462 5097 1
6462 9056 1
6462 9057 1
6462 9058 1
10852 6456 1
10852 8699 1
10852 10841 1
71502 16088 1
71502 36893 1
71502 60129 1
71502 84202 1
13327 12852 1
13327 19658 1
19658 3668 1
19658 12852 1
19658 13327 1
19658 22586 1
18887 24546 1
18882 27443 1
9056 4013 1
9056 6462 1
9056 9057 1
9056 9058 1
9057 4013 1
9057 6462 1
9057 9056 1
9057 9058 1
9058 4013 1
9058 6462 1
9058 9056 1
9058 9057 1
16122 10843 1
22706 41217 1
60978 41217 1
60978 64620 1
123027 123028 1
32536 20697 1
24119 26437 1
29917 33197 1
23614 25100 1
13419 26656 1
13419 123610 1
42113 32545 1
127038 47666 1
13172 20565 1
13172 27787 1
13172 30311 1
27787 13172 1
27787 20565 1
27787 30311 1
30311 13172 1
30311 20565 1
30311 27787 1
53557 26233 1
53557 45429 1
18169 36230 1
982 12948 1
982 22256 1
982 26355 1
982 48579 1
12948 982 1
12948 22256 1
12948 26355 1
12948 48579 1
22256 982 1
22256 12948 1
22256 26355 1
22256 48579 1
26355 982 1
26355 12948 1
26355 22256 1
26355 48579 1
44038 27784 1
44038 59427 1
32669 28406 1
40382 36893 1
71139 45710 1
71139 80899 1
80899 45710 1
80899 71139 1
49412 49384 1
49412 49744 1
49744 49384 1
49744 49412 1
48437 53343 1
769 86 2
769 552 1
769 5731 1
769 62408 1
68329 62408 1
9190 10343 1
33439 8701 1
33439 28110 1
12256 20677 1
12256 22447 1
12256 27241 1
20677 12256 1
20677 22447 1
20677 27241 1
27241 12256 1
27241 20677 1
27241 22447 1
6843 7004 1
3115 8098 1
3115 11586 1
8098 3115 1
8098 11586 1
9453 3599 1
9453 4803 1
9453 9457 1
9453 10954 1
9453 13240 1
9453 13545 1
9453 13787 1
9453 14451 1
13787 9453 1
13787 13240 1
15339 19676 1
5603 17721 1
5603 27924 1
27746 11566 1
27746 23401 1
20657 26644 1
39831 27758 1
37762 31994 1
2761 5549 1
2761 13863 1
2761 16470 1
5549 2761 1
5549 13863 1
5549 16470 1
13863 2761 1
13863 5549 1
13863 16470 1
18440 12341 1
31948 31947 1
36563 27859 1
36563 40896 1
40896 27859 1
40896 36563 1
125579 123610 1
41623 34526 1
28712 46274 1
28712 55015 1
55015 28712 1
55015 46274 1
40248 49256 1
69818 56014 1
67404 56145 1
67404 69199 1
67404 72736 1
69199 56145 1
69199 67404 1
69199 72736 1
72736 56145 1
72736 67404 1
72736 69199 1
79074 60129 1
61300 67765 1
61301 67765 1
103820 67765 1
103820 126377 1
111510 111511 1
126377 103820 1
11566 11571 1
11566 20233 1
11566 27746 1
3599 4803 1
3599 9453 1
3599 9457 1
3599 10954 1
3599 13545 1
3599 14451 1
4803 3599 1
4803 9453 1
4803 9457 1
4803 10954 1
4803 13545 1
4803 14451 1
9457 3599 1
9457 4803 1
9457 9453 1
9457 10954 1
9457 13545 1
9457 14451 1
10954 3599 1
10954 4803 1
10954 9453 1
10954 9457 1
10954 13545 1
10954 14451 1
13545 3599 1
13545 4803 1
13545 9453 1
13545 9457 1
13545 10954 1
13545 14451 1
14451 3599 1
14451 4803 1
14451 9453 1
14451 9457 1
14451 10954 1
14451 13545 1
86 552 1
86 769 2
86 5731 1
552 86 1
552 769 1
552 5731 3
5731 86 1
5731 552 3
5731 769 1
59427 44038 1
64620 60978 1
3668 19658 1
3668 22586 1
22586 3668 1
22586 19658 1
11571 11566 1
11571 20233 1
20233 117 1
20233 11566 1
20233 11571 1
117 20233 1
