32017 32319 1
32319 32017 1
32319 32318 1
32319 32320 1
32318 32319 1
32318 32320 1
32318 74494 1
32318 123195 1
32320 32318 1
32320 32319 1
32320 33965 1
32320 34714 1
74494 26175 1
74494 32318 1
74494 33893 1
74494 33894 1
74494 33895 1
74494 61083 1
74494 62395 1
74494 69779 1
74494 72912 1
74494 73978 1
74494 74191 1
74494 123195 1
123195 32318 1
123195 37488 1
123195 49873 1
123195 63990 1
123195 74494 1
33965 32320 1
33965 34714 1
33965 36475 1
33965 41894 1
33965 45492 1
33965 46536 1
33965 46696 1
33965 57004 1
33965 57410 1
33965 60709 1
33965 74924 1
34714 32320 1
34714 33965 1
26175 74494 1
33893 33894 1
33893 33895 1
33893 72912 1
33893 74494 1
33894 17576 1
33894 26173 1
33894 33893 1
33894 33895 1
33894 36476 1
33894 37106 1
33894 38145 1
33894 42260 1
33894 44420 1
33894 48454 2
33894 49399 1
33894 51980 1
33894 56101 1
33894 69766 1
33894 72912 1
33894 73700 1
33894 74494 1
33894 123158 1
33894 123385 1
33894 125636 2
33895 33893 1
33895 33894 1
33895 72912 1
33895 74494 1
33895 74797 1
33895 74798 1
61083 57006 1
61083 62395 1
61083 73903 1
61083 74494 1
61083 74624 1
61083 78999 2
61083 114548 1
61083 116620 1
61083 119696 1
61083 123226 1
62395 56097 1
62395 57006 1
62395 61083 1
62395 62393 2
62395 62394 1
62395 62674 1
62395 62675 1
62395 63251 1
62395 63252 1
62395 66125 1
62395 70514 1
62395 70515 1
62395 74191 1
62395 74199 1
62395 74494 1
62395 74590 1
62395 74624 1
62395 85930 1
62395 100908 1
62395 119688 1
62395 119696 2
62395 123226 1
69779 37100 1
69779 44418 1
69779 69776 1
69779 70516 1
69779 73977 1
69779 73979 1
69779 73981 1
69779 74494 1
69779 74499 1
69779 74500 1
69779 74501 1
69779 117852 1
69779 123132 1
72912 33722 1
72912 33893 1
72912 33894 1
72912 33895 1
72912 45524 1
72912 63251 1
72912 63252 1
72912 63254 1
72912 64985 1
72912 68405 1
72912 72913 1
72912 72914 1
72912 74281 1
72912 74494 1
73978 60429 1
73978 73976 1
73978 73977 1
73978 73979 1
73978 74494 1
73978 125842 1
74191 42848 1
74191 55211 1
74191 56097 1
74191 57009 1
74191 62395 1
74191 64953 1
74191 72741 1
74191 74189 1
74191 74192 1
74191 74194 1
74191 74195 1
74191 74196 1
74191 74197 1
74191 74494 1
74191 77017 1
74191 113529 1
74191 118386 1
37488 31982 1
37488 36476 1
37488 51138 1
37488 51203 1
37488 63990 1
37488 123195 1
49873 48454 1
49873 49124 1
49873 49396 1
49873 54869 1
49873 123195 1
63990 37488 1
63990 60494 1
63990 69778 1
63990 70319 1
63990 123195 1
36475 33965 1
36475 43430 1
36475 43431 1
36475 69766 1
36475 74924 1
36475 123232 1
41894 33965 1
41894 45524 1
41894 58127 1
41894 100289 1
45492 33965 1
45492 46536 1
45492 46696 1
45492 57004 1
45492 57410 1
45492 60709 1
46536 33965 1
46536 45492 1
46536 46696 1
46536 51737 1
46536 56488 1
46536 57004 1
46536 57410 1
46536 60709 1
46536 93543 1
46696 33965 1
46696 45492 1
46696 46528 1
46696 46536 1
46696 46697 1
46696 57004 1
46696 57410 1
46696 60709 1
57004 33722 1
57004 33965 1
57004 37098 1
57004 37099 1
57004 37100 1
57004 45492 1
57004 45520 1
57004 46536 1
57004 46696 1
57004 49123 1
57004 49396 1
57004 52162 1
57004 57410 1
57004 60709 1
57410 3506 1
57410 33965 1
57410 40615 1
57410 45464 1
57410 45492 1
57410 46536 1
57410 46696 1
57410 57004 1
57410 57019 1
57410 58066 1
57410 60709 1
60709 33965 1
60709 43349 1
60709 45492 1
60709 46536 1
60709 46696 1
60709 57004 1
60709 57410 1
74924 33965 1
74924 36475 1
74924 49124 1
74924 74922 1
74924 74923 1
74924 74925 1
74924 74926 1
17576 18533 1
17576 33894 1
17576 48178 1
17576 49399 1
17576 51980 1
17576 53323 1
26173 33894 1
26173 48454 1
26173 69766 1
26173 125636 1
36476 33894 1
36476 37488 1
36476 38145 1
36476 48454 1
36476 73977 1
36476 123385 1
36476 125636 1
37106 30764 1
37106 33722 2
37106 33894 1
37106 42260 1
37106 44420 1
37106 52162 1
37106 56101 1
37106 73700 1
37106 123158 1
38145 33894 1
38145 36476 1
38145 48454 1
38145 74923 1
38145 123385 1
38145 125636 1
42260 33894 1
42260 37106 1
42260 44420 1
42260 56101 1
42260 73700 1
42260 123158 1
44420 33894 1
44420 37106 1
44420 42260 1
44420 56101 1
44420 73700 1
44420 119688 1
44420 123158 1
48454 26173 1
48454 33894 2
48454 36476 1
48454 38145 1
48454 49873 1
48454 69766 1
48454 123385 1
48454 125636 2
49399 17576 1
49399 33894 1
49399 34117 1
49399 49396 1
49399 51980 1
51980 17576 1
51980 33894 1
51980 49399 1
56101 33894 1
56101 37106 1
56101 42260 1
56101 44420 1
56101 73700 1
56101 123158 1
69766 26173 1
69766 33722 1
69766 33894 1
69766 36475 1
69766 37102 1
69766 37103 1
69766 37105 1
69766 43430 1
69766 43431 1
69766 45478 1
69766 48454 1
69766 66125 1
69766 73977 1
69766 73979 2
69766 74590 1
69766 123232 1
69766 125636 1
73700 33894 1
73700 37100 1
73700 37106 1
73700 42260 1
73700 44420 1
73700 56101 1
73700 69778 1
73700 72635 1
73700 123158 1
123158 33894 1
123158 37106 1
123158 42260 1
123158 44420 1
123158 45520 1
123158 45524 1
123158 49121 1
123158 56101 1
123158 73700 1
123385 33894 1
123385 36476 1
123385 38145 1
123385 48454 1
123385 125636 1
125636 26173 1
125636 33894 2
125636 36476 1
125636 38145 1
125636 42258 1
125636 48454 2
125636 69766 1
125636 123385 1
74797 33895 1
74797 58127 1
74797 74798 1
74798 33895 1
74798 74797 1
57006 61083 1
57006 62395 1
57006 72913 1
57006 74624 1
57006 119696 1
57006 123226 1
73903 61083 1
73903 78999 1
74624 27863 1
74624 49123 1
74624 57006 1
74624 61083 1
74624 62395 1
74624 69778 1
74624 74281 1
74624 74926 1
74624 119696 1
74624 123226 1
78999 61083 2
78999 73903 1
78999 114548 1
78999 116620 2
78999 118386 1
114548 61083 1
114548 78999 1
114548 114549 1
114548 116620 1
116620 61083 1
116620 72741 1
116620 74196 1
116620 78999 2
116620 100908 1
116620 114548 1
119696 49121 1
119696 57006 1
119696 61083 1
119696 62395 2
119696 63251 1
119696 63252 1
119696 74199 1
119696 74624 1
119696 85930 1
119696 104942 1
119696 123226 1
119696 123232 1
123226 57006 1
123226 61083 1
123226 62395 1
123226 74624 1
123226 119696 1
56097 62395 1
56097 74191 1
62393 62394 1
62393 62395 2
62393 62674 1
62393 62675 1
62393 66125 1
62393 70514 1
62393 70515 1
62393 74590 1
62393 100908 1
62393 119688 1
62394 62393 1
62394 62395 1
62394 62675 1
62394 66125 1
62394 70515 1
62394 119688 1
62674 62393 1
62674 62395 1
62674 70514 1
62674 74590 1
62674 100908 1
62675 62393 1
62675 62394 1
62675 62395 1
62675 66125 1
62675 70515 1
62675 119688 1
63251 32021 1
63251 33721 1
63251 33722 1
63251 33724 1
63251 41794 1
63251 45524 1
63251 62395 1
63251 63252 5
63251 63254 1
63251 64985 1
63251 72912 1
63251 72914 1
63251 73977 1
63251 73979 1
63251 74199 1
63251 74281 1
63251 85930 1
63251 119696 1
63252 32021 1
63252 38965 1
63252 40615 1
63252 41794 1
63252 45452 1
63252 45524 1
63252 45813 1
63252 62395 1
63252 63251 5
63252 63254 1
63252 64985 1
63252 71325 1
63252 72912 1
63252 72914 1
63252 73977 1
63252 73979 1
63252 74199 1
63252 74281 1
63252 85930 1
63252 119696 1
66125 3506 1
66125 62393 1
66125 62394 1
66125 62395 1
66125 62675 1
66125 69766 1
66125 70515 1
66125 73979 1
66125 74590 1
66125 119688 1
70514 62393 1
70514 62395 1
70514 62674 1
70514 70515 1
70514 74199 1
70514 74590 1
70514 100908 1
70515 62393 1
70515 62394 1
70515 62395 1
70515 62675 1
70515 66125 1
70515 70514 1
70515 74199 1
70515 119688 1
70515 123232 1
74199 62395 1
74199 63251 1
74199 63252 1
74199 70514 1
74199 70515 1
74199 85930 1
74199 119696 1
74590 62393 1
74590 62395 1
74590 62674 1
74590 66125 1
74590 69766 1
74590 70514 1
74590 72913 1
74590 73979 1
74590 100908 1
85930 62395 1
85930 63251 1
85930 63252 1
85930 74194 1
85930 74199 1
85930 100908 1
85930 102490 1
85930 119696 1
100908 57720 1
100908 62393 1
100908 62395 1
100908 62674 1
100908 70514 1
100908 72741 1
100908 74194 1
100908 74195 1
100908 74196 2
100908 74590 1
100908 85930 1
100908 100914 1
100908 116620 1
100908 118386 3
119688 44420 1
119688 62393 1
119688 62394 1
119688 62395 1
119688 62675 1
119688 66125 1
119688 70515 1
37100 33722 1
37100 37098 1
37100 37099 1
37100 45520 1
37100 49123 1
37100 49396 1
37100 52162 1
37100 57004 1
37100 69778 1
37100 69779 1
37100 72635 1
37100 73700 1
37100 73977 1
37100 73979 1
37100 73981 1
44418 53773 1
44418 69779 1
44418 79473 1
44418 82248 1
44418 123132 1
69776 69778 1
69776 69779 1
70516 69779 1
70516 74499 1
70516 117852 1
73977 32021 1
73977 36476 1
73977 37100 1
73977 41794 1
73977 45478 1
73977 60429 1
73977 63251 1
73977 63252 1
73977 69766 1
73977 69779 1
73977 72914 1
73977 73976 1
73977 73978 1
73977 73979 4
73977 73981 1
73977 125842 1
73979 32021 1
73979 37100 1
73979 41794 1
73979 45478 1
73979 60429 1
73979 63251 1
73979 63252 1
73979 66125 1
73979 69766 2
73979 69779 1
73979 72914 1
73979 73976 1
73979 73977 4
73979 73978 1
73979 73981 1
73979 74590 1
73979 77017 1
73979 125842 1
73981 37100 1
73981 48296 2
73981 54643 1
73981 56994 1
73981 64066 1
73981 68405 1
73981 69779 1
73981 70319 1
73981 71208 1
73981 72914 1
73981 73977 1
73981 73979 1
73981 74501 3
73981 77642 1
74499 42201 1
74499 69779 1
74499 70516 1
74499 117852 1
74499 118080 2
74499 121773 1
74499 124588 2
74499 124589 1
74499 124590 1
74499 124591 1
74499 124592 1
74500 69779 1
74501 48296 2
74501 54643 1
74501 64066 1
74501 68405 1
74501 69779 1
74501 70319 1
74501 71208 1
74501 72914 1
74501 73981 3
74501 77642 1
117852 69779 1
117852 70516 1
117852 74499 1
117852 112752 1
117852 117163 1
123132 44418 1
123132 69779 1
33722 33721 1
33722 33724 1
33722 37098 1
33722 37099 1
33722 37100 1
33722 37102 1
33722 37103 1
33722 37105 1
33722 37106 2
33722 45520 1
33722 49123 1
33722 49396 1
33722 52162 1
33722 57004 1
33722 63251 1
33722 69766 1
33722 72912 1
45524 41894 1
45524 45520 1
45524 46697 1
45524 49121 1
45524 51203 1
45524 51204 1
45524 58127 1
45524 63251 1
45524 63252 1
45524 63254 1
45524 64985 2
45524 69778 1
45524 72912 1
45524 74281 1
45524 123158 1
63254 45524 1
63254 63251 1
63254 63252 1
63254 64985 1
63254 72912 1
63254 74281 1
64985 45524 2
64985 51203 1
64985 51204 1
64985 63251 1
64985 63252 1
64985 63254 1
64985 69778 1
64985 72912 1
64985 74281 1
68405 70319 1
68405 70549 1
68405 72635 1
68405 72912 1
68405 72913 1
68405 72914 2
68405 73981 1
68405 74501 1
68405 123232 1
72913 57006 1
72913 68405 1
72913 72912 1
72913 72914 1
72913 74590 1
72914 32021 1
72914 37099 1
72914 41794 1
72914 63251 1
72914 63252 1
72914 68405 2
72914 70319 1
72914 72912 1
72914 72913 1
72914 73977 1
72914 73979 1
72914 73981 1
72914 74501 1
74281 43354 1
74281 45524 1
74281 49123 1
74281 63251 1
74281 63252 1
74281 63254 1
74281 64985 1
74281 72912 1
74281 74624 1
60429 45497 1
60429 53839 1
60429 70656 1
60429 73976 1
60429 73977 1
60429 73978 1
60429 73979 1
60429 76047 1
60429 125842 1
73976 60429 1
73976 73977 1
73976 73978 1
73976 73979 1
73976 125842 1
125842 60429 1
125842 73976 1
125842 73977 1
125842 73978 1
125842 73979 1
125842 118386 1
42848 55211 1
42848 74191 1
55211 42848 1
55211 74191 1
57009 64953 1
57009 74189 1
57009 74191 1
57009 74192 1
57009 74194 1
57009 74195 1
57009 74196 1
57009 74197 1
57009 118386 1
64953 57009 1
64953 60507 1
64953 60508 1
64953 73732 1
64953 74189 1
64953 74191 1
64953 74192 1
64953 74194 1
64953 74195 1
64953 74196 1
64953 74197 1
64953 87354 1
64953 105229 1
64953 107497 1
64953 118386 1
72741 74191 1
72741 74196 1
72741 77017 1
72741 100908 1
72741 113529 1
72741 116620 1
74189 57009 1
74189 64953 1
74189 74191 1
74189 74192 1
74189 74194 1
74189 74195 1
74189 74196 1
74189 74197 1
74189 118386 1
74192 57009 1
74192 64953 1
74192 74189 1
74192 74191 1
74192 74194 1
74192 74195 1
74192 74196 1
74192 74197 1
74192 79101 1
74192 94736 1
74192 118386 1
74194 57009 1
74194 64953 1
74194 74189 1
74194 74191 1
74194 74192 1
74194 74195 1
74194 74196 1
74194 74197 1
74194 85930 1
74194 100908 1
74194 118386 2
74195 57009 1
74195 64953 1
74195 74189 1
74195 74191 1
74195 74192 1
74195 74194 1
74195 74196 1
74195 74197 1
74195 100908 1
74195 118386 1
74196 57009 1
74196 64953 1
74196 72741 1
74196 74189 1
74196 74191 1
74196 74192 1
74196 74194 1
74196 74195 1
74196 74197 1
74196 100908 2
74196 116620 1
74196 118386 1
74197 57009 1
74197 64953 1
74197 74189 1
74197 74191 1
74197 74192 1
74197 74194 1
74197 74195 1
74197 74196 1
74197 118386 1
77017 72741 1
77017 73979 1
77017 74191 1
77017 113529 1
113529 72741 1
113529 74191 1
113529 77017 1
113529 106519 1
118386 57009 1
118386 64953 1
118386 74189 1
118386 74191 1
118386 74192 1
118386 74194 2
118386 74195 1
118386 74196 1
118386 74197 1
118386 78999 1
118386 100908 3
118386 125842 1
60494 63990 1
60494 69778 1
60494 70319 1
69778 37100 1
69778 45524 1
69778 51203 1
69778 51204 1
69778 60494 1
69778 63990 1
69778 64985 1
69778 69776 1
69778 70319 1
69778 72635 1
69778 73700 1
69778 74624 1
70319 60494 1
70319 63990 1
70319 68405 1
70319 69778 1
70319 72914 1
70319 73981 1
70319 74501 1
70319 74926 1
43430 36475 1
43430 43431 1
43430 69766 1
43430 123232 1
43431 33969 1
43431 36475 1
43431 37105 1
43431 43430 1
43431 45495 1
43431 69766 1
43431 123232 1
123232 36475 1
123232 43430 1
123232 43431 1
123232 49120 1
123232 68405 1
123232 69766 1
123232 70515 1
123232 119696 1
58127 41894 1
58127 45524 1
58127 74797 1
100289 41894 1
100289 64626 1
100289 68421 1
100289 81590 1
100289 86763 1
51737 46536 1
51737 56488 1
56488 46536 1
56488 51737 1
56488 56485 1
56488 56486 1
56488 56487 1
56488 124724 1
93543 46536 1
46528 46696 1
46528 46697 1
46697 45524 1
46697 46528 1
46697 46696 1
37098 33722 1
37098 37099 1
37098 37100 1
37098 45520 1
37098 49123 1
37098 49396 1
37098 51203 1
37098 52162 1
37098 57004 1
37099 33722 1
37099 37098 1
37099 37100 1
37099 45520 1
37099 49123 2
37099 49396 1
37099 52162 1
37099 57004 1
37099 72914 1
45520 33722 1
45520 37098 1
45520 37099 1
45520 37100 1
45520 45524 1
45520 49121 1
45520 49123 1
45520 49396 1
45520 52162 1
45520 57004 1
45520 123158 1
49123 33722 1
49123 37098 1
49123 37099 2
49123 37100 1
49123 45520 1
49123 49121 1
49123 49124 1
49123 49396 1
49123 52162 1
49123 57004 1
49123 74281 1
49123 74624 1
49396 33722 1
49396 37098 1
49396 37099 1
49396 37100 1
49396 45520 1
49396 49123 1
49396 49399 1
49396 49873 1
49396 52162 1
49396 57004 1
52162 27863 1
52162 30764 1
52162 33722 1
52162 37098 1
52162 37099 1
52162 37100 1
52162 37106 1
52162 45520 1
52162 49123 1
52162 49396 1
52162 57004 1
3506 40615 1
3506 45464 1
3506 57019 1
3506 57410 1
3506 58066 1
3506 66125 1
40615 3506 1
40615 38965 1
40615 42235 1
40615 45452 1
40615 45464 1
40615 45471 1
40615 45813 1
40615 49409 1
40615 49867 1
40615 53074 1
40615 57019 1
40615 57410 1
40615 58066 1
40615 63252 1
40615 71325 1
45464 3506 1
45464 10751 1
45464 37511 1
45464 40615 1
45464 42186 1
45464 42228 1
45464 46173 1
45464 57019 1
45464 57410 1
45464 58066 1
57019 3506 1
57019 35092 1
57019 40615 1
57019 40624 1
57019 40634 1
57019 42235 1
57019 45464 1
57019 45467 1
57019 45471 1
57019 53839 1
57019 56562 1
57019 57018 1
57019 57020 1
57019 57021 1
57019 57410 1
57019 58066 1
57019 63113 1
57019 64007 1
57019 72140 1
58066 3506 1
58066 40615 1
58066 45464 1
58066 57019 1
58066 57410 1
43349 33724 1
43349 40173 1
43349 41626 1
43349 60709 1
49124 49121 1
49124 49123 1
49124 49873 1
49124 54869 1
49124 74924 1
74922 31982 1
74922 74923 1
74922 74924 1
74922 74925 1
74922 74926 1
74922 126702 1
74923 38145 1
74923 51138 1
74923 74922 1
74923 74924 1
74923 74925 1
74923 74926 1
74923 125830 1
74925 74922 1
74925 74923 1
74925 74924 1
74925 74926 1
74925 114549 1
74926 27863 1
74926 70319 1
74926 74624 1
74926 74922 1
74926 74923 1
74926 74924 1
74926 74925 1
74926 74927 1
18533 8834 1
18533 17576 1
18533 48178 1
18533 53323 1
48178 17576 1
48178 18533 1
48178 53323 1
53323 17576 1
53323 18533 1
53323 48178 1
30764 37103 1
30764 37106 1
30764 52162 1
34117 49399 1
37102 33722 1
37102 37103 1
37102 37105 1
37102 56562 1
37102 69766 1
37103 30764 1
37103 33722 1
37103 37102 1
37103 37105 1
37103 69766 1
37105 33722 1
37105 33969 1
37105 37102 1
37105 37103 1
37105 43431 1
37105 45495 1
37105 49119 1
37105 49120 1
37105 69766 1
37105 125830 1
37105 126702 1
45478 69766 1
45478 73977 1
45478 73979 1
72635 37100 1
72635 68405 1
72635 69778 1
72635 73700 1
49121 45520 1
49121 45524 1
49121 49123 1
49121 49124 1
49121 104942 1
49121 119696 1
49121 123158 1
42258 51203 1
42258 125636 1
42258 126702 1
27863 13715 1
27863 33897 1
27863 52162 1
27863 74624 1
27863 74926 1
114549 74925 1
114549 114548 1
104942 49121 1
104942 119696 1
32021 41794 1
32021 63251 1
32021 63252 1
32021 72914 1
32021 73977 1
32021 73979 1
33721 33722 1
33721 33724 1
33721 63251 1
33724 33721 1
33724 33722 1
33724 40173 1
33724 41626 1
33724 43349 1
33724 63251 1
41794 32021 1
41794 63251 1
41794 63252 1
41794 72914 1
41794 73977 1
41794 73979 1
38965 40615 1
38965 45452 1
38965 45813 1
38965 63252 1
38965 71325 1
45452 38965 1
45452 40615 1
45452 45813 1
45452 63252 1
45452 71325 1
45813 38965 1
45813 40615 1
45813 45452 1
45813 63252 1
45813 71325 1
71325 38965 1
71325 40615 1
71325 45452 1
71325 45813 1
71325 63252 1
102490 85930 1
57720 100908 1
100914 100908 1
53773 44418 1
79473 44418 1
82248 44418 1
48296 54643 1
48296 64066 1
48296 71208 1
48296 73981 2
48296 74501 2
48296 77642 1
54643 48296 1
54643 64066 3
54643 64068 2
54643 73981 1
54643 74501 1
56994 73981 1
64066 48296 1
64066 54643 3
64066 64068 2
64066 73981 1
64066 74501 1
71208 43981 1
71208 48296 1
71208 71211 1
71208 73981 1
71208 74501 1
71208 77642 1
77642 48296 1
77642 71208 1
77642 73981 1
77642 74501 1
42201 74499 1
42201 118080 1
118080 42201 1
118080 74499 2
118080 121773 1
118080 124588 1
121773 74499 1
121773 118080 1
121773 124588 1
124588 74499 2
124588 118080 1
124588 121773 1
124589 74499 1
124589 124590 1
124589 124591 1
124590 74499 1
124590 124589 1
124590 124591 1
124591 74499 1
124591 124589 1
124591 124590 1
124592 74499 1
112752 117163 1
112752 117852 1
117163 112752 1
117163 117852 1
51203 31982 1
51203 37098 1
51203 37488 1
51203 42258 1
51203 45524 1
51203 51138 1
51203 51204 1
51203 64985 1
51203 69778 1
51203 126702 1
51204 45524 1
51204 51203 1
51204 64985 1
51204 69778 1
70549 68405 1
43354 74281 1
45497 53839 1
45497 60429 1
45497 70656 1
45497 76047 1
53839 35092 1
53839 42235 1
53839 43051 1
53839 45467 1
53839 45471 1
53839 45497 1
53839 57019 1
53839 60429 1
53839 70656 1
53839 76047 1
70656 45497 1
70656 53839 1
70656 60429 1
70656 76047 1
76047 25428 1
76047 45497 1
76047 53839 1
76047 60429 1
76047 70656 1
60507 60508 1
60507 64953 1
60508 60507 1
60508 64953 1
73732 64953 1
73732 105229 1
87354 64953 1
105229 64953 1
105229 73732 1
105229 106540 1
107497 64953 1
79101 74192 1
79101 94736 1
94736 74192 1
94736 79101 1
106519 113529 1
33969 37105 1
33969 43431 1
33969 45495 1
45495 33969 1
45495 37105 1
45495 43431 1
49120 37105 1
49120 49119 1
49120 123232 1
49120 125830 1
49120 126702 1
64626 100289 1
68421 100289 1
81590 86763 1
81590 100289 1
86763 81590 1
86763 100289 1
56485 56486 1
56485 56487 1
56485 56488 1
56485 124724 1
56486 56485 1
56486 56487 1
56486 56488 1
56486 124724 1
56487 56485 1
56487 56486 1
56487 56488 1
56487 124724 1
124724 56485 1
124724 56486 1
124724 56487 1
124724 56488 1
42235 35092 1
42235 40615 1
42235 45467 1
42235 45471 2
42235 53839 1
42235 57019 1
45471 35092 1
45471 40615 1
45471 42235 2
45471 45467 1
45471 53839 1
45471 57019 1
49409 40615 1
49409 49867 1
49867 40615 1
49867 49409 1
49867 53074 1
53074 40615 1
53074 49867 1
10751 37511 1
10751 42186 1
10751 42228 1
10751 45464 1
10751 46173 1
37511 10751 1
37511 42186 1
37511 42228 1
37511 45464 1
37511 46173 1
37511 72140 1
42186 10751 1
42186 37511 1
42186 42228 1
42186 45464 1
42186 46173 1
42228 10751 1
42228 37511 1
42228 42186 1
42228 45464 1
42228 46173 1
46173 10751 1
46173 37511 1
46173 42186 1
46173 42228 1
46173 45464 1
35092 42235 1
35092 45467 1
35092 45471 1
35092 53839 1
35092 57019 1
40624 40634 1
40624 56562 1
40624 57019 1
40624 64007 1
40634 40624 1
40634 56562 1
40634 57019 1
40634 64007 1
45467 35092 1
45467 42235 1
45467 45471 1
45467 53839 1
45467 57019 1
56562 37102 1
56562 40624 1
56562 40634 1
56562 57019 1
56562 64007 1
57018 57019 1
57018 57020 1
57018 57021 1
57020 57018 1
57020 57019 1
57020 57021 1
57021 57018 1
57021 57019 1
57021 57020 1
63113 57019 1
63113 72140 1
64007 40624 1
64007 40634 1
64007 56562 1
64007 57019 1
72140 37511 1
72140 57019 1
72140 63113 1
72140 85999 1
54869 49124 1
54869 49873 1
31982 37488 1
31982 49119 1
31982 51138 1
31982 51203 1
31982 74922 1
31982 126702 1
126702 31982 1
126702 37105 1
126702 42258 1
126702 49119 1
126702 49120 1
126702 51203 1
126702 74922 1
126702 125830 1
51138 31982 1
51138 37488 1
51138 51203 1
51138 74923 1
51138 125830 1
125830 37105 1
125830 49119 1
125830 49120 1
125830 51138 1
125830 74923 1
125830 126702 1
74927 74926 1
13715 27863 1
13715 33897 1
33897 13715 1
33897 27863 1
49119 31982 1
49119 37105 1
49119 49120 1
49119 125830 1
49119 126702 1
43051 53839 1
85999 72140 1
106540 105229 1
25428 76047 1
40173 33724 1
40173 41626 1
40173 43349 1
41626 33724 1
41626 40173 1
41626 43349 1
64068 54643 2
64068 64066 2
43981 71208 1
43981 71211 1
71211 43981 1
71211 71208 1
8834 18533 1
