92011 67956 1
67956 44468 1
67956 92011 1
44468 67956 1
44468 68497 1
68497 44468 1
68497 57739 1
68497 59270 1
68497 80817 1
68497 100258 1
68497 105123 1
57739 59270 1
57739 68497 1
57739 80817 1
57739 100258 1
59270 57739 1
59270 68497 1
59270 80817 1
59270 100258 1
80817 54531 1
80817 57739 1
80817 59270 1
80817 68497 1
80817 68973 1
80817 96858 1
80817 100258 1
100258 38374 1
100258 57739 1
100258 59270 1
100258 68497 1
100258 70493 1
100258 79177 1
100258 80817 1
100258 82358 1
100258 96571 1
100258 102704 1
105123 68497 1
105123 100945 1
105123 105122 1
105123 119578 1
54531 55894 1
54531 57015 1
54531 68973 1
54531 80817 1
54531 85818 1
54531 96858 1
54531 118529 1
68973 54531 1
68973 62656 1
68973 80817 1
68973 96858 1
96858 54531 1
96858 68973 1
96858 77659 1
96858 80817 1
38374 24522 1
38374 44591 1
38374 46677 1
38374 59410 1
38374 63256 1
38374 70493 1
38374 84283 1
38374 100258 1
70493 38374 1
70493 70491 1
70493 79170 1
70493 100258 1
79177 82358 1
79177 100258 1
82358 48841 1
82358 51256 1
82358 55504 1
82358 70755 1
82358 79177 1
82358 81551 1
82358 91922 1
82358 98529 1
82358 100258 1
96571 47978 1
96571 93853 1
96571 93854 1
96571 96572 1
96571 100258 1
96571 102704 1
96571 106412 1
102704 86105 1
102704 96571 1
102704 100258 1
100945 72992 1
100945 97086 1
100945 105122 1
100945 105123 1
100945 119578 1
105122 100945 1
105122 105123 1
105122 119578 1
119578 64930 1
119578 70156 1
119578 100065 1
119578 100945 1
119578 105122 1
119578 105123 1
55894 54531 1
55894 57015 1
57015 45779 1
57015 54531 1
57015 55894 1
57015 67874 1
85818 54531 1
85818 81869 1
85818 87106 1
85818 87107 1
85818 90039 1
85818 92164 1
85818 95144 1
85818 104224 1
85818 106277 1
85818 107939 1
85818 116949 1
118529 54531 1
24522 33807 1
24522 35363 1
24522 38374 1
24522 42425 1
24522 44591 1
24522 46677 1
24522 56689 1
24522 84283 1
44591 24522 1
44591 25214 1
44591 26962 1
44591 38374 1
44591 40140 1
44591 44587 1
44591 46677 1
44591 84283 1
46677 24522 1
46677 38374 1
46677 44591 1
46677 49636 1
46677 51239 1
46677 61792 1
46677 73253 1
46677 84283 1
59410 38374 1
59410 63256 1
63256 38374 1
63256 59410 1
84283 24522 1
84283 38374 1
84283 44591 1
84283 46677 1
70491 70493 1
79170 70493 1
79170 79171 1
79170 85968 1
79170 119792 1
48841 49718 1
48841 55504 1
48841 62661 1
48841 82358 1
48841 89038 1
51256 70755 1
51256 82358 1
51256 91922 1
55504 48841 1
55504 82358 1
70755 51256 1
70755 70754 1
70755 82358 1
70755 91922 1
70755 120459 1
81551 82358 1
81551 90052 1
81551 98529 1
81551 117727 1
91922 51256 1
91922 70755 1
91922 82358 1
98529 81551 1
98529 82358 1
47978 70775 1
47978 96571 1
93853 93854 3
93853 96571 1
93853 106412 1
93854 93853 3
93854 96571 1
93854 106412 1
96572 96571 1
106412 93853 1
106412 93854 1
106412 96571 1
86105 102704 1
86105 113280 1
72992 100945 1
97086 100945 1
64930 70156 1
64930 100065 1
64930 119578 1
70156 64930 1
70156 87472 1
70156 100065 1
70156 109837 1
70156 119578 1
70156 120375 1
70156 120376 1
100065 64930 1
100065 70156 1
100065 79633 1
100065 88464 1
100065 91688 1
100065 94779 1
100065 103803 1
100065 119578 1
45779 57015 1
45779 67874 1
45779 80216 1
67874 45779 1
67874 57015 1
81869 85818 1
81869 87106 1
81869 87107 1
81869 90039 1
81869 92164 1
81869 95144 1
87106 81869 1
87106 85818 1
87106 87107 1
87106 90039 1
87106 92164 1
87106 95144 1
87107 80908 1
87107 81869 1
87107 85818 1
87107 87106 1
87107 90039 1
87107 92164 1
87107 95144 1
90039 81869 1
90039 85818 1
90039 87106 1
90039 87107 1
90039 92164 1
90039 95144 1
92164 81869 1
92164 85818 1
92164 86498 1
92164 87106 1
92164 87107 1
92164 90039 1
92164 93962 1
92164 95144 1
92164 110338 1
95144 81869 1
95144 85818 1
95144 87106 1
95144 87107 1
95144 90039 1
95144 92164 1
104224 85818 1
104224 107939 1
104224 115734 1
106277 60241 1
106277 60244 2
106277 72621 1
106277 75968 1
106277 85818 1
106277 88454 1
106277 93973 1
106277 106139 1
106277 106278 2
106277 106740 1
107939 85818 1
107939 104224 1
116949 78503 1
116949 85818 1
116949 99511 1
116949 116948 1
116949 116950 1
116949 116951 1
33807 24522 1
33807 35363 1
33807 42425 1
33807 56689 1
35363 24522 1
35363 33807 1
35363 42425 1
35363 56689 1
42425 24522 1
42425 29280 1
42425 30681 1
42425 30696 1
42425 32798 1
42425 32800 1
42425 33807 1
42425 35074 1
42425 35363 1
42425 36203 1
42425 36256 1
42425 36993 1
42425 38888 1
42425 39017 1
42425 43222 1
42425 44068 1
42425 45133 1
42425 45150 1
42425 45503 1
42425 47267 1
42425 56689 1
56689 24522 1
56689 33807 1
56689 35363 1
56689 37012 1
56689 42425 1
56689 60416 1
25214 26962 1
25214 30481 1
25214 33689 1
25214 38675 1
25214 40140 1
25214 44275 1
25214 44587 1
25214 44591 1
25214 46329 1
26962 25214 1
26962 40140 1
26962 44587 1
26962 44591 1
40140 25214 1
40140 26962 1
40140 44587 1
40140 44591 1
44587 18403 1
44587 25214 1
44587 26962 1
44587 29759 1
44587 40140 1
44587 44591 1
49636 46677 1
49636 51239 1
49636 61792 1
49636 73253 1
51239 46677 1
51239 49636 1
51239 49978 1
51239 57454 1
51239 61792 1
51239 73253 1
61792 46677 1
61792 49636 1
61792 51239 1
61792 73253 1
73253 46677 1
73253 49636 1
73253 51239 1
73253 61792 1
73253 88757 1
79171 79170 1
79171 119792 1
85968 79170 1
119792 36675 1
119792 50537 1
119792 57361 1
119792 72459 1
119792 77510 1
119792 79170 1
119792 79171 1
49718 48841 1
49718 62661 1
62661 48841 1
62661 49718 1
89038 48841 1
89038 89040 1
89038 89041 1
70754 70755 1
120459 66457 1
120459 70755 1
120459 95395 1
120459 110429 1
90052 45771 1
90052 60257 1
90052 77659 1
90052 81551 1
90052 89040 1
90052 101160 1
117727 81551 1
117727 108341 1
70775 47978 1
87472 70156 1
109837 46038 1
109837 57508 1
109837 67687 1
109837 70156 1
109837 93973 1
120375 70156 1
120375 120376 5
120376 70156 1
120376 120375 5
79633 54146 1
79633 85409 1
79633 87626 1
79633 91688 1
79633 100065 1
79633 103803 1
88464 100065 1
91688 79633 1
91688 90308 1
91688 92369 1
91688 100065 1
91688 103803 1
91688 116713 1
91688 121468 1
91688 125435 1
94779 100065 1
103803 79633 1
103803 91688 1
103803 100065 1
103803 115882 1
103803 119163 1
80216 45779 1
80908 87107 1
86498 92164 1
86498 93962 1
86498 95416 1
86498 110338 1
93962 86498 1
93962 92164 1
93962 110338 1
110338 86498 1
110338 92164 1
110338 93962 1
60241 60244 1
60241 75968 1
60241 106277 1
60241 106278 1
60244 60241 1
60244 72621 1
60244 75968 1
60244 106277 2
60244 106278 2
72621 60244 1
72621 82738 1
72621 87988 1
72621 87989 1
72621 106277 1
72621 106278 1
75968 60241 1
75968 60244 1
75968 106277 1
75968 106278 1
88454 93973 1
88454 106139 1
88454 106277 1
88454 106740 1
93973 88454 1
93973 106139 1
93973 106277 1
93973 106740 1
93973 109837 1
106139 55135 1
106139 61372 1
106139 67948 1
106139 88454 1
106139 89041 1
106139 93973 1
106139 106277 1
106139 106740 1
106278 60241 1
106278 60244 2
106278 72621 1
106278 75968 1
106278 106277 2
106740 88454 1
106740 93973 1
106740 106139 1
106740 106277 1
78503 99511 1
78503 116949 1
99511 78503 1
99511 116949 1
116948 116949 1
116948 116950 1
116948 116951 1
116950 116948 1
116950 116949 1
116950 116951 1
116951 116948 1
116951 116949 1
116951 116950 1
29280 30681 1
29280 32798 1
29280 35074 1
29280 36256 1
29280 36993 1
29280 38888 1
29280 39017 1
29280 42425 1
29280 43222 1
29280 44068 1
29280 45133 1
30681 29280 1
30681 32798 1
30681 35074 1
30681 35089 1
30681 36256 1
30681 36993 1
30681 38888 1
30681 39017 1
30681 40701 1
30681 42425 1
30681 43222 1
30681 44068 1
30681 44846 1
30681 45133 1
30681 46339 1
30696 32800 1
30696 36203 1
30696 42425 1
30696 45150 1
30696 45503 1
30696 47267 1
32798 29280 1
32798 30681 1
32798 35074 1
32798 36256 1
32798 36993 1
32798 38888 1
32798 39017 1
32798 42425 1
32798 43222 1
32798 44068 1
32798 45133 1
32800 30696 1
32800 36203 1
32800 42425 1
32800 45150 1
32800 45503 1
32800 47267 1
35074 29280 1
35074 30681 1
35074 32798 1
35074 36256 1
35074 36993 1
35074 38888 1
35074 39017 1
35074 42425 1
35074 43222 1
35074 44068 1
35074 45133 1
36203 30696 1
36203 32800 1
36203 42425 1
36203 45150 1
36203 45503 1
36203 47267 1
36256 29280 1
36256 30681 1
36256 32798 1
36256 35074 1
36256 36993 1
36256 38888 1
36256 39017 1
36256 42425 1
36256 43222 1
36256 44068 1
36256 45133 1
36993 29280 1
36993 30681 1
36993 32798 1
36993 35074 1
36993 36256 1
36993 38888 1
36993 39017 1
36993 42425 1
36993 43222 1
36993 44068 1
36993 45133 1
38888 29280 1
38888 30681 1
38888 32798 1
38888 35074 1
38888 36256 1
38888 36993 1
38888 39017 1
38888 42425 1
38888 43222 1
38888 44068 1
38888 45133 1
39017 29280 1
39017 30681 1
39017 32798 1
39017 35074 1
39017 35266 1
39017 36256 1
39017 36993 1
39017 38888 1
39017 42425 1
39017 43222 1
39017 44068 1
39017 45133 1
43222 29280 1
43222 30681 1
43222 32798 1
43222 35074 1
43222 36256 1
43222 36993 1
43222 38888 1
43222 39017 1
43222 42425 1
43222 44068 1
43222 45133 1
44068 29280 1
44068 30681 1
44068 32798 1
44068 35074 1
44068 36256 1
44068 36993 1
44068 38888 1
44068 39017 1
44068 42425 1
44068 43222 1
44068 45133 1
45133 29280 1
45133 30681 1
45133 32798 1
45133 35074 1
45133 36256 1
45133 36993 1
45133 38888 1
45133 39017 1
45133 39249 1
45133 42425 1
45133 43222 1
45133 44068 1
45133 49375 1
45133 71837 1
45150 30696 1
45150 32800 1
45150 36203 1
45150 42425 1
45150 45503 1
45150 47267 1
45150 49375 1
45503 30696 1
45503 31077 1
45503 31079 1
45503 32800 1
45503 36203 1
45503 42425 1
45503 45150 1
45503 47267 1
45503 48926 1
45503 54261 1
47267 30696 1
47267 32800 1
47267 33183 1
47267 36203 1
47267 42425 1
47267 45150 1
47267 45503 1
37012 56689 1
37012 60416 1
60416 37012 1
60416 42080 1
60416 47076 1
60416 56689 1
30481 25214 1
30481 33689 1
30481 38675 1
30481 44275 1
33689 25214 1
33689 30481 1
33689 38675 1
33689 44275 1
38675 24818 1
38675 25214 1
38675 30481 1
38675 33689 1
38675 44275 1
44275 25214 1
44275 30481 1
44275 33689 1
44275 37470 1
44275 38675 1
44275 41056 1
44275 49069 1
44275 50914 1
46329 25214 1
49978 51239 1
57454 27169 1
57454 32251 1
57454 48778 1
57454 51239 1
57454 126553 1
88757 73253 1
88757 94321 1
88757 94444 1
36675 40587 1
36675 41157 1
36675 46107 1
36675 48722 1
36675 50537 1
36675 52151 1
36675 57361 1
36675 64757 1
36675 68020 1
36675 72459 1
36675 74280 1
36675 76817 1
36675 77510 1
36675 119792 1
50537 36675 1
50537 50106 1
50537 57361 1
50537 72459 1
50537 77510 1
50537 119792 1
57361 36675 1
57361 43869 1
57361 50537 1
57361 67228 1
57361 67229 1
57361 68975 1
57361 69553 1
57361 72459 1
57361 77510 1
57361 119792 1
72459 36675 1
72459 50537 1
72459 57361 1
72459 77510 1
72459 119792 1
77510 36675 1
77510 50537 1
77510 57361 1
77510 72459 1
77510 119792 1
66457 80100 1
66457 92972 1
66457 95395 1
66457 120459 1
95395 66457 1
95395 120459 1
95395 121814 1
110429 91972 1
110429 95025 1
110429 103517 1
110429 112025 1
110429 120459 1
45771 49094 1
45771 49197 1
45771 82972 1
45771 89040 1
45771 90052 1
60257 77659 1
60257 90052 1
60257 101160 1
77659 60257 1
77659 90052 1
77659 96858 1
77659 101160 1
89040 45771 1
89040 89038 1
89040 89041 1
89040 90052 1
101160 60257 1
101160 77659 1
101160 90052 1
108341 117727 1
46038 57508 1
46038 109837 1
57508 46038 1
57508 109837 1
67687 70747 1
67687 109837 1
67687 112607 1
67687 117021 1
54146 47347 1
54146 55462 1
54146 66904 1
54146 79633 1
54146 85409 1
54146 87626 1
54146 99321 1
54146 125564 1
85409 54146 1
85409 79633 1
85409 87626 1
87626 54146 1
87626 79633 1
87626 85409 1
90308 91688 1
90308 121468 1
92369 91688 1
92369 125435 1
116713 91688 1
116713 104104 1
116713 114599 1
121468 90308 1
121468 91688 1
125435 91688 1
125435 92369 1
115882 103803 1
119163 96133 1
119163 103803 1
95416 86498 1
82738 72621 1
82738 87988 1
82738 87989 1
87988 72621 1
87988 82738 1
87988 87989 1
87989 72621 1
87989 82738 1
87989 87988 1
55135 106139 1
61372 106139 1
67948 106139 1
89041 89038 1
89041 89040 1
89041 96133 1
89041 106139 1
35089 30681 1
35089 40701 1
35089 44846 1
35089 46339 1
40701 30681 1
40701 35089 1
40701 44846 1
40701 46339 1
44846 30681 1
44846 35089 1
44846 40701 1
44846 46339 1
46339 30681 1
46339 35089 1
46339 40701 1
46339 44846 1
35266 31659 1
35266 32063 1
35266 39017 1
39249 45133 1
39249 49375 1
39249 71837 1
49375 39249 1
49375 45133 1
49375 45150 1
49375 71837 1
71837 39249 1
71837 45133 1
71837 49375 1
31077 31079 1
31077 45503 1
31077 48926 1
31079 31077 1
31079 45503 1
31079 48926 1
48926 31077 1
48926 31079 1
48926 45503 1
54261 45503 1
42080 47076 1
42080 60416 1
47076 42080 1
47076 60416 1
24818 38675 1
37470 41056 1
37470 44275 1
37470 49069 1
37470 50914 1
41056 37470 1
41056 44275 1
41056 49069 1
41056 50914 1
49069 37470 1
49069 41056 1
49069 44275 1
49069 50914 1
50914 37470 1
50914 41056 1
50914 44275 1
50914 49069 1
27169 32251 1
27169 48778 1
27169 57454 1
32251 27169 1
32251 48778 1
32251 57454 1
48778 27169 1
48778 32251 1
48778 57454 1
126553 57454 1
94321 88757 1
94321 92972 1
94444 88757 1
40587 36675 1
40587 48722 1
40587 68020 1
40587 74280 1
41157 36675 1
41157 43869 1
41157 52151 1
46107 36675 1
46107 64757 1
46107 76817 1
48722 36675 1
48722 40587 1
48722 68020 1
48722 74280 1
52151 36675 1
52151 41157 1
64757 36675 1
64757 46107 1
64757 76817 1
68020 36675 1
68020 40587 1
68020 48722 1
68020 74280 1
74280 36675 1
74280 40587 1
74280 48722 1
74280 68020 1
76817 36675 1
76817 46107 1
76817 64757 1
50106 50537 1
43869 41157 1
43869 57361 1
43869 69553 1
67228 57361 1
67228 67229 1
67229 57361 1
67229 67228 1
68975 57361 1
69553 43869 1
69553 57361 1
80100 66457 1
92972 66457 1
92972 94321 1
91972 95025 1
91972 103517 1
91972 110429 1
91972 112025 1
95025 91972 1
95025 103517 1
95025 110429 1
95025 112025 1
103517 91972 1
103517 95025 1
103517 110429 1
103517 112025 1
112025 91972 1
112025 95025 1
112025 103517 1
112025 110429 1
49094 45771 1
49094 49197 1
49094 82972 1
49197 45771 1
49197 49094 1
49197 82972 1
82972 45771 1
82972 49094 1
82972 49197 1
70747 67687 1
70747 112607 1
112607 67687 1
112607 70747 1
117021 67687 1
47347 54146 1
47347 55462 1
47347 66904 1
47347 99321 1
47347 125564 1
55462 47347 1
55462 54146 1
55462 66904 1
55462 99321 1
55462 125564 1
66904 47347 1
66904 54146 1
66904 55462 1
66904 99321 1
66904 125564 1
99321 47347 1
99321 54146 1
99321 55462 1
99321 66904 1
99321 125564 1
125564 47347 1
125564 54146 1
125564 55462 1
125564 66904 1
125564 99321 1
104104 114599 1
104104 116713 1
114599 104104 1
114599 116713 1
96133 89041 1
96133 119163 1
121814 95395 1
33183 47267 1
31659 32063 1
31659 35266 1
32063 31659 1
32063 35266 1
18403 29759 1
18403 44587 1
29759 18403 1
29759 44587 1
115734 104224 1
113280 86105 1
62656 68973 1
