49756 51839 1
51839 49271 1
51839 49756 1
49271 51839 1
49271 69251 1
69251 49271 1
69251 64290 1
69251 64701 1
64290 15838 1
64290 48949 1
64290 69251 1
64290 80393 1
64701 69251 1
15838 36892 1
15838 48949 1
15838 64290 1
15838 80393 1
15838 100152 1
48949 15838 1
48949 64290 1
48949 76846 1
48949 80393 1
48949 97090 1
48949 97392 1
80393 15838 1
80393 48949 1
80393 64290 1
80393 106141 1
80393 106888 1
36892 15838 1
36892 100152 1
100152 15838 1
100152 36892 1
100152 114353 1
76846 48949 1
76846 93749 1
76846 107902 1
76846 107904 1
97090 48949 1
97090 67910 1
97090 97392 1
97392 48949 1
97392 97090 1
97392 101647 1
106141 80393 1
106141 80835 1
106141 91722 1
106141 114357 1
106888 80393 1
114353 100152 1
114353 114352 1
93749 76846 1
93749 107128 2
107902 67910 1
107902 76846 1
107902 107756 1
107902 107904 1
107904 76846 1
107904 76848 1
107904 107902 1
67910 76848 1
67910 77005 2
67910 88848 1
67910 97090 1
67910 97803 1
67910 107756 1
67910 107902 1
67910 119152 1
101647 49128 1
101647 97392 1
80835 91722 1
80835 106141 1
91722 80835 1
91722 106141 1
114357 77005 1
114357 84713 1
114357 88107 1
114357 95197 1
114357 101423 1
114357 105552 1
114357 106141 1
114357 107756 1
114357 107844 1
114357 114355 1
114357 115392 1
107128 93749 2
107128 114273 1
107128 127608 1
107756 67910 1
107756 88848 1
107756 101740 1
107756 107902 1
107756 114357 1
107756 115392 1
49128 90759 1
49128 101647 1
77005 67910 2
77005 76848 1
77005 88107 1
77005 88848 1
77005 95197 1
77005 97803 1
77005 107844 1
77005 114357 1
77005 119152 1
84713 105552 1
84713 114357 1
88107 77005 1
88107 95197 1
88107 107844 1
88107 114357 1
95197 67905 1
95197 77005 1
95197 88107 1
95197 97688 1
95197 107163 1
95197 107844 1
95197 114357 1
101423 101422 1
101423 101428 1
101423 114357 1
105552 60457 1
105552 62185 1
105552 64452 1
105552 76275 1
105552 84713 1
105552 101008 1
105552 108964 1
105552 113628 1
105552 114357 1
105552 115673 1
105552 118938 1
107844 77005 1
107844 88107 1
107844 91075 1
107844 95197 1
107844 108501 1
107844 114357 1
114355 70052 1
114355 104797 1
114355 114357 1
115392 107756 1
115392 114357 1
114273 107128 1
114273 107129 1
114273 110459 1
114273 127608 1
127608 100284 1
127608 107128 1
127608 114273 1
88848 67910 1
88848 76848 1
88848 77005 1
88848 97803 1
88848 101740 1
88848 107756 1
88848 111272 1
88848 119152 1
101740 88848 1
101740 97688 1
101740 107756 1
90759 49128 1
67905 89561 1
67905 95197 1
67905 97688 1
67905 108174 1
97688 67905 1
97688 95197 1
97688 101740 1
107163 95197 1
101422 101423 1
101422 101428 1
101422 112376 1
101422 112379 1
101422 114170 1
101422 123720 1
101428 101422 1
101428 101423 1
60457 76275 1
60457 95832 1
60457 105552 1
60457 108964 1
60457 113628 1
60457 115673 1
60457 118938 1
62185 60463 1
62185 64452 1
62185 70676 1
62185 101008 1
62185 105552 1
64452 62185 1
64452 101008 1
64452 105552 1
64452 116299 1
76275 60457 1
76275 86021 1
76275 87838 1
76275 92527 1
76275 92530 1
76275 92879 1
76275 96593 1
76275 105552 1
76275 108964 1
76275 113628 1
76275 115673 1
76275 118938 1
101008 57728 1
101008 62185 1
101008 64452 1
101008 101010 1
101008 105552 1
108964 60457 1
108964 76275 1
108964 105552 1
108964 113628 1
108964 115673 1
108964 118938 1
113628 60457 1
113628 76275 1
113628 105552 1
113628 108964 1
113628 115673 1
113628 118938 1
115673 60457 1
115673 76275 1
115673 105552 1
115673 108964 1
115673 113628 1
115673 118938 1
118938 60457 1
118938 76275 1
118938 105552 1
118938 108964 1
118938 113628 1
118938 115673 1
118938 127143 1
91075 107844 1
91075 118645 1
108501 107844 1
70052 63701 1
70052 63702 1
70052 89218 1
70052 112838 1
70052 114355 1
70052 116626 1
104797 114355 1
107129 101564 3
107129 110459 1
107129 114273 1
110459 107129 1
110459 110132 1
110459 114273 1
100284 123210 1
100284 127608 1
76848 67910 1
76848 77005 1
76848 85806 1
76848 88848 1
76848 97803 1
76848 107904 1
97803 67910 1
97803 76848 1
97803 77005 1
97803 88848 1
97803 111272 1
97803 116612 1
97803 116613 1
111272 88848 1
111272 97803 1
111272 116612 1
111272 116613 1
111272 119152 1
119152 67910 1
119152 77005 1
119152 88848 1
119152 111272 1
89561 67905 1
108174 67905 1
95832 60457 1
95832 97899 1
95832 109859 1
95832 109861 1
95832 110884 1
95832 115678 1
60463 62185 1
60463 70676 1
70676 60463 1
70676 62185 1
70676 110216 1
86021 72030 1
86021 76275 1
86021 86025 1
86021 87112 1
86021 87838 1
86021 90766 2
86021 92527 1
86021 92530 1
86021 92879 1
86021 104962 1
86021 106950 1
86021 107018 1
86021 112361 1
87838 76275 1
87838 86021 1
87838 87057 1
87838 92527 1
87838 92530 1
87838 92879 1
87838 113084 1
87838 115523 1
87838 117964 1
92527 60648 1
92527 76275 1
92527 81081 1
92527 86021 1
92527 87838 1
92527 92530 1
92527 92879 1
92530 76275 1
92530 86021 1
92530 87838 1
92530 92527 1
92530 92879 1
92879 76275 1
92879 86021 1
92879 87838 1
92879 92527 1
92879 92530 1
96593 76275 1
96593 81702 1
57728 101008 1
57728 115376 1
101010 101008 1
101010 112366 1
101010 117011 1
127143 118938 1
127143 127142 1
118645 51489 1
118645 91075 1
118645 111293 1
118645 115067 1
118645 118465 1
118645 118644 1
63701 63702 1
63701 70052 1
63702 63701 1
63702 70052 1
63702 89218 1
63702 94101 1
63702 114706 1
63702 116626 1
63702 118989 1
63702 124641 1
89218 63702 1
89218 70052 1
89218 116626 3
112838 70052 1
112838 88102 1
112838 94101 1
112838 107156 1
112838 113987 1
112838 114706 1
112838 121406 1
116626 63702 1
116626 70052 1
116626 89218 3
101564 107129 3
110132 110459 1
123210 100284 1
123210 119726 1
85806 76848 1
97899 95832 1
97899 107758 1
97899 127059 1
109859 85962 1
109859 95832 1
109859 109861 1
109859 124503 1
109861 95832 1
109861 106938 1
109861 109859 1
109861 113441 1
109861 116975 1
110884 95832 1
115678 55374 1
115678 95832 1
115678 111264 1
115678 113783 1
115678 115680 1
110216 70676 1
110216 110215 1
72030 86021 1
72030 87112 1
72030 104962 1
72030 106950 1
72030 107018 1
72030 112361 1
86025 86021 1
86025 90766 1
87112 72028 1
87112 72030 1
87112 86021 1
87112 104962 1
87112 106950 1
87112 107018 1
87112 112361 1
90766 86021 2
90766 86025 1
104962 33764 1
104962 55021 1
104962 72030 1
104962 76070 1
104962 78659 1
104962 86021 1
104962 87112 1
104962 87515 1
104962 106950 1
104962 107018 1
104962 112361 1
104962 116892 1
106950 72030 1
106950 73126 1
106950 76262 1
106950 86021 1
106950 87112 1
106950 94979 1
106950 100486 1
106950 104962 1
106950 107018 1
106950 109656 1
106950 112361 1
107018 72030 1
107018 86021 1
107018 87112 1
107018 101823 1
107018 104962 1
107018 106950 1
107018 107017 1
107018 107946 1
107018 112361 1
107018 117049 1
112361 72030 1
112361 86021 1
112361 87112 1
112361 104962 1
112361 106950 1
112361 107018 1
87057 72023 1
87057 87838 1
87057 107105 1
87057 112362 1
87057 117964 1
113084 87838 1
115523 70537 1
115523 87838 1
117964 87057 1
117964 87838 1
60648 81081 1
60648 92527 1
81081 60648 1
81081 92527 1
81702 96593 1
115376 57728 1
112366 101010 1
112366 108399 1
112366 117011 1
117011 101010 1
117011 112366 1
127142 55918 1
127142 127143 1
51489 118645 1
111293 118645 1
115067 118645 1
118465 118464 1
118465 118644 2
118465 118645 1
118465 127057 1
118644 90963 1
118644 118464 1
118644 118465 2
118644 118645 1
88102 107156 1
88102 112838 1
88102 113987 1
88102 121406 1
94101 63702 1
94101 112838 1
94101 114706 5
94101 118989 1
94101 124641 1
107156 88102 1
107156 112838 1
107156 113987 1
107156 121406 1
113987 88102 1
113987 107156 1
113987 112838 1
113987 121406 1
114706 63702 1
114706 94101 5
114706 112838 1
114706 118989 1
114706 124641 1
121406 88102 1
121406 107156 1
121406 112838 1
121406 113987 1
107758 75947 1
107758 97899 1
107758 112783 1
107758 127059 1
127059 97899 1
127059 98002 1
127059 107758 1
127059 116730 1
85962 109859 1
124503 104956 1
124503 109859 1
124503 113718 1
106938 109861 1
106938 116975 1
113441 109861 1
116975 106938 1
116975 109861 1
55374 113783 1
55374 115678 1
55374 115680 1
111264 115678 1
111264 116905 1
113783 55374 1
113783 115678 1
113783 115680 1
115680 55374 1
115680 113778 1
115680 113783 1
115680 115678 1
110215 110216 1
33764 55021 1
33764 76070 1
33764 87515 1
33764 104962 1
33764 116892 1
55021 33764 1
55021 76070 1
55021 87515 1
55021 104962 1
55021 116892 1
76070 33764 1
76070 55021 1
76070 87515 1
76070 104962 1
76070 116892 1
78659 104962 1
87515 33764 1
87515 55021 1
87515 76070 1
87515 104962 1
87515 116892 1
116892 33764 1
116892 55021 1
116892 76070 1
116892 87515 1
116892 104962 1
73126 77356 1
73126 83005 1
73126 85173 1
73126 92293 1
73126 94979 1
73126 100486 1
73126 106950 1
73126 109656 1
76262 64830 1
76262 73161 1
76262 79312 1
76262 106950 1
76262 125847 1
76262 125848 1
94979 73126 1
94979 100486 1
94979 106950 1
94979 109656 1
100486 73126 1
100486 94979 1
100486 106950 1
100486 109656 1
109656 73126 1
109656 94979 1
109656 100486 1
109656 101307 1
109656 103691 1
109656 106950 1
109656 125847 1
101823 105288 1
101823 107017 1
101823 107018 1
101823 107946 1
101823 117049 1
101823 127797 1
107017 101823 1
107017 107018 1
107017 107946 1
107017 117049 1
107946 64961 1
107946 92221 1
107946 97269 1
107946 100975 1
107946 101823 1
107946 107017 1
107946 107018 1
107946 117049 1
117049 101823 1
117049 107017 1
117049 107018 1
117049 107946 1
72023 87057 1
72023 103696 1
72023 107105 1
72023 112362 1
107105 72023 1
107105 87057 1
107105 112362 1
112362 72023 1
112362 87057 1
112362 107105 1
70537 115523 1
108399 105481 1
108399 112366 1
55918 127142 1
118464 118465 1
118464 118644 1
127057 116069 1
127057 118465 1
90963 118644 1
118989 63702 1
118989 74513 1
118989 91908 1
118989 94101 1
118989 114706 1
118989 124641 1
124641 63702 1
124641 94101 1
124641 114706 1
124641 118989 1
75947 107758 1
75947 112783 1
112783 75947 1
112783 107758 1
98002 116730 1
98002 127059 1
116730 98002 1
116730 127059 1
104956 113718 1
104956 124503 1
113718 104956 1
113718 124503 1
116905 111264 1
113778 115680 1
77356 73126 1
77356 83005 1
77356 85173 1
77356 92293 1
83005 73126 1
83005 77356 1
83005 85173 1
83005 92293 1
85173 73126 1
85173 77356 1
85173 83005 1
85173 92293 1
92293 73126 1
92293 77356 1
92293 83005 1
92293 85173 1
64830 73161 1
64830 76262 1
64830 79312 1
64830 97269 1
64830 125847 1
64830 125848 1
73161 64830 1
73161 76262 1
73161 79312 1
73161 125847 1
73161 125848 1
79312 64830 1
79312 73161 1
79312 76262 1
79312 125847 1
79312 125848 1
125847 64830 1
125847 73161 1
125847 76262 1
125847 79312 1
125847 101307 1
125847 103691 1
125847 109656 1
125847 125848 2
125848 64830 1
125848 73161 1
125848 76262 1
125848 79312 1
125848 125847 2
101307 103691 1
101307 109656 1
101307 125847 1
103691 101307 1
103691 109656 1
103691 125847 1
105288 101823 1
105288 127797 1
127797 101823 1
127797 105288 1
64961 92221 1
64961 97269 1
64961 100975 1
64961 107946 1
92221 64961 1
92221 97269 1
92221 100975 1
92221 107946 1
97269 64830 1
97269 64961 1
97269 92221 1
97269 100975 1
97269 107946 1
100975 64961 1
100975 92221 1
100975 97269 1
100975 107946 1
103696 72023 1
74513 91908 1
74513 118989 1
91908 74513 1
91908 118989 1
116069 127057 1
105481 108399 1
72028 87112 1
116612 97803 1
116612 111272 1
116612 116613 1
116613 97803 1
116613 111272 1
116613 116612 1
119726 123210 1
116299 64452 1
112376 101422 1
112376 112379 1
112376 114170 1
112376 123720 1
112379 101422 1
112379 112376 1
112379 114170 1
112379 123720 1
114170 101422 1
114170 112376 1
114170 112379 1
114170 115826 1
114170 123720 1
123720 101422 1
123720 112376 1
123720 112379 1
123720 114170 1
114352 114353 1
115826 114170 1
