127371 121550 1
121550 36997 1
121550 38547 1
121550 50355 1
121550 64322 1
121550 66069 1
121550 66344 1
121550 70910 1
121550 72208 1
121550 74826 1
121550 76763 1
121550 78413 1
121550 78476 1
121550 84062 1
121550 86830 1
121550 88343 1
121550 91197 1
121550 94357 1
121550 96459 1
121550 97415 1
121550 101063 1
121550 101243 1
121550 103175 1
121550 105092 1
121550 106346 1
121550 108610 1
121550 110010 1
121550 115789 1
121550 115792 6
121550 117264 1
121550 117395 1
121550 119899 1
121550 121254 1
121550 121350 1
121550 127371 1
36997 71356 1
36997 71359 1
36997 75857 1
36997 75858 1
36997 76763 1
36997 82907 1
36997 86398 1
36997 87968 1
36997 88510 1
36997 88512 1
36997 94028 1
36997 97415 1
36997 97790 1
36997 100358 1
36997 100359 1
36997 102279 1
36997 102280 1
36997 102933 1
36997 103175 1
36997 104497 1
36997 104498 1
36997 104499 1
36997 106346 1
36997 108372 1
36997 108373 1
36997 109427 1
36997 114391 2
36997 117264 1
36997 121550 1
38547 41268 1
38547 48356 1
38547 55762 1
38547 58809 1
38547 71624 1
38547 77441 1
38547 80678 1
38547 83450 1
38547 84561 1
38547 84960 1
38547 84961 1
38547 84962 1
38547 84963 1
38547 84964 1
38547 84965 1
38547 84966 1
38547 84967 1
38547 84968 1
38547 84969 1
38547 84970 1
38547 84971 1
38547 85216 1
38547 87873 1
38547 88044 1
38547 90247 1
38547 90525 1
38547 90526 1
38547 92702 1
38547 96933 1
38547 98641 1
38547 100183 1
38547 100729 1
38547 101122 1
38547 101243 1
38547 105092 1
38547 105808 1
38547 106394 1
38547 107505 1
38547 107674 1
38547 111980 1
38547 112459 1
38547 113998 1
38547 115789 1
38547 115792 1
38547 117395 1
38547 118974 1
38547 121550 1
50355 35772 1
50355 36861 1
50355 56275 1
50355 59244 1
50355 64179 1
50355 65239 1
50355 67914 1
50355 69272 1
50355 70916 1
50355 72208 1
50355 72313 1
50355 75261 1
50355 77225 1
50355 85822 1
50355 87463 1
50355 88343 1
50355 91371 1
50355 92236 1
50355 95405 1
50355 96206 1
50355 105041 1
50355 105151 1
50355 106346 1
50355 107300 1
50355 108051 1
50355 114284 1
50355 119350 1
50355 121550 1
64322 44516 1
64322 55017 1
64322 56394 1
64322 67676 1
64322 67788 1
64322 68520 1
64322 69797 1
64322 72498 1
64322 74156 2
64322 75290 1
64322 77534 1
64322 81594 1
64322 83141 1
64322 85233 1
64322 89022 1
64322 90451 1
64322 90628 1
64322 91834 1
64322 91849 1
64322 94683 1
64322 94897 1
64322 97254 1
64322 98284 1
64322 101115 1
64322 104416 1
64322 104446 1
64322 105557 1
64322 105928 1
64322 111805 1
64322 112577 1
64322 114828 2
64322 115455 1
64322 116248 1
64322 116433 1
64322 116787 1
64322 116897 1
64322 117786 1
64322 118889 1
64322 121550 1
66069 20400 1
66069 30843 1
66069 40472 1
66069 43454 1
66069 47858 1
66069 51333 1
66069 52234 1
66069 54795 2
66069 57517 1
66069 58547 1
66069 63540 1
66069 65262 1
66069 65627 1
66069 69353 1
66069 69389 1
66069 72643 1
66069 73030 1
66069 73964 1
66069 74329 1
66069 78364 1
66069 78413 1
66069 78459 1
66069 78476 2
66069 80155 1
66069 86322 1
66069 86556 1
66069 87226 1
66069 87463 1
66069 87722 1
66069 87907 1
66069 89831 1
66069 90082 1
66069 91197 1
66069 91934 1
66069 93892 1
66069 94590 1
66069 94616 1
66069 96206 1
66069 96812 1
66069 97662 1
66069 98713 1
66069 101043 2
66069 101185 1
66069 101766 1
66069 105040 1
66069 106176 1
66069 106447 1
66069 108171 1
66069 108610 1
66069 110010 1
66069 111406 1
66069 115932 1
66069 116994 1
66069 118004 1
66069 120449 1
66069 121254 1
66069 121550 1
66344 72717 1
66344 75254 1
66344 82134 1
66344 82614 1
66344 89857 1
66344 93115 1
66344 121550 1
70910 43095 1
70910 44146 1
70910 45750 1
70910 46030 1
70910 46056 1
70910 51426 1
70910 63973 1
70910 64476 1
70910 67938 1
70910 69421 1
70910 70940 1
70910 75301 1
70910 82113 1
70910 82291 1
70910 83160 1
70910 83660 1
70910 86564 1
70910 87072 1
70910 87372 1
70910 88447 1
70910 89375 1
70910 90048 1
70910 90693 1
70910 92386 1
70910 93308 1
70910 93983 1
70910 94109 1
70910 94349 1
70910 94752 1
70910 95531 1
70910 95816 1
70910 95935 1
70910 98860 1
70910 101063 1
70910 104863 1
70910 106612 1
70910 106737 1
70910 107273 1
70910 111406 1
70910 112229 1
70910 116100 2
70910 117227 1
70910 117228 1
70910 119185 1
70910 121550 1
70910 122554 1
70910 122868 1
72208 50355 1
72208 88343 1
72208 121550 1
74826 38809 1
74826 47582 1
74826 55420 1
74826 55451 1
74826 57159 1
74826 58414 1
74826 60265 1
74826 61660 1
74826 67636 1
74826 68087 1
74826 68136 1
74826 72882 1
74826 74683 1
74826 79967 1
74826 84927 1
74826 84928 1
74826 86221 1
74826 86859 1
74826 88179 1
74826 89267 1
74826 92046 1
74826 95150 1
74826 98531 1
74826 98708 1
74826 101381 1
74826 102278 1
74826 106413 1
74826 106790 1
74826 107272 1
74826 107854 1
74826 110713 1
74826 111914 1
74826 112036 1
74826 112097 1
74826 114814 1
74826 114815 1
74826 119109 1
74826 119238 1
74826 121550 1
74826 122695 1
74826 127444 1
76763 36997 1
76763 93325 1
76763 97415 1
76763 103175 1
76763 106346 1
76763 117264 1
76763 121550 1
78413 45726 1
78413 47977 1
78413 57033 1
78413 63492 1
78413 66069 1
78413 69270 1
78413 70981 1
78413 74221 1
78413 75261 1
78413 77212 1
78413 78476 2
78413 86779 1
78413 87722 1
78413 88093 1
78413 88512 1
78413 89896 1
78413 90602 1
78413 92088 1
78413 92175 1
78413 93956 1
78413 98426 2
78413 100242 1
78413 100408 1
78413 104050 1
78413 104929 1
78413 108610 1
78413 110010 2
78413 110245 1
78413 121550 1
78476 48121 1
78476 55488 1
78476 57517 1
78476 58307 1
78476 64309 1
78476 66069 2
78476 68971 1
78476 74221 1
78476 75261 1
78476 75301 2
78476 78413 2
78476 80221 2
78476 82740 1
78476 83647 1
78476 85068 1
78476 85822 1
78476 85904 1
78476 87463 1
78476 88093 1
78476 90961 1
78476 91371 1
78476 91934 1
78476 92160 1
78476 93116 1
78476 94590 1
78476 95031 1
78476 95752 1
78476 96206 1
78476 97662 1
78476 100242 1
78476 101043 2
78476 101541 1
78476 104377 1
78476 105041 1
78476 107273 1
78476 108171 1
78476 108339 1
78476 108610 2
78476 110010 4
78476 111406 1
78476 112795 1
78476 114390 1
78476 116994 1
78476 121254 2
78476 121550 1
84062 32083 1
84062 35598 1
84062 45649 1
84062 50352 1
84062 50354 1
84062 51464 1
84062 57663 1
84062 64372 1
84062 65237 1
84062 70477 1
84062 72300 1
84062 72309 1
84062 73557 1
84062 78096 1
84062 78275 1
84062 81490 1
84062 83596 1
84062 89110 1
84062 92343 1
84062 95423 1
84062 96772 1
84062 97733 1
84062 98928 1
84062 102043 1
84062 103913 1
84062 105209 1
84062 105591 1
84062 107490 1
84062 107739 1
84062 107741 1
84062 108383 1
84062 108869 1
84062 111588 1
84062 114125 1
84062 115769 1
84062 121254 1
84062 121550 1
84062 126051 1
86830 61499 1
86830 86824 1
86830 86829 1
86830 86868 1
86830 97796 1
86830 99117 1
86830 99118 2
86830 101032 1
86830 101961 1
86830 103858 1
86830 103941 1
86830 105265 2
86830 105559 1
86830 107657 1
86830 107658 1
86830 107659 1
86830 108485 2
86830 110702 1
86830 111369 1
86830 111383 1
86830 112423 1
86830 112610 1
86830 113169 1
86830 114343 4
86830 116850 1
86830 117847 3
86830 117850 1
86830 117851 1
86830 118466 1
86830 119899 1
86830 121350 1
86830 121550 1
86830 126897 1
88343 50355 1
88343 52358 1
88343 72208 1
88343 82190 1
88343 89865 1
88343 105641 1
88343 114655 1
88343 121550 1
91197 47962 1
91197 47977 1
91197 52870 1
91197 53732 1
91197 54795 1
91197 57517 2
91197 58307 1
91197 66069 1
91197 69362 1
91197 75277 1
91197 75319 1
91197 77212 1
91197 77218 1
91197 77976 2
91197 80806 1
91197 84044 1
91197 84542 1
91197 85765 1
91197 85904 1
91197 87465 1
91197 88896 1
91197 90602 3
91197 90693 1
91197 91355 1
91197 91934 1
91197 92236 1
91197 92841 1
91197 93956 1
91197 94590 1
91197 95774 1
91197 96123 1
91197 96206 1
91197 96812 1
91197 101043 1
91197 101063 1
91197 102620 1
91197 103492 2
91197 104050 1
91197 104377 1
91197 106251 1
91197 107382 1
91197 107878 1
91197 108045 1
91197 108339 1
91197 109316 1
91197 110010 1
91197 110614 1
91197 111406 1
91197 111489 1
91197 111490 1
91197 112152 1
91197 112229 2
91197 114105 1
91197 114639 1
91197 115932 1
91197 116244 1
91197 117440 1
91197 121550 1
91197 123476 1
91197 123485 1
94357 56766 1
94357 69350 1
94357 78261 1
94357 87150 1
94357 96459 1
94357 97805 1
94357 107541 1
94357 112610 1
94357 113906 1
94357 119562 1
94357 121550 1
96459 55988 1
96459 56416 1
96459 63868 1
96459 63913 1
96459 65965 1
96459 67176 1
96459 68707 1
96459 72393 1
96459 73527 1
96459 80011 1
96459 80842 1
96459 81735 1
96459 88133 1
96459 90568 1
96459 93784 1
96459 94357 1
96459 95798 1
96459 96184 1
96459 96460 1
96459 97576 2
96459 97810 1
96459 100339 1
96459 100349 1
96459 101358 1
96459 102520 1
96459 102530 1
96459 106849 1
96459 107619 1
96459 108396 1
96459 108486 1
96459 108591 1
96459 110746 1
96459 112339 1
96459 113292 1
96459 113293 1
96459 114962 1
96459 117390 1
96459 119011 1
96459 119467 1
96459 120769 1
96459 121550 1
97415 36997 1
97415 58279 1
97415 72902 1
97415 76763 1
97415 78258 1
97415 80605 1
97415 86331 1
97415 95449 1
97415 102881 1
97415 103175 1
97415 106346 1
97415 117264 1
97415 121550 1
101063 47977 1
101063 58307 1
101063 70910 1
101063 77225 1
101063 85068 1
101063 85822 1
101063 85904 1
101063 90602 1
101063 91197 1
101063 91355 1
101063 93956 1
101063 95774 1
101063 97662 1
101063 102620 1
101063 103492 1
101063 104050 1
101063 105040 2
101063 108045 1
101063 110614 1
101063 112229 2
101063 121550 1
101243 38547 1
101243 64179 1
101243 105092 1
101243 115789 1
101243 115792 1
101243 117395 1
101243 121550 1
103175 36997 1
103175 76763 1
103175 97415 1
103175 106346 1
103175 117264 1
103175 121550 1
105092 38547 1
105092 101243 1
105092 115789 1
105092 115792 1
105092 117395 1
105092 121550 1
106346 35772 1
106346 36997 1
106346 50355 1
106346 65239 1
106346 69272 1
106346 76763 1
106346 97415 1
106346 103175 1
106346 105151 1
106346 117264 1
106346 121550 1
108610 66069 1
108610 75261 1
108610 77212 1
108610 78413 1
108610 78476 2
108610 80806 1
108610 90048 1
108610 90602 1
108610 91355 2
108610 91371 1
108610 91934 1
108610 93956 1
108610 94590 1
108610 96812 1
108610 108339 1
108610 110010 1
108610 111406 1
108610 114639 2
108610 115932 1
108610 121550 1
110010 57517 2
110010 58307 1
110010 66069 1
110010 68971 1
110010 74221 1
110010 75261 1
110010 75301 1
110010 78413 2
110010 78476 4
110010 80221 2
110010 85068 1
110010 85822 1
110010 88093 1
110010 90693 1
110010 90961 1
110010 91197 1
110010 91371 1
110010 94590 1
110010 100242 1
110010 105041 1
110010 106251 1
110010 107273 1
110010 108339 1
110010 108610 1
110010 112229 1
110010 121254 1
110010 121550 1
115789 38547 1
115789 101243 1
115789 105092 1
115789 115792 3
115789 117395 1
115789 121550 1
115792 38547 1
115792 72313 1
115792 77218 1
115792 80221 1
115792 88093 1
115792 101043 2
115792 101243 1
115792 104863 1
115792 105092 1
115792 107273 1
115792 115789 3
115792 116994 1
115792 117395 1
115792 121550 6
117264 36997 1
117264 58809 1
117264 76763 1
117264 97415 1
117264 103175 1
117264 106346 1
117264 118174 1
117264 121550 1
117395 38547 1
117395 101243 1
117395 105092 1
117395 115789 1
117395 115792 1
117395 121550 1
119899 86830 1
119899 101032 1
119899 105265 1
119899 114343 1
119899 121350 1
119899 121550 1
121254 57517 1
121254 58307 1
121254 66069 1
121254 68971 1
121254 75301 1
121254 77225 2
121254 78476 2
121254 80221 2
121254 84062 1
121254 85068 1
121254 85822 1
121254 87463 1
121254 90961 2
121254 91371 1
121254 91934 1
121254 96206 1
121254 97662 1
121254 101043 2
121254 104863 1
121254 105040 1
121254 105041 1
121254 107273 1
121254 108045 1
121254 108171 1
121254 110010 1
121254 111406 1
121254 116994 1
121254 121550 1
121350 74130 1
121350 86830 1
121350 108485 1
121350 111804 1
121350 119899 1
121350 121550 1
71356 36997 1
71356 71359 2
71356 82907 2
71356 94028 1
71356 97790 1
71356 100358 3
71356 100359 3
71356 102933 2
71356 109427 1
71359 36997 1
71359 71356 2
71359 82907 2
71359 94028 1
71359 100358 1
71359 100359 1
71359 102933 1
71359 109427 1
75857 36997 1
75857 56392 1
75857 63583 1
75857 75858 1
75857 87968 2
75857 88510 2
75857 88512 1
75857 104497 1
75857 104498 1
75857 104499 1
75857 108373 1
75857 114391 1
75858 36997 1
75858 75857 1
75858 87968 1
75858 88510 1
75858 88512 1
75858 104497 1
75858 104498 1
75858 104499 1
75858 108372 1
75858 108373 1
75858 114391 1
82907 36997 1
82907 71356 2
82907 71359 2
82907 94028 1
82907 100358 1
82907 100359 1
82907 102933 1
82907 109427 6
86398 36997 1
86398 97790 1
86398 106394 1
87968 36997 1
87968 75857 2
87968 75858 1
87968 88510 1
87968 88512 1
87968 104497 1
87968 104498 1
87968 104499 1
87968 108373 1
87968 114391 1
88510 36997 1
88510 56392 1
88510 63583 1
88510 75857 2
88510 75858 1
88510 87968 1
88510 88512 1
88510 104497 1
88510 104498 1
88510 104499 1
88510 108373 1
88510 114391 1
88512 36997 1
88512 69270 1
88512 70981 1
88512 75857 1
88512 75858 1
88512 78413 1
88512 87968 1
88512 88510 1
88512 92175 1
88512 100408 1
88512 104497 1
88512 104498 1
88512 104499 1
88512 108373 1
88512 110245 1
88512 114391 1
94028 36997 1
94028 71356 1
94028 71359 1
94028 82907 1
94028 100358 1
94028 100359 1
94028 102933 1
94028 109427 1
97790 36997 1
97790 58307 1
97790 71356 1
97790 86398 1
97790 90880 1
97790 96933 1
97790 101961 1
100358 36997 1
100358 71356 3
100358 71359 1
100358 82907 1
100358 94028 1
100358 100359 4
100358 102933 2
100358 109427 1
100359 36997 1
100359 71356 3
100359 71359 1
100359 82907 1
100359 94028 1
100359 100358 4
100359 102933 2
100359 109427 1
102279 36997 1
102279 102280 1
102279 108372 1
102279 114391 1
102280 36997 1
102280 102279 1
102280 108372 1
102280 114391 1
102933 36997 1
102933 71356 2
102933 71359 1
102933 82907 1
102933 94028 1
102933 100358 2
102933 100359 2
102933 109427 1
104497 36997 1
104497 75857 1
104497 75858 1
104497 87968 1
104497 88510 1
104497 88512 1
104497 104498 1
104497 104499 1
104497 108373 1
104497 114391 1
104498 36997 1
104498 75857 1
104498 75858 1
104498 87968 1
104498 88510 1
104498 88512 1
104498 104497 1
104498 104499 1
104498 108373 1
104498 114391 1
104499 36997 1
104499 75857 1
104499 75858 1
104499 87968 1
104499 88510 1
104499 88512 1
104499 104497 1
104499 104498 1
104499 108373 1
104499 114391 1
108372 36997 1
108372 75858 1
108372 102279 1
108372 102280 1
108372 114391 1
108373 36997 1
108373 75857 1
108373 75858 1
108373 87968 1
108373 88510 1
108373 88512 1
108373 104497 1
108373 104498 1
108373 104499 1
108373 114391 1
109427 36997 1
109427 71356 1
109427 71359 1
109427 82907 6
109427 94028 1
109427 100358 1
109427 100359 1
109427 102933 1
114391 36997 2
114391 75857 1
114391 75858 1
114391 87968 1
114391 88510 1
114391 88512 1
114391 102279 1
114391 102280 1
114391 104497 1
114391 104498 1
114391 104499 1
114391 108372 1
114391 108373 1
41268 38547 1
41268 55762 1
41268 83450 1
48356 38547 1
48356 77441 1
48356 80678 1
48356 84561 1
48356 87873 1
55762 38547 1
55762 41268 1
55762 83450 1
55762 85594 1
55762 86346 1
58809 38547 1
58809 88044 1
58809 117264 1
71624 38547 1
71624 42062 1
71624 42107 1
71624 63818 1
71624 75443 1
71624 80982 1
71624 85216 1
71624 100183 1
71624 101122 1
71624 113998 1
77441 38547 1
77441 48356 1
77441 80678 1
77441 84561 1
77441 87873 1
80678 38547 1
80678 48356 1
80678 77441 1
80678 84561 1
80678 85835 1
80678 87873 1
80678 100569 1
83450 38547 1
83450 41268 1
83450 55762 1
84561 38547 1
84561 48356 1
84561 77441 1
84561 80678 1
84561 87873 1
84960 38547 1
84960 84961 1
84960 84962 1
84960 84963 1
84960 84964 1
84960 84965 1
84960 84966 1
84960 84967 1
84960 84968 1
84960 84969 1
84960 84970 1
84960 84971 1
84960 90247 1
84960 96933 1
84960 106394 1
84960 107505 1
84961 38547 1
84961 84960 1
84961 84962 7
84961 84963 1
84961 84964 2
84961 84965 2
84961 84966 1
84961 84967 1
84961 84968 1
84961 84969 5
84961 84970 1
84961 84971 1
84961 90247 1
84961 96933 1
84961 106394 1
84961 107505 1
84962 38547 1
84962 84960 1
84962 84961 7
84962 84963 1
84962 84964 3
84962 84965 2
84962 84966 1
84962 84967 3
84962 84968 1
84962 84969 10
84962 84970 2
84962 84971 1
84962 90247 1
84962 96933 1
84962 106394 1
84962 107505 1
84963 38547 1
84963 84960 1
84963 84961 1
84963 84962 1
84963 84964 4
84963 84965 1
84963 84966 1
84963 84967 1
84963 84968 1
84963 84969 2
84963 84970 3
84963 84971 1
84963 87072 1
84963 90247 1
84963 96933 2
84963 106394 2
84963 107505 1
84964 38547 1
84964 84960 1
84964 84961 2
84964 84962 3
84964 84963 4
84964 84965 3
84964 84966 1
84964 84967 2
84964 84968 1
84964 84969 4
84964 84970 8
84964 84971 1
84964 90247 1
84964 96933 4
84964 106394 2
84964 107505 1
84965 38547 1
84965 84960 1
84965 84961 2
84965 84962 2
84965 84963 1
84965 84964 3
84965 84966 2
84965 84967 2
84965 84968 3
84965 84969 2
84965 84970 4
84965 84971 1
84965 90247 1
84965 96933 2
84965 106394 2
84965 107505 1
84966 38547 1
84966 84960 1
84966 84961 1
84966 84962 1
84966 84963 1
84966 84964 1
84966 84965 2
84966 84967 1
84966 84968 1
84966 84969 1
84966 84970 1
84966 84971 1
84966 90247 1
84966 96933 1
84966 106394 1
84966 107505 1
84967 38547 1
84967 84960 1
84967 84961 1
84967 84962 3
84967 84963 1
84967 84964 2
84967 84965 2
84967 84966 1
84967 84968 1
84967 84969 2
84967 84970 2
84967 84971 1
84967 90247 1
84967 96933 1
84967 106394 1
84967 107505 1
84968 38547 1
84968 84960 1
84968 84961 1
84968 84962 1
84968 84963 1
84968 84964 1
84968 84965 3
84968 84966 1
84968 84967 1
84968 84969 1
84968 84970 2
84968 84971 1
84968 90247 1
84968 96933 1
84968 106394 3
84968 107505 1
84969 38547 1
84969 84960 1
84969 84961 5
84969 84962 10
84969 84963 2
84969 84964 4
84969 84965 2
84969 84966 1
84969 84967 2
84969 84968 1
84969 84970 3
84969 84971 1
84969 90247 1
84969 96933 1
84969 106394 1
84969 107505 1
84970 38547 1
84970 84960 1
84970 84961 1
84970 84962 2
84970 84963 3
84970 84964 8
84970 84965 4
84970 84966 1
84970 84967 2
84970 84968 2
84970 84969 3
84970 84971 1
84970 90247 1
84970 96933 3
84970 106394 2
84970 107505 1
84971 38547 1
84971 84960 1
84971 84961 1
84971 84962 1
84971 84963 1
84971 84964 1
84971 84965 1
84971 84966 1
84971 84967 1
84971 84968 1
84971 84969 1
84971 84970 1
84971 90247 1
84971 96933 1
84971 106394 1
84971 107505 1
85216 38547 1
85216 56524 1
85216 71624 1
85216 101122 1
85216 113998 1
85216 125513 1
87873 38547 1
87873 48356 1
87873 77441 1
87873 80678 1
87873 84561 1
87873 96933 1
87873 106394 1
88044 38547 1
88044 58809 1
90247 38547 1
90247 84960 1
90247 84961 1
90247 84962 1
90247 84963 1
90247 84964 1
90247 84965 1
90247 84966 1
90247 84967 1
90247 84968 1
90247 84969 1
90247 84970 1
90247 84971 1
90247 96933 1
90247 106394 1
90247 107505 1
90525 38547 1
90525 90526 1
90525 100183 1
90525 107674 1
90525 111980 1
90525 112459 1
90526 38547 1
90526 90525 1
90526 100183 1
90526 107674 1
90526 111980 1
90526 112459 1
92702 38547 1
92702 100729 1
92702 105808 1
96933 38547 1
96933 84960 1
96933 84961 1
96933 84962 1
96933 84963 2
96933 84964 4
96933 84965 2
96933 84966 1
96933 84967 1
96933 84968 1
96933 84969 1
96933 84970 3
96933 84971 1
96933 87873 1
96933 90247 1
96933 97790 1
96933 106394 4
96933 107505 1
98641 38547 1
100183 38547 1
100183 71624 1
100183 90525 1
100183 90526 1
100183 107674 1
100183 111980 2
100183 112459 1
100729 38547 1
100729 92702 1
100729 105808 1
101122 38547 1
101122 71624 1
101122 85216 1
101122 113998 1
105808 38547 1
105808 92702 1
105808 100729 1
106394 38547 1
106394 84960 1
106394 84961 1
106394 84962 1
106394 84963 2
106394 84964 2
106394 84965 2
106394 84966 1
106394 84967 1
106394 84968 3
106394 84969 1
106394 84970 2
106394 84971 1
106394 86398 1
106394 87873 1
106394 90247 1
106394 96933 4
106394 107505 2
107505 38547 1
107505 84960 1
107505 84961 1
107505 84962 1
107505 84963 1
107505 84964 1
107505 84965 1
107505 84966 1
107505 84967 1
107505 84968 1
107505 84969 1
107505 84970 1
107505 84971 1
107505 90247 1
107505 96933 1
107505 106394 2
107674 38547 1
107674 90525 1
107674 90526 1
107674 100183 1
107674 111980 1
107674 112459 1
111980 38547 1
111980 90525 1
111980 90526 1
111980 100183 2
111980 107674 1
111980 112459 1
112459 38547 1
112459 90525 1
112459 90526 1
112459 100183 1
112459 107674 1
112459 111980 1
113998 38547 1
113998 71624 1
113998 85216 1
113998 101122 1
118974 38547 1
35772 50355 1
35772 53732 1
35772 65239 1
35772 69272 1
35772 105151 1
35772 106346 1
36861 50355 1
36861 59244 2
36861 64179 1
36861 72313 1
36861 77225 1
36861 87463 1
36861 96206 1
36861 105041 1
36861 107300 1
56275 50355 1
56275 95405 1
56275 110180 1
56275 119350 2
59244 36861 2
59244 44516 1
59244 50355 1
59244 64179 1
59244 72313 1
59244 77225 1
59244 87463 1
59244 96206 1
59244 105041 1
59244 107300 1
64179 36861 1
64179 50355 1
64179 59244 1
64179 72313 1
64179 77225 1
64179 87463 1
64179 96206 1
64179 101243 1
64179 105041 1
64179 107300 1
65239 35772 1
65239 46030 1
65239 50355 1
65239 69272 1
65239 105151 1
65239 106346 1
67914 50355 1
67914 57517 1
67914 80842 1
67914 95405 1
69272 35772 1
69272 50355 1
69272 65239 1
69272 105151 1
69272 106346 1
69272 116248 1
70916 50355 1
70916 85822 1
70916 122554 1
70916 122556 1
72313 36861 1
72313 47977 1
72313 50355 1
72313 59244 1
72313 64179 1
72313 69362 1
72313 75301 1
72313 75319 1
72313 77212 1
72313 77218 1
72313 77225 2
72313 80221 1
72313 85904 1
72313 86779 1
72313 87463 1
72313 88093 1
72313 91539 1
72313 94590 1
72313 95816 1
72313 96206 1
72313 97662 1
72313 103492 1
72313 104377 1
72313 104863 2
72313 105040 1
72313 105041 1
72313 107300 1
72313 108171 1
72313 115792 1
75261 50355 1
75261 74221 1
75261 78413 1
75261 78476 1
75261 80806 1
75261 88093 1
75261 92236 2
75261 100242 1
75261 108339 1
75261 108610 1
75261 110010 1
75261 114639 1
75261 117366 1
77225 36861 1
77225 50355 1
77225 51231 1
77225 58307 1
77225 59244 1
77225 64179 1
77225 69238 1
77225 72313 2
77225 76805 1
77225 78459 1
77225 80221 1
77225 85068 1
77225 85822 2
77225 85904 1
77225 86779 2
77225 87463 2
77225 90602 1
77225 90961 1
77225 93956 1
77225 96206 1
77225 97662 1
77225 101043 1
77225 101063 1
77225 101766 1
77225 103492 1
77225 104863 2
77225 105040 2
77225 105041 1
77225 107273 1
77225 107300 1
77225 108045 1
77225 111406 1
77225 112229 1
77225 116994 1
77225 121254 2
85822 50355 1
85822 68971 1
85822 70916 1
85822 75301 1
85822 77225 2
85822 78476 1
85822 80221 1
85822 80806 1
85822 85068 2
85822 87463 1
85822 91371 1
85822 93956 1
85822 94590 1
85822 101063 1
85822 105040 1
85822 105041 1
85822 107273 2
85822 110010 1
85822 111406 1
85822 116994 2
85822 121254 1
87463 36861 1
87463 50355 1
87463 57517 1
87463 59244 1
87463 64179 1
87463 66069 1
87463 72313 1
87463 77218 2
87463 77225 2
87463 78476 1
87463 85822 1
87463 91934 1
87463 96206 2
87463 96812 1
87463 97662 1
87463 101043 1
87463 102620 1
87463 105041 1
87463 107273 1
87463 107300 1
87463 108171 1
87463 111406 1
87463 114105 1
87463 114639 1
87463 116994 4
87463 121254 1
91371 50355 1
91371 68971 1
91371 75301 1
91371 77212 1
91371 78476 1
91371 80221 2
91371 85068 1
91371 85822 1
91371 90602 1
91371 91355 1
91371 94590 1
91371 96206 1
91371 96812 1
91371 101043 1
91371 105041 1
91371 107273 1
91371 108610 1
91371 110010 1
91371 112229 1
91371 121254 1
92236 50355 1
92236 75261 2
92236 75319 1
92236 77212 1
92236 77218 1
92236 77976 1
92236 90602 1
92236 90693 1
92236 91197 1
92236 91355 1
92236 91934 1
92236 93956 3
92236 94590 1
92236 108339 1
95405 50355 1
95405 56275 1
95405 67914 1
95405 86322 1
95405 107490 1
95405 119350 1
96206 36861 1
96206 47977 1
96206 50355 1
96206 57517 2
96206 59244 1
96206 64179 1
96206 66069 1
96206 72313 1
96206 77225 1
96206 78476 1
96206 80221 1
96206 85068 1
96206 87463 2
96206 89896 1
96206 90693 1
96206 91197 1
96206 91371 1
96206 91934 1
96206 97662 1
96206 101043 1
96206 105041 1
96206 107300 1
96206 108171 1
96206 108339 1
96206 111406 2
96206 114105 1
96206 116994 1
96206 121254 1
105041 36861 1
105041 50355 1
105041 59244 1
105041 64179 1
105041 64476 1
105041 68971 1
105041 72313 1
105041 75301 1
105041 77225 1
105041 78459 1
105041 78476 1
105041 80221 1
105041 85068 1
105041 85822 1
105041 87463 1
105041 91371 1
105041 93956 2
105041 96206 1
105041 98426 1
105041 100242 1
105041 101766 1
105041 103492 1
105041 104050 1
105041 104377 1
105041 107273 2
105041 107300 1
105041 108339 1
105041 110010 1
105041 121254 1
105151 35772 1
105151 50355 1
105151 65239 1
105151 69272 1
105151 98860 1
105151 106346 1
107300 36861 1
107300 50355 1
107300 59244 1
107300 64179 1
107300 72313 1
107300 77225 1
107300 87463 1
107300 96206 1
107300 105041 1
108051 50355 1
108051 68136 1
108051 77212 1
108051 106737 1
114284 50355 1
114284 58414 1
119350 50355 1
119350 56275 2
119350 95405 1
44516 59244 1
44516 64322 1
44516 67788 1
44516 68520 3
44516 74156 1
44516 91849 1
44516 104446 1
44516 114828 1
55017 64322 1
55017 65965 1
55017 67676 1
55017 67788 3
55017 91834 1
55017 94683 2
55017 104416 1
55017 104446 1
55017 105265 1
55017 114828 1
55017 116787 1
55017 117786 1
56394 64322 1
56394 97254 1
56394 101032 1
67676 55017 1
67676 64322 1
67676 74156 1
67676 94683 1
67676 114828 1
67788 44516 1
67788 55017 3
67788 64322 1
67788 68520 2
67788 74156 1
67788 91834 1
67788 94683 6
67788 95798 1
67788 97254 1
67788 101115 1
67788 104416 1
67788 104446 2
67788 112423 1
67788 114828 2
67788 116787 1
67788 116897 1
67788 117786 1
68520 44516 3
68520 64322 1
68520 67788 2
68520 74156 1
68520 91849 1
68520 94683 2
68520 104446 3
68520 114828 1
69797 64322 1
69797 77534 1
69797 90451 1
69797 91834 1
69797 104446 1
69797 116787 1
72498 64322 1
72498 67176 1
72498 72393 1
72498 81594 1
72498 83141 1
72498 85233 1
72498 89022 1
72498 94897 1
72498 98284 1
72498 103858 1
72498 105557 1
72498 105928 1
72498 111805 1
72498 112577 1
72498 115455 1
72498 116248 1
74156 44516 1
74156 64322 2
74156 67676 1
74156 67788 1
74156 68520 1
74156 91849 1
74156 94683 1
74156 101115 2
74156 104416 1
74156 104446 1
74156 116897 1
75290 64322 1
75290 104416 1
75290 114828 2
75290 116897 1
77534 64322 1
77534 69389 1
77534 69797 1
77534 74329 1
77534 90451 2
77534 91834 1
77534 113292 1
77534 116787 1
81594 64322 1
81594 72498 1
81594 83141 1
81594 85233 1
81594 89022 1
81594 94897 1
81594 98284 1
81594 105557 1
81594 105928 1
81594 111805 1
81594 115455 1
81594 116248 1
83141 64322 1
83141 72498 1
83141 80842 1
83141 81594 1
83141 85233 1
83141 89022 1
83141 94897 1
83141 97805 1
83141 98284 1
83141 105557 1
83141 105928 1
83141 111805 1
83141 115455 1
83141 116248 1
83141 117850 1
83141 119467 1
85233 64322 1
85233 72498 1
85233 81594 1
85233 83141 1
85233 89022 1
85233 94752 2
85233 94897 1
85233 98284 1
85233 105557 1
85233 105928 1
85233 111805 1
85233 115455 1
85233 116248 1
89022 64322 1
89022 72498 1
89022 81594 1
89022 83141 1
89022 85233 1
89022 94897 1
89022 98284 1
89022 105557 1
89022 105928 1
89022 111805 1
89022 115455 1
89022 116248 1
90451 64322 1
90451 69797 1
90451 77534 2
90451 91834 1
90451 99308 1
90451 99309 1
90451 113292 1
90451 116787 1
90451 121774 1
90451 121775 1
90628 64322 1
90628 104446 1
91834 55017 1
91834 63913 1
91834 64322 1
91834 67636 1
91834 67788 1
91834 69797 1
91834 77534 1
91834 80011 1
91834 90451 1
91834 94683 1
91834 104446 1
91834 113293 1
91834 114828 2
91834 116787 2
91849 44516 1
91849 64322 1
91849 68520 1
91849 74156 1
94683 55017 2
94683 64322 1
94683 67676 1
94683 67788 6
94683 68520 2
94683 74156 1
94683 91834 1
94683 104416 3
94683 104446 1
94683 108290 1
94683 114828 1
94683 116787 1
94683 117786 1
94897 64322 1
94897 72498 1
94897 81594 1
94897 83141 1
94897 85233 1
94897 89022 1
94897 98284 1
94897 105557 1
94897 105928 1
94897 111805 1
94897 115455 1
94897 116248 1
97254 56394 1
97254 64322 1
97254 67788 1
97254 105265 1
97254 114828 1
98284 64322 1
98284 72498 1
98284 81594 1
98284 83141 1
98284 85233 1
98284 89022 1
98284 94897 1
98284 105557 1
98284 105928 1
98284 111805 1
98284 115455 1
98284 116248 1
101115 64322 1
101115 67788 1
101115 74156 2
101115 116787 1
104416 55017 1
104416 64322 1
104416 67788 1
104416 74156 1
104416 75290 1
104416 94683 3
104416 104446 2
104416 114828 1
104416 117786 1
104446 44516 1
104446 55017 1
104446 64322 1
104446 67788 2
104446 68520 3
104446 69797 1
104446 74156 1
104446 90628 1
104446 91834 1
104446 94683 1
104446 104416 2
104446 114828 1
105557 64322 1
105557 72498 1
105557 81594 1
105557 83141 1
105557 85233 1
105557 89022 1
105557 94897 1
105557 98284 1
105557 103858 1
105557 105928 1
105557 108591 1
105557 111805 1
105557 115455 1
105557 116248 1
105557 116850 1
105928 64322 1
105928 72498 1
105928 81594 1
105928 83141 1
105928 85233 1
105928 89022 1
105928 94897 1
105928 98284 1
105928 105557 1
105928 111805 1
105928 115455 1
105928 116248 1
111805 64322 1
111805 72498 1
111805 81594 1
111805 83141 1
111805 85233 1
111805 89022 1
111805 94897 1
111805 98284 1
111805 105557 1
111805 105928 1
111805 115455 1
111805 116248 1
112577 64322 1
112577 72498 1
112577 86868 1
112577 103858 1
112577 110746 1
112577 118889 1
114828 44516 1
114828 55017 1
114828 57840 1
114828 64322 2
114828 67676 1
114828 67788 2
114828 68520 1
114828 75290 2
114828 91834 2
114828 94683 1
114828 97254 1
114828 104416 1
114828 104446 1
114828 116433 1
114828 116897 1
114828 118418 1
114828 126009 1
115455 64322 1
115455 72498 1
115455 81594 1
115455 83141 1
115455 85233 1
115455 89022 1
115455 94897 1
115455 98284 1
115455 105557 1
115455 105928 1
115455 111805 1
115455 116248 1
116248 64322 1
116248 69272 1
116248 69350 1
116248 72498 1
116248 81594 1
116248 83141 1
116248 85233 1
116248 87372 1
116248 89022 1
116248 94897 1
116248 98284 1
116248 105557 1
116248 105928 1
116248 110702 1
116248 111805 1
116248 115455 1
116433 64322 1
116433 114828 1
116787 55017 1
116787 64322 1
116787 67788 1
116787 69797 1
116787 77534 1
116787 90451 1
116787 91834 2
116787 94683 1
116787 101115 1
116897 64322 1
116897 67788 1
116897 74156 1
116897 75290 1
116897 114828 1
116897 117786 1
117786 55017 1
117786 64322 1
117786 67788 1
117786 94683 1
117786 104416 1
117786 116897 1
117786 121976 1
118889 64322 1
118889 112577 1
20400 30843 1
20400 40472 1
20400 66069 1
20400 72643 1
20400 73030 1
30843 20400 1
30843 40472 3
30843 66069 1
30843 72643 1
30843 73030 1
40472 20400 1
40472 30843 3
40472 66069 1
40472 72643 1
40472 73030 1
43454 47858 1
43454 51333 1
43454 52234 1
43454 63540 1
43454 65262 1
43454 66069 1
47858 43454 1
47858 51333 1
47858 52234 1
47858 63540 1
47858 65262 1
47858 66069 1
51333 43454 1
51333 46087 2
51333 47858 1
51333 52234 1
51333 60265 1
51333 63540 1
51333 65262 1
51333 66069 1
51333 104929 1
52234 43454 1
52234 47858 1
52234 51333 1
52234 63540 1
52234 65262 1
52234 66069 1
54795 66069 2
54795 69389 2
54795 78364 1
54795 86779 1
54795 90693 1
54795 91197 1
54795 94590 1
54795 96812 1
54795 101043 1
54795 115932 1
57517 66069 1
57517 67914 1
57517 75319 1
57517 78476 1
57517 80221 1
57517 87463 1
57517 91197 2
57517 91934 1
57517 96206 2
57517 97662 2
57517 101043 1
57517 105040 1
57517 106251 1
57517 108171 1
57517 110010 2
57517 111406 1
57517 112229 1
57517 114639 1
57517 116994 1
57517 118244 1
57517 121254 1
58547 66069 1
58547 86322 1
58547 87226 1
58547 98713 1
58547 106447 1
63540 43454 1
63540 47858 1
63540 51333 1
63540 52234 1
63540 55616 1
63540 65262 1
63540 66069 1
63540 70949 1
63540 90961 1
65262 43454 1
65262 47858 1
65262 51333 1
65262 52234 1
65262 63540 1
65262 66069 1
65262 84282 1
65627 66069 1
65627 69353 1
65627 90082 1
65627 93892 1
65627 106176 1
69353 65627 1
69353 66069 1
69353 84927 1
69353 90082 1
69353 93892 1
69353 106176 1
69353 110170 1
69353 126759 1
69389 54795 2
69389 66069 1
69389 77534 1
69389 77976 1
69389 78364 1
72643 20400 1
72643 30843 1
72643 40472 1
72643 66069 1
72643 73030 1
72643 89857 1
72643 101766 1
73030 20400 1
73030 30843 1
73030 40472 1
73030 66069 1
73030 72643 1
73964 66069 1
73964 95774 1
73964 101766 1
73964 105040 1
73964 114105 1
73964 120449 1
73964 123476 1
74329 66069 1
74329 77534 1
74329 80155 1
74329 86556 1
74329 87907 1
74329 89831 1
74329 101185 1
74329 106737 1
74329 118004 1
78364 54795 1
78364 66069 1
78364 69389 1
78459 58307 1
78459 64476 1
78459 66069 1
78459 75301 1
78459 77212 1
78459 77225 1
78459 85904 1
78459 86779 2
78459 90602 2
78459 93956 3
78459 94616 1
78459 96123 1
78459 96812 2
78459 97662 1
78459 98426 1
78459 105041 1
78459 111406 1
78459 112229 1
80155 66069 1
80155 74329 1
80155 86556 1
80155 87907 1
80155 89831 1
80155 101185 1
80155 118004 1
86322 58307 1
86322 58547 1
86322 66069 1
86322 86331 1
86322 87226 1
86322 92046 1
86322 95405 1
86322 98713 1
86322 106447 1
86556 66069 1
86556 74329 1
86556 80155 1
86556 87907 1
86556 89831 1
86556 101185 1
86556 118004 1
87226 58547 1
87226 66069 1
87226 86322 1
87226 98713 1
87226 106447 1
87722 47977 1
87722 57033 1
87722 63492 1
87722 66069 1
87722 77212 1
87722 78413 1
87722 90602 1
87722 93956 1
87722 98426 1
87722 104050 1
87907 61660 1
87907 66069 1
87907 72882 1
87907 74329 1
87907 80155 1
87907 86556 1
87907 89831 1
87907 101185 1
87907 105209 1
87907 118004 1
89831 66069 1
89831 74329 1
89831 80155 1
89831 86556 1
89831 87907 1
89831 101185 1
89831 118004 1
90082 65627 1
90082 66069 1
90082 69353 1
90082 93892 1
90082 106176 1
90082 114655 1
91934 57517 1
91934 66069 1
91934 75319 1
91934 77212 1
91934 77218 2
91934 77976 1
91934 78476 1
91934 87463 1
91934 90602 1
91934 90693 1
91934 91197 1
91934 91355 2
91934 92236 1
91934 93956 1
91934 96206 1
91934 97662 1
91934 101043 1
91934 106251 1
91934 108171 1
91934 108339 1
91934 108610 1
91934 111406 1
91934 114639 1
91934 116994 1
91934 121254 1
93892 65627 1
93892 66069 1
93892 69353 1
93892 90082 1
93892 106176 1
94590 54795 1
94590 58307 1
94590 66069 1
94590 72313 1
94590 75319 1
94590 77212 2
94590 77218 1
94590 78476 1
94590 80221 1
94590 85822 1
94590 89896 1
94590 90048 1
94590 90602 3
94590 90961 1
94590 91197 1
94590 91355 2
94590 91371 1
94590 92236 1
94590 93956 1
94590 96812 3
94590 97662 1
94590 101043 1
94590 108339 1
94590 108610 1
94590 110010 1
94590 111406 1
94590 115932 1
94616 66069 1
94616 78459 1
96812 47977 2
96812 54795 1
96812 58307 1
96812 66069 1
96812 69362 1
96812 77212 1
96812 77218 4
96812 78459 2
96812 85904 1
96812 86779 1
96812 87463 1
96812 89801 1
96812 89896 2
96812 90048 1
96812 90602 2
96812 90693 1
96812 91197 1
96812 91355 1
96812 91371 1
96812 93956 4
96812 94590 3
96812 100242 1
96812 101043 1
96812 102620 1
96812 105209 1
96812 107273 1
96812 108610 1
96812 111406 1
96812 114105 1
96812 115932 2
96812 116994 2
96812 123476 1
97662 57517 2
97662 66069 1
97662 72313 1
97662 77218 1
97662 77225 1
97662 78459 1
97662 78476 1
97662 86779 1
97662 87463 1
97662 90602 1
97662 91934 1
97662 93956 1
97662 94590 1
97662 96206 1
97662 101043 1
97662 101063 1
97662 102620 2
97662 105040 1
97662 107273 1
97662 108171 1
97662 111406 2
97662 112229 1
97662 114639 1
97662 116994 1
97662 121254 1
98713 58547 1
98713 64476 1
98713 66069 1
98713 80221 1
98713 85904 1
98713 86322 1
98713 87226 1
98713 89896 1
98713 93956 1
98713 106447 2
98713 124359 1
101043 54795 1
101043 57517 1
101043 58307 1
101043 66069 2
101043 75301 2
101043 77225 1
101043 78476 2
101043 80221 1
101043 85068 2
101043 87463 1
101043 90961 1
101043 91197 1
101043 91371 1
101043 91934 1
101043 94590 1
101043 96206 1
101043 96812 1
101043 97662 1
101043 98426 1
101043 101766 1
101043 108171 2
101043 111406 1
101043 112229 1
101043 114639 2
101043 115792 2
101043 115932 1
101043 116994 1
101043 121254 2
101185 35598 1
101185 38809 1
101185 66069 1
101185 72309 1
101185 74329 1
101185 80155 1
101185 86556 1
101185 87907 1
101185 89831 1
101185 104929 1
101185 118004 1
101766 66069 1
101766 72643 1
101766 73964 1
101766 77225 1
101766 89857 1
101766 101043 1
101766 103492 3
101766 105040 1
101766 105041 1
101766 113293 1
101766 120449 1
105040 57517 1
105040 66069 1
105040 70981 1
105040 72313 1
105040 73964 1
105040 77225 2
105040 85068 1
105040 85822 1
105040 93956 1
105040 97662 1
105040 101063 2
105040 101766 1
105040 102620 1
105040 104863 1
105040 106689 1
105040 108045 1
105040 120449 1
105040 121254 1
106176 65627 1
106176 66069 1
106176 69353 1
106176 90082 1
106176 93892 1
106447 47977 1
106447 58307 1
106447 58547 1
106447 64476 2
106447 66069 1
106447 80221 3
106447 85904 1
106447 86322 1
106447 86564 1
106447 87226 1
106447 89896 1
106447 98713 2
106447 103492 1
106447 107620 1
106447 116100 1
108171 57517 1
108171 64476 1
108171 66069 1
108171 72313 1
108171 75301 1
108171 77212 1
108171 78476 1
108171 85068 1
108171 87463 1
108171 91934 1
108171 96206 1
108171 97662 1
108171 98708 1
108171 101043 2
108171 111406 1
108171 116994 1
108171 121254 1
111406 57517 1
111406 63973 1
111406 64476 1
111406 66069 1
111406 69362 1
111406 70910 1
111406 70940 1
111406 77218 3
111406 77225 1
111406 78459 1
111406 78476 1
111406 80806 2
111406 82113 1
111406 82291 1
111406 85822 1
111406 86779 1
111406 87463 1
111406 88447 1
111406 89375 1
111406 89896 1
111406 90048 3
111406 90602 1
111406 90693 1
111406 91197 1
111406 91934 1
111406 92841 1
111406 93956 3
111406 94590 1
111406 95816 1
111406 96206 2
111406 96812 1
111406 97662 2
111406 101043 1
111406 102620 1
111406 103492 1
111406 104377 1
111406 104863 1
111406 106251 1
111406 107273 1
111406 108171 1
111406 108339 1
111406 108610 1
111406 112229 2
111406 114639 1
111406 115932 2
111406 116994 1
111406 117440 1
111406 121254 1
111406 123476 1
115932 54795 1
115932 66069 1
115932 77218 1
115932 89896 1
115932 90048 1
115932 91197 1
115932 93956 1
115932 94590 1
115932 96812 2
115932 101043 1
115932 102620 1
115932 108610 1
115932 111406 2
115932 114639 2
116994 57517 1
116994 66069 1
116994 69362 1
116994 77218 2
116994 77225 1
116994 78476 1
116994 85822 2
116994 87463 4
116994 91934 1
116994 96206 1
116994 96812 2
116994 97662 1
116994 101043 1
116994 107273 2
116994 108171 1
116994 111406 1
116994 114105 1
116994 115792 1
116994 121254 1
118004 66069 1
118004 74329 1
118004 80155 1
118004 86556 1
118004 87907 1
118004 89831 1
118004 101185 1
120449 66069 1
120449 73964 1
120449 101766 1
120449 105040 1
120449 120450 2
72717 66344 1
72717 75254 1
72717 82134 1
72717 82614 1
72717 89857 1
72717 93115 1
75254 58279 1
75254 66344 1
75254 72717 1
75254 82134 1
75254 82614 1
75254 89857 1
75254 93115 1
82134 66344 1
82134 72717 1
82134 75254 1
82134 82614 1
82134 89857 1
82134 93115 1
82614 66344 1
82614 72717 1
82614 75254 1
82614 82134 1
82614 89857 1
82614 93115 1
89857 66344 1
89857 72643 1
89857 72717 1
89857 75254 1
89857 82134 1
89857 82614 1
89857 93115 1
89857 101766 1
89857 109009 1
93115 66344 1
93115 72717 1
93115 75254 1
93115 82134 1
93115 82614 1
93115 89857 1
43095 46056 1
43095 70910 1
43095 86564 1
44146 69421 1
44146 70910 1
44146 87072 1
44146 87372 1
44146 93308 1
44146 93983 1
44146 94109 1
44146 94752 1
44146 98860 1
44146 106612 1
45750 55586 1
45750 70910 1
45750 83160 1
45750 83660 1
46030 51426 2
46030 65239 1
46030 68971 1
46030 70910 1
46030 92470 1
46056 43095 1
46056 70910 1
46056 86564 1
51426 46030 2
51426 68971 1
51426 70910 1
63973 64476 1
63973 70910 1
63973 70940 1
63973 74683 1
63973 82113 1
63973 82291 2
63973 88447 1
63973 89375 1
63973 90048 1
63973 90693 1
63973 95816 1
63973 104863 1
63973 107273 1
63973 111406 1
63973 112229 1
64476 58279 1
64476 58307 1
64476 63973 1
64476 70910 1
64476 70940 1
64476 78459 1
64476 80221 2
64476 82113 1
64476 82291 1
64476 85904 1
64476 86564 1
64476 88447 1
64476 89375 1
64476 89896 1
64476 90048 1
64476 90693 1
64476 90961 1
64476 93956 1
64476 95816 1
64476 98426 1
64476 98713 1
64476 104863 1
64476 105041 1
64476 106447 2
64476 107273 1
64476 108171 1
64476 111406 1
64476 112229 1
67938 70910 1
67938 117227 1
67938 119185 1
67938 122695 1
69421 44146 1
69421 70910 1
69421 87072 1
69421 87372 1
69421 93308 1
69421 93983 1
69421 94109 1
69421 94752 1
69421 98860 1
69421 106612 1
70940 63973 1
70940 64476 1
70940 70910 1
70940 82113 1
70940 82291 1
70940 88447 1
70940 89375 1
70940 90048 1
70940 90693 1
70940 95816 1
70940 100242 1
70940 104863 1
70940 107273 1
70940 111406 1
70940 112229 1
75301 47977 1
75301 68971 1
75301 69362 1
75301 70910 1
75301 72313 1
75301 77212 2
75301 78459 1
75301 78476 2
75301 80221 1
75301 85068 2
75301 85822 1
75301 88093 1
75301 91371 1
75301 93956 1
75301 95531 1
75301 95816 1
75301 96123 2
75301 101043 2
75301 103492 1
75301 105041 1
75301 107273 1
75301 108171 1
75301 110010 1
75301 121254 1
75301 123476 1
82113 63973 1
82113 64476 1
82113 70910 1
82113 70940 1
82113 82291 1
82113 83647 1
82113 88447 1
82113 89375 1
82113 90048 1
82113 90693 1
82113 92088 1
82113 95816 1
82113 104863 1
82113 107273 1
82113 111406 1
82113 112229 1
82291 63973 2
82291 64476 1
82291 70910 1
82291 70940 1
82291 82113 1
82291 88447 1
82291 89375 1
82291 90048 1
82291 90693 1
82291 95816 1
82291 104863 1
82291 107273 1
82291 111406 1
82291 112229 1
83160 45750 1
83160 70910 1
83160 83660 1
83660 45750 1
83660 70910 1
83660 83160 1
86564 43095 1
86564 46056 1
86564 58307 1
86564 64476 1
86564 70910 1
86564 80221 1
86564 100025 1
86564 106447 1
87072 44146 1
87072 69421 1
87072 70910 1
87072 84963 1
87072 87372 1
87072 93308 1
87072 93983 1
87072 94109 1
87072 94752 1
87072 98860 1
87072 106612 1
87372 44146 1
87372 69421 1
87372 70910 1
87372 87072 1
87372 93308 1
87372 93983 1
87372 94109 1
87372 94752 1
87372 95449 1
87372 98860 1
87372 106612 1
87372 112610 1
87372 116248 1
88447 55420 1
88447 63973 1
88447 64476 1
88447 70910 1
88447 70940 1
88447 72300 1
88447 82113 1
88447 82291 1
88447 89375 1
88447 90048 1
88447 90693 1
88447 95816 1
88447 104863 1
88447 107273 1
88447 111406 1
88447 112229 1
89375 63973 1
89375 64476 1
89375 70910 1
89375 70940 1
89375 82113 1
89375 82291 1
89375 88447 1
89375 90048 1
89375 90693 1
89375 95816 1
89375 104863 1
89375 107273 1
89375 111406 1
89375 112229 1
90048 63973 1
90048 64476 1
90048 70910 1
90048 70940 1
90048 77218 2
90048 82113 1
90048 82291 1
90048 88447 1
90048 89375 1
90048 90602 1
90048 90693 1
90048 93956 1
90048 94590 1
90048 95816 1
90048 96812 1
90048 102620 2
90048 104863 1
90048 106251 1
90048 107273 1
90048 108610 1
90048 111406 3
90048 112229 1
90048 115932 1
90693 47977 1
90693 54795 1
90693 58307 1
90693 63973 1
90693 64476 1
90693 69362 1
90693 70910 1
90693 70940 1
90693 75319 2
90693 77212 1
90693 77218 1
90693 77976 1
90693 82113 1
90693 82291 1
90693 85068 1
90693 86779 1
90693 88447 1
90693 89375 1
90693 90048 1
90693 90602 1
90693 90961 1
90693 91197 1
90693 91355 1
90693 91934 1
90693 92236 1
90693 93956 2
90693 95816 1
90693 96206 1
90693 96812 1
90693 104050 1
90693 104863 1
90693 107273 1
90693 108339 1
90693 110010 1
90693 111406 1
90693 112229 1
90693 123476 1
92386 70910 1
92386 116100 1
93308 44146 1
93308 69421 1
93308 70910 1
93308 87072 1
93308 87372 1
93308 93983 1
93308 94109 1
93308 94752 1
93308 98860 1
93308 106612 1
93983 44146 1
93983 69421 1
93983 70910 1
93983 87072 1
93983 87372 1
93983 93308 1
93983 94109 1
93983 94752 1
93983 98860 1
93983 106612 1
94109 44146 1
94109 69421 1
94109 70910 1
94109 87072 1
94109 87372 1
94109 93308 1
94109 93983 1
94109 94752 1
94109 98860 1
94109 106612 1
94109 113292 1
94349 70910 1
94349 122554 1
94752 44146 1
94752 68707 1
94752 69421 1
94752 70910 1
94752 85233 2
94752 87072 1
94752 87372 1
94752 93308 1
94752 93983 1
94752 94109 1
94752 98860 1
94752 106612 1
95531 70910 1
95531 75301 1
95531 80806 1
95531 93956 1
95531 103492 1
95531 123476 1
95816 63973 1
95816 64476 1
95816 70910 1
95816 70940 1
95816 72313 1
95816 75301 1
95816 77212 1
95816 82113 1
95816 82291 1
95816 88447 1
95816 89375 1
95816 90048 1
95816 90693 1
95816 96123 1
95816 103492 1
95816 104377 1
95816 104863 1
95816 107273 1
95816 111406 1
95816 112229 1
95816 123476 1
95935 70910 1
98860 44146 1
98860 69421 1
98860 70910 1
98860 87072 1
98860 87372 1
98860 93308 1
98860 93983 1
98860 94109 1
98860 94752 1
98860 105151 1
98860 106612 1
104863 63973 1
104863 64476 1
104863 70910 1
104863 70940 1
104863 72313 2
104863 77225 2
104863 80221 1
104863 82113 1
104863 82291 1
104863 85904 1
104863 86779 1
104863 88447 1
104863 89375 1
104863 90048 1
104863 90693 1
104863 95816 1
104863 105040 1
104863 107273 2
104863 108045 1
104863 111406 1
104863 112229 1
104863 115792 1
104863 121254 1
106612 44146 1
106612 69421 1
106612 70910 1
106612 87072 1
106612 87372 1
106612 93308 1
106612 93983 1
106612 94109 1
106612 94752 1
106612 98860 1
106612 107490 1
106737 70910 1
106737 74329 1
106737 108051 1
107273 63973 1
107273 64476 1
107273 68971 1
107273 69362 1
107273 70910 1
107273 70940 1
107273 75301 1
107273 77225 1
107273 78476 1
107273 80221 1
107273 82113 1
107273 82291 1
107273 85068 1
107273 85822 2
107273 87463 1
107273 88447 1
107273 89375 1
107273 90048 1
107273 90693 1
107273 91371 1
107273 95816 1
107273 96812 1
107273 97662 1
107273 104863 2
107273 105041 2
107273 110010 1
107273 111406 1
107273 112229 1
107273 115792 1
107273 116994 2
107273 121254 1
112229 47977 1
112229 57517 1
112229 58307 1
112229 63973 1
112229 64476 1
112229 70910 1
112229 70940 1
112229 77225 1
112229 78459 1
112229 82113 1
112229 82291 1
112229 85904 1
112229 86779 1
112229 88447 1
112229 89375 1
112229 90048 1
112229 90602 3
112229 90693 1
112229 91197 2
112229 91355 1
112229 91371 1
112229 95774 1
112229 95816 1
112229 97662 1
112229 101043 1
112229 101063 2
112229 103492 1
112229 104050 1
112229 104863 1
112229 106251 1
112229 107273 1
112229 108045 1
112229 110010 1
112229 110614 1
112229 111406 2
116100 70910 2
116100 92386 1
116100 106447 1
116100 114105 1
117227 67938 1
117227 70910 1
117227 107854 1
117228 70910 1
117228 122868 1
119185 67938 1
119185 70910 1
119185 122695 1
122554 70910 1
122554 70916 1
122554 94349 1
122554 122556 1
122868 70910 1
122868 117228 1
38809 47582 1
38809 57159 1
38809 60265 1
38809 61660 1
38809 67636 1
38809 74683 1
38809 74826 1
38809 79967 1
38809 86859 1
38809 88179 1
38809 95150 1
38809 101185 1
38809 106413 1
38809 111914 1
38809 112036 1
47582 38809 1
47582 57159 1
47582 60265 1
47582 61660 1
47582 67636 1
47582 74683 1
47582 74826 1
47582 79967 1
47582 86859 1
47582 88179 1
47582 95150 1
47582 106413 1
47582 111914 1
47582 112036 1
55420 68971 1
55420 72882 1
55420 74826 1
55420 83596 1
55420 88447 1
55420 92046 1
55420 98708 1
55451 74826 1
57159 38809 1
57159 47582 1
57159 60265 1
57159 61660 1
57159 67636 1
57159 74683 1
57159 74826 1
57159 79967 1
57159 86859 1
57159 88179 1
57159 95150 1
57159 106413 1
57159 111914 1
57159 112036 1
58414 74826 1
58414 112097 1
58414 114284 1
60265 38809 1
60265 47582 1
60265 51333 1
60265 57159 1
60265 61660 1
60265 67636 1
60265 74683 1
60265 74826 1
60265 79967 1
60265 86859 1
60265 88179 1
60265 95150 1
60265 105209 1
60265 106413 1
60265 111914 1
60265 112036 1
61660 38809 1
61660 47582 1
61660 57159 1
61660 60265 1
61660 67636 1
61660 74683 1
61660 74826 1
61660 79967 1
61660 86859 1
61660 87907 1
61660 88179 1
61660 95150 1
61660 106413 1
61660 111914 1
61660 112036 1
67636 38809 1
67636 47582 1
67636 57159 1
67636 60265 1
67636 61660 1
67636 74683 1
67636 74826 1
67636 79967 1
67636 81490 1
67636 84927 1
67636 86859 1
67636 88179 1
67636 91834 1
67636 95150 1
67636 106413 1
67636 111914 1
67636 112036 1
67636 113293 1
68087 74826 1
68087 102278 1
68136 74826 1
68136 84927 1
68136 86221 1
68136 89267 1
68136 106790 1
68136 108051 1
68136 114814 1
68136 114815 1
68136 127444 1
72882 55420 1
72882 64372 1
72882 74826 1
72882 77218 1
72882 87907 1
72882 92046 1
72882 98708 1
74683 38809 1
74683 47582 1
74683 57159 1
74683 60265 1
74683 61660 1
74683 63973 1
74683 67636 1
74683 74826 1
74683 79967 1
74683 86859 1
74683 88179 1
74683 95150 1
74683 106413 1
74683 111914 1
74683 112036 1
79967 38809 1
79967 47582 1
79967 57159 1
79967 60265 1
79967 61660 1
79967 67636 1
79967 74683 1
79967 74826 1
79967 86859 1
79967 88179 1
79967 95150 1
79967 106413 1
79967 111914 1
79967 112036 1
84927 67636 1
84927 68136 1
84927 69353 1
84927 74826 1
84927 75319 1
84927 77218 1
84927 84928 1
84927 86221 1
84927 89267 1
84927 106790 1
84927 114814 1
84927 114815 1
84927 127444 1
84928 74826 1
84928 84927 1
84928 110713 1
86221 68136 1
86221 74826 1
86221 84927 1
86221 89267 1
86221 106790 1
86221 114814 1
86221 114815 1
86221 127444 1
86859 38809 1
86859 47582 1
86859 57159 1
86859 60265 1
86859 61660 1
86859 67636 1
86859 74683 1
86859 74826 1
86859 79967 1
86859 88179 1
86859 95150 1
86859 106413 1
86859 111914 1
86859 112036 1
88179 38809 1
88179 47582 1
88179 57159 1
88179 60265 1
88179 61660 1
88179 67636 1
88179 74683 1
88179 74826 1
88179 79967 1
88179 86859 1
88179 95150 1
88179 106413 1
88179 111914 1
88179 112036 1
89267 68136 1
89267 74826 1
89267 84927 1
89267 86221 1
89267 106790 1
89267 114814 1
89267 114815 3
89267 127444 1
92046 55420 1
92046 69270 1
92046 72882 1
92046 74826 1
92046 86322 1
92046 98708 1
95150 38809 1
95150 47582 1
95150 57159 1
95150 60265 1
95150 61660 1
95150 67636 1
95150 74683 1
95150 74826 1
95150 79967 1
95150 86859 1
95150 88179 1
95150 102278 1
95150 106413 1
95150 111914 1
95150 112036 1
98531 74826 1
98531 95774 1
98531 107272 1
98708 55420 1
98708 72882 1
98708 74826 1
98708 92046 1
98708 108171 1
101381 74826 1
101381 119238 1
102278 68087 1
102278 74826 1
102278 95150 1
106413 38809 1
106413 47582 1
106413 57159 1
106413 60265 1
106413 61660 1
106413 67636 1
106413 74683 1
106413 74826 1
106413 79967 1
106413 86859 1
106413 88179 1
106413 95150 1
106413 111914 1
106413 112036 1
106790 68136 1
106790 74826 1
106790 84927 1
106790 86221 1
106790 89267 1
106790 101541 1
106790 114814 1
106790 114815 1
106790 127444 1
107272 74826 1
107272 98531 1
107854 74826 1
107854 117227 1
107854 122695 2
110713 74826 1
110713 84928 1
110713 116709 1
111914 38809 1
111914 47582 1
111914 57159 1
111914 60265 1
111914 61660 1
111914 67636 1
111914 74683 1
111914 74826 1
111914 79967 1
111914 86859 1
111914 88179 1
111914 95150 1
111914 106413 1
111914 112036 1
112036 38809 1
112036 47582 1
112036 57159 1
112036 60265 1
112036 61660 1
112036 67636 1
112036 74683 1
112036 74826 1
112036 79967 1
112036 86859 1
112036 88179 1
112036 92343 1
112036 95150 1
112036 106413 1
112036 111914 1
112097 58414 1
112097 74826 1
114814 68136 1
114814 74826 1
114814 84927 1
114814 86221 1
114814 89267 1
114814 106790 1
114814 108383 1
114814 114815 1
114814 127444 1
114815 68136 1
114815 74826 1
114815 84927 1
114815 86221 1
114815 89267 3
114815 106790 1
114815 114814 1
114815 127444 1
119109 74826 1
119238 74826 1
119238 101381 1
122695 67938 1
122695 74826 1
122695 107854 2
122695 119185 1
122695 122849 1
127444 68136 1
127444 74826 1
127444 84927 1
127444 86221 1
127444 89267 1
127444 101541 1
127444 106790 1
127444 114814 1
127444 114815 1
93325 76763 1
93325 103941 1
45726 78413 1
45726 86779 1
45726 89896 1
45726 98426 1
45726 99118 2
47977 57033 1
47977 58307 2
47977 63492 1
47977 69362 1
47977 72313 1
47977 75301 1
47977 75319 1
47977 77212 1
47977 77218 1
47977 78413 1
47977 85068 1
47977 85904 1
47977 87722 1
47977 88093 2
47977 89896 1
47977 90602 2
47977 90693 1
47977 90961 1
47977 91197 1
47977 93956 4
47977 95774 1
47977 96206 1
47977 96812 2
47977 98426 1
47977 101063 1
47977 103492 1
47977 104050 3
47977 106447 1
47977 108045 1
47977 108339 2
47977 110614 1
47977 112229 1
47977 112903 1
47977 123476 1
57033 47977 1
57033 52700 1
57033 63492 1
57033 77212 1
57033 78413 1
57033 87722 1
57033 90602 1
57033 93956 1
57033 98426 2
57033 104050 1
63492 47977 1
63492 57033 1
63492 77212 2
63492 78413 1
63492 87722 1
63492 88093 1
63492 90602 1
63492 93956 1
63492 98426 2
63492 104050 1
69270 70981 1
69270 78413 1
69270 88512 1
69270 89865 1
69270 92046 1
69270 92175 1
69270 100408 1
69270 110245 1
70981 69270 1
70981 72309 1
70981 78413 1
70981 88512 1
70981 92175 1
70981 100408 1
70981 105040 1
70981 110245 1
74221 75261 1
74221 78413 1
74221 78476 1
74221 88093 1
74221 100242 1
74221 110010 1
77212 47977 1
77212 57033 1
77212 63492 2
77212 72313 1
77212 75301 2
77212 75319 1
77212 77218 1
77212 77976 1
77212 78413 1
77212 78459 1
77212 87722 1
77212 88093 1
77212 90602 4
77212 90693 1
77212 91197 1
77212 91355 2
77212 91371 1
77212 91934 1
77212 92236 1
77212 93956 2
77212 94590 2
77212 95816 1
77212 96123 2
77212 96812 1
77212 98426 2
77212 102620 2
77212 103492 1
77212 104050 1
77212 108051 1
77212 108171 1
77212 108339 1
77212 108610 1
77212 114146 1
77212 123476 1
86779 45726 1
86779 54795 1
86779 58307 1
86779 72313 1
86779 77225 2
86779 78413 1
86779 78459 2
86779 85904 2
86779 89896 1
86779 90602 1
86779 90693 1
86779 96812 1
86779 97662 1
86779 98426 1
86779 104377 1
86779 104863 1
86779 111406 1
86779 112229 1
88093 47977 2
88093 63492 1
88093 69362 1
88093 72313 1
88093 74221 1
88093 75261 1
88093 75301 1
88093 75319 1
88093 77212 1
88093 78413 1
88093 78476 1
88093 98426 1
88093 100242 1
88093 110010 1
88093 111489 1
88093 111490 1
88093 115792 1
89896 45726 1
89896 47977 1
89896 64476 1
89896 77218 2
89896 78413 1
89896 80221 1
89896 85904 1
89896 86779 1
89896 90602 1
89896 93956 2
89896 94590 1
89896 96206 1
89896 96812 2
89896 98426 1
89896 98713 1
89896 102620 1
89896 106447 1
89896 111406 1
89896 114105 1
89896 115932 1
90602 47977 2
90602 57033 1
90602 58307 1
90602 63492 1
90602 75319 1
90602 77212 4
90602 77218 2
90602 77225 1
90602 77976 1
90602 78413 1
90602 78459 2
90602 85904 1
90602 86779 1
90602 87722 1
90602 89896 1
90602 90048 1
90602 90693 1
90602 91197 3
90602 91355 3
90602 91371 1
90602 91934 1
90602 92236 1
90602 93956 3
90602 94590 3
90602 95774 1
90602 96812 2
90602 97662 1
90602 98426 1
90602 101063 1
90602 103492 2
90602 104050 2
90602 106251 1
90602 108045 1
90602 108339 1
90602 108610 1
90602 110614 1
90602 111406 1
90602 112229 3
92088 78413 1
92088 82113 1
92088 104929 1
92175 69270 1
92175 70981 1
92175 78413 1
92175 88512 1
92175 100408 1
92175 110245 1
92175 111489 1
92175 111490 1
93956 47977 4
93956 57033 1
93956 63492 1
93956 64476 1
93956 75301 1
93956 75319 3
93956 77212 2
93956 77218 4
93956 77225 1
93956 77976 2
93956 78413 1
93956 78459 3
93956 85068 1
93956 85822 1
93956 87722 1
93956 89896 2
93956 90048 1
93956 90602 3
93956 90693 2
93956 90961 1
93956 91197 1
93956 91355 1
93956 91934 1
93956 92236 3
93956 94590 1
93956 95531 1
93956 96812 4
93956 97662 1
93956 98426 2
93956 98713 1
93956 100242 2
93956 101063 1
93956 102620 1
93956 104050 3
93956 104377 1
93956 105040 1
93956 105041 2
93956 108339 3
93956 108610 1
93956 111406 3
93956 115932 1
93956 123476 1
98426 45726 1
98426 47977 1
98426 57033 2
98426 63492 2
98426 64476 1
98426 68971 1
98426 77212 2
98426 78413 2
98426 78459 1
98426 85068 1
98426 86779 1
98426 87722 1
98426 88093 1
98426 89896 1
98426 90602 1
98426 93956 2
98426 101043 1
98426 104050 1
98426 105041 1
98426 114639 1
100242 70940 1
100242 74221 1
100242 75261 1
100242 78413 1
100242 78476 1
100242 88093 1
100242 93956 2
100242 96123 1
100242 96812 1
100242 103492 1
100242 104050 1
100242 104377 1
100242 105041 1
100242 108339 1
100242 110010 1
100408 69270 1
100408 70981 1
100408 78413 1
100408 88512 1
100408 92175 1
100408 110245 1
104050 47977 3
104050 57033 1
104050 58307 1
104050 63492 1
104050 75319 1
104050 77212 1
104050 78413 1
104050 85904 1
104050 87722 1
104050 90602 2
104050 90693 1
104050 90961 1
104050 91197 1
104050 93956 3
104050 95774 1
104050 98426 1
104050 100242 1
104050 101063 1
104050 103492 1
104050 104377 1
104050 105041 1
104050 108045 1
104050 108339 1
104050 110614 1
104050 112229 1
104050 123476 1
104929 51333 1
104929 78413 1
104929 92088 1
104929 101185 1
110245 69270 1
110245 70981 1
110245 78413 1
110245 88512 1
110245 92175 1
110245 100408 1
48121 78476 1
55488 78476 1
58307 47977 2
58307 64476 1
58307 69362 1
58307 77225 1
58307 78459 1
58307 78476 1
58307 80221 3
58307 85904 2
58307 86322 1
58307 86564 1
58307 86779 1
58307 90602 1
58307 90693 1
58307 90961 2
58307 91197 1
58307 94590 1
58307 95774 1
58307 96812 1
58307 97790 1
58307 101043 1
58307 101063 1
58307 101961 2
58307 103492 1
58307 104050 1
58307 106447 1
58307 108045 1
58307 108339 1
58307 110010 1
58307 110614 1
58307 112229 1
58307 114639 1
58307 121254 1
64309 78476 1
64309 83647 1
64309 92160 2
64309 95031 1
64309 112795 1
68971 46030 1
68971 51426 1
68971 55420 1
68971 75301 1
68971 78476 1
68971 80221 1
68971 85068 1
68971 85822 1
68971 91371 1
68971 98426 1
68971 105041 1
68971 107273 1
68971 110010 1
68971 121254 1
80221 57517 1
80221 58307 3
80221 64476 2
80221 68971 1
80221 72313 1
80221 75301 1
80221 75319 1
80221 77225 1
80221 78476 2
80221 85068 1
80221 85822 1
80221 85904 1
80221 86564 1
80221 89896 1
80221 90961 2
80221 91371 2
80221 94590 1
80221 96206 1
80221 98713 1
80221 101043 1
80221 103492 2
80221 104863 1
80221 105041 1
80221 106447 3
80221 107273 1
80221 108339 1
80221 110010 2
80221 115792 1
80221 121254 2
82740 78476 1
83647 64309 1
83647 78476 1
83647 82113 1
83647 92160 2
83647 95031 1
83647 112795 1
85068 47977 1
85068 65237 1
85068 68971 1
85068 75301 2
85068 77225 1
85068 78476 1
85068 80221 1
85068 85822 2
85068 90693 1
85068 91371 1
85068 93956 1
85068 96206 1
85068 98426 1
85068 101043 2
85068 101063 1
85068 105040 1
85068 105041 1
85068 107273 1
85068 108171 1
85068 109152 1
85068 110010 1
85068 114639 1
85068 121254 1
85904 47977 1
85904 58307 2
85904 64476 1
85904 72313 1
85904 77225 1
85904 78459 1
85904 78476 1
85904 80221 1
85904 86779 2
85904 89896 1
85904 90602 1
85904 91197 1
85904 95774 1
85904 96812 1
85904 98713 1
85904 101063 1
85904 103492 1
85904 104050 1
85904 104377 1
85904 104863 1
85904 106447 1
85904 108045 1
85904 110614 1
85904 112229 1
90961 47977 1
90961 58307 2
90961 63540 1
90961 64476 1
90961 75319 1
90961 77225 1
90961 78476 1
90961 80221 2
90961 90693 1
90961 93956 1
90961 94590 1
90961 101043 1
90961 104050 1
90961 108339 1
90961 110010 1
90961 121254 2
90961 123476 1
92160 64309 2
92160 78476 1
92160 83647 2
92160 95031 1
92160 112795 1
93116 78476 1
93116 101541 1
95031 64309 1
95031 78476 1
95031 83647 1
95031 92160 1
95031 114639 1
95752 78476 1
95752 114390 1
101541 78476 1
101541 93116 1
101541 106790 1
101541 111489 1
101541 116244 1
101541 127444 1
104377 69362 1
104377 72313 1
104377 78476 1
104377 80806 1
104377 85904 1
104377 86779 1
104377 91197 1
104377 93956 1
104377 95816 1
104377 100242 1
104377 103492 1
104377 104050 1
104377 105041 1
104377 108339 1
104377 111406 1
104377 123476 1
108339 47977 2
108339 58307 1
108339 75261 1
108339 75319 1
108339 77212 1
108339 77218 1
108339 77976 1
108339 78476 1
108339 80221 1
108339 80806 1
108339 90602 1
108339 90693 1
108339 90961 1
108339 91197 1
108339 91355 1
108339 91934 1
108339 92236 1
108339 93956 3
108339 94590 1
108339 96206 1
108339 100242 1
108339 104050 1
108339 104377 1
108339 105041 1
108339 108610 1
108339 110010 1
108339 110614 1
108339 111406 1
108339 114639 1
112795 64309 1
112795 78476 1
112795 83647 1
112795 92160 1
114390 78476 1
114390 95752 1
32083 73557 1
32083 83596 1
32083 84062 1
32083 114343 1
35598 65237 2
35598 70894 1
35598 84062 1
35598 96772 1
35598 101185 1
35598 102043 1
35598 103913 1
45649 72300 1
45649 84062 1
45649 102043 1
45649 105591 1
45649 107739 1
45649 107741 1
45649 108383 1
45649 115769 1
50352 57663 1
50352 78096 1
50352 84062 1
50352 108869 1
50354 84062 1
50354 95423 1
50354 97733 1
51464 78275 1
51464 84062 1
51464 92343 2
51464 98928 1
51464 107490 1
57663 50352 1
57663 68707 1
57663 78096 1
57663 84062 1
57663 93784 1
57663 108869 1
57663 111155 1
57663 112423 1
64372 72882 1
64372 84062 1
64372 111489 1
64372 111588 1
65237 35598 2
65237 84062 1
65237 85068 1
65237 96772 1
65237 97733 1
65237 103913 1
70477 72309 1
70477 84062 1
72300 45649 1
72300 84062 1
72300 88447 1
72300 102043 1
72300 105591 1
72300 107739 1
72300 107741 1
72300 108383 1
72300 115769 1
72309 70477 1
72309 70981 1
72309 84062 1
72309 101185 1
73557 32083 1
73557 75277 1
73557 83596 1
73557 84062 1
78096 50352 1
78096 57663 1
78096 81490 1
78096 84044 1
78096 84062 1
78096 108869 1
78275 51464 1
78275 84062 1
78275 92343 1
78275 98928 1
78275 107490 1
81490 61279 1
81490 67636 1
81490 78096 1
81490 84044 1
81490 84062 1
81490 89110 1
81490 114125 1
83596 32083 1
83596 55420 1
83596 73557 1
83596 84062 1
89110 81490 1
89110 84062 1
89110 114125 1
92343 51464 2
92343 78275 1
92343 84062 1
92343 92341 1
92343 98928 1
92343 107490 1
92343 112036 1
95423 47962 1
95423 50354 1
95423 84062 1
95423 97733 1
95423 105641 1
96772 35598 1
96772 65237 1
96772 84062 1
96772 84542 1
96772 103913 1
96772 108869 1
96772 116244 1
97733 50354 1
97733 65237 1
97733 84062 1
97733 95423 1
97733 98928 1
98928 51464 1
98928 78275 1
98928 84062 1
98928 92343 1
98928 97733 1
98928 107490 1
102043 35598 1
102043 45649 1
102043 72300 1
102043 84062 1
102043 105591 2
102043 107739 1
102043 107741 1
102043 108383 1
102043 115769 1
103913 35598 1
103913 65237 1
103913 84062 1
103913 96772 1
105209 60265 1
105209 84062 1
105209 87907 1
105209 96812 1
105209 126051 1
105591 45649 1
105591 72300 1
105591 84062 1
105591 102043 2
105591 107739 1
105591 107741 1
105591 108383 1
105591 115769 1
107490 51464 1
107490 78275 1
107490 84062 1
107490 92343 1
107490 95405 1
107490 98928 1
107490 106612 1
107739 45649 1
107739 72300 1
107739 84062 1
107739 102043 1
107739 105591 1
107739 107741 2
107739 108383 1
107739 115769 1
107741 45649 1
107741 72300 1
107741 84062 1
107741 102043 1
107741 105591 1
107741 107739 2
107741 108383 1
107741 115769 1
108383 45649 1
108383 72300 1
108383 84062 1
108383 102043 1
108383 105591 1
108383 107739 1
108383 107741 1
108383 114814 1
108383 115769 1
108869 50352 1
108869 57663 1
108869 78096 1
108869 84062 1
108869 96772 1
111588 64372 1
111588 84062 1
114125 81490 1
114125 84062 1
114125 89110 1
114125 114639 1
114125 117560 1
114125 124432 1
115769 45649 1
115769 72300 1
115769 84062 1
115769 102043 1
115769 105591 1
115769 107739 1
115769 107741 1
115769 108383 1
126051 84062 1
126051 105209 1
126051 126052 1
61499 67176 1
61499 86830 1
61499 97796 1
61499 101961 1
61499 107657 1
61499 107658 1
61499 107659 1
61499 112423 1
86824 86829 1
86824 86830 1
86824 99118 1
86824 101032 1
86824 103858 1
86824 103941 1
86824 108485 1
86824 112610 1
86824 113169 1
86824 114343 1
86824 118466 1
86824 126897 1
86829 86824 1
86829 86830 1
86829 99118 1
86829 101032 1
86829 103858 1
86829 103941 1
86829 108485 1
86829 112610 1
86829 113169 1
86829 114343 1
86829 118466 1
86829 126897 1
86868 86830 1
86868 110746 1
86868 111369 1
86868 111383 1
86868 112577 1
86868 114343 1
86868 117847 2
86868 117850 1
86868 117851 1
97796 61499 1
97796 86830 1
97796 93784 1
97796 101961 1
97796 102530 1
97796 107657 1
97796 107658 1
97796 107659 1
97796 112423 1
99117 86830 1
99117 99118 1
99117 108485 2
99118 45726 2
99118 86824 1
99118 86829 1
99118 86830 2
99118 99117 1
99118 101032 1
99118 103858 1
99118 103941 1
99118 108485 3
99118 112610 1
99118 113169 1
99118 114343 1
99118 118466 1
99118 126897 1
101032 56394 1
101032 63913 1
101032 86824 1
101032 86829 1
101032 86830 1
101032 99118 1
101032 103858 1
101032 103941 1
101032 105265 2
101032 108485 1
101032 112610 1
101032 113169 1
101032 114343 1
101032 118466 1
101032 119899 1
101032 126897 1
101961 58307 2
101961 61499 1
101961 86830 1
101961 97790 1
101961 97796 1
101961 105641 1
101961 107657 1
101961 107658 1
101961 107659 1
101961 112423 1
103858 53577 1
103858 72498 1
103858 86824 1
103858 86829 1
103858 86830 1
103858 95449 1
103858 99118 1
103858 101032 1
103858 103941 1
103858 105557 1
103858 108485 1
103858 112577 1
103858 112610 1
103858 113169 1
103858 114343 1
103858 118466 1
103858 126897 1
103941 81735 1
103941 86824 1
103941 86829 1
103941 86830 1
103941 93325 1
103941 97576 1
103941 97805 1
103941 99118 1
103941 100339 1
103941 101032 1
103941 103858 1
103941 105559 1
103941 108485 1
103941 112610 1
103941 113169 1
103941 114343 2
103941 118466 1
103941 120769 1
103941 126897 1
105265 55017 1
105265 86830 2
105265 95798 1
105265 97254 1
105265 101032 2
105265 111369 1
105265 114343 1
105265 117847 2
105265 117850 1
105265 119899 1
105559 86830 1
105559 97576 1
105559 100339 1
105559 103941 1
105559 110702 1
105559 116850 1
107657 61499 1
107657 86830 1
107657 97796 1
107657 101961 1
107657 107658 1
107657 107659 1
107657 112423 1
107658 61499 1
107658 86830 1
107658 97796 1
107658 101961 1
107658 107657 1
107658 107659 1
107658 112423 1
107659 61499 1
107659 86830 1
107659 96460 1
107659 97576 1
107659 97796 1
107659 101961 1
107659 107657 1
107659 107658 1
107659 112423 1
108485 86824 1
108485 86829 1
108485 86830 2
108485 95798 1
108485 99117 2
108485 99118 3
108485 101032 1
108485 103858 1
108485 103941 1
108485 112610 1
108485 113169 1
108485 114343 2
108485 117847 1
108485 118466 1
108485 121350 1
108485 126897 1
110702 86830 1
110702 105559 1
110702 116248 1
110702 116850 2
111369 86830 1
111369 86868 1
111369 95798 1
111369 105265 1
111369 114343 1
111369 117847 2
111383 86830 1
111383 86868 1
111383 114343 1
111383 117847 1
111383 117850 1
111383 117851 1
112423 57663 1
112423 61499 1
112423 67788 1
112423 86830 1
112423 95449 1
112423 97796 1
112423 101961 1
112423 107657 1
112423 107658 1
112423 107659 1
112610 56766 1
112610 78261 1
112610 86824 1
112610 86829 1
112610 86830 1
112610 87372 1
112610 94357 1
112610 97805 1
112610 99118 1
112610 101032 1
112610 103858 1
112610 103941 1
112610 107541 1
112610 108485 1
112610 113169 1
112610 114343 1
112610 118466 1
112610 119011 1
112610 126897 1
113169 86824 1
113169 86829 1
113169 86830 1
113169 99118 1
113169 100349 1
113169 101032 1
113169 103858 1
113169 103941 1
113169 108485 1
113169 112610 1
113169 114343 1
113169 118466 1
113169 126897 1
114343 32083 1
114343 86824 1
114343 86829 1
114343 86830 4
114343 86868 1
114343 95798 1
114343 99118 1
114343 101032 1
114343 103858 1
114343 103941 2
114343 105265 1
114343 108396 1
114343 108485 2
114343 111369 1
114343 111383 1
114343 112610 1
114343 113169 1
114343 117847 1
114343 117850 1
114343 117851 1
114343 118466 1
114343 118969 1
114343 119467 1
114343 119899 1
114343 126897 1
116850 86830 1
116850 105557 1
116850 105559 1
116850 110702 2
117847 68084 1
117847 85084 1
117847 86830 3
117847 86868 2
117847 105265 2
117847 108485 1
117847 111369 2
117847 111383 1
117847 114343 1
117847 117850 1
117847 117851 1
117847 127607 1
117850 83141 1
117850 86830 1
117850 86868 1
117850 105265 1
117850 111383 1
117850 114343 1
117850 117847 1
117850 117851 1
117851 86830 1
117851 86868 1
117851 111383 1
117851 114343 1
117851 117847 1
117851 117850 1
118466 86824 1
118466 86829 1
118466 86830 1
118466 99118 1
118466 101032 1
118466 103858 1
118466 103941 1
118466 108485 1
118466 112610 1
118466 113169 1
118466 114343 1
118466 126897 1
126897 86824 1
126897 86829 1
126897 86830 1
126897 99118 1
126897 101032 1
126897 103858 1
126897 103941 1
126897 108485 1
126897 112610 1
126897 113169 1
126897 114343 1
126897 118466 1
52358 82190 1
52358 88343 1
52358 89865 1
52358 114655 1
82190 52358 1
82190 88343 1
82190 89865 1
82190 114655 2
89865 52358 1
89865 69270 1
89865 82190 1
89865 88343 1
89865 114655 1
105641 47962 1
105641 78261 1
105641 88343 1
105641 95423 1
105641 101961 1
114655 52358 1
114655 82190 2
114655 88343 1
114655 89865 1
114655 90082 1
47962 53732 1
47962 85765 1
47962 87465 1
47962 88896 1
47962 91197 1
47962 95423 1
47962 105641 1
52870 75277 1
52870 84044 1
52870 91197 1
52870 111489 1
52870 111490 1
53732 35772 1
53732 47962 1
53732 85765 1
53732 87465 1
53732 88896 1
53732 91197 1
69362 47977 1
69362 58307 1
69362 72313 1
69362 75301 1
69362 80806 1
69362 88093 1
69362 90693 1
69362 91197 1
69362 96812 1
69362 103492 2
69362 104377 1
69362 107273 1
69362 108045 1
69362 111406 1
69362 114639 1
69362 116994 1
69362 123476 2
75277 52870 1
75277 73557 1
75277 84044 1
75277 91197 1
75277 111489 1
75277 111490 1
75319 29730 1
75319 47977 1
75319 57517 1
75319 72313 1
75319 77212 1
75319 77218 1
75319 77976 1
75319 80221 1
75319 84927 1
75319 88093 1
75319 90602 1
75319 90693 2
75319 90961 1
75319 91197 1
75319 91355 1
75319 91934 1
75319 92236 1
75319 93956 3
75319 94590 1
75319 104050 1
75319 108339 1
75319 123476 1
77218 47977 1
77218 72313 1
77218 72882 1
77218 75319 1
77218 77212 1
77218 77976 1
77218 84927 1
77218 87463 2
77218 89896 2
77218 90048 2
77218 90602 2
77218 90693 1
77218 91197 1
77218 91355 2
77218 91934 2
77218 92236 1
77218 93956 4
77218 94590 1
77218 96812 4
77218 97662 1
77218 102620 1
77218 108339 1
77218 111406 3
77218 114105 1
77218 114639 1
77218 115792 1
77218 115932 1
77218 116994 2
77976 69389 1
77976 75319 1
77976 77212 1
77976 77218 1
77976 90602 1
77976 90693 1
77976 91197 2
77976 91355 1
77976 91934 1
77976 92236 1
77976 93956 2
77976 108339 1
77976 123485 1
80806 69362 1
80806 75261 1
80806 78258 1
80806 85822 1
80806 91197 1
80806 95531 1
80806 103492 1
80806 104377 1
80806 106251 1
80806 108339 1
80806 108610 1
80806 111406 2
80806 114639 1
80806 123476 2
84044 52870 1
84044 75277 1
84044 78096 1
84044 81490 1
84044 91197 1
84044 111489 1
84044 111490 1
84542 91197 1
84542 96772 1
85765 47962 1
85765 53732 1
85765 87465 1
85765 88896 1
85765 91197 1
85765 126918 1
87465 47962 1
87465 53732 1
87465 85765 1
87465 88896 1
87465 91197 1
88896 47962 1
88896 53732 1
88896 85765 1
88896 87465 1
88896 91197 1
91355 75319 1
91355 77212 2
91355 77218 2
91355 77976 1
91355 90602 3
91355 90693 1
91355 91197 1
91355 91371 1
91355 91934 2
91355 92236 1
91355 93956 1
91355 94590 2
91355 96812 1
91355 101063 1
91355 106251 1
91355 108339 1
91355 108610 2
91355 112229 1
92841 91197 1
92841 107382 1
92841 111406 1
92841 114639 1
92841 116244 1
95774 47977 1
95774 58307 1
95774 73964 1
95774 85904 1
95774 90602 1
95774 91197 1
95774 98531 1
95774 101063 1
95774 103492 1
95774 104050 1
95774 108045 1
95774 110614 1
95774 112229 1
96123 75301 2
96123 77212 2
96123 78459 1
96123 91197 1
96123 95816 1
96123 100242 1
96123 103492 1
96123 107878 1
96123 114639 1
96123 123476 1
102620 77212 2
102620 77218 1
102620 87463 1
102620 89896 1
102620 90048 2
102620 91197 1
102620 93956 1
102620 96812 1
102620 97662 2
102620 101063 1
102620 105040 1
102620 109316 1
102620 111406 1
102620 112152 1
102620 114105 1
102620 114639 1
102620 115932 1
103492 47977 1
103492 58307 1
103492 69362 2
103492 72313 1
103492 75301 1
103492 77212 1
103492 77225 1
103492 80221 2
103492 80806 1
103492 85904 1
103492 90602 2
103492 91197 2
103492 95531 1
103492 95774 1
103492 95816 1
103492 96123 1
103492 100242 1
103492 101063 1
103492 101766 3
103492 104050 1
103492 104377 1
103492 105041 1
103492 106447 1
103492 108045 1
103492 110614 1
103492 111406 1
103492 112229 1
103492 123476 2
106251 57517 1
106251 80806 1
106251 90048 1
106251 90602 1
106251 91197 1
106251 91355 1
106251 91934 1
106251 110010 1
106251 111406 1
106251 112229 1
107382 91197 1
107382 92841 1
107382 116244 1
107878 91197 1
107878 96123 1
107878 114639 1
108045 47977 1
108045 58307 1
108045 69362 1
108045 77225 1
108045 85904 1
108045 90602 1
108045 91197 1
108045 95774 1
108045 101063 1
108045 103492 1
108045 104050 1
108045 104863 1
108045 105040 1
108045 110614 1
108045 112229 1
108045 114639 1
108045 121254 1
109316 91197 1
109316 102620 1
109316 112152 1
109316 114105 1
110614 47977 1
110614 58307 1
110614 85904 1
110614 90602 1
110614 91197 1
110614 95774 1
110614 101063 1
110614 103492 1
110614 104050 1
110614 108045 1
110614 108339 1
110614 112229 1
111489 52870 1
111489 64372 1
111489 75277 1
111489 84044 1
111489 88093 1
111489 91197 1
111489 92175 1
111489 101541 1
111489 111490 3
111490 52870 1
111490 75277 1
111490 84044 1
111490 88093 1
111490 91197 1
111490 92175 1
111490 111489 3
112152 91197 1
112152 102620 1
112152 109316 1
112152 114105 1
114105 73964 1
114105 77218 1
114105 87463 1
114105 89896 1
114105 91197 1
114105 96206 1
114105 96812 1
114105 102620 1
114105 109316 1
114105 112152 1
114105 114639 1
114105 116100 1
114105 116994 1
114639 57517 1
114639 58307 1
114639 69362 1
114639 75261 1
114639 77218 1
114639 80806 1
114639 85068 1
114639 87463 1
114639 91197 1
114639 91934 1
114639 92841 1
114639 95031 1
114639 96123 1
114639 97662 1
114639 98426 1
114639 101043 2
114639 102620 1
114639 107878 1
114639 108045 1
114639 108339 1
114639 108610 2
114639 111406 1
114639 114105 1
114639 114125 1
114639 115932 2
114639 118796 1
116244 91197 1
116244 92841 1
116244 96772 1
116244 101541 1
116244 107382 1
117440 91197 1
117440 111406 1
123476 47977 1
123476 69362 2
123476 73964 1
123476 75301 1
123476 75319 1
123476 77212 1
123476 80806 2
123476 90693 1
123476 90961 1
123476 91197 1
123476 93956 1
123476 95531 1
123476 95816 1
123476 96123 1
123476 96812 1
123476 103492 2
123476 104050 1
123476 104377 1
123476 111406 1
123485 77976 1
123485 91197 1
123485 123484 1
123485 123486 1
123485 124423 1
56766 78261 1
56766 94357 1
56766 97805 1
56766 107541 1
56766 112610 1
69350 87150 1
69350 94357 1
69350 116248 1
69350 119562 1
78261 56766 1
78261 94357 1
78261 97805 1
78261 105641 1
78261 107541 1
78261 112610 1
87150 69350 1
87150 94357 1
87150 119562 1
97805 56766 1
97805 67176 1
97805 78261 1
97805 81735 1
97805 83141 1
97805 94357 1
97805 103941 1
97805 107541 1
97805 112610 1
107541 56766 1
107541 78261 1
107541 94357 1
107541 97805 1
107541 112610 1
113906 94357 1
119562 69350 1
119562 87150 1
119562 94357 1
55988 63868 1
55988 68707 1
55988 72393 1
55988 73527 1
55988 80011 1
55988 90568 1
55988 96459 1
55988 96460 1
55988 100339 1
55988 100349 1
55988 108486 1
56416 63913 1
56416 80011 1
56416 96184 1
56416 96459 1
56416 97576 1
56416 106849 1
63868 55988 1
63868 68707 1
63868 72393 1
63868 73527 1
63868 80011 1
63868 90568 1
63868 96459 1
63868 96460 1
63868 100339 1
63868 100349 1
63868 108486 1
63913 56416 1
63913 91834 1
63913 96184 1
63913 96459 1
63913 97576 1
63913 101032 1
63913 106849 1
65965 55017 1
65965 96459 1
67176 61499 1
67176 72498 1
67176 80842 1
67176 88133 1
67176 95798 1
67176 96459 1
67176 97805 1
67176 102520 1
67176 107619 1
67176 110746 1
67176 112339 1
67176 113292 1
67176 113293 1
67176 117390 1
67176 119011 1
67176 119467 1
68707 55988 1
68707 57663 1
68707 63868 1
68707 72393 1
68707 73527 1
68707 80011 1
68707 90568 1
68707 94752 1
68707 96459 1
68707 96460 1
68707 100339 1
68707 100349 1
68707 108486 1
72393 55988 1
72393 63868 1
72393 68707 1
72393 72498 1
72393 73527 1
72393 80011 1
72393 90568 1
72393 96459 1
72393 96460 1
72393 100339 1
72393 100349 1
72393 108486 1
73527 55988 1
73527 63868 1
73527 68707 1
73527 72393 1
73527 80011 1
73527 90568 1
73527 96459 1
73527 96460 1
73527 100339 1
73527 100349 1
73527 108486 1
80011 55988 1
80011 56416 1
80011 63868 1
80011 68707 1
80011 72393 1
80011 73527 1
80011 82158 1
80011 90568 1
80011 91834 1
80011 96459 1
80011 96460 2
80011 100339 1
80011 100349 1
80011 108486 1
80842 67176 1
80842 67914 1
80842 83141 1
80842 88133 2
80842 95798 1
80842 96459 1
80842 102520 1
80842 107619 1
80842 110746 1
80842 112339 1
80842 113292 1
80842 113293 1
80842 117390 1
80842 119011 1
80842 119467 1
81735 93784 1
81735 96459 1
81735 97805 1
81735 97810 1
81735 101358 1
81735 102530 1
81735 103941 1
81735 108396 1
81735 108591 1
88133 67176 1
88133 80842 2
88133 95798 1
88133 96459 1
88133 102520 1
88133 104552 1
88133 107619 1
88133 110746 1
88133 112339 1
88133 113292 1
88133 113293 1
88133 117390 1
88133 119011 1
88133 119467 1
90568 47432 1
90568 55988 1
90568 63868 1
90568 68707 1
90568 72393 1
90568 73527 1
90568 80011 1
90568 96459 1
90568 96460 1
90568 100339 1
90568 100349 1
90568 107619 1
90568 108486 1
90568 113292 1
93784 57663 1
93784 81735 1
93784 96459 1
93784 97796 1
93784 97810 1
93784 101358 1
93784 102530 2
93784 108396 1
93784 108591 1
95798 67176 1
95798 67788 1
95798 80842 1
95798 88133 1
95798 96459 1
95798 102520 1
95798 105265 1
95798 107619 1
95798 108485 1
95798 110746 1
95798 111369 1
95798 112339 1
95798 113292 1
95798 113293 1
95798 114343 1
95798 117390 1
95798 119011 1
95798 119467 1
96184 56416 1
96184 63913 1
96184 96459 1
96184 97576 1
96184 101358 1
96184 106849 1
96460 55988 1
96460 63868 1
96460 68707 1
96460 72393 1
96460 73527 1
96460 80011 2
96460 90568 1
96460 96459 1
96460 97576 1
96460 100339 1
96460 100349 1
96460 107659 1
96460 108486 1
97576 56416 1
97576 63913 1
97576 96184 1
97576 96459 2
97576 96460 1
97576 100339 3
97576 103941 1
97576 105559 1
97576 106849 1
97576 107659 1
97576 114962 1
97576 120769 1
97810 81735 1
97810 93784 1
97810 96459 1
97810 101358 1
97810 102530 1
97810 108396 1
97810 108591 1
100339 55988 1
100339 63868 1
100339 68707 1
100339 72393 1
100339 73527 1
100339 80011 1
100339 90568 1
100339 96459 1
100339 96460 1
100339 97576 3
100339 100349 1
100339 103941 1
100339 105559 1
100339 108486 1
100349 55988 1
100349 63868 1
100349 68707 1
100349 72393 1
100349 73527 1
100349 80011 1
100349 90568 1
100349 96459 1
100349 96460 1
100349 100339 1
100349 108486 1
100349 113169 1
101358 81735 1
101358 93784 1
101358 96184 1
101358 96459 1
101358 97810 1
101358 102530 1
101358 106849 1
101358 108396 1
101358 108591 1
102520 67176 1
102520 80842 1
102520 88133 1
102520 95798 1
102520 96459 1
102520 107619 1
102520 110746 1
102520 112339 1
102520 113292 1
102520 113293 1
102520 117390 1
102520 119011 1
102520 119467 1
102530 81735 1
102530 93784 2
102530 96459 1
102530 97796 1
102530 97810 1
102530 101358 1
102530 108396 1
102530 108591 1
106849 56416 1
106849 63913 1
106849 96184 1
106849 96459 1
106849 97576 1
106849 101358 1
106849 118075 1
106849 118076 1
107619 67176 1
107619 80842 1
107619 88133 1
107619 90568 1
107619 95798 1
107619 96459 1
107619 102520 1
107619 110746 1
107619 112339 1
107619 113292 1
107619 113293 1
107619 117390 1
107619 119011 1
107619 119467 1
108396 81735 1
108396 93784 1
108396 96459 1
108396 97810 1
108396 101358 1
108396 102530 1
108396 108591 1
108396 114343 1
108486 55988 1
108486 63868 1
108486 68707 1
108486 72393 1
108486 73527 1
108486 80011 1
108486 90568 1
108486 96459 1
108486 96460 1
108486 100339 1
108486 100349 1
108591 81735 1
108591 93784 1
108591 96459 1
108591 97810 1
108591 101358 1
108591 102530 1
108591 105557 1
108591 108396 1
108591 119011 1
110746 67176 1
110746 80842 1
110746 86868 1
110746 88133 1
110746 95798 1
110746 96459 1
110746 102520 1
110746 107619 1
110746 112339 1
110746 112577 1
110746 113292 1
110746 113293 1
110746 117390 1
110746 119011 1
110746 119467 1
112339 67176 1
112339 80842 1
112339 88133 1
112339 95798 1
112339 96459 1
112339 102520 1
112339 107619 1
112339 110746 1
112339 113292 1
112339 113293 1
112339 117390 1
112339 119011 1
112339 119467 1
113292 67176 1
113292 77534 1
113292 80842 1
113292 88133 1
113292 90451 1
113292 90568 1
113292 94109 1
113292 95798 1
113292 96459 1
113292 102520 1
113292 107619 1
113292 110746 1
113292 112339 1
113292 113293 1
113292 117390 1
113292 119011 1
113292 119467 1
113293 67176 1
113293 67636 1
113293 80842 1
113293 88133 1
113293 91834 1
113293 95798 1
113293 96459 1
113293 101766 1
113293 102520 1
113293 107619 1
113293 110746 1
113293 112339 1
113293 113292 1
113293 117390 1
113293 119011 1
113293 119467 1
114962 96459 1
114962 97576 1
114962 120769 1
117390 67176 1
117390 80842 1
117390 88133 1
117390 95798 1
117390 96459 1
117390 102520 1
117390 107619 1
117390 110746 1
117390 112339 1
117390 113292 1
117390 113293 1
117390 119011 1
117390 119467 1
119011 67176 1
119011 80842 1
119011 88133 1
119011 95449 1
119011 95798 1
119011 96459 1
119011 102520 1
119011 107619 1
119011 108591 1
119011 110746 1
119011 112339 1
119011 112610 1
119011 113292 1
119011 113293 1
119011 117390 1
119011 119467 1
119467 67176 1
119467 80842 1
119467 83141 1
119467 88133 1
119467 95798 1
119467 96459 1
119467 102520 1
119467 107619 1
119467 110163 2
119467 110166 2
119467 110746 1
119467 112339 1
119467 113292 1
119467 113293 1
119467 114343 1
119467 117390 1
119467 119011 1
119467 119473 1
120769 96459 1
120769 97576 1
120769 103941 1
120769 114962 1
58279 64476 1
58279 72902 1
58279 75254 1
58279 78258 1
58279 80605 1
58279 86331 1
58279 95449 1
58279 97415 1
58279 102881 1
72902 58279 1
72902 78258 1
72902 80605 1
72902 86331 1
72902 95449 1
72902 97415 1
72902 102881 1
78258 58279 1
78258 72902 1
78258 80605 1
78258 80806 1
78258 86331 1
78258 95449 1
78258 97415 1
78258 102881 1
80605 58279 1
80605 72902 1
80605 78258 1
80605 86331 1
80605 95449 1
80605 97415 1
80605 102881 1
86331 58279 1
86331 72902 1
86331 78258 1
86331 80605 1
86331 86322 1
86331 95449 1
86331 97415 1
86331 102881 1
86331 118881 1
86331 119313 1
86331 127305 1
95449 58279 1
95449 72902 1
95449 78258 1
95449 80605 1
95449 86331 1
95449 87372 1
95449 97415 1
95449 102881 1
95449 103858 1
95449 112423 1
95449 119011 1
102881 58279 1
102881 72902 1
102881 78258 1
102881 80605 1
102881 86331 1
102881 95449 1
102881 97415 1
118174 117264 1
74130 111804 1
74130 121350 1
111804 74130 1
111804 121350 1
56392 63583 1
56392 75857 1
56392 88510 1
63583 56392 1
63583 75857 1
63583 88510 1
90880 97790 1
85594 55762 1
86346 55762 1
42062 42107 1
42062 63818 1
42062 71624 1
42062 75443 1
42062 80982 1
42107 42062 1
42107 63818 1
42107 71624 1
42107 75443 1
42107 80982 1
63818 42062 1
63818 42107 1
63818 71624 1
63818 75443 1
63818 80982 1
75443 42062 1
75443 42107 1
75443 63818 1
75443 71624 1
75443 80982 1
80982 42062 1
80982 42107 1
80982 63818 1
80982 71624 1
80982 75443 1
85835 80678 1
100569 80678 1
56524 85216 1
125513 85216 1
110180 56275 1
122556 70916 1
122556 122554 1
91539 72313 1
117366 75261 1
51231 69238 1
51231 76805 1
51231 77225 1
69238 51231 1
69238 76805 1
69238 77225 1
76805 51231 1
76805 69238 1
76805 77225 1
99308 90451 1
99308 99309 1
99308 121774 1
99308 121775 1
99309 90451 1
99309 99308 1
99309 121774 1
99309 121775 1
121774 90451 1
121774 99308 1
121774 99309 1
121774 121775 2
121775 90451 1
121775 99308 1
121775 99309 1
121775 121774 2
108290 94683 1
57840 114828 1
57840 118418 1
118418 57840 1
118418 114828 1
126009 114828 1
121976 117786 1
121976 119275 1
46087 51333 2
118244 57517 1
55616 63540 1
55616 70949 1
70949 55616 1
70949 63540 1
84282 65262 1
110170 69353 1
110170 110166 2
110170 126421 1
110170 126759 2
126759 69353 1
126759 110166 3
126759 110170 2
89801 89802 1
89801 96812 1
124359 98713 1
106689 105040 1
107620 106447 1
120450 120449 2
109009 89857 1
55586 45750 1
92470 46030 1
100025 86564 1
116709 110713 1
122849 122695 1
112903 47977 1
52700 57033 1
114146 77212 1
109152 85068 1
70894 35598 1
111155 57663 1
61279 61280 1
61279 81490 1
92341 92343 1
117560 114125 1
124432 114125 1
126052 126051 1
126052 126320 1
53577 103858 1
118969 114343 1
68084 85084 1
68084 117847 1
85084 68084 1
85084 117847 1
127607 117847 1
29730 75319 1
126918 85765 1
118796 114639 1
123484 123485 1
123486 123485 1
124423 123485 1
82158 80011 1
104552 88133 1
47432 90568 1
118075 106849 1
118075 118076 1
118076 106849 1
118076 118075 1
110163 110166 1
110163 119467 2
110166 110163 1
110166 110170 2
110166 119467 2
110166 126759 3
119473 119467 1
118881 86331 1
119313 86331 1
119313 127305 1
127305 86331 1
127305 119313 1
126320 126052 1
61280 61279 1
89802 89801 1
126421 110170 1
119275 121976 1
