122430 98747 1
98747 64886 1
98747 76592 1
98747 81952 1
98747 96146 1
98747 96216 1
98747 98744 1
98747 98745 1
98747 98746 1
98747 99636 1
98747 99638 1
98747 100338 1
98747 116129 1
98747 122430 1
98747 125310 1
64886 71469 1
64886 71470 1
64886 73875 1
64886 76596 1
64886 76597 1
64886 81743 1
64886 81952 1
64886 96146 1
64886 96216 1
64886 98747 1
64886 99638 1
76592 76589 1
76592 76594 1
76592 76595 1
76592 76596 1
76592 76597 1
76592 76598 1
76592 76599 1
76592 76600 1
76592 76601 1
76592 76602 1
76592 76603 1
76592 76862 1
76592 96216 1
76592 98744 1
76592 98745 1
76592 98746 1
76592 98747 1
76592 99636 1
76592 100338 1
76592 115045 1
76592 115371 1
76592 116616 1
76592 116617 1
76592 117609 1
76592 123658 1
81952 64886 1
81952 81951 1
81952 96146 1
81952 96216 1
81952 98747 1
81952 99638 1
81952 116616 1
81952 118134 1
96146 43652 1
96146 64871 1
96146 64886 1
96146 73696 1
96146 74978 1
96146 76862 1
96146 81952 1
96146 82653 1
96146 82654 1
96146 84112 1
96146 96145 1
96146 96216 1
96146 98747 1
96146 99638 1
96146 100338 1
96146 103426 1
96146 108028 1
96146 111505 1
96146 113358 1
96146 115371 1
96146 116129 1
96216 64879 1
96216 64886 1
96216 73922 1
96216 76589 1
96216 76592 1
96216 76594 2
96216 76595 1
96216 76596 1
96216 76597 1
96216 76598 1
96216 76599 1
96216 76600 1
96216 76601 1
96216 76602 1
96216 76603 1
96216 81952 1
96216 83138 1
96216 84113 1
96216 90007 1
96216 96146 1
96216 98747 1
96216 99637 1
96216 99638 1
96216 100338 1
96216 108028 2
96216 110357 1
96216 111505 1
96216 113355 1
96216 113357 1
96216 113358 1
96216 113359 2
96216 115045 1
96216 115373 1
96216 116616 2
96216 116617 1
96216 118134 1
96216 118884 1
96216 123543 1
96216 124601 1
98744 43646 1
98744 64878 1
98744 64879 1
98744 64889 1
98744 71813 1
98744 74791 1
98744 76592 1
98744 76602 1
98744 90007 1
98744 95710 1
98744 98745 1
98744 98746 1
98744 98747 1
98744 98748 1
98744 99636 1
98744 100338 1
98744 116616 1
98745 74979 1
98745 76592 1
98745 84112 1
98745 98744 1
98745 98746 1
98745 98747 1
98745 99636 1
98745 100338 1
98745 108163 1
98746 67032 1
98746 69171 1
98746 76592 1
98746 98744 1
98746 98745 1
98746 98747 1
98746 99636 1
98746 99967 1
98746 100338 1
98746 110449 1
98746 116328 1
99636 64879 1
99636 74978 1
99636 76121 1
99636 76592 1
99636 81951 1
99636 97109 1
99636 98744 1
99636 98745 1
99636 98746 1
99636 98747 1
99636 99637 1
99636 99638 1
99636 99639 1
99636 99640 1
99636 100338 2
99636 102720 1
99636 106465 1
99636 115371 1
99636 115373 1
99636 116616 1
99636 117399 1
99636 121875 1
99638 43658 1
99638 64015 1
99638 64385 1
99638 64872 1
99638 64883 1
99638 64886 1
99638 81952 1
99638 83138 1
99638 85929 1
99638 96146 1
99638 96216 1
99638 98747 1
99638 98748 1
99638 99636 1
99638 99637 2
99638 99639 1
99638 108028 1
100338 43649 1
100338 49795 1
100338 61135 1
100338 64876 1
100338 64879 1
100338 67588 1
100338 71797 1
100338 71808 1
100338 74791 1
100338 76592 1
100338 76596 1
100338 81951 1
100338 84112 1
100338 90007 1
100338 96145 1
100338 96146 1
100338 96216 1
100338 98744 1
100338 98745 1
100338 98746 1
100338 98747 1
100338 99636 2
100338 99640 1
100338 106465 1
100338 111505 2
100338 113359 1
100338 115371 1
100338 115373 1
100338 116616 1
116129 43652 1
116129 64867 1
116129 64874 1
116129 64887 1
116129 64888 1
116129 70437 2
116129 73696 1
116129 74489 1
116129 76429 1
116129 76430 1
116129 76596 1
116129 79451 1
116129 95710 1
116129 96146 1
116129 98747 1
116129 108163 1
116129 119609 1
116129 121513 1
116129 125310 1
125310 67587 1
125310 71813 1
125310 83027 1
125310 84112 1
125310 86753 1
125310 98747 1
125310 115045 1
125310 115371 4
125310 116129 1
125310 116616 1
125310 121097 2
125310 124601 1
71469 35804 1
71469 64886 1
71469 71470 1
71469 73875 1
71469 76596 1
71469 76597 1
71469 81743 1
71470 64886 1
71470 71469 1
71470 73875 1
71470 76596 1
71470 76597 1
71470 81743 1
73875 56051 1
73875 64385 1
73875 64886 1
73875 70437 1
73875 71469 1
73875 71470 1
73875 71808 1
73875 73876 1
73875 74981 1
73875 76124 1
73875 76596 2
73875 76597 1
73875 76603 1
73875 81743 1
73875 84112 1
73875 106751 1
73875 123751 1
76596 42896 1
76596 43649 1
76596 49790 1
76596 49791 1
76596 49794 2
76596 49795 1
76596 55116 1
76596 55117 1
76596 56048 1
76596 56051 1
76596 57772 1
76596 57773 1
76596 61135 1
76596 64385 2
76596 64867 2
76596 64874 1
76596 64876 1
76596 64879 1
76596 64886 1
76596 64887 1
76596 64888 1
76596 67588 1
76596 70437 2
76596 71469 1
76596 71470 1
76596 71797 1
76596 71808 1
76596 71810 1
76596 73875 2
76596 74489 1
76596 74791 1
76596 74981 1
76596 76124 1
76596 76429 1
76596 76430 1
76596 76589 1
76596 76592 1
76596 76594 1
76596 76595 1
76596 76597 2
76596 76598 1
76596 76599 1
76596 76600 1
76596 76601 1
76596 76602 1
76596 76603 1
76596 79451 1
76596 81743 1
76596 95710 1
76596 96216 1
76596 100338 1
76596 108163 1
76596 116129 1
76596 116616 1
76596 119609 1
76597 52705 1
76597 60298 1
76597 60356 1
76597 61134 1
76597 61140 1
76597 61141 1
76597 61142 1
76597 61143 1
76597 64867 1
76597 64873 1
76597 64886 1
76597 71469 1
76597 71470 1
76597 71818 1
76597 73875 1
76597 75469 1
76597 76589 1
76597 76592 1
76597 76594 1
76597 76595 1
76597 76596 2
76597 76598 1
76597 76599 1
76597 76600 1
76597 76601 1
76597 76602 1
76597 76603 1
76597 81743 1
76597 82655 1
76597 84112 1
76597 96216 1
76597 103426 1
76597 116616 1
76597 123751 1
81743 64886 1
81743 64891 1
81743 70313 1
81743 70443 1
81743 71469 1
81743 71470 1
81743 73875 1
81743 74793 1
81743 76596 1
81743 76597 1
76589 76592 1
76589 76594 1
76589 76595 1
76589 76596 1
76589 76597 1
76589 76598 1
76589 76599 1
76589 76600 1
76589 76601 1
76589 76602 1
76589 76603 1
76589 96216 1
76589 116616 1
76594 76589 1
76594 76592 1
76594 76595 1
76594 76596 1
76594 76597 1
76594 76598 1
76594 76599 1
76594 76600 1
76594 76601 1
76594 76602 1
76594 76603 1
76594 96216 2
76594 113358 1
76594 113359 1
76594 116616 2
76594 116617 1
76595 76589 1
76595 76592 1
76595 76594 1
76595 76596 1
76595 76597 1
76595 76598 1
76595 76599 1
76595 76600 1
76595 76601 1
76595 76602 1
76595 76603 1
76595 96216 1
76595 116616 1
76598 64878 1
76598 64879 1
76598 64889 1
76598 70308 1
76598 71818 1
76598 73876 1
76598 74489 1
76598 74789 1
76598 74978 1
76598 76121 1
76598 76589 1
76598 76592 1
76598 76594 1
76598 76595 1
76598 76596 1
76598 76597 1
76598 76599 1
76598 76600 1
76598 76601 1
76598 76602 1
76598 76603 1
76598 77945 1
76598 82652 1
76598 82653 1
76598 82654 1
76598 82655 1
76598 82656 1
76598 82657 1
76598 96145 1
76598 96216 1
76598 103426 1
76598 110357 1
76598 115045 1
76598 116616 1
76599 76589 1
76599 76592 1
76599 76594 1
76599 76595 1
76599 76596 1
76599 76597 1
76599 76598 1
76599 76600 1
76599 76601 1
76599 76602 1
76599 76603 1
76599 96216 1
76599 116616 1
76600 49795 1
76600 56052 1
76600 60357 1
76600 64042 1
76600 64866 1
76600 70310 1
76600 70313 1
76600 70443 1
76600 71314 1
76600 76589 1
76600 76592 1
76600 76594 1
76600 76595 1
76600 76596 1
76600 76597 1
76600 76598 1
76600 76599 1
76600 76601 1
76600 76602 1
76600 76603 1
76600 96216 1
76600 99637 1
76600 116616 1
76601 76589 1
76601 76592 1
76601 76594 1
76601 76595 1
76601 76596 1
76601 76597 1
76601 76598 1
76601 76599 1
76601 76600 1
76601 76602 1
76601 76603 1
76601 96216 1
76601 116616 1
76602 43646 1
76602 64878 1
76602 64879 1
76602 64889 1
76602 71813 1
76602 74789 1
76602 74790 1
76602 74791 2
76602 74792 1
76602 74793 1
76602 76589 1
76602 76592 1
76602 76594 1
76602 76595 1
76602 76596 1
76602 76597 1
76602 76598 1
76602 76599 1
76602 76600 1
76602 76601 1
76602 76603 1
76602 90007 1
76602 95710 1
76602 96216 1
76602 98744 1
76602 116616 2
76603 73875 1
76603 74978 1
76603 74979 1
76603 76589 1
76603 76592 1
76603 76594 1
76603 76595 1
76603 76596 1
76603 76597 1
76603 76598 1
76603 76599 1
76603 76600 1
76603 76601 1
76603 76602 1
76603 76671 1
76603 84112 1
76603 86732 1
76603 96216 1
76603 116616 1
76862 64871 1
76862 76592 1
76862 76861 1
76862 96146 1
76862 116617 1
76862 123658 1
115045 43646 1
115045 64878 1
115045 64879 1
115045 64883 1
115045 64889 1
115045 70308 1
115045 74789 1
115045 74978 1
115045 74979 1
115045 76592 1
115045 76598 1
115045 82652 1
115045 82653 1
115045 82654 1
115045 82655 1
115045 82656 1
115045 82657 1
115045 84113 1
115045 96145 1
115045 96216 1
115045 103426 1
115045 110357 1
115045 113355 1
115045 113357 1
115045 115371 2
115045 117609 1
115045 118134 1
115045 121097 2
115045 123543 1
115045 124601 1
115045 125310 1
115371 67587 1
115371 71813 1
115371 74978 1
115371 76430 2
115371 76592 1
115371 78619 1
115371 84112 2
115371 86753 1
115371 96145 1
115371 96146 1
115371 99636 1
115371 99637 1
115371 100338 1
115371 108028 1
115371 108163 1
115371 108164 1
115371 111102 1
115371 111505 1
115371 111506 3
115371 115045 2
115371 115372 1
115371 115373 2
115371 116469 1
115371 116616 1
115371 117399 1
115371 117609 1
115371 118884 2
115371 121097 3
115371 124601 1
115371 125310 4
116616 43646 1
116616 64878 1
116616 64879 1
116616 64889 1
116616 67587 1
116616 71813 2
116616 74791 1
116616 76589 1
116616 76592 1
116616 76594 2
116616 76595 1
116616 76596 1
116616 76597 1
116616 76598 1
116616 76599 1
116616 76600 1
116616 76601 1
116616 76602 2
116616 76603 1
116616 81951 1
116616 81952 1
116616 84112 1
116616 86753 1
116616 90007 1
116616 95710 1
116616 96216 2
116616 98744 1
116616 99636 1
116616 99640 1
116616 100338 1
116616 103426 1
116616 106465 1
116616 110357 1
116616 111504 1
116616 113358 1
116616 113359 1
116616 115371 1
116616 116469 1
116616 116617 2
116616 118134 2
116616 125310 1
116617 64879 1
116617 71811 1
116617 74204 1
116617 76430 1
116617 76592 1
116617 76594 1
116617 76862 1
116617 96216 1
116617 113358 1
116617 113359 1
116617 116616 2
116617 123658 1
117609 76592 1
117609 115045 1
117609 115371 1
123658 76592 1
123658 76862 1
123658 84682 1
123658 110357 1
123658 116617 1
81951 81952 1
81951 99636 1
81951 99640 1
81951 100338 1
81951 106465 1
81951 116616 1
118134 61138 2
118134 64012 1
118134 64889 1
118134 74978 1
118134 76429 1
118134 76430 2
118134 81952 1
118134 84112 1
118134 84113 2
118134 84114 1
118134 86580 1
118134 86732 1
118134 91170 1
118134 95710 1
118134 95711 1
118134 96216 1
118134 98748 1
118134 102720 1
118134 103426 1
118134 110357 2
118134 111504 1
118134 113355 1
118134 113357 1
118134 115045 1
118134 116469 2
118134 116616 2
118134 123543 1
118134 124601 1
43652 73696 1
43652 96146 1
43652 116129 1
64871 64867 1
64871 64882 1
64871 76862 1
64871 96146 1
73696 43652 1
73696 60689 1
73696 96146 1
73696 116129 1
73696 116883 1
74978 64012 1
74978 64878 1
74978 64879 2
74978 64880 1
74978 64889 2
74978 70308 1
74978 74789 1
74978 74979 1
74978 76598 1
74978 76603 1
74978 76671 1
74978 82652 1
74978 82653 2
74978 82654 2
74978 82655 1
74978 82656 1
74978 82657 1
74978 84112 1
74978 84113 1
74978 84114 1
74978 86580 1
74978 90007 1
74978 91170 1
74978 95711 1
74978 96145 1
74978 96146 1
74978 99636 1
74978 102720 2
74978 103426 2
74978 108028 2
74978 110357 1
74978 111506 1
74978 113358 1
74978 115045 1
74978 115371 1
74978 118134 1
74978 121875 1
74978 122228 1
74978 123029 1
82653 60298 1
82653 64012 1
82653 64878 1
82653 64879 2
82653 64889 1
82653 70308 1
82653 70313 1
82653 74789 1
82653 74791 1
82653 74978 2
82653 76121 1
82653 76598 1
82653 82652 2
82653 82654 2
82653 82655 1
82653 82656 1
82653 82657 1
82653 96145 1
82653 96146 1
82653 103426 2
82653 108028 1
82653 110357 2
82653 113358 1
82653 115045 1
82654 64878 1
82654 64879 1
82654 64882 1
82654 64889 1
82654 70308 1
82654 70443 1
82654 73876 1
82654 73996 1
82654 74789 1
82654 74978 2
82654 76480 1
82654 76598 1
82654 77944 1
82654 77945 1
82654 82652 1
82654 82653 2
82654 82655 3
82654 82656 1
82654 82657 1
82654 93207 1
82654 96145 1
82654 96146 1
82654 99639 1
82654 103426 6
82654 108028 1
82654 110357 1
82654 113358 1
82654 115045 1
84112 60298 1
84112 64012 1
84112 64867 1
84112 64873 1
84112 64889 1
84112 67587 1
84112 70309 1
84112 71804 1
84112 71813 1
84112 71818 1
84112 73875 1
84112 74978 1
84112 75469 1
84112 76597 1
84112 76603 1
84112 82655 1
84112 84113 1
84112 84114 1
84112 84682 1
84112 86580 1
84112 86753 1
84112 91170 1
84112 95711 1
84112 96145 1
84112 96146 1
84112 98745 1
84112 100338 1
84112 102720 1
84112 103426 1
84112 111505 1
84112 115371 2
84112 116616 1
84112 118134 1
84112 123029 2
84112 123751 1
84112 125310 1
96145 64878 1
96145 64879 1
96145 64889 1
96145 70308 1
96145 74789 1
96145 74978 1
96145 76598 1
96145 82652 1
96145 82653 1
96145 82654 1
96145 82655 1
96145 82656 1
96145 82657 1
96145 84112 1
96145 96146 1
96145 100338 1
96145 103426 1
96145 110357 1
96145 111505 1
96145 115045 1
96145 115371 1
96145 118168 1
96145 122229 1
103426 60298 1
103426 64867 1
103426 64873 1
103426 64878 1
103426 64879 2
103426 64882 1
103426 64889 1
103426 70308 1
103426 70313 1
103426 70443 1
103426 71813 1
103426 71818 1
103426 73876 1
103426 73996 1
103426 74789 1
103426 74978 2
103426 75469 1
103426 76480 1
103426 76597 1
103426 76598 1
103426 77944 1
103426 77945 1
103426 82652 1
103426 82653 2
103426 82654 6
103426 82655 4
103426 82656 1
103426 82657 2
103426 84112 1
103426 93207 1
103426 96145 1
103426 96146 1
103426 99639 1
103426 108028 1
103426 110357 2
103426 111504 1
103426 113358 1
103426 115045 1
103426 116469 1
103426 116616 1
103426 118134 1
103426 123751 1
108028 43658 1
108028 49795 1
108028 64015 1
108028 64385 1
108028 64872 1
108028 64891 1
108028 74789 1
108028 74978 2
108028 82653 1
108028 82654 1
108028 85929 1
108028 96146 1
108028 96216 2
108028 98748 1
108028 99637 1
108028 99638 1
108028 103426 1
108028 107092 2
108028 107868 1
108028 110357 1
108028 111505 1
108028 111506 2
108028 112842 1
108028 113358 1
108028 115371 1
108028 115373 1
108028 117399 1
108028 118884 1
108028 121877 1
108028 123029 2
111505 84112 1
111505 90007 1
111505 96145 1
111505 96146 1
111505 96216 1
111505 100338 2
111505 102720 1
111505 107868 1
111505 108028 1
111505 111504 1
111505 111506 2
111505 112842 1
111505 113358 1
111505 113359 2
111505 115371 1
111505 115373 1
111505 117399 1
111505 121097 1
111505 121726 1
111505 121877 1
111505 123029 1
113358 74978 1
113358 76594 1
113358 82653 1
113358 82654 1
113358 96146 1
113358 96216 1
113358 102720 1
113358 103426 1
113358 108028 1
113358 111505 1
113358 113359 1
113358 116616 1
113358 116617 1
113358 121726 1
64879 43646 1
64879 43649 1
64879 49795 1
64879 60298 2
64879 61135 1
64879 64012 1
64879 64876 1
64879 64878 2
64879 64880 1
64879 64889 2
64879 64891 1
64879 67588 1
64879 70308 1
64879 70313 2
64879 71797 1
64879 71808 1
64879 71813 2
64879 73996 1
64879 74789 1
64879 74791 3
64879 74978 2
64879 76121 2
64879 76430 2
64879 76544 1
64879 76596 1
64879 76598 1
64879 76602 1
64879 82652 2
64879 82653 2
64879 82654 1
64879 82655 1
64879 82656 1
64879 82657 2
64879 90007 1
64879 91170 1
64879 95710 1
64879 96145 1
64879 96216 1
64879 97109 1
64879 98744 1
64879 99636 1
64879 100338 1
64879 103426 2
64879 108164 1
64879 110357 2
64879 115045 1
64879 115373 1
64879 116616 1
64879 116617 1
73922 73923 1
73922 83138 1
73922 96216 1
73922 118884 1
83138 73922 1
83138 83215 1
83138 89356 1
83138 96216 1
83138 99638 1
83138 116899 1
83138 118884 1
84113 64012 1
84113 64889 1
84113 74978 1
84113 84112 1
84113 84114 1
84113 86580 1
84113 91170 1
84113 95711 1
84113 96216 1
84113 102720 1
84113 113355 1
84113 113357 1
84113 115045 1
84113 118134 2
84113 123543 1
84113 124601 1
90007 43646 1
90007 64878 1
90007 64879 1
90007 64889 1
90007 71813 1
90007 74791 1
90007 74978 1
90007 76602 1
90007 95710 1
90007 96216 1
90007 98744 1
90007 100338 1
90007 111505 1
90007 113359 1
90007 115373 1
90007 116616 1
90007 122228 1
90007 123029 1
99637 43658 1
99637 61136 1
99637 64015 3
99637 64385 1
99637 64866 1
99637 64872 1
99637 70310 1
99637 76430 1
99637 76600 1
99637 79929 1
99637 85929 1
99637 93207 1
99637 96216 1
99637 98748 1
99637 99636 1
99637 99638 2
99637 99639 1
99637 108028 1
99637 113361 1
99637 115371 1
110357 60298 3
110357 61138 1
110357 64012 1
110357 64865 1
110357 64878 1
110357 64879 2
110357 64889 1
110357 70308 1
110357 70313 1
110357 74789 1
110357 74791 1
110357 74978 1
110357 76121 1
110357 76430 1
110357 76598 1
110357 82652 2
110357 82653 2
110357 82654 1
110357 82655 2
110357 82656 1
110357 82657 1
110357 84682 1
110357 86732 1
110357 95710 1
110357 95830 1
110357 96145 1
110357 96216 1
110357 98748 1
110357 103426 2
110357 108028 1
110357 111504 1
110357 115045 1
110357 116469 1
110357 116616 1
110357 118134 2
110357 121889 1
110357 122228 1
110357 123658 1
113355 84113 1
113355 96216 1
113355 113357 1
113355 115045 1
113355 118134 1
113355 123543 1
113355 124601 1
113357 67032 1
113357 78113 1
113357 84113 1
113357 96216 1
113357 113355 1
113357 115045 1
113357 118134 1
113357 123543 1
113357 124601 1
113359 64883 1
113359 70439 1
113359 76121 1
113359 76594 1
113359 78619 1
113359 90007 1
113359 96216 2
113359 97108 1
113359 97109 1
113359 100338 1
113359 111505 2
113359 112774 2
113359 113358 1
113359 115373 1
113359 116616 1
113359 116617 1
115373 49795 1
115373 64879 1
115373 74789 1
115373 76121 1
115373 90007 1
115373 96216 1
115373 97109 1
115373 99636 1
115373 100338 1
115373 108028 1
115373 111505 1
115373 113359 1
115373 115371 2
115373 115372 2
118884 73922 1
118884 83138 1
118884 96216 1
118884 108028 1
118884 115371 2
123543 84113 1
123543 96216 1
123543 113355 1
123543 113357 1
123543 115045 1
123543 118134 1
123543 124601 1
124601 59179 1
124601 84113 1
124601 92587 1
124601 96216 1
124601 113355 1
124601 113357 1
124601 115045 1
124601 115371 1
124601 118134 1
124601 119659 1
124601 123543 1
124601 125310 1
43646 64878 1
43646 64879 1
43646 64883 1
43646 64889 1
43646 71813 1
43646 74791 1
43646 76602 1
43646 90007 1
43646 95710 1
43646 98744 1
43646 115045 1
43646 116616 1
64878 43646 1
64878 64879 2
64878 64889 2
64878 70308 1
64878 71813 1
64878 74789 1
64878 74791 1
64878 74978 1
64878 76598 1
64878 76602 1
64878 82652 1
64878 82653 1
64878 82654 1
64878 82655 1
64878 82656 1
64878 82657 1
64878 90007 1
64878 95710 1
64878 96145 1
64878 98744 1
64878 103426 1
64878 110357 1
64878 115045 1
64878 116616 1
64889 36326 1
64889 43646 1
64889 64012 1
64889 64017 1
64889 64872 1
64889 64878 2
64889 64879 2
64889 70308 1
64889 71797 1
64889 71813 1
64889 74789 1
64889 74791 1
64889 74978 2
64889 76120 1
64889 76598 1
64889 76602 1
64889 82652 1
64889 82653 1
64889 82654 1
64889 82655 1
64889 82656 1
64889 82657 1
64889 84112 1
64889 84113 1
64889 84114 1
64889 86580 1
64889 90007 1
64889 91170 1
64889 93206 1
64889 93207 1
64889 93208 1
64889 95710 2
64889 95711 1
64889 96145 1
64889 98744 1
64889 102720 1
64889 103426 1
64889 110357 1
64889 115045 1
64889 116616 1
64889 118134 1
64889 121264 1
71813 43646 1
71813 60298 1
71813 64878 1
71813 64879 2
71813 64889 1
71813 67587 1
71813 70313 1
71813 74791 1
71813 76602 1
71813 82657 1
71813 84112 1
71813 86732 1
71813 86733 1
71813 86753 1
71813 90007 1
71813 95710 1
71813 98744 1
71813 103426 1
71813 115371 1
71813 116616 2
71813 125310 1
74791 43646 1
74791 43649 1
74791 49795 1
74791 55116 1
74791 60298 1
74791 61135 1
74791 64012 1
74791 64017 1
74791 64018 1
74791 64876 1
74791 64878 1
74791 64879 3
74791 64889 1
74791 67588 1
74791 70313 1
74791 71797 3
74791 71798 1
74791 71799 1
74791 71800 1
74791 71801 1
74791 71802 1
74791 71803 1
74791 71804 1
74791 71805 1
74791 71806 1
74791 71808 2
74791 71809 1
74791 71810 1
74791 71811 1
74791 71813 1
74791 74789 1
74791 74790 1
74791 74792 2
74791 74793 1
74791 76121 1
74791 76544 1
74791 76596 1
74791 76602 2
74791 82652 1
74791 82653 1
74791 90007 1
74791 95710 1
74791 98744 1
74791 100338 1
74791 110357 1
74791 116616 1
95710 36326 1
95710 43646 1
95710 61138 1
95710 64017 1
95710 64867 1
95710 64872 1
95710 64874 1
95710 64878 1
95710 64879 1
95710 64887 1
95710 64888 1
95710 64889 2
95710 70437 1
95710 71797 1
95710 71813 1
95710 74489 1
95710 74791 1
95710 76120 1
95710 76429 1
95710 76430 2
95710 76596 1
95710 76602 1
95710 79451 1
95710 86732 1
95710 90007 1
95710 93206 1
95710 93207 1
95710 93208 1
95710 95711 1
95710 98744 1
95710 98748 1
95710 108163 1
95710 110357 1
95710 116129 1
95710 116616 1
95710 118134 1
95710 119609 1
95710 121264 1
98748 43658 1
98748 61138 1
98748 64015 1
98748 64385 1
98748 64872 1
98748 76430 1
98748 85929 1
98748 86732 1
98748 95710 1
98748 98744 1
98748 99637 1
98748 99638 1
98748 108028 1
98748 110357 1
98748 118134 1
74979 74978 1
74979 76603 1
74979 76671 1
74979 98745 1
74979 108163 1
74979 115045 1
74979 121097 1
108163 64867 1
108163 64874 1
108163 64881 1
108163 64887 1
108163 64888 1
108163 70437 1
108163 74489 1
108163 74979 1
108163 76121 1
108163 76429 1
108163 76430 2
108163 76596 1
108163 79451 1
108163 95710 1
108163 98745 1
108163 108164 1
108163 111504 1
108163 115371 1
108163 116129 1
108163 119609 1
67032 48625 1
67032 69171 1
67032 98746 1
67032 113357 1
67032 124249 1
69171 67032 1
69171 98746 1
69171 119724 1
99967 91543 1
99967 91545 1
99967 91546 1
99967 91547 1
99967 91548 1
99967 91549 1
99967 97700 1
99967 98746 1
99967 113476 1
99967 116328 1
110449 98746 1
116328 98746 1
116328 99967 1
76121 60298 1
76121 64012 1
76121 64879 2
76121 64881 1
76121 64883 1
76121 70313 1
76121 70439 1
76121 71818 1
76121 73876 1
76121 74489 1
76121 74791 1
76121 76598 1
76121 77945 1
76121 82652 1
76121 82653 1
76121 97108 1
76121 97109 2
76121 99636 1
76121 108163 1
76121 110357 1
76121 111504 1
76121 112774 1
76121 113359 1
76121 115373 1
97109 64879 1
97109 64883 1
97109 70439 1
97109 76121 2
97109 97108 1
97109 99636 1
97109 112774 1
97109 113359 1
97109 115373 1
99639 70443 1
99639 73876 1
99639 73996 1
99639 74202 1
99639 74203 1
99639 74204 1
99639 76480 1
99639 77944 1
99639 77945 1
99639 82654 1
99639 82655 1
99639 93207 1
99639 95711 1
99639 99636 1
99639 99637 1
99639 99638 1
99639 103426 1
99640 81951 1
99640 99636 1
99640 100338 1
99640 106465 1
99640 116616 1
102720 64012 1
102720 64889 1
102720 74978 2
102720 84112 1
102720 84113 1
102720 84114 1
102720 86580 1
102720 91170 1
102720 95711 1
102720 99636 1
102720 111505 1
102720 113358 1
102720 118134 1
102720 121726 1
102720 121875 1
106465 60750 1
106465 72238 1
106465 76488 1
106465 76740 1
106465 81951 1
106465 85453 1
106465 89080 1
106465 93197 1
106465 93779 1
106465 97842 1
106465 99636 1
106465 99640 1
106465 100181 1
106465 100338 1
106465 100661 1
106465 101124 1
106465 108166 1
106465 109010 1
106465 112154 1
106465 113313 1
106465 115374 1
106465 116616 1
117399 78619 1
117399 99636 1
117399 107868 1
117399 108028 1
117399 111505 1
117399 111506 1
117399 112842 1
117399 115371 1
117399 121877 1
117399 123029 1
121875 74978 1
121875 99636 1
121875 102720 1
43658 64015 1
43658 64385 1
43658 64872 1
43658 71817 1
43658 85929 1
43658 98748 1
43658 99637 1
43658 99638 1
43658 108028 1
64015 43658 1
64015 61136 1
64015 64385 1
64015 64872 1
64015 79929 1
64015 85929 1
64015 93207 1
64015 98748 1
64015 99637 3
64015 99638 1
64015 108028 1
64385 28748 1
64385 43651 1
64385 43658 1
64385 49794 1
64385 52703 1
64385 52704 1
64385 52705 1
64385 52706 1
64385 52707 1
64385 55116 1
64385 55117 1
64385 56048 1
64385 56051 1
64385 61133 1
64385 61134 1
64385 61135 1
64385 61136 1
64385 61137 1
64385 61138 1
64385 61139 1
64385 64015 1
64385 64868 1
64385 64869 1
64385 64872 1
64385 70437 1
64385 71798 1
64385 71806 1
64385 71810 1
64385 73875 1
64385 74790 1
64385 74981 1
64385 76124 1
64385 76596 2
64385 85929 1
64385 98748 1
64385 99637 1
64385 99638 1
64385 108028 1
64385 121892 1
64872 36326 1
64872 43658 1
64872 64015 1
64872 64017 1
64872 64385 1
64872 64889 1
64872 71797 1
64872 76120 1
64872 85929 1
64872 93206 1
64872 93207 1
64872 93208 1
64872 95710 1
64872 98748 1
64872 99637 1
64872 99638 1
64872 108028 1
64872 121264 1
64883 43646 1
64883 70439 1
64883 76121 1
64883 97108 1
64883 97109 1
64883 99638 1
64883 112774 1
64883 113359 1
64883 115045 1
85929 43653 1
85929 43655 1
85929 43658 1
85929 55116 1
85929 64015 1
85929 64385 1
85929 64872 1
85929 76124 1
85929 79929 1
85929 86753 1
85929 98748 1
85929 99637 1
85929 99638 1
85929 108028 1
43649 42895 1
43649 49795 1
43649 61134 1
43649 61135 1
43649 64876 1
43649 64879 1
43649 67588 1
43649 71797 1
43649 71808 1
43649 74791 1
43649 76596 1
43649 100338 1
49795 43649 1
49795 61135 1
49795 64876 1
49795 64879 1
49795 67588 1
49795 71797 1
49795 71808 1
49795 74789 1
49795 74791 1
49795 76596 1
49795 76600 1
49795 100338 1
49795 108028 1
49795 115373 1
61135 28748 1
61135 43649 1
61135 43651 1
61135 49795 1
61135 61133 1
61135 61134 1
61135 61136 1
61135 61137 1
61135 61138 1
61135 61139 1
61135 64385 1
61135 64868 1
61135 64869 1
61135 64876 1
61135 64879 1
61135 67588 1
61135 71797 1
61135 71808 1
61135 74790 1
61135 74791 1
61135 76596 1
61135 100338 1
61135 121892 1
64876 43649 1
64876 49795 1
64876 61135 1
64876 64879 1
64876 67588 1
64876 71797 1
64876 71808 1
64876 74791 1
64876 76596 1
64876 100338 1
67588 43649 1
67588 49795 1
67588 61135 1
67588 64876 1
67588 64879 1
67588 71797 1
67588 71808 1
67588 74791 1
67588 76596 1
67588 100338 1
71797 35804 1
71797 36326 1
71797 43649 1
71797 49795 1
71797 55116 1
71797 61135 1
71797 64017 2
71797 64018 1
71797 64872 1
71797 64876 1
71797 64879 1
71797 64889 1
71797 67588 1
71797 71798 1
71797 71799 1
71797 71800 1
71797 71801 1
71797 71802 1
71797 71803 1
71797 71804 1
71797 71805 1
71797 71806 1
71797 71808 3
71797 71809 1
71797 71810 1
71797 71811 1
71797 74791 3
71797 74792 1
71797 76120 1
71797 76544 1
71797 76596 1
71797 93206 1
71797 93207 1
71797 93208 1
71797 95710 1
71797 100338 1
71797 121264 1
71808 35804 2
71808 43649 1
71808 49795 1
71808 61135 1
71808 64017 2
71808 64018 1
71808 64876 1
71808 64879 1
71808 64888 1
71808 67588 1
71808 70437 1
71808 71797 3
71808 71798 1
71808 71799 1
71808 71800 1
71808 71801 1
71808 71802 1
71808 71803 1
71808 71804 1
71808 71805 1
71808 71806 1
71808 71809 1
71808 71810 1
71808 71811 1
71808 73875 1
71808 74791 2
71808 74792 1
71808 76430 1
71808 76596 1
71808 100338 1
64867 42896 1
64867 49790 1
64867 49791 1
64867 49794 1
64867 57772 1
64867 57773 1
64867 60298 1
64867 64871 1
64867 64873 1
64867 64874 1
64867 64882 1
64867 64887 1
64867 64888 1
64867 70437 1
64867 71818 1
64867 74489 1
64867 75469 1
64867 76429 1
64867 76430 1
64867 76596 2
64867 76597 1
64867 79451 1
64867 82655 1
64867 84112 1
64867 95710 1
64867 103426 1
64867 108163 1
64867 116129 1
64867 119609 1
64867 123751 1
64874 64867 1
64874 64887 1
64874 64888 1
64874 70437 1
64874 74489 1
64874 76429 1
64874 76430 1
64874 76596 1
64874 79451 1
64874 95710 1
64874 108163 1
64874 116129 1
64874 119609 1
64887 64867 1
64887 64874 1
64887 64888 1
64887 70437 1
64887 74489 1
64887 76429 1
64887 76430 1
64887 76596 1
64887 79451 1
64887 95710 1
64887 108163 1
64887 116129 1
64887 119609 1
64888 35804 1
64888 64017 1
64888 64867 1
64888 64874 1
64888 64887 1
64888 70437 2
64888 71808 1
64888 74489 1
64888 76429 1
64888 76430 3
64888 76596 1
64888 79451 1
64888 95710 1
64888 108163 1
64888 116129 1
64888 119609 1
70437 35804 1
70437 56051 1
70437 64017 1
70437 64385 1
70437 64867 1
70437 64874 1
70437 64887 1
70437 64888 2
70437 71808 1
70437 73875 1
70437 74489 1
70437 74981 1
70437 76124 1
70437 76429 1
70437 76430 2
70437 76596 2
70437 79451 1
70437 95710 1
70437 108163 1
70437 116129 2
70437 119609 1
70437 121513 1
74489 64867 1
74489 64874 1
74489 64887 1
74489 64888 1
74489 70437 1
74489 71818 1
74489 73876 1
74489 76121 1
74489 76429 1
74489 76430 1
74489 76596 1
74489 76598 1
74489 77945 1
74489 79451 1
74489 95710 1
74489 108163 1
74489 116129 1
74489 119609 1
76429 61138 2
76429 64867 1
76429 64874 1
76429 64887 1
76429 64888 1
76429 70437 1
76429 74489 1
76429 76430 2
76429 76596 1
76429 79451 1
76429 82657 1
76429 95710 1
76429 108163 1
76429 116129 1
76429 118134 1
76429 119609 1
76430 35804 1
76430 60115 1
76430 61138 2
76430 64017 2
76430 64867 1
76430 64874 1
76430 64879 2
76430 64887 1
76430 64888 3
76430 70437 2
76430 71808 1
76430 74489 1
76430 76429 2
76430 76596 1
76430 79451 1
76430 86732 1
76430 95710 2
76430 98748 1
76430 99637 1
76430 108163 2
76430 108164 1
76430 110357 1
76430 111506 1
76430 115371 2
76430 116129 1
76430 116617 1
76430 118134 2
76430 119609 1
79451 64867 1
79451 64874 1
79451 64887 1
79451 64888 1
79451 70437 1
79451 74489 1
79451 76429 1
79451 76430 1
79451 76596 1
79451 95710 1
79451 108163 1
79451 116129 1
79451 119609 1
119609 64867 1
119609 64874 1
119609 64887 1
119609 64888 1
119609 70437 1
119609 74489 1
119609 76429 1
119609 76430 1
119609 76596 1
119609 79451 1
119609 95710 1
119609 108163 1
119609 116129 1
121513 70437 1
121513 116129 1
67587 71813 1
67587 84112 1
67587 86753 1
67587 115371 1
67587 116616 1
67587 125310 1
83027 125310 1
86753 43653 2
86753 43655 1
86753 55116 1
86753 67587 1
86753 70308 1
86753 71813 1
86753 76124 1
86753 79929 1
86753 82656 1
86753 82657 1
86753 84112 1
86753 85929 1
86753 115371 1
86753 116616 1
86753 125310 1
121097 74979 1
121097 111102 1
121097 111504 2
121097 111505 1
121097 111506 1
121097 115045 2
121097 115371 3
121097 125310 2
35804 52451 1
35804 64017 1
35804 64888 1
35804 70437 1
35804 71469 1
35804 71797 1
35804 71808 2
35804 76430 1
56051 64385 1
56051 70437 1
56051 73875 1
56051 74981 1
56051 76124 1
56051 76596 1
73876 70443 1
73876 71818 1
73876 73875 1
73876 73996 1
73876 74489 1
73876 76121 1
73876 76480 1
73876 76598 1
73876 77944 1
73876 77945 2
73876 82654 1
73876 82655 1
73876 93207 1
73876 99639 1
73876 103426 1
73876 123751 1
74981 56051 1
74981 64385 1
74981 70437 1
74981 73875 1
74981 76124 1
74981 76596 1
76124 43653 1
76124 43655 1
76124 55116 1
76124 56051 1
76124 64385 1
76124 70437 1
76124 73875 1
76124 74981 1
76124 76596 1
76124 79929 1
76124 85929 1
76124 86753 1
76124 123029 1
106751 73875 1
123751 60298 1
123751 64867 1
123751 64873 1
123751 71818 1
123751 73875 1
123751 73876 1
123751 75469 1
123751 76597 1
123751 82655 1
123751 84112 1
123751 103426 1
42896 49790 1
42896 49791 1
42896 49794 1
42896 57772 1
42896 57773 1
42896 64867 1
42896 76596 1
49790 42896 1
49790 49791 1
49790 49794 1
49790 57772 1
49790 57773 1
49790 64867 1
49790 76596 1
49791 42896 1
49791 49790 1
49791 49794 1
49791 57772 1
49791 57773 1
49791 64867 1
49791 76596 1
49794 42896 1
49794 49790 1
49794 49791 1
49794 55116 1
49794 55117 1
49794 56048 1
49794 57772 1
49794 57773 1
49794 64385 1
49794 64867 1
49794 71810 1
49794 76596 2
55116 43653 1
55116 43655 1
55116 49794 1
55116 55117 1
55116 56048 1
55116 64385 1
55116 71797 1
55116 71810 1
55116 74791 1
55116 76124 1
55116 76544 1
55116 76596 1
55116 79929 1
55116 85929 1
55116 86753 1
55117 49794 1
55117 55116 1
55117 56048 1
55117 64385 1
55117 71810 1
55117 76596 1
56048 49794 1
56048 55116 1
56048 55117 1
56048 64385 1
56048 71810 1
56048 76596 1
57772 42896 1
57772 49790 1
57772 49791 1
57772 49794 1
57772 57773 1
57772 64867 1
57772 71806 1
57772 76596 1
57772 86732 1
57773 42896 1
57773 49790 1
57773 49791 1
57773 49794 1
57773 57772 1
57773 64867 1
57773 76596 1
71810 49794 1
71810 55116 1
71810 55117 1
71810 56048 1
71810 64017 1
71810 64018 1
71810 64385 1
71810 71797 1
71810 71798 1
71810 71799 1
71810 71800 1
71810 71801 1
71810 71802 1
71810 71803 1
71810 71804 1
71810 71805 1
71810 71806 1
71810 71808 1
71810 71809 1
71810 71811 1
71810 74791 1
71810 74792 1
71810 76596 1
52705 52703 1
52705 52704 1
52705 52706 1
52705 52707 1
52705 60356 1
52705 61134 1
52705 61140 1
52705 61141 1
52705 61142 1
52705 61143 1
52705 64385 1
52705 71798 1
52705 71806 1
52705 76597 1
60298 64012 1
60298 64865 1
60298 64867 1
60298 64873 1
60298 64879 2
60298 70313 1
60298 71813 1
60298 71818 1
60298 74791 1
60298 75469 1
60298 76121 1
60298 76597 1
60298 82652 1
60298 82653 1
60298 82655 1
60298 84112 1
60298 86732 1
60298 86733 1
60298 95830 1
60298 103426 1
60298 110357 3
60298 122228 1
60298 123751 1
60356 52705 1
60356 61134 1
60356 61140 1
60356 61141 1
60356 61142 1
60356 61143 1
60356 76597 1
61134 28748 1
61134 42895 1
61134 43649 1
61134 43651 1
61134 52705 1
61134 60356 1
61134 61133 1
61134 61135 1
61134 61136 1
61134 61137 1
61134 61138 1
61134 61139 1
61134 61140 1
61134 61141 1
61134 61142 1
61134 61143 1
61134 64385 1
61134 64868 1
61134 64869 1
61134 74790 1
61134 76597 1
61134 121892 1
61140 52705 1
61140 60356 1
61140 61134 1
61140 61141 1
61140 61142 1
61140 61143 1
61140 76597 1
61141 52705 1
61141 60356 1
61141 61134 1
61141 61140 1
61141 61142 1
61141 61143 1
61141 76597 1
61142 52705 1
61142 60356 1
61142 61134 1
61142 61140 1
61142 61141 1
61142 61143 1
61142 76597 1
61143 52705 1
61143 60356 1
61143 61134 1
61143 61140 1
61143 61141 1
61143 61142 1
61143 76597 1
64873 60298 1
64873 64867 1
64873 71818 1
64873 75469 1
64873 76597 1
64873 82655 1
64873 84112 1
64873 103426 1
64873 123751 1
71818 60298 1
71818 64867 1
71818 64873 1
71818 73876 1
71818 74489 1
71818 75469 1
71818 76121 1
71818 76597 1
71818 76598 1
71818 77945 1
71818 82655 1
71818 84112 1
71818 103426 1
71818 123751 1
75469 60298 1
75469 64867 1
75469 64873 1
75469 71818 1
75469 76597 1
75469 82655 1
75469 84112 1
75469 103426 1
75469 123751 1
82655 60298 1
82655 64867 1
82655 64873 1
82655 64878 1
82655 64879 1
82655 64882 1
82655 64889 1
82655 70308 1
82655 70443 1
82655 71818 1
82655 73876 1
82655 73996 1
82655 74789 1
82655 74978 1
82655 75469 1
82655 76480 1
82655 76597 1
82655 76598 1
82655 77944 1
82655 77945 1
82655 82652 1
82655 82653 1
82655 82654 3
82655 82656 1
82655 82657 1
82655 84112 1
82655 93207 1
82655 96145 1
82655 99639 1
82655 103426 4
82655 110357 2
82655 115045 1
82655 121889 1
82655 123751 1
64891 64870 1
64891 64879 1
64891 70313 1
64891 70443 1
64891 71314 1
64891 73996 1
64891 74793 1
64891 81743 1
64891 108028 1
70313 56052 1
70313 60298 1
70313 60357 1
70313 64012 1
70313 64042 1
70313 64879 2
70313 64891 1
70313 70443 2
70313 71314 1
70313 71813 1
70313 74791 1
70313 74793 1
70313 76121 1
70313 76600 1
70313 81743 1
70313 82652 1
70313 82653 1
70313 82657 1
70313 103426 1
70313 110357 1
70443 56052 1
70443 60357 1
70443 64042 1
70443 64891 1
70443 70313 2
70443 71314 1
70443 73876 1
70443 73996 1
70443 74793 1
70443 76480 1
70443 76600 1
70443 77944 1
70443 77945 1
70443 81743 1
70443 82654 1
70443 82655 1
70443 93207 1
70443 99639 1
70443 103426 1
74793 64891 1
74793 70308 1
74793 70313 1
74793 70443 1
74793 74789 1
74793 74790 1
74793 74791 1
74793 74792 1
74793 76602 1
74793 81743 1
70308 43653 1
70308 64878 1
70308 64879 1
70308 64889 1
70308 74789 1
70308 74793 1
70308 74978 1
70308 76598 1
70308 82652 1
70308 82653 1
70308 82654 1
70308 82655 1
70308 82656 1
70308 82657 1
70308 86753 1
70308 96145 1
70308 103426 1
70308 110357 1
70308 115045 1
74789 49795 1
74789 64878 1
74789 64879 1
74789 64889 1
74789 70308 1
74789 74790 1
74789 74791 1
74789 74792 1
74789 74793 1
74789 74978 1
74789 76598 1
74789 76602 1
74789 82652 1
74789 82653 1
74789 82654 1
74789 82655 1
74789 82656 1
74789 82657 1
74789 96145 1
74789 103426 1
74789 108028 1
74789 110357 1
74789 115045 1
74789 115373 1
77945 70443 1
77945 71818 1
77945 73876 2
77945 73996 1
77945 74489 1
77945 76121 1
77945 76480 1
77945 76598 1
77945 77944 1
77945 82654 1
77945 82655 1
77945 93207 1
77945 99639 1
77945 103426 1
82652 60298 1
82652 64012 1
82652 64878 1
82652 64879 2
82652 64889 1
82652 70308 1
82652 70313 1
82652 74789 1
82652 74791 1
82652 74978 1
82652 76121 1
82652 76598 1
82652 82653 2
82652 82654 1
82652 82655 1
82652 82656 1
82652 82657 1
82652 96145 1
82652 103426 1
82652 110357 2
82652 115045 1
82656 64878 1
82656 64879 1
82656 64889 1
82656 70308 1
82656 74789 1
82656 74978 1
82656 76598 1
82656 82652 1
82656 82653 1
82656 82654 1
82656 82655 1
82656 82657 2
82656 86753 1
82656 96145 1
82656 103426 1
82656 110357 1
82656 115045 1
82657 61138 1
82657 64878 1
82657 64879 2
82657 64889 1
82657 70308 1
82657 70313 1
82657 71813 1
82657 74789 1
82657 74978 1
82657 76429 1
82657 76598 1
82657 82652 1
82657 82653 1
82657 82654 1
82657 82655 1
82657 82656 2
82657 86753 1
82657 96145 1
82657 103426 2
82657 110357 1
82657 115045 1
56052 60357 1
56052 64042 1
56052 70313 1
56052 70443 1
56052 71314 1
56052 76600 1
60357 56052 1
60357 64042 1
60357 70313 1
60357 70443 1
60357 71314 1
60357 76600 1
64042 56052 1
64042 60357 1
64042 70313 1
64042 70443 1
64042 71314 1
64042 76600 1
64866 70310 1
64866 76600 1
64866 99637 1
70310 64866 1
70310 76600 1
70310 99637 1
71314 56052 1
71314 60357 1
71314 64042 1
71314 64891 1
71314 70313 1
71314 70443 1
71314 76600 1
71314 76861 1
74790 28748 1
74790 43651 1
74790 61133 1
74790 61134 1
74790 61135 1
74790 61136 1
74790 61137 1
74790 61138 1
74790 61139 1
74790 64385 1
74790 64868 1
74790 64869 1
74790 74789 1
74790 74791 1
74790 74792 1
74790 74793 1
74790 76602 1
74790 121892 1
74792 64017 1
74792 64018 1
74792 71797 1
74792 71798 1
74792 71799 1
74792 71800 1
74792 71801 1
74792 71802 1
74792 71803 1
74792 71804 1
74792 71805 1
74792 71806 1
74792 71808 1
74792 71809 1
74792 71810 1
74792 71811 1
74792 74789 1
74792 74790 1
74792 74791 2
74792 74793 1
74792 76602 1
76671 74978 1
76671 74979 1
76671 76603 1
86732 57772 1
86732 60298 1
86732 61138 1
86732 71813 1
86732 76430 1
86732 76603 1
86732 86733 1
86732 95710 1
86732 98748 1
86732 110357 1
86732 118134 1
76861 71314 1
76861 76862 1
78619 112774 1
78619 113359 1
78619 115371 1
78619 116469 1
78619 117399 1
108164 64879 1
108164 76430 1
108164 108163 1
108164 115371 1
111102 91549 1
111102 115371 1
111102 121097 1
111506 74978 1
111506 76430 1
111506 107868 1
111506 108028 2
111506 111504 1
111506 111505 2
111506 112842 1
111506 115371 3
111506 117399 1
111506 121097 1
111506 121877 1
111506 123029 1
115372 115371 1
115372 115373 2
116469 78619 1
116469 103426 1
116469 110357 1
116469 111504 1
116469 115371 1
116469 116616 1
116469 118134 2
111504 64881 1
111504 76121 1
111504 103426 1
111504 108163 1
111504 110357 1
111504 111505 1
111504 111506 1
111504 116469 1
111504 116616 1
111504 118134 1
111504 121097 2
111504 121877 1
71811 64017 1
71811 64018 1
71811 71797 1
71811 71798 1
71811 71799 1
71811 71800 1
71811 71801 1
71811 71802 1
71811 71803 1
71811 71804 1
71811 71805 1
71811 71806 1
71811 71808 1
71811 71809 1
71811 71810 1
71811 74204 1
71811 74791 1
71811 74792 1
71811 116617 1
74204 71811 1
74204 74202 1
74204 74203 1
74204 95711 1
74204 99639 1
74204 116617 1
84682 70309 1
84682 84112 1
84682 110357 1
84682 123029 1
84682 123658 1
61138 28748 1
61138 43651 1
61138 61133 1
61138 61134 1
61138 61135 1
61138 61136 1
61138 61137 1
61138 61139 1
61138 64385 1
61138 64868 1
61138 64869 1
61138 74790 1
61138 76429 2
61138 76430 2
61138 82657 1
61138 86732 1
61138 95710 1
61138 98748 1
61138 110357 1
61138 118134 2
61138 121892 1
64012 60298 1
64012 64879 1
64012 64889 1
64012 70313 1
64012 74791 1
64012 74978 1
64012 76121 1
64012 82652 1
64012 82653 1
64012 84112 1
64012 84113 1
64012 84114 1
64012 86580 1
64012 91170 1
64012 95711 1
64012 102720 1
64012 110357 1
64012 118134 1
84114 64012 1
84114 64889 1
84114 74978 1
84114 84112 1
84114 84113 1
84114 86580 1
84114 91170 1
84114 95711 1
84114 102720 1
84114 118134 1
86580 43647 1
86580 64012 1
86580 64889 1
86580 74978 1
86580 84112 1
86580 84113 1
86580 84114 1
86580 86579 1
86580 91170 1
86580 95640 1
86580 95711 1
86580 102720 1
86580 118134 1
91170 64012 1
91170 64879 1
91170 64889 1
91170 74978 1
91170 84112 1
91170 84113 1
91170 84114 1
91170 86580 1
91170 95711 1
91170 102720 1
91170 118134 1
95711 64012 1
95711 64889 1
95711 74202 1
95711 74203 1
95711 74204 1
95711 74978 1
95711 84112 1
95711 84113 1
95711 84114 1
95711 86580 1
95711 91170 1
95711 95710 1
95711 99639 1
95711 102720 1
95711 118134 1
64882 64867 1
64882 64871 1
64882 82654 1
64882 82655 1
64882 103426 1
60689 73696 1
60689 116883 1
116883 60689 1
116883 73696 1
64880 64879 1
64880 74978 1
122228 60298 1
122228 74978 1
122228 90007 1
122228 95830 1
122228 110357 1
122228 122229 2
122228 122230 2
122228 123029 1
123029 70309 1
123029 74978 1
123029 76124 1
123029 84112 2
123029 84682 1
123029 90007 1
123029 107092 1
123029 107868 1
123029 108028 2
123029 111505 1
123029 111506 1
123029 112842 1
123029 117399 1
123029 121877 1
123029 122228 1
73996 64879 1
73996 64891 1
73996 70443 1
73996 73876 1
73996 76480 1
73996 77944 1
73996 77945 1
73996 82654 1
73996 82655 1
73996 93207 1
73996 99639 1
73996 103426 1
73996 108362 1
76480 70443 1
76480 73876 1
76480 73996 1
76480 76120 1
76480 77944 1
76480 77945 1
76480 82654 1
76480 82655 1
76480 93206 1
76480 93207 1
76480 99639 1
76480 103426 1
77944 70443 1
77944 73876 1
77944 73996 1
77944 76480 1
77944 77945 1
77944 82654 1
77944 82655 1
77944 93207 1
77944 99639 1
77944 103426 1
93207 36326 1
93207 61136 1
93207 64015 1
93207 64017 1
93207 64872 1
93207 64889 1
93207 70443 1
93207 71797 1
93207 73876 1
93207 73996 1
93207 76120 1
93207 76480 1
93207 77944 1
93207 77945 1
93207 82654 1
93207 82655 1
93207 93206 2
93207 93208 2
93207 95710 1
93207 99637 1
93207 99639 1
93207 103426 1
93207 121264 1
93207 121892 1
70309 84112 1
70309 84682 1
70309 123029 1
71804 64017 1
71804 64018 1
71804 71797 1
71804 71798 1
71804 71799 1
71804 71800 1
71804 71801 1
71804 71802 1
71804 71803 1
71804 71805 1
71804 71806 1
71804 71808 1
71804 71809 1
71804 71810 1
71804 71811 1
71804 74791 1
71804 74792 1
71804 84112 1
118168 96145 1
118168 122229 1
122229 96145 1
122229 118168 1
122229 122228 2
122229 122230 1
107092 108028 2
107092 123029 1
107868 108028 1
107868 111505 1
107868 111506 1
107868 112842 1
107868 117399 1
107868 121877 1
107868 123029 1
112842 107868 1
112842 108028 1
112842 111505 1
112842 111506 1
112842 117399 1
112842 121877 1
112842 123029 1
121877 107868 1
121877 108028 1
121877 111504 1
121877 111505 1
121877 111506 1
121877 112842 1
121877 117399 1
121877 123029 1
121726 102720 1
121726 111505 1
121726 113358 1
76544 55116 1
76544 64869 1
76544 64879 1
76544 71797 1
76544 74791 1
73923 73922 1
83215 83138 1
83215 89356 1
89356 83138 1
89356 83215 1
89356 122152 1
116899 83138 1
61136 28748 1
61136 43651 1
61136 61133 1
61136 61134 1
61136 61135 1
61136 61137 1
61136 61138 1
61136 61139 1
61136 64015 1
61136 64385 1
61136 64868 1
61136 64869 1
61136 74790 1
61136 93207 1
61136 99637 1
61136 121892 1
79929 43653 1
79929 43655 1
79929 55116 1
79929 64015 1
79929 76124 1
79929 85929 1
79929 86753 1
79929 99637 1
113361 99637 1
64865 60298 1
64865 110357 1
95830 60298 1
95830 110357 1
95830 122228 1
121889 82655 1
121889 110357 1
78113 113357 1
70439 64883 1
70439 76121 1
70439 97108 1
70439 97109 1
70439 112774 1
70439 113359 1
97108 64883 1
97108 70439 1
97108 76121 1
97108 97109 1
97108 112774 1
97108 113359 1
112774 64883 1
112774 70439 1
112774 76121 1
112774 78619 1
112774 97108 1
112774 97109 1
112774 113359 2
59179 92587 1
59179 119659 1
59179 124601 1
92587 59179 1
92587 119659 1
92587 124601 1
119659 59179 1
119659 92587 1
119659 124601 1
36326 64017 1
36326 64872 1
36326 64889 1
36326 71797 1
36326 76120 1
36326 93206 1
36326 93207 1
36326 93208 1
36326 95710 1
36326 121264 1
64017 35804 1
64017 36326 1
64017 64018 1
64017 64872 1
64017 64888 1
64017 64889 1
64017 70437 1
64017 71797 2
64017 71798 1
64017 71799 1
64017 71800 1
64017 71801 1
64017 71802 1
64017 71803 1
64017 71804 1
64017 71805 1
64017 71806 1
64017 71808 2
64017 71809 1
64017 71810 1
64017 71811 1
64017 74791 1
64017 74792 1
64017 76120 1
64017 76430 2
64017 93206 1
64017 93207 1
64017 93208 1
64017 95710 1
64017 121264 1
76120 36326 1
76120 64017 1
76120 64872 1
76120 64889 1
76120 71797 1
76120 76480 1
76120 93206 3
76120 93207 1
76120 93208 1
76120 95710 1
76120 121264 1
93206 36326 1
93206 64017 1
93206 64872 1
93206 64889 1
93206 71797 1
93206 76120 3
93206 76480 1
93206 93207 2
93206 93208 2
93206 95710 1
93206 121264 1
93206 121892 1
93208 36326 1
93208 64017 1
93208 64872 1
93208 64889 1
93208 71797 1
93208 76120 1
93208 93206 2
93208 93207 2
93208 95710 1
93208 121264 1
93208 121892 1
121264 36326 1
121264 64017 1
121264 64872 1
121264 64889 1
121264 71797 1
121264 76120 1
121264 93206 1
121264 93207 1
121264 93208 1
121264 95710 1
86733 60298 1
86733 71813 1
86733 86732 1
64018 64017 1
64018 71797 1
64018 71798 1
64018 71799 1
64018 71800 1
64018 71801 1
64018 71802 1
64018 71803 1
64018 71804 1
64018 71805 1
64018 71806 1
64018 71808 1
64018 71809 1
64018 71810 1
64018 71811 1
64018 74791 1
64018 74792 1
71798 52703 1
71798 52704 1
71798 52705 1
71798 52706 1
71798 52707 1
71798 64017 1
71798 64018 1
71798 64385 1
71798 71797 1
71798 71799 1
71798 71800 1
71798 71801 1
71798 71802 1
71798 71803 1
71798 71804 1
71798 71805 1
71798 71806 2
71798 71808 1
71798 71809 1
71798 71810 1
71798 71811 1
71798 74791 1
71798 74792 1
71799 64017 1
71799 64018 1
71799 71797 1
71799 71798 1
71799 71800 1
71799 71801 1
71799 71802 1
71799 71803 1
71799 71804 1
71799 71805 1
71799 71806 1
71799 71808 1
71799 71809 1
71799 71810 1
71799 71811 1
71799 74791 1
71799 74792 1
71800 64017 1
71800 64018 1
71800 71797 1
71800 71798 1
71800 71799 1
71800 71801 1
71800 71802 1
71800 71803 1
71800 71804 1
71800 71805 1
71800 71806 1
71800 71808 1
71800 71809 1
71800 71810 1
71800 71811 1
71800 74791 1
71800 74792 1
71801 64017 1
71801 64018 1
71801 71797 1
71801 71798 1
71801 71799 1
71801 71800 1
71801 71802 1
71801 71803 1
71801 71804 1
71801 71805 1
71801 71806 1
71801 71808 1
71801 71809 1
71801 71810 1
71801 71811 1
71801 74791 1
71801 74792 1
71802 64017 1
71802 64018 1
71802 71797 1
71802 71798 1
71802 71799 1
71802 71800 1
71802 71801 1
71802 71803 1
71802 71804 1
71802 71805 1
71802 71806 1
71802 71808 1
71802 71809 1
71802 71810 1
71802 71811 1
71802 74791 1
71802 74792 1
71803 64017 1
71803 64018 1
71803 71797 1
71803 71798 1
71803 71799 1
71803 71800 1
71803 71801 1
71803 71802 1
71803 71804 1
71803 71805 1
71803 71806 1
71803 71808 1
71803 71809 1
71803 71810 1
71803 71811 1
71803 74791 1
71803 74792 1
71805 64017 1
71805 64018 1
71805 71797 1
71805 71798 1
71805 71799 1
71805 71800 1
71805 71801 1
71805 71802 1
71805 71803 1
71805 71804 1
71805 71806 1
71805 71808 1
71805 71809 1
71805 71810 1
71805 71811 1
71805 74791 1
71805 74792 1
71806 52703 1
71806 52704 1
71806 52705 1
71806 52706 1
71806 52707 1
71806 57772 1
71806 64017 1
71806 64018 1
71806 64385 1
71806 71797 1
71806 71798 2
71806 71799 1
71806 71800 1
71806 71801 1
71806 71802 1
71806 71803 1
71806 71804 1
71806 71805 1
71806 71808 1
71806 71809 1
71806 71810 1
71806 71811 1
71806 74791 1
71806 74792 1
71809 64017 1
71809 64018 1
71809 71797 1
71809 71798 1
71809 71799 1
71809 71800 1
71809 71801 1
71809 71802 1
71809 71803 1
71809 71804 1
71809 71805 1
71809 71806 1
71809 71808 1
71809 71810 1
71809 71811 1
71809 74791 1
71809 74792 1
64881 76121 1
64881 108163 1
64881 111504 1
48625 67032 1
48625 88434 1
124249 67032 1
119724 69171 1
119724 97385 1
119724 121778 1
91543 91545 1
91543 91546 1
91543 91547 1
91543 91548 1
91543 91549 1
91543 97700 1
91543 99967 1
91545 91543 1
91545 91546 1
91545 91547 1
91545 91548 1
91545 91549 1
91545 97700 1
91545 99967 1
91546 91543 1
91546 91545 1
91546 91547 1
91546 91548 1
91546 91549 1
91546 97700 1
91546 99967 1
91547 91543 1
91547 91545 1
91547 91546 1
91547 91548 1
91547 91549 1
91547 97700 1
91547 99967 1
91548 91543 1
91548 91545 1
91548 91546 1
91548 91547 1
91548 91549 1
91548 97700 1
91548 99967 1
91549 91543 1
91549 91545 1
91549 91546 1
91549 91547 1
91549 91548 1
91549 97700 1
91549 99967 1
91549 111102 1
97700 91543 1
97700 91545 1
97700 91546 1
97700 91547 1
97700 91548 1
97700 91549 1
97700 99967 1
113476 99967 1
113476 113474 2
113476 113475 2
113476 113478 2
113476 117208 1
74202 74203 1
74202 74204 1
74202 95711 1
74202 99639 1
74203 74202 1
74203 74204 1
74203 95711 1
74203 99639 1
60750 85453 1
60750 100181 1
60750 106465 1
60750 115374 1
72238 76740 1
72238 106465 1
72238 108166 1
72238 112154 1
76488 100661 1
76488 106465 1
76740 72238 1
76740 93779 1
76740 106465 1
76740 113313 1
85453 60750 1
85453 100181 1
85453 106465 1
85453 115374 1
89080 106465 1
93197 106465 1
93779 76740 1
93779 106465 1
93779 113313 1
97842 106465 1
100181 60750 1
100181 85453 1
100181 106465 1
100181 115374 1
100661 76488 1
100661 106465 1
101124 100401 1
101124 106465 1
101124 109010 1
108166 72238 1
108166 106465 1
108166 112154 1
109010 100918 1
109010 101124 1
109010 106465 1
109010 122815 1
112154 72238 1
112154 106465 1
112154 108166 1
113313 76740 1
113313 93779 1
113313 106465 1
115374 60750 1
115374 85453 1
115374 100181 1
115374 106465 1
71817 43658 1
28748 43651 1
28748 61133 1
28748 61134 1
28748 61135 1
28748 61136 1
28748 61137 1
28748 61138 1
28748 61139 1
28748 64385 1
28748 64868 1
28748 64869 1
28748 74790 1
28748 121892 1
43651 28748 1
43651 61133 1
43651 61134 1
43651 61135 1
43651 61136 1
43651 61137 1
43651 61138 1
43651 61139 1
43651 64385 1
43651 64868 1
43651 64869 1
43651 74790 1
43651 121892 2
52703 52704 1
52703 52705 1
52703 52706 1
52703 52707 1
52703 64385 1
52703 71798 1
52703 71806 1
52704 52703 1
52704 52705 1
52704 52706 1
52704 52707 1
52704 64385 1
52704 71798 1
52704 71806 1
52706 52703 1
52706 52704 1
52706 52705 1
52706 52707 1
52706 64385 1
52706 71798 1
52706 71806 1
52707 52703 1
52707 52704 1
52707 52705 1
52707 52706 1
52707 64385 1
52707 71798 1
52707 71806 1
61133 28748 1
61133 43651 1
61133 61134 1
61133 61135 1
61133 61136 1
61133 61137 1
61133 61138 1
61133 61139 1
61133 64385 1
61133 64868 1
61133 64869 1
61133 74790 1
61133 121892 1
61137 28748 1
61137 43651 1
61137 61133 1
61137 61134 1
61137 61135 1
61137 61136 1
61137 61138 1
61137 61139 1
61137 64385 1
61137 64868 1
61137 64869 1
61137 74790 1
61137 121892 1
61139 28748 1
61139 43651 1
61139 61133 1
61139 61134 1
61139 61135 1
61139 61136 1
61139 61137 1
61139 61138 1
61139 64385 1
61139 64868 1
61139 64869 1
61139 74790 1
61139 121892 1
64868 28748 1
64868 43651 1
64868 61133 1
64868 61134 1
64868 61135 1
64868 61136 1
64868 61137 1
64868 61138 1
64868 61139 1
64868 64385 1
64868 64869 1
64868 74790 1
64868 121892 1
64869 28748 1
64869 43651 1
64869 61133 1
64869 61134 1
64869 61135 1
64869 61136 1
64869 61137 1
64869 61138 1
64869 61139 1
64869 64385 1
64869 64868 1
64869 74790 1
64869 76544 1
64869 121892 1
121892 28748 1
121892 43651 2
121892 61133 1
121892 61134 1
121892 61135 1
121892 61136 1
121892 61137 1
121892 61138 1
121892 61139 1
121892 64385 1
121892 64868 1
121892 64869 1
121892 74790 1
121892 93206 1
121892 93207 1
121892 93208 1
43653 43655 1
43653 55116 1
43653 70308 1
43653 76124 1
43653 79929 1
43653 85929 1
43653 86753 2
43655 43653 1
43655 55116 1
43655 76124 1
43655 79929 1
43655 85929 1
43655 86753 1
42895 43649 1
42895 61134 1
60115 76430 1
52451 35804 1
100401 101124 1
100918 109010 1
100918 122815 1
122815 100918 1
122815 109010 1
43647 86579 1
43647 86580 1
43647 95640 1
86579 43647 1
86579 86580 1
86579 95640 1
95640 43647 1
95640 86579 1
95640 86580 1
108362 73996 1
113474 113475 3
113474 113476 2
113474 113478 2
113474 117208 1
113475 113474 3
113475 113476 2
113475 113478 2
113475 117208 1
113478 113474 2
113478 113475 2
113478 113476 2
113478 117208 1
117208 113474 1
117208 113475 1
117208 113476 1
117208 113478 1
97385 119724 1
97385 121778 1
121778 97385 1
121778 119724 1
88434 48625 1
122230 122228 2
122230 122229 1
122152 89356 1
64870 64891 1
