95920 95919 1
95919 91456 1
95919 93033 1
95919 93034 1
95919 95920 1
95919 98422 1
95919 100147 1
91456 63166 1
91456 77287 1
91456 77299 1
91456 80174 1
91456 80830 1
91456 82979 1
91456 82980 1
91456 82981 1
91456 83404 1
91456 83889 1
91456 83891 1
91456 83894 1
91456 83899 2
91456 83902 2
91456 83909 2
91456 83910 2
91456 83912 1
91456 83913 1
91456 85254 1
91456 85701 2
91456 88427 1
91456 88880 1
91456 91434 1
91456 91437 1
91456 91634 1
91456 93256 1
91456 93454 1
91456 94193 1
91456 95919 1
91456 96233 1
91456 96405 1
91456 97563 1
91456 97564 1
91456 98356 1
91456 98422 1
91456 98622 1
91456 98814 1
91456 100147 1
91456 101077 1
91456 101171 1
91456 102747 1
91456 104473 1
91456 104756 2
91456 106361 1
91456 106362 1
91456 106363 1
91456 106364 1
91456 106365 1
91456 106366 1
91456 106367 2
91456 106369 1
91456 106370 1
91456 106371 1
91456 106372 1
91456 106491 1
91456 106554 1
91456 109051 1
91456 109056 1
91456 109684 1
91456 115778 1
91456 117482 1
91456 125173 1
93033 76992 1
93033 76993 1
93033 78645 1
93033 78652 2
93033 91577 1
93033 93034 1
93033 95919 1
93034 93033 1
93034 95919 1
98422 80151 1
98422 80169 1
98422 91456 1
98422 93458 1
98422 95919 1
98422 98421 1
98422 98509 1
98422 98977 1
98422 100147 1
98422 101077 1
98422 106143 1
98422 109976 1
98422 113415 1
100147 77291 1
100147 80174 1
100147 83515 1
100147 85704 1
100147 85710 1
100147 85711 1
100147 85713 1
100147 87924 1
100147 91160 1
100147 91265 1
100147 91441 1
100147 91456 1
100147 95919 1
100147 96009 1
100147 96231 1
100147 97556 1
100147 98422 1
100147 98616 1
100147 99624 1
100147 100146 1
100147 102736 1
100147 102737 1
100147 102738 1
100147 102739 1
100147 102740 1
100147 102741 1
100147 106375 1
100147 106843 1
63166 77287 1
63166 82979 1
63166 82980 1
63166 82981 1
63166 83889 1
63166 83899 1
63166 83902 1
63166 83909 1
63166 83910 1
63166 83912 1
63166 83913 1
63166 91434 1
63166 91456 1
63166 91634 1
63166 94193 1
63166 96405 1
77287 63166 1
77287 82979 1
77287 82980 1
77287 82981 1
77287 83889 1
77287 83899 1
77287 83902 1
77287 83909 1
77287 83910 1
77287 83912 1
77287 83913 1
77287 83918 1
77287 91434 1
77287 91456 1
77287 91634 1
77287 94193 4
77287 96405 1
77299 83404 1
77299 83894 1
77299 83899 1
77299 83902 1
77299 83909 1
77299 83910 1
77299 85254 1
77299 88880 1
77299 91437 1
77299 91456 1
80174 77291 1
80174 77311 1
80174 83891 1
80174 83899 1
80174 83902 1
80174 83909 1
80174 83913 1
80174 85710 2
80174 91456 1
80174 96231 1
80174 96405 1
80174 98814 1
80174 99624 1
80174 100146 1
80174 100147 1
80174 101077 1
80174 104756 2
80174 109684 1
80830 47993 1
80830 60367 1
80830 60368 1
80830 67534 1
80830 84230 1
80830 91456 1
80830 93256 1
80830 97563 1
80830 97564 1
80830 98356 1
80830 101171 1
80830 102747 1
80830 104756 1
80830 106367 1
80830 115778 1
80830 117482 1
82979 63166 1
82979 77287 1
82979 82980 1
82979 82981 1
82979 83889 1
82979 83899 1
82979 83902 1
82979 83909 1
82979 83910 1
82979 83912 1
82979 83913 1
82979 91434 1
82979 91456 1
82979 91634 1
82979 94193 1
82979 96405 1
82980 63166 1
82980 77287 1
82980 82979 1
82980 82981 2
82980 83889 1
82980 83899 1
82980 83902 1
82980 83909 1
82980 83910 1
82980 83912 1
82980 83913 1
82980 87924 1
82980 91434 1
82980 91456 1
82980 91634 2
82980 94193 1
82980 96230 1
82980 96405 1
82981 63166 1
82981 77287 1
82981 82979 1
82981 82980 2
82981 83889 1
82981 83899 1
82981 83902 1
82981 83909 1
82981 83910 1
82981 83912 1
82981 83913 1
82981 87924 1
82981 91434 1
82981 91456 1
82981 91634 2
82981 94193 1
82981 96230 1
82981 96405 1
82981 106372 1
82981 107884 1
82981 114212 1
83404 75753 1
83404 77299 1
83404 79238 1
83404 79239 1
83404 82033 1
83404 83894 1
83404 83899 1
83404 83902 1
83404 83909 1
83404 83910 1
83404 84096 1
83404 84097 1
83404 84100 1
83404 85254 1
83404 86767 1
83404 88880 1
83404 91437 1
83404 91456 1
83889 63166 1
83889 77287 1
83889 82979 1
83889 82980 1
83889 82981 1
83889 83899 1
83889 83902 1
83889 83909 1
83889 83910 1
83889 83912 1
83889 83913 1
83889 91434 1
83889 91456 1
83889 91634 1
83889 94193 1
83889 96405 1
83891 80174 1
83891 91456 1
83891 101077 1
83891 104756 1
83891 109684 1
83891 109980 1
83894 77299 1
83894 83404 1
83894 83899 1
83894 83902 1
83894 83909 1
83894 83910 1
83894 85254 1
83894 85704 1
83894 88880 1
83894 91437 1
83894 91456 1
83899 42650 1
83899 63166 1
83899 77287 1
83899 77299 1
83899 80174 1
83899 82979 1
83899 82980 1
83899 82981 1
83899 83404 1
83899 83889 1
83899 83894 1
83899 83902 3
83899 83909 3
83899 83910 2
83899 83912 1
83899 83913 2
83899 85254 1
83899 88880 1
83899 89419 1
83899 91434 1
83899 91437 1
83899 91456 2
83899 91634 1
83899 93031 1
83899 94193 1
83899 96405 1
83902 63166 1
83902 77287 1
83902 77299 1
83902 80174 1
83902 82979 1
83902 82980 1
83902 82981 1
83902 83404 1
83902 83889 1
83902 83894 1
83902 83899 3
83902 83909 3
83902 83910 2
83902 83912 1
83902 83913 2
83902 85254 1
83902 88880 1
83902 91434 1
83902 91437 1
83902 91456 2
83902 91634 1
83902 94193 1
83902 96405 1
83909 63166 1
83909 77287 1
83909 77299 1
83909 80174 1
83909 82979 1
83909 82980 1
83909 82981 1
83909 83404 1
83909 83889 1
83909 83894 1
83909 83899 3
83909 83902 3
83909 83910 2
83909 83912 1
83909 83913 2
83909 85254 1
83909 88880 1
83909 91434 1
83909 91437 1
83909 91456 2
83909 91634 1
83909 94193 1
83909 96405 1
83910 63166 1
83910 77287 1
83910 77299 1
83910 82979 1
83910 82980 1
83910 82981 1
83910 83404 1
83910 83889 1
83910 83894 1
83910 83899 2
83910 83902 2
83910 83909 2
83910 83912 1
83910 83913 1
83910 85254 1
83910 88880 1
83910 91434 1
83910 91437 1
83910 91456 2
83910 91634 1
83910 94193 1
83910 96405 1
83910 101171 1
83912 63166 1
83912 77287 1
83912 82979 1
83912 82980 1
83912 82981 1
83912 83889 1
83912 83899 1
83912 83902 1
83912 83909 1
83912 83910 1
83912 83913 1
83912 91434 1
83912 91456 1
83912 91634 1
83912 94193 1
83912 96405 1
83913 63166 1
83913 77287 1
83913 80174 1
83913 82979 1
83913 82980 1
83913 82981 1
83913 83889 1
83913 83899 2
83913 83902 2
83913 83909 2
83913 83910 1
83913 83912 1
83913 91434 1
83913 91456 1
83913 91634 1
83913 94193 1
83913 96405 1
85254 77299 1
85254 83404 1
85254 83894 1
85254 83899 1
85254 83902 1
85254 83909 1
85254 83910 1
85254 88880 1
85254 91437 1
85254 91456 1
85701 91434 1
85701 91456 2
85701 96233 2
85701 98622 1
85701 99690 1
85701 105467 1
85701 106361 1
85701 106362 2
85701 106363 1
85701 106364 2
85701 106365 1
85701 106366 2
85701 106367 1
85701 106369 1
85701 106370 2
85701 106371 1
85701 106372 1
85701 106373 1
85701 106491 1
85701 106554 1
85701 109056 1
85701 125173 1
85701 125568 1
88427 47095 1
88427 78479 1
88427 91456 1
88427 93454 1
88427 98814 1
88427 104473 1
88427 109051 1
88427 110211 1
88427 117574 1
88427 119734 1
88427 119757 1
88427 124434 1
88880 77299 1
88880 83404 1
88880 83894 1
88880 83899 1
88880 83902 1
88880 83909 1
88880 83910 1
88880 85254 1
88880 91437 1
88880 91456 1
91434 63166 1
91434 77287 1
91434 82979 1
91434 82980 1
91434 82981 1
91434 83889 1
91434 83899 1
91434 83902 1
91434 83909 1
91434 83910 1
91434 83912 1
91434 83913 1
91434 85701 1
91434 85710 1
91434 91456 1
91434 91634 1
91434 94193 1
91434 96233 1
91434 96405 1
91434 98977 1
91434 99690 1
91434 105458 1
91434 105467 1
91434 106362 1
91434 106364 1
91434 106366 1
91434 106373 1
91434 109051 1
91434 109988 1
91434 125568 1
91437 77299 1
91437 83404 1
91437 83894 1
91437 83899 1
91437 83902 1
91437 83909 1
91437 83910 1
91437 85254 1
91437 88880 1
91437 91456 1
91634 63166 1
91634 77287 1
91634 82979 1
91634 82980 2
91634 82981 2
91634 83889 1
91634 83899 1
91634 83902 1
91634 83909 1
91634 83910 1
91634 83912 1
91634 83913 1
91634 84569 1
91634 87924 1
91634 91434 1
91634 91456 1
91634 94193 1
91634 96230 1
91634 96405 1
93256 80830 1
93256 86053 1
93256 91456 1
93256 97563 1
93256 97564 1
93256 98356 1
93256 101171 1
93256 102747 1
93256 103136 1
93256 104756 1
93256 106367 1
93256 110179 1
93256 115778 1
93256 117482 1
93256 126749 1
93454 88427 1
93454 91456 1
93454 93480 1
93454 98814 1
93454 104473 1
93454 104764 1
93454 105469 1
93454 109051 2
93454 109684 1
93454 110775 1
93454 110776 1
93454 124034 1
94193 63166 1
94193 77287 4
94193 82979 1
94193 82980 1
94193 82981 1
94193 83889 1
94193 83899 1
94193 83902 1
94193 83909 1
94193 83910 1
94193 83912 1
94193 83913 1
94193 91434 1
94193 91456 1
94193 91634 1
94193 96405 1
96233 85701 2
96233 85706 1
96233 91434 1
96233 91456 1
96233 93458 1
96233 96230 1
96233 96231 1
96233 96232 1
96233 96234 1
96233 98622 1
96233 98977 1
96233 106361 1
96233 106362 1
96233 106363 1
96233 106364 1
96233 106365 1
96233 106366 1
96233 106367 1
96233 106369 1
96233 106370 1
96233 106371 2
96233 106372 1
96233 106554 1
96233 109051 1
96233 109056 1
96233 125173 1
96405 63166 1
96405 73690 1
96405 77287 1
96405 80174 1
96405 82979 1
96405 82980 1
96405 82981 1
96405 83889 1
96405 83899 1
96405 83902 1
96405 83909 1
96405 83910 1
96405 83912 1
96405 83913 1
96405 91434 1
96405 91456 1
96405 91634 1
96405 94193 1
96405 96402 1
96405 96403 1
97563 80830 1
97563 91456 1
97563 93256 1
97563 97564 1
97563 98356 1
97563 101171 1
97563 102747 1
97563 104756 1
97563 106367 1
97563 115778 1
97563 117482 1
97564 80830 1
97564 91456 1
97564 93256 1
97564 97563 1
97564 98356 1
97564 101171 1
97564 102747 1
97564 104756 1
97564 106367 1
97564 115778 1
97564 117482 1
98356 80830 1
98356 91456 1
98356 93256 1
98356 95471 1
98356 96635 1
98356 97563 1
98356 97564 1
98356 98355 1
98356 101171 1
98356 102747 1
98356 104756 1
98356 106367 1
98356 115778 1
98356 117482 1
98622 85701 1
98622 91456 1
98622 96233 1
98622 106361 1
98622 106362 1
98622 106363 1
98622 106364 1
98622 106365 1
98622 106366 1
98622 106367 1
98622 106369 1
98622 106370 1
98622 106371 1
98622 106372 1
98622 106554 1
98622 109056 1
98622 125173 1
98814 80174 1
98814 85710 1
98814 88427 1
98814 91456 1
98814 93454 1
98814 104473 1
98814 106554 1
98814 109051 1
101077 80151 1
101077 80169 1
101077 80174 1
101077 83891 1
101077 91456 1
101077 93458 1
101077 98421 1
101077 98422 1
101077 98509 1
101077 98977 1
101077 104756 1
101077 106143 1
101077 109684 1
101077 109976 1
101077 113415 1
101171 80830 1
101171 83910 1
101171 91456 1
101171 93256 1
101171 97563 1
101171 97564 1
101171 98356 1
101171 102747 1
101171 104756 1
101171 106367 1
101171 115778 1
101171 117482 1
102747 70846 1
102747 80830 1
102747 91456 1
102747 93256 1
102747 93446 1
102747 97563 1
102747 97564 1
102747 98356 1
102747 101171 1
102747 104756 1
102747 106165 1
102747 106367 1
102747 114430 1
102747 115778 1
102747 117482 1
104473 88427 1
104473 91456 1
104473 93454 1
104473 98814 1
104473 109051 1
104756 80174 2
104756 80830 1
104756 83891 1
104756 85260 1
104756 91456 2
104756 93256 1
104756 93458 1
104756 94265 1
104756 97563 1
104756 97564 1
104756 98356 1
104756 101077 1
104756 101171 1
104756 102747 1
104756 104758 1
104756 106367 1
104756 109684 1
104756 115778 1
104756 117482 1
106361 85701 1
106361 91456 1
106361 96233 1
106361 98622 1
106361 106362 1
106361 106363 1
106361 106364 1
106361 106365 1
106361 106366 1
106361 106367 1
106361 106369 1
106361 106370 1
106361 106371 1
106361 106372 1
106361 106554 1
106361 109056 1
106361 125173 1
106362 85701 2
106362 91434 1
106362 91456 1
106362 96233 1
106362 98622 1
106362 98977 1
106362 99690 1
106362 105467 1
106362 106361 1
106362 106363 1
106362 106364 2
106362 106365 1
106362 106366 2
106362 106367 1
106362 106369 1
106362 106370 1
106362 106371 1
106362 106372 1
106362 106373 1
106362 106554 1
106362 109051 1
106362 109056 1
106362 125173 1
106362 125568 1
106363 85701 1
106363 91456 1
106363 96233 1
106363 98622 1
106363 106361 1
106363 106362 1
106363 106364 1
106363 106365 1
106363 106366 1
106363 106367 1
106363 106369 1
106363 106370 1
106363 106371 1
106363 106372 1
106363 106554 1
106363 109056 1
106363 125173 1
106364 85701 2
106364 91434 1
106364 91456 1
106364 96233 1
106364 98622 1
106364 99690 1
106364 105467 1
106364 106361 1
106364 106362 2
106364 106363 1
106364 106365 1
106364 106366 2
106364 106367 1
106364 106369 1
106364 106370 1
106364 106371 1
106364 106372 1
106364 106373 1
106364 106554 1
106364 109056 1
106364 125173 1
106364 125568 1
106365 44237 1
106365 77291 1
106365 85701 1
106365 85705 1
106365 85706 1
106365 89781 1
106365 91440 1
106365 91456 1
106365 96004 1
106365 96005 1
106365 96008 1
106365 96009 1
106365 96010 1
106365 96011 1
106365 96233 1
106365 98622 1
106365 106361 1
106365 106362 1
106365 106363 1
106365 106364 1
106365 106366 1
106365 106367 1
106365 106369 1
106365 106370 1
106365 106371 1
106365 106372 1
106365 106554 1
106365 109056 1
106365 125173 1
106366 85701 2
106366 91434 1
106366 91456 1
106366 96233 1
106366 98622 1
106366 99690 1
106366 105467 1
106366 106361 1
106366 106362 2
106366 106363 1
106366 106364 2
106366 106365 1
106366 106367 1
106366 106369 1
106366 106370 1
106366 106371 1
106366 106372 1
106366 106373 1
106366 106554 1
106366 109056 1
106366 125173 1
106366 125568 1
106367 80830 1
106367 85701 1
106367 91456 2
106367 93256 1
106367 96233 1
106367 97563 1
106367 97564 1
106367 98356 1
106367 98622 1
106367 101171 1
106367 102747 1
106367 104756 1
106367 106361 1
106367 106362 1
106367 106363 1
106367 106364 1
106367 106365 1
106367 106366 1
106367 106369 1
106367 106370 1
106367 106371 1
106367 106372 1
106367 106554 1
106367 109056 1
106367 115778 1
106367 117482 1
106367 125173 1
106369 85701 1
106369 91456 1
106369 96233 1
106369 98622 1
106369 106361 1
106369 106362 1
106369 106363 1
106369 106364 1
106369 106365 1
106369 106366 1
106369 106367 1
106369 106370 1
106369 106371 1
106369 106372 1
106369 106554 1
106369 109056 1
106369 125173 1
106370 85701 2
106370 91456 1
106370 96233 1
106370 98622 1
106370 106361 1
106370 106362 1
106370 106363 1
106370 106364 1
106370 106365 1
106370 106366 1
106370 106367 1
106370 106369 1
106370 106371 1
106370 106372 1
106370 106554 1
106370 109056 1
106370 125173 1
106371 85701 1
106371 91456 1
106371 96233 2
106371 98622 1
106371 106361 1
106371 106362 1
106371 106363 1
106371 106364 1
106371 106365 1
106371 106366 1
106371 106367 1
106371 106369 1
106371 106370 1
106371 106372 1
106371 106554 1
106371 109056 1
106371 120466 1
106371 125173 1
106371 126657 1
106372 74757 1
106372 82981 1
106372 85701 1
106372 91456 1
106372 96233 1
106372 98622 1
106372 106361 1
106372 106362 1
106372 106363 1
106372 106364 1
106372 106365 1
106372 106366 1
106372 106367 1
106372 106369 1
106372 106370 1
106372 106371 1
106372 106554 1
106372 107884 1
106372 109056 1
106372 114212 1
106372 125173 1
106491 85701 1
106491 91456 1
106491 91457 1
106491 96234 1
106491 98813 1
106491 102741 1
106491 109772 1
106491 110776 1
106491 112426 1
106554 63172 1
106554 78653 1
106554 85701 1
106554 91268 1
106554 91456 1
106554 96233 1
106554 98622 1
106554 98814 1
106554 106361 1
106554 106362 1
106554 106363 1
106554 106364 1
106554 106365 1
106554 106366 1
106554 106367 1
106554 106369 1
106554 106370 1
106554 106371 1
106554 106372 1
106554 109056 1
106554 111266 1
106554 118187 1
106554 125173 1
109051 88427 1
109051 91434 1
109051 91456 1
109051 93454 2
109051 93480 1
109051 96233 1
109051 98814 1
109051 98977 2
109051 104473 1
109051 104764 1
109051 105469 1
109051 106362 1
109051 109684 1
109051 110775 1
109051 110776 1
109051 124034 1
109056 85701 1
109056 91456 1
109056 96233 1
109056 98622 1
109056 98977 1
109056 106361 1
109056 106362 1
109056 106363 1
109056 106364 1
109056 106365 1
109056 106366 1
109056 106367 1
109056 106369 1
109056 106370 1
109056 106371 1
109056 106372 1
109056 106554 1
109056 125173 1
109684 80174 1
109684 83891 1
109684 91456 1
109684 93454 1
109684 93480 1
109684 100902 1
109684 101077 1
109684 104756 1
109684 104764 1
109684 105469 1
109684 109051 1
109684 110775 1
109684 110776 1
109684 124034 1
115778 59229 1
115778 69376 1
115778 78281 1
115778 80830 1
115778 91456 1
115778 93256 1
115778 97563 1
115778 97564 1
115778 98356 1
115778 101171 1
115778 101299 1
115778 102747 1
115778 104756 1
115778 105443 1
115778 106367 1
115778 110911 1
115778 112199 1
115778 115779 1
115778 116290 1
115778 117238 1
115778 117482 1
115778 121211 1
115778 124241 1
117482 80830 1
117482 91456 1
117482 93256 1
117482 97563 1
117482 97564 1
117482 98356 1
117482 101171 1
117482 102747 1
117482 104756 1
117482 106367 1
117482 115778 1
117482 124807 1
125173 85701 1
125173 91456 1
125173 96233 1
125173 98622 1
125173 106361 1
125173 106362 1
125173 106363 1
125173 106364 1
125173 106365 1
125173 106366 1
125173 106367 1
125173 106369 1
125173 106370 1
125173 106371 1
125173 106372 1
125173 106554 1
125173 109056 1
76992 76993 1
76992 78652 1
76992 91577 1
76992 93033 1
76993 76992 1
76993 78652 1
76993 91577 1
76993 93033 1
78645 54574 1
78645 63446 1
78645 65620 1
78645 76451 1
78645 76452 1
78645 78652 1
78645 79464 1
78645 80160 1
78645 82030 1
78645 82031 1
78645 82864 1
78645 82865 1
78645 83892 1
78645 93033 1
78645 95470 1
78652 65663 1
78652 76992 1
78652 76993 1
78652 78645 1
78652 91577 1
78652 93033 2
91577 76992 1
91577 76993 1
91577 78652 1
91577 93033 1
80151 80169 2
80151 93458 1
80151 98421 1
80151 98422 1
80151 98509 1
80151 98977 1
80151 101077 1
80151 106143 1
80151 109976 1
80151 113415 1
80169 80151 2
80169 93458 1
80169 98421 1
80169 98422 1
80169 98509 1
80169 98977 1
80169 101077 1
80169 106143 1
80169 109976 1
80169 113415 1
93458 80151 1
93458 80169 1
93458 85706 1
93458 96230 1
93458 96231 1
93458 96232 1
93458 96233 1
93458 96234 1
93458 98421 1
93458 98422 1
93458 98509 1
93458 98977 1
93458 101077 1
93458 104756 1
93458 106143 1
93458 109976 1
93458 113415 1
98421 80151 1
98421 80169 1
98421 93458 1
98421 98422 1
98421 98509 1
98421 98977 1
98421 101077 1
98421 106143 1
98421 109976 1
98421 113415 1
98509 80151 1
98509 80169 1
98509 93458 1
98509 98421 1
98509 98422 1
98509 98508 1
98509 98511 1
98509 98977 1
98509 101077 1
98509 106143 1
98509 109976 1
98509 113415 1
98977 80151 1
98977 80169 1
98977 91434 1
98977 93458 1
98977 96233 1
98977 98421 1
98977 98422 1
98977 98509 1
98977 101077 1
98977 106143 1
98977 106362 1
98977 109051 2
98977 109056 1
98977 109976 1
98977 113415 1
106143 80151 1
106143 80169 1
106143 93458 1
106143 98421 1
106143 98422 1
106143 98509 1
106143 98977 1
106143 101077 1
106143 109976 1
106143 113415 1
109976 80151 1
109976 80169 1
109976 93458 1
109976 98421 1
109976 98422 1
109976 98509 1
109976 98977 1
109976 99698 1
109976 101077 1
109976 104391 1
109976 104392 1
109976 106143 1
109976 112837 1
109976 113415 1
113415 80151 1
113415 80169 1
113415 93458 1
113415 98421 1
113415 98422 1
113415 98509 1
113415 98977 1
113415 101077 1
113415 106143 1
113415 109976 1
77291 80174 1
77291 85705 1
77291 85706 1
77291 85710 1
77291 91440 1
77291 96004 1
77291 96005 1
77291 96008 1
77291 96009 1
77291 96010 1
77291 96011 1
77291 96231 1
77291 99624 1
77291 100146 1
77291 100147 1
77291 106365 1
83515 85704 1
83515 85711 1
83515 85713 1
83515 87924 1
83515 91160 1
83515 91265 1
83515 96009 1
83515 98616 1
83515 100147 1
83515 102736 1
83515 102737 1
83515 102738 1
83515 102739 1
83515 102740 1
83515 102741 1
83515 106843 1
85704 83515 1
85704 83894 1
85704 85711 1
85704 85713 1
85704 87924 1
85704 91160 2
85704 91265 1
85704 96009 1
85704 98616 1
85704 100147 1
85704 102736 1
85704 102737 1
85704 102738 1
85704 102739 1
85704 102740 1
85704 102741 1
85704 106843 1
85710 77291 1
85710 80174 2
85710 91434 1
85710 96231 1
85710 98814 1
85710 99624 1
85710 100146 1
85710 100147 1
85710 105458 1
85710 109988 1
85710 113756 1
85711 83515 1
85711 85704 1
85711 85713 1
85711 87924 1
85711 91160 1
85711 91265 1
85711 96009 1
85711 98616 1
85711 100147 1
85711 102736 1
85711 102737 1
85711 102738 1
85711 102739 1
85711 102740 1
85711 102741 1
85711 106843 1
85713 83515 1
85713 85704 1
85713 85711 1
85713 87924 1
85713 91160 1
85713 91265 1
85713 96009 1
85713 98616 1
85713 100147 1
85713 102736 1
85713 102737 1
85713 102738 1
85713 102739 1
85713 102740 1
85713 102741 1
85713 106843 1
87924 82980 1
87924 82981 1
87924 83515 1
87924 85704 1
87924 85711 1
87924 85713 1
87924 91160 1
87924 91265 1
87924 91634 1
87924 93564 1
87924 96009 1
87924 96230 1
87924 98616 1
87924 100147 1
87924 102736 1
87924 102737 1
87924 102738 1
87924 102739 1
87924 102740 1
87924 102741 1
87924 106843 1
87924 119734 1
91160 83515 1
91160 85704 2
91160 85711 1
91160 85713 1
91160 87924 1
91160 91265 1
91160 96009 1
91160 98616 1
91160 100147 1
91160 102736 1
91160 102737 1
91160 102738 1
91160 102739 1
91160 102740 1
91160 102741 1
91160 106843 1
91265 83515 1
91265 85704 1
91265 85711 1
91265 85713 1
91265 87924 1
91265 91160 1
91265 96009 1
91265 98616 1
91265 100147 1
91265 102736 1
91265 102737 1
91265 102738 1
91265 102739 1
91265 102740 1
91265 102741 1
91265 106843 1
91441 97556 1
91441 100147 1
91441 106375 1
96009 77291 1
96009 83515 1
96009 85704 1
96009 85705 1
96009 85706 1
96009 85711 1
96009 85713 1
96009 87924 1
96009 91160 1
96009 91265 1
96009 91440 1
96009 96004 1
96009 96005 1
96009 96008 1
96009 96010 1
96009 96011 1
96009 97556 1
96009 98616 1
96009 100147 1
96009 101921 1
96009 102736 1
96009 102737 1
96009 102738 1
96009 102739 1
96009 102740 1
96009 102741 1
96009 106365 1
96009 106843 1
96009 119651 1
96231 77291 1
96231 80174 1
96231 85706 1
96231 85710 1
96231 93458 1
96231 96230 1
96231 96232 1
96231 96233 1
96231 96234 1
96231 99624 1
96231 100146 1
96231 100147 1
97556 91441 1
97556 96009 1
97556 100147 1
97556 101921 1
97556 106375 1
97556 119651 1
98616 83515 1
98616 85704 1
98616 85711 1
98616 85713 1
98616 87924 1
98616 91160 1
98616 91265 1
98616 96009 1
98616 100147 1
98616 102736 1
98616 102737 1
98616 102738 1
98616 102739 1
98616 102740 1
98616 102741 1
98616 106843 1
99624 77291 1
99624 77687 1
99624 80174 1
99624 85710 1
99624 96231 1
99624 100146 1
99624 100147 1
99624 105905 1
99624 108553 1
99624 117130 1
99624 122644 1
100146 77291 1
100146 80174 1
100146 85710 1
100146 96231 1
100146 99624 1
100146 100147 1
102736 83515 1
102736 85704 1
102736 85711 1
102736 85713 1
102736 87924 1
102736 91160 1
102736 91265 1
102736 96009 1
102736 98616 1
102736 100147 1
102736 102737 1
102736 102738 1
102736 102739 1
102736 102740 1
102736 102741 1
102736 106843 1
102737 83515 1
102737 85704 1
102737 85711 1
102737 85713 1
102737 87924 1
102737 91160 1
102737 91265 1
102737 96009 1
102737 98616 1
102737 100147 1
102737 102736 1
102737 102738 1
102737 102739 1
102737 102740 1
102737 102741 1
102737 106843 1
102738 83515 1
102738 85704 1
102738 85711 1
102738 85713 1
102738 87924 1
102738 91160 1
102738 91265 1
102738 96009 1
102738 98616 1
102738 100147 1
102738 102736 1
102738 102737 1
102738 102739 1
102738 102740 1
102738 102741 1
102738 106843 1
102739 83515 1
102739 85704 1
102739 85711 1
102739 85713 1
102739 87924 1
102739 91160 1
102739 91265 1
102739 96009 1
102739 98616 1
102739 100147 1
102739 102736 1
102739 102737 1
102739 102738 1
102739 102740 1
102739 102741 1
102739 106843 1
102740 83515 1
102740 85704 1
102740 85711 1
102740 85713 1
102740 87924 1
102740 91160 1
102740 91265 1
102740 96009 1
102740 98616 1
102740 100147 1
102740 102736 1
102740 102737 1
102740 102738 1
102740 102739 1
102740 102741 1
102740 106843 1
102741 83515 1
102741 85704 1
102741 85711 1
102741 85713 1
102741 87924 1
102741 91160 1
102741 91265 1
102741 91457 1
102741 96009 1
102741 96234 1
102741 98616 1
102741 98813 1
102741 100147 1
102741 102736 1
102741 102737 1
102741 102738 1
102741 102739 1
102741 102740 1
102741 106491 1
102741 106843 1
102741 109772 1
102741 110776 1
102741 112426 1
106375 91441 1
106375 93478 1
106375 97556 1
106375 100147 1
106375 106374 1
106843 83515 1
106843 85704 1
106843 85711 1
106843 85713 1
106843 87924 1
106843 91160 1
106843 91265 1
106843 96009 1
106843 98616 1
106843 100147 1
106843 102736 1
106843 102737 1
106843 102738 1
106843 102739 1
106843 102740 1
106843 102741 1
83918 77287 1
77311 80174 1
47993 60367 1
47993 60368 1
47993 80830 1
60367 47993 1
60367 60368 2
60367 80830 1
60368 47993 1
60368 60367 2
60368 80830 1
67534 80830 1
67534 84230 1
84230 67534 1
84230 80830 1
96230 82980 1
96230 82981 1
96230 85706 1
96230 87924 1
96230 91634 1
96230 93458 1
96230 96231 1
96230 96232 1
96230 96233 1
96230 96234 1
107884 82981 1
107884 106372 1
107884 114212 1
114212 82981 1
114212 106372 1
114212 107884 1
75753 82033 1
75753 83404 1
75753 84096 1
75753 84097 1
75753 84100 1
75753 86767 1
75753 95470 1
79238 79239 1
79238 83404 1
79238 119733 1
79239 79238 1
79239 83404 1
82033 75753 1
82033 81647 1
82033 81648 1
82033 83404 1
82033 84096 1
82033 84097 1
82033 84100 1
82033 86767 1
84096 75753 1
84096 82033 1
84096 83404 1
84096 84097 1
84096 84100 1
84096 86767 1
84097 75753 1
84097 82033 1
84097 83404 1
84097 84096 1
84097 84100 1
84097 86767 1
84100 75753 1
84100 82033 1
84100 83404 1
84100 84096 1
84100 84097 1
84100 86767 1
86767 75753 1
86767 82033 1
86767 83404 1
86767 84096 1
86767 84097 1
86767 84100 1
109980 83891 1
42650 83899 1
42650 89281 1
42650 89419 1
42650 93031 1
89419 42650 1
89419 83899 1
89419 93031 1
89419 96403 1
93031 42650 1
93031 83899 1
93031 89419 1
99690 85701 1
99690 91434 1
99690 105467 1
99690 106362 1
99690 106364 1
99690 106366 1
99690 106373 1
99690 108684 1
99690 125568 1
105467 85701 1
105467 91434 1
105467 99690 1
105467 106362 1
105467 106364 1
105467 106366 1
105467 106373 1
105467 125568 1
106373 85701 1
106373 91434 1
106373 99690 1
106373 105467 1
106373 106362 1
106373 106364 1
106373 106366 1
106373 125568 1
125568 85701 1
125568 91434 1
125568 99690 1
125568 105467 1
125568 106362 1
125568 106364 1
125568 106366 1
125568 106373 1
47095 88427 1
78479 88427 1
78479 124434 1
110211 88427 1
110211 117574 1
110211 119734 1
117574 88427 1
117574 98511 1
117574 110211 1
117574 119734 1
119734 87924 1
119734 88427 1
119734 110211 1
119734 117574 1
119757 88427 1
119757 99260 1
124434 78479 1
124434 88427 1
124434 124425 2
105458 85710 1
105458 91434 1
105458 109988 1
109988 85710 1
109988 91434 1
109988 105458 1
84569 85260 1
84569 91634 1
84569 100902 1
84569 106292 1
84569 106296 1
84569 106298 1
84569 108996 1
84569 108997 1
84569 110825 1
84569 112021 1
84569 114806 1
86053 93256 1
103136 93256 1
103136 110179 1
110179 93256 1
110179 103136 1
126749 93256 1
126749 126747 1
126749 126748 1
93480 93454 1
93480 104764 1
93480 105469 1
93480 109051 1
93480 109684 1
93480 110775 1
93480 110776 1
93480 124034 1
104764 93454 1
104764 93480 1
104764 104758 1
104764 105469 1
104764 109051 1
104764 109684 1
104764 110775 1
104764 110776 1
104764 124034 1
105469 93454 1
105469 93480 1
105469 104764 1
105469 109051 1
105469 109684 1
105469 110775 1
105469 110776 1
105469 124034 1
110775 93454 1
110775 93480 1
110775 104764 1
110775 105469 1
110775 109051 1
110775 109684 1
110775 110776 1
110775 124034 1
110776 91457 1
110776 93454 1
110776 93480 1
110776 96234 1
110776 98813 1
110776 102741 1
110776 104764 1
110776 105469 1
110776 106491 1
110776 109051 1
110776 109684 1
110776 109772 1
110776 110775 1
110776 112426 1
110776 124034 1
124034 93454 1
124034 93480 1
124034 104764 1
124034 105469 1
124034 109051 1
124034 109684 1
124034 110775 1
124034 110776 1
124034 115668 1
124034 117377 1
85706 77291 1
85706 85705 1
85706 91440 1
85706 93458 1
85706 96004 1
85706 96005 1
85706 96008 1
85706 96009 1
85706 96010 1
85706 96011 1
85706 96230 1
85706 96231 1
85706 96232 1
85706 96233 1
85706 96234 1
85706 106365 1
96232 85706 1
96232 87929 1
96232 93458 1
96232 96230 1
96232 96231 1
96232 96233 1
96232 96234 1
96232 110826 1
96234 85706 1
96234 91457 1
96234 93458 1
96234 96230 1
96234 96231 1
96234 96232 1
96234 96233 1
96234 98813 1
96234 102741 1
96234 106491 1
96234 109772 1
96234 110776 1
96234 112426 1
73690 96405 1
96402 96403 1
96402 96405 1
96403 89419 1
96403 96402 1
96403 96405 1
95471 82608 1
95471 98356 1
96635 98356 1
98355 98356 1
70846 93446 1
70846 102747 1
70846 106165 1
70846 114430 1
93446 70846 1
93446 102747 1
93446 106165 1
93446 114430 1
106165 70846 1
106165 93446 1
106165 102747 1
106165 114430 1
114430 70846 1
114430 93446 1
114430 102747 1
114430 106165 1
85260 84569 1
85260 94265 1
85260 100902 1
85260 104756 1
85260 104758 1
85260 106292 1
85260 106296 1
85260 106298 1
85260 108996 1
85260 108997 1
85260 110825 1
85260 112021 1
85260 114806 1
94265 85260 1
94265 104756 1
94265 104758 1
104758 85260 1
104758 94265 1
104758 104756 1
104758 104764 1
44237 78650 1
44237 89781 1
44237 96010 1
44237 106365 1
85705 77291 1
85705 85706 1
85705 91440 1
85705 96004 1
85705 96005 1
85705 96008 1
85705 96009 1
85705 96010 1
85705 96011 1
85705 106365 1
89781 44237 1
89781 106365 1
91440 77291 1
91440 85705 1
91440 85706 1
91440 96004 1
91440 96005 1
91440 96008 1
91440 96009 1
91440 96010 1
91440 96011 1
91440 106365 1
96004 77291 1
96004 85705 1
96004 85706 1
96004 91440 1
96004 96005 1
96004 96008 1
96004 96009 1
96004 96010 1
96004 96011 1
96004 106365 1
96005 77291 1
96005 85705 1
96005 85706 1
96005 91440 1
96005 96004 1
96005 96008 1
96005 96009 1
96005 96010 1
96005 96011 1
96005 106365 1
96008 77291 1
96008 85705 1
96008 85706 1
96008 91440 1
96008 96004 1
96008 96005 1
96008 96009 1
96008 96010 1
96008 96011 1
96008 106365 1
96010 44237 1
96010 77291 1
96010 85705 1
96010 85706 1
96010 91440 1
96010 96004 1
96010 96005 1
96010 96008 1
96010 96009 1
96010 96011 1
96010 106365 1
96011 77291 1
96011 85705 1
96011 85706 1
96011 91440 1
96011 96004 1
96011 96005 1
96011 96008 1
96011 96009 1
96011 96010 1
96011 106365 1
120466 106371 1
120466 126657 1
126657 106371 1
126657 120466 1
74757 106372 1
91457 96234 1
91457 98813 1
91457 102741 1
91457 106491 1
91457 109772 1
91457 110776 1
91457 112426 1
98813 91457 1
98813 96234 1
98813 102741 1
98813 106491 1
98813 109772 1
98813 110776 1
98813 112426 1
109772 91457 1
109772 96234 1
109772 98813 1
109772 102741 1
109772 106491 1
109772 110776 1
109772 112426 1
112426 91457 1
112426 96234 1
112426 98813 1
112426 102741 1
112426 106491 1
112426 109772 1
112426 110776 1
63172 78653 1
63172 91268 1
63172 106554 1
63172 110732 1
63172 111266 1
63172 118187 1
78653 63172 1
78653 91268 1
78653 106554 1
78653 111266 1
78653 118187 1
91268 63172 1
91268 78653 1
91268 106554 1
91268 111266 1
91268 118187 1
111266 63172 1
111266 78653 1
111266 91268 1
111266 106554 1
111266 118187 1
118187 63172 1
118187 78653 1
118187 91268 1
118187 106554 1
118187 111266 1
100902 84569 1
100902 85260 1
100902 106292 1
100902 106296 1
100902 106298 1
100902 108996 1
100902 108997 1
100902 109684 1
100902 110825 1
100902 112021 1
100902 114806 1
59229 115778 1
69376 101299 1
69376 115778 1
78281 115778 1
101299 69376 1
101299 115778 1
105443 115778 1
110911 115778 1
112199 115778 1
112199 116290 1
115779 115778 1
116290 112199 1
116290 115778 1
117238 115778 1
117238 121211 2
117238 124241 2
121211 115778 1
121211 117238 2
121211 124241 3
124241 115778 1
124241 117238 2
124241 121211 3
124241 123440 1
124807 95470 1
124807 117482 1
54574 63446 1
54574 65620 1
54574 76451 1
54574 76452 2
54574 78645 1
63446 54574 1
63446 65620 1
63446 76451 1
63446 76452 1
63446 78645 1
65620 54574 1
65620 63446 1
65620 76451 1
65620 76452 1
65620 78645 1
76451 54574 1
76451 63446 1
76451 65620 1
76451 76452 1
76451 78645 1
76452 54574 2
76452 63446 1
76452 65620 1
76452 76451 1
76452 78645 1
79464 78645 1
79464 86487 1
80160 78645 1
80160 83892 2
82030 78645 1
82030 82031 1
82031 78645 1
82031 82030 1
82864 78645 1
82865 78645 1
83892 78645 1
83892 80160 2
83892 83901 1
83892 93447 1
83892 93448 1
95470 75753 1
95470 78645 1
95470 124807 1
65663 78652 1
98508 98509 1
98508 98511 1
98511 98508 1
98511 98509 1
98511 117574 1
99698 109976 1
99698 112837 1
104391 104392 1
104391 109976 1
104392 104391 1
104392 109976 1
112837 99698 1
112837 109976 1
113756 85710 1
93564 87924 1
101921 96009 1
101921 97556 1
101921 119651 1
119651 96009 1
119651 97556 1
119651 101921 1
77687 99624 1
105905 99624 1
108553 99624 1
117130 99624 1
122644 99624 1
93478 106374 1
93478 106375 1
106374 93478 1
106374 106375 1
87929 96232 1
87929 110826 1
110826 87929 1
110826 96232 1
86487 79464 1
83901 83892 1
83901 93447 1
93447 83892 1
93447 83901 1
93448 83892 1
123440 123438 1
123440 123439 1
123440 123441 1
123440 124241 1
106292 84569 1
106292 85260 1
106292 100902 1
106292 106296 1
106292 106298 1
106292 108996 1
106292 108997 1
106292 110825 1
106292 112021 1
106292 114806 1
106296 84569 1
106296 85260 1
106296 100902 1
106296 106292 1
106296 106298 1
106296 108996 1
106296 108997 1
106296 110825 1
106296 112021 1
106296 114806 1
106298 84569 1
106298 85260 1
106298 100902 1
106298 106292 1
106298 106296 1
106298 108996 1
106298 108997 1
106298 110825 1
106298 112021 1
106298 114806 1
108996 84569 1
108996 85260 1
108996 100902 1
108996 106292 1
108996 106296 1
108996 106298 1
108996 108997 2
108996 110825 1
108996 112021 1
108996 114806 1
108997 84569 1
108997 85260 1
108997 100902 1
108997 106292 1
108997 106296 1
108997 106298 1
108997 108996 2
108997 110825 1
108997 112021 1
108997 114806 1
110825 84569 1
110825 85260 1
110825 100902 1
110825 106292 1
110825 106296 1
110825 106298 1
110825 108996 1
110825 108997 1
110825 112021 1
110825 114806 1
112021 84569 1
112021 85260 1
112021 100902 1
112021 106292 1
112021 106296 1
112021 106298 1
112021 108996 1
112021 108997 1
112021 110825 1
112021 114806 1
114806 84569 1
114806 85260 1
114806 100902 1
114806 106292 1
114806 106296 1
114806 106298 1
114806 108996 1
114806 108997 1
114806 110825 1
114806 112021 1
115668 124034 1
117377 124034 1
110732 63172 1
108684 99690 1
78650 44237 1
82608 95471 1
126747 126748 1
126747 126749 1
126748 126747 1
126748 126749 1
99260 119757 1
124425 124434 2
89281 42650 1
119733 79238 1
81647 81648 1
81647 82033 1
81648 81647 1
81648 82033 1
123438 123439 1
123438 123440 1
123438 123441 1
123439 123438 1
123439 123440 1
123439 123441 1
123441 123438 1
123441 123439 1
123441 123440 1
