31728 34934 1
34934 31305 1
34934 31728 1
34934 31730 1
34934 31769 1
34934 32075 1
34934 32925 1
34934 33511 1
34934 38767 1
34934 39884 1
34934 40860 1
31305 21499 1
31305 31306 1
31305 31307 1
31305 31308 1
31305 31309 1
31305 31310 2
31305 31311 1
31305 31312 1
31305 31318 1
31305 31726 1
31305 31730 2
31305 31735 1
31305 31736 1
31305 31769 1
31305 32075 1
31305 32925 1
31305 32936 1
31305 33511 1
31305 34934 1
31305 38767 1
31305 39884 1
31305 40860 1
31305 44233 1
31305 122154 1
31305 122459 1
31730 31305 2
31730 31769 1
31730 32075 1
31730 32925 1
31730 33511 1
31730 34934 1
31730 38767 1
31730 39884 1
31730 40860 1
31730 45191 1
31730 122154 1
31769 20539 1
31769 20541 1
31769 31305 1
31769 31307 1
31769 31308 1
31769 31310 1
31769 31321 1
31769 31730 1
31769 31732 1
31769 31764 1
31769 31774 1
31769 31783 1
31769 32925 1
31769 32936 1
31769 33234 1
31769 33236 1
31769 33509 1
31769 33510 1
31769 33511 1
31769 34934 1
31769 35128 1
31769 38767 1
31769 39884 2
31769 40561 1
31769 40839 1
31769 40851 1
31769 40860 1
31769 42595 1
31769 42775 1
31769 45191 1
31769 50745 1
31769 58177 1
31769 119658 1
31769 122571 1
32075 31305 1
32075 31730 1
32075 32076 1
32075 32077 1
32075 34934 1
32075 122154 1
32075 122571 1
32925 21499 1
32925 31305 1
32925 31730 1
32925 31769 1
32925 33511 1
32925 34934 1
32925 38767 1
32925 39884 1
32925 40860 1
32925 122833 1
33511 31305 1
33511 31730 1
33511 31764 1
33511 31769 1
33511 32925 1
33511 32930 1
33511 34934 1
33511 38767 1
33511 39884 1
33511 40860 1
33511 43836 1
33511 50745 1
33511 56335 1
33511 57627 1
38767 20541 1
38767 22371 1
38767 31305 1
38767 31307 1
38767 31315 1
38767 31319 2
38767 31324 1
38767 31730 1
38767 31732 1
38767 31738 1
38767 31741 1
38767 31745 1
38767 31762 1
38767 31769 1
38767 32925 1
38767 32928 1
38767 32933 1
38767 32935 1
38767 33233 1
38767 33234 1
38767 33511 1
38767 34934 1
38767 34939 1
38767 37310 1
38767 37312 1
38767 37313 1
38767 39706 1
38767 39710 1
38767 39884 1
38767 40558 1
38767 40561 1
38767 40837 1
38767 40848 2
38767 40851 1
38767 40856 1
38767 40860 1
38767 42592 1
38767 42595 1
38767 44232 1
38767 44234 1
38767 45187 1
38767 50751 1
38767 51596 1
38767 52187 1
38767 53638 1
38767 54934 1
38767 55122 1
38767 56464 1
38767 58170 1
38767 64500 1
38767 119690 1
38767 122085 1
38767 122459 1
38767 122696 1
39884 31305 1
39884 31730 1
39884 31760 1
39884 31769 2
39884 32925 1
39884 33511 1
39884 34934 1
39884 38767 1
39884 39885 1
39884 40860 1
39884 47040 1
40860 31305 1
40860 31324 1
40860 31730 1
40860 31749 1
40860 31760 1
40860 31762 1
40860 31769 1
40860 32925 1
40860 33234 1
40860 33511 1
40860 34934 1
40860 37295 1
40860 38767 1
40860 39707 1
40860 39884 1
40860 40553 1
40860 43624 1
40860 43836 1
40860 52647 1
40860 55122 1
40860 122459 1
21499 20643 2
21499 21502 1
21499 31305 1
21499 32925 1
21499 36075 2
21499 38886 1
21499 119690 1
21499 119691 1
21499 122154 1
21499 122158 1
21499 122833 1
31306 31305 1
31306 31307 1
31306 31308 2
31306 31309 1
31306 31311 1
31306 31318 2
31306 31735 1
31306 31736 2
31306 31764 1
31306 31783 1
31306 32935 1
31306 32936 1
31306 39706 1
31306 40851 1
31306 44233 1
31306 44234 1
31306 45191 1
31306 122459 1
31307 22371 1
31307 31305 1
31307 31306 1
31307 31308 1
31307 31309 1
31307 31318 1
31307 31319 2
31307 31735 1
31307 31736 1
31307 31738 1
31307 31762 1
31307 31764 2
31307 31769 1
31307 31774 3
31307 31783 1
31307 32936 2
31307 33234 1
31307 33510 1
31307 35128 1
31307 38767 1
31307 40839 1
31307 40851 1
31307 42592 1
31307 42595 2
31307 44233 2
31307 45191 1
31307 47040 1
31307 50745 3
31307 50751 2
31307 54934 2
31307 58177 1
31307 64500 1
31307 122085 1
31307 122154 1
31307 122459 1
31308 31305 1
31308 31306 2
31308 31307 1
31308 31309 1
31308 31315 1
31308 31318 1
31308 31321 1
31308 31735 1
31308 31736 1
31308 31764 1
31308 31769 1
31308 31783 1
31308 32933 1
31308 32936 1
31308 33234 1
31308 33236 1
31308 35128 1
31308 39706 1
31308 40561 2
31308 40848 1
31308 40851 1
31308 42775 1
31308 44233 1
31308 122459 1
31309 31305 1
31309 31306 1
31309 31307 1
31309 31308 1
31309 31318 1
31309 31735 1
31309 31736 1
31309 32936 1
31309 44233 1
31309 50751 1
31309 56464 1
31309 122459 1
31310 20539 1
31310 20541 1
31310 31305 2
31310 31311 1
31310 31312 1
31310 31726 1
31310 31732 1
31310 31769 1
31310 33509 1
31310 119658 1
31310 122571 1
31311 31305 1
31311 31306 1
31311 31310 1
31311 31312 1
31311 31318 1
31311 31319 1
31311 31726 1
31311 32935 1
31311 32936 1
31311 34939 1
31311 35128 1
31311 37313 1
31311 40851 1
31311 40856 1
31311 42595 1
31311 44232 1
31311 44234 1
31311 56464 1
31311 122085 1
31312 22371 1
31312 31305 1
31312 31310 1
31312 31311 1
31312 31726 1
31312 35128 1
31312 37295 1
31312 44233 1
31312 44234 1
31312 56335 1
31318 450 1
31318 31305 1
31318 31306 2
31318 31307 1
31318 31308 1
31318 31309 1
31318 31311 1
31318 31315 1
31318 31319 1
31318 31735 1
31318 31736 1
31318 31750 1
31318 32935 1
31318 32936 2
31318 40851 2
31318 42595 1
31318 44233 3
31318 44234 1
31318 122459 1
31318 122703 1
31726 31305 1
31726 31310 1
31726 31311 1
31726 31312 1
31726 43836 1
31726 53638 1
31735 31305 1
31735 31306 1
31735 31307 1
31735 31308 1
31735 31309 1
31735 31318 1
31735 31736 1
31735 31741 1
31735 31762 1
31735 32936 1
31735 33233 1
31735 44233 2
31735 45187 1
31735 122459 1
31736 14895 1
31736 22371 1
31736 31305 1
31736 31306 2
31736 31307 1
31736 31308 1
31736 31309 1
31736 31318 1
31736 31319 2
31736 31735 1
31736 31764 1
31736 32936 1
31736 36289 1
31736 39710 1
31736 40848 1
31736 40851 1
31736 43836 1
31736 44233 2
31736 45186 1
31736 45191 1
31736 56464 1
31736 122459 1
31736 122784 1
32936 22371 1
32936 31305 1
32936 31306 1
32936 31307 2
32936 31308 1
32936 31309 1
32936 31311 1
32936 31315 1
32936 31318 2
32936 31319 1
32936 31321 1
32936 31324 1
32936 31735 1
32936 31736 1
32936 31764 1
32936 31769 1
32936 31774 1
32936 31783 1
32936 33234 1
32936 33510 1
32936 34939 1
32936 35128 1
32936 40553 1
32936 40561 1
32936 40839 1
32936 40848 1
32936 40851 2
32936 40856 1
32936 42595 2
32936 44232 1
32936 44233 1
32936 45191 1
32936 50745 1
32936 52647 1
32936 56464 1
32936 58177 1
32936 122459 1
44233 450 1
44233 15208 1
44233 18956 1
44233 20643 1
44233 22371 1
44233 31305 1
44233 31306 1
44233 31307 2
44233 31308 1
44233 31309 1
44233 31312 1
44233 31318 3
44233 31319 2
44233 31735 2
44233 31736 2
44233 31750 1
44233 32076 1
44233 32936 1
44233 39710 1
44233 40851 2
44233 42595 1
44233 44232 1
44233 44234 2
44233 45186 1
44233 47040 1
44233 50745 1
44233 53638 1
44233 55122 1
44233 122085 1
44233 122158 1
44233 122459 1
44233 122703 1
44233 122784 1
122154 21499 1
122154 22371 1
122154 31305 1
122154 31307 1
122154 31730 1
122154 32075 1
122154 35128 1
122154 37313 1
122154 40560 1
122154 40561 1
122154 43624 1
122154 47040 1
122154 102782 1
122154 122785 1
122154 123373 1
122459 31305 1
122459 31306 1
122459 31307 1
122459 31308 1
122459 31309 1
122459 31318 1
122459 31735 1
122459 31736 1
122459 32936 1
122459 38767 1
122459 39707 2
122459 40553 2
122459 40860 1
122459 43624 1
122459 43836 2
122459 44233 1
122459 52647 1
122459 55122 1
45191 31306 1
45191 31307 1
45191 31319 1
45191 31730 1
45191 31736 1
45191 31764 1
45191 31769 1
45191 31774 1
45191 31783 1
45191 32936 1
45191 33234 1
45191 33510 1
45191 40839 1
45191 40851 1
45191 40856 1
45191 42595 1
45191 50745 1
45191 56464 1
45191 57627 1
45191 58177 1
20539 20541 1
20539 20542 1
20539 31310 1
20539 31732 1
20539 31769 1
20539 32741 1
20539 33509 1
20539 119658 1
20539 122571 2
20541 20539 1
20541 31310 1
20541 31732 1
20541 31738 1
20541 31769 1
20541 32933 1
20541 33509 1
20541 35128 1
20541 37295 2
20541 37310 2
20541 37312 2
20541 37313 3
20541 38767 1
20541 39706 3
20541 39710 1
20541 40561 2
20541 40837 1
20541 40848 1
20541 40856 2
20541 44232 1
20541 44234 1
20541 55122 1
20541 119658 3
20541 122571 1
20541 122696 1
31321 31308 1
31321 31324 1
31321 31769 1
31321 32936 1
31321 33236 1
31321 35128 1
31321 40553 1
31321 40561 2
31321 40856 1
31321 42775 1
31732 20539 1
31732 20541 1
31732 31310 1
31732 31324 1
31732 31741 1
31732 31769 1
31732 33233 1
31732 33509 1
31732 38767 1
31732 40837 1
31732 45187 1
31732 119658 1
31732 122571 1
31764 22371 1
31764 31306 1
31764 31307 2
31764 31308 1
31764 31319 1
31764 31736 1
31764 31762 1
31764 31769 1
31764 31774 2
31764 31783 3
31764 32930 1
31764 32936 1
31764 33234 1
31764 33510 1
31764 33511 1
31764 35128 1
31764 37312 1
31764 39706 1
31764 39707 1
31764 40839 2
31764 40851 2
31764 42595 2
31764 43836 2
31764 45191 1
31764 50745 3
31764 53638 1
31764 56335 1
31764 57627 1
31764 58177 1
31764 122085 2
31774 31307 3
31774 31762 1
31774 31764 2
31774 31769 1
31774 31783 1
31774 32936 1
31774 33234 1
31774 33510 1
31774 35128 1
31774 37312 1
31774 40839 1
31774 40851 1
31774 42592 1
31774 42595 1
31774 45191 1
31774 50745 1
31774 54934 1
31774 58177 1
31774 64500 1
31783 31306 1
31783 31307 1
31783 31308 1
31783 31764 3
31783 31769 1
31783 31774 1
31783 32936 1
31783 33234 1
31783 33510 1
31783 39706 1
31783 40839 1
31783 40851 2
31783 42595 1
31783 45191 1
31783 50745 1
31783 58177 1
33234 31307 1
33234 31308 1
33234 31315 1
33234 31324 1
33234 31749 1
33234 31762 1
33234 31764 1
33234 31769 1
33234 31774 1
33234 31783 1
33234 32928 1
33234 32935 1
33234 32936 1
33234 33510 1
33234 37295 2
33234 38767 1
33234 40839 1
33234 40851 1
33234 40860 1
33234 42595 1
33234 43624 1
33234 45191 1
33234 50745 2
33234 58177 1
33234 122483 1
33236 31308 1
33236 31321 1
33236 31769 1
33236 35128 1
33236 40561 1
33236 42775 1
33509 20539 1
33509 20541 1
33509 31310 1
33509 31732 1
33509 31769 1
33509 119658 1
33509 122571 1
33510 31307 1
33510 31764 1
33510 31769 1
33510 31774 1
33510 31783 1
33510 32936 1
33510 33234 1
33510 37312 1
33510 37313 1
33510 40839 1
33510 40851 1
33510 40856 1
33510 42595 1
33510 44234 1
33510 45191 1
33510 50745 1
33510 50751 1
33510 58177 1
35128 20541 1
35128 22371 2
35128 31307 1
35128 31308 1
35128 31311 1
35128 31312 1
35128 31315 1
35128 31321 1
35128 31738 1
35128 31762 1
35128 31764 1
35128 31769 1
35128 31774 1
35128 32936 1
35128 33236 1
35128 37295 1
35128 37312 1
35128 40561 2
35128 40848 1
35128 40856 2
35128 42775 1
35128 47040 1
35128 52647 1
35128 55122 1
35128 122085 1
35128 122154 1
40561 20541 2
40561 31308 2
40561 31321 2
40561 31324 1
40561 31738 1
40561 31769 1
40561 32933 1
40561 32936 1
40561 33236 1
40561 35128 2
40561 37295 1
40561 37310 1
40561 37312 1
40561 37313 1
40561 38767 1
40561 39706 1
40561 39710 1
40561 40553 1
40561 40848 1
40561 40856 3
40561 42775 1
40561 43836 1
40561 44232 1
40561 44234 1
40561 55122 1
40561 122154 1
40561 122696 1
40839 31307 1
40839 31764 2
40839 31769 1
40839 31774 1
40839 31783 1
40839 32936 1
40839 33234 1
40839 33510 1
40839 40851 1
40839 42595 1
40839 43836 1
40839 45191 1
40839 50745 1
40839 53638 1
40839 56515 1
40839 58177 1
40839 122085 1
40851 450 1
40851 31306 1
40851 31307 1
40851 31308 1
40851 31311 1
40851 31315 1
40851 31318 2
40851 31319 2
40851 31736 1
40851 31738 1
40851 31750 1
40851 31764 2
40851 31769 1
40851 31774 1
40851 31783 2
40851 32936 2
40851 33234 1
40851 33510 1
40851 34939 2
40851 38767 1
40851 39706 1
40851 40558 2
40851 40839 1
40851 40848 2
40851 42592 1
40851 42595 3
40851 43836 1
40851 44232 1
40851 44233 2
40851 45191 1
40851 50745 1
40851 50751 2
40851 51596 1
40851 54934 1
40851 55122 1
40851 56464 3
40851 58177 1
40851 119690 1
40851 122703 1
42595 22371 1
42595 31307 2
42595 31311 1
42595 31318 1
42595 31319 2
42595 31745 1
42595 31764 2
42595 31769 1
42595 31774 1
42595 31783 1
42595 32936 2
42595 33234 1
42595 33510 1
42595 34939 2
42595 38767 1
42595 40839 1
42595 40851 3
42595 44232 1
42595 44233 1
42595 44234 1
42595 45191 1
42595 50745 2
42595 52187 1
42595 53638 1
42595 54934 1
42595 56464 2
42595 58170 1
42595 58177 1
42595 122085 2
42595 122702 1
42775 31308 1
42775 31321 1
42775 31769 1
42775 33236 1
42775 35128 1
42775 40561 1
50745 31307 3
50745 31745 1
50745 31764 3
50745 31769 1
50745 31774 1
50745 31783 1
50745 32930 1
50745 32936 1
50745 33234 2
50745 33510 1
50745 33511 1
50745 40839 1
50745 40851 1
50745 42595 2
50745 43836 1
50745 44233 1
50745 45191 1
50745 50751 1
50745 54934 1
50745 55122 1
50745 56335 1
50745 57627 1
50745 58170 1
50745 58177 1
50745 122085 3
58177 31307 1
58177 31745 1
58177 31764 1
58177 31769 1
58177 31774 1
58177 31783 1
58177 32936 1
58177 33234 1
58177 33510 1
58177 40839 1
58177 40851 1
58177 42595 1
58177 45191 1
58177 50745 1
119658 20539 1
119658 20541 3
119658 31310 1
119658 31732 1
119658 31769 1
119658 33509 1
119658 37295 1
119658 37310 1
119658 37312 1
119658 37313 2
119658 39706 2
119658 39707 1
119658 40837 2
119658 122571 1
122571 20539 2
122571 20541 1
122571 31310 1
122571 31732 1
122571 31769 1
122571 32075 1
122571 33509 1
122571 119658 1
32076 15208 1
32076 18956 1
32076 20643 1
32076 27122 1
32076 31743 1
32076 32075 1
32076 32077 1
32076 36075 1
32076 44233 1
32076 47040 1
32076 119691 1
32076 122158 1
32076 122692 1
32077 3762 1
32077 3800 1
32077 10532 1
32077 12739 1
32077 32075 1
32077 32076 1
32077 122784 1
122833 21499 1
122833 32925 1
122833 123373 1
32930 22371 1
32930 31764 1
32930 33511 1
32930 43836 1
32930 50745 1
32930 56335 1
32930 57627 1
32930 119690 1
43836 31726 1
43836 31736 1
43836 31764 2
43836 32930 1
43836 33511 1
43836 39707 1
43836 40553 1
43836 40561 1
43836 40839 1
43836 40851 1
43836 40860 1
43836 43624 1
43836 50745 1
43836 52647 1
43836 53638 2
43836 55122 1
43836 56335 1
43836 56464 1
43836 57627 1
43836 122085 1
43836 122459 2
56335 31312 1
56335 31764 1
56335 32930 1
56335 33511 1
56335 43836 1
56335 50745 1
56335 57627 1
57627 31764 1
57627 32930 1
57627 33511 1
57627 43836 1
57627 45191 1
57627 50745 1
57627 56335 1
57627 56464 1
22371 450 1
22371 31307 1
22371 31312 1
22371 31315 1
22371 31319 2
22371 31736 1
22371 31745 1
22371 31764 1
22371 32930 1
22371 32936 1
22371 35128 2
22371 37312 1
22371 38767 1
22371 40848 1
22371 42595 1
22371 44233 1
22371 44234 1
22371 47040 1
22371 52187 1
22371 52647 1
22371 53638 1
22371 58170 1
22371 122085 1
22371 122154 1
22371 122692 1
22371 122703 1
31315 22371 1
31315 31308 1
31315 31318 1
31315 31738 1
31315 32936 1
31315 33234 1
31315 34939 1
31315 35128 1
31315 38767 1
31315 40558 1
31315 40848 2
31315 40851 1
31315 42592 1
31315 50751 1
31315 51596 1
31315 52647 1
31315 54934 1
31315 55122 1
31315 56464 1
31315 119690 1
31319 450 1
31319 14895 1
31319 22371 2
31319 31307 2
31319 31311 1
31319 31318 1
31319 31736 2
31319 31738 1
31319 31745 1
31319 31750 1
31319 31762 1
31319 31764 1
31319 32936 1
31319 34939 1
31319 38767 2
31319 40851 2
31319 40856 1
31319 42595 2
31319 44232 1
31319 44233 2
31319 45191 1
31319 52187 1
31319 53638 1
31319 56464 1
31319 58170 1
31319 64500 1
31319 122085 1
31319 122703 1
31324 31321 1
31324 31732 1
31324 31741 1
31324 31749 1
31324 31762 1
31324 32936 1
31324 33233 1
31324 33234 1
31324 37295 1
31324 38767 1
31324 40553 1
31324 40561 1
31324 40837 1
31324 40856 1
31324 40860 1
31324 45187 1
31738 20541 1
31738 31307 1
31738 31315 1
31738 31319 1
31738 31749 1
31738 34939 1
31738 35128 1
31738 37295 1
31738 38767 1
31738 40558 1
31738 40561 1
31738 40848 1
31738 40851 1
31738 40856 1
31738 42592 1
31738 50751 1
31738 51596 1
31738 54934 1
31738 55122 2
31738 56464 1
31738 119690 1
31741 31324 1
31741 31732 1
31741 31735 1
31741 31762 1
31741 33233 2
31741 38767 1
31741 40837 1
31741 45187 1
31745 22371 1
31745 31319 1
31745 38767 1
31745 42595 1
31745 50745 1
31745 52187 1
31745 53638 1
31745 58170 1
31745 58177 1
31745 122085 2
31762 31307 1
31762 31319 1
31762 31324 1
31762 31735 1
31762 31741 1
31762 31749 1
31762 31750 1
31762 31753 1
31762 31764 1
31762 31774 1
31762 33233 1
31762 33234 1
31762 35128 1
31762 37295 1
31762 37312 1
31762 38767 1
31762 38886 1
31762 40860 1
31762 64500 1
32928 32935 1
32928 33234 1
32928 38767 1
32933 20541 1
32933 31308 1
32933 37310 1
32933 37312 1
32933 37313 1
32933 38767 1
32933 39706 1
32933 39710 1
32933 40561 1
32933 40848 1
32933 40856 1
32933 44232 2
32933 44234 1
32933 122696 1
32935 31306 1
32935 31311 1
32935 31318 1
32935 32928 1
32935 33234 1
32935 38767 1
32935 44234 1
32935 52187 1
33233 31324 1
33233 31732 1
33233 31735 1
33233 31741 2
33233 31762 1
33233 37312 1
33233 37313 1
33233 38767 1
33233 40837 1
33233 45187 1
33233 122158 1
33233 122692 1
34939 31311 1
34939 31315 1
34939 31319 1
34939 31738 1
34939 32936 1
34939 38767 1
34939 40558 1
34939 40848 1
34939 40851 2
34939 42592 1
34939 42595 2
34939 44232 1
34939 44234 1
34939 50751 1
34939 51596 1
34939 54934 1
34939 55122 1
34939 56464 2
34939 119690 1
34939 122702 1
37310 20541 2
37310 31749 1
37310 32933 1
37310 37295 1
37310 37312 2
37310 37313 2
37310 38767 1
37310 39706 2
37310 39710 1
37310 39885 1
37310 40561 1
37310 40848 1
37310 40856 1
37310 44232 1
37310 44234 1
37310 119658 1
37310 122696 1
37312 450 1
37312 20541 2
37312 22371 1
37312 31762 1
37312 31764 1
37312 31774 1
37312 32933 1
37312 33233 1
37312 33510 1
37312 35128 1
37312 37295 1
37312 37310 2
37312 37313 5
37312 38767 1
37312 39706 2
37312 39710 1
37312 40561 1
37312 40848 2
37312 40856 2
37312 44232 1
37312 44234 2
37312 119658 1
37312 122692 1
37312 122696 1
37312 122703 1
37313 20541 3
37313 31311 1
37313 32933 1
37313 33233 1
37313 33510 1
37313 37295 1
37313 37310 2
37313 37312 5
37313 38767 1
37313 39706 3
37313 39710 1
37313 40561 1
37313 40837 1
37313 40848 2
37313 40856 2
37313 44232 1
37313 44234 2
37313 119658 2
37313 122154 1
37313 122696 1
37313 123373 1
39706 20541 3
39706 31306 1
39706 31308 1
39706 31764 1
39706 31783 1
39706 32933 1
39706 37295 1
39706 37310 2
39706 37312 2
39706 37313 3
39706 38767 1
39706 39707 1
39706 39710 1
39706 40561 1
39706 40837 1
39706 40848 1
39706 40851 1
39706 40856 1
39706 44232 1
39706 44234 1
39706 55122 1
39706 119658 2
39706 122696 1
39710 20541 1
39710 31736 1
39710 32933 1
39710 37310 1
39710 37312 1
39710 37313 1
39710 38767 1
39710 39706 1
39710 40561 1
39710 40848 1
39710 40856 1
39710 44232 1
39710 44233 1
39710 44234 1
39710 45186 1
39710 122696 1
39710 122784 1
40558 31315 1
40558 31738 1
40558 34939 1
40558 38767 1
40558 40848 1
40558 40851 2
40558 42592 1
40558 50751 2
40558 51596 1
40558 54934 1
40558 55122 1
40558 56464 1
40558 119690 1
40837 20541 1
40837 31324 1
40837 31732 1
40837 31741 1
40837 33233 1
40837 36075 1
40837 37313 1
40837 38767 1
40837 39706 1
40837 39707 1
40837 45187 1
40837 119658 2
40848 20541 1
40848 22371 1
40848 31308 1
40848 31315 2
40848 31736 1
40848 31738 1
40848 32933 1
40848 32936 1
40848 34939 1
40848 35128 1
40848 37310 1
40848 37312 2
40848 37313 2
40848 38767 2
40848 39706 1
40848 39710 1
40848 40558 1
40848 40561 1
40848 40851 2
40848 40856 1
40848 42592 1
40848 44232 1
40848 44234 2
40848 50751 1
40848 51596 1
40848 52647 1
40848 54934 1
40848 55122 1
40848 56464 1
40848 119690 1
40848 122696 1
40856 20541 2
40856 31311 1
40856 31319 1
40856 31321 1
40856 31324 1
40856 31738 1
40856 32933 1
40856 32936 1
40856 33510 1
40856 35128 2
40856 37295 1
40856 37310 1
40856 37312 2
40856 37313 2
40856 38767 1
40856 39706 1
40856 39710 1
40856 40553 1
40856 40561 3
40856 40848 1
40856 44232 1
40856 44234 2
40856 45191 1
40856 55122 1
40856 122696 1
42592 31307 1
42592 31315 1
42592 31738 1
42592 31774 1
42592 34939 1
42592 38767 1
42592 40558 1
42592 40848 1
42592 40851 1
42592 50751 1
42592 51596 1
42592 54934 1
42592 55122 1
42592 56464 1
42592 119690 1
44232 20541 1
44232 31311 1
44232 31319 1
44232 32933 2
44232 32936 1
44232 34939 1
44232 37310 1
44232 37312 1
44232 37313 1
44232 38767 1
44232 39706 1
44232 39710 1
44232 40561 1
44232 40848 1
44232 40851 1
44232 40856 1
44232 42595 1
44232 44233 1
44232 44234 2
44232 56464 1
44232 122696 1
44234 20541 1
44234 22338 1
44234 22371 1
44234 31306 1
44234 31311 1
44234 31312 1
44234 31318 1
44234 32933 1
44234 32935 1
44234 33510 1
44234 34939 1
44234 37310 1
44234 37312 2
44234 37313 2
44234 38767 1
44234 39706 1
44234 39710 1
44234 40561 1
44234 40848 2
44234 40856 2
44234 42595 1
44234 44232 2
44234 44233 2
44234 122696 1
44234 122702 1
45187 31324 1
45187 31732 1
45187 31735 1
45187 31741 1
45187 33233 1
45187 38767 1
45187 40837 1
45187 54921 1
50751 31307 2
50751 31309 1
50751 31315 1
50751 31738 1
50751 33510 1
50751 34939 1
50751 38767 1
50751 40558 2
50751 40848 1
50751 40851 2
50751 42592 1
50751 50745 1
50751 51596 1
50751 53638 1
50751 54934 2
50751 55122 1
50751 56464 2
50751 119690 1
51596 31315 1
51596 31738 1
51596 34939 1
51596 37295 1
51596 38767 1
51596 40558 1
51596 40848 1
51596 40851 1
51596 42592 1
51596 50751 1
51596 54934 1
51596 55122 1
51596 56464 1
51596 119690 1
52187 22371 1
52187 31319 1
52187 31745 1
52187 32935 1
52187 38767 1
52187 42595 1
52187 53638 1
52187 58170 1
52187 122085 1
53638 22371 1
53638 31319 1
53638 31726 1
53638 31745 1
53638 31764 1
53638 38767 1
53638 40839 1
53638 42595 1
53638 43836 2
53638 44233 1
53638 50751 1
53638 52187 1
53638 58170 1
53638 122085 2
54934 31307 2
54934 31315 1
54934 31738 1
54934 31774 1
54934 34939 1
54934 38767 1
54934 40558 1
54934 40848 1
54934 40851 1
54934 42592 1
54934 42595 1
54934 50745 1
54934 50751 2
54934 51596 1
54934 55122 1
54934 56464 2
54934 119690 1
55122 20541 1
55122 31315 1
55122 31738 2
55122 34939 1
55122 35128 1
55122 37295 1
55122 38767 1
55122 39706 1
55122 39707 2
55122 40553 1
55122 40558 1
55122 40561 1
55122 40848 1
55122 40851 1
55122 40856 1
55122 40860 1
55122 42592 1
55122 43624 1
55122 43836 1
55122 44233 1
55122 50745 1
55122 50751 1
55122 51596 1
55122 52647 1
55122 54934 1
55122 56464 1
55122 119690 1
55122 122085 1
55122 122459 1
56464 31309 1
56464 31311 1
56464 31315 1
56464 31319 1
56464 31736 1
56464 31738 1
56464 32936 1
56464 34939 2
56464 38767 1
56464 40558 1
56464 40848 1
56464 40851 3
56464 42592 1
56464 42595 2
56464 43836 1
56464 44232 1
56464 45191 1
56464 50751 2
56464 51596 1
56464 54934 2
56464 55122 1
56464 57627 1
56464 119690 1
58170 22371 1
58170 31319 1
58170 31745 1
58170 38767 1
58170 42595 1
58170 50745 1
58170 52187 1
58170 52647 1
58170 53638 1
58170 122085 2
64500 31307 1
64500 31319 1
64500 31762 1
64500 31774 1
64500 38767 1
119690 21499 1
119690 21502 1
119690 31315 1
119690 31738 1
119690 32930 1
119690 34939 1
119690 38767 1
119690 40558 1
119690 40848 1
119690 40851 1
119690 42592 1
119690 50751 1
119690 51596 1
119690 54934 1
119690 55122 1
119690 56464 1
119690 119691 1
122085 22371 1
122085 31307 1
122085 31311 1
122085 31319 1
122085 31745 2
122085 31764 2
122085 35128 1
122085 38767 1
122085 40839 1
122085 42595 2
122085 43836 1
122085 44233 1
122085 50745 3
122085 52187 1
122085 53638 2
122085 55122 1
122085 58170 2
122696 20541 1
122696 31760 1
122696 32933 1
122696 37310 1
122696 37312 1
122696 37313 1
122696 38767 1
122696 39706 1
122696 39710 1
122696 40561 1
122696 40848 1
122696 40856 1
122696 44232 1
122696 44234 1
31760 39884 1
31760 40860 1
31760 47040 1
31760 122696 1
39885 31749 1
39885 37310 1
39885 39884 1
47040 15208 1
47040 18956 1
47040 20643 1
47040 22371 1
47040 31307 1
47040 31760 1
47040 32076 1
47040 35128 1
47040 39884 1
47040 44233 1
47040 47041 1
47040 122154 1
47040 122158 1
31749 31324 1
31749 31738 1
31749 31762 1
31749 33234 1
31749 37295 1
31749 37310 1
31749 39885 1
31749 40860 1
37295 20541 2
37295 31312 1
37295 31324 1
37295 31738 1
37295 31749 1
37295 31762 1
37295 33234 2
37295 35128 1
37295 37310 1
37295 37312 1
37295 37313 1
37295 39706 1
37295 40561 1
37295 40856 1
37295 40860 1
37295 43624 1
37295 51596 1
37295 55122 1
37295 119658 1
37295 122483 1
39707 31764 1
39707 39706 1
39707 40553 2
39707 40837 1
39707 40860 1
39707 43624 1
39707 43836 1
39707 52647 1
39707 55122 2
39707 119658 1
39707 122459 2
40553 31321 1
40553 31324 1
40553 32936 1
40553 39707 2
40553 40561 1
40553 40856 1
40553 40860 1
40553 43624 1
40553 43836 1
40553 52647 1
40553 55122 1
40553 122459 2
43624 33234 1
43624 37295 1
43624 39707 1
43624 40553 1
43624 40860 1
43624 43836 1
43624 52647 1
43624 55122 1
43624 122154 1
43624 122459 1
43624 122483 1
52647 22371 1
52647 31315 1
52647 32936 1
52647 35128 1
52647 39707 1
52647 40553 1
52647 40848 1
52647 40860 1
52647 43624 1
52647 43836 1
52647 55122 1
52647 58170 1
52647 122459 1
20643 15208 1
20643 18956 1
20643 20642 1
20643 21499 2
20643 22338 1
20643 32076 1
20643 44233 1
20643 47040 1
20643 122158 2
21502 21499 1
21502 119690 1
36075 21499 2
36075 32076 1
36075 40837 1
36075 122692 1
38886 21499 1
38886 31750 1
38886 31753 1
38886 31762 1
38886 119691 1
119691 21499 1
119691 32076 1
119691 38886 1
119691 119690 1
122158 15208 1
122158 18956 1
122158 20643 2
122158 21499 1
122158 32076 1
122158 33233 1
122158 44233 1
122158 47040 1
122158 122784 1
450 22371 1
450 31318 1
450 31319 1
450 31750 1
450 37312 1
450 40851 1
450 44233 1
450 122692 1
450 122703 3
31750 450 1
31750 31318 1
31750 31319 1
31750 31753 1
31750 31762 1
31750 38886 1
31750 40851 1
31750 44233 1
31750 122703 1
122703 450 3
122703 22371 1
122703 31318 1
122703 31319 1
122703 31750 1
122703 37312 1
122703 40851 1
122703 44233 1
122703 122692 1
14895 31319 1
14895 31736 1
36289 31736 1
45186 31736 1
45186 39710 1
45186 44233 1
45186 122784 1
122784 3762 1
122784 3800 1
122784 10532 1
122784 12739 1
122784 31736 1
122784 32077 1
122784 39710 1
122784 44233 1
122784 45186 1
122784 122158 1
15208 18956 1
15208 20643 1
15208 32076 1
15208 44233 1
15208 47040 1
15208 122158 1
18956 15208 1
18956 20643 1
18956 32076 1
18956 44233 1
18956 47040 1
18956 122158 1
40560 102782 1
40560 122154 1
102782 40560 1
102782 122154 1
122785 27122 1
122785 122154 1
123373 37313 1
123373 122154 1
123373 122688 1
123373 122691 1
123373 122833 1
20542 20539 1
20542 32741 1
32741 20539 1
32741 20542 1
32741 22338 1
122483 33234 1
122483 37295 1
122483 43624 1
56515 40839 1
122702 34939 1
122702 42595 1
122702 44234 1
27122 32076 1
27122 122785 1
31743 32076 1
122692 450 1
122692 22371 1
122692 32076 1
122692 33233 1
122692 36075 1
122692 37312 1
122692 122703 1
3762 3800 1
3762 10532 1
3762 12739 1
3762 32077 1
3762 122784 1
3800 3762 1
3800 10532 1
3800 12739 1
3800 32077 1
3800 122784 1
10532 3762 1
10532 3800 1
10532 12739 1
10532 32077 1
10532 122784 1
12739 3762 1
12739 3800 1
12739 10532 1
12739 32077 1
12739 122784 1
31753 31750 1
31753 31762 1
31753 38886 1
22338 20643 1
22338 32741 1
22338 44234 1
54921 45187 1
47041 47040 1
47041 126815 1
20642 20643 1
126815 47041 1
122688 122691 3
122688 123373 1
122691 122688 3
122691 123373 1
