80642 80641 1
80641 43690 1
80641 58315 1
80641 72302 1
80641 79403 1
80641 80642 1
80641 86046 1
80641 89966 1
80641 99315 1
43690 58315 1
43690 72302 1
43690 80641 1
43690 86046 1
43690 99315 1
58315 22391 1
58315 35958 1
58315 43690 1
58315 72302 1
58315 73372 1
58315 75978 1
58315 80641 1
58315 83999 1
58315 84920 1
58315 86046 1
58315 89474 1
58315 99315 1
72302 43690 1
72302 45981 1
72302 50775 1
72302 57557 1
72302 58315 1
72302 63161 1
72302 66676 1
72302 68288 1
72302 72222 1
72302 72301 1
72302 72303 1
72302 72304 1
72302 76804 1
72302 78440 1
72302 80269 1
72302 80641 1
72302 86046 1
72302 99315 1
79403 9173 1
79403 22283 1
79403 26286 1
79403 26290 1
79403 38814 1
79403 44467 1
79403 47934 1
79403 50174 1
79403 51243 1
79403 51800 1
79403 51994 1
79403 53550 1
79403 53567 1
79403 56679 1
79403 56680 1
79403 56681 1
79403 58629 1
79403 60067 1
79403 64109 1
79403 69038 2
79403 69267 1
79403 71708 1
79403 72113 1
79403 76279 1
79403 76281 1
79403 76643 1
79403 76644 1
79403 76645 1
79403 78894 1
79403 79405 1
79403 79756 1
79403 80118 1
79403 80297 1
79403 80458 1
79403 80641 1
79403 80819 1
79403 81291 1
79403 81813 1
79403 82592 1
79403 86035 1
79403 86448 1
79403 87364 1
79403 88841 1
79403 89445 1
79403 89966 2
79403 95904 1
79403 106419 1
79403 113814 1
79403 127270 1
86046 43690 1
86046 58315 1
86046 72302 1
86046 73585 1
86046 80641 1
86046 86045 1
86046 99315 1
89966 29333 1
89966 31336 1
89966 31341 1
89966 44467 1
89966 50503 1
89966 53567 1
89966 54347 1
89966 54475 1
89966 58329 1
89966 66678 1
89966 68140 1
89966 69056 1
89966 70504 1
89966 76643 1
89966 76644 1
89966 76645 1
89966 78179 1
89966 79403 2
89966 80495 1
89966 80641 1
89966 82208 1
89966 82266 1
89966 86035 1
89966 86448 1
89966 95410 1
89966 97000 1
89966 97753 1
89966 101325 1
99315 43690 1
99315 52922 1
99315 58315 1
99315 63894 1
99315 72302 1
99315 75669 1
99315 80495 1
99315 80641 1
99315 84491 1
99315 84641 1
99315 86046 1
99315 104465 1
99315 106043 1
22391 43804 1
22391 58315 1
22391 61551 1
22391 66021 1
22391 66624 1
22391 69439 1
22391 76769 1
22391 79933 1
22391 87757 1
22391 89474 1
22391 92201 1
22391 107383 1
35958 58315 1
35958 61823 1
73372 58315 1
73372 71479 1
73372 73373 1
73372 75978 1
73372 90056 1
75978 58315 1
75978 73372 1
75978 124608 1
83999 58315 1
83999 78725 1
83999 83996 1
83999 84410 1
83999 84920 1
84920 58315 1
84920 83999 1
89474 22391 1
89474 58315 1
89474 91945 2
45981 39686 1
45981 47311 1
45981 50775 1
45981 52713 1
45981 57960 1
45981 63161 1
45981 66676 1
45981 68288 1
45981 72301 1
45981 72302 1
45981 72303 2
45981 72304 3
45981 76804 1
45981 78440 1
50775 45981 1
50775 63161 1
50775 66155 1
50775 66676 1
50775 68288 1
50775 72301 1
50775 72302 1
50775 72303 1
50775 72304 1
50775 76804 1
50775 78440 1
57557 72302 1
57557 95817 1
57557 108365 1
63161 45981 1
63161 50612 1
63161 50775 1
63161 66676 1
63161 68288 1
63161 72301 1
63161 72302 1
63161 72303 1
63161 72304 1
63161 76804 1
63161 78440 1
63161 85587 1
63161 89679 1
66676 45981 1
66676 50775 1
66676 53679 1
66676 63161 1
66676 68288 1
66676 72301 1
66676 72302 1
66676 72303 1
66676 72304 1
66676 76804 1
66676 78440 1
66676 85857 1
68288 45981 1
68288 50775 1
68288 63161 1
68288 66660 1
68288 66676 1
68288 70343 1
68288 71166 1
68288 72301 1
68288 72302 1
68288 72303 1
68288 72304 1
68288 76804 1
68288 78440 1
68288 82753 1
72222 72302 1
72222 81291 1
72301 43867 1
72301 45981 1
72301 50775 1
72301 63161 1
72301 66676 1
72301 68288 1
72301 72302 1
72301 72303 1
72301 72304 1
72301 76804 1
72301 78440 1
72303 45981 2
72303 50775 1
72303 63161 1
72303 66676 1
72303 68288 1
72303 72301 1
72303 72302 1
72303 72304 2
72303 75675 1
72303 76804 1
72303 78440 1
72303 79880 1
72304 12833 1
72304 17665 1
72304 31402 1
72304 33167 1
72304 40159 1
72304 45981 3
72304 46423 1
72304 47311 1
72304 49983 1
72304 50775 1
72304 55617 1
72304 57960 1
72304 63161 1
72304 66676 1
72304 68288 1
72304 68936 1
72304 68937 1
72304 68938 1
72304 72301 1
72304 72302 1
72304 72303 2
72304 74125 1
72304 76804 1
72304 78440 1
76804 45981 1
76804 50775 1
76804 63161 1
76804 66676 1
76804 68288 1
76804 72301 1
76804 72302 1
76804 72303 1
76804 72304 1
76804 78440 1
78440 45981 1
78440 50775 1
78440 63161 1
78440 66676 1
78440 68288 1
78440 72301 1
78440 72302 1
78440 72303 1
78440 72304 1
78440 76804 1
80269 72302 1
9173 4104 1
9173 4110 1
9173 9204 1
9173 20345 1
9173 24627 1
9173 28870 1
9173 79403 1
22283 49467 1
22283 66574 1
22283 79403 1
26286 26259 1
26286 29428 1
26286 53136 1
26286 64109 1
26286 77094 1
26286 79403 1
26286 80458 1
26286 106419 1
26290 79403 1
38814 17850 1
38814 38856 1
38814 50174 1
38814 51800 1
38814 51994 1
38814 56679 1
38814 56680 1
38814 56681 1
38814 58355 1
38814 79403 1
38814 81291 1
38814 81813 1
38814 82592 1
38814 95904 1
44467 53567 1
44467 76643 1
44467 76644 1
44467 76645 1
44467 79403 1
44467 86035 1
44467 86448 1
44467 89966 1
47934 53550 1
47934 69267 1
47934 72524 1
47934 79403 1
47934 79893 1
47934 83587 1
47934 89445 1
50174 17877 1
50174 38814 1
50174 50882 1
50174 51800 1
50174 51994 1
50174 56679 1
50174 56680 1
50174 56681 1
50174 61655 1
50174 79403 1
50174 81291 1
50174 81813 1
50174 82592 1
50174 95904 1
51243 60067 1
51243 69038 1
51243 76279 1
51243 76281 1
51243 79403 1
51243 113814 1
51800 23082 1
51800 37142 1
51800 38814 1
51800 47794 1
51800 50174 1
51800 51994 1
51800 56679 1
51800 56680 1
51800 56681 1
51800 79403 1
51800 81291 1
51800 81813 1
51800 82592 1
51800 95904 1
51994 38814 1
51994 50174 1
51994 51800 1
51994 56679 1
51994 56680 1
51994 56681 1
51994 79403 1
51994 81291 1
51994 81813 1
51994 82592 1
51994 95904 1
53550 47934 1
53550 48738 1
53550 55129 1
53550 69267 1
53550 72211 1
53550 79403 1
53550 89445 1
53567 44467 1
53567 63557 1
53567 76643 1
53567 76644 1
53567 76645 1
53567 79403 1
53567 86035 1
53567 86448 1
53567 89966 1
56679 38814 1
56679 50174 1
56679 51800 1
56679 51994 1
56679 56680 1
56679 56681 1
56679 79403 1
56679 81291 1
56679 81813 1
56679 82592 1
56679 95904 1
56679 109213 1
56680 38814 1
56680 50174 1
56680 51800 1
56680 51994 1
56680 56679 1
56680 56681 1
56680 79403 1
56680 81291 1
56680 81813 1
56680 82592 1
56680 95904 1
56681 35968 1
56681 36959 1
56681 38814 1
56681 45912 1
56681 49240 1
56681 50174 1
56681 51800 1
56681 51994 1
56681 56679 1
56681 56680 1
56681 79403 1
56681 81291 1
56681 81813 1
56681 82592 1
56681 95904 1
58629 79403 1
60067 51243 1
60067 62248 1
60067 69038 1
60067 76279 1
60067 76281 1
60067 78928 1
60067 79403 1
60067 82668 1
60067 113814 1
64109 26286 1
64109 79403 1
64109 80458 1
64109 106419 1
69038 46680 1
69038 50533 1
69038 51243 1
69038 58720 1
69038 60067 1
69038 61670 1
69038 76279 1
69038 76281 1
69038 79403 2
69038 113814 1
69267 47934 1
69267 53550 1
69267 79403 1
69267 89445 1
69267 93487 1
69267 97000 1
71708 74125 1
71708 79403 1
71708 80118 1
71708 81413 1
72113 79403 1
72113 80297 1
72113 87364 1
72113 88841 1
76279 46481 1
76279 51243 1
76279 60067 1
76279 64782 1
76279 64783 1
76279 64785 1
76279 64786 1
76279 69038 1
76279 72472 1
76279 76278 1
76279 76281 1
76279 79403 1
76279 90955 1
76279 113814 1
76279 121148 1
76279 121484 1
76279 122583 1
76281 51243 1
76281 60067 1
76281 69038 1
76281 76279 1
76281 79403 1
76281 113814 1
76643 44467 1
76643 53567 1
76643 76644 1
76643 76645 1
76643 79403 1
76643 86035 1
76643 86448 1
76643 89966 1
76644 44467 1
76644 53567 1
76644 62736 1
76644 76643 1
76644 76645 1
76644 79403 1
76644 86035 1
76644 86448 1
76644 89966 1
76644 102206 1
76644 108758 1
76645 44467 1
76645 53567 1
76645 76643 1
76645 76644 1
76645 79403 1
76645 86035 1
76645 86448 1
76645 89966 1
78894 79403 1
78894 125478 1
79405 77951 1
79405 79403 1
79405 81291 1
79405 81813 1
79405 127270 1
79756 67950 1
79756 67951 1
79756 72877 1
79756 76080 1
79756 77283 1
79756 77453 1
79756 77646 1
79756 79403 1
79756 79458 1
79756 80458 1
79756 80459 1
79756 81227 1
79756 81417 2
80118 69310 1
80118 71708 1
80118 79403 1
80118 96889 1
80297 57767 1
80297 62621 1
80297 72113 1
80297 72877 2
80297 79403 1
80297 87364 1
80297 88841 1
80458 26286 1
80458 64109 1
80458 67950 1
80458 67951 1
80458 77274 1
80458 77646 1
80458 79403 1
80458 79458 1
80458 79756 1
80458 80456 1
80458 80459 1
80458 80460 1
80458 81227 1
80458 106419 1
80458 122169 1
80458 123883 1
80819 79403 1
81291 38814 1
81291 49172 1
81291 50174 1
81291 51800 1
81291 51994 1
81291 56679 1
81291 56680 1
81291 56681 1
81291 57565 1
81291 72222 1
81291 72877 1
81291 75801 1
81291 79403 1
81291 79405 1
81291 81813 3
81291 82592 1
81291 95904 1
81291 109739 1
81813 38814 1
81813 39645 1
81813 46481 2
81813 47106 1
81813 50174 1
81813 51800 1
81813 51994 1
81813 56679 1
81813 56680 1
81813 56681 1
81813 63570 1
81813 74724 1
81813 78004 1
81813 79403 1
81813 79405 1
81813 81291 3
81813 81815 1
81813 82592 1
81813 82924 1
81813 88048 1
81813 95904 1
82592 38814 1
82592 50174 1
82592 51800 1
82592 51994 1
82592 56679 1
82592 56680 1
82592 56681 1
82592 76437 1
82592 79403 1
82592 81291 1
82592 81813 1
82592 88180 1
82592 95904 1
82592 126079 1
86035 42913 1
86035 44467 1
86035 53567 1
86035 74300 1
86035 75949 1
86035 76643 1
86035 76644 1
86035 76645 1
86035 79403 1
86035 86448 1
86035 89966 1
86035 90767 1
86035 101021 1
86448 44467 1
86448 53567 1
86448 76643 1
86448 76644 1
86448 76645 1
86448 79403 1
86448 85415 1
86448 86035 1
86448 86040 1
86448 89966 1
86448 94051 1
86448 104095 1
87364 26670 1
87364 52328 1
87364 53763 1
87364 62272 1
87364 65964 1
87364 71514 1
87364 72113 1
87364 78106 1
87364 79403 1
87364 79538 1
87364 80297 1
87364 81538 1
87364 82188 1
87364 86304 1
87364 88841 1
87364 103197 1
87364 105074 1
87364 105427 1
87364 121389 1
88841 72113 1
88841 79403 1
88841 80297 1
88841 86344 1
88841 87364 1
88841 88840 1
88841 98449 1
88841 105818 1
88841 106624 1
88841 113043 1
88841 124835 1
89445 47934 1
89445 53550 1
89445 69267 1
89445 79403 1
89445 83459 1
95904 38814 1
95904 50174 1
95904 51800 1
95904 51994 1
95904 52350 1
95904 56679 1
95904 56680 1
95904 56681 1
95904 69056 1
95904 79403 1
95904 81291 1
95904 81813 1
95904 82592 1
95904 100308 1
106419 26286 1
106419 64109 1
106419 79403 1
106419 80458 1
113814 51243 1
113814 60067 1
113814 69038 1
113814 76279 1
113814 76281 1
113814 79403 1
127270 77024 1
127270 78586 1
127270 79403 1
127270 79405 1
127270 80506 1
73585 86045 1
73585 86046 1
86045 56741 1
86045 59915 1
86045 69906 1
86045 73585 1
86045 78404 1
86045 78405 1
86045 78406 1
86045 78407 1
86045 86046 1
86045 90834 1
86045 124537 1
86045 127303 1
29333 80459 1
29333 89966 1
31336 31341 1
31336 89966 1
31341 1273 1
31341 15035 1
31341 21956 1
31341 31336 1
31341 89966 1
50503 38486 1
50503 54347 1
50503 54475 1
50503 89966 1
54347 29897 1
54347 42443 1
54347 50503 1
54347 54475 1
54347 59572 1
54347 89966 1
54475 50503 1
54475 54347 1
54475 89966 1
58329 40129 1
58329 47972 1
58329 52350 1
58329 60246 1
58329 60401 1
58329 66021 1
58329 68140 1
58329 75330 1
58329 79495 1
58329 79964 1
58329 81256 1
58329 87752 1
58329 88795 1
58329 89966 1
58329 92643 1
58329 92644 1
58329 97463 1
66678 68140 1
66678 69056 1
66678 80495 1
66678 82208 1
66678 89966 1
66678 95410 1
66678 97000 1
66678 97753 1
66678 101325 1
68140 58329 1
68140 66678 1
68140 69056 1
68140 80495 1
68140 82208 1
68140 89966 1
68140 95410 1
68140 97000 1
68140 97753 1
68140 101325 1
69056 39022 1
69056 52350 1
69056 66678 1
69056 68140 1
69056 80495 1
69056 82208 1
69056 89966 1
69056 95410 1
69056 95904 1
69056 97000 1
69056 97753 1
69056 101325 1
70504 73543 1
70504 82266 2
70504 89966 1
78179 63894 1
78179 89966 1
78179 92009 1
80495 41019 1
80495 52922 1
80495 63894 1
80495 66223 1
80495 66678 1
80495 68140 1
80495 69056 1
80495 75669 1
80495 82208 1
80495 84491 1
80495 84641 1
80495 89667 1
80495 89966 1
80495 91602 1
80495 93299 1
80495 95410 1
80495 97000 1
80495 97753 1
80495 99315 1
80495 101325 1
80495 104465 1
80495 106043 1
80495 115074 1
82208 66678 1
82208 68140 1
82208 69056 1
82208 78914 1
82208 80495 1
82208 89966 1
82208 95410 1
82208 97000 1
82208 97753 1
82208 101325 1
82208 102469 1
82266 70504 2
82266 89966 1
95410 66678 1
95410 68140 1
95410 69056 1
95410 79553 1
95410 80495 1
95410 82208 1
95410 89966 1
95410 91943 1
95410 95991 1
95410 97000 1
95410 97753 2
95410 97931 1
95410 101325 1
95410 101623 1
95410 108822 1
97000 66678 1
97000 68140 1
97000 69056 1
97000 69267 1
97000 69384 1
97000 80495 1
97000 82208 1
97000 82705 1
97000 89966 1
97000 93714 1
97000 95410 1
97000 97753 1
97000 101325 1
97753 51838 1
97753 66678 1
97753 68140 1
97753 69056 1
97753 77559 1
97753 80495 1
97753 82208 1
97753 89044 1
97753 89966 1
97753 91943 1
97753 95410 2
97753 97000 1
97753 101325 1
101325 22482 1
101325 49428 1
101325 66678 1
101325 68140 1
101325 69056 1
101325 80495 1
101325 82208 1
101325 86319 1
101325 89966 1
101325 95393 1
101325 95410 1
101325 97000 1
101325 97753 1
101325 98925 1
101325 103384 1
101325 107198 1
101325 111667 1
52922 63894 1
52922 75669 1
52922 80495 1
52922 84491 1
52922 84641 1
52922 95817 1
52922 99315 1
52922 101627 1
52922 104465 1
52922 106043 1
63894 35812 1
63894 49745 1
63894 52922 1
63894 69273 1
63894 75669 1
63894 78179 1
63894 80495 1
63894 84491 1
63894 84641 1
63894 87833 1
63894 99315 1
63894 104465 1
63894 106043 1
75669 52922 1
75669 63894 1
75669 65443 1
75669 80495 1
75669 83103 1
75669 84491 1
75669 84641 1
75669 99315 1
75669 104465 1
75669 106043 1
84491 48401 1
84491 52922 1
84491 63894 1
84491 75669 1
84491 79661 1
84491 80495 1
84491 84641 1
84491 86505 1
84491 87757 1
84491 93487 1
84491 94482 1
84491 98351 1
84491 99315 1
84491 104465 1
84491 106043 1
84641 52922 1
84641 63894 1
84641 75669 1
84641 80495 1
84641 84491 1
84641 88911 1
84641 89053 1
84641 99315 1
84641 104465 1
84641 106043 1
104465 52316 1
104465 52922 1
104465 55865 1
104465 63894 1
104465 75669 1
104465 80031 1
104465 80495 1
104465 84491 1
104465 84641 1
104465 95675 1
104465 99315 1
104465 106043 1
106043 47151 1
106043 52922 1
106043 61551 1
106043 63894 1
106043 75669 1
106043 80495 1
106043 84491 1
106043 84520 1
106043 84641 1
106043 95002 1
106043 99315 1
106043 104465 1
106043 106311 1
43804 22391 1
61551 22391 1
61551 86319 1
61551 106043 1
66021 22391 1
66021 58329 1
66021 60401 1
66021 66624 1
66021 79933 1
66021 87752 1
66021 87757 1
66021 92643 1
66021 92644 1
66021 97463 1
66021 107383 1
66624 22391 1
66624 42443 1
66624 66021 1
66624 79933 1
66624 87757 1
66624 107383 1
69439 22391 1
69439 76769 1
76769 22391 1
76769 69439 1
79933 22391 1
79933 66021 1
79933 66624 1
79933 87757 1
79933 107383 1
87757 22391 1
87757 66021 1
87757 66624 1
87757 79933 1
87757 84491 1
87757 86505 1
87757 107383 1
92201 22391 1
107383 22391 1
107383 66021 1
107383 66624 1
107383 79933 1
107383 87757 1
61823 35958 1
71479 73372 1
73373 73372 1
73373 90056 1
90056 73372 1
90056 73373 1
124608 75978 1
78725 83999 1
83996 83999 1
83996 84410 1
84410 81256 1
84410 83996 1
84410 83999 1
91945 89474 2
39686 45981 1
47311 45981 1
47311 57960 1
47311 72304 1
52713 45981 1
57960 45981 1
57960 47311 1
57960 72304 1
66155 50775 1
95817 52922 1
95817 57557 1
95817 101627 1
95817 105965 2
95817 108365 1
108365 57557 1
108365 95817 1
50612 63161 1
50612 85587 1
50612 89679 1
85587 50612 1
85587 63161 1
85587 89679 1
89679 50612 1
89679 63161 1
89679 85587 1
53679 66676 1
85857 66676 1
66660 46680 1
66660 68288 1
66660 71166 1
70343 68288 1
71166 66660 1
71166 68288 1
82753 68288 1
43867 72301 1
75675 72303 1
75675 79880 1
79880 72303 1
79880 75675 1
12833 17665 1
12833 31402 1
12833 33167 1
12833 40159 1
12833 46423 1
12833 49983 1
12833 55617 1
12833 72304 1
17665 12833 1
17665 31402 1
17665 33167 1
17665 40159 1
17665 46423 1
17665 49983 1
17665 55617 1
17665 72304 1
31402 12833 1
31402 17665 1
31402 33167 1
31402 40159 1
31402 46423 1
31402 49983 1
31402 55617 1
31402 72304 1
33167 12833 1
33167 17665 1
33167 31402 1
33167 40159 1
33167 46423 1
33167 49983 1
33167 55617 1
33167 72304 1
40159 12833 1
40159 17665 1
40159 31402 1
40159 33167 1
40159 46423 1
40159 49983 1
40159 55617 1
40159 72304 1
46423 12833 1
46423 17665 1
46423 31402 1
46423 33167 1
46423 40159 1
46423 49983 1
46423 55617 1
46423 72304 1
49983 12833 1
49983 17665 1
49983 31402 1
49983 33167 1
49983 40159 1
49983 46423 1
49983 55617 1
49983 72304 1
55617 12833 1
55617 17665 1
55617 31402 1
55617 33167 1
55617 40159 1
55617 46423 1
55617 49983 1
55617 72304 1
68936 68937 1
68936 68938 1
68936 72304 1
68936 74125 1
68937 68936 1
68937 68938 1
68937 72304 1
68937 74125 1
68938 68936 1
68938 68937 1
68938 72304 1
68938 74125 1
74125 68936 1
74125 68937 1
74125 68938 1
74125 71708 1
74125 72304 1
4104 4110 1
4104 9173 1
4104 20345 1
4104 24627 1
4104 28870 1
4110 4104 1
4110 9173 1
4110 20345 1
4110 24627 1
4110 28870 1
9204 9173 1
20345 4104 1
20345 4110 1
20345 9173 1
20345 24627 1
20345 28870 1
24627 4104 1
24627 4110 1
24627 9173 1
24627 20345 1
24627 28870 1
28870 4104 1
28870 4110 1
28870 9173 1
28870 20345 1
28870 24627 1
49467 22283 1
66574 15910 1
66574 22283 1
26259 26286 1
26259 29428 1
26259 82924 1
29428 26259 1
29428 26286 1
53136 26286 1
53136 77094 1
77094 26286 1
77094 53136 1
17850 38814 1
38856 38814 1
58355 38814 1
72524 47934 1
72524 79893 1
72524 83587 1
79893 47934 1
79893 72524 1
79893 83587 1
79893 83990 1
83587 47934 1
83587 72524 1
83587 79893 1
17877 50174 1
17877 60110 1
50882 50174 1
50882 61655 1
61655 50174 1
61655 50882 1
61655 82891 1
23082 37142 1
23082 47794 1
23082 51800 1
37142 23082 1
37142 47794 1
37142 51800 1
47794 23082 1
47794 37142 1
47794 51800 1
48738 53550 1
55129 53550 1
72211 53550 1
63557 53567 1
109213 56679 1
35968 56681 1
36959 45912 1
36959 49240 1
36959 56681 1
45912 36959 1
45912 49240 1
45912 56681 1
49240 36959 1
49240 45912 1
49240 56681 1
62248 60067 1
78928 60067 1
78928 82668 1
82668 60067 1
82668 78928 1
46680 50533 1
46680 58720 1
46680 61670 1
46680 66660 1
46680 69038 1
50533 46680 1
50533 58720 1
50533 61670 1
50533 69038 1
58720 46680 1
58720 50533 1
58720 61670 1
58720 69038 1
61670 46680 1
61670 50533 1
61670 58720 1
61670 69038 1
93487 69267 1
93487 84491 1
81413 71708 1
46481 63570 1
46481 74724 1
46481 76279 1
46481 81813 2
46481 121148 1
64782 64783 1
64782 64785 1
64782 64786 1
64782 76279 1
64782 90955 1
64783 64782 1
64783 64785 1
64783 64786 1
64783 76279 1
64783 90955 1
64785 64782 1
64785 64783 1
64785 64786 1
64785 76279 1
64785 90955 1
64786 64782 1
64786 64783 1
64786 64785 1
64786 76279 1
64786 90955 1
72472 72471 1
72472 76278 1
72472 76279 1
72472 121484 3
72472 121822 1
76278 72472 1
76278 76279 1
76278 121484 1
90955 64782 1
90955 64783 1
90955 64785 1
90955 64786 1
90955 76279 1
121148 46481 1
121148 76279 1
121484 72472 3
121484 76278 1
121484 76279 1
122583 76279 1
122583 122584 1
62736 76644 1
102206 76644 1
108758 76644 1
125478 78894 1
77951 79405 1
67950 67951 1
67950 77646 1
67950 79458 1
67950 79756 1
67950 80458 1
67950 81227 1
67951 67950 1
67951 77646 1
67951 79458 1
67951 79756 1
67951 80458 1
67951 81227 1
72877 57767 1
72877 62621 1
72877 76080 1
72877 79756 1
72877 80297 2
72877 81291 1
72877 81417 1
76080 72877 1
76080 79756 1
76080 81417 1
77283 79756 1
77283 80459 1
77283 81417 1
77453 79756 1
77646 67950 1
77646 67951 1
77646 79458 1
77646 79756 1
77646 80458 1
77646 81227 1
79458 67950 1
79458 67951 1
79458 77646 1
79458 78586 1
79458 79456 1
79458 79756 1
79458 80458 1
79458 80506 2
79458 81227 1
80459 29333 1
80459 77274 1
80459 77283 1
80459 79756 1
80459 80456 1
80459 80458 1
80459 80460 1
80459 81417 1
80459 123883 1
81227 67950 1
81227 67951 1
81227 77646 1
81227 79458 1
81227 79756 1
81227 80458 1
81417 72877 1
81417 76080 1
81417 77283 1
81417 79756 2
81417 80459 1
69310 80118 1
96889 80118 1
57767 72877 1
57767 80297 1
62621 72877 1
62621 80297 1
77274 80456 1
77274 80458 1
77274 80459 1
77274 80460 1
77274 123883 1
80456 77274 1
80456 80458 1
80456 80459 1
80456 80460 1
80456 123883 1
80460 77274 1
80460 80456 1
80460 80458 1
80460 80459 1
80460 82924 2
80460 123883 1
122169 80458 1
123883 77274 1
123883 80456 1
123883 80458 1
123883 80459 1
123883 80460 1
49172 81291 1
57565 75801 1
57565 81291 1
75801 57565 1
75801 81291 1
109739 55865 1
109739 81291 1
109739 99553 1
39645 47106 1
39645 81813 1
47106 39645 1
47106 81813 1
63570 46481 1
63570 73707 1
63570 78004 1
63570 81813 1
74724 46481 1
74724 78004 1
74724 81813 1
78004 63570 1
78004 74724 1
78004 81813 1
81815 52316 1
81815 81813 1
81815 88048 1
82924 26259 1
82924 80460 2
82924 81813 1
88048 81813 1
88048 81815 1
76437 82592 1
76437 126079 1
88180 82592 1
126079 76437 1
126079 82592 1
42913 86035 1
74300 75949 1
74300 86035 1
74300 101021 1
75949 74300 1
75949 86035 1
75949 86040 1
75949 101021 1
90767 55159 1
90767 86035 1
101021 74300 1
101021 75949 1
101021 86035 1
85415 86040 1
85415 86448 1
85415 94051 1
86040 75949 1
86040 85415 1
86040 86448 1
86040 94051 1
86040 104095 1
94051 85415 1
94051 86040 1
94051 86448 1
104095 86040 1
104095 86448 1
26670 62272 1
26670 78106 1
26670 79538 1
26670 86304 1
26670 87364 1
52328 87364 1
52328 103197 1
52328 121389 1
53763 87364 1
62272 26670 1
62272 78106 1
62272 79538 1
62272 86304 1
62272 87364 1
65964 87364 1
65964 105427 1
71514 87364 1
78106 26670 1
78106 62272 1
78106 79538 1
78106 86304 1
78106 87364 1
79538 26670 1
79538 62272 1
79538 78106 1
79538 86304 1
79538 87364 1
81538 87364 1
82188 87364 1
86304 26670 1
86304 62272 1
86304 78106 1
86304 79538 1
86304 87364 1
103197 52328 1
103197 87364 1
103197 121389 1
105074 87364 1
105427 65964 1
105427 87364 1
121389 52328 1
121389 87364 1
121389 103197 1
86344 88841 1
86344 98449 1
88840 88841 1
98449 86344 1
98449 88841 1
105818 88841 1
106624 88841 1
113043 88841 1
124835 88841 1
124835 124834 1
124835 124836 1
124835 124837 1
124835 124959 1
124835 124960 1
124835 126783 1
83459 89445 1
52350 52316 2
52350 58329 1
52350 69056 1
52350 75330 1
52350 95904 1
100308 95904 1
77024 77023 1
77024 78586 1
77024 80506 1
77024 127270 1
78586 77024 1
78586 79458 1
78586 80506 2
78586 127270 1
80506 77024 1
80506 78586 2
80506 79458 2
80506 127270 1
56741 59915 1
56741 69906 1
56741 78404 1
56741 78405 1
56741 78406 1
56741 78407 1
56741 86045 1
56741 90834 1
56741 124537 1
56741 127303 1
59915 56741 1
59915 69906 1
59915 78404 1
59915 78405 1
59915 78406 1
59915 78407 1
59915 86045 1
59915 90834 1
59915 124537 1
59915 127303 1
69906 56741 1
69906 59915 1
69906 78404 1
69906 78405 1
69906 78406 1
69906 78407 1
69906 86045 1
69906 90834 1
69906 124537 1
69906 127303 1
78404 56741 1
78404 59915 1
78404 69906 1
78404 78405 1
78404 78406 1
78404 78407 1
78404 86045 1
78404 90834 1
78404 124537 1
78404 127303 1
78405 56741 1
78405 59915 1
78405 69906 1
78405 78404 1
78405 78406 1
78405 78407 1
78405 86045 1
78405 90834 1
78405 124537 1
78405 127303 1
78406 56741 1
78406 59915 1
78406 69906 1
78406 78404 1
78406 78405 1
78406 78407 1
78406 86045 1
78406 90834 1
78406 124537 1
78406 127303 1
78407 56741 1
78407 59915 1
78407 69906 1
78407 78404 1
78407 78405 1
78407 78406 1
78407 86045 1
78407 90834 1
78407 124537 1
78407 127303 1
90834 56741 1
90834 59915 1
90834 69906 1
90834 78404 1
90834 78405 1
90834 78406 1
90834 78407 1
90834 86045 1
90834 124537 1
90834 127303 1
124537 56741 1
124537 59915 1
124537 69906 1
124537 78404 1
124537 78405 1
124537 78406 1
124537 78407 1
124537 86045 1
124537 90834 1
124537 127303 1
127303 56741 1
127303 59915 1
127303 69906 1
127303 78404 1
127303 78405 1
127303 78406 1
127303 78407 1
127303 86045 1
127303 90834 1
127303 124537 1
1273 15035 1
1273 21956 1
1273 31341 1
15035 1273 1
15035 21956 1
15035 31341 1
15035 35812 1
21956 1273 1
21956 15035 1
21956 31341 1
38486 50503 1
29897 42443 1
29897 54347 1
29897 59572 1
42443 29897 1
42443 54347 1
42443 59572 1
42443 66624 1
59572 29897 1
59572 42443 1
59572 54347 1
59572 126467 1
40129 58329 1
40129 79495 1
47972 58329 1
60246 58329 1
60246 79964 1
60246 88795 1
60401 58329 1
60401 64172 1
60401 66021 1
60401 87752 1
60401 92643 1
60401 92644 1
60401 97463 1
75330 52350 1
75330 58329 1
79495 40129 1
79495 58329 1
79964 58329 1
79964 60246 1
79964 88795 1
81256 58329 1
81256 84410 1
87752 58329 1
87752 60401 1
87752 66021 1
87752 92643 1
87752 92644 1
87752 97463 1
88795 58329 1
88795 60246 1
88795 79964 1
92643 58329 1
92643 60401 1
92643 66021 1
92643 87752 1
92643 92644 1
92643 97463 1
92644 58329 1
92644 60401 1
92644 66021 1
92644 87752 1
92644 92643 1
92644 97463 1
97463 58329 1
97463 60401 1
97463 66021 1
97463 87752 1
97463 92643 1
97463 92644 1
39022 69056 1
73543 70504 1
92009 78179 1
41019 80495 1
66223 80495 1
89667 80495 1
89667 91602 1
89667 93299 1
91602 80495 1
91602 89667 1
91602 93299 1
93299 80495 1
93299 89667 1
93299 91602 1
115074 80495 1
78914 61340 1
78914 82208 1
78914 102469 1
102469 78914 1
102469 82208 1
79553 95410 1
91943 95410 1
91943 97753 1
91943 103514 2
95991 95410 1
95991 124328 1
97931 95410 1
97931 101623 1
97931 108822 1
101623 95410 1
101623 97931 1
101623 108822 1
108822 95410 1
108822 97931 1
108822 101623 1
69384 82705 1
69384 93714 1
69384 97000 1
82705 69384 1
82705 93714 1
82705 97000 1
93714 69384 1
93714 82705 1
93714 97000 1
51838 71048 1
51838 97753 1
77559 89044 1
77559 97753 1
89044 77559 1
89044 89053 1
89044 97753 1
22482 49428 1
22482 101325 1
22482 103384 1
22482 111667 1
49428 22482 1
49428 101325 1
49428 103384 1
49428 111667 1
86319 61551 1
86319 101325 1
86319 109122 1
95393 101325 1
98925 101325 1
98925 107198 1
103384 22482 1
103384 49428 1
103384 101325 1
103384 111667 1
107198 98925 1
107198 101325 1
111667 22482 1
111667 49428 1
111667 101325 1
111667 103384 1
101627 52922 1
101627 95817 1
35812 15035 1
35812 49745 1
35812 63894 1
49745 35812 1
49745 63894 1
69273 63894 1
87833 63894 1
65443 75669 1
65443 83103 1
83103 65443 1
83103 75669 1
48401 84491 1
79661 84491 1
79661 98351 1
86505 84491 1
86505 87757 1
94482 84491 1
98351 79661 1
98351 84491 1
88911 84641 1
89053 84641 1
89053 89044 1
52316 52350 2
52316 80031 1
52316 81815 1
52316 84520 1
52316 104465 1
55865 104465 1
55865 107050 1
55865 109739 1
80031 52316 1
80031 104465 1
95675 104465 1
47151 106043 1
84520 52316 1
84520 106043 1
95002 106043 1
106311 106043 1
107050 55865 1
105965 95817 2
109122 86319 1
71048 51838 1
103514 91943 2
124328 95991 1
61340 78914 1
64172 60401 1
64172 75898 1
126467 59572 1
77023 77024 1
77023 79642 1
124834 124835 1
124834 124836 1
124834 124837 1
124834 124959 1
124834 124960 1
124834 126783 1
124836 124834 1
124836 124835 1
124836 124837 1
124836 124959 1
124836 124960 1
124836 126783 1
124837 124834 1
124837 124835 1
124837 124836 1
124837 124959 1
124837 124960 1
124837 126783 1
124959 124834 1
124959 124835 1
124959 124836 1
124959 124837 1
124959 124960 4
124959 126783 1
124960 124834 1
124960 124835 1
124960 124836 1
124960 124837 1
124960 124959 4
124960 126783 1
126783 124834 1
126783 124835 1
126783 124836 1
126783 124837 1
126783 124959 1
126783 124960 1
55159 90767 1
73707 63570 1
99553 109739 1
79456 79458 1
72471 72472 1
121822 72472 1
122584 122583 1
60110 17877 1
82891 61655 1
83990 79893 1
15910 66574 1
75898 64172 1
79642 77023 1
