19717 14022 1
14022 19717 1
14022 28652 1
14022 28654 1
14022 30199 1
14022 31904 1
14022 36007 1
14022 36076 1
14022 37825 1
28652 14022 1
28652 28623 1
28652 28639 1
28652 28642 1
28652 28647 1
28652 28654 1
28652 30199 3
28652 31902 1
28652 31904 1
28652 33848 1
28652 34779 1
28652 34783 1
28652 35006 1
28652 35309 1
28652 35915 1
28652 35999 1
28652 36007 1
28652 36076 1
28652 37328 1
28652 37598 1
28652 37825 1
28652 37878 1
28652 37880 1
28652 40284 1
28652 48621 1
28654 11233 1
28654 14022 1
28654 28623 1
28654 28626 1
28654 28652 1
28654 28656 1
28654 28658 2
28654 30199 1
28654 31902 1
28654 31904 1
28654 32445 1
28654 33837 1
28654 35309 1
28654 36000 1
28654 36007 1
28654 36076 1
28654 37825 1
28654 39845 2
28654 40115 1
28654 40441 1
28654 45202 2
30199 14022 1
30199 23398 1
30199 28623 1
30199 28638 1
30199 28639 1
30199 28652 3
30199 28654 1
30199 28656 1
30199 28658 2
30199 29555 1
30199 29586 1
30199 31902 1
30199 31904 2
30199 33848 2
30199 35006 1
30199 35309 1
30199 35311 1
30199 35915 1
30199 35998 1
30199 35999 3
30199 36006 2
30199 36007 2
30199 36076 2
30199 37265 1
30199 37328 1
30199 37825 2
30199 39844 1
30199 39845 1
30199 40115 2
30199 40284 3
30199 40285 1
30199 42492 1
30199 45202 2
30199 48637 1
30199 54130 1
30199 58921 1
30199 61940 1
30199 65169 1
31904 14022 1
31904 28638 1
31904 28652 1
31904 28654 1
31904 30199 2
31904 31109 1
31904 31902 1
31904 32445 1
31904 36007 2
31904 36076 2
31904 37264 1
31904 37265 1
31904 37608 1
31904 37825 1
31904 37878 1
31904 37889 1
31904 37920 1
31904 37954 1
31904 38314 1
31904 40114 1
31904 40116 1
31904 40287 1
31904 45202 1
31904 49531 1
31904 57129 1
31904 61940 1
31904 62555 1
31904 65169 1
31904 70712 1
31904 72952 1
31904 78032 1
31904 92015 1
36007 12275 1
36007 14022 1
36007 28623 1
36007 28638 1
36007 28652 1
36007 28654 1
36007 28656 1
36007 30199 2
36007 31528 1
36007 31902 1
36007 31904 2
36007 33837 1
36007 33846 1
36007 33848 1
36007 34942 1
36007 36001 1
36007 36002 1
36007 36004 1
36007 36006 1
36007 36076 3
36007 37021 1
36007 37265 1
36007 37328 1
36007 37825 1
36007 37890 1
36007 39613 1
36007 39844 1
36007 39845 1
36007 40284 1
36007 40285 1
36007 40290 1
36007 40932 1
36007 41364 1
36007 42492 1
36007 43586 1
36007 48631 1
36007 49448 1
36007 52109 1
36007 52110 1
36007 57127 1
36007 57642 1
36007 58924 1
36007 59178 1
36007 60268 1
36007 61940 1
36007 65169 1
36007 75783 1
36076 14022 1
36076 14425 1
36076 28623 1
36076 28638 1
36076 28652 1
36076 28654 1
36076 28656 1
36076 29552 1
36076 30199 2
36076 31904 2
36076 33108 1
36076 35005 1
36076 35006 1
36076 36001 1
36076 36002 1
36076 36004 1
36076 36007 3
36076 36077 1
36076 37328 1
36076 37597 1
36076 37825 1
36076 37884 1
36076 39845 1
36076 40284 1
36076 40290 1
36076 61940 1
36076 65169 1
37825 14022 1
37825 23398 1
37825 28652 1
37825 28654 1
37825 28658 1
37825 29555 1
37825 30199 2
37825 31904 1
37825 35311 1
37825 35999 1
37825 36007 1
37825 36076 1
37825 37265 1
37825 58921 1
28623 14425 1
28623 28652 1
28623 28654 1
28623 28656 2
28623 28658 1
28623 30199 1
28623 31902 1
28623 33837 1
28623 35309 1
28623 36001 1
28623 36002 1
28623 36004 1
28623 36006 1
28623 36007 1
28623 36076 1
28623 37328 1
28623 37595 1
28623 39845 2
28623 40284 1
28623 40290 1
28623 45202 1
28639 28652 1
28639 30199 1
28639 31902 1
28639 33848 1
28639 35006 1
28639 35309 1
28639 35915 1
28639 35999 1
28639 37328 1
28639 40284 1
28642 28626 1
28642 28647 1
28642 28652 1
28642 31528 1
28642 34779 1
28642 34783 1
28642 35006 1
28642 37264 1
28642 37598 1
28642 37878 1
28642 37880 1
28642 40114 1
28642 48637 1
28647 28642 1
28647 28652 1
28647 34779 1
28647 34783 1
28647 37598 1
28647 37878 1
28647 37880 1
28647 37884 1
31902 12275 1
31902 28623 1
31902 28639 1
31902 28652 1
31902 28654 1
31902 28656 3
31902 28658 1
31902 29586 1
31902 30199 1
31902 31904 1
31902 33837 2
31902 33848 3
31902 35002 1
31902 35003 1
31902 35005 1
31902 35006 2
31902 35309 1
31902 35915 2
31902 35999 1
31902 36004 1
31902 36006 2
31902 36007 1
31902 37264 1
31902 37265 2
31902 37328 1
31902 37877 1
31902 37889 1
31902 37890 1
31902 37920 1
31902 39845 1
31902 40114 1
31902 40116 1
31902 40284 1
31902 42493 1
31902 45202 1
31902 62555 1
31902 72952 1
31902 92015 1
33848 12275 1
33848 28639 1
33848 28652 1
33848 28656 2
33848 28658 2
33848 29586 1
33848 30199 2
33848 31902 3
33848 35006 1
33848 35309 1
33848 35915 1
33848 35998 1
33848 35999 2
33848 36000 1
33848 36006 1
33848 36007 1
33848 37328 1
33848 37597 1
33848 37890 1
33848 40115 1
33848 40284 3
33848 40285 1
33848 42492 2
33848 48637 1
33848 54130 1
34779 14425 1
34779 28642 1
34779 28647 1
34779 28652 1
34779 28658 1
34779 34783 1
34779 37598 1
34779 37878 1
34779 37880 1
34783 28642 1
34783 28647 1
34783 28652 1
34783 34779 1
34783 37598 1
34783 37878 1
34783 37880 1
35006 28634 1
35006 28639 1
35006 28642 1
35006 28652 1
35006 30194 1
35006 30199 1
35006 31528 1
35006 31902 2
35006 33848 1
35006 35002 1
35006 35003 1
35006 35005 2
35006 35309 1
35006 35915 1
35006 35999 1
35006 36076 1
35006 36077 1
35006 37328 1
35006 37877 1
35006 37884 1
35006 40284 1
35006 48637 1
35006 61681 1
35006 78614 1
35309 11233 1
35309 28623 1
35309 28626 1
35309 28639 1
35309 28652 1
35309 28654 1
35309 30199 1
35309 31902 1
35309 32445 1
35309 33848 1
35309 35006 1
35309 35915 1
35309 35999 1
35309 36000 1
35309 37328 1
35309 37595 1
35309 39845 1
35309 40284 1
35309 40441 1
35309 45202 1
35915 28639 1
35915 28652 1
35915 28656 3
35915 28660 1
35915 29586 1
35915 30199 1
35915 31902 2
35915 33848 1
35915 35006 1
35915 35309 1
35915 35998 1
35915 35999 1
35915 36006 1
35915 37328 1
35915 40115 1
35915 40284 1
35999 14425 1
35999 23398 1
35999 28639 1
35999 28652 1
35999 28656 1
35999 28658 1
35999 29555 1
35999 30199 3
35999 31902 1
35999 33848 2
35999 35006 1
35999 35309 1
35999 35311 1
35999 35915 1
35999 35998 1
35999 37265 1
35999 37328 1
35999 37825 1
35999 38314 1
35999 40115 1
35999 40284 2
35999 40285 1
35999 42492 1
35999 45202 1
35999 48637 1
35999 54130 1
35999 58921 2
37328 28623 1
37328 28639 1
37328 28652 1
37328 28656 1
37328 30199 1
37328 31902 1
37328 33848 1
37328 35006 1
37328 35309 1
37328 35915 1
37328 35999 1
37328 36001 1
37328 36002 1
37328 36004 1
37328 36007 1
37328 36076 1
37328 37327 1
37328 39845 1
37328 40284 2
37328 40290 1
37598 28642 1
37598 28647 1
37598 28652 1
37598 34779 1
37598 34783 1
37598 37878 1
37598 37880 1
37878 28642 1
37878 28647 1
37878 28652 1
37878 29552 1
37878 31904 1
37878 32445 1
37878 33108 1
37878 34779 1
37878 34783 1
37878 37598 1
37878 37880 1
37878 37954 1
37878 38314 1
37878 70712 1
37880 28642 1
37880 28647 1
37880 28652 1
37880 34779 1
37880 34783 1
37880 37598 1
37880 37878 1
40284 28623 1
40284 28639 1
40284 28652 1
40284 28656 3
40284 28660 1
40284 30199 3
40284 31902 1
40284 33848 3
40284 34056 1
40284 35006 1
40284 35309 1
40284 35915 1
40284 35998 1
40284 35999 2
40284 36001 1
40284 36002 1
40284 36004 1
40284 36007 1
40284 36076 1
40284 37328 2
40284 37597 1
40284 39845 1
40284 40115 1
40284 40285 2
40284 40287 2
40284 40290 1
40284 42492 2
40284 42493 1
40284 43586 1
40284 48637 1
40284 54130 1
48621 28652 1
48621 36077 1
48621 40115 1
48621 40441 1
48621 48637 1
11233 28626 1
11233 28654 1
11233 28656 1
11233 32445 1
11233 35005 1
11233 35309 1
11233 36000 1
11233 39845 1
11233 40441 1
11233 45202 1
28626 11233 1
28626 28642 1
28626 28654 1
28626 32445 1
28626 35309 1
28626 36000 1
28626 39845 1
28626 40114 1
28626 40441 1
28626 45202 1
28656 11233 1
28656 28623 2
28656 28654 1
28656 28658 1
28656 28660 1
28656 29586 1
28656 30199 1
28656 31902 3
28656 33837 1
28656 33848 2
28656 35915 3
28656 35998 2
28656 35999 1
28656 36001 1
28656 36002 1
28656 36004 1
28656 36006 1
28656 36007 1
28656 36076 1
28656 37328 1
28656 37890 1
28656 39845 2
28656 40115 2
28656 40284 3
28656 40285 1
28656 40290 2
28656 42492 1
28656 48637 1
28656 54130 1
28656 78032 1
28658 14425 1
28658 23398 1
28658 28623 1
28658 28638 1
28658 28654 2
28658 28656 1
28658 29555 1
28658 29586 4
28658 30199 2
28658 31902 1
28658 33837 1
28658 33848 2
28658 34779 1
28658 34942 1
28658 35311 1
28658 35999 1
28658 36000 1
28658 37265 1
28658 37597 1
28658 37825 1
28658 39845 1
28658 42492 1
28658 45202 1
28658 58921 1
32445 11233 1
32445 28626 1
32445 28654 1
32445 31904 1
32445 35309 1
32445 36000 1
32445 37878 1
32445 38314 1
32445 39845 1
32445 40441 1
32445 45202 1
32445 70712 1
33837 4349 1
33837 12940 1
33837 22106 1
33837 22156 1
33837 28623 1
33837 28641 1
33837 28654 1
33837 28656 1
33837 28658 1
33837 31528 1
33837 31902 2
33837 35311 1
33837 36004 1
33837 36006 1
33837 36007 1
33837 37265 4
33837 37595 1
33837 37890 1
33837 38314 2
33837 39844 1
33837 39845 2
33837 40115 1
33837 40285 1
33837 42492 1
33837 42493 1
33837 43586 1
36000 11233 1
36000 23398 1
36000 28626 1
36000 28654 1
36000 28658 1
36000 28660 1
36000 29586 1
36000 32445 1
36000 33848 1
36000 35309 1
36000 39845 1
36000 40441 1
36000 42492 1
36000 45202 1
39845 4349 1
39845 11233 1
39845 12940 1
39845 22106 1
39845 22156 1
39845 28623 2
39845 28626 1
39845 28641 1
39845 28654 2
39845 28656 2
39845 28658 1
39845 30199 1
39845 31902 1
39845 32445 1
39845 33837 2
39845 35309 1
39845 35311 1
39845 36000 1
39845 36001 1
39845 36002 1
39845 36004 1
39845 36007 1
39845 36076 1
39845 37265 1
39845 37328 1
39845 38314 1
39845 39844 1
39845 40284 1
39845 40290 1
39845 40441 1
39845 42492 1
39845 45202 1
40115 28654 1
40115 28656 2
40115 28660 1
40115 30199 2
40115 32444 1
40115 33837 1
40115 33848 1
40115 35915 1
40115 35998 1
40115 35999 1
40115 36006 1
40115 36077 1
40115 37265 1
40115 37332 1
40115 37595 1
40115 37889 1
40115 38314 1
40115 38848 1
40115 40114 2
40115 40116 1
40115 40284 1
40115 40285 1
40115 40441 1
40115 40932 2
40115 42492 1
40115 45202 2
40115 48621 1
40115 48637 2
40115 49531 3
40115 54130 1
40115 58924 1
40115 114542 1
40441 11233 1
40441 28626 1
40441 28654 1
40441 32445 1
40441 35309 1
40441 36000 1
40441 36006 1
40441 36077 1
40441 37608 1
40441 37889 1
40441 39845 1
40441 40114 2
40441 40115 1
40441 40932 1
40441 45202 1
40441 48621 1
40441 48637 1
40441 49531 1
40441 61940 1
45202 11233 1
45202 14425 1
45202 28623 1
45202 28626 1
45202 28638 1
45202 28654 2
45202 28658 1
45202 29555 1
45202 30199 2
45202 31902 1
45202 31904 1
45202 32445 1
45202 33835 1
45202 34942 1
45202 35309 1
45202 35311 1
45202 35999 1
45202 36000 1
45202 36006 2
45202 37264 1
45202 37265 1
45202 37608 1
45202 37889 3
45202 37920 1
45202 39844 1
45202 39845 1
45202 40114 1
45202 40115 2
45202 40116 2
45202 40441 1
45202 58921 2
45202 62555 1
45202 72952 1
45202 92015 1
23398 28658 1
23398 29555 1
23398 30199 1
23398 35311 1
23398 35999 1
23398 36000 1
23398 37265 1
23398 37825 1
23398 58921 1
28638 28658 1
28638 30199 1
28638 31904 1
28638 33846 1
28638 34942 2
28638 36001 1
28638 36007 1
28638 36076 1
28638 37265 1
28638 45202 1
28638 61940 1
28638 65169 1
29555 23398 1
29555 28658 1
29555 30199 1
29555 35311 1
29555 35999 1
29555 37265 1
29555 37825 1
29555 45202 1
29555 58921 1
29586 28656 1
29586 28658 4
29586 30199 1
29586 31902 1
29586 33848 1
29586 35915 1
29586 36000 1
29586 37265 1
29586 37597 1
29586 42492 1
35311 4349 1
35311 12940 1
35311 22106 1
35311 22156 1
35311 23398 1
35311 28641 1
35311 28658 1
35311 29555 1
35311 30199 1
35311 33837 1
35311 33846 1
35311 35999 1
35311 37265 2
35311 37825 1
35311 38314 1
35311 39844 1
35311 39845 1
35311 40290 1
35311 42492 1
35311 45202 1
35311 58921 1
35998 28656 2
35998 28660 1
35998 30199 1
35998 33848 1
35998 35915 1
35998 35999 1
35998 36006 1
35998 40115 1
35998 40284 1
35998 40285 1
35998 42492 1
35998 48637 1
35998 54130 1
36006 28623 1
36006 28636 1
36006 28656 1
36006 30199 2
36006 31902 2
36006 33837 1
36006 33848 1
36006 34156 1
36006 35915 1
36006 35998 1
36006 36004 1
36006 36007 1
36006 37021 2
36006 37264 1
36006 37265 1
36006 37410 1
36006 37885 1
36006 37890 1
36006 40115 1
36006 40287 1
36006 40288 1
36006 40441 1
36006 41573 1
36006 42493 2
36006 45202 2
36006 54130 1
36006 61940 1
37265 4349 1
37265 12940 1
37265 22106 1
37265 22156 1
37265 23398 1
37265 28638 1
37265 28641 1
37265 28658 1
37265 28660 1
37265 29555 1
37265 29586 1
37265 30199 1
37265 31528 1
37265 31902 2
37265 31904 1
37265 33837 4
37265 33846 1
37265 35311 2
37265 35999 1
37265 36001 1
37265 36004 2
37265 36006 1
37265 36007 1
37265 37264 1
37265 37825 1
37265 37889 2
37265 37890 2
37265 37920 1
37265 38314 2
37265 39844 1
37265 39845 1
37265 40114 2
37265 40115 1
37265 40116 1
37265 40285 2
37265 40287 1
37265 40932 1
37265 42492 2
37265 42493 1
37265 43586 3
37265 43588 1
37265 45202 1
37265 48631 1
37265 58921 1
37265 59178 1
37265 61681 1
37265 62555 1
37265 72952 2
37265 75783 1
37265 92015 1
39844 30199 1
39844 31528 1
39844 33837 1
39844 35311 1
39844 36007 1
39844 37265 1
39844 37890 1
39844 39845 1
39844 43586 1
39844 45202 1
40285 28656 1
40285 28660 1
40285 30199 1
40285 33837 1
40285 33846 1
40285 33848 1
40285 35998 1
40285 35999 1
40285 36007 1
40285 37265 2
40285 37889 1
40285 40115 1
40285 40284 2
40285 40287 1
40285 42492 2
40285 42493 1
40285 48637 1
40285 54130 1
42492 4349 1
42492 12940 1
42492 22106 1
42492 22156 1
42492 28641 1
42492 28656 1
42492 28658 1
42492 28660 1
42492 29586 1
42492 30199 1
42492 33837 1
42492 33848 2
42492 34942 1
42492 35311 1
42492 35998 1
42492 35999 1
42492 36000 1
42492 36007 1
42492 37265 2
42492 38314 1
42492 39845 1
42492 40115 1
42492 40284 2
42492 40285 2
42492 40287 1
42492 42491 1
42492 42493 2
42492 48637 1
42492 54130 1
48637 28642 1
48637 28656 1
48637 30199 1
48637 31528 1
48637 33848 1
48637 35006 1
48637 35998 1
48637 35999 1
48637 36077 1
48637 37608 1
48637 40115 2
48637 40284 1
48637 40285 1
48637 40441 1
48637 42492 1
48637 48621 1
48637 48631 1
48637 52109 1
48637 54130 1
54130 28636 1
54130 28656 1
54130 30199 1
54130 33848 1
54130 34156 1
54130 35998 1
54130 35999 1
54130 36006 1
54130 37021 1
54130 37264 1
54130 37410 1
54130 37885 1
54130 40114 1
54130 40115 1
54130 40284 1
54130 40285 1
54130 40287 1
54130 40288 1
54130 41573 1
54130 42492 1
54130 42493 1
54130 48637 1
54130 54129 1
54130 58921 1
58921 14425 1
58921 23398 1
58921 28658 1
58921 29555 1
58921 30199 1
58921 35311 1
58921 35999 2
58921 37265 1
58921 37608 1
58921 37825 1
58921 37889 1
58921 40114 1
58921 40116 2
58921 41364 1
58921 45202 2
58921 49531 2
58921 54129 1
58921 54130 1
58921 57127 2
58921 57128 1
58921 57129 1
58921 59178 1
58921 60268 1
58921 74081 1
61940 28638 1
61940 30199 1
61940 31904 1
61940 36006 1
61940 36007 1
61940 36076 1
61940 37608 1
61940 40114 2
61940 40116 1
61940 40441 1
61940 40932 1
61940 49448 1
61940 49531 1
61940 65169 1
65169 28638 1
65169 30199 1
65169 31904 1
65169 36007 1
65169 36076 1
65169 37608 2
65169 37920 1
65169 49531 1
65169 52109 1
65169 61940 1
31109 31904 1
31109 37608 1
31109 37954 1
31109 40287 1
31109 57129 1
31109 78032 1
37264 28636 1
37264 28642 1
37264 31902 1
37264 31904 1
37264 34156 1
37264 36006 1
37264 37021 1
37264 37265 1
37264 37410 1
37264 37885 1
37264 37889 1
37264 37920 1
37264 40114 1
37264 40116 1
37264 40287 1
37264 40288 1
37264 41573 1
37264 42493 1
37264 45202 1
37264 54130 1
37264 62555 1
37264 72952 1
37264 92015 1
37608 31109 1
37608 31904 1
37608 36001 1
37608 37889 1
37608 37954 1
37608 40114 2
37608 40116 1
37608 40287 1
37608 40441 1
37608 45202 1
37608 48637 1
37608 49531 2
37608 57127 1
37608 57129 1
37608 58921 1
37608 61940 1
37608 65169 2
37608 78032 1
37889 31902 1
37889 31904 1
37889 37264 1
37889 37265 2
37889 37608 1
37889 37920 1
37889 40114 2
37889 40115 1
37889 40116 2
37889 40285 1
37889 40441 1
37889 40932 1
37889 45202 3
37889 49531 1
37889 58921 1
37889 62555 1
37889 66727 1
37889 72952 1
37889 92015 1
37889 122069 1
37920 31902 1
37920 31904 1
37920 37264 1
37920 37265 1
37920 37889 1
37920 39552 1
37920 40114 1
37920 40116 1
37920 45202 1
37920 49448 1
37920 50769 1
37920 62555 1
37920 65169 1
37920 72952 1
37920 92015 1
37954 29552 1
37954 31109 1
37954 31904 1
37954 33108 1
37954 37608 1
37954 37878 1
37954 40287 1
37954 57129 1
37954 78032 1
38314 4349 1
38314 12940 1
38314 22106 1
38314 22156 1
38314 28641 1
38314 31904 1
38314 32445 1
38314 33837 2
38314 35311 1
38314 35999 1
38314 37265 2
38314 37595 1
38314 37878 1
38314 39845 1
38314 40115 1
38314 40287 1
38314 42492 1
38314 70712 1
40114 14425 1
40114 28626 1
40114 28642 1
40114 28660 1
40114 31902 1
40114 31904 1
40114 37264 1
40114 37265 2
40114 37608 2
40114 37889 2
40114 37920 1
40114 40115 2
40114 40116 2
40114 40441 2
40114 40932 1
40114 43586 1
40114 43588 1
40114 45202 1
40114 48631 1
40114 49448 1
40114 49531 3
40114 52109 1
40114 52110 1
40114 54129 1
40114 54130 1
40114 57127 2
40114 57129 2
40114 57642 1
40114 58921 1
40114 59178 1
40114 60268 1
40114 61681 1
40114 61940 2
40114 61959 1
40114 62555 1
40114 72952 1
40114 92015 1
40116 31902 1
40116 31904 1
40116 37264 1
40116 37265 1
40116 37608 1
40116 37889 2
40116 37920 1
40116 40114 2
40116 40115 1
40116 45202 2
40116 48631 1
40116 49531 2
40116 57127 2
40116 57129 2
40116 58921 2
40116 61940 1
40116 62555 1
40116 72952 1
40116 92015 1
40287 28636 1
40287 28660 1
40287 31109 1
40287 31904 1
40287 34156 1
40287 36006 1
40287 37021 1
40287 37264 1
40287 37265 1
40287 37410 1
40287 37608 1
40287 37885 1
40287 37954 1
40287 38314 1
40287 40284 2
40287 40285 1
40287 40288 1
40287 41573 1
40287 42492 1
40287 42493 2
40287 54130 1
40287 57129 1
40287 78032 1
49531 31904 1
49531 37022 1
49531 37608 2
49531 37889 1
49531 40114 3
49531 40115 3
49531 40116 2
49531 40441 1
49531 40932 1
49531 52109 1
49531 52110 1
49531 57127 1
49531 57129 2
49531 58921 2
49531 59178 1
49531 61940 1
49531 65169 1
57129 31109 1
57129 31904 1
57129 37608 1
57129 37954 1
57129 40114 2
57129 40116 2
57129 40287 1
57129 48631 1
57129 49531 2
57129 57127 2
57129 57642 1
57129 58921 1
57129 60268 1
57129 78032 1
62555 31902 1
62555 31904 1
62555 37264 1
62555 37265 1
62555 37889 1
62555 37920 1
62555 40114 1
62555 40116 1
62555 45202 1
62555 72952 1
62555 92015 1
70712 31904 1
70712 32445 1
70712 37878 1
70712 38314 1
70712 72473 1
70712 72952 1
70712 82319 1
70712 91953 1
72952 31902 1
72952 31904 1
72952 37264 1
72952 37265 2
72952 37889 1
72952 37890 1
72952 37920 1
72952 40114 1
72952 40116 1
72952 40932 1
72952 45202 1
72952 62555 1
72952 70712 1
72952 72473 1
72952 75783 1
72952 75790 1
72952 75792 1
72952 82319 1
72952 92015 1
78032 28656 1
78032 31109 1
78032 31904 1
78032 37608 1
78032 37954 1
78032 40287 1
78032 40290 1
78032 57129 1
92015 31902 1
92015 31904 1
92015 37264 1
92015 37265 1
92015 37889 1
92015 37920 1
92015 40114 1
92015 40116 1
92015 45202 1
92015 62555 1
92015 72952 1
12275 31902 1
12275 33848 1
12275 36007 1
31528 28642 1
31528 28944 1
31528 29556 1
31528 33108 1
31528 33837 1
31528 33838 1
31528 35006 1
31528 36007 1
31528 37265 1
31528 37890 1
31528 39844 1
31528 43586 1
31528 48637 1
33846 28638 1
33846 35311 1
33846 36001 1
33846 36007 1
33846 37265 1
33846 40285 1
33846 40290 1
34942 14425 1
34942 28638 2
34942 28658 1
34942 36007 1
34942 42492 1
34942 45202 1
36001 28623 1
36001 28638 1
36001 28656 1
36001 33846 1
36001 36002 1
36001 36004 1
36001 36007 1
36001 36076 1
36001 37265 1
36001 37328 1
36001 37608 1
36001 39845 1
36001 40284 1
36001 40290 1
36002 28623 1
36002 28656 1
36002 36001 1
36002 36004 1
36002 36007 1
36002 36076 1
36002 37328 1
36002 39845 1
36002 40284 1
36002 40290 1
36002 43586 1
36004 28623 1
36004 28656 1
36004 31902 1
36004 33837 1
36004 36001 1
36004 36002 1
36004 36006 1
36004 36007 1
36004 36076 1
36004 37265 2
36004 37328 1
36004 39845 1
36004 40284 1
36004 40290 1
36004 42493 1
37021 28636 1
37021 34156 1
37021 36006 2
37021 36007 1
37021 37264 1
37021 37410 1
37021 37885 1
37021 40287 1
37021 40288 1
37021 41573 1
37021 42493 1
37021 54130 1
37890 28656 1
37890 31528 1
37890 31902 1
37890 33837 1
37890 33848 1
37890 36006 1
37890 36007 1
37890 37265 2
37890 39844 1
37890 40932 1
37890 43586 1
37890 72952 1
37890 75783 1
39613 36007 1
39613 40932 1
39613 41364 2
39613 48631 1
39613 49448 1
39613 52109 1
39613 52110 1
39613 57127 1
39613 57642 1
39613 58924 1
39613 59178 1
39613 60268 1
39613 75783 1
40290 28623 1
40290 28656 2
40290 33846 1
40290 35311 1
40290 36001 1
40290 36002 1
40290 36004 1
40290 36007 1
40290 36076 1
40290 37328 1
40290 39845 1
40290 40284 1
40290 78032 1
40932 36007 1
40932 37265 1
40932 37889 1
40932 37890 1
40932 39613 1
40932 40114 1
40932 40115 2
40932 40441 1
40932 41364 1
40932 48631 1
40932 49448 2
40932 49531 1
40932 52109 1
40932 52110 1
40932 57127 1
40932 57642 1
40932 58924 1
40932 59178 1
40932 60268 1
40932 61940 1
40932 72952 1
40932 75783 2
41364 36007 1
41364 39613 2
41364 40932 1
41364 48631 1
41364 49448 1
41364 52109 1
41364 52110 1
41364 57127 2
41364 57642 1
41364 58921 1
41364 58924 1
41364 59178 1
41364 60268 3
41364 75783 1
43586 28660 1
43586 31528 1
43586 33837 1
43586 34056 1
43586 36002 1
43586 36007 1
43586 37265 3
43586 37890 1
43586 39844 1
43586 40114 1
43586 40284 1
43586 43588 1
43586 48631 1
43586 59178 1
43586 61681 1
43586 78606 1
48631 28660 1
48631 36007 1
48631 37265 1
48631 39613 1
48631 40114 1
48631 40116 1
48631 40932 1
48631 41364 1
48631 43586 1
48631 43588 1
48631 48637 1
48631 49448 1
48631 52109 1
48631 52110 1
48631 57127 1
48631 57129 1
48631 57642 1
48631 58924 1
48631 59178 2
48631 60268 1
48631 61681 1
48631 75783 1
49448 36007 1
49448 37920 1
49448 39613 1
49448 40114 1
49448 40932 2
49448 41364 1
49448 48631 1
49448 52109 1
49448 52110 1
49448 57127 1
49448 57642 1
49448 58924 1
49448 59178 1
49448 60268 1
49448 61940 1
49448 75783 1
52109 36007 1
52109 39613 1
52109 40114 1
52109 40932 1
52109 41364 1
52109 42002 1
52109 48631 1
52109 48637 1
52109 49448 1
52109 49531 1
52109 52110 2
52109 57127 1
52109 57642 1
52109 58924 1
52109 59178 1
52109 60268 1
52109 65169 1
52109 75783 1
52110 36007 1
52110 39613 1
52110 40114 1
52110 40932 1
52110 41364 1
52110 48631 1
52110 49448 1
52110 49531 1
52110 52109 2
52110 57127 1
52110 57642 1
52110 58924 1
52110 59178 1
52110 60268 1
52110 75783 1
57127 36007 1
57127 37608 1
57127 39613 1
57127 40114 2
57127 40116 2
57127 40932 1
57127 41364 2
57127 48631 1
57127 49448 1
57127 49531 1
57127 52109 1
57127 52110 1
57127 57129 2
57127 57642 3
57127 58921 2
57127 58924 1
57127 59178 1
57127 60268 3
57127 75783 1
57642 36007 1
57642 39613 1
57642 40114 1
57642 40932 1
57642 41364 1
57642 48631 1
57642 49448 1
57642 52109 1
57642 52110 1
57642 57127 3
57642 57129 1
57642 58924 1
57642 59178 1
57642 60268 2
57642 75783 1
58924 29567 1
58924 36007 1
58924 39613 1
58924 40115 1
58924 40932 1
58924 41364 1
58924 48631 1
58924 49448 1
58924 52109 1
58924 52110 1
58924 57127 1
58924 57642 1
58924 59178 1
58924 60268 2
58924 75783 1
58924 78144 1
58924 91953 1
59178 28660 1
59178 36007 1
59178 37265 1
59178 39613 1
59178 40114 1
59178 40932 1
59178 41364 1
59178 43586 1
59178 43588 1
59178 48631 2
59178 49448 1
59178 49531 1
59178 52109 1
59178 52110 1
59178 57127 1
59178 57642 1
59178 58921 1
59178 58924 1
59178 60268 1
59178 61681 1
59178 75783 1
60268 36007 1
60268 39613 1
60268 40114 1
60268 40932 1
60268 41364 3
60268 48631 1
60268 49448 1
60268 52109 1
60268 52110 1
60268 57127 3
60268 57129 1
60268 57642 2
60268 58921 1
60268 58924 2
60268 59178 1
60268 74081 1
60268 75783 1
75783 36007 1
75783 37265 1
75783 37890 1
75783 39613 1
75783 40932 2
75783 41364 1
75783 48631 1
75783 49448 1
75783 52109 1
75783 52110 1
75783 57127 1
75783 57642 1
75783 58924 1
75783 59178 1
75783 60268 1
75783 72952 1
14425 28623 1
14425 28658 1
14425 34779 1
14425 34942 1
14425 35999 1
14425 36076 1
14425 40114 1
14425 45202 1
14425 58921 1
29552 33108 2
29552 36076 1
29552 37597 1
29552 37878 1
29552 37954 1
33108 28640 1
33108 28944 1
33108 29552 2
33108 31528 1
33108 36076 1
33108 37597 1
33108 37878 1
33108 37954 1
35005 11233 1
35005 31902 1
35005 35002 1
35005 35003 1
35005 35006 2
35005 36076 1
35005 36077 1
35005 37877 1
35005 37884 1
36077 35005 1
36077 35006 1
36077 36076 1
36077 37884 1
36077 40115 1
36077 40441 1
36077 48621 1
36077 48637 1
37597 28658 1
37597 29552 1
37597 29586 1
37597 33108 1
37597 33848 1
37597 36076 1
37597 40284 1
37884 28647 1
37884 35005 1
37884 35006 1
37884 36076 1
37884 36077 1
37595 28623 1
37595 33837 1
37595 35309 1
37595 38314 1
37595 40115 1
35002 31902 1
35002 35003 1
35002 35005 1
35002 35006 1
35002 37877 1
35003 31902 1
35003 35002 1
35003 35005 1
35003 35006 1
35003 37877 1
37877 31902 1
37877 35002 1
37877 35003 1
37877 35005 1
37877 35006 1
42493 28636 1
42493 28660 1
42493 31902 1
42493 33837 1
42493 34156 1
42493 36004 1
42493 36005 1
42493 36006 2
42493 37021 1
42493 37264 1
42493 37265 1
42493 37410 1
42493 37885 1
42493 40284 1
42493 40285 1
42493 40287 2
42493 40288 1
42493 41573 1
42493 42491 1
42493 42492 2
42493 54130 1
28634 30194 1
28634 35006 1
28634 61681 1
28634 78614 1
30194 28634 1
30194 35006 1
30194 61681 1
30194 78614 1
61681 28634 1
61681 28660 1
61681 30194 1
61681 35006 1
61681 37265 1
61681 40114 1
61681 43586 1
61681 43588 1
61681 48631 1
61681 59178 1
61681 78614 1
78614 28634 1
78614 30194 1
78614 35006 1
78614 61681 1
28660 28656 1
28660 35915 1
28660 35998 1
28660 36000 1
28660 37265 1
28660 40114 1
28660 40115 1
28660 40284 1
28660 40285 1
28660 40287 1
28660 42492 1
28660 42493 1
28660 43586 1
28660 43588 1
28660 48631 1
28660 59178 1
28660 61681 1
37327 37328 1
34056 40284 1
34056 43586 1
4349 12940 1
4349 22106 1
4349 22156 1
4349 28641 1
4349 33837 1
4349 35311 1
4349 37265 1
4349 38314 1
4349 39845 1
4349 42492 1
12940 4349 1
12940 22106 1
12940 22156 1
12940 28641 1
12940 33837 1
12940 35311 1
12940 37265 1
12940 38314 1
12940 39845 1
12940 42492 1
22106 4349 1
22106 12940 1
22106 22156 1
22106 28641 1
22106 33837 1
22106 35311 1
22106 37265 1
22106 38314 1
22106 39845 1
22106 42492 1
22156 4349 1
22156 12940 1
22156 22106 1
22156 28641 1
22156 33837 1
22156 35311 1
22156 37265 1
22156 38314 1
22156 39845 1
22156 42492 1
28641 4349 1
28641 12940 1
28641 22106 1
28641 22156 1
28641 33837 1
28641 35311 1
28641 37265 1
28641 38314 1
28641 39845 1
28641 42492 1
32444 38848 1
32444 40115 1
32444 114542 1
37332 40115 1
38848 32444 1
38848 40115 1
38848 114542 1
114542 32444 1
114542 38848 1
114542 40115 1
114542 80890 1
33835 45202 1
28636 34156 1
28636 36006 1
28636 37021 1
28636 37264 1
28636 37410 1
28636 37885 1
28636 40287 1
28636 40288 1
28636 41573 1
28636 42493 1
28636 54130 1
34156 28636 1
34156 36006 1
34156 37021 1
34156 37264 1
34156 37410 1
34156 37885 1
34156 40287 1
34156 40288 1
34156 41573 1
34156 42493 1
34156 54130 1
37410 28636 1
37410 34156 1
37410 36006 1
37410 37021 1
37410 37264 1
37410 37885 1
37410 40287 1
37410 40288 1
37410 41573 1
37410 42493 1
37410 54130 1
37885 28636 1
37885 34156 1
37885 36006 1
37885 37021 1
37885 37264 1
37885 37410 1
37885 40287 1
37885 40288 1
37885 41573 1
37885 42493 1
37885 54130 1
40288 28636 1
40288 34156 1
40288 36006 1
40288 37021 1
40288 37264 1
40288 37410 1
40288 37885 1
40288 40287 1
40288 41573 1
40288 42493 1
40288 54130 1
41573 28636 1
41573 34156 1
41573 36006 1
41573 37021 1
41573 37264 1
41573 37410 1
41573 37885 1
41573 40287 1
41573 40288 1
41573 42493 1
41573 54130 1
43588 28660 1
43588 37265 1
43588 40114 1
43588 43586 1
43588 48631 1
43588 59178 1
43588 61681 1
42491 42492 1
42491 42493 1
54129 40114 1
54129 54130 1
54129 58921 1
57128 58921 1
74081 58921 1
74081 60268 1
74081 78606 1
66727 37889 1
66727 122069 1
122069 37889 1
122069 66727 1
122069 71643 1
39552 37920 1
50769 37920 1
61959 40114 1
37022 49531 1
72473 70712 1
72473 72952 1
72473 82319 1
82319 70712 1
82319 72473 1
82319 72952 1
91953 58924 1
91953 70712 1
75790 72952 1
75790 75792 1
75790 116997 1
75792 72952 1
75792 75790 1
28944 11584 1
28944 31528 1
28944 33108 1
29556 31528 1
33838 31528 1
78606 43586 1
78606 74081 1
42002 34324 1
42002 52109 1
29567 58924 1
29567 78144 1
78144 29567 1
78144 58924 1
28640 33108 1
11584 28944 1
34324 42002 1
36005 42493 1
116997 75790 1
71643 122069 1
80890 114542 1
