31747 31768 1
31768 31320 1
31768 31747 1
31768 31763 1
31768 31765 1
31768 40843 1
31768 40847 1
31768 47043 1
31768 51593 1
31768 54895 1
31320 31739 1
31320 31746 1
31320 31763 1
31320 31765 1
31320 31767 1
31320 31768 1
31320 31777 3
31320 31785 1
31320 33235 1
31320 37311 1
31320 39711 1
31320 40841 1
31320 40843 1
31320 40847 1
31320 42762 1
31320 42763 1
31320 44950 1
31320 47043 1
31320 51593 1
31320 54895 1
31320 66159 1
31320 122482 1
31763 31320 1
31763 31765 1
31763 31768 1
31763 31775 1
31763 40843 1
31763 40847 1
31763 47043 1
31763 51593 1
31763 54895 1
31763 56496 1
31763 64915 1
31765 31320 1
31765 31748 1
31765 31763 1
31765 31768 1
31765 31776 1
31765 31781 2
31765 40836 1
31765 40843 1
31765 40847 1
31765 47043 1
31765 49451 1
31765 50747 1
31765 51593 1
31765 53578 1
31765 54212 1
31765 54895 1
31765 54900 1
31765 56197 1
31765 56496 1
31765 60809 1
31765 70703 1
40843 30157 1
40843 31320 1
40843 31326 1
40843 31751 1
40843 31755 1
40843 31763 1
40843 31765 1
40843 31766 1
40843 31767 1
40843 31768 1
40843 31770 1
40843 31778 1
40843 31786 1
40843 31787 1
40843 32938 1
40843 33237 1
40843 37299 1
40843 38766 1
40843 38768 2
40843 40559 1
40843 40841 1
40843 40847 1
40843 40853 1
40843 41920 1
40843 44235 1
40843 44949 1
40843 44950 1
40843 45190 1
40843 47043 2
40843 50746 1
40843 50752 1
40843 51593 1
40843 51598 1
40843 52189 1
40843 52651 1
40843 53580 1
40843 53581 1
40843 54895 1
40843 54898 1
40843 56466 1
40843 56496 1
40843 57626 1
40843 64914 1
40843 64915 1
40843 65891 1
40843 66159 1
40843 66241 1
40843 116704 1
40843 121266 1
40843 122825 1
40847 31320 1
40847 31763 1
40847 31765 1
40847 31768 1
40847 32934 1
40847 32938 1
40847 40836 1
40847 40841 1
40847 40843 1
40847 40844 1
40847 40853 1
40847 42586 1
40847 44949 1
40847 45242 1
40847 45243 1
40847 45244 2
40847 47043 1
40847 51593 1
40847 51597 1
40847 54895 1
40847 54897 1
40847 55288 1
40847 57629 1
40847 122706 1
40847 122825 1
47043 22373 1
47043 31320 1
47043 31737 2
47043 31763 1
47043 31765 1
47043 31768 1
47043 31785 1
47043 32924 1
47043 34937 1
47043 40843 2
47043 40847 1
47043 40849 1
47043 42587 1
47043 44235 1
47043 49451 1
47043 50749 1
47043 50763 1
47043 51593 3
47043 52646 1
47043 53578 1
47043 54895 2
47043 55059 1
47043 55288 1
47043 56337 1
47043 57626 1
47043 67592 1
47043 83671 1
51593 31320 1
51593 31737 1
51593 31756 1
51593 31763 1
51593 31765 1
51593 31768 1
51593 34937 1
51593 38768 1
51593 40843 1
51593 40847 1
51593 40849 1
51593 40853 1
51593 42587 1
51593 42762 1
51593 47043 3
51593 49451 1
51593 50748 1
51593 54895 1
51593 55059 1
51593 56337 1
51593 83671 1
51593 122825 1
54895 31320 1
54895 31737 1
54895 31746 1
54895 31763 1
54895 31765 1
54895 31768 1
54895 31775 1
54895 40843 1
54895 40847 1
54895 47043 2
54895 51593 1
54895 52646 1
31739 31320 1
31739 31322 1
31739 31767 1
31739 31776 1
31739 31777 2
31739 37306 1
31739 40836 1
31739 40844 1
31739 44950 1
31739 50746 1
31739 50749 1
31739 55289 1
31739 122482 1
31739 122825 1
31746 31320 1
31746 31740 1
31746 31775 1
31746 31777 1
31746 36909 1
31746 37311 1
31746 39711 1
31746 40841 1
31746 42762 1
31746 42763 1
31746 51598 1
31746 54895 1
31767 31320 1
31767 31326 1
31767 31739 1
31767 31755 1
31767 31777 1
31767 31778 1
31767 31785 1
31767 38768 2
31767 40836 1
31767 40843 1
31767 41920 1
31767 42762 1
31767 42763 1
31767 44950 2
31767 45190 1
31767 50746 1
31767 50747 1
31767 56462 1
31767 56496 2
31767 57629 1
31767 58176 1
31767 121266 1
31777 31320 3
31777 31739 2
31777 31746 1
31777 31767 1
31777 37306 1
31777 37311 1
31777 39711 1
31777 40841 1
31777 42762 1
31777 42763 1
31777 44950 1
31777 50746 1
31777 122482 2
31785 31320 1
31785 31767 1
31785 33235 1
31785 33237 1
31785 47043 1
31785 47045 1
31785 50747 1
31785 50763 1
31785 56462 1
31785 56496 3
31785 58160 1
31785 58173 1
31785 58175 1
31785 64914 1
31785 66159 1
31785 122246 1
33235 31320 1
33235 31322 1
33235 31323 1
33235 31727 1
33235 31751 1
33235 31759 1
33235 31771 1
33235 31785 1
33235 33232 1
33235 33237 1
33235 35127 1
33235 37297 1
33235 38769 1
33235 45188 1
33235 47045 1
33235 50748 1
33235 56533 1
33235 57626 1
33235 66159 1
33235 67351 1
37311 31320 1
37311 31746 1
37311 31777 1
37311 32931 2
37311 34938 1
37311 37297 1
37311 37309 1
37311 39711 1
37311 40554 1
37311 40841 1
37311 42588 2
37311 42762 1
37311 42763 1
39711 22372 1
39711 22373 1
39711 31320 1
39711 31323 1
39711 31746 1
39711 31772 1
39711 31775 1
39711 31777 1
39711 37311 1
39711 38768 1
39711 40557 1
39711 40559 1
39711 40841 1
39711 42591 1
39711 42762 1
39711 42763 2
39711 46858 1
39711 46861 1
39711 46862 1
39711 52651 1
39711 55059 1
39711 64916 1
40841 21500 1
40841 30157 1
40841 31320 1
40841 31746 1
40841 31751 1
40841 31770 1
40841 31777 1
40841 37299 1
40841 37311 1
40841 38766 1
40841 39711 1
40841 40836 1
40841 40843 1
40841 40844 1
40841 40847 1
40841 40853 2
40841 42586 1
40841 42762 1
40841 42763 1
40841 44235 1
40841 44244 1
40841 44949 1
40841 45244 1
40841 50685 1
40841 51597 1
40841 51598 1
40841 52651 1
40841 67351 1
40841 67592 1
40841 122825 1
42762 27121 1
42762 27123 1
42762 30156 1
42762 31320 1
42762 31746 1
42762 31751 1
42762 31767 1
42762 31770 1
42762 31777 1
42762 37311 1
42762 38766 1
42762 38768 1
42762 39326 1
42762 39711 1
42762 40562 1
42762 40836 1
42762 40841 1
42762 40857 1
42762 41920 2
42762 41985 1
42762 42587 1
42762 42763 3
42762 51593 1
42762 56337 1
42762 57629 1
42763 31320 1
42763 31746 1
42763 31767 1
42763 31775 1
42763 31777 1
42763 37311 1
42763 38768 1
42763 39711 2
42763 40562 1
42763 40836 1
42763 40841 1
42763 41920 1
42763 42762 3
42763 57629 1
44950 31320 1
44950 31326 1
44950 31739 1
44950 31755 1
44950 31766 1
44950 31767 2
44950 31777 1
44950 31778 1
44950 31791 1
44950 38768 1
44950 40843 1
44950 41920 1
44950 45190 1
44950 50746 1
44950 121266 1
44950 122825 2
66159 31320 1
66159 31755 1
66159 31785 1
66159 31786 1
66159 31787 1
66159 31789 1
66159 31791 1
66159 33235 1
66159 40843 1
66159 45528 1
66159 52648 2
66159 53581 1
66159 54898 1
66159 56496 1
66159 64468 1
66159 67607 1
66159 77419 1
66159 90011 1
66159 90013 1
66159 122706 1
122482 31320 1
122482 31323 1
122482 31739 1
122482 31777 2
122482 31779 1
122482 33237 1
122482 37306 1
122482 45244 1
122482 50746 1
122482 122706 1
31775 31317 2
31775 31322 1
31775 31737 1
31775 31746 1
31775 31763 1
31775 31766 1
31775 31772 1
31775 38768 1
31775 39711 1
31775 42763 1
31775 45188 1
31775 45528 1
31775 50750 1
31775 51598 1
31775 54895 1
31775 55059 1
31775 55288 1
31775 56496 2
31775 57629 1
31775 64915 1
31775 121266 1
56496 22373 1
56496 31748 1
56496 31763 1
56496 31765 1
56496 31767 2
56496 31775 2
56496 31776 1
56496 31785 3
56496 31786 1
56496 31787 1
56496 32934 1
56496 38768 1
56496 40836 1
56496 40843 1
56496 40853 1
56496 45188 1
56496 47045 1
56496 49451 1
56496 50747 2
56496 52037 1
56496 52646 1
56496 52648 1
56496 53578 1
56496 54898 1
56496 55288 1
56496 56462 1
56496 58175 1
56496 58176 1
56496 60809 1
56496 64915 1
56496 66159 1
56496 94735 1
56496 121266 1
56496 122246 1
64915 31763 1
64915 31766 1
64915 31775 1
64915 31791 2
64915 32938 1
64915 33237 1
64915 38768 1
64915 40559 1
64915 40843 1
64915 40850 1
64915 45242 1
64915 52648 1
64915 52651 1
64915 53579 2
64915 53581 1
64915 56463 1
64915 56465 1
64915 56466 1
64915 56496 1
64915 65986 1
64915 66160 2
64915 66241 1
64915 67351 1
64915 67401 1
64915 90011 1
64915 90013 1
64915 122475 1
31748 31765 1
31748 31776 1
31748 40836 1
31748 49451 1
31748 53578 1
31748 56496 1
31748 60809 1
31776 31739 1
31776 31748 1
31776 31765 1
31776 31791 1
31776 40836 2
31776 49451 1
31776 50749 1
31776 51597 1
31776 53578 1
31776 53580 1
31776 56496 1
31776 60809 1
31781 31765 2
31781 54212 1
31781 54900 1
31781 56197 1
40836 31326 1
40836 31739 1
40836 31744 1
40836 31748 1
40836 31759 1
40836 31761 1
40836 31765 1
40836 31767 1
40836 31776 2
40836 31782 1
40836 34938 1
40836 37302 1
40836 40562 1
40836 40841 1
40836 40842 1
40836 40844 1
40836 40847 1
40836 40853 1
40836 40857 1
40836 42586 1
40836 42762 1
40836 42763 1
40836 45244 1
40836 49451 1
40836 50749 1
40836 51597 1
40836 53578 1
40836 56496 1
40836 57629 1
40836 60809 1
40836 122825 1
49451 31748 1
49451 31765 1
49451 31776 1
49451 40836 1
49451 40849 1
49451 47043 1
49451 51593 1
49451 53578 1
49451 55059 1
49451 56337 1
49451 56496 1
49451 60809 2
49451 83671 1
50747 31765 1
50747 31767 1
50747 31785 1
50747 52037 1
50747 56462 1
50747 56496 2
50747 70703 1
53578 31748 1
53578 31765 1
53578 31776 1
53578 40836 1
53578 40844 1
53578 40858 1
53578 47043 1
53578 49451 1
53578 50749 1
53578 56496 1
53578 60809 1
54212 31765 1
54212 31781 1
54900 31765 1
54900 31781 1
54900 56197 1
54900 97459 1
54900 122694 1
54900 122706 1
56197 31765 1
56197 31781 1
56197 54900 1
60809 31748 1
60809 31765 1
60809 31776 1
60809 40836 1
60809 49451 2
60809 53578 1
60809 56496 1
60809 64914 1
70703 31765 1
70703 39709 1
70703 50747 1
70703 122246 1
30157 31751 1
30157 31770 1
30157 37299 1
30157 38766 1
30157 40841 1
30157 40843 1
30157 40853 1
30157 44235 1
30157 44949 1
30157 51598 1
31326 31744 1
31326 31755 1
31326 31767 1
31326 31778 1
31326 32931 1
31326 38768 1
31326 40836 1
31326 40843 1
31326 41920 1
31326 42594 1
31326 42748 1
31326 44950 1
31326 45190 1
31326 50746 1
31326 112918 1
31326 112919 1
31326 121266 1
31751 21501 1
31751 30157 1
31751 31322 1
31751 31727 1
31751 31737 1
31751 31757 1
31751 31766 1
31751 31770 3
31751 31771 1
31751 33235 1
31751 37299 1
31751 38766 2
31751 40841 1
31751 40843 1
31751 40853 1
31751 41920 2
31751 42762 1
31751 44235 1
31751 44949 1
31751 45188 1
31751 50748 1
31751 51598 1
31751 56533 1
31751 67351 1
31755 31326 1
31755 31767 1
31755 31778 1
31755 31789 1
31755 31791 1
31755 38768 1
31755 40843 1
31755 41920 1
31755 44950 1
31755 45190 1
31755 45528 1
31755 50746 1
31755 52648 1
31755 53581 1
31755 64468 1
31755 66159 1
31755 67607 1
31755 77419 1
31755 90011 1
31755 90013 1
31755 121266 1
31755 122706 1
31766 31322 1
31766 31751 1
31766 31770 1
31766 31772 1
31766 31775 1
31766 31791 1
31766 33237 1
31766 38768 1
31766 40559 1
31766 40843 1
31766 41920 1
31766 44950 1
31766 45188 1
31766 50750 1
31766 52651 1
31766 56466 1
31766 64915 1
31766 66241 1
31766 72983 1
31770 30157 1
31770 31317 1
31770 31729 1
31770 31751 3
31770 31761 1
31770 31766 1
31770 31782 1
31770 32923 1
31770 37297 1
31770 37299 3
31770 37308 2
31770 38766 3
31770 38898 1
31770 40562 1
31770 40841 1
31770 40843 1
31770 40853 1
31770 40857 1
31770 41920 4
31770 42589 1
31770 42762 1
31770 44235 1
31770 44949 1
31770 45243 1
31770 51598 1
31770 122484 2
31778 31326 1
31778 31755 1
31778 31767 1
31778 38768 1
31778 40843 1
31778 41920 1
31778 44950 1
31778 45190 1
31778 50746 1
31778 121266 1
31786 31787 1
31786 40843 1
31786 54898 1
31786 56496 1
31786 66159 1
31787 31786 1
31787 40843 1
31787 54898 1
31787 56496 1
31787 66159 1
32938 22372 1
32938 31757 1
32938 31773 1
32938 31791 1
32938 40843 1
32938 40847 1
32938 50752 1
32938 51597 1
32938 52648 1
32938 53579 1
32938 53580 1
32938 53581 1
32938 56463 1
32938 64915 1
32938 64916 1
32938 65986 1
32938 66160 1
32938 67401 1
32938 122706 2
33237 31323 1
33237 31766 1
33237 31779 1
33237 31785 1
33237 33235 1
33237 38768 1
33237 40559 1
33237 40843 1
33237 52651 1
33237 56466 1
33237 58160 1
33237 58173 1
33237 64915 1
33237 66241 1
33237 122482 1
37299 30157 1
37299 31317 1
37299 31737 1
37299 31740 1
37299 31751 1
37299 31761 1
37299 31770 3
37299 31782 1
37299 34937 1
37299 37297 1
37299 37308 1
37299 38766 1
37299 38768 1
37299 38898 1
37299 40562 1
37299 40841 1
37299 40843 1
37299 40853 1
37299 40857 1
37299 42589 1
37299 44235 1
37299 44949 1
37299 45243 1
37299 50746 1
37299 51598 1
38766 30157 1
38766 31751 2
38766 31759 1
38766 31770 3
38766 37299 1
38766 37308 1
38766 40841 1
38766 40843 1
38766 40853 1
38766 40857 1
38766 41920 2
38766 42762 1
38766 44235 1
38766 44949 1
38766 51598 1
38766 121087 1
38768 31326 1
38768 31737 2
38768 31740 1
38768 31755 1
38768 31766 1
38768 31767 2
38768 31775 1
38768 31778 1
38768 33237 1
38768 34937 1
38768 37299 1
38768 39711 1
38768 40559 1
38768 40843 2
38768 40857 1
38768 41920 1
38768 42762 1
38768 42763 1
38768 44950 1
38768 45190 1
38768 50746 2
38768 51593 1
38768 52651 1
38768 56466 1
38768 56496 1
38768 58176 1
38768 64915 1
38768 66241 1
38768 121266 1
40559 22372 1
40559 22373 1
40559 31323 1
40559 31766 1
40559 33237 1
40559 37305 1
40559 38768 1
40559 39711 1
40559 40843 1
40559 42591 1
40559 44235 1
40559 52651 1
40559 56466 1
40559 64915 1
40559 64916 1
40559 66241 1
40853 30157 1
40853 31751 1
40853 31756 1
40853 31770 1
40853 37299 1
40853 38766 1
40853 40836 1
40853 40841 2
40853 40843 1
40853 40844 1
40853 40847 1
40853 42586 1
40853 44235 1
40853 44949 1
40853 45244 1
40853 50748 1
40853 51593 1
40853 51597 1
40853 51598 1
40853 56496 1
40853 66241 1
40853 122825 2
41920 31326 1
41920 31751 2
41920 31755 1
41920 31766 1
41920 31767 1
41920 31770 4
41920 31778 1
41920 37308 1
41920 38766 2
41920 38768 1
41920 40562 1
41920 40843 1
41920 40857 1
41920 42762 2
41920 42763 1
41920 43673 1
41920 44950 1
41920 45190 1
41920 50746 1
41920 57629 1
41920 67592 1
41920 109840 1
41920 121266 1
44235 30157 1
44235 31751 1
44235 31770 1
44235 37299 1
44235 37305 1
44235 38766 1
44235 39326 1
44235 40554 1
44235 40559 1
44235 40841 1
44235 40843 1
44235 40853 1
44235 44949 1
44235 47043 1
44235 51598 1
44949 30157 1
44949 31751 1
44949 31770 1
44949 37299 1
44949 38766 1
44949 40841 1
44949 40843 1
44949 40847 1
44949 40853 1
44949 44235 1
44949 51598 1
45190 31326 1
45190 31755 1
45190 31767 1
45190 31778 1
45190 38768 1
45190 40843 1
45190 41920 1
45190 44950 1
45190 50746 1
45190 121266 1
50746 31326 1
50746 31737 1
50746 31739 1
50746 31740 1
50746 31755 1
50746 31767 1
50746 31777 1
50746 31778 1
50746 34937 1
50746 37299 1
50746 37306 1
50746 38768 2
50746 40843 1
50746 40857 1
50746 41920 1
50746 44950 1
50746 45190 1
50746 121266 1
50746 122482 1
50752 32934 1
50752 32938 1
50752 40843 1
50752 53580 1
50752 53581 1
50752 67401 1
50752 67592 1
51598 30157 1
51598 31317 1
51598 31740 1
51598 31746 1
51598 31751 1
51598 31770 1
51598 31775 1
51598 36909 1
51598 37299 1
51598 38766 1
51598 40841 1
51598 40843 1
51598 40853 1
51598 44235 1
51598 44949 1
52189 40843 1
52651 31766 1
52651 33237 1
52651 38768 1
52651 39711 1
52651 40559 1
52651 40841 1
52651 40843 1
52651 44244 1
52651 56466 1
52651 64915 1
52651 66241 1
52651 67351 1
53580 31776 1
53580 31791 1
53580 32938 1
53580 40843 1
53580 50752 1
53580 51597 1
53580 53581 1
53581 31755 1
53581 31789 1
53581 31791 1
53581 32938 1
53581 40843 1
53581 40850 1
53581 45242 1
53581 45528 1
53581 50752 1
53581 52648 1
53581 53580 1
53581 56463 1
53581 64468 1
53581 64914 1
53581 64915 1
53581 66159 1
53581 67351 1
53581 67607 1
53581 77419 1
53581 90011 1
53581 90013 1
53581 122706 1
54898 31786 1
54898 31787 1
54898 40843 1
54898 56496 1
54898 66159 1
56466 22373 1
56466 31756 2
56466 31766 1
56466 33237 1
56466 38768 1
56466 40559 1
56466 40843 1
56466 40857 1
56466 40858 1
56466 52651 1
56466 56462 1
56466 56463 1
56466 56465 1
56466 56533 1
56466 64915 1
56466 66241 1
57626 31323 1
57626 31759 1
57626 33232 1
57626 33235 1
57626 35127 1
57626 37297 1
57626 38769 1
57626 40843 1
57626 47043 1
57626 47045 1
57626 48101 1
57626 57629 1
57626 57630 1
64914 22372 1
64914 31785 1
64914 39326 1
64914 40843 1
64914 52648 1
64914 53581 1
64914 56461 1
64914 60809 1
64914 65891 1
64914 67351 1
64914 90010 1
64914 103200 1
64914 116704 1
64914 122825 1
65891 40843 1
65891 64914 1
65891 116704 1
65891 122825 1
66241 31754 1
66241 31766 1
66241 33237 1
66241 38768 1
66241 40559 1
66241 40843 1
66241 40853 1
66241 45244 1
66241 52651 1
66241 56466 1
66241 64915 1
116704 40843 1
116704 56532 1
116704 64914 1
116704 65891 1
116704 67605 1
116704 72983 1
116704 119695 1
116704 122825 1
121266 31326 1
121266 31755 1
121266 31767 1
121266 31775 1
121266 31778 1
121266 38768 1
121266 40843 1
121266 41920 1
121266 44950 1
121266 45190 1
121266 50746 1
121266 55288 1
121266 56496 1
122825 31739 1
122825 31756 1
122825 40836 1
122825 40841 1
122825 40843 1
122825 40844 2
122825 40847 1
122825 40853 2
122825 42586 1
122825 44950 2
122825 45244 1
122825 50748 1
122825 51593 1
122825 51597 1
122825 60820 1
122825 64914 1
122825 65891 1
122825 116704 1
32934 40847 1
32934 50752 1
32934 55288 1
32934 56496 1
40844 31739 1
40844 40836 1
40844 40841 1
40844 40847 1
40844 40853 1
40844 40858 1
40844 42586 1
40844 45244 1
40844 51597 1
40844 53578 1
40844 122825 2
42586 40836 1
42586 40841 1
42586 40844 1
42586 40847 1
42586 40853 1
42586 45244 1
42586 51597 1
42586 122825 1
45242 40847 1
45242 40850 1
45242 45243 1
45242 45244 1
45242 53581 1
45242 54897 1
45242 64915 1
45242 67351 1
45243 31322 1
45243 31761 1
45243 31770 1
45243 31772 1
45243 37297 1
45243 37299 1
45243 37308 1
45243 38898 1
45243 40562 1
45243 40847 1
45243 45242 1
45243 45244 1
45243 51597 1
45243 54897 1
45243 112918 1
45244 39326 1
45244 40836 1
45244 40841 1
45244 40844 1
45244 40847 2
45244 40853 1
45244 42586 1
45244 45242 1
45244 45243 1
45244 51597 1
45244 54897 1
45244 66241 1
45244 122482 1
45244 122825 1
51597 31322 1
51597 31772 1
51597 31776 1
51597 31791 1
51597 32938 1
51597 40836 1
51597 40841 1
51597 40844 1
51597 40847 1
51597 40853 1
51597 42586 1
51597 45243 1
51597 45244 1
51597 53580 1
51597 64916 1
51597 122825 1
54897 40847 1
54897 45242 1
54897 45243 1
54897 45244 1
55288 22373 1
55288 31775 1
55288 32924 1
55288 32934 1
55288 40847 1
55288 47043 1
55288 56496 1
55288 67592 1
55288 121266 1
57629 31737 1
57629 31767 1
57629 31775 1
57629 40836 1
57629 40847 1
57629 41920 1
57629 42762 1
57629 42763 1
57629 43673 1
57629 48101 1
57629 57626 1
57629 57630 1
57629 67592 1
57629 109840 1
122706 22372 1
122706 31755 1
122706 31757 1
122706 31773 1
122706 31789 1
122706 31791 1
122706 32938 2
122706 40847 1
122706 45528 1
122706 52648 1
122706 53581 1
122706 54900 1
122706 64468 1
122706 66159 1
122706 67607 1
122706 77419 1
122706 90011 1
122706 90013 1
122706 122482 1
122706 122694 1
22373 22372 1
22373 31323 1
22373 31756 1
22373 32924 1
22373 39711 1
22373 40559 1
22373 40857 1
22373 40858 1
22373 42591 1
22373 45528 1
22373 47043 1
22373 52646 1
22373 53579 1
22373 53639 1
22373 55288 1
22373 56462 1
22373 56463 2
22373 56465 1
22373 56466 1
22373 56496 1
22373 56533 1
22373 58164 1
22373 64912 1
22373 64916 1
22373 65986 1
22373 67351 2
22373 67592 1
31737 31317 1
31737 31740 1
31737 31744 1
31737 31751 1
31737 31772 2
31737 31775 1
31737 34937 2
31737 37299 1
31737 38768 2
31737 40857 4
31737 42587 1
31737 45188 1
31737 47043 2
31737 50746 1
31737 51593 1
31737 52646 1
31737 54895 1
31737 57629 1
31737 58164 1
32924 22373 1
32924 31759 1
32924 32923 1
32924 37302 1
32924 40562 1
32924 47043 1
32924 55288 1
32924 67592 1
34937 31737 2
34937 31740 1
34937 37299 1
34937 38768 1
34937 40554 1
34937 40857 1
34937 42587 1
34937 47043 1
34937 50746 1
34937 51593 1
40849 47043 1
40849 49451 1
40849 51593 1
40849 55059 1
40849 56337 1
40849 57630 1
40849 67351 1
40849 83671 1
40849 101332 1
42587 31737 1
42587 31744 2
42587 34937 1
42587 42762 1
42587 47043 1
42587 47045 1
42587 51593 1
42587 56337 1
50749 31739 1
50749 31776 1
50749 40836 1
50749 47043 1
50749 53578 1
50763 31785 1
50763 47043 1
52646 22373 1
52646 31737 1
52646 47043 1
52646 54895 1
52646 56496 1
55059 31775 1
55059 39711 1
55059 40849 1
55059 47043 1
55059 49451 1
55059 51593 1
55059 56337 1
55059 83671 1
56337 40849 1
56337 42587 1
56337 42762 1
56337 47043 1
56337 49451 1
56337 51593 1
56337 55059 1
56337 83671 1
67592 22373 1
67592 32924 1
67592 40841 1
67592 41920 1
67592 43673 1
67592 47043 1
67592 50685 1
67592 50752 1
67592 55288 1
67592 57629 1
67592 67401 1
67592 109840 1
83671 40849 1
83671 47043 1
83671 49451 1
83671 51593 1
83671 55059 1
83671 56337 1
83671 83670 1
83671 104244 1
31756 22373 1
31756 31757 1
31756 40853 1
31756 40857 1
31756 40858 1
31756 50748 1
31756 51593 1
31756 56462 1
31756 56463 1
31756 56465 1
31756 56466 2
31756 56533 1
31756 122825 1
50748 31322 1
50748 31727 1
50748 31751 1
50748 31756 1
50748 31771 1
50748 33235 1
50748 37297 1
50748 39326 1
50748 39708 1
50748 40853 1
50748 45188 1
50748 51593 1
50748 56533 1
50748 67351 1
50748 122825 1
31322 31727 1
31322 31739 1
31322 31751 1
31322 31766 1
31322 31771 1
31322 31772 2
31322 31775 1
31322 33235 1
31322 40857 1
31322 42589 1
31322 45188 2
31322 45243 1
31322 50748 1
31322 50750 1
31322 51597 1
31322 55289 1
31322 56533 1
31322 58173 1
31322 67351 1
37306 31739 1
37306 31777 1
37306 50746 1
37306 122482 1
55289 31322 1
55289 31739 1
31740 31737 1
31740 31746 1
31740 34937 1
31740 36909 1
31740 37299 1
31740 38768 1
31740 40857 1
31740 50746 1
31740 51598 1
36909 31740 1
36909 31746 1
36909 51598 1
56462 22373 1
56462 31756 1
56462 31767 1
56462 31785 1
56462 40857 1
56462 40858 1
56462 50747 1
56462 56463 1
56462 56465 1
56462 56466 1
56462 56496 1
56462 56533 1
56462 57630 1
56462 101332 1
56462 112918 1
58176 31767 1
58176 38768 1
58176 56496 1
47045 31323 1
47045 31759 1
47045 31785 1
47045 33232 1
47045 33235 1
47045 35127 1
47045 37297 1
47045 38769 1
47045 42587 1
47045 56496 1
47045 57626 1
47045 122246 1
58160 31785 1
58160 33237 1
58160 58173 2
58173 31322 1
58173 31785 1
58173 33237 1
58173 42589 1
58173 58160 2
58173 72983 1
58175 31757 1
58175 31785 1
58175 56496 1
58175 67607 1
122246 31785 1
122246 39709 2
122246 47045 1
122246 56496 1
122246 70703 1
31323 22372 1
31323 22373 1
31323 31759 1
31323 31779 1
31323 33232 1
31323 33235 1
31323 33237 1
31323 35127 1
31323 37297 1
31323 38769 1
31323 39711 1
31323 40559 1
31323 42591 1
31323 47045 1
31323 57626 1
31323 64916 1
31323 122482 1
31727 31322 1
31727 31751 1
31727 31771 1
31727 33235 1
31727 45188 1
31727 50748 1
31727 56533 1
31727 67351 1
31759 31323 1
31759 31782 1
31759 32924 1
31759 33232 1
31759 33235 1
31759 34938 1
31759 35127 1
31759 37297 1
31759 37302 2
31759 38766 1
31759 38769 1
31759 40562 2
31759 40836 1
31759 40842 1
31759 40857 1
31759 47045 1
31759 57626 1
31771 31322 1
31771 31727 1
31771 31751 1
31771 33235 1
31771 42594 1
31771 45188 1
31771 50748 1
31771 56533 1
31771 67351 1
33232 31323 1
33232 31759 1
33232 33235 1
33232 35127 1
33232 37297 1
33232 38769 1
33232 47045 1
33232 57626 1
35127 31323 1
35127 31759 1
35127 33232 1
35127 33235 1
35127 37297 1
35127 38769 1
35127 47045 1
35127 57626 1
37297 31317 1
37297 31323 1
37297 31759 1
37297 31761 1
37297 31770 1
37297 32931 1
37297 33232 1
37297 33235 1
37297 34938 1
37297 35127 1
37297 37299 1
37297 37308 1
37297 37311 1
37297 38769 1
37297 38898 1
37297 39326 1
37297 39708 1
37297 40554 1
37297 40562 1
37297 42588 1
37297 45243 1
37297 47045 1
37297 50748 1
37297 57626 1
38769 31323 1
38769 31759 1
38769 33232 1
38769 33235 1
38769 35127 1
38769 37297 1
38769 47045 1
38769 57626 1
45188 31322 2
45188 31727 1
45188 31737 1
45188 31751 1
45188 31766 1
45188 31771 1
45188 31772 1
45188 31775 1
45188 33235 1
45188 50748 1
45188 50750 1
45188 56496 1
45188 56533 1
45188 58164 1
45188 67351 1
56533 22373 1
56533 31322 1
56533 31727 1
56533 31751 1
56533 31756 1
56533 31771 1
56533 33235 1
56533 40857 1
56533 40858 1
56533 45188 1
56533 50748 1
56533 56462 1
56533 56463 1
56533 56465 1
56533 56466 1
56533 67351 1
67351 22373 2
67351 31322 1
67351 31727 1
67351 31751 1
67351 31771 1
67351 33235 1
67351 40841 1
67351 40849 1
67351 40850 1
67351 44244 1
67351 45188 1
67351 45242 1
67351 50748 1
67351 52651 1
67351 53581 1
67351 56533 1
67351 57630 1
67351 58164 2
67351 64914 1
67351 64915 1
67351 101332 1
32931 31326 1
32931 34938 1
32931 37297 1
32931 37309 1
32931 37311 2
32931 40554 1
32931 42588 2
32931 42594 1
32931 42748 1
32931 112918 1
32931 112919 1
34938 31317 1
34938 31759 1
34938 32931 1
34938 37297 1
34938 37302 1
34938 37309 1
34938 37311 1
34938 40554 1
34938 40562 1
34938 40836 1
34938 40842 1
34938 40857 1
34938 42588 1
37309 32931 1
37309 34938 1
37309 37311 1
37309 42588 1
40554 32931 1
40554 34937 1
40554 34938 1
40554 37297 1
40554 37311 1
40554 42588 1
40554 44235 1
42588 32931 2
42588 34938 1
42588 37297 1
42588 37309 1
42588 37311 2
42588 40554 1
22372 22373 1
22372 31323 1
22372 31757 1
22372 31773 1
22372 32938 1
22372 39326 1
22372 39711 1
22372 40559 1
22372 42591 1
22372 52648 1
22372 56461 1
22372 64914 1
22372 64916 1
22372 122706 1
31772 31322 2
31772 31737 2
31772 31766 1
31772 31775 1
31772 39711 1
31772 40557 1
31772 40857 1
31772 45188 1
31772 45243 1
31772 46858 1
31772 46861 1
31772 46862 1
31772 50750 1
31772 51597 1
40557 31772 1
40557 39711 1
40557 46858 1
40557 46861 1
40557 46862 1
42591 22372 1
42591 22373 1
42591 31323 1
42591 39711 1
42591 40559 1
42591 64916 1
46858 31772 1
46858 39711 1
46858 40557 1
46858 46861 1
46858 46862 1
46861 31772 1
46861 39711 1
46861 40557 1
46861 46858 1
46861 46862 1
46862 31772 1
46862 39711 1
46862 40557 1
46862 46858 1
46862 46861 1
64916 22372 1
64916 22373 1
64916 31323 1
64916 32938 1
64916 39711 1
64916 40559 1
64916 42591 1
64916 51597 1
21500 31782 1
21500 40841 1
21500 112918 1
44244 38898 1
44244 40841 1
44244 42748 1
44244 52651 1
44244 67351 1
50685 40841 1
50685 42748 1
50685 67592 1
27121 21501 1
27121 27123 1
27121 40857 1
27121 42762 1
27123 27121 1
27123 40857 1
27123 42762 1
30156 41985 1
30156 42762 1
39326 22372 1
39326 37297 1
39326 37305 1
39326 39708 1
39326 42762 1
39326 44235 1
39326 45244 1
39326 50748 1
39326 52648 1
39326 56461 1
39326 64914 1
40562 31759 2
40562 31761 1
40562 31770 1
40562 32924 1
40562 34938 1
40562 37297 1
40562 37299 1
40562 37302 2
40562 37308 1
40562 38898 1
40562 40836 1
40562 40842 1
40562 40857 1
40562 41920 1
40562 42762 1
40562 42763 1
40562 45243 1
40857 21501 1
40857 22373 1
40857 27121 1
40857 27123 1
40857 31317 1
40857 31322 1
40857 31737 4
40857 31740 1
40857 31744 1
40857 31754 1
40857 31756 1
40857 31759 1
40857 31770 1
40857 31772 1
40857 34937 1
40857 34938 1
40857 37299 1
40857 37302 1
40857 37308 1
40857 38766 1
40857 38768 1
40857 40562 1
40857 40836 1
40857 40842 1
40857 40858 1
40857 41920 1
40857 42762 1
40857 50746 1
40857 56462 1
40857 56463 1
40857 56465 1
40857 56466 1
40857 56533 1
41985 30156 1
41985 42762 1
31791 31755 1
31791 31766 1
31791 31776 1
31791 31789 1
31791 32938 1
31791 44950 1
31791 45528 1
31791 51597 1
31791 52648 2
31791 53579 2
31791 53580 1
31791 53581 1
31791 56463 1
31791 64468 1
31791 64915 2
31791 65986 1
31791 66159 1
31791 66160 2
31791 67401 1
31791 67607 1
31791 77419 1
31791 90011 1
31791 90013 1
31791 122475 1
31791 122706 1
31789 31755 1
31789 31791 1
31789 45528 1
31789 52648 1
31789 53581 1
31789 64468 1
31789 66159 1
31789 67607 1
31789 77419 1
31789 90011 1
31789 90013 1
31789 122706 1
45528 22373 1
45528 31755 1
45528 31775 1
45528 31789 1
45528 31791 1
45528 52648 1
45528 53579 1
45528 53581 1
45528 53639 1
45528 56463 1
45528 60820 1
45528 64468 1
45528 64912 1
45528 65986 1
45528 66159 1
45528 67607 1
45528 77419 1
45528 90011 1
45528 90013 1
45528 122706 1
52648 22372 1
52648 31755 1
52648 31789 1
52648 31791 2
52648 32938 1
52648 39326 1
52648 45528 1
52648 53579 1
52648 53581 1
52648 56461 1
52648 56463 1
52648 56496 1
52648 64468 1
52648 64914 1
52648 64915 1
52648 65986 1
52648 66159 2
52648 66160 1
52648 67401 1
52648 67607 1
52648 77419 1
52648 90011 1
52648 90013 1
52648 122706 1
64468 31755 1
64468 31789 1
64468 31791 1
64468 45528 1
64468 52648 1
64468 53581 1
64468 66159 1
64468 67607 1
64468 77419 1
64468 90011 1
64468 90013 1
64468 122706 1
67607 31755 1
67607 31757 1
67607 31789 1
67607 31791 1
67607 45528 1
67607 52648 1
67607 53581 1
67607 58175 1
67607 64468 1
67607 66159 1
67607 67605 1
67607 77419 1
67607 90011 1
67607 90013 1
67607 122706 1
77419 31755 1
77419 31789 1
77419 31791 1
77419 45528 1
77419 52648 1
77419 53581 1
77419 64468 1
77419 66159 1
77419 67607 1
77419 90011 1
77419 90013 1
77419 122706 1
90011 31755 1
90011 31789 1
90011 31791 1
90011 45528 1
90011 52648 1
90011 53581 1
90011 56465 1
90011 64468 1
90011 64915 1
90011 66159 1
90011 67607 1
90011 77419 1
90011 90013 5
90011 122706 1
90013 31755 1
90013 31789 1
90013 31791 1
90013 45528 1
90013 52648 1
90013 53581 1
90013 56465 1
90013 64468 1
90013 64915 1
90013 66159 1
90013 67607 1
90013 77419 1
90013 90011 5
90013 122706 1
31779 31323 1
31779 33237 1
31779 121087 1
31779 122482 1
31317 31737 1
31317 31744 1
31317 31770 1
31317 31775 2
31317 31782 1
31317 34938 1
31317 37297 1
31317 37299 1
31317 40857 1
31317 42589 1
31317 51598 1
50750 31322 1
50750 31766 1
50750 31772 1
50750 31775 1
50750 45188 1
52037 50747 1
52037 56496 1
94735 56496 1
40850 45242 1
40850 53581 1
40850 64915 1
40850 67351 1
53579 22373 1
53579 31791 2
53579 32938 1
53579 45528 1
53579 52648 1
53579 53639 1
53579 56463 2
53579 64912 1
53579 64915 2
53579 65986 2
53579 66160 2
53579 67401 1
53579 122475 1
56463 22373 2
56463 31756 1
56463 31791 1
56463 32938 1
56463 40857 1
56463 40858 1
56463 45528 1
56463 52648 1
56463 53579 2
56463 53581 1
56463 53639 1
56463 56462 1
56463 56465 1
56463 56466 1
56463 56533 1
56463 64912 1
56463 64915 1
56463 65986 2
56463 66160 1
56463 67401 1
56465 22373 1
56465 31756 1
56465 40857 1
56465 40858 1
56465 56462 1
56465 56463 1
56465 56466 1
56465 56533 1
56465 64915 1
56465 90011 1
56465 90013 1
65986 22373 1
65986 31791 1
65986 32938 1
65986 45528 1
65986 52648 1
65986 53579 2
65986 53639 1
65986 56463 2
65986 64912 1
65986 64915 1
65986 66160 1
65986 67401 1
66160 31791 2
66160 32938 1
66160 52648 1
66160 53579 2
66160 56463 1
66160 64915 2
66160 65986 1
66160 67401 1
66160 122475 1
67401 31791 1
67401 32938 1
67401 50752 1
67401 52648 1
67401 53579 1
67401 56463 1
67401 64915 1
67401 65986 1
67401 66160 1
67401 67592 1
122475 31791 1
122475 53579 1
122475 64915 1
122475 66160 1
31744 31317 1
31744 31326 1
31744 31737 1
31744 40836 1
31744 40857 1
31744 42587 2
31761 31770 1
31761 31782 1
31761 37297 1
31761 37299 1
31761 37308 1
31761 38898 1
31761 40562 1
31761 40836 1
31761 45243 1
31782 21500 1
31782 31317 1
31782 31759 1
31782 31761 1
31782 31770 1
31782 37299 1
31782 40836 1
31782 42589 1
37302 31759 2
37302 32924 1
37302 34938 1
37302 40562 2
37302 40836 1
37302 40842 1
37302 40857 1
40842 31759 1
40842 34938 1
40842 37302 1
40842 40562 1
40842 40836 1
40842 40857 1
40842 42594 1
40858 22373 1
40858 31756 1
40858 40844 1
40858 40857 1
40858 53578 1
40858 56462 1
40858 56463 1
40858 56465 1
40858 56466 1
40858 56533 1
97459 54900 1
97459 72983 1
97459 90010 1
122694 54900 1
122694 122706 1
39709 70703 1
39709 122246 2
42594 31326 1
42594 31771 1
42594 32931 1
42594 40842 1
42594 42748 1
42594 112918 1
42594 112919 1
42748 31326 1
42748 32931 1
42748 38898 1
42748 42594 1
42748 44244 1
42748 50685 1
42748 112918 1
42748 112919 1
112918 21500 1
112918 31326 1
112918 31757 1
112918 32931 1
112918 42594 1
112918 42748 1
112918 45243 1
112918 56462 1
112918 112919 2
112919 31326 1
112919 32931 1
112919 42594 1
112919 42748 1
112919 112918 2
21501 27121 1
21501 31751 1
21501 31754 1
21501 40857 1
31757 22372 1
31757 31751 1
31757 31756 1
31757 31773 1
31757 32938 1
31757 58175 1
31757 67607 1
31757 112918 1
31757 122706 1
72983 31766 1
72983 58173 1
72983 97459 1
72983 116704 1
72983 119695 1
31729 31754 1
31729 31770 1
31729 122484 2
32923 31770 1
32923 32924 1
32923 122484 1
37308 31761 1
37308 31770 2
37308 37297 1
37308 37299 1
37308 38766 1
37308 38898 1
37308 40562 1
37308 40857 1
37308 41920 1
37308 45243 1
38898 31761 1
38898 31770 1
38898 37297 1
38898 37299 1
38898 37308 1
38898 40562 1
38898 42748 1
38898 44244 1
38898 45243 1
42589 31317 1
42589 31322 1
42589 31770 1
42589 31782 1
42589 37299 1
42589 58173 1
122484 31729 2
122484 31754 1
122484 31770 2
122484 32923 1
31773 22372 1
31773 31757 1
31773 32938 1
31773 122706 1
121087 31779 1
121087 38766 1
37305 39326 1
37305 40559 1
37305 44235 1
37305 57630 1
43673 41920 1
43673 57629 1
43673 67592 1
43673 109840 1
109840 41920 1
109840 43673 1
109840 57629 1
109840 67592 1
48101 38201 1
48101 57626 1
48101 57629 1
48101 57630 1
57630 37305 1
57630 40849 1
57630 48101 1
57630 56462 1
57630 57626 1
57630 57629 1
57630 67351 1
57630 101332 1
56461 22372 1
56461 39326 1
56461 52648 1
56461 64914 1
90010 64914 1
90010 97459 1
103200 56191 1
103200 64914 1
103200 99008 1
103200 122933 1
31754 21501 1
31754 31729 1
31754 40857 1
31754 66241 1
31754 122484 1
56532 116704 1
67605 67607 1
67605 116704 1
119695 72983 1
119695 116704 1
119695 119694 1
60820 45528 1
60820 122825 1
53639 22373 1
53639 45528 1
53639 53579 1
53639 56463 1
53639 64912 1
53639 65986 1
58164 22373 1
58164 31737 1
58164 45188 1
58164 67351 2
64912 22373 1
64912 45528 1
64912 53579 1
64912 53639 1
64912 56463 1
64912 65986 1
101332 40849 1
101332 56462 1
101332 57630 1
101332 67351 1
83670 83671 1
83670 104244 1
104244 83670 1
104244 83671 1
39708 37297 1
39708 39326 1
39708 50748 1
38201 48101 1
119694 119695 1
56191 103200 1
99008 96709 1
99008 103200 1
122933 103200 1
96709 99008 1
