116343 116209 2
116209 30906 1
116209 62386 1
116209 66754 1
116209 82434 1
116209 109303 1
116209 114743 1
116209 116206 1
116209 116207 1
116209 116208 1
116209 116343 2
116209 126224 1
30906 62386 1
30906 66754 1
30906 114743 1
30906 116209 1
30906 126224 1
30906 127339 1
62386 30906 1
62386 41628 1
62386 41629 1
62386 41630 1
62386 62382 1
62386 62383 1
62386 62384 1
62386 62385 1
62386 66754 1
62386 73980 1
62386 114743 1
62386 116209 1
62386 126224 1
66754 30906 1
66754 37485 1
66754 41627 1
66754 41678 1
66754 46698 1
66754 48455 1
66754 49993 1
66754 49994 1
66754 49995 1
66754 62386 1
66754 65559 1
66754 67253 1
66754 73698 1
66754 114743 1
66754 116209 1
66754 126224 1
82434 67529 1
82434 72940 1
82434 82433 1
82434 93349 1
82434 93957 1
82434 101433 3
82434 106167 1
82434 109303 1
82434 113398 1
82434 114954 2
82434 115819 1
82434 116206 1
82434 116207 3
82434 116208 2
82434 116209 1
82434 118499 1
82434 118819 1
82434 118955 2
82434 119127 1
82434 125226 1
109303 74193 1
109303 74807 1
109303 82434 1
109303 114954 1
109303 115820 1
109303 116206 1
109303 116207 1
109303 116208 1
109303 116209 1
109303 116334 1
109303 116335 1
109303 116336 1
109303 122541 1
114743 30906 1
114743 38542 1
114743 62386 1
114743 66431 1
114743 66754 1
114743 67282 1
114743 72136 1
114743 74198 1
114743 74584 1
114743 86297 1
114743 94263 1
114743 100837 1
114743 102500 2
114743 109507 1
114743 110003 1
114743 110428 1
114743 116209 1
114743 126224 1
116206 82434 1
116206 109303 1
116206 116207 1
116206 116208 1
116206 116209 1
116207 82434 3
116207 93349 1
116207 106167 1
116207 109303 1
116207 113397 1
116207 113398 1
116207 113399 1
116207 116206 1
116207 116208 1
116207 116209 1
116207 118499 1
116207 125226 1
116208 71677 1
116208 71678 1
116208 71679 1
116208 71680 1
116208 71681 1
116208 71682 1
116208 74185 2
116208 82434 2
116208 88199 1
116208 91244 1
116208 94195 1
116208 109303 1
116208 113399 1
116208 116206 1
116208 116207 1
116208 116209 1
116208 118955 1
116208 119124 1
116208 119125 1
116208 119126 1
116208 119127 2
126224 30906 1
126224 62386 1
126224 66754 1
126224 73699 1
126224 73900 1
126224 74078 1
126224 85488 1
126224 94867 2
126224 103598 1
126224 109117 2
126224 109507 1
126224 114739 1
126224 114740 1
126224 114743 1
126224 116209 1
126224 126225 1
126224 126226 1
126224 126227 4
126224 126228 2
126224 126229 1
126224 126230 1
126224 127141 2
126224 127152 1
126224 127330 2
126224 127336 3
127339 30906 1
127339 127152 1
41628 41629 1
41628 41630 1
41628 62382 1
41628 62383 1
41628 62384 1
41628 62385 1
41628 62386 1
41628 73980 1
41629 41628 1
41629 41630 1
41629 62382 1
41629 62383 1
41629 62384 1
41629 62385 1
41629 62386 1
41629 73980 1
41630 41628 1
41630 41629 1
41630 62382 1
41630 62383 1
41630 62384 1
41630 62385 1
41630 62386 1
41630 73980 1
62382 41628 1
62382 41629 1
62382 41630 1
62382 62383 1
62382 62384 1
62382 62385 1
62382 62386 1
62382 73980 1
62383 41628 1
62383 41629 1
62383 41630 1
62383 59113 1
62383 62382 1
62383 62384 1
62383 62385 2
62383 62386 1
62383 73980 1
62383 123233 1
62384 41628 1
62384 41629 1
62384 41630 1
62384 62382 1
62384 62383 1
62384 62385 1
62384 62386 1
62384 73980 1
62385 41628 1
62385 41629 1
62385 41630 1
62385 48455 1
62385 53865 1
62385 57757 1
62385 57758 1
62385 57760 1
62385 57761 2
62385 62382 1
62385 62383 2
62385 62384 1
62385 62386 1
62385 73980 1
62385 74078 1
62385 126227 1
73980 41628 1
73980 41629 1
73980 41630 1
73980 62382 1
73980 62383 1
73980 62384 1
73980 62385 1
73980 62386 1
73980 73699 1
73980 109117 1
73980 114740 1
37485 37489 1
37485 41627 1
37485 41678 1
37485 46698 1
37485 48455 1
37485 49993 1
37485 49994 1
37485 49995 1
37485 64655 1
37485 66754 1
37485 73698 1
41627 37485 1
41627 41678 1
41627 46698 1
41627 48455 1
41627 49993 1
41627 49994 1
41627 49995 1
41627 66754 1
41627 73698 1
41678 37485 1
41678 41627 1
41678 46698 1
41678 48455 1
41678 49993 1
41678 49994 1
41678 49995 1
41678 66754 1
41678 73698 1
46698 37485 1
46698 41627 1
46698 41678 1
46698 48455 1
46698 49993 1
46698 49994 1
46698 49995 1
46698 66754 1
46698 73698 1
48455 37107 1
48455 37485 1
48455 41627 1
48455 41678 1
48455 46698 1
48455 49993 1
48455 49994 1
48455 49995 1
48455 53865 1
48455 62385 1
48455 66754 1
48455 73698 1
48455 74078 1
49993 37485 1
49993 41627 1
49993 41678 1
49993 46698 1
49993 48455 1
49993 49994 1
49993 49995 1
49993 66754 1
49993 73698 1
49994 37485 1
49994 41627 1
49994 41678 1
49994 46698 1
49994 48455 1
49994 49993 1
49994 49995 1
49994 66754 1
49994 73698 1
49995 37107 1
49995 37108 1
49995 37485 1
49995 41495 1
49995 41627 1
49995 41678 1
49995 42259 1
49995 45522 1
49995 46698 1
49995 48455 1
49995 49122 1
49995 49993 1
49995 49994 1
49995 53865 1
49995 66286 1
49995 66754 1
49995 73698 1
65559 51742 1
65559 55267 1
65559 64654 1
65559 64655 1
65559 66754 1
65559 67253 1
65559 82362 1
65559 119681 1
65559 121359 1
67253 65559 1
67253 66754 1
73698 37485 1
73698 41627 1
73698 41678 1
73698 42316 1
73698 46698 1
73698 48455 1
73698 49993 1
73698 49994 1
73698 49995 1
73698 51754 1
73698 54649 1
73698 65616 1
73698 66754 1
73698 68370 1
73698 75728 2
67529 72940 1
67529 82433 1
67529 82434 1
67529 113398 1
67529 115819 1
67529 116334 1
67529 118955 1
72940 30294 1
72940 47724 1
72940 67529 1
72940 82433 1
72940 82434 1
72940 93957 1
72940 113398 1
72940 114954 1
72940 115819 1
72940 118955 1
72940 119124 1
82433 67529 1
82433 72940 1
82433 82434 1
82433 113398 1
82433 115819 1
82433 118955 1
93349 82434 1
93349 106167 1
93349 116207 1
93349 118499 1
93349 125226 1
93957 72940 1
93957 74185 1
93957 82434 1
93957 91181 1
93957 101433 1
93957 105109 1
101433 82434 3
101433 93957 1
101433 114954 1
101433 118348 1
106167 82434 1
106167 93349 1
106167 116207 1
106167 118499 1
106167 125226 1
113398 67529 1
113398 72940 1
113398 82433 1
113398 82434 1
113398 113397 1
113398 113399 1
113398 115819 1
113398 116207 1
113398 118955 1
113398 122612 1
114954 72940 1
114954 74193 1
114954 82434 2
114954 101433 1
114954 109303 1
114954 118819 1
115819 67529 1
115819 72940 1
115819 82433 1
115819 82434 1
115819 86391 1
115819 113398 1
115819 115029 1
115819 115820 1
115819 118955 1
118499 82434 1
118499 91181 1
118499 93349 1
118499 101431 1
118499 102896 1
118499 102897 1
118499 102898 1
118499 106167 1
118499 116207 1
118499 119125 1
118499 122598 2
118499 125226 1
118819 82434 1
118819 114954 1
118819 114955 1
118819 115403 1
118819 118348 1
118819 118955 1
118955 67529 1
118955 72940 1
118955 82433 1
118955 82434 2
118955 113398 1
118955 115819 1
118955 116208 1
118955 116336 1
118955 118348 1
118955 118819 1
118955 122541 1
118955 122542 1
119127 82434 1
119127 113399 1
119127 115820 1
119127 116208 2
119127 119124 2
119127 119125 1
119127 119126 1
119127 122541 2
119127 122838 1
119127 122941 1
125226 82434 1
125226 93349 1
125226 106167 1
125226 116207 1
125226 118499 1
74193 74198 1
74193 100837 1
74193 109303 1
74193 114954 1
74807 105109 1
74807 105110 1
74807 109303 1
74807 122541 2
115820 109303 1
115820 115819 1
115820 116334 1
115820 116335 1
115820 116336 1
115820 119127 1
115820 122541 1
115820 122829 1
116334 67529 1
116334 106755 1
116334 109303 1
116334 115820 1
116334 116335 1
116334 116336 1
116334 119126 1
116335 107283 1
116335 109303 1
116335 115820 1
116335 116334 1
116335 116336 1
116336 109303 1
116336 115820 1
116336 116334 1
116336 116335 1
116336 118955 1
122541 74807 2
122541 105109 1
122541 105110 1
122541 109303 1
122541 109966 1
122541 110268 1
122541 110269 1
122541 115820 1
122541 118955 1
122541 119127 2
122541 122108 1
122541 122542 1
122541 122838 1
122541 122941 1
38542 74198 2
38542 94867 1
38542 96710 1
38542 114743 1
66431 67282 1
66431 114743 1
67282 27544 1
67282 66431 1
67282 66442 1
67282 66443 1
67282 67829 1
67282 107556 1
67282 111520 1
67282 114743 1
72136 114743 1
74198 38542 2
74198 74193 1
74198 94867 1
74198 109117 1
74198 114743 1
74584 71710 1
74584 94263 3
74584 100837 1
74584 102500 1
74584 110003 1
74584 114743 1
86297 90729 1
86297 102500 1
86297 104106 1
86297 104107 1
86297 106218 1
86297 111543 1
86297 114743 1
94263 74584 3
94263 102500 1
94263 110003 1
94263 114743 1
94263 126228 1
94263 127152 1
100837 40005 1
100837 74193 1
100837 74584 1
100837 109507 1
100837 114743 1
102500 44939 1
102500 74584 1
102500 86297 1
102500 94263 1
102500 114743 2
102500 121607 1
109507 100837 1
109507 114743 1
109507 126224 1
109507 127330 1
110003 74584 1
110003 94263 1
110003 110428 2
110003 114739 1
110003 114743 1
110428 110003 2
110428 114739 1
110428 114743 1
113397 113398 1
113397 113399 1
113397 116207 1
113399 113397 1
113399 113398 1
113399 115825 1
113399 116207 1
113399 116208 1
113399 119124 1
113399 119125 1
113399 119126 1
113399 119127 1
71677 71678 1
71677 71679 1
71677 71680 1
71677 71681 1
71677 71682 1
71677 88199 1
71677 91244 1
71677 116208 1
71678 71677 1
71678 71679 1
71678 71680 1
71678 71681 1
71678 71682 1
71678 88199 1
71678 91244 1
71678 116208 1
71679 71677 1
71679 71678 1
71679 71680 1
71679 71681 1
71679 71682 1
71679 88199 1
71679 91244 1
71679 116208 1
71679 119124 1
71680 71677 1
71680 71678 1
71680 71679 1
71680 71681 1
71680 71682 1
71680 88199 1
71680 91244 1
71680 116208 1
71681 71677 1
71681 71678 1
71681 71679 1
71681 71680 1
71681 71682 1
71681 88199 1
71681 91244 1
71681 116208 1
71682 71677 1
71682 71678 1
71682 71679 1
71682 71680 1
71682 71681 1
71682 80866 1
71682 88199 1
71682 91244 1
71682 116208 1
74185 91181 1
74185 93957 1
74185 94195 1
74185 105109 1
74185 116208 2
88199 71677 1
88199 71678 1
88199 71679 1
88199 71680 1
88199 71681 1
88199 71682 1
88199 91244 1
88199 116208 1
91244 71677 1
91244 71678 1
91244 71679 1
91244 71680 1
91244 71681 1
91244 71682 1
91244 88199 1
91244 91243 1
91244 116208 1
94195 74185 1
94195 116208 1
119124 71679 1
119124 72940 1
119124 113399 1
119124 116208 1
119124 119125 1
119124 119126 1
119124 119127 2
119125 91181 1
119125 101431 1
119125 113399 1
119125 115403 2
119125 116208 1
119125 118499 1
119125 119124 1
119125 119126 1
119125 119127 1
119125 122598 2
119125 122612 2
119125 122701 1
119126 106755 1
119126 113399 1
119126 116208 1
119126 116334 1
119126 119124 1
119126 119125 1
119126 119127 1
73699 26103 1
73699 34700 1
73699 73980 1
73699 74078 1
73699 91752 1
73699 109117 1
73699 114740 1
73699 123228 1
73699 126224 1
73699 126229 1
73699 126230 1
73699 127336 1
73900 73902 1
73900 74078 1
73900 85488 2
73900 85489 1
73900 94867 1
73900 103598 1
73900 126224 1
73900 126227 1
73900 127141 1
74078 37489 1
74078 48455 1
74078 53865 1
74078 57008 1
74078 59112 1
74078 62385 1
74078 73699 1
74078 73900 1
74078 73902 1
74078 109117 2
74078 114740 1
74078 126224 1
74078 126226 1
74078 126230 1
74078 127336 1
85488 73900 2
85488 85489 1
85488 94867 1
85488 103598 1
85488 126224 1
85488 126227 1
85488 127141 1
94867 38542 1
94867 73900 1
94867 74198 1
94867 85488 1
94867 103598 1
94867 126224 2
94867 126227 2
94867 126228 1
94867 127141 2
94867 127330 1
94867 127336 1
103598 73900 1
103598 85488 1
103598 94867 1
103598 123229 1
103598 126224 1
103598 126227 1
103598 127141 2
109117 73699 1
109117 73980 1
109117 74078 2
109117 74198 1
109117 114739 1
109117 114740 2
109117 126224 2
109117 126226 2
109117 126227 1
109117 126228 1
109117 126230 1
109117 127152 1
109117 127336 2
114739 109117 1
114739 110003 1
114739 110428 1
114739 114740 1
114739 126224 1
114739 126227 1
114739 126228 1
114739 127152 1
114739 127336 1
114740 73699 1
114740 73980 1
114740 74078 1
114740 109117 2
114740 114739 1
114740 126224 1
114740 126226 1
114740 126227 1
114740 126228 1
114740 126230 1
114740 127152 1
114740 127336 1
126225 126224 1
126225 126226 2
126225 126227 1
126225 126228 1
126225 126229 4
126225 126230 2
126226 74078 1
126226 109117 2
126226 114740 1
126226 126224 1
126226 126225 2
126226 126227 1
126226 126228 1
126226 126229 3
126226 126230 4
126227 57761 1
126227 62385 1
126227 73900 1
126227 85488 1
126227 94867 2
126227 103598 1
126227 109117 1
126227 114739 1
126227 114740 1
126227 126224 4
126227 126225 1
126227 126226 1
126227 126228 2
126227 126229 1
126227 126230 2
126227 127141 3
126227 127152 1
126227 127330 2
126227 127336 2
126228 94263 1
126228 94867 1
126228 109117 1
126228 114739 1
126228 114740 1
126228 126224 2
126228 126225 1
126228 126226 1
126228 126227 2
126228 126229 1
126228 126230 1
126228 127152 1
126228 127330 1
126228 127336 1
126229 73699 1
126229 126224 1
126229 126225 4
126229 126226 3
126229 126227 1
126229 126228 1
126229 126230 4
126230 69777 1
126230 73699 1
126230 74078 1
126230 109117 1
126230 114740 1
126230 126224 1
126230 126225 2
126230 126226 4
126230 126227 2
126230 126228 1
126230 126229 4
126230 127141 1
126230 127330 2
127141 73900 1
127141 85488 1
127141 94867 2
127141 103598 2
127141 126224 2
127141 126227 3
127141 126230 1
127141 127330 2
127141 127336 1
127152 94263 1
127152 109117 1
127152 114739 1
127152 114740 1
127152 126224 1
127152 126227 1
127152 126228 1
127152 127336 2
127152 127339 1
127330 69777 1
127330 94867 1
127330 109507 1
127330 119681 1
127330 119682 1
127330 126224 2
127330 126227 2
127330 126228 1
127330 126230 2
127330 127141 2
127330 127336 1
127330 127360 1
127336 73699 1
127336 74078 1
127336 94867 1
127336 109117 2
127336 114739 1
127336 114740 1
127336 126224 3
127336 126227 2
127336 126228 1
127336 127141 1
127336 127152 2
127336 127330 1
59113 62383 1
59113 123233 1
59113 127271 1
123233 59113 1
123233 62383 1
53865 41495 1
53865 45522 1
53865 48455 1
53865 49995 1
53865 62385 1
53865 66286 1
53865 74078 1
57757 57758 1
57757 57760 1
57757 57761 1
57757 62385 1
57758 57757 1
57758 57760 1
57758 57761 1
57758 62385 1
57760 48297 1
57760 57757 1
57760 57758 1
57760 57761 1
57760 62385 1
57761 44636 1
57761 56102 1
57761 57002 1
57761 57757 1
57761 57758 1
57761 57760 1
57761 62385 2
57761 64655 1
57761 126227 1
37107 37108 1
37107 42259 1
37107 48455 1
37107 49122 1
37107 49995 1
37108 37107 1
37108 42259 1
37108 49122 1
37108 49995 1
41495 45522 1
41495 49995 1
41495 53865 1
41495 66286 1
42259 37107 1
42259 37108 1
42259 49122 1
42259 49995 1
45522 41495 1
45522 49995 1
45522 53865 1
45522 66286 1
49122 37107 1
49122 37108 1
49122 42259 1
49122 44064 1
49122 49995 1
66286 41495 1
66286 45522 1
66286 49995 1
66286 53865 1
66286 55267 1
66286 57007 1
66286 121359 1
51742 55267 1
51742 64654 1
51742 64655 1
51742 65559 1
51742 82362 1
51742 119681 1
51742 121359 1
55267 51742 1
55267 64654 1
55267 64655 1
55267 65559 1
55267 66286 1
55267 82362 1
55267 119681 1
55267 121359 1
64654 51742 1
64654 55267 1
64654 64655 1
64654 65559 1
64654 82362 1
64654 119681 1
64654 121359 1
64655 37485 1
64655 37489 1
64655 51742 1
64655 55267 1
64655 57761 1
64655 64654 1
64655 65559 1
64655 82362 1
64655 119681 1
64655 121359 1
82362 51742 1
82362 55267 1
82362 64654 1
82362 64655 1
82362 65559 1
82362 119681 1
82362 121359 1
119681 51742 1
119681 55267 1
119681 64654 1
119681 64655 1
119681 65559 1
119681 82362 1
119681 119682 1
119681 121359 1
119681 127330 1
121359 51742 1
121359 55267 1
121359 64654 1
121359 64655 1
121359 65559 1
121359 66286 1
121359 82362 1
121359 119681 1
42316 51754 1
42316 54649 1
42316 65616 1
42316 68370 1
42316 72004 1
42316 73698 1
42316 75728 1
51754 42316 1
51754 54649 1
51754 65616 1
51754 68370 1
51754 73698 1
51754 75728 1
54649 42316 1
54649 51754 1
54649 65616 1
54649 68370 1
54649 73698 1
54649 75728 1
65616 42316 1
65616 51754 1
65616 54649 1
65616 68370 1
65616 73698 1
65616 75728 1
68370 42316 1
68370 51754 1
68370 54649 1
68370 65616 1
68370 73698 1
68370 75728 2
68370 79628 1
68370 79629 1
75728 40607 1
75728 42316 1
75728 51754 1
75728 54649 1
75728 65616 1
75728 68370 2
75728 73698 2
30294 72940 1
47724 72940 1
91181 74185 1
91181 93957 1
91181 101431 1
91181 105109 1
91181 110269 1
91181 118499 1
91181 119125 1
91181 122598 1
105109 74185 1
105109 74807 1
105109 91181 1
105109 93957 1
105109 105110 1
105109 122541 1
118348 101433 1
118348 118819 1
118348 118955 1
122612 113398 1
122612 115029 1
122612 115403 1
122612 119125 2
86391 115819 1
115029 115819 1
115029 122612 1
101431 91181 1
101431 118499 1
101431 119125 1
101431 122598 1
102896 102897 1
102896 102898 1
102896 118499 1
102897 102896 1
102897 102898 1
102897 118499 1
102898 102896 1
102898 102897 1
102898 118499 1
122598 91181 1
122598 101431 1
122598 118499 2
122598 119125 2
114955 118819 1
115403 118819 1
115403 119125 2
115403 122612 1
122542 118955 1
122542 122541 1
122838 119127 1
122838 122541 1
122838 122829 1
122838 122941 1
122941 119127 1
122941 122541 1
122941 122838 1
105110 74807 1
105110 105109 1
105110 122541 1
122829 115820 1
122829 122838 1
106755 92468 1
106755 116334 1
106755 119126 1
107283 116335 1
109966 122541 1
110268 110269 1
110268 122541 1
110269 91181 1
110269 110268 1
110269 122541 1
122108 102216 2
122108 102224 2
122108 102225 1
122108 102226 3
122108 102227 1
122108 113137 1
122108 121020 1
122108 122055 1
122108 122056 1
122108 122107 2
122108 122541 1
122108 122622 1
122108 122624 1
122108 122633 1
122108 122656 2
122108 122664 1
122108 124893 1
96710 38542 1
27544 67282 1
66442 37489 1
66442 66443 1
66442 67282 1
66442 67829 1
66442 107556 1
66442 111520 1
66443 66442 1
66443 67282 1
66443 67829 1
66443 107556 1
66443 111520 1
67829 66442 1
67829 66443 1
67829 67282 1
67829 107556 1
67829 111520 1
107556 66442 1
107556 66443 1
107556 67282 1
107556 67829 1
107556 111520 1
111520 66442 1
111520 66443 1
111520 67282 1
111520 67829 1
111520 107556 1
71710 74584 1
71710 125990 1
90729 86297 1
104106 86297 1
104106 104107 1
104107 86297 1
104107 104106 1
106218 86297 1
106218 111543 1
111543 86297 1
111543 106218 1
40005 100837 1
44939 102500 1
121607 102500 1
121607 105524 1
121607 121604 1
121607 121605 1
121607 121606 1
115825 113399 1
80866 71682 1
91243 91244 1
26103 34700 1
26103 73699 1
34700 26103 1
34700 73699 1
91752 73699 1
91752 123228 1
123228 73699 1
123228 76193 1
123228 91752 1
123228 126474 1
73902 73900 1
73902 74078 1
73902 74641 1
85489 73900 1
85489 85488 1
37489 37485 1
37489 59112 1
37489 64655 1
37489 66442 1
37489 74078 1
57008 74078 1
59112 37489 1
59112 74078 1
123229 103598 1
69777 126230 1
69777 127330 1
119682 119681 1
119682 127330 1
127360 127330 1
44636 56102 1
44636 57002 1
44636 57761 1
56102 44636 1
56102 57002 1
56102 57761 1
57002 44636 1
57002 56102 1
57002 57761 1
74641 73902 1
76193 123228 1
126474 123228 1
92468 106755 1
122701 119125 1
122701 122700 1
122701 127588 1
105524 121604 1
105524 121605 1
105524 121606 1
105524 121607 1
121604 105524 1
121604 121605 1
121604 121606 1
121604 121607 1
121605 105524 1
121605 121604 1
121605 121606 1
121605 121607 1
121606 105524 1
121606 121604 1
121606 121605 1
121606 121607 1
125990 71710 1
102216 102224 1
102216 102225 1
102216 102226 1
102216 102227 1
102216 121020 1
102216 122055 1
102216 122056 1
102216 122107 1
102216 122108 2
102216 122622 1
102216 122624 1
102216 122632 1
102216 122664 2
102224 102216 1
102224 122108 2
102224 122664 1
102225 102216 1
102225 102226 1
102225 102227 1
102225 121020 1
102225 121033 1
102225 122107 1
102225 122108 1
102225 122622 1
102225 122624 1
102226 102216 1
102226 102225 1
102226 102227 1
102226 113137 2
102226 121020 1
102226 122056 2
102226 122107 2
102226 122108 3
102226 122622 1
102226 122624 1
102226 122625 1
102226 122633 1
102226 122656 1
102227 102216 1
102227 102225 1
102227 102226 1
102227 121020 1
102227 122107 1
102227 122108 1
102227 122622 1
102227 122624 1
102227 127588 1
113137 102226 2
113137 122056 1
113137 122107 2
113137 122108 1
113137 122633 1
113137 122636 1
121020 102216 1
121020 102225 1
121020 102226 1
121020 102227 1
121020 122107 1
121020 122108 1
121020 122622 1
121020 122624 1
122055 102216 1
122055 122108 1
122055 122656 1
122055 124893 1
122056 102216 1
122056 102226 2
122056 113137 1
122056 122108 1
122056 122632 1
122056 122633 2
122056 122656 1
122056 122664 1
122107 102216 1
122107 102225 1
122107 102226 2
122107 102227 1
122107 113137 2
122107 121020 1
122107 122108 2
122107 122622 1
122107 122624 1
122107 122636 1
122622 102216 1
122622 102225 1
122622 102226 1
122622 102227 1
122622 121020 1
122622 122107 1
122622 122108 1
122622 122624 2
122622 122656 1
122624 102216 1
122624 102225 1
122624 102226 1
122624 102227 1
122624 121020 1
122624 122107 1
122624 122108 1
122624 122622 2
122624 122625 1
122624 122646 1
122633 102226 1
122633 113137 1
122633 122056 2
122633 122108 1
122633 122656 1
122656 102226 1
122656 122055 1
122656 122056 1
122656 122108 2
122656 122622 1
122656 122633 1
122656 124893 1
122664 102216 2
122664 102224 1
122664 122056 1
122664 122108 1
122664 122632 2
124893 122055 1
124893 122108 1
124893 122656 1
124893 127588 1
72004 42316 1
79628 68370 1
79628 79629 1
79629 68370 1
79629 79628 1
40607 75728 1
44064 49122 1
57007 66286 1
48297 57760 1
127271 59113 1
122700 122701 1
127588 102227 1
127588 122701 1
127588 124893 1
127588 127014 1
122632 102216 1
122632 122056 1
122632 122664 2
121033 102225 1
122625 102226 1
122625 122624 1
122625 122646 1
122636 113137 1
122636 122107 1
122636 122637 1
122646 122624 1
122646 122625 1
127014 127588 1
122637 122636 1
