15820 26863 1
26863 3174 1
26863 15820 1
26863 23962 1
26863 26859 1
26863 26860 1
26863 26861 1
26863 26862 1
26863 26864 1
26863 28079 1
26863 39658 1
26863 39661 1
26863 51622 1
3174 5897 1
3174 23962 1
3174 23967 1
3174 26863 1
23962 3174 1
23962 19326 1
23962 24686 1
23962 25133 1
23962 26863 1
23962 33098 1
26859 26860 1
26859 26861 1
26859 26862 1
26859 26863 1
26859 26864 1
26859 31483 1
26859 32168 1
26859 32839 1
26859 33084 1
26859 35724 1
26859 39658 1
26859 46726 1
26859 46727 1
26859 51622 1
26860 5952 1
26860 26045 1
26860 26859 1
26860 26861 1
26860 26862 1
26860 26863 1
26860 26864 1
26860 27271 1
26860 32770 1
26860 35910 1
26860 39658 1
26860 39661 1
26860 40403 1
26860 42903 1
26860 43852 1
26860 45001 1
26860 51622 1
26860 60629 1
26860 62855 1
26860 65345 1
26861 26859 1
26861 26860 1
26861 26862 1
26861 26863 1
26861 26864 1
26861 39658 1
26861 51622 1
26862 5950 1
26862 11305 1
26862 18772 1
26862 24688 1
26862 24690 1
26862 26859 1
26862 26860 1
26862 26861 1
26862 26863 1
26862 26864 1
26862 31611 1
26862 32838 1
26862 32839 1
26862 35906 1
26862 35910 1
26862 38928 1
26862 38929 1
26862 38930 1
26862 38932 1
26862 39658 1
26862 51622 1
26864 11298 1
26864 19502 1
26864 23601 1
26864 26859 1
26864 26860 1
26864 26861 1
26864 26862 1
26864 26863 1
26864 37174 1
26864 39658 1
26864 49930 1
26864 51622 1
26864 124908 1
28079 26863 1
28079 28078 1
28079 33584 1
39658 22050 1
39658 26859 1
39658 26860 1
39658 26861 1
39658 26862 1
39658 26863 1
39658 26864 1
39658 30247 1
39658 35727 1
39658 40399 1
39658 46727 1
39658 48505 1
39658 51622 1
39658 54671 1
39661 24305 1
39661 24307 1
39661 26045 1
39661 26501 1
39661 26845 1
39661 26860 1
39661 26863 1
39661 28536 1
39661 31144 1
39661 33226 1
39661 34451 1
39661 39517 1
39661 40446 1
39661 41017 1
39661 42903 1
39661 44349 1
39661 46726 1
39661 46826 1
39661 47227 1
39661 47883 1
39661 51072 1
39661 53426 1
39661 53948 1
39661 55908 1
39661 62855 1
39661 74061 1
51622 19719 1
51622 26859 1
51622 26860 1
51622 26861 1
51622 26862 1
51622 26863 1
51622 26864 1
51622 38557 1
51622 39658 1
51622 42011 1
51622 49159 1
51622 49986 1
51622 52474 1
51622 55181 1
5897 3174 1
23967 3174 1
23967 19312 1
23967 19313 1
23967 20817 1
23967 23412 1
23967 23971 1
23967 30407 1
19326 23962 1
19326 24686 1
19326 25133 1
19326 33098 1
24686 19326 1
24686 19506 1
24686 23962 1
24686 25133 1
24686 25543 1
24686 33098 1
24686 40399 1
25133 19326 1
25133 23962 1
25133 24686 1
25133 33098 1
33098 19326 1
33098 23962 1
33098 24686 1
33098 25133 1
31483 26859 1
31483 28536 1
31483 32168 1
31483 32839 1
31483 33084 1
31483 35724 1
31483 39098 1
31483 45270 1
31483 46726 1
31483 46727 3
31483 47237 1
31483 47238 1
31483 48983 1
31483 52195 1
32168 26859 1
32168 31483 1
32168 32839 1
32168 33084 1
32168 35724 1
32168 35909 1
32168 39524 1
32168 46726 1
32168 46727 1
32839 11305 1
32839 24688 1
32839 26859 1
32839 26862 1
32839 31483 1
32839 31611 1
32839 32168 1
32839 32838 1
32839 33084 1
32839 35724 1
32839 38928 1
32839 38929 1
32839 38930 1
32839 38932 1
32839 46726 1
32839 46727 1
33084 26859 1
33084 31483 1
33084 32168 1
33084 32839 1
33084 35724 1
33084 46726 1
33084 46727 1
35724 26859 1
35724 31483 1
35724 32168 1
35724 32839 1
35724 33084 1
35724 46726 1
35724 46727 1
46726 18813 1
46726 24276 1
46726 26501 1
46726 26859 1
46726 28535 1
46726 28536 1
46726 31144 1
46726 31483 1
46726 31930 1
46726 32168 1
46726 32604 1
46726 32839 1
46726 33084 1
46726 33226 1
46726 33730 1
46726 35724 1
46726 39517 1
46726 39524 1
46726 39661 1
46726 41017 1
46726 44349 1
46726 46727 1
46726 47246 1
46726 48505 1
46726 49985 1
46726 51072 1
46726 53426 1
46726 56898 1
46727 5904 1
46727 22050 1
46727 22490 1
46727 23265 1
46727 26859 1
46727 30247 1
46727 31483 3
46727 32168 1
46727 32839 1
46727 33084 1
46727 35724 1
46727 35727 1
46727 39658 1
46727 40399 1
46727 41017 1
46727 46726 1
46727 48505 1
46727 54671 1
5952 5950 1
5952 15729 1
5952 18803 1
5952 26860 1
5952 27888 2
5952 28536 1
5952 32604 1
5952 32838 1
5952 33805 1
5952 35910 1
5952 39092 1
5952 39519 1
5952 41017 1
5952 46747 1
5952 47227 1
5952 47229 1
5952 49921 1
5952 49989 1
5952 51007 1
5952 65345 1
26045 26860 1
26045 39661 1
26045 42903 1
26045 62855 1
27271 26860 1
27271 40399 1
27271 40403 1
27271 43852 1
27271 44812 1
27271 44814 1
27271 44815 1
27271 52573 1
27271 52593 1
27271 53492 1
27271 62430 1
32770 26860 1
32770 35910 1
32770 45001 1
32770 60629 1
35910 5950 1
35910 5952 1
35910 18772 1
35910 24690 1
35910 26845 1
35910 26860 1
35910 26862 1
35910 32770 1
35910 35906 1
35910 39092 1
35910 39519 1
35910 39524 1
35910 43007 1
35910 45001 1
35910 46747 1
35910 47227 1
35910 47229 1
35910 49330 1
35910 49989 1
35910 53948 1
35910 60629 1
35910 64506 1
40403 19506 1
40403 26860 1
40403 27271 1
40403 43852 1
42903 26045 1
42903 26860 1
42903 37755 1
42903 39661 1
42903 41249 1
42903 42902 1
42903 55118 1
42903 57894 1
42903 61483 1
42903 62855 1
43852 26860 1
43852 27271 1
43852 40403 1
45001 26860 1
45001 32770 1
45001 35910 1
45001 60629 1
45001 72406 1
45001 122274 1
60629 26860 1
60629 32770 1
60629 35910 1
60629 45001 1
62855 26045 1
62855 26845 1
62855 26860 1
62855 39661 1
62855 42903 1
65345 5952 1
65345 22049 1
65345 26860 1
65345 39519 1
65345 42470 1
65345 51007 1
65345 53534 1
65345 59015 1
65345 59689 1
65345 63421 1
65345 64602 1
65345 68749 1
65345 72794 1
65345 73160 1
5950 153 1
5950 5952 1
5950 11264 1
5950 15729 1
5950 15733 1
5950 18772 1
5950 18803 1
5950 23818 1
5950 24690 1
5950 26862 1
5950 27888 1
5950 28536 1
5950 32604 1
5950 32838 1
5950 33805 1
5950 35906 1
5950 35910 1
5950 39660 1
5950 41017 1
5950 43850 1
5950 51076 1
5950 82801 1
11305 24688 1
11305 26862 1
11305 31611 1
11305 32838 1
11305 32839 1
11305 38928 1
11305 38929 1
11305 38930 1
11305 38932 1
18772 5950 1
18772 18773 1
18772 24690 1
18772 26862 1
18772 35906 1
18772 35910 1
24688 3161 1
24688 11305 1
24688 15242 1
24688 19653 1
24688 26862 1
24688 27263 1
24688 28356 1
24688 31611 1
24688 32838 1
24688 32839 1
24688 33033 1
24688 33079 1
24688 35729 1
24688 38928 1
24688 38929 2
24688 38930 1
24688 38932 1
24688 39304 1
24688 41091 1
24690 5950 1
24690 18772 1
24690 26862 1
24690 35906 1
24690 35910 1
31611 11305 1
31611 24688 1
31611 26862 1
31611 32838 1
31611 32839 1
31611 38928 1
31611 38929 1
31611 38930 1
31611 38932 1
32838 5950 1
32838 5952 1
32838 11305 1
32838 15729 1
32838 18803 1
32838 24688 1
32838 26862 1
32838 27888 1
32838 28536 1
32838 31611 1
32838 32604 1
32838 32839 1
32838 33805 1
32838 38928 1
32838 38929 1
32838 38930 1
32838 38932 1
32838 41017 1
35906 5632 1
35906 5647 2
35906 5950 1
35906 18772 1
35906 24690 1
35906 26862 1
35906 31106 1
35906 32105 1
35906 33500 1
35906 35116 1
35906 35902 1
35906 35910 1
35906 38339 1
35906 48361 1
35906 49317 1
38928 11305 1
38928 24688 1
38928 26862 1
38928 31611 1
38928 32838 1
38928 32839 1
38928 38929 1
38928 38930 1
38928 38932 1
38929 11265 1
38929 11305 1
38929 15242 1
38929 21765 1
38929 21772 1
38929 21773 1
38929 24348 1
38929 24688 2
38929 26862 1
38929 28356 1
38929 31611 1
38929 32838 1
38929 32839 1
38929 33033 1
38929 33079 1
38929 35729 1
38929 38928 1
38929 38930 1
38929 38932 1
38929 39304 1
38929 41091 1
38930 11305 1
38930 24688 1
38930 26862 1
38930 31611 1
38930 32838 1
38930 32839 1
38930 38928 1
38930 38929 1
38930 38932 1
38932 3196 1
38932 11305 1
38932 19502 1
38932 24688 1
38932 26862 1
38932 31611 1
38932 32838 1
38932 32839 1
38932 35116 1
38932 36253 1
38932 38928 1
38932 38929 1
38932 38930 1
38932 39304 1
38932 42916 1
38932 43396 1
11298 19502 1
11298 23601 1
11298 26864 1
11298 37174 1
11298 49930 1
11298 124908 1
19502 11298 1
19502 23601 1
19502 26864 1
19502 27263 1
19502 28077 1
19502 34130 1
19502 37174 1
19502 38932 1
19502 49930 1
19502 60957 1
19502 124908 1
23601 11298 1
23601 19502 1
23601 26864 1
23601 37174 1
23601 49930 1
23601 124908 1
37174 11298 1
37174 19502 1
37174 23601 1
37174 26864 1
37174 49930 1
37174 124908 1
49930 11298 1
49930 19502 1
49930 23601 1
49930 26864 1
49930 37174 1
49930 46185 1
49930 124908 1
124908 11298 1
124908 19502 1
124908 23601 1
124908 26864 1
124908 37174 1
124908 49930 1
28078 28079 1
28078 33584 1
33584 28078 1
33584 28079 1
22050 24305 1
22050 30247 2
22050 35727 1
22050 39658 1
22050 40399 1
22050 46727 1
22050 48505 1
22050 53426 1
22050 54671 1
30247 22050 2
30247 24305 1
30247 35727 1
30247 39388 1
30247 39658 1
30247 40399 1
30247 46727 1
30247 47227 1
30247 48505 1
30247 51072 1
30247 53426 1
30247 54671 1
35727 22050 1
35727 30247 1
35727 32776 1
35727 33226 1
35727 39658 1
35727 40399 1
35727 46727 1
35727 48505 1
35727 54671 1
35727 55029 2
40399 19506 1
40399 22050 1
40399 24686 1
40399 25543 1
40399 27271 1
40399 30247 1
40399 35727 1
40399 39658 1
40399 46727 1
40399 48505 1
40399 54671 1
48505 22050 1
48505 27888 1
48505 28536 1
48505 30247 1
48505 35727 1
48505 39524 1
48505 39658 1
48505 40399 1
48505 46726 1
48505 46727 1
48505 54671 1
54671 22050 1
54671 24271 1
54671 26845 1
54671 30247 1
54671 35727 1
54671 39658 1
54671 40399 1
54671 46727 1
54671 48505 1
54671 53948 1
24305 22050 1
24305 26845 1
24305 30247 1
24305 30634 1
24305 32785 1
24305 33226 1
24305 39661 1
24305 41017 1
24305 53426 1
24305 53482 1
24305 55027 1
24305 56444 1
24307 32158 1
24307 33226 1
24307 39661 1
24307 40236 1
24307 46826 1
24307 47883 1
24307 50206 1
24307 53948 1
24307 54340 1
24307 55908 1
24307 74061 1
26501 28536 1
26501 31144 1
26501 33088 1
26501 33699 1
26501 33704 1
26501 39517 1
26501 39661 1
26501 44349 1
26501 44816 1
26501 46726 1
26501 46740 1
26501 51072 1
26501 53426 1
26501 64431 1
26845 24271 1
26845 24305 1
26845 30618 1
26845 33226 1
26845 35910 1
26845 39524 1
26845 39661 1
26845 41017 1
26845 43007 1
26845 47227 1
26845 47228 1
26845 53948 1
26845 54670 1
26845 54671 1
26845 54703 1
26845 62855 1
28536 5950 1
28536 5952 1
28536 15729 1
28536 18803 1
28536 26501 1
28536 27888 2
28536 31144 1
28536 31483 1
28536 32604 1
28536 32838 1
28536 33805 1
28536 39098 1
28536 39517 1
28536 39524 1
28536 39661 1
28536 41017 1
28536 44349 1
28536 45270 1
28536 46726 1
28536 48505 1
28536 48983 1
28536 49556 1
28536 49660 1
28536 51072 1
28536 52195 1
28536 53426 1
28536 54720 1
31144 26501 1
31144 28536 1
31144 39517 1
31144 39661 1
31144 44349 1
31144 46726 1
31144 51072 1
31144 53426 1
31144 70271 1
31144 71279 1
33226 24305 1
33226 24307 1
33226 26845 1
33226 32776 1
33226 35727 1
33226 39661 1
33226 41017 1
33226 46726 1
33226 53096 1
33226 55029 1
33226 60511 1
34451 26849 1
34451 39661 1
34451 40446 1
34451 47227 1
34451 57464 1
34451 58001 1
34451 96687 1
39517 26501 1
39517 28536 1
39517 31144 1
39517 39661 1
39517 44349 1
39517 46726 1
39517 51072 1
39517 53426 1
40446 34451 1
40446 39661 1
40446 47227 1
40446 51620 1
41017 5950 1
41017 5952 1
41017 15729 1
41017 18803 1
41017 18813 1
41017 24276 1
41017 24305 1
41017 26845 1
41017 27888 1
41017 28535 1
41017 28536 1
41017 31930 1
41017 32158 1
41017 32604 2
41017 32838 1
41017 33226 1
41017 33730 1
41017 33805 1
41017 39524 2
41017 39661 1
41017 39936 1
41017 46726 1
41017 46727 1
41017 47246 1
41017 49985 1
41017 53858 1
41017 54715 1
41017 56898 1
41017 58001 1
44349 26501 1
44349 28536 1
44349 31144 1
44349 39517 1
44349 39661 1
44349 46726 1
44349 51072 1
44349 53426 1
46826 24307 1
46826 39661 1
46826 47883 1
46826 53948 1
46826 55908 1
46826 74061 1
47227 5952 1
47227 26845 1
47227 26849 1
47227 30247 1
47227 30611 1
47227 34451 1
47227 35910 1
47227 39092 1
47227 39661 1
47227 40446 1
47227 46747 1
47227 47228 1
47227 47229 1
47227 49456 1
47227 49989 1
47227 123645 1
47883 24307 1
47883 35135 1
47883 39661 1
47883 46826 1
47883 53948 1
47883 55908 1
47883 67423 1
47883 74061 1
51072 26501 1
51072 28536 1
51072 30247 1
51072 31144 1
51072 39517 1
51072 39661 1
51072 44349 1
51072 46726 1
51072 53426 1
53426 22050 1
53426 24305 1
53426 26501 1
53426 28536 1
53426 30247 1
53426 31144 1
53426 39517 1
53426 39661 1
53426 40236 1
53426 44349 1
53426 46726 1
53426 51072 1
53948 24271 1
53948 24307 1
53948 26266 1
53948 26845 1
53948 35910 1
53948 39661 1
53948 40414 1
53948 46826 1
53948 47883 1
53948 54671 1
53948 55908 1
53948 60979 1
53948 74061 1
53948 85046 1
55908 24307 1
55908 39661 1
55908 44873 1
55908 46826 1
55908 47883 1
55908 51634 1
55908 53948 1
55908 63422 1
55908 65430 1
55908 74061 1
74061 24307 1
74061 39661 1
74061 46826 1
74061 47883 1
74061 53948 1
74061 55908 1
74061 74060 1
19719 38557 1
19719 42011 1
19719 49159 1
19719 49986 1
19719 51622 1
19719 52474 1
19719 55181 1
38557 19719 1
38557 42011 1
38557 49159 1
38557 49986 1
38557 51622 1
38557 52474 1
38557 55181 1
38557 57763 1
38557 57764 1
42011 19719 1
42011 38557 1
42011 49159 1
42011 49986 1
42011 51622 1
42011 52474 1
42011 55181 1
42011 60105 1
42011 60106 1
49159 19719 1
49159 38557 1
49159 42011 1
49159 49986 1
49159 51622 1
49159 52474 1
49159 55181 1
49986 19719 1
49986 38557 1
49986 42011 1
49986 49159 1
49986 51622 1
49986 52474 1
49986 55181 1
52474 3155 1
52474 19719 1
52474 25564 1
52474 28019 1
52474 28021 1
52474 32841 1
52474 35114 1
52474 36047 1
52474 38557 1
52474 41093 1
52474 42011 1
52474 43012 1
52474 47485 1
52474 49159 1
52474 49986 1
52474 51622 1
52474 55181 1
52474 56426 1
52474 69228 1
55181 19719 1
55181 38557 1
55181 42011 1
55181 49159 1
55181 49986 1
55181 51622 1
55181 52474 1
55181 52480 1
55181 55179 1
55181 55180 1
55181 55182 1
55181 55183 1
19312 19313 1
19312 20817 1
19312 23412 1
19312 23967 1
19313 19312 1
19313 20817 1
19313 23412 1
19313 23967 1
19313 127523 1
20817 19312 1
20817 19313 1
20817 23412 1
20817 23967 1
23412 19312 1
23412 19313 1
23412 20817 1
23412 23967 1
23971 23967 1
23971 30407 1
30407 3177 1
30407 6019 1
30407 6020 1
30407 23967 1
30407 23971 1
19506 24686 1
19506 25543 1
19506 40399 1
19506 40403 1
25543 5632 1
25543 19506 1
25543 24686 1
25543 40399 1
39098 28536 1
39098 31483 1
39098 45270 1
39098 48983 1
39098 52195 1
45270 28536 1
45270 31483 1
45270 39098 1
45270 48983 1
45270 52195 1
47237 31483 1
47237 47238 1
47238 31483 1
47238 47237 1
47238 54715 1
48983 28536 1
48983 31483 1
48983 39098 1
48983 45270 1
48983 52195 1
52195 28536 1
52195 31483 1
52195 39098 1
52195 45270 1
52195 48983 1
35909 32168 1
35909 39524 2
39524 18813 1
39524 24276 1
39524 26845 1
39524 27888 1
39524 28535 1
39524 28536 1
39524 31930 1
39524 32158 1
39524 32168 1
39524 32604 1
39524 33730 1
39524 35909 2
39524 35910 1
39524 41017 2
39524 43007 1
39524 46726 1
39524 47246 1
39524 48505 1
39524 49985 1
39524 56898 1
39524 58001 1
18813 24276 1
18813 28535 1
18813 31930 1
18813 32604 1
18813 33730 1
18813 39524 1
18813 41017 1
18813 46726 1
18813 47246 1
18813 49985 1
18813 56898 1
24276 18813 1
24276 28535 1
24276 31930 1
24276 32604 1
24276 33730 1
24276 39524 1
24276 41017 1
24276 46726 1
24276 47246 1
24276 49985 1
24276 56898 1
28535 18813 1
28535 24276 1
28535 31930 1
28535 32604 1
28535 33730 1
28535 39524 1
28535 41017 1
28535 46726 1
28535 47246 1
28535 49985 1
28535 56898 1
31930 18813 1
31930 24276 1
31930 28535 1
31930 32604 1
31930 33730 1
31930 39524 1
31930 41017 1
31930 46726 1
31930 47246 1
31930 49985 1
31930 56898 1
32604 5950 1
32604 5952 1
32604 15729 1
32604 18803 1
32604 18813 1
32604 24276 1
32604 27888 1
32604 28535 1
32604 28536 1
32604 31930 1
32604 32838 1
32604 33730 1
32604 33805 1
32604 39304 1
32604 39524 1
32604 41017 2
32604 43396 1
32604 46726 1
32604 47246 1
32604 49985 1
32604 56898 1
33730 18813 1
33730 24276 1
33730 28535 1
33730 31930 1
33730 32604 1
33730 39524 1
33730 41017 1
33730 46726 1
33730 47246 1
33730 49985 1
33730 56898 1
47246 18813 1
47246 24276 1
47246 28535 1
47246 31930 1
47246 32604 1
47246 33730 1
47246 39524 1
47246 41017 1
47246 46726 1
47246 49985 1
47246 56898 1
49985 18813 1
49985 24276 1
49985 28535 1
49985 31930 1
49985 32604 1
49985 33730 1
49985 39524 1
49985 41017 1
49985 46726 1
49985 47246 1
49985 56898 1
56898 18813 1
56898 24276 1
56898 28535 1
56898 31930 1
56898 32604 1
56898 33730 1
56898 39524 1
56898 41017 1
56898 46726 1
56898 47246 1
56898 49985 1
5904 22490 1
5904 23265 1
5904 46727 1
22490 5904 1
22490 23265 1
22490 46727 1
23265 5904 1
23265 22490 1
23265 46727 1
15729 5950 1
15729 5952 1
15729 18803 1
15729 27888 1
15729 28536 1
15729 32604 1
15729 32838 1
15729 33805 1
15729 41017 1
18803 5950 1
18803 5952 1
18803 15729 1
18803 27888 1
18803 28536 1
18803 32604 1
18803 32838 1
18803 33805 1
18803 41017 1
27888 5950 1
27888 5952 2
27888 15729 1
27888 18803 1
27888 28536 2
27888 32604 1
27888 32838 1
27888 33805 1
27888 39524 1
27888 41017 1
27888 48505 1
27888 49921 1
33805 5950 1
33805 5952 1
33805 15729 1
33805 18803 1
33805 27888 1
33805 28536 1
33805 32604 1
33805 32838 1
33805 41017 1
39092 5952 1
39092 35910 1
39092 46747 1
39092 47227 1
39092 47229 1
39092 49989 1
39519 5952 1
39519 26549 1
39519 35910 1
39519 41095 1
39519 51007 1
39519 65345 1
46747 5952 1
46747 35910 1
46747 39092 1
46747 47227 1
46747 47229 1
46747 49989 1
47229 5952 1
47229 35910 1
47229 39092 1
47229 46747 1
47229 47227 1
47229 49989 1
49921 5632 1
49921 5952 1
49921 27888 1
49921 39304 1
49989 5952 1
49989 18856 1
49989 31580 1
49989 35339 1
49989 35910 1
49989 39092 1
49989 46747 1
49989 47227 1
49989 47229 1
51007 5632 1
51007 5952 1
51007 39519 1
51007 61148 1
51007 65345 1
44812 27271 1
44812 44814 1
44812 44815 1
44812 53492 1
44812 62430 1
44814 27271 1
44814 44812 1
44814 44815 1
44814 53492 1
44814 62430 1
44815 27271 1
44815 31629 1
44815 44812 1
44815 44814 1
44815 53492 1
44815 62430 1
52573 27271 1
52573 39936 1
52573 47485 1
52573 52593 1
52593 27271 1
52593 52573 1
53492 27271 1
53492 44812 1
53492 44814 1
53492 44815 1
53492 62430 1
62430 27271 1
62430 44812 1
62430 44814 1
62430 44815 1
62430 53492 1
43007 26845 1
43007 35910 1
43007 39524 1
49330 35910 1
64506 35910 1
37755 41249 1
37755 42903 1
37755 55118 1
41249 37755 1
41249 42903 1
41249 55118 1
42902 42903 1
42902 57894 1
42902 61483 1
55118 37755 1
55118 41249 1
55118 42903 1
57894 42902 1
57894 42903 1
57894 61483 1
61483 42902 1
61483 42903 1
61483 57894 1
72406 45001 1
72406 122274 1
122274 45001 1
122274 72406 1
22049 42470 1
22049 53534 1
22049 59015 1
22049 65345 1
22049 68749 1
22049 73160 1
42470 22049 1
42470 53534 1
42470 59015 1
42470 65345 1
42470 68749 1
42470 73160 1
53534 22049 1
53534 42470 1
53534 59015 1
53534 65345 1
53534 68749 1
53534 73160 1
59015 22049 1
59015 42470 1
59015 53534 1
59015 65345 1
59015 68749 1
59015 73160 1
59689 63421 1
59689 64602 1
59689 65345 1
63421 59689 1
63421 64602 1
63421 65345 1
64602 59689 1
64602 63421 1
64602 65345 1
68749 22049 1
68749 42470 1
68749 53534 1
68749 59015 1
68749 65345 1
68749 73160 1
68749 77435 1
72794 65345 1
72794 72824 1
73160 22049 1
73160 42470 1
73160 53534 1
73160 59015 1
73160 65345 1
73160 68749 1
153 5950 1
153 15733 1
153 23818 1
153 43850 1
153 51076 1
153 82801 1
11264 5950 1
15733 153 1
15733 5950 1
15733 23818 1
15733 43850 1
15733 51076 1
15733 82801 1
23818 153 1
23818 5950 1
23818 15733 1
23818 43850 1
23818 51076 1
23818 82801 1
39660 5950 1
43850 153 1
43850 5950 1
43850 15733 1
43850 23818 1
43850 51076 1
43850 82801 1
51076 153 1
51076 5950 1
51076 15733 1
51076 23818 1
51076 43850 1
51076 82801 1
82801 153 1
82801 5950 1
82801 15733 1
82801 23818 1
82801 43850 1
82801 51076 1
18773 18772 1
3161 19653 1
3161 24688 1
3161 27263 1
15242 24688 1
15242 28356 1
15242 33033 1
15242 33079 1
15242 35729 1
15242 38929 1
15242 39304 1
15242 41091 1
19653 3161 1
19653 24688 1
19653 27263 1
27263 3161 1
27263 19502 1
27263 19653 1
27263 24688 1
27263 28077 1
27263 34130 1
28356 15242 1
28356 24688 1
28356 33033 1
28356 33079 1
28356 35729 1
28356 38929 1
28356 39304 1
28356 41091 1
33033 15242 1
33033 24688 1
33033 28356 1
33033 33079 1
33033 35729 1
33033 38929 1
33033 39304 1
33033 41091 1
33079 15242 1
33079 24688 1
33079 28356 1
33079 33033 1
33079 33500 1
33079 35729 1
33079 38929 1
33079 39304 1
33079 41091 1
35729 15242 1
35729 24688 1
35729 28356 1
35729 33033 1
35729 33079 1
35729 38929 1
35729 39304 1
35729 41091 1
39304 5632 1
39304 5647 1
39304 15242 1
39304 24688 1
39304 28356 1
39304 32604 1
39304 33033 1
39304 33079 1
39304 35116 1
39304 35729 1
39304 38929 1
39304 38932 1
39304 41091 1
39304 43396 1
39304 49921 1
41091 15242 1
41091 24688 1
41091 28356 1
41091 33033 1
41091 33079 1
41091 35729 1
41091 38929 1
41091 39304 1
5632 5647 1
5632 25543 1
5632 35906 1
5632 36047 1
5632 38339 1
5632 39304 1
5632 49921 1
5632 51007 1
5647 5632 1
5647 32105 1
5647 33500 1
5647 35116 1
5647 35902 1
5647 35906 2
5647 38339 1
5647 39304 1
5647 48361 1
5647 49317 1
31106 35906 1
32105 5647 1
32105 25564 1
32105 33500 2
32105 35116 1
32105 35902 1
32105 35906 1
32105 48361 1
32105 49317 1
33500 5647 1
33500 25564 1
33500 32105 2
33500 33079 1
33500 35116 1
33500 35902 1
33500 35906 1
33500 48361 1
33500 49317 1
35116 5647 1
35116 32105 1
35116 33500 1
35116 35902 1
35116 35906 1
35116 38932 1
35116 39304 1
35116 48361 1
35116 49317 1
35902 5647 1
35902 32105 1
35902 33500 1
35902 35116 1
35902 35906 1
35902 48361 1
35902 49317 1
38339 5632 1
38339 5647 1
38339 35906 1
38339 43396 1
48361 5647 1
48361 32105 1
48361 33500 1
48361 35116 1
48361 35902 1
48361 35906 1
48361 49317 1
49317 5647 1
49317 32105 1
49317 33500 1
49317 35116 1
49317 35902 1
49317 35906 1
49317 48361 1
11265 21765 1
11265 21772 1
11265 21773 1
11265 38929 1
21765 11265 1
21765 21772 1
21765 21773 1
21765 38929 1
21772 11265 1
21772 21765 1
21772 21773 1
21772 38929 1
21773 11265 1
21773 21765 1
21773 21772 1
21773 38929 1
24348 38929 1
3196 38932 1
3196 52399 1
3196 52400 1
36253 38932 1
36253 42916 1
36253 43396 1
42916 36253 1
42916 38932 1
42916 43396 1
43396 32604 1
43396 36253 1
43396 38339 1
43396 38932 1
43396 39304 1
43396 42916 1
28077 19502 1
28077 27263 1
28077 34130 1
34130 19502 1
34130 27263 1
34130 28077 1
60957 19502 1
46185 49930 1
39388 30247 1
32776 33226 1
32776 35727 1
32776 55029 1
55029 32776 1
55029 33226 1
55029 35727 2
24271 26845 1
24271 53948 1
24271 54671 1
30634 24305 1
30634 53482 1
30634 55027 1
32785 24305 1
53482 24305 1
53482 30634 1
53482 55027 1
55027 24305 1
55027 30634 1
55027 53482 1
56444 24305 1
56444 58001 1
32158 24307 1
32158 39524 1
32158 41017 1
32158 50206 1
32158 58001 1
40236 24307 1
40236 29753 1
40236 53426 1
40236 54340 1
50206 24307 1
50206 32158 1
54340 24307 1
54340 40236 1
33088 26501 1
33088 33699 1
33088 33704 1
33088 44816 1
33088 46740 1
33088 64431 1
33699 26501 1
33699 33088 1
33699 33704 1
33699 44816 1
33699 46740 1
33699 64431 1
33704 26501 1
33704 33088 1
33704 33699 1
33704 44816 1
33704 46740 1
33704 64431 1
44816 26501 1
44816 33088 1
44816 33699 1
44816 33704 1
44816 46740 1
44816 64431 1
46740 26501 1
46740 33088 1
46740 33699 1
46740 33704 1
46740 44816 1
46740 64431 1
64431 26501 1
64431 33088 1
64431 33699 1
64431 33704 1
64431 44816 1
64431 46740 1
64431 75575 1
30618 26845 1
30618 54703 1
47228 26845 1
47228 47227 1
54670 26845 1
54703 26845 1
54703 30618 1
49556 28536 1
49556 49660 1
49660 28536 1
49660 49556 1
54720 28536 1
70271 31144 1
70271 71279 1
71279 31144 1
71279 70271 1
53096 33226 1
53096 60511 1
60511 33226 1
60511 53096 1
26849 34451 1
26849 47227 1
57464 34451 1
57464 58001 1
57464 88599 1
58001 32158 1
58001 34451 1
58001 39524 1
58001 41017 1
58001 56444 1
58001 57464 1
96687 34451 1
51620 40446 1
39936 41017 1
39936 47485 1
39936 52573 1
53858 41017 1
54715 41017 1
54715 47238 1
30611 47227 1
49456 47227 1
123645 47227 1
35135 47883 1
35135 67423 1
67423 35135 1
67423 47883 1
26266 40414 1
26266 53948 1
40414 26266 1
40414 53948 1
60979 47496 1
60979 53948 1
60979 60328 1
60979 85046 1
85046 53948 1
85046 60979 1
85046 95846 1
44873 55908 1
44873 63422 1
44873 65430 1
51634 55908 1
51634 57585 1
63422 44873 1
63422 55908 1
63422 65430 1
63422 65933 1
65430 44873 1
65430 55908 1
65430 63422 1
74060 74061 1
57763 38557 1
57763 57764 1
57764 38557 1
57764 57763 1
60105 42011 1
60105 60106 1
60106 42011 1
60106 60105 1
3155 13111 1
3155 18855 1
3155 25564 1
3155 25883 1
3155 28019 1
3155 28021 1
3155 31218 1
3155 35114 1
3155 52474 1
3155 69228 1
25564 3155 1
25564 28019 1
25564 28021 1
25564 32105 1
25564 33500 1
25564 35114 1
25564 52474 1
25564 69228 1
28019 3155 1
28019 25564 1
28019 28021 1
28019 35114 1
28019 52474 1
28019 69228 1
28021 3155 1
28021 25564 1
28021 28019 1
28021 35114 1
28021 52474 1
28021 69228 1
32841 36047 1
32841 41093 1
32841 43012 1
32841 47485 1
32841 52474 1
32841 56426 1
35114 3155 1
35114 25564 1
35114 28019 1
35114 28021 1
35114 52474 1
35114 69228 1
36047 5632 1
36047 32841 1
36047 41093 1
36047 41098 1
36047 43012 1
36047 47485 1
36047 52474 1
36047 56426 1
41093 32841 1
41093 36047 1
41093 43012 1
41093 44818 1
41093 47485 1
41093 52474 1
41093 56426 1
43012 32841 1
43012 36047 1
43012 41093 1
43012 47485 1
43012 52474 1
43012 56426 1
47485 32841 1
47485 36047 1
47485 39936 1
47485 41093 1
47485 43012 1
47485 52474 1
47485 52573 1
47485 56426 1
56426 32841 1
56426 36047 1
56426 41093 1
56426 43012 1
56426 47485 1
56426 52474 1
69228 3155 1
69228 25564 1
69228 28019 1
69228 28021 1
69228 35114 1
69228 52474 1
52480 55179 1
52480 55180 1
52480 55181 1
52480 55182 1
52480 55183 1
55179 52480 1
55179 55180 1
55179 55181 1
55179 55182 1
55179 55183 1
55180 52480 1
55180 55179 1
55180 55181 1
55180 55182 1
55180 55183 1
55182 52480 1
55182 55179 1
55182 55180 1
55182 55181 1
55182 55183 1
55183 52480 1
55183 55179 1
55183 55180 1
55183 55181 1
55183 55182 1
13111 3155 1
13111 18855 1
13111 25883 1
18855 3155 1
18855 13111 1
18855 25883 1
25883 3155 1
25883 13111 1
25883 18855 1
31218 3155 1
41098 36047 1
44818 30574 1
44818 41093 1
57585 51634 1
65933 63422 1
47496 60328 1
47496 60979 1
60328 47496 1
60328 60979 1
95846 85046 1
29753 40236 1
18856 31580 1
18856 35339 1
18856 49989 1
31580 18856 1
31580 35339 1
31580 49989 1
35339 18856 1
35339 31580 1
35339 49989 1
88599 57464 1
75575 64431 1
52399 3196 1
52399 52400 1
52400 3196 1
52400 52399 1
26549 39519 1
26549 41095 1
41095 26549 1
41095 39519 1
61148 51007 1
77435 68749 1
72824 72794 1
31629 44815 1
127523 19313 1
127523 24899 1
3177 6019 1
3177 6020 1
3177 30407 1
6019 3177 1
6019 6020 1
6019 30407 1
6020 3177 1
6020 6019 1
6020 30407 1
30574 44818 1
24899 127523 1
