118200 119059 1
119059 46039 1
119059 72107 1
119059 78350 1
119059 108183 1
119059 108402 1
119059 111100 1
119059 115143 1
119059 118200 1
119059 118520 1
46039 69769 1
46039 76527 1
46039 77583 1
46039 78350 1
46039 89094 1
46039 92727 2
46039 95672 1
46039 101090 1
46039 103821 1
46039 107116 1
46039 108183 1
46039 109016 1
46039 119059 1
72107 51218 1
72107 51219 1
72107 51345 1
72107 51461 1
72107 52862 1
72107 55902 1
72107 61324 1
72107 67781 1
72107 69279 1
72107 69987 1
72107 70246 1
72107 78486 1
72107 79147 1
72107 81172 1
72107 83949 1
72107 84239 1
72107 87909 1
72107 90724 1
72107 92204 1
72107 95308 1
72107 101773 1
72107 104886 1
72107 107881 1
72107 107968 1
72107 119059 1
72107 119362 1
78350 46039 1
78350 53586 1
78350 59071 2
78350 63459 1
78350 63465 1
78350 65390 1
78350 66365 1
78350 66531 1
78350 68933 1
78350 76004 1
78350 83814 1
78350 85884 1
78350 87368 1
78350 88369 1
78350 89494 1
78350 107881 1
78350 108183 2
78350 109034 1
78350 119059 1
108183 45729 1
108183 46039 1
108183 57291 1
108183 65193 1
108183 69388 1
108183 78350 2
108183 80077 1
108183 82857 1
108183 89871 1
108183 92371 1
108183 97944 1
108183 99233 1
108183 105974 1
108183 108178 2
108183 108181 1
108183 108184 2
108183 113042 1
108183 119059 1
108402 98359 1
108402 104399 1
108402 115143 1
108402 119059 1
111100 119059 1
115143 94240 1
115143 102647 1
115143 102953 1
115143 105135 1
115143 108402 1
115143 112108 1
115143 112109 1
115143 115144 2
115143 119059 1
115143 119286 1
118520 87289 1
118520 98330 1
118520 98332 1
118520 100129 1
118520 102433 1
118520 119059 1
118520 119303 1
69769 46039 1
69769 67825 1
69769 67826 1
69769 76527 1
69769 84932 1
69769 93949 1
69769 95672 1
69769 95757 1
69769 96483 1
69769 101090 1
69769 109016 1
76527 32901 1
76527 46039 1
76527 69769 1
76527 92057 1
76527 95672 1
76527 101090 1
76527 109016 1
77583 46039 1
77583 52806 1
77583 57647 1
77583 103821 1
89094 46039 1
92727 38600 1
92727 46039 2
92727 50608 1
92727 104056 1
92727 107116 1
92727 109182 2
95672 46039 1
95672 69769 1
95672 76527 1
95672 101090 1
95672 109016 1
101090 46039 1
101090 69769 1
101090 70857 1
101090 74639 1
101090 76527 1
101090 79244 1
101090 86654 1
101090 88833 1
101090 88903 1
101090 90659 1
101090 90666 1
101090 95672 1
101090 96101 1
101090 106040 1
101090 109016 1
101090 110806 1
103821 46039 1
103821 77583 1
107116 46039 1
107116 61412 1
107116 92727 1
107116 93283 1
107116 103747 1
107116 105987 1
107116 106179 1
107116 106620 1
109016 46039 1
109016 69769 1
109016 76527 1
109016 95672 1
109016 101090 1
51218 44966 1
51218 51219 1
51218 51221 1
51218 52862 1
51218 55902 1
51218 72107 1
51219 51218 1
51219 52862 1
51219 55902 1
51219 72107 1
51345 42305 1
51345 42444 1
51345 46095 1
51345 51461 1
51345 61324 1
51345 72107 1
51345 84031 1
51345 84239 1
51345 84888 1
51345 87909 1
51345 90724 1
51345 96781 1
51345 102471 1
51345 105002 1
51345 107199 1
51345 107538 1
51461 51345 1
51461 61324 1
51461 72107 1
51461 84239 1
51461 87909 1
51461 90724 1
52862 51218 1
52862 51219 1
52862 55902 1
52862 72107 1
52862 86861 1
52862 105911 1
52862 111480 1
55902 51218 1
55902 51219 1
55902 52862 1
55902 72107 1
61324 51345 1
61324 51461 1
61324 72107 1
61324 84239 1
61324 87909 1
61324 90724 1
67781 64479 1
67781 72107 1
67781 80072 1
67781 91073 1
67781 92204 1
67781 93931 1
67781 95308 1
67781 98400 1
67781 103101 1
67781 104886 1
69279 36667 1
69279 72107 1
69987 42413 1
69987 51545 1
69987 52633 1
69987 61663 1
69987 62263 1
69987 70246 1
69987 72107 1
69987 79147 1
69987 81279 1
69987 96890 1
69987 123821 1
70246 69987 1
70246 72107 1
70246 79147 1
78486 71043 1
78486 72107 1
78486 83949 1
78486 98038 1
78486 103338 1
78486 105761 1
78486 110704 1
78486 119362 1
79147 69987 1
79147 70246 1
79147 72107 1
79147 83854 1
79147 93262 1
81172 26769 1
81172 55508 1
81172 72107 1
81172 75544 1
81172 82826 1
81172 118611 1
83949 72107 1
83949 78486 1
83949 103338 1
84239 51345 1
84239 51461 1
84239 61324 1
84239 72107 1
84239 81631 1
84239 87351 1
84239 87647 1
84239 87909 1
84239 90724 1
84239 92139 1
84239 97462 1
87909 51345 1
87909 51461 1
87909 55449 1
87909 61324 1
87909 72107 1
87909 84239 1
87909 90724 1
90724 51345 1
90724 51461 1
90724 61324 1
90724 72107 1
90724 84239 1
90724 87909 1
90724 90726 1
90724 90728 1
90724 92204 1
92204 51550 1
92204 55546 1
92204 57373 1
92204 61412 1
92204 63929 1
92204 65193 1
92204 67781 1
92204 72107 1
92204 74217 1
92204 82834 1
92204 89215 1
92204 90724 1
92204 90726 1
92204 90728 1
92204 95308 1
92204 95757 1
92204 98955 1
92204 101507 1
92204 102433 2
92204 104886 1
95308 67781 1
95308 72107 1
95308 92204 1
95308 104886 1
101773 72107 1
104886 57667 1
104886 64323 1
104886 67781 1
104886 72107 1
104886 72139 1
104886 78703 1
104886 92204 1
104886 95308 1
104886 102433 1
104886 106216 1
107881 46089 1
107881 72107 1
107881 78350 1
107968 16796 1
107968 72107 1
107968 80760 1
107968 83043 1
107968 86774 1
119362 72107 1
119362 78486 1
119362 98038 1
119362 110704 1
119362 119374 1
119362 124606 2
53586 63459 1
53586 63465 1
53586 66531 2
53586 76004 1
53586 78350 1
53586 83814 2
53586 88369 1
53586 109034 1
59071 66365 1
59071 78350 2
59071 85884 1
59071 89494 1
59071 100443 1
59071 111104 1
63459 53586 1
63459 63465 1
63459 66531 1
63459 76004 1
63459 78350 1
63459 83814 1
63459 88369 1
63459 109034 1
63465 53586 1
63465 62754 1
63465 63459 1
63465 63463 9
63465 63467 11
63465 63468 13
63465 63469 10
63465 66531 1
63465 72948 1
63465 76004 1
63465 77707 1
63465 77716 1
63465 77717 1
63465 77726 1
63465 77736 1
63465 78350 1
63465 81007 1
63465 83814 1
63465 88369 1
63465 90195 1
63465 90197 2
63465 93051 1
63465 95241 1
63465 97508 1
63465 100022 1
63465 103255 1
63465 109034 1
63465 115333 1
63465 116684 1
63465 117385 1
63465 117570 1
63465 122834 1
63465 127628 1
65390 68933 1
65390 78350 1
66365 59071 1
66365 67899 1
66365 78350 1
66365 85884 1
66365 89494 1
66365 90673 1
66365 114592 1
66365 118878 1
66531 53586 2
66531 54595 1
66531 63459 1
66531 63465 1
66531 72002 1
66531 76004 1
66531 77329 1
66531 78350 1
66531 83814 1
66531 88369 1
66531 109034 1
66531 123114 1
66531 126504 1
68933 54889 1
68933 58011 1
68933 64459 1
68933 65390 1
68933 66961 1
68933 76000 1
68933 77752 1
68933 78350 1
68933 85345 1
68933 119937 1
68933 119938 1
68933 119940 1
76004 53586 1
76004 63459 1
76004 63465 1
76004 66531 1
76004 78350 1
76004 83814 1
76004 88369 1
76004 109034 1
83814 53586 2
83814 63459 1
83814 63465 1
83814 65402 1
83814 66531 1
83814 66542 1
83814 68934 1
83814 69222 1
83814 71887 1
83814 72947 1
83814 72948 2
83814 76004 1
83814 78350 1
83814 83813 1
83814 88369 1
83814 109034 1
85884 59071 1
85884 66365 1
85884 78350 1
85884 83065 1
85884 89494 1
87368 78350 1
87368 79297 1
87368 91352 1
87368 103463 1
87368 115731 1
88369 46711 1
88369 53586 1
88369 63459 1
88369 63465 1
88369 66531 1
88369 76004 1
88369 78350 1
88369 83814 1
88369 88368 1
88369 109034 1
88369 110754 1
89494 58541 1
89494 59071 1
89494 66365 1
89494 78350 1
89494 85884 1
89494 96069 1
89494 117126 1
109034 53586 1
109034 63459 1
109034 63465 1
109034 66531 1
109034 76004 1
109034 78350 1
109034 83814 1
109034 88369 1
109034 116683 1
45729 52606 1
45729 76621 1
45729 79372 1
45729 79438 1
45729 97944 1
45729 102180 1
45729 108178 1
45729 108181 1
45729 108183 1
45729 108184 1
57291 57290 1
57291 86470 1
57291 97514 1
57291 104314 1
57291 108183 1
57291 110561 1
57291 110562 1
57291 110563 1
57291 110564 1
57291 110565 1
57291 112129 1
65193 69388 1
65193 79297 1
65193 79879 1
65193 80077 1
65193 82857 1
65193 87289 1
65193 89215 1
65193 89871 1
65193 92204 1
65193 92371 1
65193 93113 1
65193 100030 1
65193 101507 1
65193 105974 1
65193 108183 1
65193 109191 1
65193 113042 1
69388 65193 1
69388 80077 1
69388 82857 1
69388 89871 1
69388 92097 1
69388 92371 1
69388 105974 1
69388 108183 1
69388 113042 1
80077 46002 1
80077 65193 1
80077 69388 1
80077 80596 1
80077 82383 1
80077 82857 1
80077 88418 1
80077 89871 1
80077 92371 1
80077 96911 1
80077 105974 1
80077 108183 1
80077 113042 1
82857 65193 1
82857 69388 1
82857 80077 1
82857 89871 1
82857 92371 1
82857 105974 1
82857 108183 1
82857 113042 1
89871 51409 1
89871 65193 1
89871 69388 1
89871 80077 1
89871 82857 1
89871 92371 1
89871 105974 1
89871 108183 1
89871 113042 1
92371 65193 1
92371 69388 1
92371 80077 1
92371 82857 1
92371 89871 1
92371 105974 1
92371 108183 1
92371 113042 1
97944 45729 1
97944 108178 1
97944 108181 1
97944 108183 1
97944 108184 1
99233 57364 1
99233 108183 1
99233 114156 1
105974 65193 1
105974 69388 1
105974 80077 1
105974 82857 1
105974 89871 1
105974 92371 1
105974 97112 1
105974 108183 1
105974 113042 1
108178 45729 1
108178 70836 1
108178 78510 1
108178 79749 1
108178 79750 1
108178 79751 1
108178 81020 1
108178 87271 1
108178 89674 1
108178 92246 1
108178 97197 1
108178 97944 1
108178 102471 1
108178 103286 1
108178 108181 1
108178 108183 2
108178 108184 1
108178 114408 1
108178 118921 1
108181 45729 1
108181 97944 1
108181 108178 1
108181 108183 1
108181 108184 1
108184 45729 1
108184 97944 1
108184 108178 1
108184 108181 1
108184 108183 2
113042 65193 1
113042 69388 1
113042 80077 1
113042 82857 1
113042 89871 1
113042 92371 1
113042 94894 1
113042 99585 1
113042 105974 1
113042 108183 1
113042 113039 1
113042 115452 1
98359 93098 1
98359 104399 1
98359 108402 1
104399 73166 1
104399 86452 1
104399 92076 3
104399 92077 1
104399 95038 2
104399 98359 1
104399 104400 1
104399 107780 1
104399 107784 2
104399 107789 1
104399 108402 1
104399 117284 1
94240 63808 1
94240 63809 1
94240 65141 1
94240 68252 1
94240 75946 1
94240 81052 1
94240 81053 1
94240 81074 1
94240 82776 1
94240 94246 1
94240 97158 1
94240 101017 1
94240 102953 1
94240 109181 1
94240 115143 1
94240 120978 1
102647 55361 1
102647 55379 1
102647 60581 1
102647 66171 1
102647 67218 1
102647 71498 1
102647 76779 1
102647 81704 1
102647 84278 1
102647 85309 1
102647 86023 1
102647 87412 1
102647 90164 1
102647 97304 1
102647 98000 1
102647 99174 1
102647 99493 1
102647 99969 1
102647 101242 1
102647 102953 1
102647 105135 1
102647 111299 1
102647 115143 1
102647 115144 1
102647 116000 1
102647 119505 1
102953 54688 1
102953 54698 1
102953 86339 1
102953 94066 1
102953 94240 1
102953 102647 1
102953 105135 1
102953 109181 1
102953 115143 1
102953 115144 1
105135 35933 1
105135 55361 1
105135 62869 1
105135 101211 1
105135 102647 1
105135 102953 1
105135 107028 1
105135 115143 1
105135 115144 1
105135 116571 1
112108 112109 1
112108 115143 1
112108 119286 1
112109 84463 1
112109 112108 1
112109 115143 1
112109 116839 1
112109 119286 1
115144 102647 1
115144 102953 1
115144 105135 1
115144 115143 2
119286 73632 1
119286 101338 1
119286 112108 1
119286 112109 1
119286 115143 1
119286 121375 1
87289 52716 1
87289 65193 1
87289 72235 1
87289 75231 1
87289 79297 1
87289 84031 1
87289 84196 1
87289 93113 1
87289 98330 1
87289 98332 1
87289 100030 1
87289 100129 1
87289 106248 1
87289 110592 1
87289 111321 1
87289 112029 1
87289 118520 1
87289 119303 1
98330 54982 1
98330 81643 1
98330 83854 1
98330 87289 1
98330 92895 1
98330 98332 1
98330 100129 1
98330 118520 1
98330 119303 1
98332 48743 1
98332 87289 1
98332 98330 1
98332 99577 1
98332 100129 1
98332 108459 1
98332 117807 1
98332 118520 1
98332 119303 1
100129 87289 1
100129 98330 1
100129 98332 1
100129 118520 1
100129 119303 1
102433 35217 1
102433 48837 1
102433 72281 1
102433 75558 1
102433 79790 1
102433 81940 1
102433 87027 1
102433 89503 1
102433 89958 1
102433 92204 2
102433 94909 1
102433 97189 1
102433 100352 1
102433 104555 1
102433 104886 1
102433 107060 1
102433 117772 1
102433 118520 1
119303 75231 1
119303 87289 1
119303 98330 1
119303 98332 1
119303 100129 1
119303 118520 1
119303 118878 1
67825 67826 1
67825 69769 1
67825 93949 1
67826 67825 1
67826 69769 1
67826 93949 1
84932 69769 1
84932 95757 1
84932 96483 1
93949 67825 1
93949 67826 1
93949 69769 1
95757 63929 1
95757 69769 1
95757 84932 1
95757 88903 1
95757 92204 1
95757 96483 1
95757 98955 1
96483 69769 1
96483 84932 1
96483 95757 1
32901 76527 1
92057 76527 1
52806 57647 1
52806 77583 1
52806 81643 1
57647 52806 1
57647 77583 1
38600 50608 1
38600 92727 1
50608 38600 1
50608 92727 1
104056 92727 1
104056 109182 1
109182 92727 2
109182 104056 1
70857 101090 1
74639 88833 1
74639 101090 1
79244 101090 1
86654 101090 1
86654 106040 1
86654 110806 1
88833 74639 1
88833 101090 1
88903 95757 1
88903 101090 1
90659 90666 1
90659 101090 1
90666 90659 1
90666 101090 1
96101 101090 1
106040 86654 1
106040 101090 1
106040 110806 1
110806 86654 1
110806 101090 1
110806 106040 1
61412 74217 1
61412 92204 1
61412 106179 1
61412 107116 1
93283 107116 1
103747 107116 1
105987 54982 1
105987 82383 2
105987 107116 1
106179 61412 1
106179 107116 1
106620 107116 1
44966 51218 1
44966 51221 1
51221 44966 1
51221 51218 1
42305 46095 1
42305 51345 1
42305 84888 1
42444 51345 1
46095 42305 1
46095 51345 1
46095 84888 1
84031 51345 1
84031 84196 1
84031 87289 1
84888 36667 1
84888 42305 1
84888 46095 1
84888 51345 1
96781 51345 1
96781 110941 1
102471 51345 1
102471 78510 1
102471 103286 1
102471 107199 1
102471 107538 1
102471 108178 1
105002 51345 1
107199 51345 1
107199 102471 1
107199 107538 1
107538 51345 1
107538 102471 1
107538 107199 1
86861 52862 1
86861 111480 1
86861 123729 1
105911 52862 1
111480 52862 1
111480 86861 1
64479 67781 1
64479 80072 1
64479 91073 1
64479 93931 1
80072 64479 1
80072 67781 1
80072 91073 1
80072 93931 1
80072 103286 1
91073 64479 1
91073 67781 1
91073 80072 1
91073 93931 1
93931 64479 1
93931 67781 1
93931 80072 1
93931 91073 1
98400 67781 1
103101 67781 1
36667 69279 1
36667 84888 1
42413 62263 1
42413 69987 1
42413 123821 1
51545 69987 1
51545 84196 1
51545 96890 1
52633 61663 1
52633 69987 1
61663 52633 1
61663 69987 1
62263 42413 1
62263 69987 1
62263 123821 1
81279 69987 1
81279 103463 1
96890 51545 1
96890 69987 1
123821 42413 1
123821 62263 1
123821 69987 1
71043 78486 1
98038 78486 1
98038 92569 1
98038 110704 1
98038 119362 1
103338 78486 1
103338 83949 1
105761 73749 1
105761 78486 1
105761 93079 1
110704 75231 1
110704 78486 1
110704 98038 1
110704 119362 1
83854 79147 1
83854 92895 1
83854 93262 1
83854 98330 1
93262 79147 1
93262 83854 1
26769 51409 1
26769 75544 1
26769 81172 1
55508 81172 1
75544 26769 1
75544 81172 1
82826 81172 1
118611 81172 1
81631 84239 1
81631 87647 1
87351 84239 1
87351 92139 1
87351 97462 1
87647 81631 1
87647 84239 1
92139 84239 1
92139 87351 1
92139 97462 1
97462 84239 1
97462 87351 1
97462 92139 1
55449 87909 1
90726 90724 1
90726 90728 1
90726 92204 1
90728 90724 1
90728 90726 1
90728 92204 1
51550 55546 1
51550 57373 1
51550 82834 1
51550 92204 1
55546 50329 1
55546 51550 1
55546 57373 1
55546 82834 1
55546 92204 1
57373 51550 1
57373 55546 1
57373 82834 1
57373 92204 1
63929 72281 1
63929 92204 1
63929 95757 1
63929 98955 1
74217 61412 1
74217 92204 1
82834 51550 1
82834 55546 1
82834 57373 1
82834 92204 1
89215 65193 1
89215 92204 1
89215 100678 1
89215 101507 1
98955 63929 1
98955 92204 1
98955 95757 1
98955 112696 1
101507 65193 1
101507 89215 1
101507 92204 1
57667 64323 1
57667 72139 1
57667 104886 1
64323 57667 1
64323 72139 1
64323 104886 1
72139 57667 1
72139 64323 1
72139 104886 1
78703 104886 1
78703 106216 1
106216 78703 1
106216 104886 1
46089 107881 1
16796 107968 1
80760 83043 1
80760 86774 1
80760 107968 1
83043 80760 1
83043 86774 1
83043 107968 1
86774 80760 1
86774 83043 1
86774 107968 1
119374 119099 1
119374 119362 1
119374 124606 1
124606 119362 2
124606 119374 1
100443 59071 1
111104 59071 1
62754 63463 1
62754 63465 1
62754 63468 1
62754 72948 1
62754 93051 1
62754 103255 1
63463 62754 1
63463 63465 9
63463 63467 5
63463 63468 6
63463 63469 4
63463 77716 1
63463 77717 1
63463 77736 1
63463 81007 1
63463 90195 1
63463 90197 1
63463 93051 1
63463 103255 1
63463 117570 1
63463 127628 1
63467 63463 5
63467 63465 11
63467 63468 11
63467 63469 7
63467 77707 1
63467 77716 2
63467 77717 1
63467 77726 1
63467 77736 1
63467 90195 1
63467 90197 1
63467 95241 1
63467 97508 2
63467 117570 1
63467 122834 1
63467 127628 1
63468 62754 1
63468 63463 6
63468 63465 13
63468 63467 11
63468 63469 9
63468 77707 1
63468 77716 1
63468 77717 1
63468 77726 1
63468 77736 1
63468 90195 1
63468 90197 1
63468 93051 2
63468 95241 1
63468 97508 1
63468 116684 1
63468 117570 1
63468 122834 1
63468 127628 1
63469 63463 4
63469 63465 10
63469 63467 7
63469 63468 9
63469 77707 1
63469 77726 1
63469 93051 1
63469 95241 1
63469 97508 1
63469 116684 1
63469 117570 1
63469 127628 1
72948 62754 1
72948 63465 1
72948 65402 1
72948 66542 1
72948 68934 1
72948 72947 1
72948 83814 2
72948 90197 1
72948 93051 1
72948 117385 1
72948 122834 1
77707 63465 1
77707 63467 1
77707 63468 1
77707 63469 1
77716 63463 1
77716 63465 1
77716 63467 2
77716 63468 1
77716 74429 1
77716 77717 1
77716 77736 1
77716 90195 1
77716 90197 1
77717 63463 1
77717 63465 1
77717 63467 1
77717 63468 1
77717 77716 1
77717 77736 2
77717 90195 1
77717 90197 1
77717 97508 1
77726 63465 1
77726 63467 1
77726 63468 1
77726 63469 1
77726 95241 1
77736 63463 1
77736 63465 1
77736 63467 1
77736 63468 1
77736 77716 1
77736 77717 2
77736 90195 1
77736 90197 1
81007 63463 1
81007 63465 1
81007 103255 1
90195 63463 1
90195 63465 1
90195 63467 1
90195 63468 1
90195 77716 1
90195 77717 1
90195 77736 1
90195 90197 1
90197 63463 1
90197 63465 2
90197 63467 1
90197 63468 1
90197 72948 1
90197 77716 1
90197 77717 1
90197 77736 1
90197 90195 1
90197 115333 1
90197 117385 1
90197 122834 1
93051 62754 1
93051 63463 1
93051 63465 1
93051 63468 2
93051 63469 1
93051 72948 1
93051 116684 1
95241 63465 1
95241 63467 1
95241 63468 1
95241 63469 1
95241 77726 1
97508 63465 1
97508 63467 2
97508 63468 1
97508 63469 1
97508 77717 1
100022 63465 1
100022 115333 1
100022 117385 1
100022 117570 1
103255 62754 1
103255 63463 1
103255 63465 1
103255 81007 1
103255 115333 1
115333 63465 1
115333 90197 1
115333 100022 1
115333 103255 1
115333 117385 1
116684 63465 1
116684 63468 1
116684 63469 1
116684 93051 1
117385 63465 1
117385 72948 1
117385 90197 1
117385 100022 1
117385 115333 1
117385 122834 1
117570 63463 1
117570 63465 1
117570 63467 1
117570 63468 1
117570 63469 1
117570 100022 1
122834 63465 1
122834 63467 1
122834 63468 1
122834 72948 1
122834 90197 1
122834 117385 1
127628 63463 1
127628 63465 1
127628 63467 1
127628 63468 1
127628 63469 1
67899 66365 1
90673 66365 1
114592 66365 1
118878 66365 1
118878 75231 1
118878 119303 1
54595 66531 1
54595 72002 1
54595 77329 1
54595 77931 1
54595 123114 1
54595 126504 1
72002 54595 1
72002 66531 1
72002 77329 3
72002 123114 5
72002 126504 4
77329 54595 1
77329 66531 1
77329 72002 3
77329 123114 3
77329 126504 3
123114 54595 1
123114 66531 1
123114 72002 5
123114 77329 3
123114 126504 4
126504 54595 1
126504 66531 1
126504 72002 4
126504 77329 3
126504 123114 4
54889 68933 1
54889 77752 1
58011 68933 1
64459 68933 1
66961 68933 1
66961 76000 1
66961 76007 1
66961 85345 2
76000 66961 1
76000 68933 1
76000 85345 1
77752 54889 1
77752 68933 1
85345 66961 2
85345 68933 1
85345 76000 1
85345 76007 1
119937 68933 1
119937 119938 6
119937 119939 1
119937 119940 1
119938 68933 1
119938 119937 6
119938 119939 1
119938 119940 1
119940 68933 1
119940 119937 1
119940 119938 1
65402 66542 1
65402 72947 1
65402 72948 1
65402 83814 1
66542 65402 1
66542 72947 1
66542 72948 1
66542 83814 1
68934 72948 1
68934 83814 1
69222 83813 1
69222 83814 1
71887 83814 1
72947 65402 1
72947 66542 1
72947 72948 1
72947 83814 1
83813 69222 1
83813 83814 1
83065 85884 1
79297 65193 1
79297 87289 1
79297 87368 1
79297 93113 1
79297 100030 1
79297 115731 1
91352 87368 1
103463 81279 1
103463 87368 1
115731 57364 1
115731 79297 1
115731 87368 1
46711 88368 1
46711 88369 1
46711 110754 2
88368 46711 1
88368 88369 1
88368 110754 1
110754 46711 2
110754 88368 1
110754 88369 1
58541 89494 1
96069 89494 1
96069 117126 1
117126 89494 1
117126 96069 1
116683 109034 1
52606 45729 1
76621 45729 1
76621 102180 1
79372 45729 1
79438 45729 1
79438 78510 1
102180 45729 1
102180 76621 1
57290 57291 1
57290 104314 1
57290 110561 1
57290 110562 1
57290 110563 1
57290 110564 1
57290 110565 1
57290 112129 2
86470 57291 1
86470 110562 1
97514 57291 1
97514 97620 1
104314 57290 1
104314 57291 1
104314 110561 1
104314 110562 1
104314 110563 1
104314 110564 1
104314 110565 1
104314 112129 1
110561 57290 1
110561 57291 1
110561 104314 1
110561 110562 1
110561 110563 1
110561 110564 1
110561 110565 1
110561 112129 1
110562 57290 1
110562 57291 1
110562 86470 1
110562 104314 1
110562 110561 1
110562 110563 1
110562 110564 1
110562 110565 1
110562 112129 2
110563 57290 1
110563 57291 1
110563 104314 1
110563 110561 1
110563 110562 1
110563 110564 1
110563 110565 1
110563 112129 1
110564 57290 1
110564 57291 1
110564 104314 1
110564 110561 1
110564 110562 1
110564 110563 1
110564 110565 1
110564 111299 1
110564 112129 1
110565 57290 1
110565 57291 1
110565 104314 1
110565 110561 1
110565 110562 1
110565 110563 1
110565 110564 1
110565 112129 1
112129 57290 2
112129 57291 1
112129 104314 1
112129 110561 1
112129 110562 2
112129 110563 1
112129 110564 1
112129 110565 1
79879 65193 1
79879 109191 1
93113 65193 1
93113 79297 1
93113 87289 1
93113 100030 1
100030 65193 1
100030 79297 1
100030 87289 1
100030 93113 1
109191 65193 1
109191 79879 1
92097 69388 1
46002 80077 1
46002 88418 1
80596 80077 1
80596 82383 1
82383 80077 1
82383 80596 1
82383 105987 2
88418 46002 1
88418 80077 1
88418 106248 2
96911 80077 1
51409 26769 1
51409 89871 1
57364 99233 1
57364 114156 1
57364 115731 1
114156 57364 1
114156 99233 1
97112 105974 1
97112 116133 1
70836 81020 1
70836 89674 1
70836 92246 1
70836 108178 1
70836 114408 1
78510 79438 1
78510 89674 2
78510 97197 1
78510 102471 1
78510 108178 1
78510 118921 1
79749 79750 1
79749 79751 1
79749 108178 1
79750 79749 1
79750 79751 1
79750 108178 1
79751 79749 1
79751 79750 1
79751 108178 1
81020 70836 1
81020 89674 1
81020 92246 1
81020 108178 1
81020 114408 1
87271 108178 1
89674 70836 1
89674 78510 2
89674 81020 1
89674 92246 1
89674 108178 1
89674 114408 1
92246 70836 1
92246 81020 1
92246 89674 1
92246 108178 1
92246 114408 1
97197 78510 1
97197 108178 1
97197 118921 1
103286 80072 1
103286 102471 1
103286 108178 1
114408 70836 1
114408 81020 1
114408 89674 1
114408 92246 1
114408 108178 1
118921 78510 1
118921 97197 1
118921 108178 1
94894 113039 1
94894 113042 1
99585 113042 1
99585 115452 1
113039 94894 1
113039 113042 1
115452 99585 1
115452 113042 1
93098 98359 1
73166 95038 1
73166 104399 1
73166 107780 1
73166 107784 1
73166 107789 1
86452 104399 1
92076 92077 1
92076 95038 1
92076 104399 3
92076 104400 1
92076 107784 1
92076 117284 1
92077 92076 1
92077 104399 1
95038 73166 1
95038 92076 1
95038 104399 2
95038 104400 1
95038 107780 1
95038 107784 2
95038 107789 1
95038 117284 1
104400 92076 1
104400 95038 1
104400 104399 1
104400 107784 1
104400 116839 1
104400 117284 1
107780 73166 1
107780 95038 1
107780 104399 1
107780 107784 1
107780 107789 1
107784 52875 1
107784 73166 1
107784 92076 1
107784 95038 2
107784 104399 2
107784 104400 1
107784 107780 1
107784 107789 1
107784 117284 1
107789 73166 1
107789 95038 1
107789 104399 1
107789 107780 1
107789 107784 1
117284 92076 1
117284 95038 1
117284 104399 1
117284 104400 1
117284 107784 1
63808 63809 4
63808 68252 1
63808 75946 1
63808 82776 1
63808 94240 1
63808 97158 1
63809 63808 4
63809 68252 1
63809 75946 1
63809 82776 1
63809 94240 1
63809 97158 1
65141 81052 1
65141 81074 1
65141 94240 1
65141 94246 1
65141 120978 1
68252 63808 1
68252 63809 1
68252 75946 1
68252 82776 1
68252 94240 1
68252 97158 1
75946 63808 1
75946 63809 1
75946 68252 1
75946 82776 1
75946 94240 1
75946 97158 2
81052 65141 1
81052 81053 1
81052 81074 1
81052 94240 1
81052 97158 1
81052 120978 1
81053 81052 1
81053 94240 1
81053 94246 1
81053 97158 1
81053 101017 1
81074 65141 1
81074 81052 1
81074 94240 1
81074 120978 1
82776 63808 1
82776 63809 1
82776 68252 1
82776 75946 1
82776 94240 1
82776 97158 1
94246 65141 1
94246 81053 1
94246 94240 1
94246 101017 1
97158 63808 1
97158 63809 1
97158 68252 1
97158 75946 2
97158 81052 1
97158 81053 1
97158 82776 1
97158 94240 1
101017 81053 1
101017 94240 1
101017 94246 1
109181 94240 1
109181 102953 1
120978 65141 1
120978 81052 1
120978 81074 1
120978 94240 1
55361 55379 1
55361 76779 1
55361 98000 1
55361 101242 1
55361 102647 1
55361 105135 1
55379 55361 1
55379 76779 1
55379 98000 1
55379 101242 1
55379 102647 1
60581 102647 1
66171 86023 1
66171 102647 1
67218 102647 1
67218 111299 1
71498 84278 1
71498 90164 1
71498 99174 1
71498 102647 1
76779 55361 1
76779 55379 1
76779 98000 1
76779 101242 1
76779 102647 1
81704 87412 1
81704 99493 1
81704 99969 1
81704 102647 1
84278 71498 1
84278 90164 1
84278 99174 1
84278 102647 1
85309 72413 1
85309 97304 1
85309 102647 1
86023 66171 1
86023 102647 1
87412 81704 1
87412 99493 1
87412 99969 1
87412 102647 1
90164 71498 1
90164 84278 1
90164 99174 1
90164 102647 1
97304 85309 1
97304 102647 1
98000 55361 1
98000 55379 1
98000 76779 1
98000 101242 1
98000 102647 1
99174 71498 1
99174 84278 1
99174 90164 1
99174 102647 1
99493 81704 1
99493 87412 1
99493 99969 1
99493 102647 1
99969 81704 1
99969 87412 1
99969 99493 1
99969 102647 1
101242 55361 1
101242 55379 1
101242 76779 1
101242 98000 1
101242 102647 1
111299 67218 1
111299 102647 1
111299 110564 1
111299 116000 1
116000 102647 1
116000 111299 1
116000 119505 1
119505 102647 1
119505 116000 1
54688 54698 1
54688 102953 1
54698 54688 1
54698 102953 1
86339 80688 1
86339 102953 1
94066 102953 1
35933 62869 1
35933 101211 1
35933 105135 1
62869 35933 1
62869 101211 1
62869 105135 1
101211 35933 1
101211 62869 1
101211 105135 1
107028 105135 1
116571 105135 1
84463 112109 1
84463 116839 1
116839 84463 1
116839 104400 1
116839 112109 1
73632 119286 1
73632 121375 1
101338 119286 1
121375 73632 1
121375 119286 1
52716 87289 1
52716 112029 1
72235 87289 1
75231 87289 1
75231 110704 1
75231 118878 1
75231 119303 1
84196 51545 1
84196 84031 1
84196 87289 1
106248 87289 1
106248 88418 2
106248 110592 1
110592 87289 1
110592 106248 1
111321 87289 1
112029 52716 1
112029 87289 1
54982 98330 1
54982 105987 1
81643 52806 1
81643 98330 1
92895 83854 1
92895 98330 1
48743 98332 1
48743 99577 1
99577 48743 1
99577 98332 1
108459 98332 1
108459 117807 1
117807 98332 1
117807 108459 1
35217 48837 1
35217 48838 1
35217 72281 1
35217 75558 1
35217 79790 1
35217 102433 1
48837 35217 1
48837 72281 1
48837 75558 1
48837 79790 1
48837 102433 1
72281 35217 1
72281 48837 1
72281 63929 1
72281 75558 1
72281 79790 1
72281 84676 1
72281 102433 1
75558 35217 1
75558 48837 1
75558 72281 1
75558 79790 1
75558 102433 1
79790 35217 1
79790 48837 1
79790 72281 1
79790 75558 1
79790 102433 1
81940 102433 1
87027 51368 1
87027 102433 1
89503 102433 1
89958 102433 1
89958 117772 1
94909 102433 1
97189 102433 1
100352 102433 1
104555 102433 1
107060 102433 1
107060 120889 1
117772 89958 1
117772 102433 1
48838 35217 1
84676 72281 1
51368 87027 1
120889 107060 1
80688 86339 1
72413 85309 1
52875 107784 1
116133 97112 1
100678 89215 1
97620 97514 1
76007 66961 1
76007 85345 1
119939 119937 1
119939 119938 1
77931 54595 1
74429 77716 1
92569 98038 1
119099 119374 1
50329 55546 1
112696 98955 1
112696 116481 1
73749 105761 1
93079 105761 1
123729 86861 1
110941 96781 1
116481 112696 1
