121486 121485 1
121485 85138 1
121485 85144 1
121485 87416 1
121485 93376 1
121485 98137 1
121485 121486 1
121485 125465 1
121485 125865 1
85138 74099 1
85138 78229 1
85138 83677 1
85138 84285 1
85138 84286 1
85138 85137 2
85138 85139 1
85138 85140 1
85138 85143 1
85138 85144 2
85138 85145 1
85138 86710 1
85138 87416 3
85138 91696 1
85138 121485 1
85138 122976 1
85138 125865 1
85144 74715 1
85144 85137 2
85144 85138 2
85144 85145 1
85144 87086 1
85144 87087 1
85144 87148 1
85144 87340 1
85144 87416 1
85144 88364 1
85144 90314 1
85144 90315 1
85144 90316 1
85144 93378 1
85144 121485 1
85144 125865 1
85144 126516 1
85144 127571 1
87416 74099 1
87416 74649 1
87416 74651 1
87416 77416 1
87416 77418 1
87416 78229 1
87416 81755 1
87416 83677 1
87416 84285 1
87416 84286 1
87416 85137 1
87416 85138 3
87416 85144 1
87416 90298 1
87416 91696 1
87416 121267 1
87416 121485 1
87416 122976 1
87416 125865 1
93376 81371 2
93376 87342 1
93376 88399 3
93376 89321 1
93376 89322 1
93376 89694 2
93376 89695 1
93376 90298 1
93376 93383 1
93376 93385 1
93376 94151 1
93376 94487 1
93376 94610 1
93376 94611 1
93376 96659 2
93376 96660 1
93376 98134 1
93376 98135 2
93376 98137 1
93376 121035 1
93376 121485 1
93376 125142 1
93376 125144 1
93376 125465 1
93376 127571 1
93376 127663 1
98137 66016 1
98137 66302 1
98137 82435 1
98137 87340 1
98137 88399 1
98137 93376 1
98137 94294 1
98137 96659 1
98137 98132 1
98137 98133 1
98137 98134 1
98137 98135 1
98137 98136 1
98137 98138 2
98137 98139 1
98137 103158 1
98137 121042 1
98137 121485 1
98137 125465 1
125465 59611 1
125465 72839 1
125465 73008 1
125465 86374 1
125465 93376 1
125465 98137 1
125465 107635 1
125465 111292 1
125465 121485 1
125865 84091 1
125865 85138 1
125865 85144 1
125865 86682 1
125865 86683 1
125865 86684 1
125865 87416 1
125865 88513 1
125865 88514 1
125865 88515 1
125865 88516 1
125865 89334 1
125865 89692 1
125865 90320 1
125865 121485 1
74099 60371 1
74099 61715 1
74099 68164 1
74099 78229 1
74099 83677 1
74099 84285 1
74099 84286 1
74099 85138 1
74099 87416 1
74099 88459 1
74099 91696 1
74099 122976 1
78229 74099 1
78229 77418 1
78229 83677 1
78229 84285 1
78229 84286 1
78229 85138 1
78229 87416 1
78229 88353 1
78229 91329 1
78229 91696 1
78229 122976 1
83677 50255 1
83677 74099 1
83677 74649 1
83677 78229 1
83677 83678 2
83677 83679 1
83677 84285 1
83677 84286 1
83677 85138 1
83677 87416 1
83677 90320 1
83677 90484 1
83677 91696 2
83677 122976 1
84285 74099 1
84285 78229 1
84285 83677 1
84285 84284 1
84285 84286 1
84285 85138 1
84285 87416 1
84285 91696 1
84285 122976 1
84286 74099 1
84286 78229 1
84286 83677 1
84286 84285 1
84286 85138 1
84286 87416 1
84286 91696 1
84286 122976 1
85137 74649 1
85137 74651 1
85137 74715 1
85137 81755 1
85137 85138 2
85137 85139 1
85137 85140 1
85137 85143 1
85137 85144 2
85137 85145 1
85137 86710 1
85137 87086 1
85137 87087 1
85137 87416 1
85139 49821 1
85139 54535 1
85139 61477 1
85139 69979 1
85139 71120 1
85139 75631 1
85139 78754 1
85139 85137 1
85139 85138 1
85139 85140 1
85139 85143 1
85139 85652 1
85139 86710 1
85139 90188 1
85139 119853 1
85140 85137 1
85140 85138 1
85140 85139 1
85140 85143 1
85140 85145 1
85140 86710 1
85140 87148 1
85143 49367 1
85143 74372 1
85143 85137 1
85143 85138 1
85143 85139 1
85143 85140 1
85143 86710 1
85143 88386 1
85145 75894 1
85145 85137 1
85145 85138 1
85145 85140 1
85145 85144 1
85145 87148 1
85145 98777 1
85145 127097 1
86710 54107 1
86710 58982 1
86710 78231 1
86710 83488 1
86710 85137 1
86710 85138 1
86710 85139 1
86710 85140 1
86710 85143 1
86710 85695 1
86710 87197 1
86710 97654 1
86710 126127 1
91696 74099 1
91696 78229 1
91696 81755 1
91696 83677 2
91696 84285 1
91696 84286 1
91696 85138 1
91696 87416 1
91696 96589 1
91696 122976 1
122976 74099 1
122976 78229 1
122976 83677 1
122976 84285 1
122976 84286 1
122976 85138 1
122976 87416 1
122976 91696 1
74715 20255 1
74715 82435 1
74715 85137 1
74715 85144 1
74715 87086 1
74715 87087 1
74715 87341 1
74715 88364 1
74715 89691 1
74715 90314 1
74715 91474 1
74715 93377 1
74715 121042 1
74715 125869 1
87086 74715 1
87086 85137 1
87086 85144 1
87086 87087 1
87087 74715 1
87087 85137 1
87087 85144 1
87087 87086 1
87148 83435 1
87148 85140 1
87148 85144 1
87148 85145 1
87148 95109 1
87148 121047 1
87148 127169 1
87340 85144 1
87340 87336 1
87340 88399 2
87340 88514 1
87340 88515 1
87340 89692 1
87340 90314 1
87340 90315 2
87340 90316 2
87340 93378 1
87340 94294 1
87340 98137 1
87340 103158 1
87340 125144 1
87340 125829 1
87340 126516 1
87340 127571 2
88364 20255 1
88364 60877 1
88364 74715 1
88364 77106 1
88364 78822 1
88364 85144 1
88364 88362 1
88364 91474 1
88364 92741 1
90314 74715 1
90314 85144 1
90314 87340 1
90314 90315 2
90314 90316 1
90314 93378 1
90314 125869 1
90314 126516 1
90314 127571 1
90315 85144 1
90315 86683 1
90315 86684 1
90315 87336 1
90315 87337 1
90315 87338 1
90315 87340 2
90315 88399 1
90315 88514 1
90315 88515 1
90315 89618 1
90315 89692 1
90315 90314 2
90315 90316 2
90315 93378 1
90315 93384 1
90315 98139 1
90315 125144 1
90315 125829 1
90315 126516 1
90315 127571 2
90316 85144 1
90316 87336 1
90316 87340 2
90316 88399 1
90316 88514 1
90316 88515 1
90316 89692 1
90316 90314 1
90316 90315 2
90316 93378 1
90316 125144 1
90316 125829 1
90316 126516 1
90316 127571 2
93378 85144 1
93378 87340 1
93378 90314 1
93378 90315 1
93378 90316 1
93378 96659 1
93378 98135 1
93378 126516 1
93378 127571 1
126516 85144 1
126516 87340 1
126516 90314 1
126516 90315 1
126516 90316 1
126516 93378 1
126516 127571 1
127571 85144 1
127571 87336 1
127571 87339 1
127571 87340 2
127571 88399 2
127571 88514 1
127571 88515 1
127571 89689 1
127571 89692 1
127571 89694 1
127571 90314 1
127571 90315 2
127571 90316 2
127571 93376 1
127571 93378 1
127571 94487 1
127571 96659 1
127571 96660 1
127571 98135 1
127571 98138 1
127571 120766 1
127571 120879 1
127571 121035 1
127571 121042 1
127571 125144 1
127571 125829 1
127571 126516 1
127571 127663 1
74649 74643 1
74649 74647 1
74649 74651 2
74649 74652 1
74649 81755 1
74649 83677 1
74649 83947 1
74649 85137 1
74649 87416 1
74649 90484 1
74651 74643 1
74651 74647 1
74651 74649 2
74651 74652 1
74651 81755 1
74651 83947 1
74651 85137 1
74651 87416 1
77416 77418 5
77416 87416 1
77416 121267 2
77418 77416 5
77418 78229 1
77418 87416 1
77418 121267 1
81755 67466 1
81755 67471 1
81755 73186 1
81755 74649 1
81755 74651 1
81755 76626 1
81755 80490 1
81755 81756 1
81755 81818 1
81755 85137 1
81755 86682 1
81755 86683 1
81755 86684 1
81755 87416 1
81755 87484 1
81755 91696 1
90298 87416 1
90298 88391 1
90298 88399 1
90298 89321 1
90298 89322 1
90298 93376 1
90298 94610 1
90298 98134 1
90298 98135 1
90298 125144 1
121267 65885 1
121267 77416 2
121267 77418 1
121267 87416 1
81371 89694 1
81371 93376 2
81371 93383 1
81371 93384 1
81371 93385 1
81371 94611 1
81371 96659 1
87342 49980 1
87342 57740 1
87342 88926 1
87342 89694 1
87342 93376 1
87342 95837 1
87342 109623 1
88399 87336 1
88399 87340 2
88399 88514 1
88399 88515 1
88399 89321 1
88399 89322 1
88399 89691 1
88399 89692 1
88399 89694 2
88399 89697 1
88399 90298 1
88399 90315 1
88399 90316 1
88399 93376 3
88399 93384 1
88399 94151 1
88399 94294 1
88399 94487 1
88399 94610 1
88399 96659 1
88399 96660 1
88399 98134 1
88399 98135 3
88399 98137 1
88399 103158 1
88399 121035 1
88399 125144 2
88399 125829 1
88399 127571 2
88399 127663 1
89321 88399 1
89321 89322 1
89321 90298 1
89321 93376 1
89321 94610 1
89321 98134 1
89321 98135 1
89321 125144 1
89322 67460 1
89322 82427 1
89322 86928 1
89322 88251 1
89322 88399 1
89322 89321 1
89322 89555 1
89322 90298 1
89322 91968 1
89322 93376 1
89322 94477 1
89322 94610 1
89322 96165 1
89322 96579 1
89322 98134 1
89322 98135 1
89322 112235 1
89322 125144 1
89694 62803 1
89694 81371 1
89694 86684 1
89694 87341 2
89694 87342 1
89694 88399 2
89694 88926 1
89694 89689 1
89694 89690 1
89694 89691 1
89694 89692 1
89694 89693 1
89694 89695 1
89694 89696 1
89694 89697 2
89694 91529 1
89694 93376 2
89694 93383 1
89694 94487 1
89694 96659 1
89694 96660 1
89694 96661 2
89694 98134 1
89694 98135 4
89694 98136 1
89694 121035 1
89694 125144 2
89694 127571 1
89694 127663 4
89695 87341 2
89695 89689 1
89695 89690 1
89695 89691 1
89695 89692 1
89695 89693 1
89695 89694 1
89695 89696 1
89695 89697 1
89695 93376 1
89695 98134 1
89695 98135 1
89695 125142 1
89695 125144 1
89695 127663 1
93383 81371 1
93383 89694 1
93383 93376 1
93385 81371 1
93385 93376 1
93385 94611 1
93385 96659 1
94151 80352 1
94151 82435 1
94151 84149 1
94151 86683 1
94151 86684 1
94151 88399 1
94151 93376 1
94151 94152 1
94151 94609 1
94151 94610 1
94151 109510 1
94487 82435 1
94487 88399 1
94487 89694 1
94487 93376 1
94487 96659 1
94487 96660 1
94487 98135 1
94487 121035 1
94487 127571 1
94487 127663 1
94610 80352 1
94610 84149 1
94610 86683 1
94610 86684 2
94610 87341 1
94610 88399 1
94610 89321 1
94610 89322 1
94610 90298 1
94610 93376 1
94610 94151 1
94610 94152 1
94610 94609 2
94610 94611 1
94610 96659 1
94610 98134 1
94610 98135 1
94610 109510 1
94610 125144 1
94611 62803 1
94611 81371 1
94611 85689 1
94611 89696 1
94611 93376 1
94611 93385 1
94611 94609 1
94611 94610 1
94611 94961 2
94611 96315 1
94611 96659 2
94611 97773 1
96659 62803 1
96659 66016 1
96659 66302 1
96659 81371 1
96659 87341 1
96659 88399 1
96659 89694 1
96659 93376 2
96659 93378 1
96659 93385 1
96659 94487 1
96659 94610 1
96659 94611 2
96659 96315 1
96659 96660 2
96659 96661 1
96659 96662 1
96659 97773 1
96659 98135 2
96659 98137 1
96659 98138 1
96659 121035 1
96659 121042 2
96659 127571 1
96659 127663 1
96660 88399 1
96660 89694 1
96660 93376 1
96660 94487 1
96660 96659 2
96660 96661 1
96660 96662 1
96660 98135 1
96660 121035 1
96660 127571 1
96660 127663 1
98134 87341 1
98134 88399 1
98134 89321 1
98134 89322 1
98134 89689 1
98134 89690 1
98134 89691 1
98134 89692 1
98134 89693 1
98134 89694 1
98134 89695 1
98134 89696 1
98134 89697 1
98134 90298 1
98134 93376 1
98134 94610 1
98134 98132 1
98134 98133 1
98134 98135 3
98134 98136 1
98134 98137 1
98134 98138 1
98134 98139 1
98134 125144 1
98134 127663 1
98135 62803 1
98135 86684 1
98135 87341 2
98135 88399 3
98135 89321 1
98135 89322 1
98135 89689 1
98135 89690 1
98135 89691 1
98135 89692 1
98135 89693 1
98135 89694 4
98135 89695 1
98135 89696 1
98135 89697 3
98135 90298 1
98135 91529 1
98135 93376 2
98135 93377 1
98135 93378 1
98135 93384 1
98135 94487 1
98135 94610 1
98135 96659 2
98135 96660 1
98135 96661 2
98135 98132 1
98135 98133 1
98135 98134 3
98135 98136 2
98135 98137 1
98135 98138 1
98135 98139 1
98135 121035 1
98135 125144 3
98135 127571 1
98135 127663 3
121035 88399 1
121035 89694 1
121035 93376 1
121035 94487 1
121035 96659 1
121035 96660 1
121035 98135 1
121035 121034 1
121035 125142 1
121035 127571 1
121035 127663 1
125142 49980 1
125142 88926 1
125142 89695 1
125142 93368 1
125142 93376 1
125142 98138 1
125142 99606 1
125142 121034 1
125142 121035 1
125144 62803 1
125144 86684 1
125144 87336 1
125144 87340 1
125144 87341 2
125144 88399 2
125144 88514 1
125144 88515 1
125144 89321 1
125144 89322 1
125144 89692 1
125144 89694 2
125144 89695 1
125144 89697 1
125144 90298 1
125144 90315 1
125144 90316 1
125144 91529 1
125144 93376 1
125144 94610 1
125144 96661 2
125144 98134 1
125144 98135 3
125144 98136 1
125144 125829 1
125144 127571 1
125144 127663 1
127663 86684 1
127663 87341 2
127663 88399 1
127663 89689 1
127663 89690 1
127663 89691 1
127663 89692 1
127663 89693 1
127663 89694 4
127663 89695 1
127663 89696 1
127663 89697 2
127663 91529 1
127663 93376 1
127663 94487 1
127663 96659 1
127663 96660 1
127663 96661 1
127663 98134 1
127663 98135 3
127663 98136 1
127663 121035 1
127663 125144 1
127663 127571 1
66016 64137 1
66016 66302 1
66016 68601 2
66016 76478 1
66016 78767 1
66016 84738 1
66016 86678 1
66016 87338 1
66016 94204 1
66016 96659 1
66016 98137 1
66016 98138 1
66016 121042 1
66016 126127 1
66302 34802 1
66302 36443 1
66302 56977 1
66302 66016 1
66302 66341 1
66302 70720 1
66302 75794 1
66302 78214 1
66302 96659 1
66302 98137 1
66302 98138 1
66302 121042 1
82435 74715 1
82435 87341 1
82435 94151 1
82435 94487 1
82435 94871 1
82435 98137 1
94294 87340 1
94294 88175 1
94294 88390 1
94294 88396 1
94294 88399 1
94294 89449 1
94294 93368 1
94294 94292 2
94294 95284 1
94294 96015 1
94294 96661 1
94294 96662 1
94294 97675 1
94294 97773 2
94294 97774 1
94294 97919 1
94294 98132 1
94294 98137 1
94294 99606 1
94294 99607 1
94294 99670 1
94294 102596 1
94294 102698 2
94294 103157 1
94294 103158 3
94294 121619 1
94294 125490 1
94294 125497 1
94294 127166 2
94294 127688 1
98132 88175 1
98132 88390 1
98132 88396 1
98132 89449 1
98132 94292 1
98132 94294 1
98132 95284 1
98132 96662 1
98132 97675 1
98132 97773 1
98132 97919 1
98132 98133 1
98132 98134 1
98132 98135 1
98132 98136 1
98132 98137 1
98132 98138 1
98132 98139 1
98132 102698 1
98132 103158 1
98132 121619 1
98132 125490 1
98132 127166 1
98132 127688 1
98133 88395 1
98133 96661 1
98133 98132 1
98133 98134 1
98133 98135 1
98133 98136 1
98133 98137 1
98133 98138 1
98133 98139 1
98133 101894 1
98136 86684 1
98136 87341 1
98136 89694 1
98136 89697 1
98136 91529 1
98136 96661 1
98136 98132 1
98136 98133 1
98136 98134 1
98136 98135 2
98136 98137 1
98136 98138 1
98136 98139 2
98136 98140 1
98136 99038 1
98136 99557 1
98136 101105 1
98136 101106 1
98136 125144 1
98136 125921 1
98136 127663 1
98138 49980 1
98138 66016 1
98138 66302 1
98138 78137 1
98138 88926 2
98138 96659 1
98138 98132 1
98138 98133 1
98138 98134 1
98138 98135 1
98138 98136 1
98138 98137 2
98138 98139 1
98138 121042 2
98138 125142 1
98138 127571 1
98139 86683 1
98139 86684 1
98139 87337 1
98139 87338 1
98139 89618 1
98139 90315 1
98139 97774 1
98139 97919 1
98139 98132 1
98139 98133 1
98139 98134 1
98139 98135 1
98139 98136 2
98139 98137 1
98139 98138 1
98139 98140 1
98139 99038 1
98139 99557 1
98139 101105 1
98139 101106 1
98139 125054 1
98139 125921 1
103158 84322 1
103158 87340 1
103158 88175 1
103158 88390 1
103158 88396 1
103158 88399 1
103158 89335 1
103158 89449 1
103158 94292 1
103158 94294 3
103158 95284 1
103158 96662 1
103158 97675 1
103158 97773 1
103158 97919 1
103158 98132 1
103158 98137 1
103158 102698 1
103158 103157 1
103158 121619 1
103158 125490 1
103158 127166 1
103158 127688 1
121042 66016 1
121042 66302 1
121042 74715 1
121042 87341 1
121042 89691 1
121042 93377 1
121042 96659 2
121042 98137 1
121042 98138 2
121042 127571 1
59611 45020 1
59611 46906 1
59611 53302 1
59611 60082 1
59611 61928 1
59611 66554 1
59611 70696 1
59611 72839 1
59611 72850 1
59611 73008 1
59611 86374 3
59611 91610 1
59611 91766 1
59611 104234 1
59611 104984 1
59611 105804 1
59611 107886 1
59611 125125 1
59611 125465 1
72839 59611 1
72839 73008 1
72839 86374 1
72839 97763 1
72839 106862 1
72839 125465 1
73008 59611 1
73008 72839 1
73008 80342 1
73008 86348 1
73008 86374 1
73008 96489 1
73008 104992 1
73008 107635 1
73008 113086 1
73008 114700 1
73008 125465 1
86374 46906 1
86374 53936 1
86374 53943 1
86374 56066 1
86374 59611 3
86374 60082 1
86374 61928 1
86374 63112 1
86374 64142 1
86374 65123 1
86374 70696 1
86374 72531 1
86374 72674 1
86374 72839 1
86374 72850 1
86374 73008 1
86374 75866 1
86374 84367 1
86374 84373 1
86374 90544 1
86374 91655 1
86374 91766 1
86374 101640 1
86374 104234 1
86374 104984 1
86374 105804 1
86374 107886 1
86374 117147 1
86374 125465 1
107635 73008 1
107635 74335 1
107635 80342 1
107635 104992 1
107635 111292 1
107635 114261 1
107635 125461 2
107635 125465 1
111292 56116 1
111292 70691 1
111292 72537 1
111292 86656 1
111292 91772 1
111292 101683 1
111292 107635 1
111292 125465 1
84091 86682 1
84091 86683 1
84091 86684 1
84091 88513 1
84091 88514 1
84091 88515 1
84091 88516 1
84091 89334 1
84091 89692 1
84091 90320 1
84091 125865 1
86682 81755 1
86682 84091 1
86682 86683 2
86682 86684 2
86682 88513 1
86682 88514 1
86682 88515 1
86682 88516 1
86682 88932 1
86682 89334 1
86682 89692 1
86682 90320 1
86682 125865 1
86683 80352 1
86683 81755 1
86683 84091 1
86683 84149 1
86683 86682 2
86683 86684 4
86683 87337 1
86683 87338 1
86683 88513 1
86683 88514 1
86683 88515 1
86683 88516 1
86683 89334 1
86683 89618 1
86683 89692 1
86683 90315 1
86683 90320 1
86683 94151 1
86683 94152 1
86683 94609 1
86683 94610 1
86683 98139 1
86683 103645 1
86683 109510 1
86683 125865 1
86684 80352 1
86684 81755 1
86684 84091 1
86684 84149 1
86684 86682 2
86684 86683 4
86684 87337 1
86684 87338 1
86684 87341 1
86684 88513 1
86684 88514 1
86684 88515 1
86684 88516 1
86684 89334 1
86684 89618 1
86684 89692 1
86684 89694 1
86684 89697 1
86684 90315 1
86684 90320 1
86684 91529 1
86684 94151 1
86684 94152 1
86684 94609 1
86684 94610 2
86684 96661 1
86684 98135 1
86684 98136 1
86684 98139 1
86684 109510 1
86684 125144 1
86684 125865 1
86684 127663 1
88513 84091 1
88513 86682 1
88513 86683 1
88513 86684 1
88513 88514 1
88513 88515 1
88513 88516 1
88513 89334 1
88513 89692 1
88513 90320 1
88513 125865 1
88514 84091 1
88514 86682 1
88514 86683 1
88514 86684 1
88514 87336 1
88514 87340 1
88514 88399 1
88514 88513 1
88514 88515 2
88514 88516 1
88514 89334 1
88514 89692 2
88514 90315 1
88514 90316 1
88514 90320 1
88514 125144 1
88514 125829 1
88514 125865 1
88514 127571 1
88515 84091 1
88515 86682 1
88515 86683 1
88515 86684 1
88515 87336 1
88515 87340 1
88515 88399 1
88515 88513 1
88515 88514 2
88515 88516 1
88515 89334 1
88515 89692 2
88515 90315 1
88515 90316 1
88515 90320 1
88515 125144 1
88515 125829 1
88515 125865 1
88515 127571 1
88516 84091 1
88516 86682 1
88516 86683 1
88516 86684 1
88516 88513 1
88516 88514 1
88516 88515 1
88516 89334 1
88516 89692 1
88516 90320 1
88516 94999 1
88516 125865 1
89334 84091 1
89334 86682 1
89334 86683 1
89334 86684 1
89334 88513 1
89334 88514 1
89334 88515 1
89334 88516 1
89334 89335 1
89334 89692 1
89334 90320 1
89334 96661 1
89334 125865 1
89692 84091 1
89692 86682 1
89692 86683 1
89692 86684 1
89692 87336 1
89692 87340 1
89692 87341 1
89692 88399 1
89692 88513 1
89692 88514 2
89692 88515 2
89692 88516 1
89692 89334 1
89692 89689 1
89692 89690 1
89692 89691 1
89692 89693 1
89692 89694 1
89692 89695 1
89692 89696 1
89692 89697 1
89692 90315 1
89692 90316 1
89692 90320 1
89692 98134 1
89692 98135 1
89692 125144 1
89692 125829 1
89692 125865 1
89692 127571 1
89692 127663 1
90320 43191 1
90320 50255 1
90320 66394 1
90320 83677 1
90320 83678 1
90320 84091 1
90320 86682 1
90320 86683 1
90320 86684 1
90320 88513 1
90320 88514 1
90320 88515 1
90320 88516 1
90320 89334 1
90320 89692 1
90320 90324 1
90320 94152 1
90320 125865 1
60371 61715 1
60371 74099 1
61715 60371 1
61715 74099 1
68164 74099 1
68164 88459 1
88459 68164 1
88459 74099 1
88353 78229 1
88353 91329 1
91329 78229 1
91329 88353 1
91329 91330 1
50255 83677 1
50255 83678 1
50255 90320 1
83678 50255 1
83678 83677 2
83678 83679 1
83678 90320 1
83679 83677 1
83679 83678 1
90484 74649 1
90484 83677 1
84284 84285 1
49821 54535 1
49821 61477 1
49821 69979 1
49821 75631 1
49821 78754 1
49821 85139 1
49821 85652 1
49821 90188 1
49821 119853 1
54535 49821 1
54535 61477 1
54535 69979 1
54535 75631 1
54535 78754 1
54535 85139 1
54535 85652 1
54535 90188 1
54535 90325 1
54535 119853 1
61477 49821 1
61477 54535 1
61477 69979 1
61477 75631 1
61477 78754 1
61477 85139 1
61477 85652 1
61477 90188 1
61477 119853 1
69979 49821 1
69979 54535 1
69979 61477 1
69979 75631 1
69979 78754 1
69979 85139 1
69979 85652 1
69979 90188 1
69979 119853 1
71120 85139 1
75631 49821 1
75631 54535 1
75631 61477 1
75631 69979 1
75631 78754 1
75631 85139 1
75631 85652 1
75631 90188 1
75631 119853 1
78754 49821 1
78754 54535 1
78754 61477 1
78754 69979 1
78754 75631 1
78754 85139 1
78754 85652 1
78754 90188 1
78754 119853 1
85652 49367 1
85652 49821 1
85652 54535 1
85652 61477 1
85652 69979 1
85652 75631 1
85652 78754 1
85652 85139 1
85652 90188 1
85652 119853 1
90188 49821 1
90188 54535 1
90188 61477 1
90188 69979 1
90188 75631 1
90188 78754 1
90188 85139 1
90188 85652 1
90188 119853 1
119853 49821 1
119853 54535 1
119853 61477 1
119853 69979 1
119853 75631 1
119853 78754 1
119853 85139 1
119853 85652 1
119853 90188 1
49367 85143 1
49367 85652 1
74372 85143 1
88386 85143 1
75894 85145 1
75894 98777 1
98777 75894 1
98777 85145 1
127097 85145 1
54107 58982 1
54107 86710 1
58982 54107 1
58982 86710 1
58982 90544 1
78231 83488 1
78231 86710 1
78231 87197 1
78231 97654 1
78231 126127 1
83488 78231 1
83488 86710 1
83488 87197 1
83488 97654 1
83488 126127 1
85695 86710 1
87197 78231 1
87197 83488 1
87197 86710 1
87197 97654 1
87197 126127 1
97654 78231 1
97654 83488 1
97654 86710 1
97654 87197 1
97654 126127 1
126127 64137 1
126127 66016 1
126127 78231 1
126127 83488 1
126127 84738 1
126127 86710 1
126127 87197 1
126127 97654 1
96589 91610 1
96589 91696 1
20255 74715 1
20255 88364 1
20255 91474 1
87341 74715 1
87341 82435 1
87341 86684 1
87341 89689 1
87341 89690 1
87341 89691 2
87341 89692 1
87341 89693 1
87341 89694 2
87341 89695 2
87341 89696 1
87341 89697 2
87341 91529 1
87341 93377 1
87341 94610 1
87341 96659 1
87341 96661 1
87341 98134 1
87341 98135 2
87341 98136 1
87341 121042 1
87341 125144 2
87341 127663 2
89691 74715 1
89691 87341 2
89691 88399 1
89691 89689 1
89691 89690 1
89691 89692 1
89691 89693 1
89691 89694 1
89691 89695 1
89691 89696 1
89691 89697 1
89691 93377 1
89691 98134 1
89691 98135 1
89691 121042 1
89691 127663 1
91474 20255 1
91474 72674 1
91474 74715 1
91474 80342 1
91474 86348 1
91474 88364 1
93377 74715 1
93377 87341 1
93377 89691 1
93377 98135 1
93377 121042 1
125869 74715 1
125869 90314 1
83435 87148 1
83435 121047 1
95109 83947 1
95109 87148 1
121047 83435 1
121047 87148 1
127169 87148 1
87336 87340 1
87336 88399 1
87336 88514 1
87336 88515 1
87336 89692 1
87336 90315 1
87336 90316 1
87336 125144 1
87336 125829 1
87336 127571 1
125829 87336 1
125829 87340 1
125829 88399 1
125829 88514 1
125829 88515 1
125829 89692 1
125829 90315 1
125829 90316 1
125829 125144 1
125829 127571 1
60877 78822 1
60877 88364 1
77106 88362 1
77106 88364 1
77106 92741 1
78822 60877 1
78822 88364 1
88362 77106 1
88362 88364 1
88362 92741 1
92741 49980 1
92741 62803 2
92741 77106 1
92741 88362 1
92741 88364 1
87337 86683 1
87337 86684 1
87337 87338 1
87337 89618 1
87337 90315 1
87337 98139 1
87338 66016 1
87338 68601 1
87338 78767 1
87338 86678 1
87338 86683 1
87338 86684 1
87338 87337 1
87338 89618 1
87338 90315 1
87338 94204 1
87338 98139 1
89618 86683 1
89618 86684 1
89618 87337 1
89618 87338 1
89618 90315 1
89618 98139 1
93384 81371 1
93384 88399 1
93384 89697 1
93384 90315 1
93384 98135 1
87339 89689 1
87339 120766 1
87339 127571 1
89689 87339 1
89689 87341 1
89689 89690 1
89689 89691 1
89689 89692 1
89689 89693 1
89689 89694 1
89689 89695 1
89689 89696 1
89689 89697 1
89689 89698 1
89689 98134 1
89689 98135 1
89689 120766 1
89689 127571 1
89689 127663 1
120766 87339 1
120766 89689 1
120766 127571 1
120879 127571 1
74643 74647 1
74643 74649 1
74643 74651 1
74643 74652 1
74643 83947 1
74647 74643 1
74647 74649 1
74647 74651 1
74647 74652 1
74647 83947 1
74652 74643 1
74652 74647 1
74652 74649 1
74652 74651 1
74652 83947 1
83947 74643 1
83947 74647 1
83947 74649 1
83947 74651 1
83947 74652 1
83947 95109 1
67466 67471 1
67466 76626 1
67466 80490 1
67466 81755 1
67466 81818 1
67466 87484 1
67471 67466 1
67471 76626 1
67471 80490 1
67471 81755 1
67471 81818 1
67471 87484 1
73186 81755 1
73186 81756 1
76626 67466 1
76626 67471 1
76626 80490 1
76626 81755 1
76626 81818 1
76626 87484 1
80490 67466 1
80490 67471 1
80490 76626 1
80490 81755 1
80490 81818 1
80490 87484 1
81756 73186 1
81756 81755 1
81818 67466 1
81818 67471 1
81818 76626 1
81818 80490 1
81818 81755 1
81818 87484 1
87484 67466 1
87484 67471 1
87484 76626 1
87484 80490 1
87484 81755 1
87484 81818 1
88391 90298 1
65885 121267 1
49980 62803 1
49980 87342 1
49980 88926 1
49980 92741 1
49980 98138 1
49980 125142 1
57740 87342 1
88926 49980 1
88926 78137 1
88926 87342 1
88926 89694 1
88926 98138 2
88926 125142 1
95837 70691 1
95837 87342 1
95837 89693 1
95837 94871 1
95837 109623 1
109623 87342 1
109623 95837 1
89697 86684 1
89697 87341 2
89697 88399 1
89697 89689 1
89697 89690 1
89697 89691 1
89697 89692 1
89697 89693 1
89697 89694 2
89697 89695 1
89697 89696 1
89697 91529 1
89697 93384 1
89697 96661 1
89697 98134 1
89697 98135 3
89697 98136 1
89697 125144 1
89697 127663 2
67460 89322 1
82427 89322 1
82427 91968 1
86928 88251 1
86928 89322 1
86928 89555 1
86928 96165 1
86928 96579 1
86928 112235 1
88251 86928 1
88251 89322 1
88251 89555 1
88251 96165 1
88251 96579 1
88251 112235 1
89555 86928 1
89555 88251 1
89555 89322 1
89555 96165 1
89555 96579 1
89555 112235 1
91968 82427 1
91968 89322 1
94477 89322 1
96165 86928 1
96165 88251 1
96165 89322 1
96165 89555 1
96165 96579 1
96165 112235 1
96579 84856 2
96579 86928 1
96579 88251 1
96579 89322 1
96579 89555 1
96579 96165 1
96579 112235 1
96579 121619 1
112235 86928 1
112235 88251 1
112235 89322 1
112235 89555 1
112235 96165 1
112235 96579 1
62803 49980 1
62803 89694 1
62803 92741 2
62803 94611 1
62803 96315 1
62803 96659 1
62803 96661 1
62803 97773 1
62803 98135 1
62803 125144 1
89690 87341 1
89690 89689 1
89690 89691 1
89690 89692 1
89690 89693 1
89690 89694 1
89690 89695 1
89690 89696 1
89690 89697 1
89690 98134 1
89690 98135 1
89690 127663 1
89693 75866 1
89693 87341 1
89693 89689 1
89693 89690 1
89693 89691 1
89693 89692 1
89693 89694 1
89693 89695 1
89693 89696 1
89693 89697 1
89693 95837 1
89693 98134 1
89693 98135 1
89693 127663 1
89696 87341 1
89696 89689 1
89696 89690 1
89696 89691 1
89696 89692 1
89696 89693 1
89696 89694 1
89696 89695 1
89696 89697 1
89696 94611 1
89696 94961 1
89696 98134 1
89696 98135 1
89696 127663 1
91529 86684 1
91529 87341 1
91529 89694 1
91529 89697 1
91529 96661 1
91529 98135 1
91529 98136 1
91529 125144 1
91529 127663 1
96661 62803 1
96661 86684 1
96661 87341 1
96661 88395 1
96661 89334 1
96661 89335 1
96661 89694 2
96661 89697 1
96661 91529 1
96661 93381 1
96661 94292 1
96661 94294 1
96661 96659 1
96661 96660 1
96661 96662 1
96661 97773 1
96661 97774 1
96661 98133 1
96661 98135 2
96661 98136 1
96661 101894 1
96661 102596 1
96661 102698 1
96661 125144 2
96661 127663 1
80352 84149 1
80352 86683 1
80352 86684 1
80352 94151 1
80352 94152 1
80352 94609 1
80352 94610 1
80352 109510 1
84149 80352 1
84149 86683 1
84149 86684 1
84149 94151 1
84149 94152 2
84149 94609 1
84149 94610 1
84149 109510 1
94152 43191 1
94152 66394 1
94152 80352 1
94152 84149 2
94152 86683 1
94152 86684 1
94152 90320 1
94152 94151 1
94152 94609 1
94152 94610 1
94152 109510 1
94609 80352 1
94609 84149 1
94609 86683 1
94609 86684 1
94609 94151 1
94609 94152 1
94609 94204 1
94609 94610 2
94609 94611 1
94609 109510 1
109510 80352 1
109510 84149 1
109510 86683 1
109510 86684 1
109510 94151 1
109510 94152 1
109510 94609 1
109510 94610 1
109510 94999 1
109510 106116 1
85689 94611 1
94961 84322 1
94961 89335 1
94961 89696 1
94961 94611 2
96315 62803 1
96315 94611 1
96315 96659 1
96315 97773 1
96315 116740 1
97773 62803 1
97773 88175 1
97773 88390 1
97773 88396 1
97773 89449 1
97773 94292 2
97773 94294 2
97773 94611 1
97773 95284 1
97773 96315 1
97773 96659 1
97773 96661 1
97773 96662 1
97773 97675 1
97773 97774 1
97773 97919 1
97773 98132 1
97773 102596 1
97773 102698 2
97773 103158 1
97773 121619 1
97773 125490 1
97773 127166 1
97773 127688 1
96662 88175 1
96662 88390 1
96662 88396 1
96662 89449 1
96662 94292 1
96662 94294 1
96662 95284 1
96662 96659 1
96662 96660 1
96662 96661 1
96662 97675 1
96662 97773 1
96662 97919 2
96662 98132 1
96662 102698 1
96662 103158 1
96662 121619 1
96662 125490 1
96662 127166 1
96662 127688 1
121034 121035 1
121034 125142 1
93368 94294 1
93368 99606 1
93368 125142 1
93368 127166 1
99606 93368 1
99606 94292 1
99606 94294 1
99606 96015 1
99606 99607 2
99606 99670 1
99606 125142 1
64137 66016 1
64137 84738 1
64137 126127 1
68601 66016 2
68601 78767 4
68601 86678 1
68601 87338 1
68601 94204 1
76478 66016 1
78767 66016 1
78767 68601 4
78767 86678 1
78767 87338 1
78767 94204 1
84738 64137 1
84738 66016 1
84738 126127 1
86678 66016 1
86678 68601 1
86678 78767 1
86678 87338 1
86678 94204 1
94204 66016 1
94204 68601 1
94204 78767 1
94204 86678 1
94204 87338 1
94204 94609 1
34802 36443 1
34802 66302 1
34802 70720 1
36443 34802 1
36443 66302 1
36443 70720 1
56977 66302 1
56977 75794 1
56977 78214 1
66341 66302 1
66341 91610 1
70720 34802 1
70720 36443 1
70720 66302 1
75794 56977 1
75794 66302 1
75794 78214 1
78214 56977 1
78214 66302 1
78214 75794 1
94871 70691 1
94871 82435 1
94871 95837 1
88175 88390 1
88175 88396 1
88175 89449 1
88175 94292 1
88175 94294 1
88175 95284 1
88175 96662 1
88175 97675 1
88175 97773 1
88175 97919 1
88175 98132 1
88175 102698 1
88175 103158 1
88175 121619 1
88175 125490 1
88175 127166 1
88175 127688 1
88390 88175 1
88390 88396 1
88390 89449 1
88390 94292 1
88390 94294 1
88390 95284 1
88390 96662 1
88390 97675 1
88390 97773 1
88390 97919 1
88390 98132 1
88390 102698 1
88390 103158 1
88390 121619 1
88390 125490 1
88390 127166 1
88390 127688 1
88396 88175 1
88396 88390 1
88396 89449 1
88396 94292 1
88396 94294 1
88396 95284 1
88396 96662 1
88396 97675 1
88396 97773 1
88396 97919 1
88396 98132 1
88396 102698 1
88396 103158 1
88396 121619 1
88396 125490 1
88396 127166 1
88396 127688 1
89449 88175 1
89449 88390 1
89449 88396 1
89449 94292 1
89449 94294 1
89449 95284 1
89449 96662 1
89449 97675 1
89449 97773 1
89449 97919 1
89449 98132 1
89449 102698 1
89449 103158 1
89449 121619 1
89449 125490 1
89449 127166 1
89449 127688 1
94292 88175 1
94292 88390 1
94292 88396 1
94292 89449 1
94292 94294 2
94292 95284 1
94292 96661 1
94292 96662 1
94292 97675 1
94292 97773 2
94292 97774 1
94292 97919 1
94292 98132 1
94292 99606 1
94292 99607 1
94292 102596 1
94292 102698 2
94292 103158 1
94292 121619 1
94292 125490 1
94292 127166 1
94292 127688 1
95284 88175 1
95284 88390 1
95284 88396 1
95284 89449 1
95284 94292 1
95284 94294 1
95284 96662 1
95284 97675 1
95284 97773 1
95284 97919 1
95284 98132 1
95284 102698 1
95284 103158 1
95284 121619 1
95284 125490 1
95284 127166 1
95284 127688 1
96015 94294 1
96015 99606 1
96015 99607 1
96015 99670 1
97675 88175 1
97675 88390 1
97675 88396 1
97675 89449 1
97675 94292 1
97675 94294 1
97675 95284 1
97675 96662 1
97675 97773 1
97675 97919 1
97675 98132 1
97675 102698 1
97675 103158 1
97675 121619 1
97675 125490 1
97675 127166 1
97675 127688 1
97774 94292 1
97774 94294 1
97774 96661 1
97774 97773 1
97774 97919 1
97774 98139 1
97774 102596 1
97774 102698 1
97774 125054 1
97774 125490 1
97919 88175 1
97919 88390 1
97919 88396 1
97919 89449 1
97919 94292 1
97919 94294 1
97919 95284 1
97919 96662 2
97919 97675 1
97919 97773 1
97919 97774 1
97919 98132 1
97919 98139 1
97919 102698 1
97919 103158 1
97919 121619 1
97919 125054 1
97919 125490 1
97919 127166 1
97919 127688 1
99607 94292 1
99607 94294 1
99607 96015 1
99607 99606 2
99607 99670 1
99670 94294 1
99670 96015 1
99670 99606 1
99670 99607 1
102596 94292 1
102596 94294 1
102596 96661 1
102596 97773 1
102596 97774 1
102596 102698 2
102698 88175 1
102698 88390 1
102698 88396 1
102698 89449 1
102698 94292 2
102698 94294 2
102698 95284 1
102698 96661 1
102698 96662 1
102698 97675 1
102698 97773 2
102698 97774 1
102698 97919 1
102698 98132 1
102698 102596 2
102698 103158 1
102698 121619 1
102698 125490 1
102698 127166 1
102698 127688 1
103157 94294 1
103157 103158 1
103157 125054 1
121619 84856 1
121619 88175 1
121619 88390 1
121619 88396 1
121619 89449 1
121619 94292 1
121619 94294 1
121619 95284 1
121619 96579 1
121619 96662 1
121619 97675 1
121619 97773 1
121619 97919 1
121619 98132 1
121619 102698 1
121619 103158 1
121619 125490 1
121619 127166 1
121619 127688 1
125490 88175 1
125490 88390 1
125490 88396 1
125490 89449 1
125490 94292 1
125490 94294 1
125490 95284 1
125490 96662 1
125490 97675 1
125490 97773 1
125490 97774 1
125490 97919 1
125490 98132 1
125490 102698 1
125490 103158 1
125490 121619 1
125490 127166 1
125490 127688 1
125497 94294 1
127166 88175 1
127166 88390 1
127166 88396 1
127166 89449 1
127166 93368 1
127166 94292 1
127166 94294 2
127166 95284 1
127166 96662 1
127166 97675 1
127166 97773 1
127166 97919 1
127166 98132 1
127166 102698 1
127166 103158 1
127166 121619 1
127166 125490 1
127166 127688 1
127688 88175 1
127688 88390 1
127688 88396 1
127688 89449 1
127688 94292 1
127688 94294 1
127688 95284 1
127688 96662 1
127688 97675 1
127688 97773 1
127688 97919 1
127688 98132 1
127688 102698 1
127688 103158 1
127688 121619 1
127688 125490 1
127688 127166 1
88395 96661 1
88395 98133 1
88395 101894 1
101894 88395 1
101894 96661 1
101894 98133 1
98140 98136 1
98140 98139 1
98140 99038 1
98140 99557 1
98140 101105 1
98140 101106 1
98140 125921 1
99038 41652 1
99038 98136 1
99038 98139 1
99038 98140 1
99038 99557 2
99038 101105 1
99038 101106 1
99038 125921 1
99557 98136 1
99557 98139 1
99557 98140 1
99557 99038 2
99557 101105 1
99557 101106 1
99557 125921 1
101105 98136 1
101105 98139 1
101105 98140 1
101105 99038 1
101105 99557 1
101105 101106 2
101105 125921 1
101106 98136 1
101106 98139 1
101106 98140 1
101106 99038 1
101106 99557 1
101106 101105 2
101106 125921 1
125921 98136 1
125921 98139 1
125921 98140 1
125921 99038 1
125921 99557 1
125921 101105 1
125921 101106 1
78137 88926 1
78137 98138 1
125054 97774 1
125054 97919 1
125054 98139 1
125054 103157 1
84322 89335 3
84322 94961 1
84322 103158 1
89335 84322 3
89335 89334 1
89335 94961 1
89335 96661 1
89335 103158 1
45020 53302 4
45020 59611 1
45020 69662 1
46906 59611 1
46906 60082 1
46906 72850 1
46906 86374 1
46906 104234 1
46906 105804 1
53302 45020 4
53302 59611 1
53302 69662 1
60082 46906 1
60082 59611 1
60082 72850 1
60082 86374 1
60082 104234 1
60082 105804 1
61928 59611 1
61928 66554 1
61928 86374 1
61928 125125 1
66554 59611 1
66554 61928 1
66554 125125 1
70696 59611 1
70696 86374 1
70696 91766 1
70696 104984 1
70696 107886 1
72850 46906 1
72850 59611 1
72850 60082 1
72850 86374 1
72850 104234 1
72850 105804 1
91610 59611 1
91610 66341 1
91610 96589 1
91766 59611 1
91766 70696 1
91766 86374 1
91766 104984 1
91766 107886 2
104234 46906 1
104234 59611 1
104234 60082 1
104234 72537 1
104234 72850 1
104234 86374 1
104234 105804 1
104984 59611 1
104984 70696 1
104984 86374 1
104984 91766 1
104984 107886 1
105804 46906 1
105804 59611 1
105804 60082 1
105804 72850 1
105804 86374 1
105804 104234 1
105804 105805 1
107886 59611 1
107886 70696 1
107886 86374 1
107886 91766 2
107886 104984 1
125125 59611 1
125125 61928 1
125125 66554 1
97763 72839 1
106862 72839 1
80342 73008 1
80342 91474 1
80342 104992 1
80342 107635 1
86348 73008 1
86348 91474 1
96489 73008 1
96489 113086 1
104992 73008 1
104992 80342 1
104992 107635 1
113086 73008 1
113086 96489 1
114700 73008 1
114700 125461 1
53936 86374 1
53936 91655 1
53943 63112 1
53943 86374 1
56066 86374 1
63112 53943 1
63112 86374 1
64142 65123 1
64142 86374 1
65123 64142 1
65123 86374 1
65123 88124 1
72531 84367 1
72531 86374 1
72674 72685 1
72674 86374 1
72674 91474 1
75866 84373 1
75866 86374 1
75866 89693 1
75866 90544 1
75866 101640 1
84367 72531 1
84367 86374 1
84373 75866 1
84373 86374 1
84373 90544 1
84373 101640 1
90544 58982 1
90544 75866 1
90544 84373 1
90544 86374 1
90544 101640 1
91655 53936 1
91655 86374 1
101640 75866 1
101640 84373 1
101640 86374 1
101640 90544 1
117147 86374 1
74335 107635 1
74335 125461 1
114261 107635 1
125461 74335 1
125461 107635 2
125461 114700 1
125461 125462 7
56116 111292 1
70691 91772 1
70691 94871 1
70691 95837 1
70691 111292 1
72537 86656 1
72537 104234 1
72537 111292 1
86656 72537 1
86656 111292 1
91772 70691 1
91772 111292 1
101683 111292 1
88932 86682 1
103645 86683 1
94999 18912 1
94999 45180 1
94999 88516 1
94999 106116 1
94999 109510 1
43191 41658 1
43191 66394 1
43191 90320 1
43191 94152 1
66394 43191 1
66394 90320 1
66394 94152 1
90324 90320 1
41658 43191 1
89698 89689 1
93381 96661 1
18912 3028 1
18912 45180 1
18912 94999 1
45180 18912 1
45180 45008 1
45180 94999 1
106116 94999 1
106116 109510 1
125462 125461 7
88124 65123 1
72685 72674 1
105805 105804 1
69662 45020 1
69662 53302 1
84856 96579 2
84856 121619 1
41652 99038 1
116740 96315 1
90325 54535 1
91330 91329 1
3028 18912 1
45008 45180 1
