124597 121388 1
121388 121387 1
121388 124597 1
121387 51484 1
121387 52865 1
121387 61408 1
121387 75130 1
121387 78389 1
121387 88422 1
121387 94007 1
121387 94644 1
121387 98280 1
121387 101727 1
121387 103254 1
121387 103584 1
121387 104354 1
121387 107178 1
121387 107870 1
121387 109199 1
121387 109335 1
121387 112595 1
121387 112609 1
121387 112623 1
121387 113154 1
121387 117013 1
121387 117014 1
121387 117017 1
121387 117908 1
121387 118352 1
121387 119375 1
121387 121246 1
121387 121388 1
121387 121476 1
121387 121521 1
121387 121590 1
121387 121629 1
121387 123396 1
121387 123409 1
121387 125761 1
121387 127146 1
51484 12794 1
51484 26688 1
51484 29092 2
51484 39781 1
51484 40570 1
51484 41586 1
51484 47539 1
51484 50641 1
51484 52193 1
51484 52348 1
51484 52822 1
51484 53290 1
51484 54041 1
51484 56475 1
51484 56811 1
51484 57079 1
51484 57671 1
51484 58413 1
51484 62601 1
51484 62664 1
51484 62699 1
51484 63537 1
51484 64298 1
51484 64742 1
51484 65015 1
51484 65188 1
51484 66075 1
51484 67425 2
51484 67637 1
51484 68024 1
51484 68131 1
51484 69300 1
51484 69398 1
51484 69496 1
51484 70162 1
51484 71477 1
51484 74247 1
51484 74324 1
51484 75003 1
51484 77140 1
51484 78161 1
51484 78162 1
51484 78446 1
51484 79489 1
51484 79834 1
51484 80229 1
51484 82186 1
51484 82187 1
51484 82790 1
51484 83151 1
51484 84394 1
51484 84810 1
51484 85515 1
51484 85743 1
51484 86542 1
51484 87906 1
51484 89469 1
51484 89840 1
51484 89843 1
51484 90610 1
51484 90611 1
51484 91079 1
51484 92216 1
51484 92762 1
51484 94582 3
51484 94583 1
51484 96558 1
51484 99223 1
51484 100276 1
51484 101802 1
51484 103584 1
51484 109881 1
51484 110015 1
51484 110228 1
51484 110877 1
51484 111465 1
51484 111907 1
51484 121387 1
52865 121387 1
61408 28731 1
61408 31480 1
61408 32913 1
61408 34900 1
61408 36510 1
61408 38330 1
61408 39238 1
61408 41269 1
61408 42568 1
61408 42936 1
61408 43816 1
61408 44517 1
61408 47053 1
61408 47215 1
61408 47393 1
61408 47722 1
61408 47873 1
61408 48720 1
61408 49261 1
61408 50959 1
61408 51279 1
61408 52225 1
61408 52833 1
61408 53196 1
61408 53657 1
61408 54148 1
61408 58275 1
61408 59040 1
61408 60139 1
61408 60140 1
61408 60392 1
61408 60703 1
61408 61067 1
61408 61410 1
61408 61424 1
61408 61425 1
61408 63143 1
61408 64843 1
61408 65202 1
61408 68522 1
61408 69342 1
61408 69780 1
61408 70796 1
61408 72071 1
61408 72362 1
61408 72364 1
61408 72863 1
61408 73584 1
61408 74129 1
61408 74832 1
61408 75819 1
61408 76581 1
61408 76704 1
61408 76972 1
61408 77521 1
61408 78047 1
61408 78524 1
61408 79721 1
61408 80018 1
61408 81034 1
61408 81771 1
61408 83173 1
61408 83267 1
61408 84234 1
61408 84843 1
61408 85823 1
61408 85866 1
61408 85870 1
61408 86117 1
61408 86535 1
61408 87666 1
61408 88110 1
61408 88681 1
61408 88781 1
61408 88867 1
61408 89073 1
61408 89538 1
61408 89664 1
61408 90044 1
61408 94618 1
61408 97954 1
61408 98492 1
61408 100664 1
61408 103122 2
61408 104987 1
61408 107081 1
61408 107862 1
61408 108480 1
61408 109936 1
61408 113616 1
61408 113797 1
61408 115925 1
61408 121387 1
61408 126688 1
75130 58309 1
75130 58407 1
75130 58490 1
75130 58492 1
75130 75129 1
75130 75905 1
75130 87575 1
75130 88097 1
75130 89182 1
75130 91481 1
75130 96967 1
75130 99665 1
75130 100081 1
75130 103254 1
75130 107342 1
75130 109335 1
75130 109751 1
75130 113154 1
75130 113664 1
75130 114994 1
75130 115464 2
75130 116793 1
75130 121387 1
75130 121521 2
75130 126015 1
78389 78388 1
78389 80537 1
78389 89518 1
78389 96757 1
78389 104354 1
78389 111481 1
78389 121387 1
78389 121629 1
78389 124384 1
88422 26557 1
88422 38713 1
88422 41636 1
88422 44484 1
88422 46063 1
88422 50108 1
88422 51327 1
88422 60258 1
88422 75226 1
88422 76010 1
88422 76639 1
88422 78191 2
88422 79080 1
88422 79202 1
88422 80805 1
88422 82460 1
88422 82732 1
88422 83280 1
88422 83432 1
88422 85369 1
88422 85846 1
88422 86102 1
88422 86144 1
88422 86606 2
88422 87766 1
88422 87887 1
88422 87976 1
88422 88204 1
88422 89107 1
88422 89593 2
88422 90604 1
88422 90705 1
88422 91101 1
88422 91360 1
88422 91514 1
88422 93539 1
88422 93627 1
88422 94364 1
88422 94592 1
88422 94644 1
88422 96691 1
88422 98937 1
88422 99223 1
88422 101042 1
88422 101513 1
88422 102115 1
88422 102488 1
88422 102631 1
88422 102950 1
88422 103848 1
88422 103849 1
88422 105063 1
88422 107287 2
88422 108179 1
88422 109881 1
88422 109883 1
88422 110173 1
88422 110509 1
88422 111587 1
88422 121387 1
88422 121748 1
94007 69503 1
94007 87577 1
94007 94002 1
94007 94006 1
94007 94350 1
94007 98560 1
94007 107870 1
94007 109199 1
94007 111120 1
94007 112595 3
94007 114221 1
94007 117013 1
94007 117014 1
94007 117017 1
94007 118352 1
94007 119170 1
94007 119375 1
94007 119422 1
94007 121246 1
94007 121387 1
94007 121476 1
94007 121521 1
94007 121590 1
94007 123396 1
94007 123409 2
94007 125761 1
94007 127146 1
94644 75258 1
94644 76697 1
94644 77201 1
94644 88422 1
94644 94645 1
94644 96237 1
94644 96564 1
94644 121387 1
98280 52860 1
98280 54631 1
98280 57347 1
98280 75323 1
98280 81794 1
98280 82616 1
98280 88352 1
98280 89109 1
98280 90438 1
98280 90634 1
98280 92190 1
98280 93321 1
98280 96197 1
98280 97517 1
98280 98839 1
98280 98858 1
98280 100224 1
98280 101437 1
98280 106733 1
98280 107963 1
98280 108862 1
98280 112609 1
98280 113244 1
98280 113882 1
98280 115794 1
98280 117929 1
98280 121387 1
98280 124381 1
101727 58427 1
101727 72453 1
101727 73555 1
101727 89462 1
101727 90936 2
101727 96197 1
101727 96917 1
101727 99348 2
101727 99386 2
101727 99418 1
101727 100620 1
101727 101731 5
101727 101732 4
101727 103144 1
101727 107178 1
101727 107207 1
101727 109077 1
101727 110202 1
101727 111925 1
101727 111985 1
101727 113299 1
101727 117150 1
101727 117671 1
101727 118843 1
101727 121387 1
103254 12643 1
103254 20033 1
103254 40292 1
103254 41733 1
103254 52795 1
103254 59248 1
103254 67483 1
103254 69516 1
103254 70059 1
103254 70964 1
103254 75130 1
103254 79864 1
103254 82463 1
103254 86279 1
103254 86328 1
103254 87959 1
103254 89123 1
103254 89141 1
103254 89724 1
103254 94259 1
103254 95005 1
103254 95483 1
103254 96957 1
103254 101475 1
103254 102436 1
103254 103126 1
103254 103253 1
103254 103769 1
103254 105562 1
103254 105794 1
103254 106193 1
103254 106739 1
103254 106747 1
103254 108862 1
103254 109335 1
103254 111108 1
103254 112252 1
103254 112436 1
103254 112623 1
103254 113108 1
103254 113154 1
103254 113525 1
103254 114797 1
103254 116509 1
103254 117967 1
103254 118713 1
103254 121387 1
103254 121521 2
103254 121522 1
103254 122697 1
103254 125103 1
103254 126027 1
103254 126956 1
103584 34813 1
103584 51484 1
103584 55614 1
103584 58240 1
103584 58484 1
103584 59038 1
103584 60189 1
103584 62264 1
103584 67674 1
103584 75163 1
103584 75671 1
103584 79979 1
103584 80575 1
103584 81851 1
103584 82041 1
103584 83295 1
103584 87903 1
103584 89496 1
103584 89876 1
103584 89877 1
103584 89879 1
103584 89880 2
103584 89881 2
103584 89882 1
103584 90635 1
103584 90661 1
103584 91481 1
103584 91516 1
103584 92850 1
103584 94719 1
103584 95035 2
103584 95800 1
103584 96237 1
103584 96380 1
103584 98296 1
103584 98298 1
103584 98894 3
103584 99001 1
103584 99543 1
103584 99608 1
103584 101527 1
103584 101989 1
103584 103585 1
103584 105067 2
103584 106095 1
103584 107584 1
103584 112035 1
103584 112354 2
103584 113469 1
103584 115881 1
103584 117120 1
103584 121387 1
104354 26332 1
104354 48594 1
104354 51429 1
104354 51556 1
104354 57658 1
104354 58350 1
104354 60769 1
104354 61891 1
104354 67796 1
104354 78389 1
104354 79589 1
104354 81996 1
104354 83296 1
104354 83905 1
104354 86566 1
104354 86608 1
104354 89544 1
104354 90720 1
104354 90843 1
104354 91384 1
104354 91920 1
104354 92842 1
104354 93662 1
104354 93715 1
104354 97177 1
104354 99149 1
104354 101674 1
104354 102746 1
104354 104238 1
104354 104353 1
104354 105643 1
104354 106026 1
104354 106660 1
104354 108354 2
104354 108617 1
104354 108774 1
104354 110388 1
104354 114538 1
104354 114972 1
104354 116174 1
104354 116522 1
104354 116530 1
104354 116602 1
104354 118337 1
104354 121387 1
104354 121629 1
104354 122727 1
104354 123278 1
107178 56779 1
107178 58269 1
107178 63930 1
107178 64933 1
107178 69399 1
107178 80130 1
107178 84896 1
107178 88097 1
107178 101727 1
107178 121387 1
107870 94007 1
107870 109199 1
107870 112595 1
107870 117013 6
107870 117014 7
107870 117015 4
107870 117017 10
107870 117019 1
107870 117967 1
107870 118352 1
107870 119375 1
107870 121246 1
107870 121387 1
107870 121476 1
107870 121590 1
107870 123396 1
107870 123409 1
107870 125761 1
107870 127146 1
109199 94007 1
109199 98560 1
109199 99223 1
109199 107870 1
109199 112595 1
109199 117013 1
109199 117014 1
109199 117017 1
109199 118352 1
109199 119375 1
109199 121246 1
109199 121387 1
109199 121476 1
109199 121590 1
109199 123396 1
109199 123409 1
109199 124233 1
109199 125761 1
109199 127146 1
109335 75130 1
109335 79589 1
109335 103254 1
109335 113154 1
109335 121387 1
109335 121521 1
112595 69503 1
112595 87577 1
112595 94007 3
112595 94350 1
112595 98560 1
112595 107870 1
112595 109199 1
112595 111120 1
112595 114221 1
112595 117013 1
112595 117014 1
112595 117017 1
112595 118352 1
112595 119375 1
112595 119422 1
112595 119909 1
112595 120032 1
112595 121246 1
112595 121387 1
112595 121476 1
112595 121548 1
112595 121590 1
112595 123396 1
112595 123409 2
112595 125761 1
112595 127146 1
112609 86535 1
112609 96967 1
112609 98280 1
112609 101513 1
112609 103144 1
112609 110173 1
112609 111465 1
112609 111907 1
112609 121387 1
112623 89724 1
112623 103254 1
112623 103769 1
112623 108354 2
112623 111120 1
112623 112035 1
112623 114972 1
112623 121387 1
113154 75130 1
113154 103254 1
113154 109335 1
113154 121387 1
113154 121521 1
117013 94007 1
117013 107870 6
117013 109199 1
117013 112595 1
117013 113797 1
117013 114585 1
117013 117014 4
117013 117015 3
117013 117017 4
117013 117018 1
117013 117019 2
117013 117404 1
117013 118352 1
117013 119375 1
117013 121246 1
117013 121248 1
117013 121387 1
117013 121476 1
117013 121590 1
117013 123396 1
117013 123409 1
117013 125761 1
117013 127146 1
117014 94007 1
117014 107870 7
117014 109199 1
117014 112595 1
117014 114585 1
117014 117013 4
117014 117015 1
117014 117017 5
117014 117018 1
117014 117019 2
117014 117404 1
117014 118352 1
117014 119375 1
117014 121246 1
117014 121248 1
117014 121387 1
117014 121476 1
117014 121590 1
117014 123396 1
117014 123409 1
117014 125761 1
117014 127146 1
117017 94007 1
117017 107870 10
117017 109199 1
117017 112595 1
117017 117013 4
117017 117014 5
117017 117015 2
117017 117019 1
117017 118352 1
117017 119375 1
117017 121246 1
117017 121387 1
117017 121476 1
117017 121590 1
117017 123396 1
117017 123409 1
117017 125599 1
117017 125761 1
117017 127146 1
117908 76697 1
117908 80130 1
117908 100231 1
117908 108354 1
117908 111985 1
117908 121387 1
117908 125761 1
118352 94007 1
118352 107870 1
118352 109199 1
118352 112595 1
118352 117013 1
118352 117014 1
118352 117017 1
118352 119375 1
118352 121246 1
118352 121387 1
118352 121476 1
118352 121590 1
118352 123396 1
118352 123409 1
118352 125761 1
118352 127146 1
119375 94007 1
119375 107870 1
119375 109199 1
119375 112595 1
119375 117013 1
119375 117014 1
119375 117017 1
119375 118352 1
119375 121246 1
119375 121387 1
119375 121476 1
119375 121590 1
119375 123396 1
119375 123409 1
119375 125761 1
119375 127146 1
121246 62601 1
121246 94007 1
121246 107870 1
121246 109199 1
121246 112595 1
121246 117013 1
121246 117014 1
121246 117017 1
121246 118352 1
121246 119375 1
121246 121387 1
121246 121476 1
121246 121590 1
121246 123396 1
121246 123409 1
121246 125761 1
121246 126027 1
121246 127146 1
121476 94007 1
121476 107870 1
121476 109199 1
121476 112595 1
121476 117013 1
121476 117014 1
121476 117017 1
121476 118352 1
121476 119375 1
121476 121246 1
121476 121387 1
121476 121590 1
121476 123396 1
121476 123409 1
121476 125761 1
121476 127146 1
121521 75130 2
121521 94007 1
121521 103254 2
121521 109335 1
121521 113154 1
121521 121387 1
121521 121522 1
121590 94007 1
121590 107870 1
121590 109199 1
121590 112595 1
121590 117013 1
121590 117014 1
121590 117017 1
121590 118352 1
121590 119375 1
121590 121246 1
121590 121387 1
121590 121476 1
121590 123396 1
121590 123409 1
121590 125761 1
121590 127146 1
121629 78389 1
121629 92762 1
121629 104354 1
121629 121387 1
123396 62601 1
123396 94007 1
123396 107870 1
123396 109199 1
123396 112595 1
123396 117013 1
123396 117014 1
123396 117017 1
123396 118352 1
123396 119375 1
123396 121246 1
123396 121387 1
123396 121476 1
123396 121590 1
123396 123409 1
123396 125761 1
123396 127146 1
123409 94007 2
123409 107870 1
123409 109199 1
123409 112595 2
123409 117013 1
123409 117014 1
123409 117017 1
123409 118352 1
123409 119375 1
123409 121246 1
123409 121387 1
123409 121476 1
123409 121590 1
123409 123396 1
123409 125761 1
123409 127146 1
125761 94007 1
125761 100231 1
125761 103917 1
125761 107870 1
125761 109199 1
125761 112595 1
125761 117013 1
125761 117014 1
125761 117017 1
125761 117908 1
125761 118352 1
125761 119375 1
125761 121246 1
125761 121387 1
125761 121476 1
125761 121590 1
125761 123396 1
125761 123409 1
125761 126144 1
125761 127146 1
125761 127159 1
127146 94007 1
127146 107870 1
127146 109199 1
127146 112595 1
127146 117013 1
127146 117014 1
127146 117017 1
127146 118352 1
127146 119375 1
127146 121246 1
127146 121387 1
127146 121476 1
127146 121590 1
127146 123396 1
127146 123409 1
127146 125761 1
12794 51484 1
12794 84394 1
12794 86542 1
26688 51484 1
29092 47539 2
29092 48158 1
29092 51484 2
29092 52822 1
29092 67425 2
39781 51484 1
39781 54041 1
39781 56811 1
39781 64742 1
39781 90610 1
39781 90611 1
40570 50641 1
40570 51484 1
40570 69300 1
40570 69496 1
40570 70162 1
40570 71477 1
40570 74247 1
40570 74324 1
40570 77140 1
40570 78161 1
40570 78162 1
40570 78446 1
40570 79202 1
40570 84810 1
40570 110015 1
41586 51484 1
41586 53290 1
41586 58413 1
41586 62664 1
41586 62699 1
41586 79489 1
41586 87766 1
41586 94582 1
41586 109881 1
41586 110877 1
41586 111465 1
41586 126956 1
47539 29092 2
47539 51484 1
47539 52822 2
47539 67425 2
50641 40570 1
50641 51484 1
50641 69300 1
50641 69496 1
50641 70162 1
50641 71477 1
50641 74247 1
50641 74324 1
50641 77140 1
50641 78161 1
50641 78162 1
50641 78446 1
50641 84810 1
50641 110015 1
52193 51484 1
52193 89462 1
52193 96558 1
52348 51484 1
52348 56475 1
52348 60769 1
52348 69342 1
52348 73555 1
52348 86535 1
52348 89462 1
52348 94582 1
52822 29092 1
52822 47539 2
52822 51484 1
52822 67425 1
53290 41586 1
53290 51484 1
53290 58413 1
53290 62664 1
53290 62699 1
53290 79489 1
53290 94582 1
53290 109881 1
53290 110877 1
53290 111465 1
54041 39781 1
54041 51484 1
54041 56811 1
54041 64742 1
54041 90610 1
54041 90611 1
56475 51484 1
56475 52348 1
56475 57079 1
56475 65015 1
56475 74247 1
56475 82186 1
56475 82187 1
56475 85515 1
56475 89469 1
56475 111907 1
56811 39781 1
56811 51484 1
56811 54041 1
56811 64742 1
56811 65188 1
56811 86535 1
56811 90610 1
56811 90611 1
56811 96378 1
57079 51484 1
57079 56475 1
57079 65015 1
57079 82186 1
57079 82187 1
57079 85515 1
57079 86535 1
57079 89469 1
57079 90044 1
57079 96380 1
57079 96757 1
57079 96917 1
57079 100081 1
57079 101989 1
57079 105063 1
57079 110228 1
57079 111907 1
57671 51484 1
57671 62601 1
57671 63537 1
57671 65188 1
57671 67674 1
57671 79834 1
57671 80229 1
57671 82790 1
57671 92216 1
57671 92762 1
57671 94582 1
57671 101802 1
58413 41586 1
58413 51484 1
58413 53290 1
58413 62664 1
58413 62699 1
58413 79489 1
58413 94582 1
58413 109881 1
58413 110877 1
58413 111465 1
62601 51484 1
62601 57671 1
62601 63537 1
62601 65188 1
62601 79834 1
62601 80229 1
62601 82460 1
62601 82790 1
62601 92216 1
62601 92762 1
62601 94582 1
62601 101802 1
62601 105643 1
62601 107342 1
62601 121246 1
62601 123396 1
62664 41586 1
62664 51484 1
62664 53290 1
62664 58413 1
62664 62699 1
62664 79489 1
62664 89462 1
62664 94582 1
62664 109881 1
62664 110877 1
62664 111465 1
62699 41586 1
62699 51429 1
62699 51484 1
62699 53290 1
62699 58413 1
62699 62664 1
62699 67851 1
62699 69516 1
62699 79489 1
62699 94582 1
62699 109881 1
62699 110877 1
62699 111465 1
63537 51484 1
63537 57671 1
63537 62601 1
63537 65188 1
63537 79834 1
63537 80229 1
63537 82790 1
63537 89496 1
63537 92216 1
63537 92762 1
63537 94582 1
63537 101802 1
64298 51484 1
64298 61294 1
64298 61295 1
64298 68131 1
64298 70725 1
64298 70726 1
64298 70727 1
64298 86144 1
64298 87906 1
64298 94583 1
64298 110228 1
64742 39781 1
64742 51484 1
64742 54041 1
64742 56811 1
64742 78446 1
64742 90610 1
64742 90611 1
65015 51484 1
65015 56475 1
65015 57079 1
65015 82186 1
65015 82187 1
65015 85515 1
65015 89469 1
65015 111907 1
65188 51484 1
65188 56811 1
65188 57671 1
65188 62601 1
65188 63537 1
65188 79834 1
65188 80229 1
65188 82790 1
65188 92216 1
65188 92762 1
65188 94582 1
65188 101802 1
66075 51484 1
66075 69516 1
66075 84843 1
66075 85515 1
66075 93627 1
66075 95800 1
66075 110228 1
67425 29092 2
67425 47539 2
67425 51484 2
67425 52822 1
67637 40292 1
67637 51484 1
67637 93627 1
68024 51484 1
68024 69398 1
68024 75003 1
68024 82187 1
68024 83151 1
68024 89843 1
68131 51484 1
68131 64298 1
68131 75258 1
68131 75323 1
68131 87906 1
68131 94583 1
68131 98298 1
68131 99223 4
68131 104238 1
68131 110228 1
69300 40570 1
69300 50641 1
69300 51484 1
69300 69496 1
69300 70162 1
69300 71477 1
69300 74247 1
69300 74324 1
69300 77140 1
69300 78161 1
69300 78162 1
69300 78446 1
69300 84810 1
69300 110015 1
69398 51484 1
69398 68024 1
69398 75003 1
69398 75226 1
69398 83151 1
69398 83432 1
69398 89843 1
69398 96691 1
69496 40570 1
69496 50641 1
69496 51484 1
69496 69300 1
69496 70162 1
69496 71477 1
69496 74247 2
69496 74324 1
69496 77140 1
69496 78161 1
69496 78162 1
69496 78446 1
69496 84810 1
69496 110015 1
70162 40570 1
70162 50641 1
70162 51484 1
70162 69300 1
70162 69496 1
70162 71477 1
70162 74247 1
70162 74324 1
70162 77140 1
70162 78161 1
70162 78162 1
70162 78446 1
70162 84810 1
70162 110015 1
71477 40570 1
71477 50641 1
71477 51484 1
71477 69300 1
71477 69496 1
71477 70162 1
71477 74247 1
71477 74324 1
71477 77140 1
71477 78161 1
71477 78162 1
71477 78446 1
71477 84810 1
71477 110015 1
74247 40570 1
74247 50641 1
74247 51484 1
74247 56475 1
74247 67543 1
74247 69300 1
74247 69496 2
74247 70162 1
74247 71477 1
74247 74324 1
74247 77140 1
74247 78161 1
74247 78162 1
74247 78446 1
74247 80229 1
74247 82463 1
74247 84810 1
74247 85369 1
74247 97244 1
74247 110015 1
74247 122406 1
74324 40570 1
74324 50641 1
74324 51484 1
74324 69300 1
74324 69496 1
74324 70162 1
74324 71477 1
74324 74247 1
74324 77140 1
74324 78161 1
74324 78162 1
74324 78446 1
74324 84810 1
74324 110015 1
75003 51484 1
75003 68024 1
75003 69398 1
75003 83151 1
75003 89843 1
77140 40570 1
77140 50641 1
77140 51484 1
77140 69300 1
77140 69496 1
77140 70162 1
77140 71477 1
77140 74247 1
77140 74324 1
77140 78161 1
77140 78162 1
77140 78446 1
77140 84810 1
77140 110015 1
78161 40570 1
78161 50641 1
78161 51484 1
78161 69300 1
78161 69496 1
78161 70162 1
78161 71477 1
78161 74247 1
78161 74324 1
78161 75905 1
78161 77140 1
78161 78162 3
78161 78446 1
78161 84810 1
78161 96967 1
78161 110015 1
78162 40570 1
78162 50641 1
78162 51484 1
78162 69300 1
78162 69496 1
78162 70162 1
78162 71477 1
78162 74247 1
78162 74324 1
78162 77140 1
78162 78161 3
78162 78446 1
78162 84810 1
78162 110015 1
78446 40570 1
78446 50641 1
78446 51484 1
78446 64742 1
78446 69300 1
78446 69496 1
78446 70162 1
78446 71477 1
78446 74247 1
78446 74324 1
78446 77140 1
78446 78161 1
78446 78162 1
78446 84810 1
78446 110015 1
79489 41586 1
79489 51484 1
79489 53290 1
79489 58413 1
79489 62664 1
79489 62699 1
79489 94582 1
79489 99167 1
79489 109881 1
79489 110877 1
79489 111465 1
79834 51484 1
79834 57671 1
79834 62601 1
79834 63537 1
79834 65188 1
79834 80229 1
79834 82790 1
79834 92216 1
79834 92762 1
79834 94582 1
79834 101802 1
80229 51484 1
80229 57671 1
80229 62601 1
80229 63537 1
80229 65188 1
80229 74247 1
80229 79834 1
80229 82790 1
80229 92216 1
80229 92762 1
80229 94582 1
80229 101802 1
82186 51484 1
82186 56475 1
82186 57079 1
82186 65015 1
82186 82187 1
82186 85515 1
82186 89469 1
82186 111907 1
82187 51484 1
82187 56475 1
82187 57079 1
82187 65015 1
82187 68024 1
82187 82186 1
82187 85515 1
82187 89469 1
82187 90438 1
82187 91360 1
82187 111907 1
82790 51484 1
82790 57671 1
82790 62601 1
82790 63537 1
82790 65188 1
82790 79834 1
82790 80229 1
82790 92216 1
82790 92762 1
82790 94582 1
82790 96967 1
82790 101802 1
83151 51484 1
83151 68024 1
83151 69398 1
83151 75003 1
83151 85515 1
83151 89843 1
84394 12794 1
84394 51484 1
84394 86542 1
84810 40570 1
84810 50641 1
84810 51484 1
84810 69300 1
84810 69496 1
84810 70162 1
84810 71477 1
84810 74247 1
84810 74324 1
84810 77140 1
84810 78161 1
84810 78162 1
84810 78446 1
84810 110015 1
85515 51484 1
85515 56475 1
85515 57079 1
85515 65015 1
85515 66075 1
85515 70964 1
85515 82186 1
85515 82187 1
85515 83151 1
85515 89469 1
85515 110228 1
85515 111907 1
85743 51484 1
85743 77201 1
85743 86566 1
85743 89840 2
85743 99223 1
86542 12794 1
86542 51484 1
86542 84394 1
87906 51484 1
87906 64298 1
87906 68131 1
87906 94583 1
87906 110228 1
89469 51484 1
89469 56475 1
89469 57079 1
89469 65015 1
89469 82186 1
89469 82187 1
89469 85515 1
89469 111907 1
89840 51484 1
89840 85743 2
89840 99223 1
89843 51484 1
89843 68024 1
89843 69398 1
89843 75003 1
89843 83151 1
89843 99223 1
89843 101042 1
90610 39781 1
90610 51484 1
90610 54041 1
90610 56811 1
90610 64742 1
90610 69503 1
90610 90611 1
90611 39781 1
90611 51484 1
90611 54041 1
90611 56811 1
90611 64742 1
90611 79080 1
90611 90610 1
91079 51484 1
91079 82041 1
92216 51484 1
92216 57671 1
92216 62601 1
92216 63537 1
92216 65188 1
92216 79834 1
92216 80229 1
92216 82790 1
92216 92762 1
92216 94582 1
92216 101802 1
92762 51484 1
92762 57671 1
92762 62601 1
92762 63537 1
92762 65188 1
92762 79834 1
92762 80229 1
92762 82460 1
92762 82790 1
92762 86566 1
92762 91481 1
92762 92216 1
92762 94582 1
92762 98560 1
92762 101802 1
92762 114538 1
92762 121629 1
94582 41586 1
94582 51484 3
94582 52348 1
94582 53290 1
94582 57671 1
94582 58413 1
94582 62601 1
94582 62664 1
94582 62699 1
94582 63537 1
94582 65188 1
94582 79489 1
94582 79834 1
94582 80229 1
94582 82790 1
94582 92216 1
94582 92762 1
94582 101802 1
94582 109881 1
94582 110877 1
94582 111465 1
94583 51484 1
94583 64298 1
94583 68131 1
94583 87906 1
94583 92850 1
94583 95800 1
94583 110228 1
96558 51484 1
96558 52193 1
96558 107342 1
99223 26557 1
99223 41636 1
99223 51484 1
99223 68131 4
99223 75258 1
99223 82460 1
99223 82732 1
99223 84896 1
99223 85743 1
99223 88204 1
99223 88422 1
99223 89840 1
99223 89843 1
99223 93627 1
99223 96691 1
99223 96757 1
99223 98560 1
99223 101042 1
99223 109199 1
99223 109384 1
99223 109881 1
100276 51484 1
100276 94592 1
100276 102950 2
101802 51484 1
101802 57671 1
101802 62601 1
101802 63537 1
101802 65188 1
101802 76697 1
101802 79834 1
101802 80229 1
101802 82790 1
101802 92216 1
101802 92762 1
101802 94582 1
101802 98839 1
101802 106739 1
101802 113786 1
109881 26557 1
109881 41586 1
109881 41636 1
109881 51484 1
109881 53290 1
109881 58413 1
109881 62664 1
109881 62699 1
109881 79489 1
109881 82460 1
109881 87887 1
109881 88204 1
109881 88422 1
109881 90635 1
109881 93627 1
109881 94582 1
109881 96691 1
109881 99223 1
109881 109883 3
109881 110877 1
109881 111465 1
110015 40570 1
110015 50641 1
110015 51484 1
110015 69300 1
110015 69496 1
110015 70162 1
110015 71477 1
110015 74247 1
110015 74324 1
110015 77140 1
110015 78161 1
110015 78162 1
110015 78446 1
110015 84810 1
110228 51484 1
110228 57079 1
110228 64298 1
110228 66075 1
110228 67796 1
110228 68131 1
110228 85515 1
110228 87906 1
110228 94583 1
110228 96917 1
110228 99608 1
110228 101527 1
110877 41586 1
110877 51484 1
110877 53290 1
110877 58413 1
110877 62664 1
110877 62699 1
110877 79489 1
110877 94582 1
110877 98432 1
110877 109881 1
110877 111465 1
111465 41586 1
111465 51484 1
111465 53290 1
111465 58413 1
111465 62664 1
111465 62699 1
111465 73555 1
111465 79489 1
111465 80537 1
111465 94582 1
111465 102631 1
111465 109881 1
111465 110877 1
111465 112609 1
111465 126015 1
111907 51484 1
111907 56475 1
111907 57079 1
111907 65015 1
111907 82186 1
111907 82187 1
111907 85515 1
111907 89469 1
111907 98298 1
111907 99608 1
111907 112609 1
28731 34900 1
28731 44484 1
28731 52833 1
28731 54148 1
28731 59040 1
28731 61408 1
28731 61424 1
28731 61425 1
28731 68522 1
28731 76581 1
28731 76972 1
28731 83296 1
28731 90044 1
28731 113797 1
31480 49261 1
31480 61408 1
31480 69780 1
31480 88867 1
32913 39238 1
32913 42936 1
32913 47873 1
32913 60139 1
32913 60140 1
32913 61408 1
32913 85866 1
34900 28731 1
34900 52833 1
34900 54148 1
34900 59040 1
34900 61408 1
34900 61424 1
34900 61425 1
34900 68522 1
34900 76581 1
34900 76972 1
34900 90044 1
34900 113797 1
36510 61408 1
36510 65202 1
38330 48720 1
38330 53657 1
38330 61408 1
38330 81771 1
39238 32913 1
39238 42936 1
39238 47873 1
39238 60139 1
39238 60140 1
39238 61408 1
39238 85866 1
41269 47722 1
41269 48720 1
41269 52225 1
41269 60392 1
41269 61408 1
41269 72362 1
41269 76704 1
42568 47053 1
42568 61408 1
42568 75819 1
42568 86117 1
42568 86535 1
42936 32913 1
42936 39238 1
42936 47873 1
42936 60139 1
42936 60140 1
42936 61408 1
42936 85866 1
43816 47393 1
43816 52225 1
43816 53196 1
43816 61408 1
43816 61410 1
43816 72863 1
43816 79721 1
43816 88867 1
43816 89073 1
43816 94618 1
43816 103122 1
44517 47215 1
44517 47393 1
44517 50959 1
44517 61408 1
44517 61410 1
44517 63143 1
44517 72071 1
44517 72364 1
44517 74832 1
44517 83173 1
44517 83267 1
47053 42568 1
47053 61408 1
47053 75819 1
47053 86117 1
47053 86535 1
47215 44517 1
47215 47393 1
47215 50959 1
47215 61408 1
47215 61410 1
47215 63143 1
47215 72071 1
47215 72364 1
47215 74832 1
47215 83173 2
47215 83267 3
47215 84148 1
47393 43816 1
47393 44517 1
47393 47215 1
47393 50959 1
47393 61408 1
47393 61410 1
47393 63143 1
47393 72071 1
47393 72364 1
47393 74832 1
47393 83173 1
47393 83267 1
47722 41269 1
47722 48833 1
47722 50959 1
47722 52225 1
47722 53196 1
47722 60392 1
47722 61408 1
47722 72362 1
47722 76704 1
47873 32913 1
47873 39238 1
47873 42936 1
47873 60139 1
47873 60140 1
47873 61408 1
47873 64676 1
47873 85866 1
48720 38330 1
48720 41269 1
48720 52225 2
48720 53657 1
48720 61408 1
48720 72863 1
48720 81771 1
48720 85870 1
49261 31480 1
49261 52225 1
49261 61408 1
49261 69780 1
50959 44517 1
50959 47215 1
50959 47393 1
50959 47722 1
50959 61408 1
50959 61410 1
50959 63143 1
50959 72071 1
50959 72364 1
50959 74832 1
50959 83173 1
50959 83267 1
50959 90634 1
51279 58275 1
51279 60703 1
51279 61408 1
51279 69342 1
51279 77521 1
51279 81034 1
51279 84234 1
51279 85823 1
51279 88781 1
51279 89538 1
51279 104987 1
51279 107081 1
51279 108480 1
51279 113616 1
51279 115925 1
52225 41269 1
52225 43816 1
52225 47722 1
52225 48720 2
52225 49261 1
52225 53196 3
52225 61408 1
52225 72863 1
52833 28731 1
52833 34900 1
52833 54148 1
52833 59040 1
52833 61408 1
52833 61424 1
52833 61425 1
52833 68522 1
52833 76581 1
52833 76972 1
52833 90044 1
52833 113797 1
53196 43816 1
53196 47722 1
53196 52225 3
53196 61408 1
53196 72863 1
53657 38330 1
53657 48720 1
53657 55332 1
53657 61408 1
53657 81771 1
54148 28731 1
54148 34900 1
54148 52833 1
54148 55085 1
54148 59040 1
54148 61408 1
54148 61424 1
54148 61425 1
54148 68522 1
54148 76581 1
54148 76972 1
54148 90044 1
54148 113797 1
58275 51279 1
58275 60703 1
58275 61408 1
58275 69342 1
58275 77521 1
58275 81034 1
58275 84234 1
58275 85823 1
58275 88781 1
58275 89538 1
58275 104987 1
58275 107081 1
58275 108480 1
58275 113616 1
58275 115925 1
59040 28731 1
59040 34900 1
59040 52833 1
59040 54148 1
59040 58459 1
59040 61408 1
59040 61424 1
59040 61425 1
59040 68522 1
59040 76581 1
59040 76972 1
59040 90044 1
59040 113797 1
60139 32913 1
60139 39238 1
60139 42936 1
60139 47873 1
60139 54631 1
60139 60140 1
60139 61408 1
60139 85866 1
60140 32913 1
60140 39238 1
60140 42936 1
60140 47873 1
60140 60139 1
60140 61408 1
60140 85866 1
60392 41269 1
60392 47722 1
60392 61408 1
60392 72362 1
60392 76704 1
60703 51279 1
60703 58275 1
60703 61408 1
60703 69342 1
60703 77521 1
60703 81034 1
60703 84234 1
60703 85823 1
60703 88781 1
60703 89538 1
60703 104987 1
60703 107081 1
60703 108480 1
60703 113616 1
60703 115925 1
61067 58309 1
61067 61408 1
61067 73584 1
61067 76697 1
61067 80018 1
61067 83432 1
61067 87666 1
61067 88681 1
61067 88867 1
61067 89073 1
61067 89881 1
61067 91481 1
61067 103122 1
61410 43816 1
61410 44517 1
61410 47215 1
61410 47393 1
61410 50959 1
61410 61408 1
61410 63143 1
61410 65202 2
61410 70796 1
61410 72071 1
61410 72364 1
61410 74129 1
61410 74832 1
61410 79721 2
61410 80018 1
61410 83173 1
61410 83267 1
61410 88110 1
61410 88867 2
61410 89073 1
61410 98492 1
61410 100664 1
61410 103122 1
61410 107862 1
61410 126688 1
61424 28731 1
61424 34900 1
61424 52833 1
61424 54148 1
61424 59040 1
61424 61408 1
61424 61425 1
61424 68522 1
61424 76581 1
61424 76972 1
61424 90044 1
61424 113797 1
61425 28731 1
61425 34900 1
61425 52833 1
61425 54148 1
61425 59040 1
61425 61408 1
61425 61424 1
61425 68522 1
61425 76581 1
61425 76972 1
61425 90044 1
61425 113797 1
63143 44517 1
63143 47215 1
63143 47393 1
63143 50959 1
63143 61408 1
63143 61410 1
63143 72071 1
63143 72364 1
63143 74832 1
63143 83173 1
63143 83267 1
64843 61408 1
65202 36510 1
65202 61408 1
65202 61410 2
65202 79721 2
65202 80018 1
65202 94618 1
65202 100664 3
65202 126688 2
68522 28731 1
68522 34900 1
68522 41733 1
68522 52833 1
68522 54148 1
68522 59040 1
68522 61408 1
68522 61424 1
68522 61425 1
68522 76581 1
68522 76972 1
68522 83432 1
68522 90044 1
68522 113797 1
69342 51279 1
69342 52348 1
69342 58275 1
69342 60703 1
69342 61408 1
69342 67796 1
69342 77521 1
69342 81034 1
69342 84234 1
69342 85823 3
69342 88781 1
69342 89538 1
69342 96564 1
69342 104987 1
69342 107081 1
69342 108480 1
69342 113616 1
69342 115925 1
69780 31480 1
69780 43859 1
69780 49261 1
69780 61408 1
70796 61408 1
70796 61410 1
70796 88110 1
72071 44517 1
72071 47215 1
72071 47393 1
72071 50959 1
72071 61408 1
72071 61410 1
72071 63143 1
72071 72364 1
72071 74832 1
72071 83173 1
72071 83267 1
72362 41269 1
72362 47722 1
72362 57963 1
72362 60392 1
72362 61408 1
72362 72364 1
72362 76704 2
72364 44517 1
72364 47215 1
72364 47393 1
72364 50959 1
72364 61408 1
72364 61410 1
72364 63143 1
72364 72071 1
72364 72362 1
72364 74832 1
72364 83173 1
72364 83267 1
72863 43816 1
72863 48720 1
72863 52225 1
72863 53196 1
72863 61408 1
73584 61067 1
73584 61408 1
73584 80018 1
73584 87666 1
73584 88681 1
73584 88867 1
73584 89073 1
73584 103122 1
73584 107963 1
74129 61408 1
74129 61410 1
74129 79721 3
74129 84843 3
74129 89073 3
74129 89664 1
74129 97954 1
74129 98492 2
74129 100664 3
74129 103122 1
74129 107862 2
74129 109936 1
74129 126688 2
74832 44517 1
74832 47215 1
74832 47393 1
74832 50959 1
74832 61408 1
74832 61410 1
74832 63143 1
74832 72071 1
74832 72364 1
74832 83173 1
74832 83267 1
75819 42568 1
75819 47053 1
75819 61408 1
75819 86117 1
75819 86535 1
76581 28731 1
76581 34900 1
76581 52833 1
76581 54148 1
76581 59040 1
76581 61408 1
76581 61424 1
76581 61425 1
76581 68522 1
76581 76972 1
76581 90044 1
76581 113797 1
76704 41269 1
76704 47722 1
76704 60392 1
76704 61408 1
76704 71226 1
76704 72362 2
76972 26557 1
76972 28731 1
76972 34900 1
76972 52833 1
76972 54148 1
76972 59040 1
76972 61408 1
76972 61424 1
76972 61425 1
76972 68522 1
76972 76581 1
76972 90044 1
76972 94002 1
76972 113797 1
77521 51279 1
77521 58275 1
77521 60703 1
77521 61408 1
77521 69342 1
77521 81034 1
77521 83432 1
77521 84234 1
77521 85823 1
77521 88781 1
77521 89538 1
77521 104987 1
77521 107081 1
77521 108480 1
77521 113616 1
77521 115925 1
78047 61408 1
78047 78524 1
78047 85870 1
78524 61408 1
78524 70856 1
78524 78047 1
78524 85870 1
79721 43816 1
79721 61408 1
79721 61410 2
79721 65202 2
79721 74129 3
79721 84843 3
79721 88110 1
79721 88867 1
79721 89073 1
79721 89664 1
79721 97954 1
79721 98492 4
79721 100664 5
79721 107862 2
79721 109936 1
79721 126688 3
80018 61067 1
80018 61408 1
80018 61410 1
80018 65202 1
80018 73584 1
80018 87666 2
80018 88681 1
80018 88867 1
80018 89073 1
80018 94618 1
80018 98492 1
80018 100664 1
80018 103122 2
81034 51279 1
81034 58275 1
81034 60703 1
81034 61408 1
81034 69342 1
81034 77521 1
81034 84234 1
81034 85823 1
81034 88781 1
81034 89538 1
81034 104987 1
81034 107081 1
81034 108480 1
81034 113616 1
81034 115925 1
81771 38330 1
81771 48720 1
81771 53657 1
81771 55614 1
81771 61408 1
83173 44517 1
83173 47215 2
83173 47393 1
83173 50959 1
83173 61408 1
83173 61410 1
83173 63143 1
83173 72071 1
83173 72364 1
83173 74832 1
83173 83267 4
83267 44517 1
83267 47215 3
83267 47393 1
83267 50959 1
83267 61408 1
83267 61410 1
83267 63143 1
83267 72071 1
83267 72364 1
83267 74832 1
83267 83173 4
84234 51279 1
84234 58275 1
84234 60703 1
84234 61408 1
84234 69342 1
84234 77521 1
84234 81034 1
84234 85823 1
84234 86279 1
84234 88781 1
84234 89538 1
84234 104987 1
84234 107081 1
84234 108480 1
84234 113616 1
84234 115925 1
84843 61408 1
84843 66075 1
84843 74129 3
84843 79721 3
84843 88110 1
84843 89073 1
84843 89664 1
84843 97954 1
84843 98492 4
84843 100664 4
84843 107862 2
84843 109936 1
85823 11381 1
85823 51279 1
85823 58275 1
85823 60703 1
85823 61408 1
85823 69342 3
85823 77521 1
85823 81034 1
85823 82732 1
85823 84234 1
85823 88781 1
85823 89538 1
85823 101989 1
85823 104987 1
85823 107081 1
85823 108480 1
85823 113616 1
85823 115925 1
85866 32913 1
85866 39238 1
85866 42936 1
85866 47873 1
85866 58492 1
85866 60139 1
85866 60140 1
85866 61408 1
85866 84484 1
85866 108282 1
85870 26557 1
85870 48720 1
85870 61408 1
85870 78047 1
85870 78524 1
86117 42568 1
86117 47053 1
86117 61408 1
86117 75819 1
86117 86535 1
86117 87903 1
86117 109751 1
86535 42568 1
86535 47053 1
86535 48857 1
86535 52348 1
86535 56811 1
86535 57079 1
86535 61408 1
86535 75163 1
86535 75819 1
86535 86117 1
86535 87976 1
86535 98296 1
86535 101989 1
86535 112609 1
86535 113797 1
87666 61067 1
87666 61408 1
87666 73584 1
87666 80018 2
87666 88681 1
87666 88867 2
87666 89073 2
87666 98492 1
87666 100664 2
87666 103122 1
87666 126688 1
88110 61408 1
88110 61410 1
88110 70796 1
88110 79721 1
88110 84843 1
88110 88111 1
88681 61067 1
88681 61408 1
88681 73584 1
88681 80018 1
88681 87666 1
88681 88867 1
88681 89073 1
88681 103122 1
88781 51279 1
88781 55889 1
88781 58275 1
88781 60703 1
88781 61408 1
88781 69342 1
88781 77521 1
88781 81034 1
88781 84234 1
88781 85823 1
88781 89538 1
88781 104987 1
88781 107081 1
88781 108480 1
88781 113616 1
88781 115925 1
88867 31480 1
88867 43816 1
88867 61067 1
88867 61408 1
88867 61410 2
88867 73584 1
88867 79721 1
88867 80018 1
88867 87666 2
88867 88681 1
88867 88868 1
88867 89073 3
88867 103122 1
88867 118149 1
89073 43816 1
89073 61067 1
89073 61408 1
89073 61410 1
89073 73584 1
89073 74129 3
89073 79721 1
89073 80018 1
89073 84843 1
89073 87666 2
89073 88681 1
89073 88867 3
89073 98492 2
89073 103122 2
89073 107862 3
89073 126688 1
89538 51279 1
89538 58275 1
89538 60703 1
89538 61408 1
89538 69342 1
89538 77521 1
89538 81034 1
89538 84234 1
89538 85823 1
89538 88781 1
89538 104987 1
89538 107081 1
89538 108480 1
89538 113616 1
89538 115925 1
89664 61408 1
89664 74129 1
89664 79721 1
89664 84843 1
89664 97954 1
89664 98492 1
89664 100664 1
89664 107862 1
89664 109936 1
90044 28731 1
90044 34900 1
90044 52833 1
90044 54148 1
90044 57079 1
90044 59040 1
90044 61408 1
90044 61424 1
90044 61425 1
90044 68522 1
90044 75258 1
90044 76581 1
90044 76972 1
90044 86566 1
90044 96757 1
90044 100081 1
90044 113797 1
94618 43816 1
94618 61408 1
94618 65202 1
94618 80018 1
94618 96062 1
94618 103122 1
97954 61408 1
97954 74129 1
97954 79721 1
97954 84843 1
97954 89664 1
97954 98492 1
97954 100664 1
97954 107862 1
97954 109936 1
98492 61408 1
98492 61410 1
98492 74129 2
98492 79721 4
98492 80018 1
98492 84843 4
98492 87666 1
98492 89073 2
98492 89664 1
98492 97954 1
98492 100664 7
98492 107862 3
98492 109936 1
98492 126688 1
100664 61408 1
100664 61410 1
100664 65202 3
100664 74129 3
100664 79721 5
100664 80018 1
100664 84843 4
100664 87666 2
100664 89664 1
100664 97954 1
100664 98492 7
100664 103122 1
100664 107862 2
100664 109936 1
100664 118337 1
100664 126688 4
103122 43816 1
103122 61067 1
103122 61408 2
103122 61410 1
103122 73584 1
103122 74129 1
103122 80018 2
103122 87666 1
103122 88681 1
103122 88867 1
103122 89073 2
103122 94618 1
103122 100664 1
103122 109936 1
103122 118337 1
103122 126688 2
104987 51279 1
104987 58275 1
104987 60703 1
104987 61408 1
104987 69342 1
104987 77521 1
104987 81034 1
104987 82041 1
104987 84234 1
104987 85823 1
104987 88781 1
104987 89538 1
104987 107081 1
104987 108480 1
104987 113616 1
104987 115925 1
107081 51279 1
107081 58275 1
107081 60703 1
107081 61408 1
107081 69342 1
107081 77521 1
107081 81034 1
107081 84234 1
107081 85823 1
107081 88781 1
107081 89538 1
107081 104987 1
107081 108480 1
107081 113616 1
107081 115925 1
107862 61408 1
107862 61410 1
107862 74129 2
107862 79721 2
107862 84843 2
107862 89073 3
107862 89664 1
107862 97954 1
107862 98492 3
107862 99608 1
107862 100664 2
107862 109936 1
108480 51279 1
108480 58275 1
108480 60703 1
108480 61408 1
108480 69342 1
108480 77521 1
108480 81034 1
108480 84234 1
108480 85823 1
108480 88781 1
108480 89538 1
108480 104987 1
108480 107081 1
108480 113616 1
108480 115925 1
109936 61408 1
109936 74129 1
109936 79721 1
109936 84843 1
109936 89664 1
109936 97954 1
109936 98492 1
109936 100664 1
109936 103122 1
109936 107862 1
113616 51279 1
113616 58275 1
113616 60703 1
113616 61408 1
113616 69342 1
113616 77521 1
113616 81034 1
113616 84234 1
113616 85823 1
113616 88781 1
113616 89538 1
113616 104987 1
113616 107081 1
113616 108480 1
113616 115925 1
113797 28731 1
113797 34900 1
113797 52833 1
113797 54148 1
113797 59040 1
113797 61408 1
113797 61424 1
113797 61425 1
113797 62264 1
113797 68522 1
113797 76581 1
113797 76972 1
113797 86535 1
113797 90044 1
113797 117013 1
115925 51279 1
115925 58275 1
115925 60703 1
115925 61408 1
115925 69342 1
115925 77521 1
115925 81034 1
115925 84234 1
115925 85823 1
115925 88781 1
115925 89538 1
115925 104987 1
115925 107081 1
115925 108480 1
115925 113616 1
115925 123205 1
126688 61408 1
126688 61410 1
126688 65202 2
126688 74129 2
126688 79721 3
126688 87666 1
126688 89073 1
126688 98492 1
126688 100664 4
126688 103122 2
58309 61067 1
58309 75129 1
58309 75130 1
58309 89109 1
58309 91481 4
58407 58490 1
58407 58492 1
58407 75130 1
58407 75905 1
58407 87575 1
58407 89182 1
58407 96967 1
58407 114994 1
58407 115464 1
58407 116793 1
58490 58407 1
58490 58492 1
58490 75130 1
58490 75905 1
58490 87575 1
58490 89182 1
58490 96967 1
58490 114994 1
58490 115464 1
58490 116793 1
58492 58407 1
58492 58490 1
58492 75130 1
58492 75905 1
58492 85866 1
58492 87575 1
58492 89182 1
58492 96967 1
58492 114994 1
58492 115464 1
58492 116793 1
75129 58309 1
75129 75130 1
75129 91481 1
75129 106026 1
75905 58407 1
75905 58490 1
75905 58492 1
75905 69516 1
75905 75130 1
75905 77201 2
75905 78161 1
75905 82460 1
75905 87575 1
75905 87577 1
75905 89182 1
75905 93627 1
75905 96967 1
75905 114994 1
75905 115464 1
75905 116793 1
87575 58407 1
87575 58490 1
87575 58492 1
87575 75130 1
87575 75905 1
87575 89182 1
87575 96967 1
87575 114994 1
87575 115464 1
87575 116793 1
88097 58269 1
88097 75130 1
88097 80537 4
88097 86608 1
88097 96757 1
88097 99665 1
88097 100081 1
88097 106747 1
88097 107178 1
88097 107342 2
88097 108354 1
88097 109751 1
88097 110509 1
88097 113664 1
88097 114221 1
88097 115464 1
88097 126015 1
89182 58407 1
89182 58490 1
89182 58492 1
89182 75130 1
89182 75905 1
89182 87575 1
89182 96967 1
89182 114994 1
89182 115464 1
89182 116793 1
91481 58309 4
91481 60189 1
91481 61067 1
91481 62264 1
91481 75129 1
91481 75130 1
91481 75671 1
91481 81851 1
91481 89496 1
91481 89880 1
91481 89881 1
91481 90635 1
91481 91516 1
91481 92762 1
91481 97177 1
91481 98560 1
91481 98894 1
91481 99543 1
91481 101989 1
91481 103584 1
91481 105067 1
91481 105643 1
91481 112354 1
91481 115464 1
96967 58407 1
96967 58490 1
96967 58492 1
96967 69503 1
96967 75130 1
96967 75905 1
96967 78161 1
96967 82790 1
96967 87575 1
96967 87577 1
96967 89182 1
96967 94350 2
96967 105643 1
96967 106739 1
96967 112609 1
96967 113525 1
96967 114994 1
96967 115464 1
96967 116793 1
96967 123278 1
99665 75130 1
99665 75323 1
99665 88097 1
99665 100081 1
99665 107342 1
99665 109751 1
99665 113664 1
99665 115464 1
99665 116793 1
99665 126015 1
100081 41636 1
100081 57079 1
100081 75130 1
100081 88097 1
100081 88204 1
100081 90044 1
100081 96757 1
100081 99665 1
100081 107342 1
100081 109751 1
100081 113664 1
100081 115464 1
100081 126015 1
107342 62601 1
107342 75130 1
107342 80537 1
107342 88097 2
107342 89123 1
107342 89518 1
107342 96558 1
107342 99665 1
107342 100081 1
107342 109751 1
107342 111108 1
107342 111481 1
107342 111559 1
107342 113664 1
107342 115464 1
107342 126015 1
109751 75130 1
109751 86117 1
109751 88097 1
109751 99665 1
109751 100081 1
109751 106739 1
109751 107342 1
109751 113664 1
109751 115464 1
109751 121173 1
109751 126015 2
113664 75130 1
113664 88097 1
113664 90843 1
113664 99665 1
113664 100081 1
113664 107342 1
113664 109751 1
113664 115464 1
113664 126015 1
114994 58407 1
114994 58490 1
114994 58492 1
114994 75130 1
114994 75905 1
114994 87575 1
114994 89182 1
114994 96757 1
114994 96967 1
114994 111481 1
114994 115464 1
114994 116793 1
115464 58407 1
115464 58490 1
115464 58492 1
115464 75130 2
115464 75905 1
115464 87575 1
115464 88097 1
115464 89182 1
115464 91481 1
115464 96967 1
115464 99665 1
115464 100081 1
115464 107342 1
115464 109751 1
115464 111108 1
115464 113664 1
115464 114994 1
115464 116509 1
115464 116793 1
115464 126015 1
116793 58407 1
116793 58490 1
116793 58492 1
116793 75130 1
116793 75905 1
116793 87575 1
116793 89182 1
116793 96967 1
116793 99665 1
116793 114994 1
116793 115464 1
126015 75130 1
126015 80537 2
126015 88097 1
126015 99665 1
126015 100081 1
126015 107342 1
126015 109751 2
126015 111465 1
126015 113664 1
126015 115464 1
78388 78389 1
78388 80537 1
78388 89518 1
78388 96757 1
78388 111481 1
80537 78388 1
80537 78389 1
80537 86608 1
80537 88097 4
80537 89518 2
80537 93715 1
80537 96757 2
80537 107342 1
80537 108354 3
80537 111465 1
80537 111481 1
80537 114221 1
80537 126015 2
89518 57347 1
89518 78388 1
89518 78389 1
89518 80537 2
89518 94350 1
89518 94364 1
89518 96757 4
89518 98560 2
89518 107342 1
89518 111108 2
89518 111481 1
89518 112252 1
96757 57079 1
96757 78388 1
96757 78389 1
96757 80537 2
96757 88097 1
96757 89518 4
96757 90044 1
96757 90635 1
96757 98560 1
96757 99223 1
96757 100081 1
96757 108354 1
96757 111481 1
96757 113525 1
96757 114994 1
111481 64933 1
111481 78388 1
111481 78389 1
111481 80537 1
111481 89518 1
111481 96757 1
111481 107342 1
111481 114994 1
124384 78389 1
26557 41636 1
26557 76972 1
26557 82460 1
26557 85870 1
26557 88204 1
26557 88422 1
26557 93627 1
26557 96691 1
26557 98298 1
26557 99223 1
26557 109881 1
38713 44484 1
38713 46063 1
38713 86102 1
38713 88422 1
38713 90705 1
41636 26557 1
41636 82460 1
41636 88204 1
41636 88422 1
41636 93627 1
41636 96691 1
41636 99223 1
41636 100081 1
41636 109881 1
44484 28731 1
44484 38713 1
44484 83296 1
44484 83432 1
44484 86102 1
44484 88422 1
44484 89107 1
44484 94364 1
44484 101042 1
44484 102631 1
44484 102950 1
46063 38713 1
46063 86102 1
46063 88422 1
46063 90705 1
50108 88422 1
51327 78191 1
51327 79202 1
51327 83280 1
51327 86144 1
51327 88422 1
51327 93539 1
51327 107287 1
51327 108179 1
60258 88422 1
60258 89593 1
60258 90438 1
60258 94364 1
60258 99543 1
60258 102950 2
60258 103848 1
60258 108179 1
75226 69398 1
75226 76639 1
75226 78191 1
75226 79080 1
75226 86606 2
75226 88422 1
75226 89593 1
75226 90438 1
75226 90635 1
75226 91360 1
75226 94364 1
75226 94592 1
75226 102115 1
75226 102950 1
75226 103848 2
75226 103849 1
75226 111587 1
75226 121748 1
76010 88422 1
76639 75226 1
76639 78191 1
76639 79080 1
76639 86606 1
76639 88422 1
76639 89593 1
76639 90661 1
76639 91360 1
76639 94592 1
76639 102115 1
76639 103848 1
76639 103849 1
76639 111587 1
76639 121748 1
78191 51327 1
78191 75226 1
78191 76639 1
78191 79080 1
78191 79202 1
78191 83280 1
78191 86102 1
78191 86144 1
78191 86606 1
78191 88422 2
78191 89593 1
78191 91360 1
78191 93539 1
78191 94592 1
78191 101042 1
78191 102115 1
78191 102631 1
78191 102950 6
78191 103848 1
78191 103849 1
78191 107287 8
78191 108179 1
78191 111587 1
78191 121748 1
79080 75226 1
79080 76639 1
79080 78191 1
79080 86606 1
79080 88422 1
79080 89593 1
79080 90611 1
79080 91360 1
79080 94592 1
79080 96237 1
79080 102115 1
79080 103848 1
79080 103849 1
79080 111587 1
79080 121748 1
79202 40570 1
79202 51327 1
79202 78191 1
79202 83280 1
79202 86144 1
79202 88422 1
79202 90604 1
79202 90635 1
79202 93539 1
79202 93627 1
79202 98560 1
79202 101042 1
79202 103126 2
79202 103848 1
79202 107287 2
79202 108179 1
80805 41733 1
80805 85369 1
80805 88422 1
80805 91101 1
80805 98937 1
82460 26557 1
82460 41636 1
82460 62601 1
82460 75905 1
82460 86566 1
82460 87766 1
82460 88204 1
82460 88422 1
82460 92762 1
82460 93627 1
82460 96691 1
82460 99223 1
82460 109881 1
82732 85823 1
82732 87887 1
82732 88422 1
82732 89107 1
82732 89593 2
82732 90604 1
82732 95035 1
82732 99223 1
82732 101513 1
82732 109883 1
82732 110173 1
82732 110509 1
83280 51327 1
83280 78191 1
83280 79202 1
83280 86144 1
83280 88422 1
83280 93539 1
83280 107287 1
83280 108179 1
83432 44484 1
83432 61067 1
83432 68522 1
83432 69398 1
83432 77521 1
83432 88422 1
83432 94364 1
83432 101042 1
83432 102631 1
83432 102950 1
85369 74247 1
85369 76944 1
85369 80805 1
85369 88422 1
85369 91101 1
85369 98937 1
85846 48634 1
85846 88422 1
86102 38713 1
86102 44484 1
86102 46063 1
86102 69516 1
86102 78191 1
86102 88422 1
86102 89107 1
86102 90705 1
86102 107287 1
86144 51327 1
86144 64298 1
86144 78191 1
86144 79202 1
86144 83280 1
86144 88422 1
86144 93539 1
86144 107287 1
86144 108179 2
86606 75226 2
86606 76639 1
86606 78191 1
86606 79080 1
86606 88422 2
86606 89107 1
86606 89593 1
86606 91360 1
86606 94592 2
86606 101042 1
86606 102115 1
86606 102631 1
86606 103126 1
86606 103848 1
86606 103849 1
86606 107287 1
86606 111587 1
86606 121748 1
87766 41586 1
87766 82460 1
87766 88422 1
87766 126042 1
87887 82732 1
87887 88422 1
87887 89107 1
87887 89593 1
87887 90604 1
87887 101513 1
87887 109881 1
87887 109883 1
87887 110173 1
87887 110509 1
87976 20929 1
87976 86535 1
87976 88422 1
87976 89945 1
87976 92842 1
87976 98296 1
87976 102488 1
88204 26557 1
88204 41636 1
88204 82460 1
88204 88422 1
88204 93627 1
88204 94350 1
88204 96691 1
88204 99223 1
88204 100081 1
88204 105562 1
88204 109881 1
89107 44484 1
89107 82732 1
89107 86102 1
89107 86606 1
89107 87887 1
89107 88422 1
89107 89593 1
89107 90604 1
89107 101513 1
89107 109883 1
89107 110173 1
89107 110509 1
89593 60258 1
89593 75226 1
89593 76639 1
89593 78191 1
89593 79080 1
89593 82732 2
89593 86606 1
89593 87887 1
89593 88422 2
89593 89107 1
89593 90604 1
89593 91360 1
89593 94364 1
89593 94592 1
89593 101513 1
89593 102115 1
89593 102631 1
89593 102950 2
89593 103848 1
89593 103849 1
89593 108179 1
89593 109883 1
89593 110173 1
89593 110509 1
89593 111587 1
89593 121748 1
90604 79202 1
90604 82732 1
90604 87887 1
90604 88422 1
90604 89107 1
90604 89593 1
90604 101513 1
90604 101527 1
90604 109883 1
90604 110173 1
90604 110509 1
90705 38713 1
90705 46063 1
90705 86102 1
90705 88422 1
90705 92764 1
91101 80805 1
91101 85369 1
91101 88422 1
91101 98937 1
91360 75226 1
91360 76639 1
91360 78191 1
91360 79080 1
91360 82187 1
91360 86606 1
91360 87903 1
91360 88422 1
91360 89593 1
91360 90438 1
91360 94592 1
91360 102115 1
91360 103848 1
91360 103849 1
91360 111587 1
91360 121748 1
91514 88422 1
91514 106739 1
93539 51327 1
93539 78191 1
93539 79202 1
93539 83280 1
93539 86144 1
93539 88422 1
93539 102950 1
93539 103848 1
93539 103849 1
93539 107287 2
93539 108179 1
93627 26557 1
93627 41636 1
93627 57658 1
93627 66075 1
93627 67637 1
93627 75905 1
93627 79202 1
93627 82460 1
93627 86328 1
93627 88204 1
93627 88422 1
93627 89109 1
93627 89141 1
93627 90635 2
93627 96691 1
93627 99223 1
93627 109881 1
94364 44484 1
94364 60258 1
94364 64933 1
94364 75226 1
94364 83432 1
94364 86566 1
94364 88422 1
94364 89518 1
94364 89593 1
94364 90438 1
94364 94350 1
94364 101042 1
94364 102631 1
94364 102950 2
94364 119024 1
94592 75226 1
94592 76639 1
94592 78191 1
94592 79080 1
94592 86606 2
94592 88422 1
94592 89593 1
94592 90438 1
94592 91360 1
94592 100276 1
94592 102115 1
94592 102950 3
94592 103848 1
94592 103849 1
94592 111587 1
94592 121748 1
96691 26557 1
96691 41636 1
96691 69398 1
96691 75258 1
96691 77201 1
96691 82460 1
96691 88204 1
96691 88422 1
96691 93627 1
96691 99223 1
96691 103126 1
96691 109881 1
98937 80805 1
98937 85369 1
98937 88422 1
98937 91101 1
98937 102384 1
101042 44484 1
101042 78191 1
101042 79202 1
101042 83432 1
101042 86606 1
101042 88422 1
101042 89843 1
101042 94364 1
101042 99223 1
101042 99543 1
101042 102631 1
101042 102950 1
101513 82732 1
101513 87887 1
101513 88422 1
101513 89107 1
101513 89593 1
101513 90604 1
101513 109883 1
101513 110173 2
101513 110509 1
101513 112609 1
102115 75226 1
102115 76639 1
102115 78191 1
102115 79080 1
102115 86606 1
102115 88422 1
102115 89593 1
102115 91360 1
102115 94592 1
102115 103848 1
102115 103849 1
102115 111587 1
102115 121748 1
102488 87976 1
102488 88422 1
102488 102950 1
102488 103848 1
102631 44484 1
102631 78191 1
102631 83432 1
102631 86606 1
102631 88422 1
102631 89593 1
102631 94364 1
102631 101042 1
102631 102950 3
102631 111465 1
102631 116602 1
102950 44484 1
102950 60258 2
102950 75226 1
102950 78191 6
102950 83432 1
102950 88422 1
102950 89593 2
102950 90438 2
102950 93539 1
102950 94364 2
102950 94592 3
102950 100276 2
102950 101042 1
102950 102488 1
102950 102631 3
102950 103848 2
102950 103849 1
102950 107287 9
102950 108179 1
102950 118249 1
103848 60258 1
103848 75226 2
103848 76639 1
103848 78191 1
103848 79080 1
103848 79202 1
103848 86606 1
103848 88422 1
103848 89593 1
103848 90438 1
103848 91360 1
103848 93539 1
103848 94592 1
103848 102115 1
103848 102488 1
103848 102950 2
103848 103849 5
103848 107287 1
103848 111587 1
103848 121748 1
103849 75226 1
103849 76639 1
103849 78191 1
103849 79080 1
103849 86606 1
103849 88422 1
103849 89593 1
103849 91360 1
103849 93539 1
103849 94592 1
103849 102115 1
103849 102950 1
103849 103848 5
103849 107287 1
103849 111587 1
103849 121748 1
105063 57079 1
105063 88422 1
107287 51327 1
107287 78191 8
107287 79202 2
107287 83280 1
107287 86102 1
107287 86144 1
107287 86606 1
107287 88422 2
107287 93539 2
107287 102950 9
107287 103848 1
107287 103849 1
107287 108179 2
108179 51327 1
108179 60258 1
108179 78191 1
108179 79202 1
108179 83280 1
108179 86144 2
108179 88422 1
108179 89593 1
108179 90635 1
108179 93539 1
108179 98560 1
108179 99543 1
108179 102950 1
108179 107287 2
109883 82732 1
109883 87887 1
109883 88422 1
109883 89107 1
109883 89593 1
109883 90604 1
109883 101513 1
109883 109881 3
109883 110173 1
109883 110509 1
110173 82732 1
110173 87887 1
110173 88422 1
110173 89107 1
110173 89593 1
110173 90604 1
110173 101513 2
110173 109883 1
110173 110509 1
110173 112609 1
110509 82732 1
110509 86279 1
110509 87887 1
110509 88097 1
110509 88422 1
110509 89107 1
110509 89593 1
110509 90604 1
110509 101513 1
110509 109883 1
110509 110173 1
111587 75226 1
111587 76639 1
111587 78191 1
111587 79080 1
111587 86606 1
111587 88422 1
111587 89593 1
111587 91360 1
111587 94592 1
111587 102115 1
111587 103848 1
111587 103849 1
111587 121748 1
121748 75226 1
121748 76639 1
121748 78191 1
121748 79080 1
121748 86606 1
121748 88422 1
121748 89593 1
121748 91360 1
121748 94592 1
121748 102115 1
121748 103848 1
121748 103849 1
121748 111587 1
69503 40292 1
69503 87577 1
69503 90610 1
69503 94007 1
69503 94350 1
69503 96967 1
69503 98560 1
69503 111120 1
69503 112595 1
69503 114221 1
69503 119422 1
87577 69503 1
87577 75905 1
87577 89123 1
87577 92842 1
87577 94007 1
87577 94350 1
87577 96967 1
87577 98560 1
87577 111120 1
87577 112595 1
87577 114221 1
87577 119422 1
94002 76972 1
94002 89462 1
94002 94006 1
94002 94007 1
94006 94002 1
94006 94007 1
94350 69503 1
94350 87577 1
94350 88204 1
94350 89518 1
94350 94007 1
94350 94364 1
94350 96380 1
94350 96967 2
94350 98560 1
94350 106739 1
94350 111120 1
94350 112595 1
94350 113525 1
94350 114221 1
94350 119422 1
98560 69503 1
98560 79202 1
98560 87577 1
98560 89518 2
98560 91481 1
98560 92762 1
98560 94007 1
98560 94350 1
98560 96757 1
98560 99223 1
98560 99543 1
98560 108179 1
98560 109199 1
98560 111108 1
98560 111120 1
98560 112595 1
98560 114221 1
98560 119422 1
111120 69503 1
111120 87577 1
111120 94007 1
111120 94350 1
111120 98560 1
111120 112595 1
111120 112623 1
111120 114221 1
111120 119422 1
114221 69503 1
114221 80537 1
114221 87577 1
114221 88097 1
114221 89881 1
114221 92842 1
114221 94007 1
114221 94350 1
114221 98560 1
114221 111120 1
114221 112595 1
114221 119422 1
114221 123278 1
119170 94007 1
119422 69503 1
119422 87577 1
119422 94007 1
119422 94350 1
119422 98560 1
119422 111120 1
119422 112595 1
119422 114221 1
119422 114538 1
75258 67796 1
75258 68131 1
75258 86566 1
75258 90044 1
75258 94644 1
75258 96691 1
75258 99223 1
76697 61067 1
76697 77201 1
76697 80130 1
76697 89881 1
76697 94644 1
76697 94645 1
76697 96237 1
76697 101802 1
76697 117908 1
77201 75905 2
77201 76697 1
77201 85743 1
77201 94644 1
77201 94645 1
77201 96237 1
77201 96691 1
94645 76697 1
94645 77201 1
94645 94644 1
94645 96237 1
96237 76697 1
96237 77201 1
96237 79080 1
96237 79979 1
96237 82041 1
96237 89724 1
96237 90193 1
96237 94644 1
96237 94645 1
96237 103584 1
96564 69342 1
96564 94644 1
52860 57347 1
52860 75323 1
52860 88352 1
52860 90438 1
52860 92190 1
52860 97517 1
52860 98280 1
52860 98839 1
52860 100224 1
52860 115794 1
54631 60139 1
54631 81794 1
54631 90634 1
54631 93321 2
54631 96197 1
54631 98280 1
54631 98858 1
54631 101437 1
54631 106733 1
54631 107963 1
54631 108862 1
54631 113244 1
54631 113882 1
54631 117929 1
54631 124381 1
57347 52860 1
57347 75323 1
57347 88352 1
57347 89518 1
57347 90438 1
57347 92190 1
57347 97517 1
57347 98280 1
57347 98839 1
57347 100224 1
57347 115794 1
57347 122737 1
75323 52860 1
75323 57347 1
75323 68131 1
75323 88352 1
75323 90438 1
75323 92190 1
75323 97517 1
75323 98280 1
75323 98839 1
75323 99665 1
75323 100224 1
75323 115794 1
81794 54631 1
81794 90634 1
81794 93321 1
81794 96197 1
81794 98280 1
81794 98858 1
81794 101437 1
81794 106733 1
81794 107963 1
81794 108862 1
81794 113244 1
81794 113882 1
81794 117929 1
81794 124381 1
82616 89109 1
82616 98280 1
88352 52860 1
88352 57347 1
88352 75323 1
88352 90438 1
88352 92190 1
88352 97517 1
88352 98280 1
88352 98839 1
88352 100224 1
88352 115794 1
89109 58309 1
89109 82616 1
89109 93627 1
89109 98280 1
90438 52860 1
90438 57347 1
90438 60258 1
90438 75226 1
90438 75323 1
90438 82187 1
90438 88352 1
90438 91360 1
90438 92190 1
90438 94364 1
90438 94592 1
90438 97517 1
90438 98280 1
90438 98298 1
90438 98839 1
90438 99543 1
90438 100224 1
90438 102950 2
90438 103848 1
90438 115794 1
90634 50959 1
90634 54631 1
90634 59814 1
90634 81794 1
90634 93321 1
90634 96197 1
90634 98280 1
90634 98858 1
90634 101437 1
90634 106733 1
90634 107963 1
90634 108862 1
90634 113244 1
90634 113882 1
90634 117929 1
90634 124381 1
92190 52860 1
92190 57347 1
92190 75323 1
92190 88352 1
92190 90438 1
92190 97517 1
92190 98280 1
92190 98839 1
92190 100224 1
92190 115794 1
93321 54631 2
93321 81794 1
93321 90634 1
93321 96197 1
93321 98280 1
93321 98858 2
93321 101437 1
93321 106733 1
93321 107963 1
93321 108862 1
93321 113244 1
93321 113882 1
93321 117929 1
93321 124381 1
96197 54631 1
96197 81794 1
96197 90634 1
96197 93321 1
96197 96917 1
96197 98280 1
96197 98858 1
96197 101437 1
96197 101727 1
96197 101731 1
96197 101732 1
96197 106733 1
96197 107963 1
96197 108862 1
96197 110202 1
96197 111925 1
96197 113244 1
96197 113882 1
96197 117929 1
96197 124381 1
97517 52860 1
97517 57347 1
97517 75323 1
97517 88352 1
97517 90438 1
97517 92190 1
97517 98280 1
97517 98839 1
97517 100224 1
97517 115794 1
98839 52860 1
98839 57347 1
98839 75323 1
98839 88352 1
98839 90438 1
98839 92190 1
98839 97517 1
98839 98280 1
98839 100224 1
98839 101802 1
98839 115794 1
98858 54631 1
98858 81794 1
98858 90634 1
98858 93321 2
98858 96197 1
98858 98280 1
98858 101437 1
98858 106733 1
98858 107963 1
98858 108862 1
98858 113244 1
98858 113882 1
98858 117929 1
98858 124381 1
100224 52860 1
100224 57347 1
100224 75323 1
100224 88352 1
100224 90438 1
100224 92190 1
100224 97517 1
100224 98280 1
100224 98839 1
100224 115794 1
101437 54631 1
101437 81794 1
101437 90634 1
101437 93321 1
101437 96197 1
101437 98280 1
101437 98858 1
101437 106733 1
101437 107963 1
101437 108862 1
101437 113244 1
101437 113882 1
101437 117929 1
101437 124381 1
106733 54631 1
106733 81794 1
106733 90634 1
106733 93321 1
106733 96197 1
106733 98280 1
106733 98858 1
106733 101437 1
106733 107963 1
106733 108862 1
106733 113244 1
106733 113882 1
106733 117929 1
106733 124381 1
107963 54631 1
107963 73584 1
107963 81794 1
107963 90634 1
107963 93321 1
107963 96197 1
107963 98280 1
107963 98858 1
107963 101437 1
107963 106733 1
107963 108862 1
107963 113244 1
107963 113882 1
107963 117929 1
107963 124381 1
108862 54631 1
108862 81794 1
108862 89141 1
108862 90634 1
108862 93321 1
108862 96197 1
108862 98280 1
108862 98858 1
108862 101437 1
108862 103254 1
108862 106193 1
108862 106733 1
108862 107963 1
108862 113244 1
108862 113882 1
108862 117929 1
108862 124381 1
108862 126956 1
113244 54631 1
113244 81794 1
113244 90634 1
113244 93321 1
113244 96197 1
113244 98280 1
113244 98858 1
113244 101437 1
113244 106733 1
113244 107963 1
113244 108862 1
113244 113882 2
113244 117929 1
113244 124381 1
113882 54631 1
113882 81794 1
113882 90634 1
113882 93321 1
113882 96197 1
113882 98280 1
113882 98858 1
113882 101437 1
113882 106733 1
113882 107963 1
113882 108862 1
113882 113244 2
113882 117929 1
113882 124381 1
115794 52860 1
115794 57347 1
115794 75323 1
115794 88352 1
115794 90438 1
115794 92190 1
115794 97517 1
115794 98280 1
115794 98839 1
115794 100224 1
117929 54631 1
117929 81794 1
117929 90634 1
117929 93321 1
117929 96197 1
117929 98280 1
117929 98858 1
117929 101437 1
117929 106733 1
117929 107963 1
117929 108862 1
117929 113244 1
117929 113882 1
117929 124381 1
124381 54631 1
124381 81794 1
124381 90634 1
124381 93321 1
124381 96197 1
124381 98280 1
124381 98858 1
124381 101437 1
124381 106733 1
124381 107963 1
124381 108862 1
124381 113244 1
124381 113882 1
124381 117929 1
58427 12242 1
58427 73555 1
58427 89462 1
58427 101727 1
58427 103144 2
58427 117671 1
72453 90936 1
72453 99348 1
72453 99386 1
72453 99418 1
72453 100620 1
72453 101727 1
72453 101731 1
72453 107207 1
72453 111985 1
72453 113299 1
72453 117150 1
73555 52348 1
73555 58427 1
73555 89462 1
73555 101727 1
73555 103144 1
73555 111465 1
73555 117671 1
89462 41733 1
89462 52193 1
89462 52348 1
89462 58427 1
89462 62664 1
89462 73555 1
89462 94002 1
89462 95005 1
89462 95483 1
89462 101727 1
89462 103144 1
89462 117671 1
90936 72453 1
90936 99348 4
90936 99386 2
90936 99418 3
90936 100620 1
90936 101727 2
90936 101731 2
90936 101732 2
90936 107207 1
90936 111985 1
90936 113299 1
90936 117150 1
96917 57079 1
96917 96197 1
96917 101727 1
96917 101731 1
96917 101732 1
96917 110202 1
96917 110228 1
96917 111925 1
99348 72453 1
99348 89882 1
99348 90936 4
99348 99386 6
99348 99418 3
99348 100620 1
99348 101727 2
99348 101731 2
99348 101732 1
99348 107207 1
99348 111985 1
99348 113299 1
99348 117150 1
99386 72453 1
99386 90936 2
99386 99348 6
99386 99418 4
99386 100620 1
99386 101727 2
99386 101731 1
99386 107207 1
99386 111985 2
99386 113299 1
99386 117150 1
99418 72453 1
99418 90936 3
99418 99348 3
99418 99386 4
99418 100620 1
99418 101727 1
99418 101731 1
99418 101732 1
99418 107207 1
99418 111985 1
99418 113299 1
99418 117150 1
100620 70059 1
100620 72453 1
100620 90936 1
100620 99348 1
100620 99386 1
100620 99418 1
100620 101727 1
100620 101731 1
100620 107207 1
100620 111985 3
100620 113299 1
100620 117150 1
101731 72453 1
101731 90936 2
101731 96197 1
101731 96917 1
101731 99348 2
101731 99386 1
101731 99418 1
101731 100620 1
101731 101727 5
101731 101732 6
101731 107207 1
101731 110202 1
101731 111925 1
101731 111985 1
101731 113299 1
101731 117150 1
101732 90936 2
101732 96197 1
101732 96917 1
101732 99348 1
101732 99418 1
101732 101727 4
101732 101731 6
101732 110202 1
101732 111925 1
103144 58427 2
103144 73555 1
103144 89462 1
103144 101727 1
103144 112609 1
103144 117671 1
107207 72453 1
107207 90936 1
107207 99348 1
107207 99386 1
107207 99418 1
107207 100620 1
107207 101727 1
107207 101731 1
107207 111985 1
107207 113299 1
107207 117150 1
109077 101727 1
110202 96197 1
110202 96917 1
110202 101727 1
110202 101731 1
110202 101732 1
110202 111925 1
111925 96197 1
111925 96917 1
111925 101727 1
111925 101731 1
111925 101732 1
111925 110202 1
111985 72453 1
111985 90936 1
111985 99348 1
111985 99386 2
111985 99418 1
111985 100620 3
111985 101727 1
111985 101731 1
111985 107207 1
111985 108354 2
111985 112564 1
111985 113299 3
111985 117150 1
111985 117908 1
113299 72453 1
113299 90936 1
113299 98296 1
113299 99348 1
113299 99386 1
113299 99418 1
113299 100620 1
113299 101727 1
113299 101731 1
113299 107207 1
113299 111985 3
113299 117150 1
117150 72453 1
117150 90936 1
117150 99348 1
117150 99386 1
117150 99418 1
117150 100620 1
117150 101727 1
117150 101731 1
117150 107207 1
117150 111985 1
117150 113299 1
117671 58427 1
117671 73555 1
117671 89462 1
117671 101727 1
117671 103144 1
117671 118843 1
118843 101727 1
118843 114972 1
118843 117671 1
118843 118673 1
12643 20033 1
12643 103254 1
20033 12643 1
20033 18467 1
20033 18477 1
20033 20032 1
20033 103254 1
40292 41733 1
40292 51429 1
40292 59248 1
40292 67637 1
40292 69503 1
40292 70964 1
40292 103254 1
41733 40292 1
41733 56783 1
41733 59248 1
41733 68522 1
41733 69516 1
41733 70964 2
41733 80805 1
41733 89462 1
41733 103254 1
52795 86328 1
52795 103254 1
52795 116509 1
59248 40292 1
59248 41733 1
59248 70964 1
59248 97037 1
59248 103254 1
67483 79864 1
67483 95005 1
67483 95483 1
67483 102436 1
67483 103254 1
67483 105562 1
67483 111108 1
67483 113525 1
67483 118713 1
69516 41733 1
69516 62699 1
69516 66075 1
69516 70964 1
69516 75905 1
69516 86102 1
69516 89724 2
69516 96957 1
69516 103254 1
70059 98606 1
70059 100620 1
70059 103254 1
70059 114797 1
70964 40292 1
70964 41733 2
70964 59248 1
70964 69516 1
70964 85515 1
70964 103254 1
79864 62264 1
79864 67483 1
79864 83295 1
79864 95005 1
79864 95483 1
79864 102436 1
79864 103254 1
79864 105562 1
79864 111108 1
79864 113525 1
79864 118713 1
82463 74247 1
82463 103254 1
86279 84234 1
86279 103254 1
86279 105794 1
86279 106026 1
86279 106747 1
86279 110509 1
86328 52795 1
86328 93627 1
86328 103254 1
86328 116509 1
87959 101475 1
87959 103254 1
87959 112252 1
87959 113108 4
87959 114783 1
87959 125103 3
89123 87577 1
89123 94259 1
89123 103254 1
89123 107342 1
89141 90635 1
89141 93627 1
89141 103254 1
89141 106193 1
89141 108862 1
89141 115574 1
89141 126956 1
89724 69516 2
89724 86723 1
89724 86724 1
89724 96237 1
89724 103254 1
89724 103769 1
89724 111108 1
89724 112623 1
94259 89123 1
94259 103254 1
95005 67483 1
95005 79864 1
95005 89462 1
95005 95483 5
95005 102436 1
95005 103254 1
95005 105562 4
95005 111108 1
95005 113525 1
95005 118713 1
95483 67483 1
95483 79864 1
95483 89462 1
95483 95005 5
95483 102436 1
95483 103254 1
95483 105562 4
95483 111108 1
95483 113525 1
95483 118713 1
96957 69516 1
96957 103254 1
101475 87959 1
101475 103254 1
101475 112252 2
101475 113108 1
101475 125103 1
102436 67483 1
102436 79864 1
102436 95005 1
102436 95483 1
102436 103254 1
102436 105562 1
102436 111108 1
102436 113525 1
102436 118713 1
103126 64933 1
103126 79202 2
103126 86606 1
103126 96691 1
103126 103254 1
103253 103254 1
103769 85751 1
103769 89724 1
103769 103254 1
103769 103636 1
103769 112623 1
105562 67483 1
105562 79864 1
105562 88204 1
105562 95005 4
105562 95483 4
105562 102436 1
105562 103254 1
105562 111108 1
105562 113525 1
105562 118713 1
105794 86279 1
105794 93662 2
105794 103254 1
105794 106747 19
106193 89141 1
106193 103254 1
106193 108862 1
106193 126956 1
106739 91514 1
106739 92842 1
106739 94350 1
106739 96967 1
106739 101802 1
106739 103254 1
106739 109751 1
106739 113525 1
106747 86279 1
106747 88097 1
106747 93662 2
106747 103254 1
106747 105794 19
106747 108354 1
111108 67483 1
111108 79864 1
111108 89518 2
111108 89724 1
111108 92842 1
111108 95005 1
111108 95483 1
111108 98560 1
111108 102436 1
111108 103254 1
111108 105562 1
111108 107342 1
111108 112436 1
111108 113108 1
111108 113525 1
111108 115464 1
111108 116509 2
111108 118177 1
111108 118713 1
112252 87959 1
112252 89518 1
112252 101475 2
112252 103254 1
112252 113108 1
112252 125103 1
112436 103254 1
112436 111108 1
112436 126027 1
113108 87959 4
113108 101475 1
113108 103254 1
113108 108857 2
113108 108859 2
113108 109784 1
113108 111108 1
113108 112252 1
113108 114783 1
113108 125103 3
113525 67483 1
113525 79864 1
113525 94350 1
113525 95005 1
113525 95483 1
113525 96757 1
113525 96967 1
113525 102436 1
113525 103254 1
113525 105562 1
113525 106739 1
113525 111108 1
113525 118713 1
114797 70059 1
114797 103254 1
116509 52795 1
116509 86328 1
116509 92842 1
116509 103254 1
116509 111108 2
116509 115464 1
117967 58424 1
117967 103254 1
117967 107870 1
118713 67483 1
118713 79864 1
118713 95005 1
118713 95483 1
118713 102436 1
118713 103254 1
118713 105562 1
118713 111108 1
118713 113525 1
121522 103254 1
121522 121521 1
122697 103254 1
125103 87959 3
125103 101475 1
125103 103254 1
125103 112252 1
125103 113108 3
126027 103254 1
126027 112436 1
126027 121246 1
126956 41586 1
126956 89141 1
126956 103254 1
126956 106193 1
126956 108862 1
34813 103584 1
34813 117120 1
55614 80575 1
55614 81771 1
55614 103584 1
58240 103584 1
58484 67674 1
58484 103584 1
58484 106095 1
58484 123278 1
59038 89876 1
59038 89877 1
59038 89880 1
59038 89882 1
59038 95035 1
59038 95800 1
59038 99608 1
59038 103584 1
59038 105067 1
59038 107584 7
59038 115881 1
60189 62264 1
60189 75671 1
60189 81851 1
60189 89496 1
60189 89880 1
60189 89881 1
60189 90635 1
60189 91481 1
60189 91516 1
60189 98894 1
60189 99543 1
60189 101989 1
60189 103584 1
60189 105067 1
60189 112354 1
62264 60189 1
62264 75671 1
62264 79864 1
62264 81851 1
62264 89496 1
62264 89880 1
62264 89881 1
62264 90635 1
62264 91481 1
62264 91516 1
62264 98894 1
62264 99543 1
62264 101989 1
62264 103584 1
62264 105067 2
62264 112354 1
62264 113797 1
67674 57671 1
67674 58484 1
67674 103584 1
67674 106095 1
75163 83295 1
75163 86535 1
75163 89881 1
75163 90661 1
75163 94719 1
75163 95035 1
75163 96380 1
75163 98298 1
75163 101527 1
75163 103584 1
75163 103585 1
75163 113469 1
75671 60189 1
75671 62264 1
75671 81851 1
75671 89496 4
75671 89880 2
75671 89881 2
75671 90635 1
75671 91481 1
75671 91516 1
75671 95800 2
75671 98894 1
75671 99543 1
75671 101989 1
75671 103584 1
75671 105067 2
75671 112354 1
79979 82041 1
79979 96237 1
79979 103584 1
80575 55614 1
80575 103584 1
81851 60189 1
81851 62264 1
81851 75671 1
81851 89496 1
81851 89880 1
81851 89881 1
81851 90635 1
81851 91481 1
81851 91516 1
81851 98894 1
81851 99543 1
81851 101989 1
81851 103584 1
81851 105067 1
81851 112354 1
82041 79979 1
82041 91079 1
82041 96237 1
82041 103584 1
82041 104987 1
83295 75163 1
83295 79864 1
83295 89881 1
83295 90661 1
83295 94719 1
83295 95035 1
83295 96380 1
83295 98298 1
83295 101527 1
83295 103584 1
83295 103585 1
83295 113469 1
87903 86117 1
87903 91360 1
87903 92850 1
87903 103584 1
87903 112354 1
89496 60189 1
89496 62264 1
89496 63537 1
89496 75671 4
89496 81851 1
89496 89880 1
89496 89881 1
89496 90635 1
89496 91481 1
89496 91516 1
89496 98894 1
89496 99543 1
89496 101989 1
89496 103584 1
89496 105067 1
89496 112354 1
89876 59038 1
89876 89877 1
89876 89880 1
89876 89882 1
89876 95035 1
89876 95800 1
89876 99608 1
89876 103584 1
89876 105067 1
89876 107584 1
89876 115881 1
89877 59038 1
89877 89876 1
89877 89880 1
89877 89882 1
89877 95035 1
89877 95800 1
89877 99608 1
89877 103584 1
89877 105067 1
89877 107584 1
89877 115881 1
89879 98894 1
89879 103584 1
89880 59038 1
89880 60189 1
89880 62264 1
89880 75671 2
89880 81851 1
89880 89496 1
89880 89876 1
89880 89877 1
89880 89881 2
89880 89882 1
89880 90635 2
89880 91481 1
89880 91516 1
89880 95035 1
89880 95800 2
89880 98894 1
89880 99543 1
89880 99608 1
89880 101989 1
89880 103584 2
89880 105067 3
89880 107584 1
89880 112354 1
89880 115881 1
89881 60189 1
89881 61067 1
89881 62264 1
89881 75163 1
89881 75671 2
89881 76697 1
89881 81851 1
89881 83295 1
89881 89496 1
89881 89880 2
89881 90635 1
89881 90661 1
89881 91481 1
89881 91516 1
89881 94719 1
89881 95035 1
89881 95800 2
89881 96380 1
89881 98298 1
89881 98894 1
89881 99543 2
89881 101527 1
89881 101989 1
89881 103584 2
89881 103585 1
89881 105067 1
89881 112354 1
89881 113469 1
89881 114221 1
89882 59038 1
89882 89876 1
89882 89877 1
89882 89880 1
89882 95035 1
89882 95800 1
89882 99348 1
89882 99608 1
89882 103584 1
89882 105067 1
89882 107584 1
89882 115881 1
90635 60189 1
90635 62264 1
90635 75226 1
90635 75671 1
90635 79202 1
90635 81851 1
90635 89141 1
90635 89496 1
90635 89880 2
90635 89881 1
90635 91481 1
90635 91516 1
90635 93627 2
90635 96757 1
90635 98894 1
90635 99543 3
90635 101989 1
90635 103584 1
90635 105067 1
90635 108179 1
90635 109881 1
90635 112354 1
90661 75163 1
90661 76639 1
90661 83295 1
90661 89881 1
90661 94719 1
90661 95035 1
90661 96380 1
90661 98298 1
90661 101527 1
90661 103584 1
90661 103585 1
90661 113469 1
91516 60189 1
91516 62264 1
91516 75671 1
91516 81851 1
91516 89496 1
91516 89880 1
91516 89881 1
91516 90635 1
91516 91481 1
91516 98894 1
91516 99543 1
91516 101989 1
91516 103584 1
91516 105067 1
91516 112354 1
92850 46983 1
92850 87903 1
92850 94583 1
92850 95035 1
92850 95800 2
92850 103584 1
92850 112354 5
94719 75163 1
94719 83295 1
94719 89881 1
94719 90661 1
94719 95035 1
94719 96380 1
94719 98298 1
94719 101527 1
94719 103584 1
94719 103585 1
94719 113469 3
95035 59038 1
95035 75163 1
95035 82732 1
95035 83295 1
95035 89876 1
95035 89877 1
95035 89880 1
95035 89881 1
95035 89882 1
95035 90661 1
95035 92850 1
95035 94719 1
95035 95800 2
95035 96380 1
95035 98298 1
95035 99543 1
95035 99608 1
95035 101527 1
95035 103584 2
95035 103585 1
95035 105067 1
95035 107584 1
95035 112354 1
95035 113469 1
95035 115881 1
95800 57658 1
95800 59038 1
95800 66075 1
95800 75671 2
95800 89876 1
95800 89877 1
95800 89880 2
95800 89881 2
95800 89882 1
95800 92850 2
95800 94583 1
95800 95035 2
95800 99543 1
95800 99608 1
95800 101989 1
95800 103584 1
95800 105067 2
95800 107584 1
95800 115881 1
96380 57079 1
96380 75163 1
96380 83295 1
96380 89881 1
96380 90661 1
96380 94350 1
96380 94719 1
96380 95035 1
96380 98298 1
96380 101527 1
96380 103584 1
96380 103585 1
96380 113469 1
98296 86535 1
98296 87976 1
98296 99001 1
98296 103584 1
98296 113299 1
98298 26557 1
98298 68131 1
98298 75163 1
98298 83295 1
98298 89881 1
98298 90438 1
98298 90661 1
98298 94719 1
98298 95035 1
98298 96380 1
98298 101527 1
98298 103584 1
98298 103585 1
98298 111907 1
98298 113469 1
98894 60189 1
98894 62264 1
98894 75671 1
98894 81851 1
98894 89496 1
98894 89879 1
98894 89880 1
98894 89881 1
98894 90635 1
98894 91481 1
98894 91516 1
98894 99543 1
98894 101989 1
98894 103584 3
98894 105067 1
98894 112354 1
99001 98296 1
99001 103584 1
99001 125613 1
99543 60189 1
99543 60258 1
99543 62264 1
99543 75671 1
99543 81851 1
99543 89496 1
99543 89880 1
99543 89881 2
99543 90438 1
99543 90635 3
99543 91481 1
99543 91516 1
99543 95035 1
99543 95800 1
99543 98560 1
99543 98894 1
99543 101042 1
99543 101989 1
99543 103584 1
99543 105067 1
99543 108179 1
99543 112354 1
99543 123278 1
99608 59038 1
99608 84896 1
99608 89876 1
99608 89877 1
99608 89880 1
99608 89882 1
99608 95035 1
99608 95800 1
99608 103584 1
99608 105067 2
99608 107584 1
99608 107862 1
99608 110228 1
99608 111907 1
99608 115881 1
101527 75163 1
101527 83295 1
101527 89881 1
101527 90604 1
101527 90661 1
101527 94719 1
101527 95035 1
101527 96380 1
101527 98298 1
101527 103584 1
101527 103585 1
101527 110228 1
101527 113469 1
101989 57079 1
101989 60189 1
101989 62264 1
101989 75671 1
101989 81851 1
101989 85823 1
101989 86535 1
101989 89496 1
101989 89880 1
101989 89881 1
101989 90635 1
101989 91481 1
101989 91516 1
101989 95800 1
101989 98894 1
101989 99543 1
101989 103584 1
101989 105067 1
101989 112354 1
103585 75163 1
103585 83295 1
103585 89881 1
103585 90661 1
103585 94719 1
103585 95035 1
103585 96380 1
103585 98298 1
103585 101527 1
103585 103584 1
103585 113469 1
105067 59038 1
105067 60189 1
105067 62264 2
105067 75671 2
105067 81851 1
105067 89496 1
105067 89876 1
105067 89877 1
105067 89880 3
105067 89881 1
105067 89882 1
105067 90635 1
105067 91481 1
105067 91516 1
105067 95035 1
105067 95800 2
105067 98894 1
105067 99543 1
105067 99608 2
105067 101989 1
105067 103584 2
105067 107584 1
105067 112354 1
105067 115881 1
106095 58484 1
106095 67674 1
106095 103584 1
107584 59038 7
107584 89876 1
107584 89877 1
107584 89880 1
107584 89882 1
107584 95035 1
107584 95800 1
107584 99608 1
107584 103584 1
107584 105067 1
107584 115881 1
112035 103584 1
112035 112623 1
112354 60189 1
112354 62264 1
112354 75671 1
112354 81851 1
112354 84896 1
112354 87903 1
112354 89496 1
112354 89880 1
112354 89881 1
112354 90635 1
112354 91481 1
112354 91516 1
112354 92850 5
112354 95035 1
112354 98894 1
112354 99543 1
112354 101989 1
112354 103584 2
112354 105067 1
113469 75163 1
113469 83295 1
113469 89881 1
113469 90661 1
113469 94719 3
113469 95035 1
113469 96380 1
113469 98298 1
113469 101527 1
113469 103584 1
113469 103585 1
115881 59038 1
115881 89876 1
115881 89877 1
115881 89880 1
115881 89882 1
115881 95035 1
115881 95800 1
115881 99608 1
115881 103584 1
115881 105067 1
115881 107584 1
117120 34813 1
117120 103584 1
26332 60769 1
26332 102746 1
26332 104354 1
26332 116522 1
48594 104354 1
51429 40292 1
51429 62699 1
51429 83296 1
51429 104354 1
51556 57658 1
51556 81996 1
51556 90843 1
51556 93715 1
51556 97177 1
51556 104354 1
51556 116602 1
57658 51556 1
57658 81996 1
57658 86566 1
57658 90843 1
57658 93627 1
57658 93715 1
57658 95800 1
57658 97177 1
57658 104354 1
57658 115113 1
57658 116602 1
58350 104354 1
60769 26332 1
60769 52348 1
60769 102746 1
60769 104354 1
60769 116522 1
61891 86566 1
61891 89544 2
61891 91384 1
61891 104354 1
61891 106026 1
67796 69342 1
67796 75258 1
67796 104354 1
67796 110228 1
79589 93662 1
79589 104354 1
79589 108354 1
79589 109335 1
81996 51556 1
81996 57658 1
81996 90843 1
81996 93715 1
81996 97177 1
81996 104354 1
81996 116602 1
83296 28731 1
83296 44484 1
83296 51429 1
83296 104354 1
83905 90720 1
83905 91920 1
83905 104354 1
83905 106660 1
83905 108354 1
83905 114538 1
86566 57658 1
86566 61891 1
86566 75258 1
86566 82460 1
86566 85743 1
86566 89544 1
86566 90044 1
86566 91384 1
86566 92762 1
86566 94364 1
86566 104354 1
86566 106026 1
86608 80537 1
86608 88097 1
86608 104354 1
86608 108354 1
89544 61891 2
89544 86566 1
89544 91384 1
89544 104354 1
89544 106026 1
90720 83905 1
90720 91920 1
90720 104354 1
90720 106660 1
90720 108354 1
90720 114538 1
90843 51556 1
90843 57658 1
90843 81996 1
90843 93715 1
90843 97177 1
90843 104354 1
90843 113664 1
90843 116602 1
91384 61891 1
91384 86566 1
91384 89544 1
91384 104354 1
91384 106026 1
91920 83905 1
91920 90720 1
91920 104354 1
91920 106660 1
91920 108354 1
91920 114538 1
92842 87577 1
92842 87976 1
92842 104354 1
92842 106739 1
92842 111108 1
92842 114221 1
92842 116509 1
93662 79589 1
93662 104238 1
93662 104354 1
93662 105794 2
93662 106747 2
93662 108354 2
93662 114972 1
93715 51556 1
93715 57658 1
93715 80537 1
93715 81996 1
93715 90843 1
93715 97177 1
93715 104354 1
93715 116602 1
97177 51556 1
97177 57658 1
97177 81996 1
97177 90843 1
97177 91481 1
97177 93715 1
97177 104354 1
97177 116602 1
99149 104354 1
101674 104354 1
102746 26332 1
102746 60769 1
102746 104354 1
102746 116522 1
104238 68131 1
104238 93662 1
104238 104354 1
104238 106660 1
104353 104354 1
105643 62601 1
105643 91481 1
105643 96967 1
105643 104354 1
106026 61891 1
106026 75129 1
106026 86279 1
106026 86566 1
106026 89544 1
106026 91384 1
106026 104354 1
106660 83905 1
106660 90720 1
106660 91920 1
106660 104238 1
106660 104354 1
106660 108354 1
106660 114538 1
108354 79589 1
108354 80537 3
108354 83905 1
108354 86608 1
108354 88097 1
108354 90720 1
108354 91920 1
108354 93662 2
108354 96757 1
108354 104354 2
108354 106660 1
108354 106747 1
108354 111985 2
108354 112623 2
108354 114538 1
108354 114972 1
108354 117908 1
108617 104354 1
108774 104354 1
108774 116530 1
110388 104354 1
110388 108798 1
110388 109346 1
110388 118299 1
110388 122727 1
114538 83905 1
114538 90720 1
114538 91920 1
114538 92762 1
114538 104354 1
114538 106660 1
114538 108354 1
114538 119422 1
114972 93662 1
114972 104354 1
114972 108354 1
114972 112623 1
114972 118843 1
116174 104354 1
116522 26332 1
116522 60769 1
116522 102746 1
116522 104354 1
116530 104354 1
116530 108774 1
116602 51556 1
116602 57658 1
116602 81996 1
116602 90843 1
116602 93715 1
116602 97177 1
116602 102631 1
116602 104354 1
118337 100664 1
118337 103122 1
118337 104354 1
122727 104354 1
122727 110388 1
123278 58484 1
123278 96967 1
123278 99543 1
123278 104354 1
123278 114221 1
56779 107178 1
58269 88097 1
58269 107178 1
63930 107178 1
64933 69399 1
64933 94364 1
64933 103126 1
64933 107178 1
64933 111481 1
69399 64933 1
69399 107178 1
80130 76697 1
80130 107178 1
80130 117908 1
84896 99223 1
84896 99608 1
84896 107178 1
84896 112354 1
117015 107870 4
117015 117013 3
117015 117014 1
117015 117017 2
117015 117019 1
117019 107870 1
117019 114585 1
117019 117013 2
117019 117014 2
117019 117015 1
117019 117017 1
117019 117018 1
117019 117404 1
117019 121248 1
124233 109199 1
119909 112595 1
119909 120032 1
120032 112595 1
120032 119909 1
120032 120033 1
121548 112595 1
114585 114584 1
114585 117013 1
114585 117014 1
114585 117018 1
114585 117019 1
114585 117404 1
114585 121248 1
117018 114585 1
117018 117013 1
117018 117014 1
117018 117019 1
117018 117404 1
117018 121248 1
117404 114585 1
117404 117013 1
117404 117014 1
117404 117018 1
117404 117019 1
117404 121248 1
121248 114585 1
121248 117013 1
121248 117014 1
121248 117018 1
121248 117019 1
121248 117404 1
125599 117017 1
100231 117908 1
100231 125761 1
103917 125761 1
126144 125761 1
127159 125761 1
48158 29092 1
96378 56811 1
67851 62699 1
61294 61295 1
61294 64298 1
61294 70725 1
61294 70726 1
61294 70727 1
61295 56745 1
61295 61294 1
61295 64298 1
61295 70725 1
61295 70726 1
61295 70727 1
61295 83075 1
70725 61294 1
70725 61295 1
70725 64298 1
70725 70726 1
70725 70727 1
70726 61294 1
70726 61295 1
70726 64298 1
70726 70725 1
70726 70727 1
70727 61294 1
70727 61295 1
70727 64298 1
70727 70725 1
70727 70726 1
67543 74247 1
67543 97244 1
67543 122406 1
97244 67543 1
97244 74247 1
97244 122406 1
122406 67543 1
122406 74247 1
122406 97244 1
99167 79489 1
109384 99223 1
113786 101802 1
98432 110877 1
84148 47215 1
48833 47722 1
64676 47873 1
55332 53657 1
55085 54148 1
58459 59040 1
43859 69780 1
57963 72362 1
71226 76704 1
70856 78524 1
11381 85823 1
84484 85866 1
108282 85866 1
48857 86535 1
88111 88110 1
55889 88781 1
88868 88867 1
118149 88867 1
96062 94618 1
123205 115925 1
111559 107342 1
121173 109751 1
76944 85369 1
48634 85846 1
126042 87766 1
20929 34717 1
20929 87976 1
89945 87976 1
92764 90705 1
119024 94364 1
102384 98937 1
118249 102950 1
90193 96237 1
122737 57347 1
59814 90634 1
12242 58427 1
112564 111985 1
118673 118843 1
18467 18477 1
18467 20032 1
18467 20033 1
18477 18467 1
18477 20032 1
18477 20033 1
20032 18467 1
20032 18477 1
20032 20033 1
56783 41733 1
97037 59248 1
98606 70059 1
114783 87959 1
114783 113108 1
115574 89141 1
115574 116166 1
86723 86724 1
86723 89724 1
86724 86723 1
86724 89724 1
85751 103769 1
103636 103769 1
118177 111108 1
108857 108859 10
108857 109784 2
108857 113108 2
108859 108857 10
108859 109784 2
108859 113108 2
109784 108857 2
109784 108859 2
109784 113108 1
58424 117967 1
46983 92850 1
125613 99001 1
115113 57658 1
108798 109346 1
108798 110388 1
108798 118299 1
109346 108798 1
109346 110388 1
109346 118299 1
118299 108798 1
118299 109346 1
118299 110388 1
118299 118302 1
118299 118309 1
118302 118299 1
118302 118309 1
118309 118299 1
118309 118302 1
116166 115574 1
34717 20929 1
56745 61295 1
56745 83075 1
83075 56745 1
83075 61295 1
114584 114585 1
120033 120032 1
