42659 47121 1
47121 34703 1
47121 35631 1
47121 39154 1
47121 40903 1
47121 42659 1
47121 48315 1
47121 49633 1
47121 51877 1
47121 63962 1
34703 35631 1
34703 47121 1
34703 48315 1
34703 49633 1
35631 34703 1
35631 35345 1
35631 47121 1
35631 48315 1
35631 49633 1
39154 30484 1
39154 37430 1
39154 40903 1
39154 40948 1
39154 46792 1
39154 47121 1
39154 51877 1
39154 63962 1
39154 77158 1
40903 26274 1
40903 26811 1
40903 26815 1
40903 28090 1
40903 30489 1
40903 34871 1
40903 39016 1
40903 39154 1
40903 40276 1
40903 41196 1
40903 43101 1
40903 47121 1
40903 47860 1
40903 50071 1
40903 51185 1
40903 51585 1
40903 51877 1
40903 56673 1
40903 60165 1
40903 60923 1
40903 63507 1
40903 63962 1
40903 67832 1
40903 68217 1
40903 72333 1
48315 34703 1
48315 35631 1
48315 37693 1
48315 40207 1
48315 47121 1
48315 49633 1
48315 50660 1
49633 1762 1
49633 21869 1
49633 23845 1
49633 27566 1
49633 34184 1
49633 34703 1
49633 35631 1
49633 39537 1
49633 47121 1
49633 48315 1
49633 48832 1
49633 48885 1
49633 49605 1
49633 49608 1
49633 49634 1
49633 52369 1
49633 53271 1
49633 59394 1
49633 59574 1
49633 90975 1
51877 11696 1
51877 37705 1
51877 38443 1
51877 39154 1
51877 39356 2
51877 40903 1
51877 41555 1
51877 44592 1
51877 45047 1
51877 46450 1
51877 46683 1
51877 47121 1
51877 48913 1
51877 49785 1
51877 52655 1
51877 55851 1
51877 62524 1
51877 63962 1
51877 66065 2
51877 69727 1
51877 73579 1
51877 73739 1
51877 82006 1
63962 20826 1
63962 21871 1
63962 39154 1
63962 40903 1
63962 45777 1
63962 47121 1
63962 50602 1
63962 51303 1
63962 51877 1
63962 56979 1
63962 59653 1
63962 60208 1
63962 60398 1
63962 63975 1
63962 68211 1
63962 70478 1
63962 73611 1
63962 77596 1
35345 35631 1
30484 21078 1
30484 29118 1
30484 37430 1
30484 39154 1
30484 40948 1
30484 42629 1
30484 46792 1
30484 77158 1
30484 82832 1
37430 30484 1
37430 39154 1
37430 40948 1
37430 46792 1
37430 77158 1
40948 30484 1
40948 37430 1
40948 39154 1
40948 46792 1
40948 49064 1
40948 77158 1
46792 30484 1
46792 37430 1
46792 38874 1
46792 39154 1
46792 40156 1
46792 40948 1
46792 46795 1
46792 77158 1
77158 30484 1
77158 37430 1
77158 39154 1
77158 40948 1
77158 46792 1
77158 68508 1
26274 26811 1
26274 37149 1
26274 38046 1
26274 40903 1
26274 41554 1
26274 43101 1
26274 47860 1
26274 49497 1
26274 61535 1
26274 61947 1
26274 62842 1
26274 67832 2
26274 68217 1
26274 72333 1
26274 76529 1
26274 81425 1
26274 83997 1
26811 26274 1
26811 27057 1
26811 30255 1
26811 39841 1
26811 40903 1
26811 43101 1
26811 47643 1
26811 47770 1
26811 47860 1
26811 51627 1
26811 51949 1
26811 52610 1
26811 67832 1
26811 68217 1
26811 72333 1
26815 26008 1
26815 29952 1
26815 40583 1
26815 40903 1
26815 50071 1
26815 56673 1
26815 60165 1
26815 63507 1
28090 7814 1
28090 9681 1
28090 10265 1
28090 13875 1
28090 14804 1
28090 24320 1
28090 25621 1
28090 26043 1
28090 28799 1
28090 30489 1
28090 34871 1
28090 39016 1
28090 40903 1
28090 51185 1
28090 60923 1
30489 28090 1
30489 34871 1
30489 39016 1
30489 40903 1
30489 51185 1
30489 60923 1
34871 28090 1
34871 30489 1
34871 36734 1
34871 39016 1
34871 40903 1
34871 51185 1
34871 60923 1
39016 28090 1
39016 30489 1
39016 34871 1
39016 40903 1
39016 51185 1
39016 60923 1
40276 26110 1
40276 40903 1
40276 41960 1
40276 43226 1
40276 50978 1
40276 51585 3
40276 60177 1
40276 60999 1
41196 19395 1
41196 40903 1
41196 56875 1
43101 26274 1
43101 26811 1
43101 40903 1
43101 47860 1
43101 51232 1
43101 67832 1
43101 68217 1
43101 72333 1
47860 26274 1
47860 26811 1
47860 40903 1
47860 43101 1
47860 67832 1
47860 68217 1
47860 72333 1
50071 26815 1
50071 35890 1
50071 37705 1
50071 40903 1
50071 44718 1
50071 45168 1
50071 50070 1
50071 53283 1
50071 55399 1
50071 56673 1
50071 60165 1
50071 61836 1
50071 63507 1
51185 28090 1
51185 30489 1
51185 34871 1
51185 39016 1
51185 40903 1
51185 60923 1
51585 26110 1
51585 38687 1
51585 40276 3
51585 40903 1
51585 41960 1
51585 43226 1
51585 48035 1
51585 50978 1
51585 52207 1
51585 57351 1
51585 58359 1
51585 59394 1
51585 59778 1
51585 60177 1
51585 60999 1
51585 99521 1
56673 26815 1
56673 38523 1
56673 40903 1
56673 50071 1
56673 60165 1
56673 63507 1
60165 25229 1
60165 26815 1
60165 35524 1
60165 40903 1
60165 43229 1
60165 47956 1
60165 47957 1
60165 50071 1
60165 50165 1
60165 55464 1
60165 56673 1
60165 60306 1
60165 63507 1
60923 28090 1
60923 30489 1
60923 34871 1
60923 39016 1
60923 40903 1
60923 51185 1
63507 26815 1
63507 27592 1
63507 40903 1
63507 50071 1
63507 56673 1
63507 60165 1
63507 65674 1
67832 26274 2
67832 26811 1
67832 37149 1
67832 38046 1
67832 40903 1
67832 41554 1
67832 43101 1
67832 47860 1
67832 49497 1
67832 57715 1
67832 61066 1
67832 61535 1
67832 61947 1
67832 62842 1
67832 68217 1
67832 72333 1
67832 75815 1
67832 76529 1
67832 79636 1
67832 81425 1
67832 82083 1
67832 83997 1
67832 85390 1
67832 85934 1
67832 85937 1
67832 108298 1
67832 113661 1
68217 26274 1
68217 26811 1
68217 34645 1
68217 40903 1
68217 43101 1
68217 47860 1
68217 49730 1
68217 53387 1
68217 67832 1
68217 72333 1
72333 26274 1
72333 26811 1
72333 40903 1
72333 43101 1
72333 47860 1
72333 50217 1
72333 53886 1
72333 65018 1
72333 67832 1
72333 68217 1
72333 69252 1
72333 76372 1
72333 76376 1
72333 77596 1
37693 11711 1
37693 31174 1
37693 31886 1
37693 37690 1
37693 37691 1
37693 39800 1
37693 40207 1
37693 43393 1
37693 43523 1
37693 46124 1
37693 48315 1
37693 50660 1
40207 37693 1
40207 48315 1
40207 50660 1
50660 16471 1
50660 37693 1
50660 38440 1
50660 39772 1
50660 40207 1
50660 42284 1
50660 46796 1
50660 48315 1
1762 27566 1
1762 49633 1
21869 25782 1
21869 34184 1
21869 48832 1
21869 49633 1
21869 50227 1
21869 53271 1
21869 55575 1
21869 56295 1
21869 56849 1
21869 56879 1
21869 59394 1
21869 63546 1
21869 64976 1
21869 81280 1
23845 49633 1
27566 1762 1
27566 13985 1
27566 18033 1
27566 18179 1
27566 18686 1
27566 34918 1
27566 38538 1
27566 38541 1
27566 49633 1
27566 52499 1
34184 21869 1
34184 44476 1
34184 48832 1
34184 49633 1
34184 53271 1
34184 59394 1
39537 46124 1
39537 48885 1
39537 49633 1
39537 52329 1
39537 90975 1
48832 21869 1
48832 34184 1
48832 37140 1
48832 49633 1
48832 53271 1
48832 59394 1
48832 60174 1
48885 28154 1
48885 39537 1
48885 49633 1
48885 59315 1
48885 90975 1
49605 49608 1
49605 49633 1
49608 30003 1
49608 31236 1
49608 42455 1
49608 44859 1
49608 48717 1
49608 49605 1
49608 49633 1
49634 49633 1
49634 59574 1
49634 60398 1
52369 49633 1
53271 21869 1
53271 34184 1
53271 38123 1
53271 41851 1
53271 45762 1
53271 48832 1
53271 49610 1
53271 49633 1
53271 53272 1
53271 53273 1
53271 53274 1
53271 53275 1
53271 59394 1
59394 21869 1
59394 34184 1
59394 41634 1
59394 43487 1
59394 48832 1
59394 49633 1
59394 51585 1
59394 53271 1
59394 58359 1
59394 63546 1
59574 47728 1
59574 49633 1
59574 49634 1
59574 54745 1
90975 39537 1
90975 48885 1
90975 49633 1
90975 90969 1
90975 90970 1
90975 90971 1
90975 90972 1
90975 90973 1
11696 33589 1
11696 37705 1
11696 46045 1
11696 51877 1
11696 52603 1
11696 52662 1
11696 55851 1
11696 73739 1
37705 11696 1
37705 35890 1
37705 44718 1
37705 45168 1
37705 50071 1
37705 51877 1
37705 53283 1
37705 55399 1
37705 55851 1
37705 61836 1
37705 73739 1
38443 39356 1
38443 44585 1
38443 45047 1
38443 46450 1
38443 49785 1
38443 51877 1
38443 52655 1
38443 58434 1
38443 59251 1
38443 76529 1
38443 87363 1
38443 88986 1
38443 96381 1
38443 107762 1
39356 38443 1
39356 43196 1
39356 46096 1
39356 48874 1
39356 51877 2
39356 55531 1
39356 57084 1
39356 59251 1
39356 66065 2
39356 69067 1
39356 72248 1
39356 72250 1
39356 78523 1
39356 79151 1
39356 81604 1
39356 87363 1
39356 89072 1
41555 42951 1
41555 48913 1
41555 51877 1
41555 60199 1
41555 62524 1
41555 77562 1
41555 82006 1
44592 43467 1
44592 51877 1
44592 67847 1
44592 73579 1
44592 82387 1
45047 38443 1
45047 46450 1
45047 49785 1
45047 51877 1
45047 52655 1
46450 38443 1
46450 45047 1
46450 49785 1
46450 50230 1
46450 50504 1
46450 51877 1
46450 52655 1
46450 61205 1
46450 63221 1
46450 69571 1
46450 82097 1
46450 85087 1
46683 51877 1
48913 38048 1
48913 41555 1
48913 51877 1
48913 59896 1
48913 59897 1
48913 59898 1
48913 59899 1
48913 59900 1
48913 59901 1
48913 62524 1
48913 66256 1
48913 78319 1
48913 82006 1
48913 119604 1
48913 126335 1
49785 38443 1
49785 45047 1
49785 46450 1
49785 51877 1
49785 52655 1
52655 38443 1
52655 45047 1
52655 46450 1
52655 49785 1
52655 51315 1
52655 51877 1
52655 82093 1
52655 95276 1
52655 99012 1
52655 101268 1
52655 114688 1
52655 119293 1
55851 11696 1
55851 37705 1
55851 51877 1
55851 73739 1
62524 41555 1
62524 48913 1
62524 51877 1
62524 56312 1
62524 60083 1
62524 82006 1
66065 39356 2
66065 51877 2
66065 59251 1
66065 59653 1
66065 75042 1
66065 77596 1
66065 78523 1
66065 82719 1
69727 26816 1
69727 51877 1
69727 52235 1
69727 54224 1
69727 71309 1
69727 83236 1
73579 32272 1
73579 36601 1
73579 36625 1
73579 36626 1
73579 41554 1
73579 44592 1
73579 48707 1
73579 48708 1
73579 51877 1
73579 60060 1
73579 61561 1
73579 64147 1
73739 11696 1
73739 37705 1
73739 51877 1
73739 55851 1
73739 62626 1
73739 68138 1
82006 41555 1
82006 44974 1
82006 48913 1
82006 51877 1
82006 53819 1
82006 54230 1
82006 54239 1
82006 62524 1
82006 70759 1
82006 79636 1
82006 96882 1
20826 43606 1
20826 45777 1
20826 50602 1
20826 59653 1
20826 63962 1
20826 63975 1
20826 64826 1
20826 68211 1
20826 70478 1
20826 73611 1
20826 73779 1
20826 82823 1
21871 45946 1
21871 51303 1
21871 53923 1
21871 56672 1
21871 56849 1
21871 56979 1
21871 60398 1
21871 62970 1
21871 62972 1
21871 63962 1
21871 80488 1
21871 88072 1
21871 90263 1
45777 20826 1
45777 50602 1
45777 59653 1
45777 63962 1
45777 63975 1
45777 68211 1
45777 70478 1
45777 73611 1
45777 79374 1
50602 20826 1
50602 45777 1
50602 51943 1
50602 52603 1
50602 59653 1
50602 63962 1
50602 63975 1
50602 64844 1
50602 68211 1
50602 70478 1
50602 73611 1
51303 21871 1
51303 46847 1
51303 56979 1
51303 60398 1
51303 63962 1
51303 75008 1
51303 81262 1
51303 83000 1
56979 21871 1
56979 29947 1
56979 51303 1
56979 58555 1
56979 60398 1
56979 62619 1
56979 63962 1
56979 103843 1
59653 20826 1
59653 45777 1
59653 50602 1
59653 63962 1
59653 63975 1
59653 66065 1
59653 68211 1
59653 70478 1
59653 73611 1
59653 75042 1
59653 77596 1
59653 78523 1
60208 45254 1
60208 55140 1
60208 56875 1
60208 57316 1
60208 61355 1
60208 61561 1
60208 63962 1
60208 67837 1
60208 70951 1
60208 77596 1
60208 78813 1
60208 81296 1
60208 93822 1
60398 21871 1
60398 39687 1
60398 49634 1
60398 51303 1
60398 56979 1
60398 63962 1
63975 20826 1
63975 45777 1
63975 50602 1
63975 59653 1
63975 63962 1
63975 68211 1
63975 70478 1
63975 73611 1
63975 86140 1
68211 20826 1
68211 45777 1
68211 50602 1
68211 59653 1
68211 63962 1
68211 63975 1
68211 70478 1
68211 73611 1
70478 20826 1
70478 45777 1
70478 50602 1
70478 56095 1
70478 59653 1
70478 63962 1
70478 63975 1
70478 68211 1
70478 73611 1
70478 75103 1
70478 78766 1
70478 96116 1
73611 20826 1
73611 45777 1
73611 50602 1
73611 59653 1
73611 63962 1
73611 63975 1
73611 68211 1
73611 70478 1
77596 38687 1
77596 50217 1
77596 53886 1
77596 59653 1
77596 60208 1
77596 63962 1
77596 65018 1
77596 66065 1
77596 69252 1
77596 72333 1
77596 75042 1
77596 78523 1
77596 79245 1
77596 80496 1
77596 80555 1
77596 82342 1
21078 29118 1
21078 30484 1
29118 21078 1
29118 30484 1
42629 30484 1
42629 82832 1
82832 30484 1
82832 42629 1
82832 72250 1
49064 40948 1
49064 56362 1
38874 40156 1
38874 46792 1
38874 46795 1
40156 38874 1
40156 46792 1
40156 46795 1
46795 38874 1
46795 40156 1
46795 46792 1
68508 77158 1
37149 26274 1
37149 38046 1
37149 41554 1
37149 49497 1
37149 61535 1
37149 61947 1
37149 62842 1
37149 67832 1
37149 67847 1
37149 76529 1
37149 81425 1
37149 83997 1
38046 26274 1
38046 37149 1
38046 41554 1
38046 49497 1
38046 61535 1
38046 61947 1
38046 62842 1
38046 67832 1
38046 76529 1
38046 81425 1
38046 83997 1
41554 26274 1
41554 37149 1
41554 38046 1
41554 49497 1
41554 56849 1
41554 61535 1
41554 61561 1
41554 61947 1
41554 62842 1
41554 67832 1
41554 73579 1
41554 76529 1
41554 81425 1
41554 83997 1
49497 26274 1
49497 37149 1
49497 38046 1
49497 41554 1
49497 61535 1
49497 61947 1
49497 62842 1
49497 67832 1
49497 72250 1
49497 76529 1
49497 81425 1
49497 83997 1
61535 26274 1
61535 37149 1
61535 38046 1
61535 41554 1
61535 49497 1
61535 61947 1
61535 62842 1
61535 67832 1
61535 76529 1
61535 81425 1
61535 83997 1
61947 26274 1
61947 37149 1
61947 38046 1
61947 41554 1
61947 49497 1
61947 61535 1
61947 62842 1
61947 67832 1
61947 76529 1
61947 81425 1
61947 83997 1
62842 26274 1
62842 37149 1
62842 38046 1
62842 41554 1
62842 49497 1
62842 61535 1
62842 61947 1
62842 67832 1
62842 76529 1
62842 81425 1
62842 83997 1
76529 26274 1
76529 37149 1
76529 38046 1
76529 38443 1
76529 41554 1
76529 49497 1
76529 61535 1
76529 61947 1
76529 62842 1
76529 67832 1
76529 81425 1
76529 83997 1
76529 87363 1
81425 26274 1
81425 37149 1
81425 38046 1
81425 41554 1
81425 49497 1
81425 61535 1
81425 61947 1
81425 62842 1
81425 67832 1
81425 76529 1
81425 83997 1
83997 26274 1
83997 37149 1
83997 38046 1
83997 41554 1
83997 49497 1
83997 61535 1
83997 61947 1
83997 62842 1
83997 67832 1
83997 76529 1
83997 81425 1
27057 26811 1
27057 30255 1
27057 52610 1
30255 26811 1
30255 27057 1
30255 52610 1
39841 26811 1
39841 51949 1
47643 26811 1
47643 47770 1
47643 51627 1
47770 26811 1
47770 47643 1
47770 51627 1
51627 26811 1
51627 47643 1
51627 47770 1
51949 26811 1
51949 39841 1
52610 26811 1
52610 27057 1
52610 30255 1
26008 25971 1
26008 26815 1
26008 29952 1
29952 26008 1
29952 26815 1
40583 26815 1
7814 28090 1
9681 10265 1
9681 14804 1
9681 26043 1
9681 28090 1
10265 9681 1
10265 14804 1
10265 26043 1
10265 28090 1
13875 24320 1
13875 28090 1
13875 28799 1
14804 9681 1
14804 10265 1
14804 26043 1
14804 28090 1
24320 13875 1
24320 28090 1
24320 28799 1
25621 28090 1
26043 9681 1
26043 10265 1
26043 14804 1
26043 28090 1
28799 13875 1
28799 24320 1
28799 28090 1
36734 34871 1
26110 40276 1
26110 41960 1
26110 51585 1
41960 26110 1
41960 40276 1
41960 51585 1
43226 40276 1
43226 50978 1
43226 51585 1
43226 60177 1
43226 60999 1
50978 40276 1
50978 43226 1
50978 51585 1
50978 60177 1
50978 60999 2
60177 40276 1
60177 43226 1
60177 50978 1
60177 51585 1
60177 55464 1
60177 60999 1
60999 40276 1
60999 43226 1
60999 50978 2
60999 51585 1
60999 58359 1
60999 60177 1
51232 43101 1
35890 37705 1
35890 44718 1
35890 45168 1
35890 50071 1
35890 53283 1
35890 55399 1
35890 61836 1
44718 35890 1
44718 37705 1
44718 45168 1
44718 50071 1
44718 53283 1
44718 55399 1
44718 61836 1
45168 35890 1
45168 37705 1
45168 44718 1
45168 50071 1
45168 53283 1
45168 55399 1
45168 61836 1
50070 50071 1
53283 35890 1
53283 37705 1
53283 44718 1
53283 45168 1
53283 50071 1
53283 55399 1
53283 61836 1
55399 35890 1
55399 37705 1
55399 44718 1
55399 45168 1
55399 50071 1
55399 53283 1
55399 61836 1
61836 35890 1
61836 37705 1
61836 44718 1
61836 45168 1
61836 50071 1
61836 53283 1
61836 55399 1
38687 51585 1
38687 52207 1
38687 57351 1
38687 77596 1
38687 80555 1
38687 99521 1
48035 51585 1
48035 63221 1
48035 78766 1
52207 38687 1
52207 51585 1
52207 55531 1
52207 57351 1
52207 99521 1
57351 38687 1
57351 51585 1
57351 52207 1
57351 99521 1
58359 51585 1
58359 59394 1
58359 60999 1
58359 65018 1
59778 51585 1
59778 55464 1
99521 38687 1
99521 51585 1
99521 52207 1
99521 57351 1
99521 107762 1
38523 56673 1
25229 35524 1
25229 47956 1
25229 47957 1
25229 60165 1
35524 25229 1
35524 47956 1
35524 47957 1
35524 60165 1
43229 60165 1
43229 60306 1
47956 25229 1
47956 35524 1
47956 47957 1
47956 60165 1
47957 25229 1
47957 35524 1
47957 47956 1
47957 60165 1
50165 60165 1
55464 59778 1
55464 60165 1
55464 60177 1
60306 43229 1
60306 60165 1
27592 63507 1
65674 63507 1
57715 67832 1
57715 75815 1
57715 82083 1
61066 67832 1
75815 57715 1
75815 67832 1
75815 82083 1
79636 53819 1
79636 54230 1
79636 54239 1
79636 67832 1
79636 70759 1
79636 82006 1
79636 96882 1
82083 57715 1
82083 67832 1
82083 75815 1
85390 67832 1
85934 67832 1
85934 85937 1
85937 61561 1
85937 67832 1
85937 85934 1
108298 67832 1
108298 113661 1
113661 67832 1
113661 108298 1
34645 49730 1
34645 53387 1
34645 68217 1
49730 34645 1
49730 53387 1
49730 68217 1
53387 34645 1
53387 49730 1
53387 68217 1
50217 53886 1
50217 65018 1
50217 69252 1
50217 72333 1
50217 77063 1
50217 77596 1
53886 50217 1
53886 65018 1
53886 69252 1
53886 69524 1
53886 72333 1
53886 77596 1
65018 28154 1
65018 29947 1
65018 41634 1
65018 50217 1
65018 53886 1
65018 58359 1
65018 69252 1
65018 72333 1
65018 77596 1
69252 50217 1
69252 53886 1
69252 65018 1
69252 72333 1
69252 77596 1
76372 72333 1
76372 76376 1
76376 72333 1
76376 76372 1
11711 31174 1
11711 31886 1
11711 37690 1
11711 37691 1
11711 37693 1
11711 39800 1
11711 43393 1
11711 43523 1
31174 11711 1
31174 31886 1
31174 37690 1
31174 37691 1
31174 37693 1
31174 39800 1
31174 43393 1
31174 43523 1
31886 11711 1
31886 31174 1
31886 37690 1
31886 37691 1
31886 37693 1
31886 39800 1
31886 43393 1
31886 43523 1
37690 11711 1
37690 31174 1
37690 31886 1
37690 37691 1
37690 37693 1
37690 39800 1
37690 43393 1
37690 43523 1
37691 11711 1
37691 31174 1
37691 31886 1
37691 37690 1
37691 37693 1
37691 39800 1
37691 43393 1
37691 43523 1
39800 11711 1
39800 31174 1
39800 31886 1
39800 37690 1
39800 37691 1
39800 37693 1
39800 43393 1
39800 43523 1
43393 11711 1
43393 31174 1
43393 31886 1
43393 37690 1
43393 37691 1
43393 37693 1
43393 39800 1
43393 43523 1
43523 11711 1
43523 31174 1
43523 31886 1
43523 37690 1
43523 37691 1
43523 37693 1
43523 39800 1
43523 43393 1
46124 37693 1
46124 39537 1
46124 52329 1
16471 38440 1
16471 39772 1
16471 42284 1
16471 46796 1
16471 50660 1
38440 16471 1
38440 39772 1
38440 42284 1
38440 46796 1
38440 50660 1
39772 16471 1
39772 38440 1
39772 42284 1
39772 46796 1
39772 50660 1
42284 16471 1
42284 38440 1
42284 39772 1
42284 46796 1
42284 50660 1
46796 16471 1
46796 38440 1
46796 39772 1
46796 42284 1
46796 50660 1
25782 21869 1
25782 56849 1
50227 21869 1
50227 43467 1
50227 55575 1
50227 78523 1
55575 21869 1
55575 50227 1
56295 21869 1
56295 63546 1
56295 81280 1
56849 21869 1
56849 21871 1
56849 25782 1
56849 41554 1
56849 45946 1
56849 52235 1
56849 53923 1
56849 56672 1
56849 62970 1
56849 62972 1
56849 80488 1
56849 88072 1
56849 90263 1
56879 21869 1
63546 21869 1
63546 56295 1
63546 59394 1
63546 81280 1
64976 21869 1
81280 21869 1
81280 56295 1
81280 63546 1
13985 18033 1
13985 18179 1
13985 18686 1
13985 27566 1
13985 34918 1
18033 13985 1
18033 14590 1
18033 14591 1
18033 17113 1
18033 18179 1
18033 18686 1
18033 26399 1
18033 27566 1
18033 34918 1
18033 122234 1
18179 13985 1
18179 18033 1
18179 18686 1
18179 27566 1
18179 34918 1
18686 13985 1
18686 18033 1
18686 18179 1
18686 27566 1
18686 34918 1
34918 13985 1
34918 18033 1
34918 18179 1
34918 18686 1
34918 27566 1
38538 27566 1
38538 38541 1
38538 52499 1
38541 27566 1
38541 38538 1
38541 52499 1
52499 27566 1
52499 38538 1
52499 38541 1
44476 34184 1
52329 39537 1
52329 46124 1
37140 48717 1
37140 48832 1
60174 48832 1
28154 29947 1
28154 41634 1
28154 48885 1
28154 51591 1
28154 59315 1
28154 65018 1
28154 122425 1
59315 28154 1
59315 48885 1
30003 31236 1
30003 49608 1
31236 30003 1
31236 49608 1
42455 44859 1
42455 48717 1
42455 49608 1
44859 42455 1
44859 48717 1
44859 49608 1
48717 37140 1
48717 42455 1
48717 44859 1
48717 49608 1
38123 41851 1
38123 53271 1
41851 38123 1
41851 53271 1
45762 53271 1
45762 53272 1
45762 53273 1
45762 53274 1
45762 53275 1
49610 53271 1
53272 45762 1
53272 53271 1
53272 53273 1
53272 53274 1
53272 53275 1
53273 45762 1
53273 53271 1
53273 53272 1
53273 53274 1
53273 53275 1
53274 45762 1
53274 53271 1
53274 53272 1
53274 53273 1
53274 53275 1
53275 45762 1
53275 53271 1
53275 53272 1
53275 53273 1
53275 53274 1
41634 28154 1
41634 29947 1
41634 43487 1
41634 59394 1
41634 65018 1
43487 41634 1
43487 59394 1
47728 59574 1
54745 59574 1
90969 90970 1
90969 90971 1
90969 90972 1
90969 90973 1
90969 90975 1
90970 90969 1
90970 90971 1
90970 90972 1
90970 90973 1
90970 90975 1
90971 90969 1
90971 90970 1
90971 90972 1
90971 90973 1
90971 90975 1
90972 90969 1
90972 90970 1
90972 90971 1
90972 90973 1
90972 90975 1
90973 90969 1
90973 90970 1
90973 90971 1
90973 90972 1
90973 90975 1
33589 11696 1
33589 12099 1
33589 46045 1
33589 52603 1
33589 52662 1
46045 11696 1
46045 33589 1
46045 52603 1
46045 52662 1
52603 11696 1
52603 33589 1
52603 46045 1
52603 50602 1
52603 52662 1
52662 11696 1
52662 33589 1
52662 46045 1
52662 52603 1
44585 38443 1
58434 38443 1
59251 38443 1
59251 39356 1
59251 66065 1
59251 87363 1
87363 38443 1
87363 39356 1
87363 59251 1
87363 76529 1
88986 38443 1
88986 96381 1
88986 104374 1
96381 38443 1
96381 88986 1
107762 38443 1
107762 99521 1
43196 39356 1
43196 46096 1
43196 78523 1
43196 79151 1
46096 39356 1
46096 43196 1
46096 78523 1
46096 79151 1
48874 39356 1
48874 55531 1
48874 57084 1
48874 69067 1
48874 72248 1
48874 72250 1
48874 81604 1
48874 89072 1
55531 39356 1
55531 48874 1
55531 52207 1
55531 57084 2
55531 69067 1
55531 72248 1
55531 72250 1
55531 81604 1
55531 89072 1
57084 39356 1
57084 48874 1
57084 55531 2
57084 69067 1
57084 72248 1
57084 72250 1
57084 81604 1
57084 89072 1
69067 39356 1
69067 48874 1
69067 55531 1
69067 57084 1
69067 72248 1
69067 72250 1
69067 81604 1
69067 89072 1
72248 39356 1
72248 48874 1
72248 55531 1
72248 57084 1
72248 69067 1
72248 72250 1
72248 81604 1
72248 89072 1
72250 39356 1
72250 48874 1
72250 49497 1
72250 55531 1
72250 57084 1
72250 69067 1
72250 72248 1
72250 81604 1
72250 82832 1
72250 89072 1
78523 39356 1
78523 43196 1
78523 46096 1
78523 50227 1
78523 59653 1
78523 66065 1
78523 75042 1
78523 77596 1
78523 79151 1
79151 39356 1
79151 43196 1
79151 46096 1
79151 78523 1
81604 39356 1
81604 48874 1
81604 55531 1
81604 57084 1
81604 69067 1
81604 72248 1
81604 72250 1
81604 81605 1
81604 89072 1
89072 39356 1
89072 48874 1
89072 53422 1
89072 55531 1
89072 57084 1
89072 69067 1
89072 72248 1
89072 72250 1
89072 81604 1
42951 41555 1
60199 41555 1
60199 45946 1
60199 77562 1
60199 78766 1
77562 41555 1
77562 60199 1
77562 82387 1
43467 44592 1
43467 50227 1
43467 54960 1
67847 37149 1
67847 44592 1
67847 61355 1
67847 82387 1
82387 44592 1
82387 67847 1
82387 77562 1
50230 46450 1
50230 50504 1
50230 61205 1
50230 69571 1
50230 82097 1
50230 85087 1
50504 46450 1
50504 50230 1
50504 61205 1
50504 69571 1
50504 82097 1
50504 85087 1
61205 46450 1
61205 50230 1
61205 50504 1
61205 69571 1
61205 82097 1
61205 85087 1
63221 46450 1
63221 48035 1
63221 78766 1
69571 46450 1
69571 50230 1
69571 50504 1
69571 61205 1
69571 82097 1
69571 85087 1
82097 46450 1
82097 50230 1
82097 50504 1
82097 61205 1
82097 69571 1
82097 85087 1
85087 46450 1
85087 50230 1
85087 50504 1
85087 61205 1
85087 69571 1
85087 82097 1
38048 48913 1
38048 59896 1
38048 59897 1
38048 59898 1
38048 59899 1
38048 59900 1
38048 59901 1
38048 66256 1
38048 78319 1
38048 119604 1
38048 126335 1
59896 38048 1
59896 48913 1
59896 59897 1
59896 59898 1
59896 59899 1
59896 59900 1
59896 59901 1
59896 66256 1
59896 78319 1
59896 119604 1
59896 126335 1
59897 38048 1
59897 48913 1
59897 59896 1
59897 59898 1
59897 59899 1
59897 59900 1
59897 59901 1
59897 66256 1
59897 78319 1
59897 119604 1
59897 126335 1
59898 38048 1
59898 48913 1
59898 59896 1
59898 59897 1
59898 59899 1
59898 59900 1
59898 59901 1
59898 66256 1
59898 78319 1
59898 119604 1
59898 126335 1
59899 38048 1
59899 48913 1
59899 59896 1
59899 59897 1
59899 59898 1
59899 59900 1
59899 59901 1
59899 66256 1
59899 78319 1
59899 119604 1
59899 122078 3
59899 122079 1
59899 126335 1
59900 38048 1
59900 48913 1
59900 59896 1
59900 59897 1
59900 59898 1
59900 59899 1
59900 59901 1
59900 66256 1
59900 78319 1
59900 119604 1
59900 126335 1
59901 38048 1
59901 48913 1
59901 59896 1
59901 59897 1
59901 59898 1
59901 59899 1
59901 59900 1
59901 66256 1
59901 78319 1
59901 119604 1
59901 126335 1
66256 38048 1
66256 48913 1
66256 59896 1
66256 59897 1
66256 59898 1
66256 59899 1
66256 59900 1
66256 59901 1
66256 78319 1
66256 119604 1
66256 126335 1
78319 38048 1
78319 48913 1
78319 59896 1
78319 59897 1
78319 59898 1
78319 59899 1
78319 59900 1
78319 59901 1
78319 66256 1
78319 119604 1
78319 126335 1
119604 38048 1
119604 48913 1
119604 59896 1
119604 59897 1
119604 59898 1
119604 59899 1
119604 59900 1
119604 59901 1
119604 66256 1
119604 78319 1
119604 126335 1
126335 38048 1
126335 48913 1
126335 59896 1
126335 59897 1
126335 59898 1
126335 59899 1
126335 59900 1
126335 59901 1
126335 66256 1
126335 78319 1
126335 119604 1
51315 52655 1
51315 82093 1
51315 114688 1
82093 51315 1
82093 52655 1
82093 114688 1
95276 52655 1
95276 99012 1
95276 119293 1
99012 52655 1
99012 95276 1
99012 119293 1
101268 52655 1
114688 51315 1
114688 52655 1
114688 82093 1
119293 52655 1
119293 95276 1
119293 99012 1
56312 60083 1
56312 62524 1
60083 56312 1
60083 62524 1
75042 59653 1
75042 66065 1
75042 77596 1
75042 78523 1
82719 66065 1
26816 69727 1
52235 56849 1
52235 69727 1
54224 69727 1
54224 71309 1
71309 54224 1
71309 69727 1
83236 69727 1
32272 36601 1
32272 36625 1
32272 36626 1
32272 48707 1
32272 48708 1
32272 73579 1
36601 32272 1
36601 36625 1
36601 36626 1
36601 48707 1
36601 48708 1
36601 73579 1
36625 32272 1
36625 36601 1
36625 36626 6
36625 36629 1
36625 48707 1
36625 48708 1
36625 69664 1
36625 73579 1
36626 32272 1
36626 36601 1
36626 36625 6
36626 36629 1
36626 48707 1
36626 48708 1
36626 69664 1
36626 73579 1
48707 32272 1
48707 36601 1
48707 36625 1
48707 36626 1
48707 48708 1
48707 73579 1
48708 32272 1
48708 36601 1
48708 36625 1
48708 36626 1
48708 48707 1
48708 73579 1
60060 64147 1
60060 73579 1
61561 41554 1
61561 55140 1
61561 56875 1
61561 60208 1
61561 73579 1
61561 85937 1
64147 60060 1
64147 73579 1
62626 73739 1
68138 73739 1
44974 82006 1
53819 54230 1
53819 54239 1
53819 70759 1
53819 79636 1
53819 82006 1
53819 96882 1
54230 53819 1
54230 54239 1
54230 70759 1
54230 79636 1
54230 82006 1
54230 96882 1
54239 53819 1
54239 54230 1
54239 70759 1
54239 79636 1
54239 82006 1
54239 96882 1
54239 99537 1
70759 53819 1
70759 54230 1
70759 54239 1
70759 79636 1
70759 82006 1
70759 96882 1
96882 53819 1
96882 54230 1
96882 54239 1
96882 70759 1
96882 79636 1
96882 82006 1
43606 20826 1
43606 64826 1
43606 73779 1
43606 82823 1
64826 20826 1
64826 43606 1
64826 73779 1
64826 82823 1
73779 20826 1
73779 43606 1
73779 64826 1
73779 82823 1
82823 20826 1
82823 43606 1
82823 64826 1
82823 73779 1
45946 21871 1
45946 25228 1
45946 53923 1
45946 56672 1
45946 56849 1
45946 60199 1
45946 62970 1
45946 62972 1
45946 80488 1
45946 88072 1
45946 90263 1
53923 21871 1
53923 45946 1
53923 56672 1
53923 56849 1
53923 62970 1
53923 62972 1
53923 80488 1
53923 88072 1
53923 90263 1
56672 21871 1
56672 45946 1
56672 53923 1
56672 56849 1
56672 62970 1
56672 62972 1
56672 80488 1
56672 88072 1
56672 90263 1
62970 21871 1
62970 45946 1
62970 53923 1
62970 56672 1
62970 56849 1
62970 62972 1
62970 80488 1
62970 88072 1
62970 90263 1
62972 21871 1
62972 45946 1
62972 53923 1
62972 56672 1
62972 56849 1
62972 62970 1
62972 80488 1
62972 88072 1
62972 90263 1
80488 21871 1
80488 45946 1
80488 53923 1
80488 56672 1
80488 56849 1
80488 62970 1
80488 62972 1
80488 88072 1
80488 90263 1
88072 21871 1
88072 45946 1
88072 53923 1
88072 56672 1
88072 56849 1
88072 62970 1
88072 62972 1
88072 80488 1
88072 90263 1
88072 90954 1
90263 21871 1
90263 45946 1
90263 53923 1
90263 56672 1
90263 56849 1
90263 62970 1
90263 62972 1
90263 80488 1
90263 88072 1
79374 45777 1
51943 50602 1
64844 50602 1
64844 51251 1
46847 51303 1
46847 75008 1
46847 81262 1
46847 83000 1
75008 46847 1
75008 51303 1
75008 81262 1
75008 83000 1
81262 46847 1
81262 51303 1
81262 75008 1
81262 83000 1
83000 46847 1
83000 51303 1
83000 75008 1
83000 81262 1
29947 28154 1
29947 41634 1
29947 56979 1
29947 62619 1
29947 65018 1
58555 56979 1
58555 103843 1
62619 29947 1
62619 56979 1
103843 56979 1
103843 58555 1
45254 60208 1
55140 56875 1
55140 60208 1
55140 61561 1
56875 41196 1
56875 55140 1
56875 60208 1
56875 61561 1
57316 60208 1
61355 60208 1
61355 67847 1
67837 60208 1
67837 70951 1
67837 81296 1
67837 93822 1
70951 60208 1
70951 67837 1
70951 81296 1
70951 93822 1
78813 60208 1
81296 60208 1
81296 67837 1
81296 70951 1
81296 93822 1
93822 60208 1
93822 67837 1
93822 70951 1
93822 81296 1
39687 60398 1
86140 63975 1
56095 70478 1
56095 78766 1
75103 70478 1
75103 96116 1
78766 48035 1
78766 56095 1
78766 60199 1
78766 63221 1
78766 70478 1
96116 70478 1
96116 75103 1
79245 77596 1
80496 77596 1
80555 38687 1
80555 77596 1
82342 77596 1
77063 50217 1
77063 51702 1
69524 53886 1
51251 64844 1
25228 45946 1
90954 88072 1
99537 54239 1
36629 36625 1
36629 36626 1
69664 36625 1
69664 36626 1
122078 59899 3
122078 122079 1
122079 59899 1
122079 122078 1
54960 43467 1
54960 44113 1
81605 81604 1
53422 89072 1
104374 88986 1
12099 33589 1
51591 28154 1
51591 122425 1
122425 28154 1
122425 51591 1
14590 14591 1
14590 17113 1
14590 18033 1
14590 26399 1
14590 122234 1
14591 14590 1
14591 17113 1
14591 18033 1
14591 26399 1
14591 122234 1
17113 14590 1
17113 14591 1
17113 18033 1
17113 26399 1
17113 122234 1
26399 14590 1
26399 14591 1
26399 17113 1
26399 18033 1
26399 122234 1
122234 14590 1
122234 14591 1
122234 17113 1
122234 18033 1
122234 26399 1
25971 26008 1
56362 49064 1
19395 41196 1
51702 77063 1
44113 54960 1
