122861 122859 1
122859 28816 1
122859 59120 1
122859 66679 1
122859 77817 1
122859 91175 1
122859 92102 1
122859 93336 1
122859 102625 1
122859 110345 1
122859 122861 1
28816 47532 1
28816 64749 1
28816 77817 2
28816 91174 1
28816 102625 1
28816 121871 1
28816 122507 1
28816 122851 1
28816 122859 1
28816 122937 1
28816 126050 1
59120 33187 1
59120 48371 1
59120 55710 1
59120 59118 1
59120 59119 1
59120 66753 1
59120 67530 1
59120 68420 1
59120 68510 1
59120 69703 1
59120 71340 1
59120 74552 1
59120 91183 1
59120 93998 1
59120 104822 1
59120 109302 1
59120 122859 1
66679 52021 1
66679 62426 1
66679 62958 1
66679 70991 1
66679 70992 1
66679 70993 1
66679 70994 1
66679 70995 1
66679 73598 1
66679 76388 1
66679 79640 1
66679 83074 1
66679 85111 1
66679 87918 1
66679 89266 1
66679 91175 1
66679 92103 1
66679 93336 1
66679 98890 1
66679 104977 1
66679 113032 1
66679 122859 1
77817 28816 2
77817 47532 1
77817 64749 1
77817 91174 1
77817 102625 1
77817 121871 1
77817 122507 1
77817 122851 1
77817 122859 1
77817 122937 1
77817 126050 1
91175 66679 1
91175 66752 1
91175 74180 1
91175 74181 1
91175 74810 1
91175 91172 1
91175 91173 1
91175 91174 1
91175 93336 1
91175 93340 1
91175 95980 1
91175 95981 1
91175 98517 1
91175 98890 1
91175 122448 1
91175 122859 1
91175 122955 1
91175 123349 1
92102 36642 1
92102 67530 1
92102 68510 1
92102 69186 1
92102 71774 1
92102 82432 2
92102 91119 1
92102 91120 1
92102 91132 1
92102 91133 1
92102 91179 1
92102 92101 1
92102 92103 1
92102 93998 1
92102 94849 1
92102 96377 1
92102 98890 1
92102 102625 1
92102 108014 1
92102 116737 1
92102 117696 1
92102 122859 1
92102 122955 1
93336 66679 1
93336 91175 1
93336 122859 1
102625 28816 1
102625 74800 1
102625 77817 1
102625 92102 1
102625 98770 1
102625 114182 1
102625 122859 1
102625 123078 1
110345 110343 1
110345 122859 1
47532 28816 1
47532 64749 1
47532 66752 1
47532 66753 1
47532 77817 1
47532 91174 1
47532 91180 1
47532 96377 1
47532 111072 1
47532 121871 1
47532 122507 1
47532 122851 2
47532 122937 1
47532 126050 1
64749 28816 1
64749 36641 1
64749 47532 1
64749 54376 1
64749 59117 1
64749 67328 1
64749 76563 1
64749 77817 1
64749 91130 1
64749 91174 1
64749 92103 1
64749 93343 1
64749 112127 1
64749 116736 1
64749 117164 1
64749 121871 1
64749 122507 2
64749 122851 1
64749 122937 2
64749 126050 1
91174 28816 1
91174 47532 1
91174 59122 1
91174 64749 1
91174 69186 1
91174 77817 1
91174 82729 1
91174 91172 1
91174 91173 1
91174 91175 1
91174 91176 1
91174 91184 1
91174 102804 1
91174 121871 1
91174 122507 1
91174 122851 1
91174 122937 1
91174 126050 1
121871 28816 1
121871 47532 1
121871 64749 1
121871 67320 1
121871 67528 1
121871 77817 1
121871 91174 1
121871 96377 2
121871 96958 1
121871 102804 2
121871 104454 1
121871 104455 1
121871 122507 1
121871 122851 1
121871 122937 1
121871 126050 1
122507 28816 1
122507 47532 1
122507 64749 2
122507 67328 1
122507 71771 1
122507 74809 1
122507 77817 1
122507 91174 1
122507 92504 1
122507 96377 1
122507 109302 1
122507 114657 1
122507 116736 1
122507 121871 1
122507 122057 1
122507 122508 1
122507 122851 1
122507 122937 1
122507 126050 1
122507 127712 1
122851 28816 1
122851 47532 2
122851 64749 1
122851 77817 1
122851 91132 1
122851 91174 1
122851 121871 1
122851 122507 1
122851 122852 1
122851 122937 1
122851 126050 1
122937 28816 1
122937 47532 1
122937 64749 2
122937 67328 1
122937 68510 1
122937 77817 1
122937 91123 1
122937 91174 1
122937 95781 1
122937 95782 1
122937 96958 1
122937 102275 1
122937 105111 1
122937 114182 1
122937 121871 1
122937 122507 1
122937 122836 2
122937 122851 1
122937 122899 1
122937 126050 1
126050 28816 1
126050 47532 1
126050 64749 1
126050 77817 1
126050 91174 1
126050 121871 1
126050 122507 1
126050 122851 1
126050 122937 1
33187 48371 1
33187 55710 1
33187 59120 1
33187 66753 1
33187 67321 1
33187 67530 1
33187 68420 1
33187 68510 1
33187 69703 1
33187 74552 1
33187 93998 1
33187 104822 1
33187 125393 1
48371 33187 1
48371 55710 1
48371 59120 1
48371 66753 1
48371 67530 1
48371 68420 1
48371 68510 1
48371 69703 1
48371 74552 1
48371 93998 1
48371 97059 1
48371 104822 1
55710 33187 1
55710 39619 1
55710 48371 1
55710 59120 1
55710 66753 1
55710 67530 1
55710 68420 1
55710 68510 1
55710 69703 1
55710 72936 1
55710 74180 1
55710 74184 1
55710 74552 1
55710 74812 1
55710 93346 1
55710 93998 1
55710 95930 1
55710 104822 1
55710 122942 1
59118 59117 1
59118 59119 1
59118 59120 1
59118 59121 1
59118 59122 1
59118 71340 1
59118 71341 1
59118 88551 1
59118 91183 1
59118 92503 1
59118 93998 1
59118 109302 1
59118 126380 1
59119 59118 1
59119 59120 1
59119 71340 1
59119 82432 1
59119 91132 1
59119 91183 1
59119 98770 1
59119 109302 1
66753 33187 1
66753 47532 1
66753 48371 1
66753 55710 1
66753 59120 1
66753 66750 1
66753 66752 1
66753 66786 2
66753 67530 1
66753 67531 1
66753 68420 2
66753 68510 1
66753 69703 1
66753 71772 1
66753 71773 1
66753 71774 1
66753 74384 1
66753 74552 1
66753 74812 2
66753 76039 1
66753 91180 1
66753 93998 1
66753 96377 1
66753 104822 1
66753 118115 1
66753 122057 1
67530 33187 1
67530 48371 1
67530 55710 1
67530 59120 1
67530 66752 1
67530 66753 1
67530 66785 1
67530 67527 1
67530 67531 1
67530 68420 1
67530 68510 1
67530 69703 1
67530 74180 1
67530 74187 2
67530 74552 1
67530 80398 1
67530 88550 1
67530 91120 2
67530 91123 1
67530 91132 1
67530 91522 1
67530 92102 1
67530 92500 1
67530 92501 1
67530 93998 1
67530 97765 1
67530 102222 1
67530 104822 1
67530 114182 1
67530 117696 1
67530 121258 1
67530 127516 1
68420 33187 1
68420 48371 1
68420 55710 1
68420 59120 1
68420 66280 1
68420 66750 1
68420 66752 1
68420 66753 2
68420 67530 1
68420 68510 1
68420 69703 1
68420 74552 1
68420 91129 1
68420 93998 1
68420 96377 1
68420 104822 1
68510 33187 1
68510 48371 1
68510 55710 1
68510 59120 1
68510 66752 2
68510 66753 1
68510 66785 2
68510 67324 1
68510 67328 1
68510 67530 1
68510 68420 1
68510 68509 1
68510 69186 1
68510 69703 1
68510 69838 1
68510 71774 1
68510 74552 1
68510 82432 1
68510 91119 1
68510 91123 1
68510 91132 1
68510 91179 1
68510 92101 1
68510 92102 1
68510 93348 1
68510 93998 1
68510 95781 1
68510 95782 1
68510 96377 1
68510 96958 1
68510 102275 1
68510 104822 1
68510 105111 1
68510 108014 1
68510 114182 1
68510 122836 1
68510 122899 1
68510 122937 1
68510 122955 1
69703 33187 1
69703 48371 1
69703 55710 1
69703 59120 1
69703 59441 1
69703 66753 1
69703 67530 1
69703 68420 1
69703 68510 1
69703 74552 1
69703 74811 1
69703 93998 1
69703 104822 1
69703 121399 1
69703 126797 1
69703 126798 1
69703 126802 1
69703 126818 1
71340 59118 1
71340 59119 1
71340 59120 1
71340 59121 1
71340 67328 1
71340 68266 1
71340 71338 1
71340 71339 2
71340 71341 1
71340 74801 1
71340 74808 1
71340 74809 1
71340 74810 1
71340 76563 1
71340 76564 1
71340 76565 1
71340 76567 1
71340 76568 1
71340 76569 1
71340 91179 1
71340 91183 2
71340 92501 1
71340 92504 2
71340 94850 1
71340 102804 1
71340 109302 1
71340 116737 1
71340 117696 1
71340 118953 1
71340 120771 1
71340 122508 1
71340 127516 1
74552 33187 1
74552 48371 1
74552 54518 1
74552 55710 1
74552 59120 1
74552 59458 2
74552 66753 1
74552 67530 1
74552 68420 1
74552 68510 1
74552 69703 1
74552 69755 1
74552 74548 1
74552 74551 1
74552 74554 1
74552 74913 1
74552 74914 1
74552 77771 1
74552 81149 1
74552 93998 1
74552 104822 1
91183 59118 1
91183 59119 1
91183 59120 1
91183 59121 1
91183 68266 1
91183 68322 1
91183 71338 1
91183 71339 1
91183 71340 2
91183 71341 1
91183 74801 1
91183 74808 1
91183 74809 1
91183 75144 1
91183 76567 1
91183 91129 1
91183 101705 1
91183 102804 1
91183 106502 1
91183 109302 1
91183 118115 1
91183 118116 1
91183 118953 1
91183 122508 1
91183 122835 1
91183 126380 1
91183 127516 1
93998 33187 1
93998 48371 1
93998 55710 1
93998 59118 1
93998 59120 1
93998 59121 1
93998 59122 1
93998 66753 1
93998 67530 1
93998 68420 1
93998 68510 1
93998 69703 1
93998 71341 1
93998 74552 1
93998 74809 1
93998 74810 1
93998 88551 1
93998 92102 1
93998 92503 1
93998 104822 1
93998 122448 1
93998 126380 1
104822 33187 1
104822 48371 1
104822 49694 1
104822 55710 1
104822 59120 1
104822 66389 1
104822 66753 1
104822 67530 1
104822 68420 1
104822 68510 1
104822 69703 1
104822 74552 1
104822 76567 1
104822 82431 1
104822 82432 1
104822 93998 1
104822 94149 1
104822 94848 1
104822 122599 1
104822 122835 1
104822 123163 1
109302 54514 1
109302 59118 1
109302 59119 1
109302 59120 1
109302 60822 1
109302 67320 1
109302 67528 1
109302 67531 1
109302 71340 1
109302 74808 1
109302 74809 1
109302 76567 1
109302 83469 1
109302 91129 1
109302 91183 1
109302 95345 1
109302 95781 1
109302 98517 1
109302 98770 1
109302 102804 1
109302 102900 1
109302 108037 1
109302 118116 1
109302 118953 1
109302 121398 1
109302 122507 1
109302 122601 2
109302 122603 1
109302 122835 1
52021 51230 1
52021 62426 1
52021 65028 1
52021 66679 1
52021 68333 1
52021 68624 1
52021 70991 1
52021 70992 1
52021 70993 1
52021 70994 1
52021 70995 1
52021 72308 1
52021 72324 1
52021 73598 1
52021 78120 1
52021 79640 1
52021 80812 1
52021 89266 1
62426 52021 1
62426 56789 1
62426 66635 1
62426 66679 1
62426 68644 1
62426 70991 1
62426 70992 1
62426 70993 1
62426 70994 1
62426 70995 1
62426 73598 1
62426 79640 1
62426 89266 1
62426 98943 1
62958 53611 1
62958 59458 1
62958 62957 2
62958 62959 3
62958 65781 1
62958 66679 1
62958 68797 1
62958 74670 1
62958 76388 4
62958 76390 3
62958 77640 1
62958 88178 1
62958 92103 1
62958 98890 1
70991 52021 1
70991 62426 1
70991 66679 1
70991 70992 1
70991 70993 1
70991 70994 1
70991 70995 1
70991 73598 1
70991 79640 1
70991 89266 1
70992 52021 1
70992 62426 1
70992 66679 1
70992 70991 1
70992 70993 1
70992 70994 1
70992 70995 1
70992 73598 1
70992 79640 1
70992 89266 1
70993 52021 1
70993 53408 1
70993 58713 1
70993 62426 1
70993 66679 1
70993 70991 1
70993 70992 1
70993 70994 1
70993 70995 1
70993 73598 1
70993 79640 1
70993 82546 1
70993 89266 1
70994 28714 1
70994 32519 1
70994 35965 1
70994 51271 1
70994 52021 1
70994 55133 1
70994 55139 1
70994 59411 1
70994 60176 1
70994 62426 1
70994 66679 1
70994 70991 1
70994 70992 1
70994 70993 1
70994 70995 1
70994 73598 1
70994 76933 1
70994 79640 1
70994 89266 1
70995 52021 1
70995 62426 1
70995 66679 1
70995 70991 1
70995 70992 1
70995 70993 1
70995 70994 1
70995 73598 1
70995 79640 1
70995 89266 1
73598 52021 1
73598 59633 1
73598 62426 1
73598 66679 1
73598 70991 1
73598 70992 1
73598 70993 1
73598 70994 1
73598 70995 1
73598 75072 1
73598 79640 1
73598 89266 1
73598 92794 1
76388 62957 2
76388 62958 4
76388 62959 1
76388 66679 1
76388 76390 2
76388 92103 1
76388 98890 1
79640 52021 1
79640 52340 1
79640 54996 1
79640 62426 1
79640 66679 1
79640 70991 1
79640 70992 1
79640 70993 1
79640 70994 1
79640 70995 1
79640 73598 1
79640 82744 1
79640 89266 1
79640 91609 1
79640 92769 1
83074 66679 1
83074 104977 1
83074 113032 1
85111 66679 1
85111 87918 1
87918 66679 1
87918 85111 1
87918 104326 1
89266 52021 1
89266 62426 1
89266 66679 1
89266 68642 1
89266 70810 1
89266 70991 1
89266 70992 1
89266 70993 1
89266 70994 1
89266 70995 1
89266 73598 1
89266 79640 1
89266 87943 1
92103 62958 1
92103 64749 1
92103 66679 1
92103 76388 1
92103 92102 1
92103 93343 1
92103 98770 1
92103 98890 1
92103 112127 1
92103 117164 1
98890 62958 1
98890 66679 1
98890 66752 1
98890 74180 1
98890 74181 1
98890 76388 1
98890 91175 1
98890 92102 1
98890 92103 1
98890 98517 1
104977 66679 1
104977 83074 1
104977 113032 1
113032 52846 1
113032 66679 1
113032 73465 1
113032 78555 1
113032 83074 1
113032 98302 1
113032 102250 1
113032 104977 1
113032 106818 1
113032 108880 1
113032 113033 1
113032 113034 1
66752 39657 1
66752 47532 1
66752 57989 2
66752 57990 1
66752 66750 1
66752 66753 1
66752 66785 2
66752 66969 1
66752 67324 1
66752 67530 1
66752 68420 1
66752 68510 2
66752 69186 2
66752 69838 1
66752 71700 1
66752 71771 1
66752 71772 1
66752 74180 1
66752 74181 3
66752 74800 1
66752 74801 1
66752 74805 1
66752 74808 1
66752 74809 1
66752 74810 1
66752 74811 1
66752 74812 1
66752 76568 1
66752 77242 1
66752 80090 1
66752 82430 1
66752 82432 2
66752 91120 1
66752 91123 1
66752 91132 3
66752 91175 1
66752 91522 1
66752 92501 1
66752 93348 1
66752 94786 1
66752 96377 1
66752 98517 1
66752 98890 1
66752 101705 1
66752 102222 1
66752 116737 1
66752 119802 1
66752 121258 1
66752 121398 1
66752 123339 1
66752 126797 1
74180 55710 1
74180 57989 1
74180 66752 1
74180 66785 1
74180 67530 1
74180 68509 1
74180 71700 1
74180 71701 1
74180 71702 1
74180 71704 2
74180 74181 4
74180 74183 2
74180 74184 2
74180 74187 1
74180 80398 2
74180 80860 1
74180 91120 1
74180 91175 1
74180 92501 1
74180 95782 1
74180 98517 1
74180 98890 1
74180 127516 2
74181 66124 1
74181 66752 3
74181 71704 2
74181 74180 4
74181 74183 2
74181 74381 1
74181 74384 1
74181 76941 1
74181 80398 1
74181 80860 1
74181 82432 1
74181 91120 1
74181 91132 1
74181 91175 1
74181 92501 1
74181 95782 1
74181 98517 2
74181 98890 1
74181 121398 1
74181 123163 1
74181 127516 1
74810 59117 1
74810 66752 1
74810 67320 1
74810 67321 1
74810 67328 1
74810 71340 1
74810 74805 1
74810 74808 1
74810 74809 1
74810 76563 1
74810 76564 1
74810 76565 1
74810 76567 1
74810 76568 1
74810 76569 1
74810 91175 1
74810 92501 1
74810 93998 1
74810 120771 1
74810 122448 1
91172 91173 1
91172 91174 1
91172 91175 1
91173 91172 1
91173 91174 1
91173 91175 1
93340 68266 1
93340 75144 1
93340 91175 1
93340 93335 2
93340 93337 2
93340 93339 2
93340 93341 2
93340 93343 2
93340 93347 2
93340 93348 2
93340 93350 2
93340 93353 2
93340 93357 1
93340 93358 2
93340 93359 2
93340 95980 1
93340 95981 1
93340 122448 1
93340 122827 2
93340 122828 2
93340 122837 1
93340 122955 1
93340 123349 1
95980 54049 1
95980 74063 1
95980 74589 1
95980 75685 1
95980 76955 1
95980 89231 1
95980 91175 1
95980 91751 1
95980 91754 1
95980 93340 1
95980 95981 1
95980 95982 1
95980 104108 1
95980 104410 1
95980 110427 1
95980 110610 1
95980 117320 1
95980 117661 1
95980 122448 1
95980 122955 1
95980 123349 1
95981 91175 1
95981 93340 1
95981 95980 1
95981 122448 1
95981 122955 1
95981 123349 1
98517 66752 1
98517 74180 1
98517 74181 2
98517 74384 1
98517 91175 1
98517 98890 1
98517 109302 1
98517 121398 1
122448 67528 1
122448 74810 1
122448 91175 1
122448 93340 1
122448 93998 1
122448 94149 1
122448 95980 1
122448 95981 1
122448 115571 1
122448 118953 1
122448 120771 1
122448 121036 1
122448 122955 1
122448 123349 1
122955 59121 1
122955 68510 1
122955 71774 1
122955 82431 1
122955 91119 1
122955 91129 1
122955 91175 1
122955 91179 1
122955 92101 1
122955 92102 1
122955 93340 1
122955 95980 1
122955 95981 1
122955 101704 1
122955 108014 1
122955 122448 1
122955 122531 1
122955 123349 1
123349 76567 1
123349 91175 1
123349 93340 1
123349 95980 1
123349 95981 1
123349 102804 1
123349 122448 1
123349 122955 1
36642 36644 1
36642 59441 1
36642 68791 1
36642 69702 1
36642 70061 1
36642 92102 1
69186 66752 2
69186 67321 1
69186 67322 1
69186 67323 1
69186 67324 1
69186 68265 1
69186 68266 1
69186 68510 1
69186 71339 1
69186 82431 1
69186 82432 2
69186 91120 1
69186 91132 2
69186 91133 1
69186 91174 1
69186 92102 1
69186 94849 1
69186 122601 1
71774 66753 1
71774 66786 1
71774 68322 1
71774 68510 1
71774 71339 1
71774 71772 1
71774 71773 2
71774 74809 1
71774 74812 1
71774 78621 1
71774 91119 2
71774 91179 2
71774 92101 1
71774 92102 1
71774 96377 1
71774 108014 1
71774 118115 1
71774 122057 1
71774 122955 1
82432 59119 1
82432 66389 1
82432 66752 2
82432 68510 1
82432 69186 2
82432 74181 1
82432 76567 1
82432 82431 1
82432 91120 1
82432 91132 4
82432 91133 1
82432 92102 2
82432 94149 1
82432 94799 1
82432 94848 1
82432 94849 1
82432 104822 1
82432 116737 1
82432 122835 1
82432 123163 1
91119 68322 1
91119 68510 1
91119 71339 1
91119 71773 1
91119 71774 2
91119 78621 1
91119 91179 2
91119 92101 1
91119 92102 1
91119 93339 1
91119 96377 1
91119 108014 1
91119 117696 1
91119 118953 1
91119 118957 1
91119 122955 1
91119 127047 1
91120 66752 1
91120 67527 1
91120 67528 1
91120 67530 2
91120 67531 1
91120 68509 1
91120 69186 1
91120 74180 1
91120 74181 1
91120 74184 2
91120 80860 2
91120 82432 1
91120 91123 1
91120 91127 1
91120 91128 1
91120 91129 1
91120 91130 1
91120 91131 1
91120 91132 3
91120 91133 3
91120 91522 1
91120 92102 1
91120 93352 1
91120 94149 1
91120 95782 1
91120 97765 1
91120 101704 1
91120 102222 1
91120 102275 1
91120 114657 1
91120 118953 1
91120 121258 1
91120 122423 1
91120 127516 1
91132 59119 1
91132 66752 3
91132 67530 1
91132 68510 1
91132 69186 2
91132 74181 1
91132 74800 1
91132 82432 4
91132 91120 3
91132 91123 1
91132 91133 2
91132 91522 1
91132 92102 1
91132 92500 1
91132 92501 1
91132 94194 1
91132 102222 1
91132 121258 1
91132 122851 1
91133 67328 1
91133 68509 1
91133 69186 1
91133 71702 1
91133 71771 1
91133 82432 1
91133 91120 3
91133 91132 2
91133 92102 1
91133 95781 1
91133 122835 1
91179 68322 1
91179 68510 1
91179 71339 1
91179 71340 1
91179 71773 1
91179 71774 2
91179 78621 1
91179 91119 2
91179 92101 1
91179 92102 1
91179 94850 1
91179 96377 1
91179 108014 1
91179 122955 1
92101 68510 1
92101 71774 1
92101 91119 1
92101 91179 1
92101 92102 1
92101 108014 1
92101 122955 1
94849 67322 1
94849 69186 1
94849 77242 1
94849 82432 1
94849 92102 1
94849 94847 1
94849 94848 1
94849 94850 1
94849 116737 1
94849 117696 1
96377 47532 1
96377 66750 1
96377 66752 1
96377 66753 1
96377 68322 1
96377 68420 1
96377 68510 1
96377 71339 1
96377 71773 1
96377 71774 1
96377 76521 1
96377 78621 1
96377 91119 1
96377 91179 1
96377 92102 1
96377 94174 1
96377 102803 1
96377 102804 2
96377 111072 1
96377 121412 1
96377 121871 2
96377 122507 1
108014 40785 1
108014 46502 1
108014 68510 1
108014 71550 1
108014 71774 1
108014 72738 1
108014 87215 1
108014 87238 1
108014 91119 1
108014 91179 1
108014 91751 1
108014 91753 1
108014 92101 1
108014 92102 1
108014 94705 1
108014 94706 1
108014 94707 1
108014 96616 1
108014 100910 1
108014 101960 1
108014 101962 1
108014 104494 1
108014 108016 1
108014 111268 1
108014 117320 1
108014 122955 1
116737 66752 1
116737 71340 1
116737 82432 1
116737 92102 1
116737 94849 1
116737 97453 1
116737 101704 1
116737 101705 1
116737 116736 1
116737 121038 1
117696 67530 1
117696 71340 1
117696 91119 1
117696 92102 1
117696 94849 1
117696 101704 1
117696 105111 1
117696 118957 1
117696 122601 1
74800 66752 1
74800 74801 1
74800 75144 1
74800 76568 1
74800 82470 1
74800 91132 1
74800 92500 1
74800 92501 1
74800 92503 1
74800 92504 1
74800 93337 1
74800 93343 1
74800 102625 1
74800 102804 1
74800 103644 1
74800 119802 1
98770 54514 1
98770 59119 1
98770 67531 1
98770 83469 1
98770 92103 1
98770 95345 1
98770 102625 1
98770 106502 1
98770 106503 1
98770 108037 1
98770 109302 1
98770 114182 1
98770 116539 1
98770 120772 1
114182 67328 1
114182 67530 1
114182 68510 1
114182 82430 1
114182 82727 1
114182 82728 1
114182 91123 1
114182 95781 1
114182 95782 1
114182 96958 1
114182 98770 1
114182 102275 1
114182 102625 1
114182 105111 1
114182 122836 1
114182 122899 1
114182 122937 1
114182 125393 1
123078 102625 1
110343 88979 1
110343 110345 1
110343 111186 1
110343 111702 1
110343 121300 1
110343 122205 1
91180 47532 1
91180 66753 1
91180 67531 1
91180 95930 1
111072 47532 1
111072 96377 1
36641 54376 1
36641 59117 1
36641 64749 1
36641 91130 1
54376 36641 1
54376 59117 1
54376 64749 1
54376 91130 1
59117 36641 1
59117 54376 1
59117 59118 1
59117 64749 1
59117 68265 1
59117 74810 1
59117 80090 1
59117 80860 1
59117 91130 1
67328 64749 1
67328 67321 1
67328 67324 1
67328 67327 1
67328 68510 1
67328 71340 1
67328 71702 1
67328 74810 1
67328 76521 1
67328 76563 1
67328 76564 1
67328 76565 1
67328 76567 1
67328 76568 1
67328 76569 1
67328 91123 1
67328 91133 1
67328 92501 1
67328 95781 2
67328 95782 1
67328 95930 1
67328 96958 1
67328 102273 1
67328 102275 2
67328 105111 1
67328 114182 1
67328 116736 1
67328 120771 2
67328 122507 1
67328 122601 1
67328 122603 1
67328 122835 1
67328 122836 1
67328 122899 1
67328 122937 1
67328 125393 1
76563 64749 1
76563 67328 1
76563 71340 1
76563 74810 1
76563 76564 1
76563 76565 1
76563 76567 1
76563 76568 1
76563 76569 1
76563 92501 1
76563 120771 1
91130 36641 1
91130 54376 1
91130 59117 1
91130 64749 1
91130 67531 1
91130 91120 1
91130 91127 1
91130 91128 1
91130 91129 1
91130 102275 1
91130 114657 1
91130 122423 1
93343 64749 1
93343 74800 1
93343 75144 1
93343 92103 1
93343 92503 1
93343 92504 1
93343 93335 2
93343 93337 3
93343 93339 2
93343 93340 2
93343 93341 2
93343 93347 2
93343 93348 2
93343 93350 2
93343 93353 2
93343 93357 1
93343 93358 2
93343 93359 2
93343 102804 1
93343 103644 1
93343 112127 1
93343 117164 1
93343 122827 2
93343 122828 2
112127 64749 1
112127 92103 1
112127 93343 1
112127 117164 1
112127 122599 1
112127 124585 1
112127 124587 1
116736 64749 1
116736 67328 1
116736 82729 1
116736 116737 1
116736 120771 1
116736 120772 1
116736 121038 1
116736 122507 1
116736 122601 1
117164 64749 1
117164 91128 1
117164 92103 1
117164 92500 1
117164 93343 1
117164 94149 1
117164 95930 1
117164 102900 1
117164 112127 1
117164 122603 1
59122 59118 1
59122 59121 1
59122 71341 1
59122 82729 1
59122 88551 1
59122 91174 1
59122 91184 1
59122 92503 1
59122 93998 1
59122 126380 1
82729 59122 1
82729 82727 1
82729 82728 1
82729 91174 1
82729 91184 1
82729 115824 1
82729 116736 1
82729 122601 1
91176 91174 1
91184 59122 1
91184 82729 1
91184 91174 1
102804 59121 1
102804 67323 1
102804 68266 1
102804 71338 1
102804 71339 1
102804 71340 1
102804 71341 1
102804 74800 1
102804 74801 1
102804 74808 1
102804 74809 1
102804 75144 1
102804 91174 1
102804 91183 1
102804 92503 1
102804 92504 1
102804 93337 1
102804 93343 1
102804 96377 2
102804 103644 1
102804 109302 1
102804 118953 1
102804 121871 2
102804 122508 1
102804 122601 1
102804 123349 1
102804 127516 1
67320 60822 1
67320 67321 1
67320 74809 2
67320 74810 1
67320 108037 1
67320 109302 1
67320 118953 1
67320 121871 1
67320 122603 1
67528 67527 1
67528 74184 1
67528 74808 1
67528 76567 1
67528 91120 1
67528 93352 1
67528 94149 1
67528 101704 1
67528 102900 2
67528 104454 1
67528 104455 1
67528 109302 1
67528 118116 1
67528 118953 2
67528 120771 1
67528 121036 1
67528 121871 1
67528 122448 1
67528 122601 1
67528 127516 1
96958 67328 1
96958 68510 1
96958 91123 1
96958 93337 1
96958 93341 1
96958 93359 1
96958 95781 1
96958 95782 1
96958 102275 1
96958 105111 1
96958 114182 1
96958 121398 1
96958 121871 1
96958 122836 1
96958 122899 1
96958 122937 1
104454 67528 1
104454 76941 1
104454 104455 1
104454 115571 1
104454 121871 1
104455 67528 1
104455 104454 1
104455 121871 1
71771 66752 1
71771 71772 1
71771 74809 1
71771 82430 1
71771 91133 1
71771 94786 1
71771 122057 1
71771 122507 1
71771 127712 1
74809 59121 1
74809 60822 1
74809 66752 1
74809 67320 2
74809 68266 1
74809 71338 1
74809 71339 1
74809 71340 1
74809 71341 1
74809 71771 1
74809 71774 1
74809 74801 1
74809 74805 1
74809 74808 2
74809 74810 1
74809 82431 1
74809 91183 1
74809 93998 1
74809 94194 1
74809 102804 1
74809 108037 1
74809 109302 1
74809 118115 1
74809 118953 2
74809 122057 1
74809 122507 1
74809 122508 1
74809 122603 1
74809 122899 1
74809 126798 1
74809 126802 1
74809 127516 1
74809 127712 1
92504 71339 1
92504 71340 2
92504 74800 1
92504 75144 1
92504 92503 1
92504 93337 1
92504 93343 1
92504 102804 1
92504 103644 1
92504 114657 1
92504 122507 1
114657 67531 1
114657 91120 1
114657 91127 1
114657 91128 1
114657 91129 1
114657 91130 1
114657 92504 1
114657 102275 1
114657 122423 1
114657 122507 1
114657 122508 1
122057 66753 1
122057 66786 1
122057 71771 1
122057 71772 1
122057 71773 1
122057 71774 1
122057 74809 1
122057 74812 1
122057 102222 1
122057 118115 1
122057 121038 1
122057 122507 1
122057 122623 1
122057 127712 1
122508 59121 1
122508 68266 1
122508 71338 1
122508 71339 1
122508 71340 1
122508 71341 1
122508 74801 1
122508 74808 1
122508 74809 1
122508 91183 1
122508 102804 1
122508 114657 1
122508 118953 1
122508 122507 1
122508 127516 1
127712 71771 1
127712 74809 1
127712 122057 1
127712 122507 1
122852 74812 1
122852 80090 1
122852 122851 1
91123 66752 1
91123 67328 1
91123 67530 1
91123 68510 1
91123 91120 1
91123 91132 1
91123 91522 1
91123 95781 1
91123 95782 1
91123 96958 1
91123 102222 1
91123 102275 1
91123 105111 1
91123 114182 1
91123 121258 1
91123 122836 1
91123 122899 1
91123 122937 1
95781 67328 2
95781 68510 1
95781 71702 1
95781 91123 1
95781 91133 1
95781 95782 1
95781 96958 1
95781 102275 1
95781 105111 1
95781 109302 1
95781 114182 1
95781 122835 1
95781 122836 1
95781 122899 1
95781 122937 1
95782 67328 1
95782 68510 1
95782 74180 1
95782 74181 1
95782 76567 1
95782 80860 1
95782 91120 1
95782 91123 1
95782 93350 1
95782 95781 1
95782 96958 1
95782 102275 1
95782 105111 1
95782 114182 1
95782 122836 1
95782 122899 1
95782 122937 1
102275 67328 2
102275 67531 1
102275 68510 1
102275 91120 1
102275 91123 1
102275 91127 1
102275 91128 1
102275 91129 1
102275 91130 1
102275 95781 1
102275 95782 1
102275 95930 1
102275 96958 1
102275 102273 1
102275 105111 1
102275 114182 1
102275 114657 1
102275 120771 1
102275 122423 1
102275 122836 1
102275 122899 1
102275 122937 1
105111 67328 1
105111 68510 1
105111 91123 1
105111 95781 1
105111 95782 1
105111 96958 1
105111 102275 1
105111 114182 1
105111 117696 1
105111 122836 1
105111 122899 1
105111 122937 1
105111 127516 1
122836 67328 1
122836 68510 1
122836 91123 1
122836 95781 1
122836 95782 1
122836 96958 1
122836 102275 1
122836 105111 1
122836 114182 1
122836 122835 1
122836 122837 1
122836 122899 1
122836 122937 2
122899 67323 1
122899 67328 1
122899 68510 1
122899 74808 1
122899 74809 1
122899 91123 1
122899 95781 1
122899 95782 1
122899 96958 1
122899 102275 1
122899 105111 1
122899 114182 1
122899 120771 1
122899 122620 1
122899 122836 1
122899 122937 1
67321 33187 1
67321 67320 1
67321 67322 1
67321 67323 1
67321 67324 1
67321 67327 1
67321 67328 1
67321 68509 1
67321 69186 1
67321 71339 1
67321 74810 1
67321 76521 1
67321 122601 1
67321 125393 1
125393 33187 1
125393 67321 1
125393 67328 1
125393 82430 1
125393 114182 1
97059 48371 1
39619 55710 1
39619 72936 1
72936 39619 1
72936 55710 1
74184 55710 1
74184 66786 1
74184 67527 1
74184 67528 1
74184 74180 2
74184 74183 2
74184 74811 1
74184 74812 1
74184 76568 1
74184 91120 2
74184 91131 1
74184 93352 1
74184 94149 1
74184 97765 1
74184 101704 1
74184 118953 1
74184 123247 1
74184 127516 1
74812 55710 1
74812 66752 1
74812 66753 2
74812 66786 3
74812 67531 1
74812 71772 1
74812 71773 1
74812 71774 1
74812 74183 1
74812 74184 1
74812 74384 1
74812 74811 1
74812 76039 1
74812 80090 1
74812 93346 1
74812 95930 1
74812 118115 1
74812 122057 1
74812 122852 1
74812 122942 1
74812 123339 2
93346 55710 1
93346 67531 1
93346 71700 1
93346 74812 1
93346 95930 1
93346 122942 1
93346 123825 1
95930 55710 1
95930 67328 1
95930 67531 1
95930 74812 1
95930 91128 1
95930 91180 1
95930 92500 1
95930 93346 1
95930 94149 1
95930 102273 1
95930 102275 1
95930 102900 1
95930 117164 1
95930 120771 1
95930 122603 1
95930 122942 1
122942 55710 1
122942 74811 1
122942 74812 1
122942 76521 1
122942 93346 1
122942 95930 1
122942 126797 1
122942 126802 1
122942 126818 1
59121 59118 1
59121 59122 1
59121 68266 1
59121 71338 1
59121 71339 1
59121 71340 1
59121 71341 2
59121 74801 1
59121 74808 1
59121 74809 1
59121 88551 1
59121 91183 1
59121 92503 1
59121 93998 1
59121 102804 1
59121 118953 1
59121 122508 1
59121 122955 1
59121 126380 1
59121 127516 1
71341 59118 1
71341 59121 2
71341 59122 1
71341 68266 1
71341 71338 1
71341 71339 1
71341 71340 1
71341 74801 1
71341 74808 1
71341 74809 1
71341 88551 1
71341 91183 1
71341 92503 1
71341 93998 1
71341 102804 1
71341 118953 1
71341 122508 1
71341 126380 1
71341 127516 1
88551 59118 1
88551 59121 1
88551 59122 1
88551 71341 1
88551 76567 1
88551 88550 1
88551 92503 1
88551 93335 1
88551 93998 1
88551 126380 1
92503 59118 1
92503 59121 1
92503 59122 1
92503 71341 1
92503 74800 1
92503 75144 1
92503 88551 1
92503 92504 1
92503 93337 1
92503 93343 1
92503 93998 1
92503 102804 1
92503 103644 1
92503 126380 1
126380 59118 1
126380 59121 1
126380 59122 1
126380 71341 1
126380 88551 1
126380 91183 1
126380 92503 1
126380 93998 1
126380 122601 1
66750 66752 1
66750 66753 1
66750 68420 1
66750 95982 1
66750 96377 1
66786 66753 2
66786 67531 1
66786 71772 1
66786 71773 1
66786 71774 1
66786 74183 1
66786 74184 1
66786 74384 1
66786 74812 3
66786 76039 1
66786 118115 1
66786 122057 1
67531 54514 1
67531 66753 1
67531 66786 1
67531 67527 1
67531 67530 1
67531 74384 1
67531 74812 1
67531 76039 1
67531 83469 1
67531 91120 1
67531 91127 1
67531 91128 1
67531 91129 1
67531 91130 1
67531 91180 1
67531 92500 1
67531 93346 1
67531 95345 1
67531 95930 1
67531 97765 1
67531 98770 1
67531 102275 1
67531 109302 1
67531 114657 1
67531 120772 1
67531 122423 1
71772 66752 1
71772 66753 1
71772 66786 1
71772 71771 1
71772 71773 1
71772 71774 1
71772 74812 1
71772 77242 1
71772 118115 1
71772 122057 1
71773 66753 1
71773 66786 1
71773 68322 1
71773 71339 1
71773 71772 1
71773 71774 2
71773 74812 1
71773 78621 1
71773 91119 1
71773 91179 1
71773 96377 1
71773 118115 1
71773 122057 1
74384 66753 1
74384 66786 1
74384 67531 1
74384 74181 1
74384 74812 1
74384 76039 1
74384 98517 1
76039 66753 1
76039 66786 1
76039 67531 1
76039 74384 1
76039 74812 1
118115 66753 1
118115 66786 1
118115 71772 1
118115 71773 1
118115 71774 1
118115 74809 1
118115 74812 1
118115 76567 1
118115 91183 1
118115 118116 1
118115 122057 1
66785 66752 2
66785 67324 1
66785 67530 1
66785 68510 2
66785 69838 1
66785 74180 1
66785 74187 1
66785 80398 1
66785 92501 1
66785 93348 1
66785 127516 1
67527 67528 1
67527 67530 1
67527 67531 1
67527 68509 1
67527 74184 1
67527 91120 1
67527 92500 1
67527 93352 1
67527 97765 1
67527 101704 1
67527 118953 1
67527 127516 1
74187 66785 1
74187 67530 2
74187 74180 1
74187 80398 1
74187 92501 1
74187 127516 1
80398 66785 1
80398 67530 1
80398 71704 1
80398 74180 2
80398 74181 1
80398 74183 2
80398 74187 1
80398 92501 1
80398 127516 2
88550 67530 1
88550 82728 1
88550 88551 1
88550 93335 1
91522 66752 1
91522 67530 1
91522 91120 1
91522 91123 1
91522 91132 1
91522 102222 1
91522 121258 1
92500 67527 1
92500 67530 1
92500 67531 1
92500 74800 1
92500 91128 1
92500 91132 1
92500 92501 1
92500 94149 1
92500 95930 1
92500 97765 1
92500 102900 1
92500 117164 1
92500 122444 1
92500 122445 1
92500 122603 1
92501 66752 1
92501 66785 1
92501 67328 1
92501 67530 1
92501 71340 1
92501 74180 1
92501 74181 1
92501 74187 1
92501 74800 1
92501 74810 1
92501 76563 1
92501 76564 1
92501 76565 1
92501 76567 1
92501 76568 1
92501 76569 1
92501 80398 1
92501 91132 1
92501 92500 1
92501 120771 1
92501 121398 1
92501 127516 1
97765 67527 1
97765 67530 1
97765 67531 1
97765 74184 1
97765 91120 1
97765 91131 1
97765 92500 1
97765 94149 1
102222 66752 1
102222 67530 1
102222 91120 1
102222 91123 1
102222 91132 1
102222 91522 1
102222 102217 1
102222 102218 1
102222 102219 1
102222 102221 1
102222 102223 1
102222 116927 1
102222 121022 1
102222 121258 1
102222 122057 1
102222 122623 1
102222 127683 1
121258 66752 1
121258 67530 1
121258 91120 1
121258 91123 1
121258 91132 1
121258 91522 1
121258 102222 1
127516 59121 1
127516 66785 1
127516 67527 1
127516 67528 1
127516 67530 1
127516 68266 1
127516 71338 1
127516 71339 1
127516 71340 1
127516 71341 1
127516 71704 1
127516 74180 2
127516 74181 1
127516 74183 1
127516 74184 1
127516 74187 1
127516 74801 1
127516 74808 1
127516 74809 1
127516 78134 1
127516 80398 2
127516 91120 1
127516 91183 1
127516 92501 1
127516 93352 1
127516 101704 1
127516 102804 1
127516 105111 1
127516 118953 2
127516 122508 1
127516 123331 1
66280 68420 1
66280 91129 1
91129 66280 1
91129 67531 1
91129 68420 1
91129 91120 1
91129 91127 1
91129 91128 1
91129 91130 1
91129 91183 1
91129 102275 1
91129 106502 1
91129 109302 1
91129 114657 1
91129 120771 1
91129 122423 1
91129 122835 2
91129 122955 1
67324 66752 1
67324 66785 1
67324 67321 1
67324 67322 1
67324 67323 1
67324 67328 1
67324 68510 1
67324 69186 1
67324 69838 1
67324 71339 1
67324 93348 1
67324 122601 1
68509 67321 1
68509 67527 1
68509 68510 1
68509 74180 1
68509 91120 1
68509 91133 1
69838 66752 1
69838 66785 1
69838 67324 1
69838 68510 1
69838 93348 1
93348 66752 1
93348 66785 1
93348 67324 1
93348 68510 1
93348 69838 1
93348 93335 2
93348 93337 2
93348 93339 2
93348 93340 2
93348 93341 2
93348 93343 2
93348 93347 2
93348 93350 2
93348 93353 2
93348 93357 1
93348 93358 2
93348 93359 2
93348 122754 1
93348 122827 2
93348 122828 2
59441 13462 1
59441 36642 1
59441 36644 3
59441 68791 1
59441 69702 1
59441 69703 1
59441 69704 1
59441 70061 1
59441 85007 1
59441 122533 1
74811 66752 1
74811 69703 1
74811 74184 1
74811 74812 1
74811 76521 1
74811 121399 1
74811 122942 1
74811 123339 1
74811 126797 2
74811 126798 1
74811 126802 2
74811 126818 3
121399 69703 1
121399 74811 1
121399 121398 1
121399 122423 1
121399 126797 4
121399 126798 4
121399 126802 3
121399 126818 2
126797 66752 1
126797 69703 1
126797 74811 2
126797 76521 1
126797 121399 4
126797 122942 1
126797 126798 6
126797 126802 3
126797 126818 2
126798 69703 1
126798 74809 1
126798 74811 1
126798 121399 4
126798 122423 1
126798 126797 6
126798 126802 5
126798 126818 2
126802 69703 1
126802 74809 1
126802 74811 2
126802 76521 1
126802 121399 3
126802 122423 1
126802 122942 1
126802 126797 3
126802 126798 5
126802 126818 4
126818 69703 1
126818 74811 3
126818 76521 1
126818 121399 2
126818 122423 1
126818 122942 1
126818 126797 2
126818 126798 2
126818 126802 4
68266 59121 1
68266 68265 1
68266 69186 1
68266 71338 1
68266 71339 1
68266 71340 1
68266 71341 1
68266 74801 1
68266 74808 1
68266 74809 1
68266 75144 1
68266 91183 1
68266 93340 1
68266 102804 1
68266 118953 1
68266 122508 1
68266 127516 1
71338 59121 1
71338 68266 1
71338 71339 1
71338 71340 1
71338 71341 1
71338 74801 1
71338 74808 1
71338 74809 1
71338 91183 1
71338 102804 1
71338 118953 1
71338 122508 1
71338 127516 1
71339 59121 1
71339 67321 1
71339 67322 1
71339 67323 1
71339 67324 1
71339 68266 1
71339 68322 1
71339 69186 1
71339 71338 1
71339 71340 2
71339 71341 1
71339 71773 1
71339 71774 1
71339 74801 1
71339 74808 1
71339 74809 1
71339 78621 1
71339 91119 1
71339 91179 1
71339 91183 1
71339 92504 1
71339 96377 1
71339 102804 1
71339 118953 1
71339 122508 1
71339 122601 1
71339 127516 1
74801 59121 1
74801 66752 1
74801 68266 1
74801 71338 1
74801 71339 1
74801 71340 1
74801 71341 1
74801 74800 1
74801 74808 1
74801 74809 1
74801 76568 1
74801 91183 1
74801 102804 1
74801 118953 1
74801 119802 1
74801 122508 1
74801 127516 1
74808 59121 1
74808 66752 1
74808 67528 1
74808 68266 1
74808 71338 1
74808 71339 1
74808 71340 1
74808 71341 1
74808 74801 1
74808 74805 1
74808 74809 2
74808 74810 1
74808 76567 1
74808 91183 1
74808 93335 1
74808 102804 1
74808 102900 1
74808 109302 1
74808 118116 1
74808 118953 1
74808 122508 1
74808 122601 1
74808 122620 1
74808 122899 1
74808 127516 1
76564 67328 1
76564 71340 1
76564 74810 1
76564 76563 1
76564 76565 1
76564 76567 1
76564 76568 1
76564 76569 1
76564 92501 1
76564 120771 1
76565 67328 1
76565 71340 1
76565 71702 1
76565 74810 1
76565 76563 1
76565 76564 1
76565 76567 1
76565 76568 1
76565 76569 1
76565 82727 1
76565 82728 1
76565 92501 1
76565 120771 1
76567 66389 1
76567 67328 1
76567 67528 1
76567 71340 1
76567 74808 1
76567 74810 1
76567 76563 1
76567 76564 1
76567 76565 1
76567 76568 1
76567 76569 1
76567 82431 1
76567 82432 1
76567 88551 1
76567 91183 1
76567 92501 1
76567 93350 1
76567 94149 1
76567 94848 1
76567 95782 1
76567 102900 1
76567 104822 1
76567 109302 1
76567 115571 1
76567 118115 1
76567 118116 2
76567 120771 1
76567 122601 1
76567 122613 1
76567 122835 1
76567 123163 1
76567 123349 1
76568 66752 1
76568 67328 1
76568 71340 1
76568 74184 1
76568 74800 1
76568 74801 1
76568 74810 1
76568 76563 1
76568 76564 1
76568 76565 1
76568 76567 1
76568 76569 1
76568 92501 1
76568 119802 1
76568 120771 1
76568 123247 1
76569 67328 1
76569 71340 1
76569 74810 1
76569 76563 1
76569 76564 1
76569 76565 1
76569 76567 1
76569 76568 1
76569 85009 1
76569 86802 1
76569 92501 1
76569 120771 1
94850 71340 1
94850 91179 1
94850 94847 1
94850 94848 1
94850 94849 1
118953 59121 1
118953 60822 1
118953 67320 1
118953 67527 1
118953 67528 2
118953 68266 1
118953 71338 1
118953 71339 1
118953 71340 1
118953 71341 1
118953 74184 1
118953 74801 1
118953 74808 1
118953 74809 2
118953 91119 1
118953 91120 1
118953 91183 1
118953 93352 1
118953 94149 1
118953 101704 1
118953 102804 1
118953 108037 1
118953 109302 1
118953 120771 1
118953 121036 1
118953 121038 1
118953 122448 1
118953 122508 1
118953 122603 1
118953 127516 2
120771 67323 1
120771 67328 2
120771 67528 1
120771 71340 1
120771 74810 1
120771 76563 1
120771 76564 1
120771 76565 1
120771 76567 1
120771 76568 1
120771 76569 1
120771 91129 1
120771 92501 1
120771 94149 1
120771 95930 1
120771 102273 1
120771 102275 1
120771 116736 1
120771 118953 1
120771 120772 1
120771 121036 1
120771 122448 1
120771 122601 1
120771 122899 1
54518 59458 1
54518 69755 1
54518 74548 1
54518 74551 1
54518 74552 1
54518 74554 1
54518 81149 1
59458 53611 1
59458 54518 1
59458 62958 1
59458 69755 1
59458 74548 1
59458 74551 1
59458 74552 2
59458 74554 1
59458 74913 1
59458 74914 1
59458 81149 1
69755 54518 1
69755 59458 1
69755 74548 1
69755 74551 1
69755 74552 1
69755 74554 1
69755 81149 1
74548 54518 1
74548 57884 1
74548 59458 1
74548 69755 1
74548 74551 1
74548 74552 1
74548 74554 1
74548 81149 1
74551 54518 1
74551 59458 1
74551 69755 1
74551 74548 1
74551 74552 1
74551 74554 1
74551 81149 1
74554 54518 1
74554 59458 1
74554 69755 1
74554 74548 1
74554 74551 1
74554 74552 1
74554 81149 1
74913 59458 1
74913 74552 1
74913 74914 1
74914 59458 1
74914 74552 1
74914 74913 1
77771 74552 1
81149 54518 1
81149 59458 1
81149 69755 1
81149 74548 1
81149 74551 1
81149 74552 1
81149 74554 1
49694 104822 1
66389 76567 1
66389 82431 1
66389 82432 1
66389 94149 1
66389 94848 1
66389 104822 1
66389 122835 1
66389 123163 1
82431 66389 1
82431 69186 1
82431 74809 1
82431 76567 1
82431 82432 1
82431 94149 1
82431 94848 1
82431 104822 1
82431 122835 1
82431 122955 1
82431 123163 1
94149 66389 1
94149 67528 1
94149 74184 1
94149 76567 1
94149 82431 1
94149 82432 1
94149 91120 1
94149 91128 1
94149 91131 1
94149 92500 1
94149 94848 1
94149 95930 1
94149 97765 1
94149 102900 1
94149 104822 1
94149 117164 1
94149 118953 1
94149 120771 1
94149 121036 1
94149 122448 1
94149 122603 1
94149 122835 1
94149 123163 1
94848 66389 1
94848 76567 1
94848 82431 1
94848 82432 1
94848 94149 1
94848 94847 1
94848 94849 1
94848 94850 1
94848 104822 1
94848 122835 1
94848 123163 1
122599 104822 1
122599 112127 1
122835 66389 1
122835 67328 1
122835 71702 1
122835 76567 1
122835 82431 1
122835 82432 1
122835 91129 2
122835 91133 1
122835 91183 1
122835 94149 1
122835 94848 1
122835 95781 1
122835 104822 1
122835 106502 1
122835 109302 1
122835 122836 1
122835 122837 2
122835 123163 1
123163 66389 1
123163 71704 1
123163 74181 1
123163 74381 1
123163 76567 1
123163 82431 1
123163 82432 1
123163 94149 1
123163 94848 1
123163 104822 1
123163 122835 1
54514 67531 1
54514 83469 1
54514 95345 1
54514 98770 1
54514 109302 1
60822 67320 1
60822 74809 1
60822 108037 1
60822 109302 1
60822 118953 1
60822 122603 1
83469 54514 1
83469 67531 1
83469 95345 1
83469 98770 1
83469 109302 1
95345 54514 1
95345 67531 1
95345 83469 1
95345 98770 1
95345 109302 1
102900 67528 2
102900 74808 1
102900 76567 1
102900 91128 1
102900 92500 1
102900 94149 1
102900 95930 1
102900 109302 1
102900 117164 1
102900 118116 1
102900 122601 1
102900 122603 1
108037 60822 1
108037 67320 1
108037 74809 1
108037 98770 1
108037 106502 1
108037 106503 1
108037 109302 1
108037 118953 1
108037 120772 1
108037 122603 1
118116 67528 1
118116 74808 1
118116 76567 2
118116 91183 1
118116 102900 1
118116 109302 1
118116 118115 1
118116 122601 1
121398 66752 1
121398 68322 1
121398 74181 1
121398 92501 1
121398 93337 1
121398 93341 1
121398 93359 1
121398 96958 1
121398 98517 1
121398 109302 1
121398 121399 1
122601 67321 1
122601 67322 1
122601 67323 1
122601 67324 1
122601 67328 1
122601 67528 1
122601 69186 1
122601 71339 1
122601 74808 1
122601 76567 1
122601 82729 1
122601 102804 1
122601 102900 1
122601 109302 2
122601 116736 1
122601 117696 1
122601 118116 1
122601 120771 1
122601 120772 1
122601 122603 1
122601 126380 1
122603 60822 1
122603 67320 1
122603 67328 1
122603 74809 1
122603 91128 1
122603 92500 1
122603 94149 1
122603 95930 1
122603 102900 1
122603 108037 1
122603 109302 1
122603 117164 1
122603 118953 1
122603 122601 1
51230 52021 1
65028 52021 1
68333 52021 1
68624 52021 1
68624 72308 1
68624 72324 1
72308 52021 1
72308 68624 1
72308 72324 1
72308 74535 1
72308 100960 1
72324 52021 1
72324 68624 1
72324 72308 1
72324 76415 1
78120 52021 1
78120 80812 1
80812 52021 1
80812 78120 1
56789 62426 1
56789 66635 1
66635 56789 1
66635 62426 1
68644 62426 1
98943 62426 1
53611 59458 1
53611 62958 1
62957 62958 2
62957 62959 1
62957 76388 2
62957 76390 2
62959 62957 1
62959 62958 3
62959 65781 1
62959 74670 1
62959 76388 1
62959 76390 2
62959 77640 1
65781 62958 1
65781 62959 1
65781 74670 1
65781 76390 1
65781 77640 1
68797 62958 1
68797 88178 1
74670 57603 1
74670 62958 1
74670 62959 1
74670 65781 1
74670 76390 1
74670 77640 1
76390 62957 2
76390 62958 3
76390 62959 2
76390 65781 1
76390 74670 1
76390 76388 2
76390 77640 1
77640 62958 1
77640 62959 1
77640 65781 1
77640 74670 1
77640 76390 1
88178 62958 1
88178 68797 1
53408 70993 1
53408 82546 1
58713 70993 1
82546 53408 1
82546 70993 1
28714 32519 1
28714 70994 1
28714 76933 1
32519 28714 1
32519 70994 1
32519 76933 1
35965 51271 1
35965 55133 1
35965 55139 1
35965 59411 1
35965 60176 1
35965 70994 1
51271 35965 1
51271 55133 1
51271 55139 1
51271 59411 1
51271 60176 1
51271 70994 1
55133 35965 1
55133 51271 1
55133 55139 1
55133 59411 1
55133 60176 1
55133 70994 1
55139 35965 1
55139 51271 1
55139 55133 1
55139 59411 1
55139 60176 1
55139 70994 1
59411 35965 1
59411 51271 1
59411 55133 1
59411 55139 1
59411 60176 1
59411 70994 1
60176 35965 1
60176 51271 1
60176 55133 1
60176 55139 1
60176 59411 1
60176 70994 1
76933 28714 1
76933 32519 1
76933 70994 1
59633 73598 1
59633 75072 1
59633 92794 1
75072 59633 1
75072 73598 1
75072 92794 1
92794 59633 1
92794 73598 1
92794 75072 1
52340 79640 1
52340 92769 1
54996 79640 1
54996 82744 1
82744 54996 1
82744 79640 1
91609 79640 1
92769 52340 1
92769 79640 1
104326 87918 1
68642 70810 1
68642 87943 1
68642 89266 1
70810 68642 1
70810 87943 1
70810 89266 1
87943 68642 1
87943 70810 1
87943 89266 1
52846 108880 1
52846 113032 1
73465 113032 1
73465 115179 1
78555 113032 1
98302 102250 1
98302 106818 1
98302 113032 1
102250 98302 1
102250 106818 1
102250 113032 1
106818 98302 1
106818 102250 1
106818 113032 1
108880 52846 1
108880 113032 1
113033 113032 1
113033 113034 1
113034 113032 1
113034 113033 1
39657 57989 1
39657 57990 1
39657 66752 1
39657 66969 1
39657 82430 1
57989 39657 1
57989 57990 1
57989 66752 2
57989 66969 1
57989 74180 1
57989 82430 1
57990 39657 1
57990 57989 1
57990 66752 1
57990 66969 1
57990 82430 1
66969 39657 1
66969 57989 1
66969 57990 1
66969 66752 1
66969 82430 1
71700 66752 1
71700 71701 1
71700 71702 1
71700 71704 1
71700 74180 1
71700 80090 1
71700 82430 1
71700 93346 1
74805 66752 1
74805 74808 1
74805 74809 1
74805 74810 1
77242 66752 1
77242 67322 1
77242 71772 1
77242 74183 1
77242 77241 1
77242 94849 1
80090 59117 1
80090 66752 1
80090 68265 1
80090 71700 1
80090 74812 1
80090 80860 1
80090 122852 1
82430 39657 1
82430 57989 1
82430 57990 1
82430 66752 1
82430 66969 1
82430 71700 1
82430 71771 1
82430 114182 1
82430 125393 1
94786 66752 1
94786 71771 1
101705 66752 1
101705 91183 1
101705 101704 1
101705 116737 1
119802 66752 1
119802 74800 1
119802 74801 1
119802 76568 1
123339 66752 1
123339 74811 1
123339 74812 2
71701 71700 1
71701 71702 1
71701 71704 1
71701 74180 1
71702 67328 1
71702 71700 1
71702 71701 1
71702 71704 1
71702 74180 1
71702 76565 1
71702 82727 1
71702 82728 1
71702 91133 1
71702 95781 1
71702 122835 1
71704 71700 1
71704 71701 1
71704 71702 1
71704 74180 2
71704 74181 2
71704 74183 1
71704 74381 1
71704 80398 1
71704 123163 1
71704 127516 1
74183 66786 1
74183 71704 1
74183 74180 2
74183 74181 2
74183 74184 2
74183 74812 1
74183 77242 1
74183 80398 2
74183 127516 1
80860 59117 1
80860 68265 1
80860 74180 1
80860 74181 1
80860 80090 1
80860 91120 2
80860 95782 1
66124 74181 1
74381 71704 1
74381 74181 1
74381 123163 1
76941 74181 1
76941 104454 1
75144 68266 1
75144 74800 1
75144 91183 1
75144 92503 1
75144 92504 1
75144 93337 1
75144 93340 1
75144 93343 1
75144 102804 1
75144 103644 1
93335 74808 1
93335 88550 1
93335 88551 1
93335 93337 2
93335 93339 2
93335 93340 2
93335 93341 2
93335 93343 2
93335 93347 2
93335 93348 2
93335 93350 2
93335 93353 2
93335 93357 1
93335 93358 2
93335 93359 2
93335 122827 2
93335 122828 2
93337 74800 1
93337 75144 1
93337 92503 1
93337 92504 1
93337 93335 2
93337 93339 2
93337 93340 2
93337 93341 3
93337 93343 3
93337 93347 2
93337 93348 2
93337 93350 2
93337 93353 2
93337 93357 1
93337 93358 2
93337 93359 3
93337 96958 1
93337 102804 1
93337 103644 1
93337 121398 1
93337 122827 2
93337 122828 2
93339 91119 1
93339 93335 2
93339 93337 2
93339 93340 2
93339 93341 2
93339 93343 2
93339 93347 2
93339 93348 2
93339 93350 2
93339 93353 2
93339 93357 1
93339 93358 2
93339 93359 2
93339 122827 2
93339 122828 2
93341 93335 2
93341 93337 3
93341 93339 2
93341 93340 2
93341 93343 2
93341 93347 2
93341 93348 2
93341 93350 2
93341 93353 2
93341 93357 1
93341 93358 2
93341 93359 3
93341 96958 1
93341 121398 1
93341 122827 2
93341 122828 2
93347 93335 2
93347 93337 2
93347 93339 2
93347 93340 2
93347 93341 2
93347 93343 2
93347 93348 2
93347 93350 2
93347 93353 2
93347 93357 1
93347 93358 2
93347 93359 2
93347 122827 2
93347 122828 2
93350 76567 1
93350 93335 2
93350 93337 2
93350 93339 2
93350 93340 2
93350 93341 2
93350 93343 2
93350 93347 2
93350 93348 2
93350 93353 2
93350 93357 1
93350 93358 2
93350 93359 2
93350 95782 1
93350 122827 2
93350 122828 2
93353 93335 2
93353 93337 2
93353 93339 2
93353 93340 2
93353 93341 2
93353 93343 2
93353 93347 2
93353 93348 2
93353 93350 2
93353 93357 1
93353 93358 2
93353 93359 2
93353 122827 2
93353 122828 2
93357 93335 1
93357 93337 1
93357 93339 1
93357 93340 1
93357 93341 1
93357 93343 1
93357 93347 1
93357 93348 1
93357 93350 1
93357 93353 1
93357 93358 1
93357 93359 1
93357 122827 1
93357 122828 1
93358 93335 2
93358 93337 2
93358 93339 2
93358 93340 2
93358 93341 2
93358 93343 2
93358 93347 2
93358 93348 2
93358 93350 2
93358 93353 2
93358 93357 1
93358 93359 2
93358 122827 2
93358 122828 2
93359 93335 2
93359 93337 3
93359 93339 2
93359 93340 2
93359 93341 3
93359 93343 2
93359 93347 2
93359 93348 2
93359 93350 2
93359 93353 2
93359 93357 1
93359 93358 2
93359 96958 1
93359 121398 1
93359 122827 2
93359 122828 2
122827 93335 2
122827 93337 2
122827 93339 2
122827 93340 2
122827 93341 2
122827 93343 2
122827 93347 2
122827 93348 2
122827 93350 2
122827 93353 2
122827 93357 1
122827 93358 2
122827 93359 2
122827 122828 3
122828 93335 2
122828 93337 2
122828 93339 2
122828 93340 2
122828 93341 2
122828 93343 2
122828 93347 2
122828 93348 2
122828 93350 2
122828 93353 2
122828 93357 1
122828 93358 2
122828 93359 2
122828 122827 3
122837 93340 1
122837 122835 2
122837 122836 1
54049 95980 1
54049 110427 1
54049 119650 1
74063 75685 1
74063 76955 1
74063 95980 1
74589 91751 3
74589 91754 1
74589 95980 1
74589 104410 1
74589 110610 1
74589 117320 2
74589 117661 1
75685 74063 1
75685 76955 1
75685 95980 1
76955 74063 1
76955 75685 1
76955 95980 1
89231 95980 1
89231 95982 1
89231 110427 1
91751 72738 1
91751 74589 3
91751 91753 1
91751 91754 1
91751 95980 1
91751 96616 1
91751 100910 1
91751 104410 1
91751 104494 1
91751 108014 1
91751 110610 1
91751 117320 2
91754 74589 1
91754 91751 1
91754 95980 1
91754 104410 1
91754 110610 1
91754 117320 1
95982 66750 1
95982 89231 1
95982 95980 1
104108 95980 1
104410 74589 1
104410 91751 1
104410 91754 1
104410 95980 1
104410 110427 1
104410 110610 1
104410 117320 1
110427 54049 1
110427 89231 1
110427 95980 1
110427 104410 1
110610 74589 1
110610 91751 1
110610 91754 1
110610 95980 1
110610 104410 1
110610 117320 1
117320 72738 1
117320 74589 2
117320 91751 2
117320 91753 1
117320 91754 1
117320 95980 1
117320 96616 1
117320 100910 1
117320 104410 1
117320 104494 1
117320 108014 1
117320 110610 1
117320 117661 2
117661 74589 1
117661 89603 2
117661 95980 1
117661 104494 1
117661 117320 2
115571 76567 1
115571 104454 1
115571 115570 1
115571 122448 1
121036 67528 1
121036 94149 1
121036 118953 1
121036 120771 1
121036 122448 1
101704 67527 1
101704 67528 1
101704 74184 1
101704 91120 1
101704 93352 1
101704 101705 1
101704 116737 1
101704 117696 1
101704 118953 1
101704 122955 1
101704 127516 1
122531 122955 1
36644 36642 1
36644 59441 3
36644 68791 1
36644 69702 1
36644 70061 1
36644 122533 1
68791 36642 1
68791 36644 1
68791 59441 1
68791 69702 1
68791 70061 2
69702 36642 1
69702 36644 1
69702 59441 1
69702 68791 1
69702 70061 1
70061 36642 1
70061 36644 1
70061 59441 1
70061 68791 2
70061 69702 1
67322 67321 1
67322 67323 1
67322 67324 1
67322 69186 1
67322 71339 1
67322 77242 1
67322 94849 1
67322 122601 1
67323 67321 1
67323 67322 1
67323 67324 1
67323 69186 1
67323 71339 1
67323 102804 1
67323 120771 1
67323 122601 1
67323 122899 1
68265 59117 1
68265 68266 1
68265 69186 1
68265 80090 1
68265 80860 1
68322 71339 1
68322 71773 1
68322 71774 1
68322 78621 1
68322 91119 1
68322 91179 1
68322 91183 1
68322 96377 1
68322 121398 1
78621 68322 1
78621 71339 1
78621 71773 1
78621 71774 1
78621 91119 1
78621 91179 1
78621 96377 1
94799 82432 1
118957 91119 1
118957 117696 1
127047 91119 1
91127 67531 1
91127 91120 1
91127 91128 1
91127 91129 1
91127 91130 1
91127 102275 1
91127 114657 1
91127 122423 1
91128 67531 1
91128 91120 1
91128 91127 1
91128 91129 1
91128 91130 1
91128 92500 1
91128 94149 1
91128 95930 1
91128 102275 1
91128 102900 1
91128 114657 1
91128 117164 1
91128 122423 1
91128 122603 1
91131 74184 1
91131 91120 1
91131 94149 1
91131 97765 1
93352 67527 1
93352 67528 1
93352 74184 1
93352 91120 1
93352 101704 1
93352 118953 1
93352 127516 1
122423 67531 1
122423 91120 1
122423 91127 1
122423 91128 1
122423 91129 1
122423 91130 1
122423 102275 1
122423 114657 1
122423 121399 1
122423 126798 1
122423 126802 1
122423 126818 1
94194 74809 1
94194 91132 1
94847 94848 1
94847 94849 1
94847 94850 1
76521 67321 1
76521 67327 1
76521 67328 1
76521 74811 1
76521 94174 1
76521 96377 1
76521 102803 1
76521 122942 1
76521 126797 1
76521 126802 1
76521 126818 1
94174 76521 1
94174 96377 1
94174 102803 1
102803 76521 1
102803 94174 1
102803 96377 1
121412 96377 1
121412 118829 1
40785 37866 1
40785 71550 1
40785 87215 1
40785 87238 1
40785 108014 1
46502 94705 1
46502 94706 1
46502 94707 1
46502 108014 1
46502 111268 1
71550 40785 1
71550 87215 2
71550 87238 1
71550 108014 1
72738 91751 1
72738 91753 1
72738 96616 1
72738 100910 1
72738 104494 1
72738 108014 1
72738 117320 1
87215 40785 1
87215 71550 2
87215 87238 1
87215 108014 1
87238 40785 1
87238 71550 1
87238 87215 1
87238 108014 1
91753 72738 1
91753 91751 1
91753 96616 1
91753 100910 1
91753 104494 1
91753 108014 1
91753 112174 1
91753 117320 1
94705 46502 1
94705 94706 1
94705 94707 1
94705 108014 1
94705 111268 1
94706 46502 1
94706 94705 1
94706 94707 1
94706 108014 1
94706 111268 1
94707 46502 1
94707 94705 1
94707 94706 1
94707 108014 1
94707 111268 1
96616 72738 1
96616 91751 1
96616 91753 1
96616 100910 1
96616 104494 1
96616 108014 1
96616 117320 1
100910 72738 1
100910 91751 1
100910 91753 1
100910 96616 1
100910 104494 1
100910 108014 1
100910 117320 1
101960 101962 5
101960 108014 1
101962 101960 5
101962 108014 1
101962 111268 1
104494 72738 1
104494 89603 1
104494 91751 1
104494 91753 1
104494 96616 1
104494 100910 1
104494 108014 1
104494 117320 1
104494 117661 1
108016 108014 1
111268 46502 1
111268 94705 1
111268 94706 1
111268 94707 1
111268 101962 1
111268 108014 1
97453 116737 1
121038 91182 1
121038 116736 1
121038 116737 1
121038 118953 1
121038 122057 1
82470 74800 1
103644 74800 1
103644 75144 1
103644 92503 1
103644 92504 1
103644 93337 1
103644 93343 1
103644 102804 1
106502 91129 1
106502 91183 1
106502 98770 1
106502 106503 1
106502 108037 1
106502 120772 1
106502 122835 1
106503 98770 1
106503 106502 1
106503 108037 1
106503 120772 1
116539 98770 1
116539 116538 1
120772 67531 1
120772 98770 1
120772 106502 1
120772 106503 1
120772 108037 1
120772 116736 1
120772 120771 1
120772 122601 1
82727 71702 1
82727 76565 1
82727 82728 3
82727 82729 1
82727 114182 1
82728 71702 1
82728 76565 1
82728 82727 3
82728 82729 1
82728 88550 1
82728 114182 1
88979 110343 1
111186 110343 1
111186 111702 1
111186 121300 1
111186 122205 1
111702 110343 1
111702 111186 1
111702 121300 1
111702 122205 1
121300 110343 1
121300 111186 1
121300 111702 1
121300 122205 1
122205 110343 1
122205 111186 1
122205 111702 1
122205 111869 1
122205 121300 1
111869 122205 1
67327 67321 1
67327 67328 1
67327 76521 1
102273 67328 1
102273 95930 1
102273 102275 1
102273 120771 1
122620 74808 1
122620 122899 1
116538 116539 1
123247 74184 1
123247 76568 1
122444 92500 1
122444 122445 1
122445 92500 1
122445 122444 1
91182 121038 1
37866 40785 1
112174 91753 1
89603 104494 1
89603 117661 2
118829 121412 1
77241 77242 1
102217 102218 2
102217 102219 1
102217 102221 1
102217 102222 1
102217 102223 2
102217 108985 1
102217 116927 2
102217 121022 1
102217 127683 1
102218 102217 2
102218 102219 1
102218 102221 1
102218 102222 1
102218 102223 2
102218 108985 1
102218 116927 2
102218 121022 1
102218 127683 1
102219 102217 1
102219 102218 1
102219 102221 1
102219 102222 1
102219 102223 2
102219 116927 2
102219 121022 1
102219 127683 1
102221 102217 1
102221 102218 1
102221 102219 1
102221 102222 1
102221 102223 1
102221 116927 1
102221 121022 1
102221 127683 1
102223 102217 2
102223 102218 2
102223 102219 2
102223 102221 1
102223 102222 1
102223 108985 1
102223 116927 2
102223 121022 1
102223 127683 1
116927 102217 2
116927 102218 2
116927 102219 2
116927 102221 1
116927 102222 1
116927 102223 2
116927 108985 1
116927 121022 1
116927 127683 1
121022 102217 1
121022 102218 1
121022 102219 1
121022 102221 1
121022 102222 1
121022 102223 1
121022 116927 1
121022 121088 1
121022 127683 1
122623 102222 1
122623 122057 1
127683 102217 1
127683 102218 1
127683 102219 1
127683 102221 1
127683 102222 1
127683 102223 1
127683 116927 1
127683 121022 1
78134 127516 1
123331 127516 1
122613 76567 1
122533 36644 1
122533 59441 1
13462 14849 1
13462 59441 1
69704 59441 1
69704 85007 1
85007 59441 1
85007 69704 1
85007 85009 1
115570 115571 1
119650 54049 1
122754 93348 1
85009 76569 1
85009 85007 1
85009 86802 1
86802 76569 1
86802 85009 1
115179 73465 1
115179 115178 1
124585 112127 1
124587 112127 1
57603 74670 1
74535 72308 1
74535 100960 1
100960 72308 1
100960 74535 1
76415 72324 1
57884 74548 1
123825 93346 1
115824 82729 1
108985 102217 1
108985 102218 1
108985 102223 1
108985 116927 1
121088 121022 1
14849 13462 1
115178 115179 1
