50308 56399 1
56399 39422 1
56399 50308 1
56399 55011 1
56399 72354 1
39422 6592 2
39422 33166 1
39422 39450 1
39422 40182 1
39422 40454 1
39422 41997 1
39422 44033 1
39422 44050 1
39422 45718 1
39422 47380 1
39422 47381 1
39422 47387 1
39422 48196 1
39422 48415 1
39422 48420 1
39422 49943 1
39422 50609 1
39422 55011 1
39422 56399 1
39422 56579 1
39422 58639 1
39422 60135 1
39422 63197 1
39422 64633 1
39422 65075 1
39422 67751 1
39422 69196 1
39422 72354 1
39422 73798 1
39422 75817 1
39422 75988 1
39422 76416 1
39422 77988 1
39422 80434 1
39422 101853 1
55011 20043 1
55011 38536 1
55011 39422 1
55011 42550 1
55011 46427 1
55011 46963 1
55011 47519 1
55011 48281 1
55011 55622 1
55011 56399 1
55011 56412 1
55011 58431 1
55011 60267 1
55011 63673 1
55011 67688 1
55011 71445 1
55011 71926 1
55011 72354 1
55011 72950 1
55011 73530 1
55011 81235 1
72354 26239 1
72354 39422 1
72354 43598 1
72354 47055 1
72354 47727 1
72354 51764 1
72354 52251 1
72354 54388 1
72354 55011 1
72354 55208 1
72354 56399 1
72354 59046 1
72354 64273 1
72354 65038 1
72354 69074 1
72354 69905 1
72354 70413 1
72354 71042 1
72354 72365 1
72354 73999 1
72354 74663 1
72354 74664 1
72354 74665 1
72354 76416 1
72354 76693 1
72354 79614 1
72354 82035 1
72354 93316 1
72354 94749 1
72354 97233 1
72354 99336 1
72354 112245 1
72354 123032 1
6592 39422 2
6592 40182 1
6592 41997 1
6592 44033 1
6592 47380 1
6592 47387 1
6592 48420 1
6592 49943 1
6592 50609 1
6592 59003 1
6592 75817 1
33166 12237 1
33166 39422 1
33166 46058 1
33166 48196 1
33166 53733 1
33166 55919 1
39450 39422 1
39450 47727 1
39450 48415 1
39450 56056 1
39450 56579 1
39450 58639 1
39450 59208 1
39450 60135 1
39450 69196 1
39450 73798 1
39450 75988 1
39450 76416 1
39450 77988 1
39450 80434 1
40182 6592 1
40182 30105 1
40182 39422 1
40182 44514 1
40182 44631 1
40182 47380 1
40182 47387 1
40182 48420 1
40182 50609 1
40182 75817 1
40454 39422 1
40454 44050 1
40454 48415 1
40454 48420 1
40454 56579 2
40454 59227 1
40454 94691 1
41997 6592 1
41997 39422 1
41997 44033 1
41997 49943 1
44033 6592 1
44033 39422 1
44033 41507 1
44033 41997 1
44033 49943 1
44050 39422 1
44050 40454 1
44050 45943 1
44050 47630 1
44050 47745 1
44050 48415 1
44050 50507 1
44050 50864 1
44050 56579 1
44050 71553 1
44050 71691 1
45718 5126 1
45718 17051 1
45718 39422 1
45718 63306 1
45718 67751 1
45718 87385 1
45718 101853 1
45718 104520 1
47380 6592 1
47380 39422 1
47380 40182 1
47380 47387 1
47380 48420 1
47380 50609 1
47380 75817 1
47381 33444 1
47381 39422 1
47381 56988 1
47381 60813 1
47381 63197 1
47381 73870 1
47381 81475 1
47387 6592 1
47387 39422 1
47387 40182 1
47387 47380 1
47387 48420 1
47387 50609 1
47387 75817 1
48196 33166 1
48196 39422 1
48415 39422 1
48415 39450 1
48415 39834 1
48415 40454 1
48415 44050 1
48415 47727 1
48415 48420 1
48415 56579 2
48415 69196 1
48415 71108 1
48415 72760 1
48415 77988 1
48420 6592 1
48420 12232 1
48420 39422 1
48420 40182 1
48420 40454 1
48420 43601 1
48420 47380 1
48420 47387 1
48420 48415 1
48420 50609 1
48420 75817 1
49943 6592 1
49943 39422 1
49943 41997 1
49943 44033 1
49943 58112 1
49943 65029 1
50609 6592 1
50609 25981 1
50609 39422 1
50609 40182 1
50609 47380 1
50609 47387 1
50609 48420 1
50609 54257 1
50609 55012 1
50609 59256 1
50609 75817 1
56579 36374 1
56579 38133 1
56579 39422 1
56579 39450 1
56579 40454 2
56579 44050 1
56579 47727 1
56579 48415 2
56579 97138 1
56579 112026 1
58639 39422 1
58639 39450 1
58639 48281 1
58639 54388 1
58639 56046 1
58639 58637 1
58639 60135 2
58639 63673 1
58639 69196 1
58639 73798 1
58639 75988 1
58639 76416 1
58639 77988 1
58639 80434 1
60135 26673 1
60135 39422 1
60135 39450 1
60135 58639 2
60135 58973 1
60135 63760 1
60135 67656 1
60135 67657 1
60135 69196 1
60135 73798 1
60135 75988 1
60135 76416 1
60135 77988 1
60135 80434 1
60135 85004 1
60135 91728 1
63197 24241 1
63197 35955 1
63197 39422 1
63197 47381 1
63197 51040 1
63197 60436 1
63197 71926 1
63197 72365 1
64633 17966 1
64633 32532 1
64633 39422 1
64633 41044 1
64633 42534 1
64633 45858 1
65075 39422 1
67751 38789 1
67751 39422 1
67751 45718 1
67751 66831 1
67751 67750 1
67751 67757 1
67751 67758 1
67751 67767 1
67751 84570 1
67751 86303 1
67751 90617 1
67751 96513 1
67751 101853 1
67751 117321 1
67751 125688 1
67751 126132 1
69196 39422 1
69196 39450 1
69196 46092 1
69196 48415 1
69196 57148 1
69196 58639 1
69196 60135 1
69196 72760 1
69196 73798 1
69196 75988 1
69196 76416 1
69196 77988 2
69196 80434 1
69196 108239 1
73798 39422 1
73798 39450 1
73798 46458 1
73798 58639 1
73798 60135 1
73798 63819 1
73798 69196 1
73798 69428 1
73798 75988 1
73798 76416 1
73798 76953 1
73798 77988 1
73798 80434 1
73798 83556 1
73798 101981 1
73798 102857 1
73798 105270 1
75817 6592 1
75817 32556 1
75817 39422 1
75817 40182 1
75817 47380 1
75817 47387 1
75817 48420 1
75817 50609 1
75817 55005 1
75988 39422 1
75988 39450 1
75988 41260 1
75988 49388 2
75988 49391 1
75988 49392 2
75988 50864 1
75988 57148 1
75988 58639 1
75988 58683 1
75988 60135 1
75988 62236 1
75988 66328 1
75988 68006 1
75988 69196 1
75988 71553 1
75988 71766 1
75988 71767 1
75988 72727 1
75988 73798 1
75988 76084 1
75988 76416 1
75988 77988 1
75988 80434 1
75988 87002 1
75988 98224 1
76416 39422 1
76416 39450 1
76416 43603 1
76416 47727 1
76416 58639 1
76416 60135 1
76416 65038 1
76416 69196 1
76416 69905 1
76416 70369 1
76416 72354 1
76416 73798 1
76416 75988 1
76416 77988 1
76416 80434 1
76416 82035 1
77988 39422 1
77988 39450 1
77988 48415 1
77988 58639 1
77988 60135 1
77988 68006 1
77988 69196 2
77988 72760 1
77988 73798 1
77988 75988 1
77988 76416 1
77988 80434 1
80434 39422 1
80434 39450 1
80434 58639 1
80434 60135 1
80434 69196 1
80434 73798 1
80434 75988 1
80434 76416 1
80434 77988 1
101853 39422 1
101853 45718 1
101853 67751 1
101853 91412 1
101853 96852 1
101853 102030 1
20043 12229 1
20043 38536 1
20043 45548 1
20043 55011 1
20043 57878 1
20043 60267 1
20043 60908 1
38536 20043 1
38536 55011 1
38536 60267 1
42550 55011 1
42550 67688 1
42550 70413 1
42550 71926 1
42550 73530 1
42550 78234 1
42550 81736 1
46427 30620 1
46427 51049 1
46427 53495 1
46427 53992 1
46427 55011 1
46427 55914 1
46427 57791 1
46427 57953 1
46427 62776 1
46427 69014 1
46427 86680 1
46427 86681 1
46963 55011 1
46963 63673 1
47519 55011 1
47519 60763 1
48281 55011 1
48281 58639 1
48281 63924 1
48281 83557 1
55622 54953 1
55622 55011 1
55622 59199 1
55622 64354 1
55622 64529 1
55622 66414 1
55622 74179 1
55622 74738 1
55622 81429 1
55622 85172 1
55622 87449 1
55622 87452 1
55622 92118 1
55622 92290 1
55622 114971 1
56412 47836 1
56412 55011 1
56412 59261 1
56412 92352 1
56412 102363 1
56412 109734 1
56412 116699 1
56412 119433 1
58431 3194 1
58431 15685 1
58431 48374 1
58431 55011 1
58431 55739 1
58431 56108 1
58431 58091 1
58431 61927 1
58431 61936 1
58431 66422 1
58431 67134 1
58431 71445 1
58431 76160 1
58431 76161 1
58431 81235 1
60267 20043 1
60267 38536 1
60267 43760 1
60267 49940 1
60267 55011 1
60267 56686 1
60267 56687 1
60267 73522 1
60267 73524 1
63673 46963 1
63673 53662 1
63673 55011 1
63673 58639 1
63673 64822 1
63673 69008 1
63673 69009 1
63673 69081 1
63673 71042 1
63673 73028 1
63673 73029 1
63673 77922 1
63673 86999 1
63673 87296 1
63673 101996 1
63673 110870 1
67688 42550 1
67688 47055 1
67688 47745 1
67688 55011 1
67688 71926 1
67688 73530 1
67688 81114 1
71445 55011 1
71445 58431 1
71926 42550 1
71926 49907 1
71926 55011 1
71926 63197 1
71926 67688 1
71926 72365 1
71926 73530 1
72950 55011 1
72950 81235 1
73530 42550 1
73530 55011 1
73530 67688 1
73530 71926 1
81235 55011 1
81235 55739 1
81235 56108 1
81235 56878 1
81235 58091 1
81235 58431 1
81235 65989 1
81235 67162 1
81235 69858 1
81235 70663 1
81235 71450 1
81235 72950 1
81235 77239 1
81235 79455 1
81235 80188 1
81235 80189 1
81235 80979 1
81235 100329 1
81235 101272 1
26239 43598 1
26239 51109 1
26239 63778 1
26239 64941 1
26239 71042 1
26239 71108 1
26239 71776 1
26239 72354 1
26239 72365 1
26239 75678 1
26239 83557 1
26239 102752 1
26239 114511 1
43598 26239 1
43598 71042 1
43598 72354 1
43598 72365 1
43598 100064 1
47055 42466 1
47055 47745 1
47055 48954 1
47055 56032 1
47055 60813 1
47055 61884 1
47055 64376 1
47055 67688 1
47055 70043 1
47055 70413 1
47055 72354 1
47055 78107 1
47055 81114 1
47055 81542 1
47055 98262 1
47727 39421 1
47727 39450 1
47727 48415 1
47727 56579 1
47727 61594 1
47727 64950 1
47727 65038 1
47727 69905 1
47727 71108 1
47727 72354 1
47727 76416 1
47727 76930 1
47727 82035 1
47727 92354 1
51764 26673 1
51764 35818 1
51764 47792 1
51764 71512 1
51764 72354 1
51764 84551 1
51764 85313 1
51764 89946 1
51764 97233 1
51764 99336 1
51764 113980 1
52251 55208 1
52251 58335 1
52251 65966 1
52251 72354 1
52251 79614 1
52251 93316 1
52251 112245 1
54388 58639 1
54388 72354 1
54388 72414 1
54388 77839 1
55208 52251 1
55208 72354 1
55208 79614 1
55208 92338 1
55208 93316 1
55208 112245 1
59046 39211 1
59046 39439 1
59046 43028 1
59046 49127 1
59046 51088 1
59046 51178 1
59046 54028 1
59046 62236 1
59046 67132 1
59046 71951 1
59046 72258 1
59046 72354 1
59046 73480 1
59046 73545 1
59046 81115 1
59046 86382 1
59046 94749 1
59046 103857 1
59046 123032 1
64273 51337 1
64273 52142 1
64273 66312 1
64273 72354 1
64273 76693 1
64273 80871 1
65038 47727 1
65038 69905 1
65038 72354 1
65038 76416 1
65038 82035 1
69074 72354 1
69074 76058 1
69074 76693 1
69074 123992 1
69905 19518 1
69905 47727 1
69905 65038 1
69905 65934 1
69905 72354 1
69905 76416 1
69905 82035 1
70413 32655 1
70413 42550 1
70413 47055 1
70413 47738 1
70413 58335 1
70413 64294 1
70413 72354 1
71042 26239 1
71042 43598 1
71042 63673 1
71042 64184 1
71042 72354 1
71042 72365 1
71042 83557 1
71042 86999 1
71042 90415 1
71042 94486 1
71042 99687 1
71042 126319 1
72365 26239 1
72365 43598 1
72365 50829 1
72365 52145 1
72365 61813 1
72365 63197 1
72365 63924 1
72365 71042 1
72365 71926 1
72365 72354 1
72365 78086 1
72365 81736 1
72365 84833 1
72365 85365 1
72365 92412 1
72365 126885 1
73999 56737 1
73999 67130 1
73999 72354 1
73999 76790 1
74663 72354 1
74663 72582 1
74663 74664 1
74663 74665 2
74664 72354 1
74664 74663 1
74664 74665 1
74664 86132 1
74665 43545 1
74665 72354 1
74665 74663 2
74665 74664 1
76693 60316 1
76693 64144 1
76693 64273 1
76693 67614 1
76693 68475 1
76693 69074 1
76693 72354 1
76693 72541 1
76693 75614 1
76693 123992 1
79614 52251 1
79614 55208 1
79614 66432 1
79614 72354 1
79614 93316 1
79614 101725 1
79614 107111 1
79614 107112 1
79614 112245 1
79614 116841 1
79614 116963 1
79614 117776 1
82035 47727 1
82035 51106 1
82035 65038 1
82035 69905 1
82035 72354 1
82035 73032 1
82035 76416 1
82035 88546 1
82035 88937 1
82035 91877 1
93316 52251 1
93316 55208 1
93316 59881 1
93316 67097 1
93316 72354 1
93316 79614 1
93316 112245 1
94749 59046 1
94749 72354 1
94749 80060 1
94749 92085 1
94749 94750 1
94749 94753 1
94749 123032 1
97233 51764 1
97233 72354 1
97233 88449 1
97233 97804 2
97233 97985 1
97233 99336 1
97233 101898 1
97233 102031 1
97233 102107 1
97233 104988 1
97233 114960 1
97233 115158 1
97233 115798 1
99336 51764 1
99336 67084 1
99336 72354 1
99336 97233 1
99336 115388 1
99336 115798 1
112245 52251 1
112245 55208 1
112245 65283 1
112245 67388 1
112245 72354 1
112245 74871 1
112245 79614 1
112245 93316 1
112245 105264 1
112245 107571 1
112245 117001 1
123032 31151 1
123032 59046 1
123032 60436 1
123032 61504 1
123032 62236 1
123032 63778 1
123032 64375 1
123032 67132 1
123032 68708 1
123032 69786 1
123032 72354 1
123032 73032 1
123032 74883 1
123032 83557 1
123032 88787 1
123032 91572 1
123032 92384 1
123032 94749 1
123032 108979 1
59003 6592 1
12237 30105 1
12237 33166 1
12237 53733 1
46058 33166 1
53733 12237 1
53733 33166 1
55919 33166 1
56056 39450 1
56056 59208 1
59208 39450 1
59208 56056 1
30105 12237 1
30105 40182 1
30105 44514 1
30105 44631 1
44514 30105 1
44514 40182 1
44514 44631 1
44631 30105 1
44631 40182 1
44631 44514 1
59227 40454 1
94691 40454 1
41507 44033 1
45943 44050 1
45943 47630 1
45943 50507 1
45943 53573 1
47630 44050 1
47630 45943 1
47630 50507 1
47745 44050 1
47745 47055 1
47745 54257 1
47745 67688 1
47745 71691 1
47745 81114 1
50507 44050 1
50507 45943 1
50507 47630 1
50864 44050 1
50864 66328 1
50864 68006 1
50864 75988 1
50864 76084 1
71553 44050 1
71553 58683 1
71553 75988 1
71691 33444 1
71691 44050 1
71691 47745 1
5126 17051 1
5126 45718 1
5126 104520 1
17051 5126 1
17051 45718 1
17051 104520 1
63306 45718 1
87385 45718 1
87385 104520 1
87385 119433 1
104520 5126 1
104520 17051 1
104520 45718 1
104520 71766 1
104520 87385 1
104520 119433 1
33444 47381 1
33444 56988 1
33444 71691 1
56988 33444 1
56988 47381 1
60813 47055 1
60813 47381 1
60813 48954 1
60813 56032 1
60813 64376 1
60813 70043 1
60813 98262 1
73870 47381 1
73870 81475 1
81475 47381 1
81475 63924 1
81475 73870 1
39834 48415 1
71108 12232 1
71108 26239 1
71108 39421 1
71108 47727 1
71108 48415 1
71108 64941 1
71108 83557 1
72760 48415 1
72760 69196 1
72760 77988 1
12232 48420 1
12232 71108 1
43601 48420 1
43601 85365 1
58112 49943 1
58112 65029 1
65029 49943 1
65029 58112 1
25981 50609 1
54257 47745 1
54257 50609 1
55012 50609 1
55012 59256 2
59256 50609 1
59256 55012 2
36374 38133 1
36374 56579 1
38133 33334 1
38133 36374 1
38133 56579 1
97138 56579 1
112026 56579 1
112026 112027 1
56046 58639 1
58637 58639 1
58637 122794 2
26673 47792 1
26673 51764 1
26673 60135 1
58973 60135 1
58973 63760 1
58973 67656 1
58973 67657 1
58973 91728 1
63760 58973 1
63760 60135 1
63760 67656 1
63760 67657 1
63760 91728 1
67656 58973 1
67656 60135 1
67656 63760 1
67656 67657 1
67656 91728 1
67657 58973 1
67657 60135 1
67657 63760 1
67657 67656 1
67657 91728 1
85004 60135 1
91728 39211 1
91728 58973 1
91728 60135 1
91728 63760 1
91728 67656 1
91728 67657 1
91728 94750 1
24241 35955 1
24241 51040 1
24241 63197 1
35955 24241 1
35955 51040 1
35955 63197 1
51040 24241 1
51040 35955 1
51040 63197 1
60436 42466 1
60436 43603 1
60436 51106 1
60436 63197 1
60436 67097 1
60436 123032 1
17966 32532 1
17966 41044 1
17966 42534 1
17966 45858 1
17966 64633 1
32532 17966 1
32532 41044 1
32532 42534 1
32532 45858 1
32532 64633 1
41044 17966 1
41044 32532 1
41044 42534 1
41044 45858 1
41044 64633 1
42534 17966 1
42534 32532 1
42534 41044 1
42534 45858 1
42534 47738 1
42534 64633 1
42534 65966 1
45858 17966 1
45858 32532 1
45858 41044 1
45858 42534 1
45858 64633 1
38789 61303 1
38789 67751 1
38789 84570 1
38789 85445 1
38789 85446 1
66831 67750 1
66831 67751 1
66831 86303 1
66831 96513 1
67750 66831 1
67750 67751 1
67750 86303 1
67750 96513 1
67757 67751 1
67757 67758 1
67757 90617 1
67757 125688 1
67757 126132 1
67758 67751 1
67758 67757 1
67758 90617 1
67758 125688 1
67758 126132 1
67767 67751 1
67767 68006 1
67767 83557 1
67767 125688 1
67767 126132 1
84570 38789 1
84570 64184 1
84570 67751 1
84570 97985 1
84570 98343 1
86303 66831 1
86303 67750 1
86303 67751 1
86303 96513 1
90617 67751 1
90617 67757 1
90617 67758 1
90617 85365 1
90617 125688 1
90617 126132 2
96513 66831 1
96513 67750 1
96513 67751 1
96513 86303 1
117321 67751 1
125688 67751 1
125688 67757 1
125688 67758 1
125688 67767 1
125688 90617 1
125688 126132 2
126132 67751 1
126132 67757 1
126132 67758 1
126132 67767 1
126132 90617 2
126132 125688 2
46092 69196 1
46092 108239 1
57148 41260 1
57148 49388 1
57148 49391 1
57148 49392 1
57148 62236 1
57148 69196 1
57148 72727 1
57148 75988 1
57148 94750 1
57148 98224 1
108239 46092 1
108239 69196 1
46458 63819 1
46458 69428 1
46458 73798 1
46458 76953 1
46458 83556 1
46458 101981 1
46458 102857 1
46458 105270 1
63819 46458 1
63819 69428 1
63819 73798 1
63819 76953 1
63819 83556 1
63819 101981 1
63819 102857 1
63819 105270 1
69428 46458 1
69428 63819 1
69428 73798 1
69428 76953 1
69428 83556 1
69428 101981 1
69428 102857 1
69428 105270 1
76953 46458 1
76953 63819 1
76953 69428 1
76953 73798 1
76953 83556 1
76953 101981 1
76953 102857 1
76953 105270 1
83556 39439 1
83556 46458 1
83556 63819 1
83556 69428 1
83556 71951 1
83556 73798 1
83556 76953 1
83556 83557 2
83556 101981 1
83556 102857 1
83556 105270 1
101981 46458 1
101981 63819 1
101981 69428 1
101981 73798 1
101981 76953 1
101981 83556 1
101981 102857 1
101981 105270 1
102857 46458 1
102857 63819 1
102857 69428 1
102857 73798 1
102857 76953 1
102857 83556 1
102857 101981 1
102857 105270 1
105270 46458 1
105270 63819 1
105270 69428 1
105270 73798 1
105270 76953 1
105270 83556 1
105270 101981 1
105270 102857 1
32556 75817 1
55005 75817 1
41260 49388 1
41260 49391 1
41260 49392 1
41260 57148 1
41260 62236 1
41260 72727 1
41260 75988 1
41260 92303 1
41260 98224 1
41260 114960 1
49388 41260 1
49388 49391 1
49388 49392 2
49388 56737 1
49388 57148 1
49388 62236 1
49388 72727 2
49388 75988 2
49388 98224 1
49391 41260 1
49391 49388 1
49391 49392 1
49391 57148 1
49391 62236 1
49391 72727 1
49391 75988 1
49391 98224 1
49392 41260 1
49392 49388 2
49392 49391 1
49392 57148 1
49392 62236 1
49392 72727 1
49392 75988 2
49392 98224 1
58683 71553 1
58683 75988 1
58683 83557 1
62236 39439 1
62236 41260 1
62236 49388 1
62236 49391 1
62236 49392 1
62236 51106 1
62236 57148 1
62236 59046 1
62236 72727 1
62236 73545 1
62236 75988 1
62236 90415 1
62236 98224 1
62236 123032 1
66328 50864 1
66328 68006 1
66328 75988 1
66328 76084 1
68006 50864 1
68006 66328 1
68006 67767 1
68006 75988 1
68006 76084 1
68006 77988 1
71766 67132 1
71766 71767 2
71766 75988 1
71766 87002 1
71766 104520 1
71766 113980 1
71767 71766 2
71767 75988 1
71767 87002 1
72727 41260 1
72727 49388 2
72727 49391 1
72727 49392 1
72727 56737 1
72727 57148 1
72727 62236 1
72727 75988 1
72727 98224 1
76084 50864 1
76084 66328 1
76084 68006 1
76084 75988 1
87002 71766 1
87002 71767 1
87002 75988 1
87002 86999 1
98224 41260 1
98224 49388 1
98224 49391 1
98224 49392 1
98224 57148 1
98224 62236 1
98224 72727 1
98224 75988 1
43603 42466 1
43603 51106 1
43603 60436 1
43603 67097 1
43603 70369 1
43603 76416 1
43603 77922 1
70369 43603 1
70369 76416 1
91412 101853 1
96852 101853 1
102030 101853 1
102030 102031 1
12229 20043 1
12229 45548 1
45548 12229 1
45548 20043 1
57878 20043 1
57878 60908 1
60908 20043 1
60908 57878 1
78234 42550 1
78234 94750 1
81736 42550 1
81736 72365 1
81736 78086 1
81736 92354 1
81736 126885 1
30620 46427 1
30620 51049 1
30620 53495 1
30620 53992 1
30620 57791 1
30620 62776 1
51049 30620 1
51049 46427 1
51049 53495 1
51049 53992 1
51049 57791 1
51049 62776 1
53495 30620 1
53495 46427 1
53495 51049 1
53495 53992 1
53495 57791 1
53495 62776 1
53992 30620 1
53992 46427 1
53992 51049 1
53992 53495 1
53992 57791 1
53992 62776 1
55914 46427 1
57791 30620 1
57791 46427 1
57791 51049 1
57791 53495 1
57791 53992 1
57791 60331 1
57791 62776 1
57953 46427 1
57953 69014 1
57953 80514 1
62776 30620 1
62776 46427 1
62776 51049 1
62776 53495 1
62776 53992 1
62776 57791 1
69014 46427 1
69014 57953 1
86680 46427 1
86680 86681 1
86681 46427 1
86681 86680 1
60763 47519 1
60763 64529 1
60763 85172 1
63924 48281 1
63924 61813 1
63924 72365 1
63924 81475 1
83557 26239 1
83557 39439 1
83557 48281 1
83557 58683 1
83557 61504 1
83557 64941 1
83557 67767 1
83557 71042 1
83557 71108 1
83557 83556 2
83557 108979 1
83557 123032 1
83557 126319 1
54953 55622 1
54953 59199 1
54953 85172 1
54953 92118 1
54953 92290 1
59199 54953 1
59199 55622 1
59199 85172 1
59199 92118 1
59199 92290 1
64354 55622 1
64529 55622 1
64529 60763 1
64529 85172 1
64529 87449 1
66414 55622 1
66414 74738 1
66414 81429 1
74179 55622 1
74738 55622 1
74738 66414 1
74738 81429 1
81429 55622 1
81429 66414 1
81429 74738 1
85172 54953 1
85172 55622 1
85172 59199 1
85172 60763 1
85172 64529 1
85172 87449 1
85172 92118 1
85172 92290 1
87449 55622 1
87449 64529 1
87449 85172 1
87452 55622 1
92118 54953 1
92118 55622 1
92118 59199 1
92118 85172 1
92118 92290 1
92290 54953 1
92290 55622 1
92290 59199 1
92290 85172 1
92290 92118 1
114971 55622 1
47836 56412 1
59261 56412 1
59261 119433 1
92352 56412 1
92352 109734 1
92352 116699 1
102363 56412 1
102363 74871 1
109734 56412 1
109734 92352 1
109734 116699 1
116699 56412 1
116699 92352 1
116699 109734 1
119433 56412 1
119433 59261 1
119433 87385 1
119433 104520 1
119433 108979 2
3194 15685 1
3194 48374 1
3194 58431 1
3194 61936 1
3194 66422 1
3194 67134 1
15685 3194 1
15685 48374 1
15685 58431 1
15685 61936 1
15685 66422 1
15685 67134 1
48374 3194 1
48374 15685 1
48374 58431 1
48374 61936 1
48374 66422 1
48374 67134 1
55739 56108 1
55739 58091 1
55739 58431 1
55739 81235 1
56108 55739 1
56108 58091 1
56108 58431 1
56108 81235 1
58091 55739 1
58091 56108 1
58091 58431 1
58091 81235 1
61927 58431 1
61927 76160 1
61927 76161 1
61936 3194 1
61936 15685 1
61936 48374 1
61936 58431 1
61936 66422 1
61936 67134 1
66422 3194 1
66422 15685 1
66422 48374 1
66422 58431 1
66422 61936 1
66422 67134 1
67134 3194 1
67134 15685 1
67134 48374 1
67134 58431 1
67134 61936 1
67134 66422 1
76160 58431 1
76160 61927 1
76160 76161 1
76161 58431 1
76161 61927 1
76161 70663 1
76161 76160 1
43760 49940 1
43760 56686 1
43760 56687 1
43760 60267 1
49940 43760 1
49940 56686 1
49940 56687 1
49940 60267 1
56686 43760 1
56686 49940 1
56686 56687 1
56686 60267 1
56687 43760 1
56687 49940 1
56687 56686 1
56687 60267 1
73522 60267 1
73522 73524 1
73524 60267 1
73524 73522 1
53662 63673 1
53662 73028 1
53662 73029 1
64822 63673 1
64822 69008 1
64822 69009 1
64822 69081 1
69008 63673 1
69008 64822 1
69008 69009 1
69008 69081 1
69009 63673 1
69009 64822 1
69009 69008 1
69009 69081 1
69081 63673 1
69081 64822 1
69081 69008 1
69081 69009 1
73028 53662 1
73028 63673 1
73028 73029 1
73029 53662 1
73029 63673 1
73029 73028 1
77922 43603 1
77922 58335 1
77922 63673 1
77922 101996 1
77922 110870 1
86999 63673 1
86999 71042 1
86999 87002 1
87296 63673 1
101996 63673 1
101996 77922 1
101996 92384 1
101996 110870 2
110870 63673 1
110870 77922 1
110870 101996 2
81114 47055 1
81114 47745 1
81114 67688 1
49907 71926 1
56878 65989 1
56878 67162 1
56878 79455 1
56878 81235 1
56878 101272 1
65989 56878 1
65989 67162 1
65989 79455 1
65989 81235 1
65989 101272 1
67162 33776 1
67162 47521 1
67162 56878 1
67162 65989 1
67162 73658 1
67162 79455 1
67162 81235 1
67162 101272 1
69858 81235 1
70663 76161 1
70663 80188 1
70663 80189 1
70663 81235 1
71450 81235 1
77239 81235 1
77239 100329 1
79455 56878 1
79455 65989 1
79455 67162 1
79455 81235 1
79455 101272 1
80188 70663 1
80188 80189 1
80188 81235 1
80189 70663 1
80189 80188 1
80189 81235 1
80979 81235 1
100329 77239 1
100329 81235 1
101272 56878 1
101272 65989 1
101272 67162 1
101272 79455 1
101272 81235 1
51109 26239 1
51109 63778 1
51109 75678 1
63778 26239 1
63778 51109 1
63778 64375 1
63778 75678 1
63778 88787 1
63778 123032 1
64941 26239 1
64941 71108 1
64941 83557 1
64941 88449 1
71776 26239 1
71776 102752 1
71776 114511 1
75678 26239 1
75678 51109 1
75678 63778 1
102752 26239 1
102752 71776 1
102752 114511 1
114511 26239 1
114511 71776 1
114511 102752 1
114511 127702 1
100064 43598 1
42466 43603 1
42466 47055 1
42466 51106 1
42466 60436 1
42466 61884 1
42466 67097 1
42466 78107 1
42466 81542 1
48954 47055 1
48954 56032 1
48954 60813 1
48954 64376 1
48954 70043 1
48954 98262 1
56032 47055 1
56032 48954 1
56032 60813 1
56032 64376 1
56032 70043 1
56032 98262 1
61884 42466 1
61884 47055 1
61884 78107 1
61884 81542 1
64376 47055 1
64376 48954 1
64376 56032 1
64376 60813 1
64376 70043 1
64376 98262 1
70043 47055 1
70043 48954 1
70043 56032 1
70043 60813 1
70043 64376 1
70043 98262 1
78107 42466 1
78107 47055 1
78107 61884 1
78107 81542 1
81542 42466 1
81542 47055 1
81542 47738 1
81542 59881 1
81542 61884 1
81542 78107 1
98262 47055 1
98262 48954 1
98262 56032 1
98262 60813 1
98262 64376 1
98262 70043 1
39421 47727 1
39421 71108 1
61594 47727 1
64950 47727 1
64950 90415 1
76930 47727 1
76930 92354 1
92354 47727 1
92354 76930 1
92354 81736 1
35818 51764 1
47792 26673 1
47792 51764 1
71512 51764 1
71512 84551 1
71512 89946 1
71512 113980 1
84551 51764 1
84551 71512 1
84551 89946 1
84551 113980 1
85313 51764 1
85313 65966 1
89946 51764 1
89946 71512 1
89946 84551 1
89946 113980 1
113980 51764 1
113980 71512 1
113980 71766 1
113980 84551 1
113980 89946 1
58335 52251 1
58335 64294 1
58335 65966 1
58335 70413 1
58335 77922 1
65966 42534 1
65966 47738 1
65966 52251 1
65966 58335 1
65966 85313 1
72414 54388 1
72414 77839 1
77839 54388 1
77839 72414 1
92338 55208 1
92338 92085 1
39211 43028 1
39211 49127 1
39211 51178 1
39211 54028 1
39211 59046 1
39211 67132 1
39211 71951 1
39211 81115 1
39211 91728 1
39211 94750 1
39211 103857 1
39439 59046 1
39439 62236 1
39439 73545 1
39439 83556 1
39439 83557 1
43028 39211 1
43028 49127 1
43028 51178 1
43028 54028 1
43028 59046 1
43028 67132 1
43028 71951 1
43028 81115 1
43028 103857 1
49127 39211 1
49127 43028 1
49127 51178 1
49127 54028 1
49127 59046 1
49127 67132 1
49127 71951 1
49127 81115 1
49127 103857 1
51088 59046 1
51088 86382 1
51178 39211 1
51178 43028 1
51178 49127 1
51178 54028 1
51178 59046 1
51178 67132 1
51178 71951 1
51178 81115 1
51178 103857 1
54028 39211 1
54028 43028 1
54028 49127 1
54028 51178 1
54028 59046 1
54028 67132 1
54028 71951 1
54028 81115 1
54028 103857 1
67132 39211 1
67132 43028 1
67132 49127 1
67132 51178 1
67132 54028 1
67132 59046 1
67132 68708 1
67132 71766 1
67132 71951 1
67132 73032 1
67132 81115 1
67132 103857 1
67132 123032 1
71951 39211 1
71951 43028 1
71951 49127 1
71951 51178 1
71951 54028 1
71951 59046 1
71951 67132 1
71951 69786 1
71951 81115 1
71951 83556 1
71951 103857 1
72258 59046 1
72258 73480 1
73480 59046 1
73480 72258 1
73545 39439 1
73545 59046 1
73545 62236 1
81115 39211 1
81115 43028 1
81115 49127 1
81115 51178 1
81115 54028 1
81115 59046 1
81115 67132 1
81115 71951 1
81115 103857 1
86382 51088 1
86382 59046 1
103857 39211 1
103857 43028 1
103857 49127 1
103857 51178 1
103857 54028 1
103857 59046 1
103857 67132 1
103857 71951 1
103857 81115 1
51337 52142 1
51337 64273 1
51337 66312 1
52142 51337 1
52142 64273 1
52142 66312 1
66312 51337 1
66312 52142 1
66312 64273 1
80871 64273 1
76058 69074 1
123992 60220 1
123992 69074 1
123992 76693 1
19518 69905 1
65934 69905 1
32655 70413 1
47738 42534 1
47738 59881 1
47738 65966 1
47738 70413 1
47738 81542 1
47738 116359 1
64294 58335 1
64294 70413 1
64184 71042 1
64184 84570 1
64184 98343 1
64184 99687 1
90415 62236 1
90415 64950 1
90415 71042 1
94486 71042 1
99687 64184 1
99687 71042 1
126319 71042 1
126319 83557 1
50829 72365 1
52145 72365 1
61813 63924 1
61813 72365 1
78086 72365 1
78086 81736 1
78086 126885 1
84833 72365 1
84833 92412 1
85365 43601 1
85365 72365 1
85365 90617 1
92412 72365 1
92412 84833 1
126885 72365 1
126885 78086 1
126885 81736 1
56737 49388 1
56737 67130 1
56737 72727 1
56737 73999 1
56737 76790 1
67130 56737 1
67130 73999 1
67130 76790 1
76790 56737 1
76790 67130 1
76790 73999 1
72582 74663 1
86132 74664 1
43545 74665 1
60316 64144 1
60316 67614 1
60316 68475 1
60316 72541 1
60316 75614 1
60316 76693 1
64144 54394 1
64144 60316 1
64144 67614 1
64144 68475 1
64144 72541 1
64144 75614 1
64144 76693 1
67614 60316 1
67614 64144 1
67614 68475 1
67614 72541 1
67614 75614 1
67614 76693 1
68475 60316 1
68475 64144 1
68475 67614 1
68475 72541 1
68475 75614 1
68475 76693 1
72541 60316 1
72541 64144 1
72541 67614 1
72541 68475 1
72541 75614 1
72541 76693 1
75614 60316 1
75614 64144 1
75614 67614 1
75614 68475 1
75614 72541 1
75614 76693 1
66432 79614 1
101725 79614 1
101725 116841 1
101725 116963 1
101725 117776 1
107111 79614 1
107111 94750 1
107111 107112 1
107112 79614 1
107112 107111 1
116841 79614 1
116841 101725 1
116841 116963 1
116841 117776 1
116963 79614 1
116963 101725 1
116963 116841 1
116963 117776 1
117776 79614 1
117776 101725 1
117776 116841 1
117776 116963 1
51106 42466 1
51106 43603 1
51106 60436 1
51106 62236 1
51106 67097 1
51106 82035 1
51106 88937 1
73032 67132 1
73032 68708 1
73032 82035 1
73032 88546 1
73032 91877 1
73032 123032 1
88546 73032 1
88546 82035 1
88546 91877 1
88937 51106 1
88937 82035 1
91877 73032 1
91877 82035 1
91877 88546 1
59881 47738 1
59881 81542 1
59881 93316 1
67097 42466 1
67097 43603 1
67097 51106 1
67097 60436 1
67097 93316 1
80060 94749 1
92085 88449 1
92085 92338 1
92085 94749 1
92085 94753 1
94750 39211 1
94750 57148 1
94750 78234 1
94750 91728 1
94750 94749 1
94750 107111 1
94753 92085 1
94753 94749 1
88449 64941 1
88449 92085 1
88449 97233 1
88449 97804 1
88449 104988 1
88449 115798 1
97804 88449 1
97804 97233 2
97804 102031 1
97804 102107 1
97804 114960 1
97804 115158 1
97804 117273 1
97985 84570 1
97985 97233 1
97985 101898 1
101898 97233 1
101898 97985 1
102031 97233 1
102031 97804 1
102031 102030 1
102031 115158 1
102107 97233 1
102107 97804 1
102107 114960 1
104988 88449 1
104988 97233 1
104988 115798 1
114960 41260 1
114960 97233 1
114960 97804 1
114960 102107 1
115158 97233 1
115158 97804 1
115158 102031 1
115798 88449 1
115798 97233 1
115798 99336 1
115798 104988 1
67084 99336 1
67084 115388 1
115388 67084 1
115388 99336 1
65283 112245 1
67388 77379 1
67388 112245 1
74871 102363 1
74871 112245 1
105264 112245 1
107571 112245 1
117001 112245 1
31151 123032 1
61504 83557 1
61504 108979 1
61504 123032 1
64375 63778 1
64375 88787 1
64375 123032 1
68708 67132 1
68708 73032 1
68708 123032 1
69786 71951 1
69786 92384 1
69786 123032 1
74883 123032 1
88787 63778 1
88787 64375 1
88787 123032 1
91572 123032 1
92384 69786 1
92384 101996 1
92384 123032 1
108979 61504 1
108979 83557 1
108979 119433 2
108979 123032 1
77379 67388 1
117273 97804 1
54394 64144 1
60220 123992 1
98343 64184 1
98343 84570 1
116359 47738 1
127702 114511 1
33776 47521 1
33776 67162 1
33776 73658 1
47521 33776 1
47521 67162 1
47521 73658 1
73658 33776 1
73658 47521 1
73658 67162 1
60331 57791 1
80514 57953 1
92303 41260 1
61303 38789 1
61303 61304 1
61303 85445 1
61303 85446 1
85445 38789 1
85445 61303 1
85445 85446 1
85446 38789 1
85446 61303 1
85446 85445 1
122794 58637 2
122794 122795 1
33334 38133 1
112027 112026 1
53573 45943 1
61304 61303 1
122795 122794 1
