112105 76950 1
76950 49364 1
76950 65882 1
76950 67123 1
76950 72269 1
76950 74344 1
76950 74560 1
76950 76949 1
76950 76951 1
76950 79594 1
76950 112105 1
49364 71822 1
49364 76950 1
49364 76951 1
49364 88009 1
49364 92698 1
65882 37472 1
65882 44266 1
65882 48252 1
65882 56238 1
65882 56241 1
65882 61690 1
65882 62447 1
65882 64370 1
65882 69133 1
65882 71392 1
65882 74344 1
65882 74560 3
65882 76950 1
65882 77417 1
65882 78028 1
65882 79536 1
65882 81742 2
65882 82554 1
65882 83697 1
65882 86351 1
65882 86937 1
67123 34844 1
67123 72269 1
67123 76949 1
67123 76950 1
67123 79594 1
67123 88009 1
67123 99028 1
72269 35481 1
72269 52638 1
72269 60893 1
72269 67123 1
72269 76949 1
72269 76950 1
72269 76951 1
72269 79594 1
72269 95557 1
74344 65882 1
74344 73684 1
74344 74345 2
74344 74560 1
74344 75644 1
74344 75645 1
74344 76950 1
74344 77180 1
74344 77417 2
74344 80138 1
74344 82554 1
74344 89955 1
74560 44186 1
74560 47016 1
74560 48252 1
74560 56238 1
74560 56241 1
74560 61690 1
74560 62447 1
74560 64134 1
74560 65882 3
74560 69133 1
74560 71386 1
74560 71392 1
74560 71906 1
74560 74344 1
74560 74561 1
74560 74563 1
74560 76950 1
74560 77417 2
74560 79072 1
74560 80481 1
74560 83268 1
74560 83484 1
74560 87039 1
74560 98470 1
76949 67123 1
76949 72269 1
76949 76950 1
76949 79594 1
76949 80309 1
76949 101487 1
76951 28277 1
76951 35481 1
76951 39702 1
76951 49364 1
76951 52638 1
76951 53309 1
76951 53722 1
76951 53723 1
76951 53724 1
76951 53725 1
76951 57264 1
76951 72269 1
76951 76950 1
76951 92069 1
76951 95557 1
79594 16112 1
79594 31376 1
79594 39370 1
79594 39380 1
79594 42686 1
79594 46231 1
79594 49421 1
79594 49712 1
79594 50183 1
79594 52015 1
79594 56103 1
79594 56104 1
79594 56105 1
79594 57702 1
79594 57703 1
79594 57704 1
79594 59304 1
79594 60893 1
79594 62504 1
79594 63227 1
79594 67123 1
79594 69670 1
79594 72269 1
79594 76949 1
79594 76950 1
79594 125182 1
71822 49364 1
71822 82780 1
71822 118816 1
88009 49364 1
88009 60070 1
88009 67123 1
88009 72851 1
88009 95836 1
88009 97422 1
88009 97424 1
88009 99028 1
88009 105955 1
88009 127032 1
92698 49364 1
37472 43595 1
37472 44266 1
37472 64370 1
37472 65882 1
37472 79536 1
37472 81742 1
44266 37472 1
44266 62409 1
44266 64370 1
44266 65882 1
44266 73493 1
44266 79536 1
44266 81742 2
48252 48242 1
48252 48247 1
48252 56238 1
48252 56241 1
48252 59723 1
48252 61690 1
48252 62447 1
48252 65882 1
48252 68783 1
48252 69133 2
48252 71392 1
48252 74560 1
48252 96628 1
56238 48252 1
56238 56241 1
56238 61690 1
56238 62447 1
56238 65882 1
56238 69133 1
56238 71392 1
56238 74560 1
56241 48252 1
56241 56238 1
56241 61690 1
56241 62447 1
56241 65882 1
56241 69133 1
56241 71392 1
56241 74560 1
61690 12500 1
61690 45570 1
61690 45851 1
61690 48252 1
61690 50854 1
61690 56238 1
61690 56241 1
61690 62447 1
61690 65882 1
61690 69133 1
61690 70999 1
61690 71392 1
61690 74560 1
62447 48252 1
62447 56238 1
62447 56241 1
62447 59739 1
62447 61690 1
62447 65882 1
62447 69133 1
62447 71392 1
62447 74560 1
62447 74998 1
62447 76382 1
64370 37472 1
64370 44266 1
64370 65882 1
64370 79536 1
64370 81742 1
64370 84838 1
69133 33021 1
69133 33527 1
69133 48242 1
69133 48247 1
69133 48252 2
69133 56238 1
69133 56241 1
69133 59723 1
69133 61690 1
69133 62447 1
69133 65882 1
69133 68783 1
69133 71392 1
69133 74560 1
71392 45175 1
71392 48107 1
71392 48252 1
71392 56238 1
71392 56241 1
71392 61690 1
71392 62447 1
71392 63633 1
71392 65882 1
71392 69133 1
71392 74560 1
71392 101957 1
71392 124990 1
77417 51711 1
77417 59608 1
77417 65882 1
77417 74344 2
77417 74560 2
77417 77495 1
77417 77498 1
77417 80481 1
77417 81390 2
77417 82554 1
77417 89955 1
77417 90497 1
78028 53644 1
78028 65882 1
78028 83697 2
78028 86937 2
79536 37472 1
79536 44266 1
79536 64370 1
79536 65882 1
79536 81742 1
79536 97053 1
81742 37472 1
81742 44266 2
81742 64370 1
81742 64819 1
81742 65882 2
81742 72495 1
81742 78145 1
81742 79536 1
81742 84192 1
81742 86351 1
81742 90220 1
81742 91303 1
82554 65882 1
82554 74344 1
82554 77417 1
82554 77495 1
83697 53644 1
83697 60533 1
83697 61874 1
83697 65882 1
83697 78028 2
83697 80576 1
83697 86937 2
83697 89955 1
83697 121133 1
86351 43365 1
86351 56071 1
86351 65882 1
86351 75479 1
86351 81477 1
86351 81742 1
86351 83441 1
86351 86852 1
86351 89507 1
86351 115899 1
86937 53644 1
86937 65882 1
86937 78028 2
86937 83697 2
73684 74344 1
73684 74345 1
73684 77180 1
73684 78908 1
73684 80138 1
74345 73684 1
74345 74344 2
74345 77180 1
74345 80138 1
74345 118567 1
75644 47196 1
75644 60533 1
75644 73488 1
75644 74344 1
75644 75645 1
75645 66471 1
75645 74344 1
75645 75644 1
77180 55349 1
77180 63885 1
77180 65952 1
77180 73017 1
77180 73684 1
77180 74344 1
77180 74345 1
77180 80138 1
80138 73684 1
80138 74344 1
80138 74345 1
80138 77180 1
89955 74344 1
89955 77417 1
89955 83697 1
89955 87024 1
44186 74560 1
44186 74561 1
44186 74563 1
44186 98470 1
47016 50859 1
47016 64134 1
47016 71906 1
47016 72851 1
47016 74560 1
47016 79072 1
47016 79466 1
47016 79467 1
47016 83484 1
64134 47016 1
64134 71906 1
64134 74560 1
64134 74646 1
64134 78908 2
64134 79072 1
64134 82755 1
64134 82758 1
64134 83484 1
64134 86780 1
64134 125053 1
64134 125892 1
71386 48107 1
71386 58249 1
71386 74560 1
71386 80481 1
71386 118567 1
71906 47016 1
71906 64134 1
71906 71908 1
71906 74560 1
71906 79072 1
71906 83484 1
74561 44186 1
74561 46859 2
74561 58165 1
74561 72977 1
74561 72982 1
74561 72985 1
74561 74560 1
74561 74563 2
74561 98470 1
74563 44186 1
74563 50687 1
74563 72977 1
74563 72982 1
74563 72985 1
74563 74560 1
74563 74561 2
74563 98470 1
79072 47016 1
79072 64134 1
79072 69663 1
79072 71906 1
79072 74560 1
79072 83484 1
80481 71386 1
80481 74560 1
80481 77417 1
83268 74560 1
83268 87039 1
83484 47016 1
83484 58076 1
83484 64134 1
83484 67613 1
83484 71209 2
83484 71906 1
83484 74560 1
83484 74646 1
83484 76386 1
83484 79072 1
83484 88477 1
83484 119698 1
83484 126255 1
87039 74560 1
87039 83268 1
98470 44186 1
98470 47042 1
98470 74560 1
98470 74561 1
98470 74563 1
80309 18966 1
80309 24092 1
80309 32212 1
80309 42110 1
80309 44684 1
80309 45371 1
80309 72679 1
80309 76949 1
101487 57383 1
101487 73205 1
101487 76949 1
101487 92700 1
101487 99536 1
28277 53309 1
28277 53722 1
28277 53723 1
28277 53724 1
28277 53725 1
28277 57264 1
28277 76951 1
28277 92069 1
35481 52638 1
35481 72269 1
35481 76951 1
35481 95557 1
39702 55885 1
39702 76951 1
52638 35481 1
52638 54794 1
52638 72269 1
52638 76951 1
52638 95557 1
53309 28277 1
53309 53722 1
53309 53723 1
53309 53724 1
53309 53725 1
53309 57264 1
53309 76951 1
53309 92069 1
53722 28277 1
53722 53309 1
53722 53723 1
53722 53724 1
53722 53725 1
53722 57264 1
53722 76951 1
53722 92069 1
53723 28277 1
53723 53309 1
53723 53722 1
53723 53724 1
53723 53725 1
53723 57264 1
53723 76951 1
53723 92069 1
53724 28277 1
53724 53309 1
53724 53722 1
53724 53723 1
53724 53725 1
53724 57264 1
53724 76951 1
53724 92069 1
53725 28277 1
53725 53309 1
53725 53722 1
53725 53723 1
53725 53724 1
53725 57264 1
53725 65488 1
53725 76951 1
53725 83305 1
53725 92069 1
53725 95557 1
53725 125403 1
57264 28277 1
57264 53309 1
57264 53722 1
57264 53723 1
57264 53724 1
57264 53725 1
57264 76951 1
57264 92069 1
92069 28277 1
92069 29886 1
92069 35788 1
92069 39855 1
92069 43325 1
92069 53309 1
92069 53722 1
92069 53723 1
92069 53724 1
92069 53725 1
92069 57264 1
92069 76951 1
92069 124027 1
95557 35481 1
95557 52638 1
95557 53725 1
95557 65488 1
95557 72269 1
95557 76951 1
95557 77067 1
95557 95579 1
95557 99029 1
95557 125403 1
16112 31376 1
16112 42686 1
16112 46231 1
16112 49712 1
16112 59304 1
16112 79594 1
31376 16112 1
31376 42686 1
31376 46231 1
31376 49712 1
31376 59304 1
31376 79594 1
39370 39380 1
39370 50183 1
39370 52015 1
39370 56103 1
39370 56104 1
39370 56105 1
39370 62504 1
39370 63227 1
39370 79594 1
39380 29052 1
39380 31149 1
39380 39370 1
39380 42686 1
39380 50183 1
39380 50672 1
39380 50811 1
39380 52015 1
39380 56103 1
39380 56104 1
39380 56105 1
39380 57450 1
39380 62504 1
39380 63227 1
39380 64133 1
39380 79594 1
42686 16112 1
42686 29052 1
42686 31149 1
42686 31376 1
42686 39380 1
42686 46231 1
42686 49712 1
42686 50672 1
42686 50811 1
42686 57450 1
42686 59304 1
42686 64133 1
42686 79594 1
46231 16112 1
46231 31376 1
46231 42686 1
46231 46892 1
46231 47527 1
46231 49712 1
46231 59304 1
46231 66000 1
46231 79594 1
49421 43281 1
49421 49417 1
49421 49419 1
49421 52082 1
49421 57702 1
49421 57703 1
49421 57704 1
49421 79594 1
49712 16112 1
49712 31376 1
49712 42686 1
49712 46231 1
49712 59304 1
49712 79594 1
50183 39370 1
50183 39380 1
50183 52015 1
50183 56103 1
50183 56104 1
50183 56105 1
50183 62504 1
50183 63227 1
50183 79594 1
52015 29097 1
52015 39370 1
52015 39380 1
52015 50183 1
52015 56103 1
52015 56104 1
52015 56105 1
52015 58974 1
52015 62504 1
52015 63227 1
52015 79594 1
56103 39370 1
56103 39380 1
56103 45517 1
56103 47079 1
56103 49403 1
56103 50183 1
56103 52015 1
56103 54652 1
56103 56104 1
56103 56105 1
56103 62504 1
56103 63227 1
56103 79594 1
56104 39370 1
56104 39380 1
56104 50183 1
56104 52015 1
56104 56103 1
56104 56105 1
56104 62504 1
56104 63227 1
56104 79594 1
56105 39370 1
56105 39380 1
56105 50183 1
56105 52015 1
56105 56103 1
56105 56104 1
56105 62504 1
56105 63227 1
56105 79594 1
57702 49421 1
57702 57703 1
57702 57704 1
57702 79594 1
57703 49421 1
57703 57702 1
57703 57704 1
57703 62374 1
57703 79594 1
57704 49421 1
57704 54864 1
57704 55685 1
57704 57702 1
57704 57703 1
57704 58867 1
57704 62490 1
57704 62492 1
57704 72859 1
57704 75395 2
57704 79594 1
59304 16112 1
59304 31376 1
59304 42686 1
59304 46231 1
59304 49712 1
59304 59303 1
59304 59305 1
59304 59306 1
59304 68327 1
59304 79594 1
60893 72269 1
60893 79594 1
62504 39370 1
62504 39380 1
62504 48042 1
62504 50183 1
62504 52015 1
62504 52625 1
62504 56103 1
62504 56104 1
62504 56105 1
62504 61258 1
62504 63227 1
62504 79594 1
63227 18619 1
63227 24521 1
63227 34844 1
63227 39370 1
63227 39380 1
63227 41749 1
63227 42673 1
63227 50183 1
63227 50199 1
63227 52015 1
63227 56103 1
63227 56104 1
63227 56105 1
63227 59500 1
63227 62504 1
63227 76983 1
63227 79594 1
69670 44021 1
69670 45763 1
69670 58998 1
69670 75886 1
69670 79594 1
125182 79594 1
82780 71822 1
82780 118816 1
118816 71822 1
118816 82780 1
60070 81120 1
60070 88009 1
60070 95836 1
60070 127032 1
72851 47016 1
72851 50859 1
72851 79466 1
72851 79467 1
72851 88009 1
72851 105955 1
95836 60070 1
95836 88009 1
95836 127032 1
97422 88009 1
97422 97424 1
97424 88009 1
97424 97422 1
99028 67123 1
99028 88009 1
99028 99029 1
105955 72851 1
105955 88009 1
127032 60070 1
127032 88009 1
127032 95836 1
43595 37472 1
62409 44266 1
62409 81103 1
62409 81104 1
73493 44266 1
73493 66887 1
48242 48247 1
48242 48252 1
48242 59723 1
48242 68783 1
48242 69133 1
48247 48242 1
48247 48252 1
48247 50854 1
48247 59723 1
48247 68783 1
48247 69133 1
59723 48242 1
59723 48247 1
59723 48252 1
59723 68783 1
59723 69133 1
59723 121461 1
68783 48242 1
68783 48247 1
68783 48252 1
68783 59723 1
68783 69133 1
96628 48252 1
12500 40551 1
12500 45570 1
12500 61690 1
12500 70999 1
45570 12500 1
45570 61690 1
45570 70999 1
45851 50854 1
45851 61690 1
50854 44180 1
50854 45851 1
50854 48247 1
50854 61690 1
70999 12500 1
70999 45570 1
70999 61690 1
59739 62447 1
59739 74998 1
59739 76382 1
74998 59739 1
74998 62447 1
74998 76382 1
76382 59739 1
76382 62447 1
76382 74998 1
84838 64370 1
33021 33527 1
33021 69133 1
33527 33021 1
33527 69133 1
45175 48107 1
45175 63633 1
45175 71392 1
45175 101957 1
45175 124990 1
48107 45175 1
48107 63633 1
48107 71386 1
48107 71392 1
48107 101957 1
48107 124990 1
63633 45175 1
63633 48107 1
63633 71392 1
63633 101957 1
63633 124990 1
101957 45175 1
101957 48107 1
101957 63633 1
101957 71392 1
101957 124990 1
124990 45175 1
124990 48107 1
124990 63633 1
124990 71392 1
124990 101957 1
51711 59608 1
51711 77417 1
51711 77498 1
59608 51711 1
59608 77417 1
59608 77498 1
77495 77417 1
77495 82554 1
77498 51711 1
77498 59608 1
77498 77417 1
81390 77417 2
90497 77417 1
97053 79536 1
64819 81742 1
72495 81742 1
72495 84192 1
72495 90220 1
78145 78146 1
78145 81742 1
84192 72495 1
84192 81742 1
84192 90220 1
90220 72495 1
90220 81742 1
90220 84192 1
91303 81742 1
53644 78028 1
53644 83697 1
53644 86937 1
60533 61874 1
60533 73488 1
60533 75644 1
60533 80576 1
60533 83697 1
61874 60533 1
61874 83697 1
61874 121133 1
80576 60533 1
80576 66471 1
80576 83697 1
121133 61874 1
121133 83697 1
43365 81477 1
43365 86351 1
43365 86852 1
56071 86351 1
56071 115899 1
75479 86351 1
81477 43365 1
81477 86351 1
81477 86852 1
83441 86351 1
83441 89507 1
86852 43365 1
86852 81477 1
86852 86351 1
89507 83441 1
89507 86351 1
115899 56071 1
115899 86351 1
78908 64134 2
78908 73684 1
78908 74646 1
78908 82755 2
78908 82758 1
78908 86780 3
78908 125053 1
78908 125892 1
47196 75644 1
73488 60533 1
73488 73661 1
73488 73662 1
73488 75644 1
66471 75645 1
66471 80576 1
55349 73017 1
55349 77180 1
63885 65952 1
63885 77180 1
65952 63885 1
65952 77180 1
73017 55349 1
73017 77180 1
87024 89955 1
50859 47016 1
50859 72851 1
50859 79466 1
50859 79467 1
79466 47016 1
79466 50859 1
79466 72851 1
79466 79467 1
79467 47016 1
79467 50859 1
79467 72851 1
79467 79466 1
74646 58076 1
74646 64134 1
74646 71209 2
74646 76386 1
74646 78908 1
74646 82758 1
74646 83484 1
74646 125053 1
74646 125892 1
74646 126255 1
82755 64134 1
82755 78908 2
82755 82758 1
82755 86780 2
82758 64134 1
82758 74646 1
82758 78908 1
82758 82755 1
82758 86780 1
86780 64134 1
86780 78908 3
86780 82755 2
86780 82758 1
86780 125053 1
125053 64134 1
125053 74646 1
125053 78908 1
125053 86780 1
125053 125892 1
125053 126255 1
125892 64134 1
125892 74646 1
125892 78908 1
125892 125053 1
58249 71386 1
118567 71386 1
118567 74345 1
71908 71906 1
46859 58165 1
46859 72977 1
46859 72985 1
46859 74561 2
58165 46859 1
58165 74561 1
72977 46859 1
72977 72982 3
72977 72985 2
72977 74561 1
72977 74563 1
72982 72977 3
72982 72985 1
72982 74561 1
72982 74563 1
72985 46859 1
72985 72977 2
72985 72982 1
72985 74561 1
72985 74563 1
50687 74563 1
69663 79072 1
58076 71209 1
58076 74646 1
58076 76386 1
58076 83484 1
58076 126255 1
67613 71209 1
67613 83484 1
67613 88477 1
67613 119698 1
71209 58076 1
71209 67613 1
71209 74646 2
71209 76386 1
71209 83484 2
71209 88477 1
71209 119698 1
71209 126255 1
76386 58076 1
76386 71209 1
76386 74646 1
76386 83484 1
76386 126255 1
88477 67613 1
88477 71209 1
88477 83484 1
88477 119698 1
119698 67613 1
119698 71209 1
119698 83484 1
119698 88477 1
126255 58076 1
126255 71209 1
126255 74646 1
126255 76386 1
126255 83484 1
126255 125053 1
47042 98470 1
18966 24092 1
18966 32212 1
18966 42110 1
18966 44684 1
18966 45371 1
18966 72679 1
18966 80309 1
24092 18966 1
24092 32212 1
24092 42110 1
24092 44684 1
24092 45371 1
24092 72679 1
24092 80309 1
32212 18966 1
32212 24092 1
32212 42110 1
32212 44684 1
32212 45371 1
32212 72679 1
32212 80309 1
42110 18966 1
42110 24092 1
42110 32212 1
42110 44684 1
42110 45371 1
42110 72679 1
42110 80309 1
44684 18966 1
44684 24092 1
44684 32212 1
44684 42110 1
44684 45371 1
44684 72679 1
44684 80309 1
45371 18966 1
45371 24092 1
45371 32212 1
45371 42110 1
45371 44684 1
45371 72679 1
45371 80309 1
72679 18966 1
72679 24092 1
72679 32212 1
72679 42110 1
72679 44684 1
72679 45371 1
72679 80309 1
57383 92700 1
57383 101487 1
73205 84143 1
73205 101487 1
92700 57383 1
92700 71185 1
92700 101487 1
99536 101487 1
55885 39702 1
54794 52638 1
65488 53725 1
65488 95557 1
65488 125403 1
83305 53725 1
83305 55633 1
83305 77054 1
125403 53725 1
125403 65488 1
125403 95557 1
29886 92069 1
35788 39855 1
35788 43325 1
35788 92069 1
35788 124027 1
39855 35788 1
39855 43325 1
39855 92069 1
39855 124027 1
43325 35788 1
43325 39855 1
43325 92069 1
43325 124027 1
124027 35788 1
124027 39855 1
124027 43325 1
124027 92069 1
77067 95557 1
77067 95579 1
77067 99029 1
95579 77067 1
95579 95557 1
95579 99029 1
99029 77067 1
99029 95557 1
99029 95579 1
99029 99028 1
29052 31149 1
29052 39380 1
29052 42686 1
29052 45009 1
29052 50672 1
29052 50811 1
29052 57450 1
29052 64133 1
31149 29052 1
31149 39380 1
31149 42686 1
31149 50672 1
31149 50811 1
31149 57450 1
31149 62136 1
31149 64133 1
50672 29052 1
50672 31149 1
50672 39380 1
50672 42686 1
50672 50811 1
50672 57450 1
50672 64133 1
50811 29052 1
50811 31149 1
50811 39380 1
50811 42686 1
50811 50672 1
50811 57450 1
50811 64133 1
57450 29052 1
57450 31149 1
57450 39380 1
57450 42686 1
57450 50672 1
57450 50811 1
57450 64133 1
64133 29052 1
64133 31149 1
64133 39380 1
64133 42686 1
64133 50672 1
64133 50811 1
64133 57450 1
46892 46231 1
46892 47527 1
46892 66000 1
47527 46231 1
47527 46892 1
47527 66000 1
66000 46231 1
66000 46892 1
66000 47527 1
43281 49417 1
43281 49419 1
43281 49421 1
43281 52082 1
49417 42673 1
49417 43281 1
49417 49419 1
49417 49421 1
49417 52082 1
49419 43281 1
49419 49417 1
49419 49421 1
49419 52082 1
52082 43281 1
52082 49417 1
52082 49419 1
52082 49421 1
29097 52015 1
58974 52015 1
45517 47079 1
45517 54652 1
45517 56103 1
47079 45517 1
47079 47003 1
47079 54652 1
47079 56103 1
49403 56103 1
54652 45517 1
54652 47079 1
54652 56103 1
62374 57703 1
54864 57704 1
54864 62490 1
54864 62492 1
54864 72859 1
54864 75395 1
55685 57704 1
55685 58867 1
55685 75395 1
58867 55685 1
58867 57704 1
58867 75395 1
62490 54864 1
62490 57704 1
62490 62492 1
62490 72859 1
62490 75395 1
62492 54864 1
62492 57704 1
62492 62490 1
62492 72859 1
62492 75395 1
72859 54864 1
72859 57704 1
72859 62490 1
72859 62492 1
72859 75395 1
75395 54864 1
75395 55685 1
75395 57704 2
75395 58867 1
75395 62490 1
75395 62492 1
75395 72859 1
59303 59304 1
59303 59305 1
59303 59306 1
59303 68327 1
59305 59303 1
59305 59304 1
59305 59306 1
59305 68327 1
59306 59303 1
59306 59304 1
59306 59305 1
59306 68327 1
68327 58989 1
68327 59303 1
68327 59304 1
68327 59305 1
68327 59306 1
48042 50378 1
48042 52625 1
48042 61258 1
48042 62504 1
52625 48042 1
52625 61258 1
52625 62504 1
61258 48042 1
61258 52625 1
61258 62504 1
18619 24521 1
18619 41749 1
18619 63227 1
24521 18619 1
24521 41749 1
24521 63227 1
34844 42673 1
34844 50199 1
34844 63227 1
34844 67123 1
41749 18619 1
41749 24521 1
41749 63227 1
42673 28034 1
42673 34805 1
42673 34844 1
42673 49417 1
42673 50199 1
42673 53359 1
42673 63227 1
50199 34844 1
50199 42673 1
50199 63227 1
59500 63227 1
59500 76983 1
76983 59500 1
76983 63227 1
44021 45763 1
44021 69670 1
44021 75886 1
45763 44021 1
45763 69670 1
45763 75886 1
58998 69670 1
75886 44021 1
75886 45763 1
75886 69670 1
28034 34805 1
28034 42673 1
28034 53359 1
34805 28034 1
34805 42673 1
34805 53359 1
53359 25520 1
53359 28034 1
53359 34805 1
53359 42673 1
50378 39269 1
50378 48042 1
50378 53352 1
58989 68327 1
47003 47079 1
45009 29052 1
62136 31149 1
55633 77054 1
55633 83305 1
77054 55633 1
77054 83305 1
84143 73205 1
71185 92700 1
73661 73488 1
73661 73662 1
73662 73488 1
73662 73661 1
78146 78145 1
121461 59723 1
40551 12500 1
44180 50854 1
81103 62409 1
81103 81104 1
81104 62409 1
81104 81103 1
66887 73493 1
81120 60070 1
25520 53359 1
39269 50378 1
39269 53352 1
53352 39269 1
53352 50378 1
