120763 120764 1
120764 799 1
120764 2569 1
120764 4022 1
120764 6907 1
120764 6912 1
120764 7522 1
120764 9385 1
120764 29377 1
120764 120763 1
799 603 1
799 803 2
799 949 1
799 1311 1
799 1719 1
799 2134 1
799 2441 1
799 2569 1
799 2577 1
799 2585 1
799 4022 1
799 5464 1
799 6696 1
799 6778 1
799 6907 1
799 6912 1
799 6925 1
799 7317 1
799 8180 1
799 8523 1
799 8980 1
799 9385 1
799 9509 1
799 9522 1
799 9710 1
799 10148 1
799 10399 1
799 10408 1
799 10808 1
799 10891 1
799 11621 1
799 12022 1
799 12671 1
799 13195 1
799 13246 1
799 13364 1
799 13706 1
799 13925 1
799 14072 1
799 14407 1
799 14648 1
799 19162 1
799 19851 1
799 26228 1
799 27730 1
799 120764 1
2569 799 1
2569 4022 1
2569 6907 1
2569 6912 1
2569 8755 1
2569 9385 1
2569 120764 1
4022 799 1
4022 1943 1
4022 2291 1
4022 2292 1
4022 2569 1
4022 3284 1
4022 3357 1
4022 3604 1
4022 3941 1
4022 4902 1
4022 4946 1
4022 5407 1
4022 6370 1
4022 6907 1
4022 6912 1
4022 7005 1
4022 7642 1
4022 7714 1
4022 7716 1
4022 8625 1
4022 9385 1
4022 9507 1
4022 9961 1
4022 11166 1
4022 11763 1
4022 11881 1
4022 11968 1
4022 13220 1
4022 13372 1
4022 13569 1
4022 13833 1
4022 14024 1
4022 14308 1
4022 15453 1
4022 16256 1
4022 16585 1
4022 17388 1
4022 17956 1
4022 18916 1
4022 20946 1
4022 120764 1
6907 799 1
6907 2569 1
6907 4022 1
6907 6912 1
6907 9385 1
6907 14032 1
6907 16081 1
6907 23873 1
6907 29976 1
6907 35444 1
6907 43670 1
6907 49166 1
6907 120764 1
6912 584 1
6912 673 1
6912 674 1
6912 799 1
6912 901 1
6912 1474 1
6912 2569 1
6912 4022 1
6912 5572 1
6912 6175 1
6912 6907 1
6912 6913 1
6912 6914 1
6912 7137 1
6912 7372 1
6912 8236 1
6912 8292 1
6912 8704 1
6912 9385 1
6912 9436 1
6912 9441 1
6912 9475 1
6912 11012 1
6912 13700 1
6912 27929 1
6912 31548 1
6912 32546 1
6912 120764 1
6912 124560 1
7522 29377 1
7522 120764 1
9385 799 1
9385 901 1
9385 2141 1
9385 2569 1
9385 3359 1
9385 4022 1
9385 4420 1
9385 6312 1
9385 6907 1
9385 6912 1
9385 7396 1
9385 7622 1
9385 7999 1
9385 8418 1
9385 8429 1
9385 8625 1
9385 9990 1
9385 10142 1
9385 10830 1
9385 10914 1
9385 11104 1
9385 11763 1
9385 18636 1
9385 33408 1
9385 120764 1
29377 537 1
29377 1311 1
29377 7522 1
29377 12988 1
29377 13599 1
29377 14167 1
29377 14495 1
29377 21131 1
29377 21865 1
29377 23697 1
29377 24167 1
29377 25480 1
29377 25486 1
29377 25586 1
29377 25894 1
29377 26770 1
29377 29365 1
29377 29367 1
29377 30123 1
29377 30124 1
29377 30284 1
29377 30658 1
29377 30990 1
29377 33211 1
29377 33212 1
29377 42094 1
29377 120764 1
603 799 1
603 2134 1
603 5464 1
603 6696 1
603 6925 1
603 7317 1
603 8180 1
603 10891 1
603 13246 1
803 799 2
803 949 1
803 1311 1
803 1719 1
803 2441 1
803 9509 1
803 9522 1
803 9710 1
803 11621 1
803 12022 1
803 12671 1
803 14072 1
803 14407 1
803 14648 1
803 19162 1
803 19851 1
803 26228 1
803 27730 1
949 799 1
949 803 1
949 1311 1
949 1719 1
949 8109 1
949 9099 1
949 9509 1
949 9522 1
949 9710 1
949 9915 1
949 11621 1
949 11835 1
949 11836 1
949 12022 1
949 12318 1
949 13208 1
949 14648 1
949 64055 1
1311 537 1
1311 799 1
1311 803 1
1311 949 1
1311 1719 1
1311 9509 1
1311 9522 1
1311 9710 1
1311 11621 1
1311 12022 1
1311 14648 1
1311 29377 1
1719 799 1
1719 803 1
1719 876 1
1719 949 1
1719 1311 1
1719 1714 1
1719 1715 1
1719 1716 1
1719 1717 1
1719 1718 1
1719 1720 1
1719 1721 1
1719 2807 1
1719 9509 1
1719 9522 1
1719 9710 1
1719 11621 1
1719 12022 1
1719 13696 1
1719 14648 1
1719 22585 1
1719 41869 1
2134 563 1
2134 603 1
2134 662 1
2134 799 1
2134 3486 1
2134 4925 1
2134 4929 1
2134 5015 1
2134 5464 1
2134 5969 1
2134 5970 1
2134 5972 1
2134 6013 1
2134 6336 1
2134 6639 1
2134 6660 1
2134 6696 1
2134 6913 1
2134 6925 1
2134 6985 1
2134 7317 1
2134 7321 1
2134 7322 1
2134 7323 1
2134 7324 1
2134 7346 1
2134 7625 1
2134 7768 1
2134 8123 1
2134 8180 1
2134 8330 1
2134 8449 1
2134 8450 1
2134 8910 1
2134 8975 1
2134 9108 1
2134 9695 1
2134 9788 1
2134 10099 1
2134 10891 1
2134 11160 1
2134 11621 1
2134 13099 1
2134 13246 1
2134 13280 1
2134 14308 1
2134 18635 1
2134 124613 1
2441 421 1
2441 799 1
2441 803 1
2441 1483 1
2441 1597 1
2441 2085 1
2441 3316 1
2441 3963 1
2441 4413 1
2441 6572 1
2441 6617 1
2441 6842 1
2441 7427 1
2441 8199 1
2441 9778 1
2441 11736 1
2441 12671 1
2441 14072 1
2441 14147 1
2441 14352 1
2441 14407 1
2441 14452 1
2441 14460 1
2441 14731 1
2441 14777 1
2441 15379 1
2441 17317 1
2441 19162 1
2441 19656 1
2441 19851 1
2441 23529 1
2441 26228 1
2441 27730 1
2577 799 1
2577 6778 1
2577 8523 1
2577 8980 1
2577 10148 1
2577 10399 1
2577 10408 1
2577 10808 1
2577 13195 1
2577 13925 1
2585 799 1
2585 3285 1
2585 3900 1
2585 4132 1
2585 4623 1
2585 7117 1
2585 7119 1
2585 7120 1
2585 10401 1
2585 10406 1
2585 13364 1
2585 13706 1
2585 16099 1
2585 17904 1
2585 25300 1
5464 603 1
5464 799 1
5464 2134 1
5464 6696 1
5464 6925 1
5464 7317 1
5464 8180 1
5464 10891 1
5464 13246 1
6696 603 1
6696 799 1
6696 2134 1
6696 5464 1
6696 6925 1
6696 7317 1
6696 8180 1
6696 10891 1
6696 13246 1
6778 799 1
6778 2577 1
6778 8523 1
6778 8980 1
6778 10148 1
6778 10399 1
6778 10408 1
6778 10808 1
6778 13195 1
6778 13925 1
6925 603 1
6925 799 1
6925 2134 1
6925 5464 1
6925 6696 1
6925 7317 1
6925 8180 1
6925 10891 1
6925 13246 1
7317 603 1
7317 799 1
7317 2134 1
7317 5464 1
7317 6696 1
7317 6925 1
7317 8180 1
7317 10891 1
7317 11765 1
7317 13246 1
8180 377 1
8180 603 1
8180 799 1
8180 941 1
8180 1390 1
8180 2134 1
8180 2237 1
8180 5238 1
8180 5464 1
8180 5991 1
8180 6696 1
8180 6698 1
8180 6894 1
8180 6925 1
8180 7019 1
8180 7182 1
8180 7317 1
8180 7452 1
8180 7588 1
8180 7699 1
8180 8058 1
8180 8181 1
8180 8780 1
8180 8922 1
8180 8934 1
8180 9648 1
8180 10684 1
8180 10685 1
8180 10891 1
8180 11060 1
8180 12558 1
8180 13140 1
8180 13246 1
8180 13323 1
8180 13361 1
8180 13853 1
8180 14380 1
8180 14479 1
8180 14675 1
8180 15429 1
8180 15582 1
8180 20007 1
8180 21298 1
8180 22936 1
8523 799 1
8523 832 1
8523 991 1
8523 1986 1
8523 2104 1
8523 2577 1
8523 3081 1
8523 3110 1
8523 4914 1
8523 5867 1
8523 6148 1
8523 6778 1
8523 7133 1
8523 7134 1
8523 8289 1
8523 8304 1
8523 8520 1
8523 8522 1
8523 8524 1
8523 8525 1
8523 8526 1
8523 8527 1
8523 8728 1
8523 8945 1
8523 8980 1
8523 9515 1
8523 10148 1
8523 10399 1
8523 10408 1
8523 10808 1
8523 11964 1
8523 13167 1
8523 13195 1
8523 13200 1
8523 13925 1
8980 799 1
8980 1580 1
8980 1954 1
8980 1959 1
8980 2149 1
8980 2201 1
8980 2577 1
8980 3561 1
8980 6778 1
8980 7646 1
8980 8156 1
8980 8523 1
8980 8545 1
8980 8653 1
8980 9270 1
8980 9272 1
8980 10126 1
8980 10148 1
8980 10399 1
8980 10408 1
8980 10808 1
8980 10922 1
8980 11247 1
8980 11858 1
8980 12103 1
8980 12310 1
8980 13195 1
8980 13925 1
8980 15985 1
8980 16581 1
9509 799 1
9509 803 1
9509 949 1
9509 1311 1
9509 1423 1
9509 1719 1
9509 1949 1
9509 1971 1
9509 2271 1
9509 4425 1
9509 4426 1
9509 5666 1
9509 6170 1
9509 7049 1
9509 7774 1
9509 7780 1
9509 7781 1
9509 8351 1
9509 8356 1
9509 8363 1
9509 9508 1
9509 9522 1
9509 9532 1
9509 9689 1
9509 9710 1
9509 10076 1
9509 10142 1
9509 10145 1
9509 11161 1
9509 11621 1
9509 11845 1
9509 12022 1
9509 12936 1
9509 14648 1
9509 15878 1
9509 15986 1
9522 799 1
9522 803 1
9522 910 1
9522 949 1
9522 1311 1
9522 1719 1
9522 3111 1
9522 3702 1
9522 3872 1
9522 6050 1
9522 6153 1
9522 7324 1
9522 8040 1
9522 8543 1
9522 8666 1
9522 9280 1
9522 9509 1
9522 9710 1
9522 11621 1
9522 12022 1
9522 13483 1
9522 14648 1
9710 799 1
9710 803 1
9710 949 1
9710 1311 1
9710 1719 1
9710 3076 1
9710 4219 1
9710 5965 1
9710 5993 1
9710 6175 1
9710 8461 1
9710 9300 1
9710 9434 1
9710 9509 1
9710 9522 1
9710 9701 1
9710 9706 1
9710 9707 1
9710 9708 1
9710 9709 1
9710 9711 1
9710 9712 1
9710 11234 1
9710 11382 1
9710 11621 1
9710 12022 1
9710 14648 1
9710 15184 1
10148 799 1
10148 1423 1
10148 1950 1
10148 2577 1
10148 2907 1
10148 3364 1
10148 3374 1
10148 3732 1
10148 3965 1
10148 4139 1
10148 4370 1
10148 4618 1
10148 5413 1
10148 5667 1
10148 6050 1
10148 6331 1
10148 6722 1
10148 6778 1
10148 7163 1
10148 7646 1
10148 8110 1
10148 8523 1
10148 8793 1
10148 8973 1
10148 8980 1
10148 9281 1
10148 9678 1
10148 10085 1
10148 10399 1
10148 10408 1
10148 10808 1
10148 11203 1
10148 11612 1
10148 11613 2
10148 11621 1
10148 13195 1
10148 13556 1
10148 13925 1
10148 14614 1
10148 17956 1
10148 30148 1
10399 799 1
10399 2577 1
10399 6778 1
10399 8523 1
10399 8980 1
10399 10148 1
10399 10408 1
10399 10808 1
10399 13195 1
10399 13925 1
10408 799 1
10408 2577 1
10408 3695 1
10408 6352 1
10408 6778 1
10408 8140 1
10408 8523 1
10408 8930 1
10408 8980 1
10408 10148 1
10408 10399 1
10408 10801 1
10408 10808 1
10408 12091 1
10408 12105 1
10408 12108 1
10408 13195 1
10408 13925 1
10408 14742 1
10408 17416 1
10408 19598 1
10408 21161 1
10408 22670 1
10408 27045 1
10808 799 1
10808 1553 1
10808 2128 1
10808 2141 1
10808 2577 1
10808 3873 1
10808 4928 1
10808 4934 1
10808 6332 1
10808 6334 1
10808 6778 1
10808 8523 1
10808 8931 1
10808 8980 1
10808 9201 1
10808 9541 1
10808 10148 1
10808 10293 1
10808 10399 1
10808 10408 1
10808 11534 1
10808 11772 1
10808 13195 1
10808 13257 1
10808 13261 1
10808 13925 1
10808 14083 1
10808 14742 1
10808 17280 1
10808 17406 1
10808 19297 1
10891 603 1
10891 799 1
10891 2134 1
10891 5464 1
10891 6696 1
10891 6925 1
10891 7317 1
10891 8180 1
10891 13246 1
11621 799 1
11621 803 1
11621 949 1
11621 1311 1
11621 1423 1
11621 1719 1
11621 1950 1
11621 2134 1
11621 2907 1
11621 3732 1
11621 3965 1
11621 4370 1
11621 6331 1
11621 6336 1
11621 6913 1
11621 6985 1
11621 8123 1
11621 8330 1
11621 8793 1
11621 8973 1
11621 8975 1
11621 9281 1
11621 9509 1
11621 9522 1
11621 9710 1
11621 10099 1
11621 10148 1
11621 11160 1
11621 12022 1
11621 14648 1
11621 17956 1
12022 799 1
12022 803 1
12022 949 1
12022 1311 1
12022 1719 1
12022 2115 1
12022 3873 1
12022 3960 1
12022 5412 1
12022 6711 1
12022 7372 1
12022 8224 1
12022 8347 1
12022 9509 1
12022 9522 1
12022 9710 1
12022 10286 1
12022 10570 1
12022 11621 1
12022 11628 1
12022 12024 1
12022 12026 1
12022 12030 1
12022 13528 1
12022 14648 1
12671 797 1
12671 799 1
12671 803 1
12671 2441 1
12671 4119 1
12671 5160 1
12671 5516 1
12671 5525 1
12671 5966 1
12671 5968 1
12671 8294 1
12671 8401 1
12671 8402 1
12671 8403 1
12671 8405 1
12671 9641 1
12671 9938 1
12671 14072 1
12671 14407 1
12671 19162 1
12671 19851 1
12671 26228 1
12671 27730 1
13195 799 1
13195 2577 1
13195 6778 1
13195 8156 1
13195 8523 1
13195 8980 1
13195 10148 1
13195 10399 1
13195 10408 1
13195 10808 1
13195 13925 1
13195 14148 1
13246 5 1
13246 179 1
13246 603 1
13246 799 1
13246 1243 1
13246 1416 1
13246 2134 1
13246 2775 1
13246 3101 1
13246 3803 1
13246 4157 1
13246 4339 1
13246 5464 1
13246 5490 1
13246 5491 1
13246 6659 1
13246 6696 1
13246 6723 1
13246 6855 1
13246 6925 1
13246 7317 1
13246 8180 1
13246 8912 1
13246 10891 1
13246 12522 1
13246 13358 1
13246 13840 1
13246 14775 1
13246 15771 1
13246 16857 1
13246 16875 1
13364 799 1
13364 2585 1
13364 13706 1
13364 15104 1
13706 799 1
13706 2585 1
13706 2998 1
13706 4315 1
13706 7619 2
13706 11895 1
13706 13016 1
13706 13364 1
13706 23574 1
13706 25630 1
13706 27037 1
13706 28210 1
13706 29011 1
13925 799 1
13925 2577 1
13925 6778 1
13925 8523 1
13925 8980 1
13925 10148 1
13925 10399 1
13925 10408 1
13925 10808 1
13925 13195 1
14072 799 1
14072 803 1
14072 2441 1
14072 3101 1
14072 12671 1
14072 14032 1
14072 14407 1
14072 19162 2
14072 19851 1
14072 26228 1
14072 27730 1
14407 799 1
14407 803 1
14407 2441 1
14407 12671 1
14407 14072 1
14407 15878 1
14407 19162 2
14407 19851 1
14407 21298 5
14407 26228 1
14407 26415 1
14407 27730 1
14407 31576 1
14407 33215 1
14407 33537 1
14648 799 1
14648 803 1
14648 949 1
14648 1311 1
14648 1719 1
14648 5572 1
14648 9509 1
14648 9522 1
14648 9710 1
14648 11621 1
14648 12022 1
19162 584 1
19162 799 1
19162 803 1
19162 991 1
19162 2441 1
19162 12671 1
19162 12988 1
19162 13361 1
19162 14032 2
19162 14072 2
19162 14407 2
19162 19851 1
19162 26228 1
19162 27730 1
19162 29976 1
19162 30990 1
19162 38906 1
19851 799 1
19851 803 1
19851 2441 1
19851 8934 1
19851 12671 1
19851 14072 1
19851 14407 1
19851 19162 1
19851 26228 1
19851 27730 1
26228 799 1
26228 803 1
26228 2441 1
26228 11168 1
26228 12671 1
26228 14072 1
26228 14407 1
26228 14816 1
26228 18865 1
26228 19162 1
26228 19851 1
26228 27730 1
26228 28914 1
27730 799 1
27730 803 1
27730 2441 1
27730 12671 1
27730 14072 1
27730 14407 1
27730 19162 1
27730 19851 1
27730 26228 1
8755 2569 1
8755 8346 1
8755 8934 1
1943 3284 1
1943 4022 1
1943 6370 1
1943 7622 1
1943 7714 1
1943 7716 1
1943 8140 1
1943 8347 2
1943 9507 1
1943 11763 1
1943 12091 1
1943 13569 1
1943 16585 1
1943 18635 1
2291 2292 2
2291 3604 1
2291 3941 2
2291 4022 1
2291 4946 1
2292 2291 2
2292 3604 1
2292 3941 3
2292 4022 1
2292 4946 1
3284 1943 1
3284 4022 1
3284 4925 1
3284 6370 1
3284 7714 1
3284 7716 1
3284 9507 1
3284 11763 1
3284 13099 1
3284 13569 1
3284 14445 1
3284 16585 1
3357 3076 1
3357 4022 1
3357 4902 1
3357 5261 1
3357 6336 1
3357 7005 1
3357 7321 1
3357 7323 1
3357 7324 1
3357 7768 1
3357 8450 1
3357 9961 1
3357 11166 1
3357 11234 1
3357 11881 1
3357 13271 1
3357 13372 1
3357 14024 1
3357 15453 1
3357 18916 1
3357 27760 1
3604 2291 1
3604 2292 1
3604 3486 1
3604 3941 1
3604 4022 1
3604 4946 1
3604 6332 1
3604 7324 1
3604 7768 1
3604 8449 1
3604 11763 1
3941 2291 2
3941 2292 3
3941 3604 1
3941 4022 1
3941 4946 1
4902 3076 1
4902 3110 1
4902 3357 1
4902 4022 1
4902 7005 1
4902 8975 1
4902 9961 1
4902 11166 1
4902 11881 1
4902 13372 1
4902 14024 1
4902 15453 1
4902 18916 1
4946 2291 1
4946 2292 1
4946 3604 1
4946 3941 1
4946 4022 1
5407 4022 1
5407 6153 1
5407 7642 1
5407 8625 1
5407 13220 1
5407 13833 1
5407 14308 1
5407 16256 1
5407 17388 1
5407 17956 1
5407 20946 1
6370 1943 1
6370 3284 1
6370 4022 1
6370 7619 1
6370 7714 1
6370 7716 1
6370 9507 1
6370 11763 1
6370 13569 1
6370 16585 1
7005 3357 1
7005 4022 1
7005 4902 1
7005 5865 1
7005 9961 1
7005 11166 1
7005 11835 1
7005 11881 1
7005 13372 1
7005 14003 1
7005 14024 1
7005 15453 1
7005 18916 1
7005 28383 1
7642 4022 1
7642 5407 1
7642 8625 1
7642 13220 1
7642 13833 1
7642 14308 1
7642 16256 1
7642 17388 1
7642 17956 1
7642 20946 1
7714 1943 1
7714 2434 1
7714 3284 1
7714 4022 1
7714 6370 1
7714 7716 1
7714 9507 1
7714 11763 1
7714 13569 1
7714 16585 1
7716 1943 1
7716 3284 1
7716 4022 1
7716 6370 1
7716 7714 1
7716 9507 1
7716 11763 1
7716 13569 1
7716 16585 1
8625 4022 1
8625 4420 1
8625 5407 1
8625 5972 1
8625 7622 1
8625 7642 1
8625 7999 1
8625 8418 1
8625 8429 1
8625 9385 1
8625 9990 1
8625 10142 1
8625 10830 1
8625 11104 1
8625 13220 1
8625 13833 1
8625 14308 1
8625 16256 1
8625 17388 1
8625 17956 1
8625 18636 1
8625 20946 1
9507 1943 1
9507 3284 1
9507 4022 1
9507 6370 1
9507 7714 1
9507 7716 1
9507 11763 1
9507 13569 1
9507 16585 1
9507 17956 1
9961 3357 1
9961 4022 1
9961 4902 1
9961 7005 1
9961 11166 1
9961 11881 1
9961 13372 1
9961 14024 1
9961 15453 1
9961 18916 1
11166 3357 1
11166 3873 1
11166 4022 1
11166 4902 1
11166 7005 1
11166 9961 1
11166 11881 1
11166 11968 1
11166 13372 1
11166 14024 1
11166 15453 1
11166 18916 1
11763 1943 1
11763 2141 3
11763 3284 1
11763 3359 1
11763 3604 1
11763 4022 1
11763 6312 1
11763 6331 1
11763 6332 2
11763 6370 1
11763 7714 1
11763 7716 1
11763 9385 1
11763 9507 1
11763 10914 2
11763 11772 1
11763 11858 1
11763 11968 1
11763 13569 1
11763 16585 1
11763 33408 1
11881 3357 1
11881 4022 1
11881 4902 1
11881 7005 1
11881 9961 1
11881 11166 1
11881 13372 1
11881 14024 1
11881 15453 1
11881 18916 1
11968 3873 1
11968 4022 1
11968 6157 1
11968 6331 1
11968 6332 1
11968 9990 1
11968 10914 1
11968 11166 1
11968 11763 1
11968 11772 1
11968 13280 1
13220 4022 1
13220 5407 1
13220 7642 1
13220 8625 1
13220 13833 1
13220 14308 1
13220 16256 1
13220 17388 1
13220 17956 1
13220 20946 1
13372 3357 1
13372 4022 1
13372 4902 1
13372 7005 1
13372 7619 1
13372 9961 1
13372 11166 1
13372 11881 1
13372 14024 1
13372 15453 1
13372 18916 1
13569 1943 1
13569 3284 1
13569 4022 1
13569 6370 1
13569 7714 1
13569 7716 1
13569 9507 1
13569 11763 1
13569 13527 1
13569 16585 1
13833 4022 1
13833 5407 1
13833 7642 1
13833 8625 1
13833 13220 1
13833 14308 1
13833 16256 1
13833 17388 1
13833 17956 1
13833 20946 1
14024 3357 1
14024 4022 1
14024 4902 1
14024 7005 1
14024 9961 1
14024 11166 1
14024 11881 1
14024 13372 1
14024 15453 1
14024 18916 1
14308 563 1
14308 797 1
14308 1986 1
14308 2134 1
14308 4022 1
14308 5015 1
14308 5407 1
14308 5658 1
14308 5659 1
14308 6013 1
14308 6170 1
14308 6639 1
14308 6660 1
14308 7625 1
14308 7642 1
14308 8625 1
14308 8910 1
14308 9108 1
14308 9695 1
14308 9788 1
14308 13099 1
14308 13220 1
14308 13280 1
14308 13833 1
14308 16256 1
14308 17388 1
14308 17956 1
14308 18635 1
14308 20946 1
15453 3357 1
15453 4022 1
15453 4902 1
15453 7005 1
15453 9961 1
15453 11166 1
15453 11881 1
15453 13372 1
15453 14024 1
15453 18916 1
16256 4022 1
16256 5407 1
16256 7642 1
16256 8625 1
16256 13220 1
16256 13833 1
16256 14308 1
16256 17388 1
16256 17956 1
16256 20946 1
16585 1943 1
16585 3284 1
16585 4022 1
16585 6370 1
16585 7714 1
16585 7716 1
16585 9507 1
16585 11763 1
16585 11835 1
16585 11845 1
16585 13569 1
17388 4022 1
17388 5407 1
17388 7642 1
17388 8625 1
17388 13220 1
17388 13833 1
17388 14308 1
17388 16256 1
17388 17956 1
17388 20946 1
17956 901 1
17956 1423 1
17956 1950 1
17956 2201 1
17956 2907 1
17956 3732 1
17956 3965 2
17956 4022 1
17956 4370 1
17956 4623 1
17956 5407 1
17956 6331 1
17956 7642 1
17956 8625 1
17956 8793 1
17956 8973 1
17956 9281 1
17956 9507 1
17956 10148 1
17956 10401 1
17956 11621 1
17956 13220 1
17956 13833 1
17956 14308 1
17956 16256 1
17956 17388 1
17956 20946 1
18916 3357 1
18916 4022 1
18916 4902 1
18916 7005 1
18916 9961 1
18916 11166 1
18916 11881 1
18916 13372 1
18916 14024 1
18916 15453 1
20946 4022 1
20946 5407 1
20946 7642 1
20946 8625 1
20946 13220 1
20946 13833 1
20946 14308 1
20946 16256 1
20946 17388 1
20946 17956 1
14032 4070 1
14032 6907 1
14032 14072 1
14032 16081 1
14032 19162 2
14032 23873 1
14032 29976 1
14032 35444 1
16081 3110 1
16081 6907 1
16081 14032 1
16081 19407 1
16081 23873 1
16081 29976 1
16081 35444 1
23873 6907 1
23873 14032 1
23873 16081 1
23873 22670 1
23873 29976 1
23873 35444 1
29976 6907 1
29976 10649 1
29976 10786 1
29976 14032 1
29976 16081 1
29976 19162 1
29976 21457 1
29976 23873 1
29976 30284 1
29976 30444 1
29976 34268 1
29976 35444 2
35444 6907 1
35444 14032 1
35444 16081 1
35444 23873 1
35444 29976 2
35444 45909 1
43670 6907 1
43670 49166 1
49166 6907 1
49166 43670 1
584 901 1
584 991 1
584 1474 1
584 5572 1
584 6912 1
584 6913 1
584 6914 1
584 8236 1
584 8292 1
584 9441 1
584 10286 1
584 13528 1
584 13700 1
584 19162 1
673 674 1
673 3527 1
673 6912 1
673 7372 2
673 8704 1
673 9436 1
673 11012 1
673 27929 1
673 31548 1
673 32546 1
673 124560 1
674 673 1
674 6912 1
674 7372 1
674 8704 1
674 9436 1
674 11012 1
674 27929 1
674 31548 1
674 32546 1
674 124560 1
901 584 1
901 1474 1
901 5572 1
901 6912 1
901 6913 1
901 6914 1
901 7396 1
901 8236 1
901 8292 1
901 9385 1
901 9441 1
901 10401 1
901 13700 1
901 17956 1
1474 584 1
1474 901 1
1474 2907 2
1474 3873 1
1474 5572 1
1474 6912 1
1474 6913 1
1474 6914 1
1474 8236 1
1474 8292 1
1474 9441 1
1474 9460 1
1474 13700 1
1474 14652 1
5572 584 1
5572 901 1
5572 1474 1
5572 5667 1
5572 6912 1
5572 6913 1
5572 6914 1
5572 8236 1
5572 8292 1
5572 9441 1
5572 13700 1
5572 14648 1
5572 124613 1
6175 3076 1
6175 6912 1
6175 7398 1
6175 9710 1
6175 11382 1
6175 20229 1
6913 584 1
6913 901 1
6913 1474 1
6913 2134 1
6913 5572 1
6913 6336 1
6913 6912 1
6913 6914 1
6913 6985 1
6913 7320 1
6913 8123 1
6913 8236 1
6913 8292 1
6913 8330 1
6913 8975 1
6913 9441 1
6913 10099 2
6913 11160 1
6913 11621 1
6913 13700 1
6914 584 1
6914 901 1
6914 1474 1
6914 5572 1
6914 6912 1
6914 6913 1
6914 8236 1
6914 8292 1
6914 9441 1
6914 13700 1
7137 6912 1
7137 9475 1
7372 673 2
7372 674 1
7372 2998 1
7372 6912 1
7372 8704 1
7372 9436 1
7372 10286 1
7372 10570 1
7372 11012 1
7372 11628 1
7372 12022 1
7372 12024 1
7372 12026 1
7372 13528 1
7372 18635 1
7372 27929 1
7372 31548 1
7372 32546 1
7372 124560 1
8236 584 1
8236 901 1
8236 1474 1
8236 5572 1
8236 6912 1
8236 6913 1
8236 6914 1
8236 8292 1
8236 9441 1
8236 13700 1
8292 584 1
8292 901 1
8292 1474 1
8292 5572 1
8292 6312 1
8292 6722 1
8292 6912 1
8292 6913 1
8292 6914 1
8292 8236 1
8292 8294 1
8292 9441 1
8292 13700 1
8704 673 1
8704 674 1
8704 3900 1
8704 6912 1
8704 7372 1
8704 9436 1
8704 9990 1
8704 11012 1
8704 11835 1
8704 27929 1
8704 31548 1
8704 32546 1
8704 124560 1
9436 673 1
9436 674 1
9436 6139 1
9436 6912 1
9436 7372 1
9436 8704 1
9436 11012 1
9436 11203 1
9436 11234 1
9436 27929 1
9436 31548 1
9436 32546 1
9436 124560 1
9441 584 1
9441 901 1
9441 1474 1
9441 5572 1
9441 6912 1
9441 6913 1
9441 6914 1
9441 8236 1
9441 8292 1
9441 13261 1
9441 13700 1
9475 6912 1
9475 7137 1
11012 673 1
11012 674 1
11012 6912 1
11012 7372 1
11012 8704 1
11012 9436 1
11012 27929 1
11012 31548 1
11012 32546 1
11012 124560 1
13700 584 1
13700 901 1
13700 1474 1
13700 3872 1
13700 5572 1
13700 6912 1
13700 6913 1
13700 6914 1
13700 8236 1
13700 8292 1
13700 8934 1
13700 9441 1
13700 12105 1
13700 12318 1
13700 14742 2
27929 673 1
27929 674 1
27929 6912 1
27929 7372 1
27929 8704 1
27929 9436 1
27929 11012 1
27929 31548 1
27929 32546 1
27929 124560 1
31548 673 1
31548 674 1
31548 6912 1
31548 7372 1
31548 8704 1
31548 9436 1
31548 11012 1
31548 27929 1
31548 32546 1
31548 124560 1
32546 673 1
32546 674 1
32546 6912 1
32546 7372 1
32546 8704 1
32546 9436 1
32546 11012 1
32546 27929 1
32546 31548 1
32546 48684 1
32546 124560 1
124560 673 1
124560 674 1
124560 6912 1
124560 7372 1
124560 8704 1
124560 9436 1
124560 11012 1
124560 27929 1
124560 31548 1
124560 32546 1
2141 1553 1
2141 2128 1
2141 2149 1
2141 3359 1
2141 3873 1
2141 4928 1
2141 4934 1
2141 6312 1
2141 6332 1
2141 6334 1
2141 8931 1
2141 9201 1
2141 9385 1
2141 9541 1
2141 10808 1
2141 10914 1
2141 11763 3
2141 11772 1
2141 11858 1
2141 14742 1
2141 33408 1
3359 2141 1
3359 6312 1
3359 6331 1
3359 6334 1
3359 9270 1
3359 9385 1
3359 9709 1
3359 10914 1
3359 11763 1
3359 33408 1
4420 7622 1
4420 7999 1
4420 8418 1
4420 8429 1
4420 8625 1
4420 9385 1
4420 9990 1
4420 10142 1
4420 10830 1
4420 11104 1
4420 18636 1
6312 2141 1
6312 3359 1
6312 6722 1
6312 8292 1
6312 9385 1
6312 9678 2
6312 10914 1
6312 11763 1
6312 33408 1
7396 901 1
7396 5667 1
7396 9385 1
7622 1943 1
7622 4420 1
7622 7999 1
7622 8140 1
7622 8418 1
7622 8429 1
7622 8625 1
7622 9385 1
7622 9990 1
7622 10142 1
7622 10830 1
7622 11104 1
7622 18636 1
7999 4420 1
7999 6139 1
7999 7622 1
7999 8418 1
7999 8429 1
7999 8625 1
7999 9385 1
7999 9990 1
7999 10142 2
7999 10145 2
7999 10830 1
7999 11104 1
7999 18636 1
8418 4420 1
8418 7622 1
8418 7999 1
8418 8429 1
8418 8625 1
8418 9385 1
8418 9990 1
8418 10142 1
8418 10830 1
8418 11104 1
8418 11391 1
8418 18636 1
8429 4420 1
8429 7622 1
8429 7999 1
8429 8418 1
8429 8625 1
8429 8973 1
8429 9385 1
8429 9990 1
8429 10142 1
8429 10830 1
8429 11104 1
8429 13200 1
8429 18636 1
9990 4420 1
9990 7322 1
9990 7622 1
9990 7768 1
9990 7999 1
9990 8418 1
9990 8429 1
9990 8625 1
9990 8666 1
9990 8704 1
9990 8973 1
9990 9385 1
9990 9938 1
9990 10142 1
9990 10830 1
9990 11104 1
9990 11835 1
9990 11968 1
9990 13280 1
9990 16581 1
9990 18636 1
10142 2271 1
10142 4420 1
10142 4425 1
10142 4426 1
10142 6170 1
10142 7134 1
10142 7622 1
10142 7999 2
10142 8351 1
10142 8356 1
10142 8363 1
10142 8418 1
10142 8429 1
10142 8625 1
10142 9385 1
10142 9508 1
10142 9509 1
10142 9532 1
10142 9990 1
10142 10145 3
10142 10830 1
10142 11104 1
10142 18636 1
10830 4420 1
10830 6400 1
10830 7032 1
10830 7622 1
10830 7999 1
10830 8418 1
10830 8429 1
10830 8578 1
10830 8625 1
10830 9385 1
10830 9990 1
10830 10142 1
10830 11104 1
10830 14742 1
10830 18636 1
10914 2141 1
10914 3359 1
10914 6312 1
10914 6331 1
10914 6332 1
10914 9385 1
10914 11763 2
10914 11772 1
10914 11968 1
10914 33408 1
11104 4420 1
11104 7622 1
11104 7999 1
11104 8418 1
11104 8429 1
11104 8625 1
11104 9385 1
11104 9990 1
11104 10054 1
11104 10142 1
11104 10830 1
11104 11105 3
11104 11964 1
11104 18636 1
18636 4420 1
18636 7622 1
18636 7999 1
18636 8418 1
18636 8429 1
18636 8625 1
18636 9385 1
18636 9406 2
18636 9990 1
18636 10142 1
18636 10830 1
18636 11104 1
18636 18635 1
33408 2141 1
33408 3359 1
33408 6312 1
33408 9385 1
33408 10914 1
33408 11763 1
537 1311 1
537 29377 1
12988 13599 1
12988 19162 1
12988 25894 1
12988 26770 1
12988 29377 1
12988 30990 2
13599 12988 1
13599 25894 1
13599 26770 1
13599 29377 1
13599 30990 1
14167 10644 1
14167 23697 1
14167 25480 1
14167 25586 1
14167 29377 1
14167 33211 1
14167 33212 1
14167 42094 1
14495 21131 1
14495 25486 1
14495 29377 1
21131 14495 1
21131 25486 1
21131 29377 1
21865 24167 1
21865 29365 1
21865 29367 1
21865 29377 1
21865 30123 1
21865 30124 1
21865 30658 1
23697 14167 1
23697 25480 1
23697 25586 1
23697 29377 1
23697 33211 1
23697 33212 1
23697 42094 1
24167 21865 1
24167 29365 1
24167 29367 1
24167 29377 1
24167 30123 1
24167 30124 1
24167 30658 1
25480 14167 1
25480 23697 1
25480 25586 1
25480 29377 1
25480 33211 1
25480 33212 1
25480 35275 1
25480 42094 1
25486 6155 1
25486 14495 1
25486 21131 1
25486 29377 1
25586 14167 1
25586 23697 1
25586 25480 1
25586 29377 1
25586 33211 1
25586 33212 1
25586 34238 1
25586 34309 1
25586 42094 2
25586 47563 1
25894 12988 1
25894 13599 1
25894 26770 1
25894 29377 1
25894 30990 1
26770 12988 1
26770 13599 1
26770 25894 1
26770 29377 1
26770 30990 1
29365 21865 1
29365 24167 1
29365 29367 1
29365 29377 1
29365 30123 1
29365 30124 1
29365 30658 1
29367 21865 1
29367 24167 1
29367 29365 1
29367 29377 1
29367 30123 1
29367 30124 1
29367 30658 1
30123 21865 1
30123 24167 1
30123 29365 1
30123 29367 1
30123 29377 1
30123 30124 1
30123 30658 1
30124 21865 1
30124 24167 1
30124 29365 1
30124 29367 1
30124 29377 1
30124 30123 1
30124 30658 1
30284 21400 1
30284 22670 1
30284 22765 1
30284 29377 1
30284 29976 1
30284 32349 1
30284 35741 1
30658 21865 1
30658 24167 1
30658 29365 1
30658 29367 1
30658 29377 1
30658 30123 1
30658 30124 1
30990 12988 2
30990 13599 1
30990 19162 1
30990 25894 1
30990 26770 1
30990 29377 1
33211 14167 1
33211 23697 1
33211 25480 1
33211 25586 1
33211 29377 1
33211 33212 1
33211 42094 1
33212 14167 1
33212 23697 1
33212 25480 1
33212 25586 1
33212 29377 1
33212 33211 1
33212 42094 1
42094 14167 1
42094 23697 1
42094 25480 1
42094 25586 2
42094 29377 1
42094 33211 1
42094 33212 1
8109 949 1
8109 7646 1
8109 9099 1
8109 9915 1
8109 11835 1
8109 11836 1
8109 12318 1
8109 13208 1
9099 949 1
9099 8109 1
9099 9915 1
9099 11835 1
9099 11836 1
9099 12318 1
9099 13208 1
9915 949 1
9915 2271 1
9915 8109 1
9915 9099 1
9915 11835 5
9915 11836 1
9915 12318 1
9915 13208 1
11835 949 1
11835 1580 1
11835 2271 2
11835 3564 1
11835 5865 1
11835 5873 1
11835 7005 1
11835 8109 1
11835 8704 1
11835 9099 1
11835 9915 5
11835 9990 1
11835 11836 4
11835 11845 1
11835 12318 1
11835 13208 1
11835 16585 1
11835 28383 1
11836 949 1
11836 8109 1
11836 9099 1
11836 9915 1
11836 11835 4
11836 12318 1
11836 13208 1
12318 949 1
12318 8109 1
12318 8934 1
12318 9099 1
12318 9270 1
12318 9915 1
12318 11835 1
12318 11836 1
12318 13208 1
12318 13700 1
13208 949 1
13208 8109 1
13208 9099 1
13208 9915 1
13208 11835 1
13208 11836 1
13208 12318 1
64055 949 1
64055 66919 1
876 367 1
876 653 1
876 676 1
876 677 1
876 722 1
876 866 1
876 873 1
876 874 1
876 875 1
876 973 1
876 974 1
876 1037 1
876 1331 1
876 1349 1
876 1714 1
876 1715 1
876 1716 1
876 1717 1
876 1718 1
876 1719 1
876 1720 1
876 1721 1
876 2592 1
876 2807 1
876 3569 1
876 3570 1
876 4698 1
876 4699 1
876 7464 1
876 13696 1
876 22585 1
876 41869 1
1714 876 1
1714 1715 1
1714 1716 1
1714 1717 1
1714 1718 1
1714 1719 1
1714 1720 1
1714 1721 1
1714 2807 1
1714 13696 1
1714 22585 1
1714 41869 1
1715 876 1
1715 1714 1
1715 1716 1
1715 1717 1
1715 1718 1
1715 1719 1
1715 1720 1
1715 1721 1
1715 2807 1
1715 13696 1
1715 22585 1
1715 41869 1
1716 876 1
1716 1714 1
1716 1715 1
1716 1717 1
1716 1718 1
1716 1719 1
1716 1720 1
1716 1721 1
1716 2807 1
1716 13696 1
1716 22585 1
1716 41869 1
1717 876 1
1717 1714 1
1717 1715 1
1717 1716 1
1717 1718 1
1717 1719 1
1717 1720 1
1717 1721 1
1717 2807 1
1717 13696 1
1717 22585 1
1717 41869 1
1718 876 1
1718 1714 1
1718 1715 1
1718 1716 1
1718 1717 1
1718 1719 1
1718 1720 1
1718 1721 1
1718 2807 1
1718 13696 1
1718 22585 1
1718 41869 1
1720 876 1
1720 1714 1
1720 1715 1
1720 1716 1
1720 1717 1
1720 1718 1
1720 1719 1
1720 1721 1
1720 2807 1
1720 13696 1
1720 22585 1
1720 41869 1
1721 492 1
1721 876 1
1721 894 1
1721 1071 1
1721 1336 1
1721 1348 2
1721 1349 1
1721 1714 1
1721 1715 1
1721 1716 1
1721 1717 1
1721 1718 1
1721 1719 1
1721 1720 1
1721 2797 2
1721 2807 1
1721 13696 1
1721 22585 1
1721 41869 1
2807 876 1
2807 1714 1
2807 1715 1
2807 1716 1
2807 1717 1
2807 1718 1
2807 1719 1
2807 1720 1
2807 1721 1
2807 13696 1
2807 22585 1
2807 41869 1
13696 876 1
13696 1714 1
13696 1715 1
13696 1716 1
13696 1717 1
13696 1718 1
13696 1719 1
13696 1720 1
13696 1721 1
13696 2807 1
13696 22585 1
13696 41869 1
22585 876 1
22585 1714 1
22585 1715 1
22585 1716 1
22585 1717 1
22585 1718 1
22585 1719 1
22585 1720 1
22585 1721 1
22585 2807 1
22585 7139 1
22585 13696 1
22585 18081 1
22585 22575 1
22585 41869 1
41869 876 1
41869 1714 1
41869 1715 1
41869 1716 1
41869 1717 1
41869 1718 1
41869 1719 1
41869 1720 1
41869 1721 1
41869 2807 1
41869 13696 1
41869 22585 1
563 2134 1
563 4284 1
563 5015 1
563 6013 1
563 6639 1
563 6660 1
563 7625 1
563 8910 1
563 9108 1
563 9695 1
563 9788 1
563 13099 1
563 13280 1
563 14308 1
563 18635 1
662 2134 1
662 3486 2
662 3702 1
662 4925 1
662 4929 2
662 5969 1
662 5970 1
662 5972 1
662 7321 2
662 7322 2
662 7323 2
662 7324 3
662 7346 1
662 7768 3
662 8449 3
662 8450 3
662 9532 1
662 9540 1
662 13167 1
3486 662 2
3486 2134 1
3486 3604 1
3486 4186 1
3486 4925 1
3486 4929 2
3486 5326 1
3486 5969 1
3486 5970 1
3486 5972 1
3486 7321 3
3486 7322 2
3486 7323 3
3486 7324 4
3486 7346 1
3486 7768 4
3486 8449 4
3486 8450 2
3486 9281 1
3486 17735 1
4925 662 1
4925 2134 1
4925 3284 1
4925 3486 1
4925 4929 4
4925 5969 2
4925 5970 2
4925 5972 1
4925 7321 2
4925 7322 2
4925 7323 3
4925 7324 2
4925 7346 1
4925 7768 1
4925 8449 1
4925 8450 2
4929 662 2
4929 2134 1
4929 3486 2
4929 4925 4
4929 5969 2
4929 5970 2
4929 5972 1
4929 7321 3
4929 7322 2
4929 7323 3
4929 7324 3
4929 7346 1
4929 7768 3
4929 8449 3
4929 8450 3
5015 563 1
5015 2134 1
5015 5667 1
5015 6013 1
5015 6639 1
5015 6660 1
5015 7625 1
5015 8449 1
5015 8910 1
5015 9108 1
5015 9695 1
5015 9788 1
5015 13016 1
5015 13099 1
5015 13280 1
5015 13483 1
5015 14308 1
5015 18635 1
5969 662 1
5969 2134 1
5969 3486 1
5969 4925 2
5969 4929 2
5969 5970 2
5969 5972 1
5969 7321 2
5969 7322 2
5969 7323 2
5969 7324 3
5969 7346 1
5969 7768 1
5969 8449 1
5969 8450 2
5969 124138 1
5970 662 1
5970 2134 1
5970 3486 1
5970 4925 2
5970 4929 2
5970 5969 2
5970 5972 1
5970 7321 2
5970 7322 2
5970 7323 2
5970 7324 1
5970 7346 1
5970 7768 1
5970 8449 1
5970 8450 1
5972 662 1
5972 2134 1
5972 3486 1
5972 4925 1
5972 4929 1
5972 5969 1
5972 5970 1
5972 7321 1
5972 7322 1
5972 7323 1
5972 7324 1
5972 7346 1
5972 7768 1
5972 8449 1
5972 8450 1
5972 8625 1
6013 563 1
6013 2134 1
6013 5015 1
6013 6639 1
6013 6660 1
6013 7625 1
6013 8910 1
6013 9108 1
6013 9695 1
6013 9788 1
6013 13099 1
6013 13280 1
6013 14308 1
6013 18635 1
6336 2134 1
6336 3076 1
6336 3357 1
6336 6913 1
6336 6985 1
6336 8123 1
6336 8330 1
6336 8975 1
6336 9708 1
6336 10099 1
6336 11160 1
6336 11621 1
6336 13271 1
6336 27760 1
6639 563 1
6639 2134 1
6639 5015 1
6639 6013 1
6639 6660 1
6639 7625 1
6639 8910 1
6639 9108 1
6639 9695 1
6639 9788 1
6639 13099 1
6639 13280 1
6639 14308 1
6639 18635 1
6660 563 1
6660 2134 1
6660 3081 1
6660 5015 1
6660 6013 1
6660 6639 1
6660 7625 1
6660 8910 1
6660 9108 1
6660 9695 1
6660 9712 1
6660 9788 1
6660 10401 1
6660 13099 1
6660 13280 1
6660 14308 1
6660 18635 1
6985 2134 1
6985 6336 1
6985 6913 1
6985 8123 1
6985 8330 1
6985 8975 1
6985 10099 1
6985 11160 1
6985 11621 1
7321 662 2
7321 2134 1
7321 3357 1
7321 3486 3
7321 4925 2
7321 4929 3
7321 5969 2
7321 5970 2
7321 5972 1
7321 7322 5
7321 7323 8
7321 7324 4
7321 7346 1
7321 7768 3
7321 8449 2
7321 8450 3
7322 662 2
7322 2134 1
7322 3486 2
7322 3702 1
7322 4925 2
7322 4929 2
7322 5969 2
7322 5970 2
7322 5972 1
7322 7321 5
7322 7323 5
7322 7324 3
7322 7346 1
7322 7768 3
7322 8449 2
7322 8450 2
7322 9990 1
7322 13167 1
7323 662 2
7323 2134 1
7323 3357 1
7323 3486 3
7323 4925 3
7323 4929 3
7323 5969 2
7323 5970 2
7323 5972 1
7323 7321 8
7323 7322 5
7323 7324 5
7323 7346 1
7323 7768 4
7323 8449 3
7323 8450 3
7323 10067 1
7324 662 3
7324 910 1
7324 2134 1
7324 3357 1
7324 3486 4
7324 3604 1
7324 3702 2
7324 4925 2
7324 4929 3
7324 5969 3
7324 5970 1
7324 5972 1
7324 6050 1
7324 6153 1
7324 7321 4
7324 7322 3
7324 7323 5
7324 7346 1
7324 7768 6
7324 8040 1
7324 8449 5
7324 8450 6
7324 8543 1
7324 9522 1
7324 13167 1
7324 124138 1
7346 662 1
7346 2134 1
7346 3486 1
7346 4925 1
7346 4929 1
7346 5969 1
7346 5970 1
7346 5972 1
7346 7321 1
7346 7322 1
7346 7323 1
7346 7324 1
7346 7345 1
7346 7768 1
7346 8449 1
7346 8450 1
7346 9708 1
7625 563 1
7625 2134 1
7625 5015 1
7625 6013 1
7625 6639 1
7625 6660 1
7625 8910 1
7625 9108 1
7625 9695 1
7625 9788 1
7625 12030 1
7625 13099 1
7625 13280 1
7625 13483 1
7625 14308 1
7625 18635 1
7768 662 3
7768 1707 1
7768 2134 1
7768 3357 1
7768 3486 4
7768 3604 1
7768 3702 1
7768 4925 1
7768 4929 3
7768 5969 1
7768 5970 1
7768 5972 1
7768 7321 3
7768 7322 3
7768 7323 4
7768 7324 6
7768 7346 1
7768 7409 1
7768 8270 1
7768 8271 1
7768 8272 1
7768 8449 7
7768 8450 4
7768 9990 1
7768 10067 1
7768 10629 1
7768 13167 1
7768 13274 1
7768 126729 1
7768 126730 1
8123 2134 1
8123 6336 1
8123 6913 1
8123 6985 1
8123 8330 1
8123 8975 1
8123 9695 1
8123 10099 1
8123 11160 1
8123 11621 1
8330 2134 1
8330 4914 1
8330 6336 1
8330 6913 1
8330 6985 1
8330 8123 1
8330 8450 1
8330 8975 1
8330 10099 1
8330 11160 1
8330 11621 1
8449 662 3
8449 2134 1
8449 3486 4
8449 3604 1
8449 3702 1
8449 4925 1
8449 4929 3
8449 5015 1
8449 5667 1
8449 5969 1
8449 5970 1
8449 5972 1
8449 7321 2
8449 7322 2
8449 7323 3
8449 7324 5
8449 7346 1
8449 7768 7
8449 8450 5
8449 10629 1
8449 13167 1
8450 662 3
8450 2134 1
8450 3357 1
8450 3486 2
8450 3702 1
8450 4914 1
8450 4925 2
8450 4929 3
8450 5969 2
8450 5970 1
8450 5972 1
8450 7321 3
8450 7322 2
8450 7323 3
8450 7324 6
8450 7346 1
8450 7768 4
8450 8330 1
8450 8449 5
8450 13167 1
8450 124138 1
8910 563 1
8910 2134 1
8910 5015 1
8910 6013 1
8910 6639 1
8910 6660 1
8910 7625 1
8910 8912 1
8910 9108 1
8910 9695 1
8910 9788 1
8910 13099 1
8910 13280 1
8910 14308 1
8910 18635 1
8975 2134 1
8975 3076 1
8975 3110 1
8975 4902 1
8975 6336 1
8975 6913 1
8975 6985 1
8975 8123 1
8975 8330 1
8975 10099 1
8975 11160 1
8975 11621 1
9108 563 1
9108 2134 1
9108 5015 1
9108 6013 1
9108 6639 1
9108 6660 1
9108 7625 1
9108 8910 1
9108 9541 1
9108 9695 2
9108 9788 1
9108 13099 1
9108 13280 1
9108 14308 1
9108 18635 1
9695 563 1
9695 1423 1
9695 2134 1
9695 2998 1
9695 5015 1
9695 6013 1
9695 6639 1
9695 6660 1
9695 7625 1
9695 7774 1
9695 8123 1
9695 8793 1
9695 8910 1
9695 9108 2
9695 9541 1
9695 9788 1
9695 13099 1
9695 13280 1
9695 14308 1
9695 18635 1
9788 563 1
9788 2134 1
9788 5015 1
9788 6013 1
9788 6639 1
9788 6660 1
9788 7625 1
9788 8910 1
9788 9108 1
9788 9695 1
9788 13099 1
9788 13280 1
9788 14308 1
9788 18635 1
10099 2134 1
10099 6336 1
10099 6913 2
10099 6985 1
10099 8123 1
10099 8330 1
10099 8975 1
10099 11160 1
10099 11621 1
11160 618 1
11160 2134 1
11160 3081 1
11160 6336 1
11160 6913 1
11160 6985 1
11160 8123 1
11160 8224 1
11160 8330 1
11160 8975 1
11160 9134 1
11160 10099 1
11160 11621 1
11160 13527 1
11160 16581 1
13099 563 1
13099 2134 1
13099 2222 1
13099 3284 1
13099 5015 1
13099 6013 1
13099 6639 1
13099 6660 1
13099 7625 1
13099 8910 1
13099 8934 1
13099 9108 1
13099 9695 1
13099 9788 1
13099 12108 1
13099 12912 1
13099 13280 1
13099 14308 1
13099 14445 1
13099 18635 1
13280 563 1
13280 2134 1
13280 5015 1
13280 6013 1
13280 6639 1
13280 6660 1
13280 7625 1
13280 8910 1
13280 9108 1
13280 9695 1
13280 9788 1
13280 9990 1
13280 11968 1
13280 13099 1
13280 14308 1
13280 18635 1
18635 563 1
18635 1943 1
18635 2134 1
18635 2998 1
18635 5015 1
18635 6013 1
18635 6639 1
18635 6660 1
18635 7372 1
18635 7625 1
18635 8910 1
18635 9108 1
18635 9406 1
18635 9695 1
18635 9788 1
18635 13099 1
18635 13280 1
18635 14308 1
18635 18636 1
124613 2134 1
124613 5572 1
124613 126718 1
124613 126727 1
421 2085 1
421 2441 1
421 3963 1
421 4413 1
421 6617 1
421 8199 1
421 9778 1
421 11736 1
421 14352 1
421 14452 1
421 14460 1
421 14731 1
1483 2441 1
1483 3316 1
1483 6842 1
1597 2441 1
1597 7427 1
1597 14147 1
1597 14777 1
1597 15379 1
1597 17317 1
1597 19656 1
1597 23529 1
2085 421 1
2085 2441 1
2085 3963 1
2085 4413 1
2085 6617 1
2085 8199 1
2085 9778 1
2085 11736 1
2085 14352 1
2085 14452 1
2085 14460 1
2085 14731 1
3316 1483 1
3316 2441 1
3316 6842 1
3963 421 1
3963 2085 1
3963 2441 1
3963 4413 1
3963 6617 1
3963 8199 1
3963 9778 1
3963 11736 1
3963 14352 1
3963 14452 1
3963 14460 1
3963 14731 1
4413 421 1
4413 2085 1
4413 2441 1
4413 3963 1
4413 6617 1
4413 8199 1
4413 9778 1
4413 11736 1
4413 14352 1
4413 14452 1
4413 14460 1
4413 14731 1
6572 2441 1
6572 10684 1
6617 421 1
6617 2085 1
6617 2441 1
6617 3963 1
6617 4413 1
6617 8199 1
6617 9778 1
6617 11736 1
6617 14352 1
6617 14452 1
6617 14460 1
6617 14731 1
6842 1483 1
6842 2441 1
6842 2998 1
6842 3316 1
7427 1597 1
7427 2441 1
7427 14147 1
7427 14675 1
7427 14777 1
7427 15379 1
7427 17317 1
7427 19656 1
7427 23529 1
8199 421 1
8199 2085 1
8199 2441 1
8199 3963 1
8199 4413 1
8199 4954 1
8199 6617 1
8199 9778 1
8199 11736 1
8199 14352 1
8199 14452 1
8199 14460 1
8199 14731 1
9778 421 1
9778 2085 1
9778 2441 1
9778 3963 1
9778 4413 1
9778 6617 1
9778 8199 1
9778 11736 1
9778 14352 1
9778 14452 1
9778 14460 1
9778 14731 1
11736 421 1
11736 2085 1
11736 2441 1
11736 3963 1
11736 4413 1
11736 6617 1
11736 8199 1
11736 9778 1
11736 14352 1
11736 14452 1
11736 14460 1
11736 14731 1
14147 1597 1
14147 2441 1
14147 7427 1
14147 14777 1
14147 15379 1
14147 17317 1
14147 19656 1
14147 23529 1
14352 421 1
14352 1391 1
14352 2085 1
14352 2441 1
14352 3963 1
14352 4413 1
14352 6617 1
14352 7952 1
14352 8199 1
14352 9778 1
14352 11736 1
14352 12711 1
14352 14452 1
14352 14460 1
14352 14731 1
14452 421 1
14452 2085 1
14452 2441 1
14452 3963 1
14452 4413 1
14452 6617 1
14452 8199 1
14452 9778 1
14452 11736 1
14452 14352 1
14452 14460 1
14452 14731 1
14460 421 1
14460 2085 1
14460 2441 1
14460 3963 1
14460 4413 1
14460 6617 1
14460 8199 1
14460 9778 1
14460 11736 1
14460 14352 1
14460 14452 1
14460 14731 1
14731 421 1
14731 2085 1
14731 2441 1
14731 3963 1
14731 4413 1
14731 6617 1
14731 8199 1
14731 9778 1
14731 11736 1
14731 14352 1
14731 14452 1
14731 14460 1
14731 15429 1
14777 1597 1
14777 2441 1
14777 7427 1
14777 14147 1
14777 15379 1
14777 17317 1
14777 19656 1
14777 23529 1
15379 1597 1
15379 2441 1
15379 7427 1
15379 14147 1
15379 14777 1
15379 17317 1
15379 19656 1
15379 23529 1
17317 1597 1
17317 2441 1
17317 7427 1
17317 14147 1
17317 14777 1
17317 14811 1
17317 15379 1
17317 19656 1
17317 23529 1
19656 1597 1
19656 2441 1
19656 7427 1
19656 14147 1
19656 14777 1
19656 15379 1
19656 17317 1
19656 23529 1
23529 1597 1
23529 2441 1
23529 7427 1
23529 14147 1
23529 14777 1
23529 15379 1
23529 17317 1
23529 19656 1
3285 2585 1
3285 4132 1
3285 25300 1
3900 2585 1
3900 4199 1
3900 8704 1
3900 10401 1
3900 10406 1
3900 16099 1
4132 2585 1
4132 3285 1
4132 25300 1
4132 88002 1
4623 2585 1
4623 7117 1
4623 7119 1
4623 7120 1
4623 17904 1
4623 17956 1
7117 2585 1
7117 4623 1
7117 7119 2
7117 7120 2
7117 17904 1
7119 2585 1
7119 4623 1
7119 7117 2
7119 7120 2
7119 9201 1
7119 13167 1
7119 17904 1
7120 2585 1
7120 4623 1
7120 7117 2
7120 7119 2
7120 17904 1
10401 901 1
10401 2585 1
10401 3900 1
10401 6660 1
10401 10406 2
10401 16099 1
10401 17956 1
10406 2585 1
10406 3900 1
10406 10401 2
10406 16099 1
16099 2585 1
16099 3900 1
16099 10401 1
16099 10406 1
17904 2585 1
17904 4623 1
17904 7117 1
17904 7119 1
17904 7120 1
17904 10302 1
25300 2585 1
25300 3285 1
25300 4132 1
11765 7317 1
377 941 1
377 1390 1
377 2237 1
377 6698 1
377 6894 1
377 8180 1
377 8780 1
377 8922 1
377 8934 1
377 13323 1
377 13361 1
377 13853 1
377 15429 1
377 15582 1
377 21298 1
941 377 1
941 1390 1
941 2237 1
941 6698 1
941 6894 1
941 8180 1
941 8780 1
941 8922 1
941 8934 1
941 13323 1
941 13361 1
941 13853 1
941 15429 1
941 15582 1
941 21298 1
1390 377 1
1390 941 1
1390 2237 1
1390 6698 1
1390 6894 1
1390 8180 1
1390 8780 1
1390 8922 1
1390 8934 1
1390 13323 1
1390 13361 1
1390 13853 1
1390 15429 1
1390 15582 1
1390 21298 1
2237 377 1
2237 941 1
2237 1390 1
2237 6698 1
2237 6894 1
2237 8180 1
2237 8780 1
2237 8922 1
2237 8934 1
2237 13323 1
2237 13361 1
2237 13853 1
2237 15429 1
2237 15582 1
2237 21298 1
5238 7182 1
5238 7452 1
5238 7588 1
5238 7699 1
5238 8058 1
5238 8180 1
5238 9648 1
5238 10684 1
5238 10685 1
5238 11060 1
5238 12558 1
5238 13140 1
5238 14380 1
5238 20007 1
5238 22936 1
5991 7019 1
5991 8180 1
5991 8181 1
5991 14479 1
5991 14675 1
6698 377 1
6698 941 1
6698 1390 1
6698 2237 1
6698 6894 1
6698 8180 1
6698 8780 1
6698 8922 1
6698 8934 1
6698 13323 1
6698 13361 1
6698 13853 1
6698 15429 1
6698 15582 1
6698 21298 1
6894 377 1
6894 941 1
6894 1390 1
6894 2237 1
6894 6698 1
6894 8180 1
6894 8780 1
6894 8922 1
6894 8934 1
6894 13323 1
6894 13361 1
6894 13853 1
6894 15429 1
6894 15582 1
6894 21298 1
7019 5991 1
7019 8180 1
7019 8181 1
7019 14479 1
7019 14675 1
7182 5238 1
7182 7452 1
7182 7588 1
7182 7699 1
7182 8058 1
7182 8180 1
7182 9648 1
7182 10684 1
7182 10685 1
7182 11060 1
7182 12558 1
7182 13140 1
7182 14380 1
7182 20007 1
7182 22936 1
7452 5238 1
7452 7182 1
7452 7588 1
7452 7699 1
7452 8058 1
7452 8180 1
7452 9648 1
7452 10684 1
7452 10685 1
7452 11060 1
7452 12558 1
7452 13140 1
7452 14380 1
7452 20007 1
7452 22936 1
7588 5238 1
7588 7182 1
7588 7452 1
7588 7699 1
7588 8058 1
7588 8180 1
7588 9648 1
7588 10684 1
7588 10685 1
7588 11060 1
7588 12558 1
7588 13140 1
7588 14380 1
7588 19299 1
7588 20007 1
7588 22936 1
7699 5238 1
7699 7182 1
7699 7452 1
7699 7588 1
7699 8058 1
7699 8180 1
7699 9648 1
7699 10684 1
7699 10685 1
7699 11060 1
7699 12558 1
7699 13140 1
7699 14380 1
7699 20007 1
7699 22936 1
8058 5238 1
8058 7182 1
8058 7452 1
8058 7513 1
8058 7588 1
8058 7699 1
8058 8180 1
8058 9648 1
8058 10684 1
8058 10685 1
8058 11060 1
8058 12558 1
8058 13140 1
8058 13155 1
8058 14205 1
8058 14380 1
8058 16646 1
8058 20007 1
8058 22936 1
8181 5991 1
8181 7019 1
8181 8180 1
8181 14479 1
8181 14675 1
8780 377 1
8780 941 1
8780 1390 1
8780 2237 1
8780 6698 1
8780 6894 1
8780 8180 1
8780 8922 1
8780 8934 1
8780 13323 1
8780 13361 1
8780 13853 1
8780 15429 1
8780 15582 1
8780 21298 1
8922 377 1
8922 593 1
8922 941 1
8922 1390 1
8922 2237 1
8922 6698 1
8922 6894 1
8922 8180 1
8922 8780 1
8922 8934 1
8922 13323 1
8922 13361 1
8922 13853 1
8922 14331 1
8922 15429 1
8922 15582 1
8922 21298 1
8934 377 1
8934 941 1
8934 1390 1
8934 2237 1
8934 6698 1
8934 6894 1
8934 8180 1
8934 8755 1
8934 8780 1
8934 8922 1
8934 11247 1
8934 12108 1
8934 12318 1
8934 13099 1
8934 13323 1
8934 13361 1
8934 13700 1
8934 13853 1
8934 15429 1
8934 15582 1
8934 19851 1
8934 21298 1
9648 5238 1
9648 7182 1
9648 7452 1
9648 7588 1
9648 7699 1
9648 8058 1
9648 8180 1
9648 10684 1
9648 10685 1
9648 11060 1
9648 12558 1
9648 13140 1
9648 14380 1
9648 20007 1
9648 22936 1
10684 5238 1
10684 6572 1
10684 7182 1
10684 7452 1
10684 7588 1
10684 7699 1
10684 8058 1
10684 8180 1
10684 9648 1
10684 10685 1
10684 11060 1
10684 12558 1
10684 13140 1
10684 14380 1
10684 20007 1
10684 22936 1
10685 5238 1
10685 7182 1
10685 7452 1
10685 7588 1
10685 7699 1
10685 8058 1
10685 8180 1
10685 9648 1
10685 10684 1
10685 11060 1
10685 12558 1
10685 13140 1
10685 14380 1
10685 20007 1
10685 22936 1
11060 5238 1
11060 7182 1
11060 7452 1
11060 7588 1
11060 7699 1
11060 8058 1
11060 8180 1
11060 9648 1
11060 10684 1
11060 10685 1
11060 11043 1
11060 11063 1
11060 12558 1
11060 13070 1
11060 13140 1
11060 13552 1
11060 14380 1
11060 20007 1
11060 20947 1
11060 22936 1
12558 462 1
12558 1444 1
12558 5238 1
12558 7182 1
12558 7452 1
12558 7588 1
12558 7699 1
12558 8058 1
12558 8180 1
12558 9648 1
12558 10684 1
12558 10685 1
12558 11060 1
12558 13140 1
12558 14380 1
12558 20007 1
12558 22936 1
13140 5238 1
13140 7182 1
13140 7452 1
13140 7588 1
13140 7699 1
13140 8058 1
13140 8180 1
13140 9648 1
13140 10684 1
13140 10685 1
13140 11060 1
13140 12558 1
13140 14380 1
13140 20007 1
13140 22936 1
13323 377 1
13323 941 1
13323 1390 1
13323 2237 1
13323 6698 1
13323 6894 1
13323 8180 1
13323 8780 1
13323 8922 1
13323 8934 1
13323 13361 1
13323 13853 1
13323 15429 1
13323 15582 1
13323 21298 1
13361 377 1
13361 941 1
13361 1390 1
13361 2237 1
13361 6698 1
13361 6894 1
13361 8180 1
13361 8780 1
13361 8922 1
13361 8934 1
13361 13323 1
13361 13853 1
13361 15429 1
13361 15582 1
13361 19162 1
13361 21298 1
13853 377 1
13853 941 1
13853 1390 1
13853 2237 1
13853 6698 1
13853 6894 1
13853 8180 1
13853 8780 1
13853 8922 1
13853 8934 1
13853 13323 1
13853 13361 1
13853 15429 1
13853 15582 1
13853 21298 1
14380 5238 1
14380 7182 1
14380 7452 1
14380 7588 1
14380 7699 1
14380 8058 1
14380 8180 1
14380 9648 1
14380 10684 1
14380 10685 1
14380 11060 1
14380 12558 1
14380 13140 1
14380 20007 1
14380 22936 1
14479 3630 1
14479 5991 1
14479 6858 1
14479 7019 1
14479 7021 1
14479 8180 1
14479 8181 1
14479 14675 1
14675 5991 1
14675 7019 1
14675 7427 1
14675 8180 1
14675 8181 1
14675 14479 1
15429 377 1
15429 941 1
15429 1390 1
15429 2237 1
15429 6698 1
15429 6894 1
15429 8180 1
15429 8780 1
15429 8922 1
15429 8934 1
15429 13323 1
15429 13361 1
15429 13853 1
15429 14731 1
15429 15582 1
15429 21298 1
15582 377 1
15582 941 1
15582 1390 1
15582 2237 1
15582 6698 1
15582 6894 1
15582 8180 1
15582 8780 1
15582 8922 1
15582 8934 1
15582 13323 1
15582 13361 1
15582 13853 1
15582 15429 1
15582 21298 1
20007 5238 1
20007 7182 1
20007 7452 1
20007 7588 1
20007 7699 1
20007 8058 1
20007 8180 1
20007 9648 1
20007 10684 1
20007 10685 1
20007 11060 1
20007 12558 1
20007 13140 1
20007 14380 1
20007 22936 1
21298 377 1
21298 941 1
21298 1390 1
21298 2237 1
21298 6698 1
21298 6894 1
21298 8180 1
21298 8780 1
21298 8922 1
21298 8934 1
21298 13323 1
21298 13361 1
21298 13853 1
21298 14407 5
21298 15429 1
21298 15582 1
21298 15878 1
22936 5238 1
22936 7182 1
22936 7452 1
22936 7588 1
22936 7699 1
22936 8058 1
22936 8180 1
22936 9648 1
22936 10684 1
22936 10685 1
22936 11060 1
22936 12558 1
22936 13140 1
22936 14380 1
22936 20007 1
832 3110 1
832 8304 1
832 8523 1
832 11964 1
991 584 1
991 1986 1
991 3081 1
991 4914 1
991 5867 1
991 6148 1
991 7133 1
991 7134 1
991 8523 1
991 8728 1
991 8945 1
991 13167 1
991 13200 1
991 14085 1
991 17735 1
991 19162 1
1986 991 1
1986 3081 1
1986 4914 1
1986 5412 1
1986 5867 1
1986 6148 1
1986 7133 1
1986 7134 1
1986 8523 1
1986 8728 1
1986 8945 1
1986 13167 1
1986 13200 1
1986 14308 1
2104 8289 1
2104 8520 1
2104 8522 1
2104 8523 1
2104 8524 1
2104 8525 1
2104 8526 1
2104 8527 1
2104 9515 1
3081 991 1
3081 1986 1
3081 4914 1
3081 5867 1
3081 6148 1
3081 6660 1
3081 7133 1
3081 7134 1
3081 8523 1
3081 8728 1
3081 8945 1
3081 9712 1
3081 11160 1
3081 13167 1
3081 13200 1
3081 16581 1
3110 832 1
3110 3076 1
3110 4902 1
3110 8304 1
3110 8523 1
3110 8975 1
3110 11628 1
3110 11964 1
3110 16081 1
4914 991 1
4914 1986 1
4914 3081 1
4914 5867 1
4914 6148 1
4914 7133 1
4914 7134 1
4914 8330 1
4914 8450 1
4914 8523 1
4914 8728 1
4914 8945 1
4914 13167 1
4914 13200 1
5867 991 1
5867 1950 1
5867 1986 1
5867 3081 1
5867 4914 1
5867 6148 1
5867 6170 1
5867 7133 1
5867 7134 1
5867 8523 1
5867 8728 1
5867 8945 1
5867 11247 1
5867 13016 1
5867 13167 1
5867 13200 1
6148 991 1
6148 1986 1
6148 3081 1
6148 4914 1
6148 5867 1
6148 7133 1
6148 7134 1
6148 8523 1
6148 8728 1
6148 8945 1
6148 9938 1
6148 13167 1
6148 13200 1
7133 991 1
7133 1986 1
7133 3081 1
7133 4914 1
7133 5867 1
7133 6148 1
7133 7134 1
7133 8523 1
7133 8728 1
7133 8945 1
7133 13167 1
7133 13200 1
7134 991 1
7134 1986 1
7134 3081 1
7134 4914 1
7134 5867 1
7134 6148 1
7134 7133 1
7134 8523 1
7134 8728 1
7134 8945 1
7134 10142 1
7134 10145 1
7134 13167 1
7134 13200 1
8289 2104 1
8289 8520 1
8289 8522 1
8289 8523 1
8289 8524 1
8289 8525 1
8289 8526 1
8289 8527 1
8289 9515 1
8304 832 1
8304 3110 1
8304 8523 1
8304 11964 1
8520 2104 1
8520 3435 1
8520 8289 1
8520 8522 1
8520 8523 1
8520 8524 1
8520 8525 1
8520 8526 1
8520 8527 1
8520 9515 1
8522 2104 1
8522 8289 1
8522 8520 1
8522 8523 1
8522 8524 1
8522 8525 1
8522 8526 1
8522 8527 1
8522 9515 1
8524 2104 1
8524 8289 1
8524 8520 1
8524 8522 1
8524 8523 1
8524 8525 1
8524 8526 1
8524 8527 1
8524 9515 1
8525 1036 1
8525 2104 1
8525 8289 1
8525 8351 1
8525 8520 1
8525 8522 1
8525 8523 1
8525 8524 1
8525 8526 1
8525 8527 1
8525 9515 1
8526 2104 1
8526 8289 1
8526 8520 1
8526 8522 1
8526 8523 1
8526 8524 1
8526 8525 1
8526 8527 1
8526 9515 1
8527 2104 1
8527 8289 1
8527 8520 1
8527 8522 1
8527 8523 1
8527 8524 1
8527 8525 1
8527 8526 1
8527 9515 1
8728 991 1
8728 1986 1
8728 3081 1
8728 4914 1
8728 5867 1
8728 6148 1
8728 7133 1
8728 7134 1
8728 8523 1
8728 8945 1
8728 13167 1
8728 13200 1
8945 991 1
8945 1986 1
8945 3081 1
8945 4914 1
8945 5867 1
8945 6148 1
8945 7133 1
8945 7134 1
8945 8523 1
8945 8728 1
8945 8931 1
8945 13167 1
8945 13200 1
9515 2104 1
9515 8289 1
9515 8520 1
9515 8522 1
9515 8523 1
9515 8524 1
9515 8525 1
9515 8526 1
9515 8527 1
9515 13483 1
11964 832 1
11964 3110 1
11964 8304 1
11964 8523 1
11964 11104 1
13167 662 1
13167 991 1
13167 1986 1
13167 3081 1
13167 3702 1
13167 4914 1
13167 5867 1
13167 6148 1
13167 7119 1
13167 7133 1
13167 7134 1
13167 7322 1
13167 7324 1
13167 7768 1
13167 8449 1
13167 8450 1
13167 8523 1
13167 8728 1
13167 8945 1
13167 9201 1
13167 13200 1
13200 991 1
13200 1986 1
13200 3081 1
13200 4914 1
13200 5867 1
13200 6148 1
13200 7133 1
13200 7134 1
13200 8429 1
13200 8523 1
13200 8728 1
13200 8945 1
13200 8973 1
13200 9508 1
13200 11203 1
13200 13167 1
1580 1954 1
1580 1959 1
1580 2201 1
1580 8156 1
1580 8653 1
1580 8980 1
1580 10126 1
1580 11835 1
1580 12103 1
1580 12310 1
1580 15985 1
1580 16581 1
1954 1580 1
1954 1959 1
1954 2201 1
1954 8156 1
1954 8653 1
1954 8980 1
1954 10085 1
1954 10126 1
1954 12103 1
1954 12310 1
1954 15985 1
1954 16581 1
1959 1580 1
1959 1954 1
1959 2201 1
1959 8156 1
1959 8653 1
1959 8980 1
1959 10126 1
1959 12103 1
1959 12310 1
1959 15985 1
1959 16581 1
2149 2141 1
2149 8980 1
2149 11858 1
2201 1580 1
2201 1954 1
2201 1959 1
2201 8156 1
2201 8653 1
2201 8980 1
2201 10126 1
2201 12103 1
2201 12310 1
2201 15985 1
2201 16581 1
2201 17956 1
3561 5413 1
3561 7646 1
3561 8545 1
3561 8980 1
3561 9270 1
3561 9272 1
3561 10922 1
7646 3561 1
7646 8109 1
7646 8545 1
7646 8980 1
7646 9270 1
7646 9272 1
7646 10148 1
7646 10922 1
7646 11612 1
7646 11613 1
8156 1580 1
8156 1954 1
8156 1959 1
8156 2201 1
8156 5966 1
8156 6153 1
8156 8653 1
8156 8980 1
8156 10126 1
8156 12103 1
8156 12310 1
8156 13195 1
8156 15985 1
8156 16581 1
8545 3561 1
8545 7646 1
8545 8543 1
8545 8980 1
8545 9270 1
8545 9272 1
8545 10922 1
8653 1580 1
8653 1954 1
8653 1959 1
8653 2201 1
8653 5787 1
8653 8156 1
8653 8980 1
8653 10126 1
8653 12103 1
8653 12105 1
8653 12310 2
8653 15985 1
8653 16581 1
9270 3359 1
9270 3561 1
9270 7646 1
9270 8545 1
9270 8980 1
9270 9272 1
9270 9712 1
9270 10922 1
9270 12318 1
9272 3561 1
9272 7646 1
9272 8545 1
9272 8980 1
9272 9270 1
9272 10922 1
10126 1580 1
10126 1954 1
10126 1959 1
10126 2201 1
10126 8156 1
10126 8653 1
10126 8980 1
10126 12103 1
10126 12310 1
10126 15985 1
10126 16581 1
10922 3561 1
10922 7646 1
10922 8545 1
10922 8980 1
10922 9270 1
10922 9272 1
11247 1950 1
11247 5867 1
11247 8934 1
11247 8980 1
11858 2141 1
11858 2149 1
11858 5667 1
11858 8980 1
11858 11763 1
12103 1580 1
12103 1954 1
12103 1959 1
12103 2201 1
12103 8156 1
12103 8653 1
12103 8980 1
12103 10126 1
12103 12310 1
12103 15985 1
12103 16581 1
12310 1580 1
12310 1954 1
12310 1959 1
12310 2201 1
12310 5787 1
12310 8156 1
12310 8653 2
12310 8980 1
12310 10126 1
12310 12030 1
12310 12103 1
12310 15985 1
12310 16581 1
15985 1580 1
15985 1954 1
15985 1959 1
15985 2201 1
15985 8156 1
15985 8653 1
15985 8980 1
15985 10126 1
15985 12103 1
15985 12310 1
15985 15986 1
15985 16581 1
16581 1580 1
16581 1954 1
16581 1959 1
16581 2201 1
16581 3081 1
16581 8156 1
16581 8653 1
16581 8980 1
16581 9990 1
16581 10126 1
16581 11160 1
16581 12103 1
16581 12310 1
16581 15985 1
1423 1949 1
1423 1950 1
1423 1971 1
1423 2907 1
1423 2998 1
1423 3732 1
1423 3965 1
1423 4370 1
1423 5666 1
1423 6331 1
1423 7049 1
1423 7774 2
1423 7780 1
1423 7781 1
1423 8793 2
1423 8973 1
1423 9281 1
1423 9509 1
1423 9689 1
1423 9695 1
1423 10076 1
1423 10148 1
1423 11161 1
1423 11621 1
1423 11845 1
1423 12936 1
1423 15878 1
1423 15986 1
1423 17956 1
1949 1423 1
1949 1971 1
1949 5666 1
1949 7049 1
1949 7774 1
1949 7780 1
1949 7781 1
1949 9509 1
1949 9689 1
1949 10076 1
1949 11161 1
1949 11845 1
1949 12936 1
1949 15878 1
1949 15986 1
1971 1423 1
1971 1949 1
1971 5666 1
1971 7049 1
1971 7774 1
1971 7780 1
1971 7781 1
1971 9509 1
1971 9689 1
1971 10076 1
1971 11161 1
1971 11845 1
1971 12936 1
1971 15878 1
1971 15986 1
2271 4425 1
2271 4426 1
2271 6170 1
2271 8351 1
2271 8356 1
2271 8363 1
2271 8930 1
2271 9508 1
2271 9509 1
2271 9532 1
2271 9915 1
2271 10142 1
2271 10145 1
2271 11835 2
4425 2271 1
4425 4426 1
4425 6170 1
4425 8351 1
4425 8356 1
4425 8363 1
4425 9508 1
4425 9509 1
4425 9532 1
4425 10142 1
4425 10145 1
4426 2271 1
4426 4425 1
4426 6170 1
4426 8351 1
4426 8356 1
4426 8363 1
4426 9508 1
4426 9509 1
4426 9532 1
4426 10142 1
4426 10145 1
5666 1423 1
5666 1949 1
5666 1971 1
5666 7049 1
5666 7774 1
5666 7780 1
5666 7781 1
5666 8347 1
5666 8973 1
5666 9509 1
5666 9689 1
5666 10076 2
5666 11161 2
5666 11845 1
5666 12936 1
5666 15878 1
5666 15986 1
6170 2271 1
6170 4425 1
6170 4426 1
6170 5867 1
6170 8351 1
6170 8356 1
6170 8363 1
6170 9508 1
6170 9509 1
6170 9532 1
6170 10076 1
6170 10142 1
6170 10145 1
6170 14308 1
7049 1423 1
7049 1949 1
7049 1971 1
7049 5666 1
7049 7774 2
7049 7780 1
7049 7781 1
7049 9509 1
7049 9689 1
7049 10076 1
7049 11161 1
7049 11845 1
7049 12936 1
7049 15878 1
7049 15986 1
7774 1423 2
7774 1949 1
7774 1971 1
7774 2998 1
7774 5666 1
7774 7049 2
7774 7780 1
7774 7781 1
7774 8793 1
7774 9509 1
7774 9689 1
7774 9695 1
7774 10076 1
7774 11161 1
7774 11845 1
7774 12936 1
7774 15878 1
7774 15986 1
7780 1423 1
7780 1949 1
7780 1971 1
7780 5666 1
7780 7049 1
7780 7774 1
7780 7781 1
7780 9509 1
7780 9689 1
7780 10076 1
7780 11161 1
7780 11845 1
7780 12936 1
7780 15878 1
7780 15986 1
7781 1423 1
7781 1949 1
7781 1969 1
7781 1971 1
7781 5666 1
7781 7049 1
7781 7774 1
7781 7780 1
7781 9509 1
7781 9689 1
7781 10076 1
7781 11161 1
7781 11845 1
7781 12936 1
7781 15878 1
7781 15986 1
8351 2271 1
8351 4425 1
8351 4426 1
8351 6170 1
8351 8356 1
8351 8363 1
8351 8525 1
8351 9508 1
8351 9509 1
8351 9532 1
8351 10142 1
8351 10145 1
8356 2271 1
8356 4425 1
8356 4426 1
8356 6170 1
8356 8351 1
8356 8363 1
8356 9508 1
8356 9509 1
8356 9532 1
8356 10142 1
8356 10145 1
8363 1962 1
8363 2271 1
8363 4425 1
8363 4426 1
8363 5274 1
8363 6170 1
8363 8351 1
8363 8356 1
8363 9508 1
8363 9509 1
8363 9532 1
8363 10142 1
8363 10145 1
8363 12810 1
9508 2271 1
9508 4425 1
9508 4426 1
9508 6170 1
9508 8351 1
9508 8356 1
9508 8363 1
9508 9509 1
9508 9518 1
9508 9532 1
9508 9543 1
9508 9544 1
9508 10142 1
9508 10145 1
9508 11203 1
9508 13200 1
9508 13483 1
9532 662 1
9532 2271 1
9532 4425 1
9532 4426 1
9532 6170 1
9532 7619 1
9532 8351 1
9532 8356 1
9532 8363 1
9532 9508 1
9532 9509 1
9532 9540 1
9532 10142 1
9532 10145 1
9689 1423 1
9689 1949 1
9689 1971 1
9689 5666 1
9689 6050 1
9689 7049 1
9689 7774 1
9689 7780 1
9689 7781 1
9689 9509 1
9689 10076 1
9689 11161 1
9689 11845 1
9689 12936 1
9689 15878 1
9689 15986 1
10076 1423 1
10076 1949 1
10076 1971 1
10076 5666 2
10076 6170 1
10076 7049 1
10076 7774 1
10076 7780 1
10076 7781 1
10076 8347 1
10076 8973 1
10076 9509 1
10076 9689 1
10076 11161 2
10076 11845 1
10076 12936 1
10076 15878 1
10076 15986 1
10145 2271 1
10145 4425 1
10145 4426 1
10145 6170 1
10145 7134 1
10145 7999 2
10145 8351 1
10145 8356 1
10145 8363 1
10145 9508 1
10145 9509 1
10145 9532 1
10145 10142 3
11161 1423 1
11161 1949 1
11161 1971 1
11161 5666 2
11161 7049 1
11161 7774 1
11161 7780 1
11161 7781 1
11161 8347 1
11161 8973 1
11161 9509 1
11161 9689 1
11161 10076 2
11161 11845 1
11161 12936 1
11161 15878 1
11161 15986 1
11845 1423 1
11845 1949 1
11845 1971 1
11845 5666 1
11845 7049 1
11845 7774 1
11845 7780 1
11845 7781 1
11845 9509 1
11845 9689 1
11845 10076 1
11845 11161 1
11845 11835 1
11845 12936 1
11845 15878 1
11845 15986 1
11845 16585 1
12936 1423 1
12936 1949 1
12936 1971 1
12936 5666 1
12936 7049 1
12936 7774 1
12936 7780 1
12936 7781 1
12936 9509 1
12936 9689 1
12936 10076 1
12936 11161 1
12936 11845 1
12936 15878 1
12936 15986 1
15878 1423 1
15878 1949 1
15878 1971 1
15878 5666 1
15878 7049 1
15878 7774 1
15878 7780 1
15878 7781 1
15878 9509 1
15878 9689 1
15878 10076 1
15878 11161 1
15878 11845 1
15878 12936 1
15878 14407 1
15878 15986 1
15878 21298 1
15878 33956 1
15986 1423 1
15986 1949 1
15986 1971 1
15986 5666 1
15986 7049 1
15986 7774 1
15986 7780 1
15986 7781 1
15986 9509 1
15986 9689 1
15986 10076 1
15986 11161 1
15986 11845 1
15986 12936 1
15986 15878 1
15986 15985 1
910 3702 1
910 5966 1
910 6050 1
910 6153 1
910 7324 1
910 8040 1
910 8543 1
910 9522 1
3111 3912 1
3111 9522 1
3111 11093 1
3111 13483 1
3702 662 1
3702 910 1
3702 920 1
3702 6050 1
3702 6153 1
3702 7322 1
3702 7324 2
3702 7768 1
3702 8040 1
3702 8449 1
3702 8450 1
3702 8543 1
3702 9522 1
3702 13167 1
3872 9522 1
3872 12105 1
3872 13700 1
3872 14742 1
6050 910 1
6050 3364 1
6050 3374 1
6050 3702 1
6050 4139 1
6050 4618 1
6050 6153 1
6050 7324 1
6050 8040 1
6050 8110 1
6050 8543 1
6050 9522 1
6050 9689 1
6050 10148 1
6050 11203 1
6050 11613 1
6050 13556 1
6050 14614 1
6050 30148 1
6153 910 1
6153 3702 1
6153 5407 1
6153 5966 1
6153 6050 1
6153 6154 1
6153 6155 1
6153 6156 1
6153 6157 1
6153 6158 1
6153 7324 1
6153 8040 1
6153 8156 1
6153 8543 1
6153 9522 1
6153 127007 1
8040 910 1
8040 1033 1
8040 1034 1
8040 1035 1
8040 1036 1
8040 1370 1
8040 2817 1
8040 3550 1
8040 3552 1
8040 3553 1
8040 3554 1
8040 3555 1
8040 3556 1
8040 3702 1
8040 3973 1
8040 3976 1
8040 6050 1
8040 6153 1
8040 7324 1
8040 8041 1
8040 8543 1
8040 9522 1
8543 910 1
8543 3702 1
8543 6050 1
8543 6153 1
8543 7324 1
8543 8040 1
8543 8545 1
8543 9522 1
8666 8145 1
8666 9280 1
8666 9522 1
8666 9990 1
9280 8666 1
9280 9281 1
9280 9282 1
9280 9284 1
9280 9522 1
13483 2998 1
13483 3111 1
13483 5015 1
13483 7625 1
13483 9508 1
13483 9515 1
13483 9522 1
13483 13016 1
3076 3110 1
3076 3357 1
3076 4902 1
3076 6175 1
3076 6336 1
3076 8975 1
3076 9710 1
3076 11382 1
3076 13271 1
3076 27760 1
4219 5965 1
4219 5993 2
4219 8461 1
4219 9300 1
4219 9434 1
4219 9701 2
4219 9706 1
4219 9707 1
4219 9708 1
4219 9709 1
4219 9710 1
4219 9711 1
4219 9712 1
4219 11234 1
5965 4219 1
5965 5993 1
5965 8461 1
5965 9300 1
5965 9434 1
5965 9701 1
5965 9706 1
5965 9707 1
5965 9708 1
5965 9709 1
5965 9710 1
5965 9711 1
5965 9712 1
5965 11234 1
5993 4219 2
5993 5965 1
5993 8461 1
5993 9300 1
5993 9434 1
5993 9701 3
5993 9706 1
5993 9707 1
5993 9708 1
5993 9709 1
5993 9710 1
5993 9711 1
5993 9712 1
5993 11234 1
8461 4219 1
8461 5965 1
8461 5993 1
8461 9300 1
8461 9434 1
8461 9701 1
8461 9706 1
8461 9707 1
8461 9708 1
8461 9709 1
8461 9710 1
8461 9711 1
8461 9712 1
8461 11234 1
9300 4219 1
9300 5965 1
9300 5993 1
9300 8461 1
9300 9434 1
9300 9701 1
9300 9706 1
9300 9707 1
9300 9708 1
9300 9709 1
9300 9710 1
9300 9711 1
9300 9712 1
9300 11234 1
9434 4219 1
9434 5965 1
9434 5993 1
9434 8461 1
9434 9300 1
9434 9701 1
9434 9706 1
9434 9707 1
9434 9708 1
9434 9709 1
9434 9710 1
9434 9711 1
9434 9712 1
9434 11234 1
9701 4219 2
9701 5965 1
9701 5993 3
9701 8461 1
9701 9300 1
9701 9434 1
9701 9706 1
9701 9707 1
9701 9708 1
9701 9709 1
9701 9710 1
9701 9711 1
9701 9712 1
9701 11234 1
9706 4219 1
9706 5965 1
9706 5993 1
9706 8461 1
9706 9300 1
9706 9434 1
9706 9701 1
9706 9707 1
9706 9708 1
9706 9709 1
9706 9710 1
9706 9711 1
9706 9712 1
9706 11234 1
9707 4219 1
9707 5965 1
9707 5993 1
9707 8461 1
9707 9300 1
9707 9434 1
9707 9701 1
9707 9706 1
9707 9708 1
9707 9709 1
9707 9710 1
9707 9711 2
9707 9712 1
9707 11234 1
9708 4219 1
9708 5965 1
9708 5993 1
9708 6332 1
9708 6334 1
9708 6336 1
9708 7346 1
9708 8461 1
9708 9300 1
9708 9434 1
9708 9701 1
9708 9706 1
9708 9707 1
9708 9709 1
9708 9710 1
9708 9711 1
9708 9712 1
9708 11234 1
9709 3359 1
9709 3364 1
9709 4139 1
9709 4219 1
9709 4618 1
9709 5965 1
9709 5993 1
9709 8461 1
9709 9300 1
9709 9434 1
9709 9492 1
9709 9701 1
9709 9706 1
9709 9707 1
9709 9708 1
9709 9710 1
9709 9711 1
9709 9712 1
9709 11234 2
9711 4219 1
9711 5965 1
9711 5993 1
9711 8461 1
9711 9300 1
9711 9434 1
9711 9701 1
9711 9706 1
9711 9707 2
9711 9708 1
9711 9709 1
9711 9710 1
9711 9712 1
9711 11234 1
9712 3081 1
9712 4219 1
9712 5965 1
9712 5993 1
9712 6660 1
9712 8461 1
9712 9270 1
9712 9300 1
9712 9434 1
9712 9701 1
9712 9706 1
9712 9707 1
9712 9708 1
9712 9709 1
9712 9710 1
9712 9711 1
9712 11234 1
11234 3357 1
11234 4219 1
11234 5965 1
11234 5993 1
11234 6139 1
11234 8461 1
11234 9300 1
11234 9434 1
11234 9436 1
11234 9701 1
11234 9706 1
11234 9707 1
11234 9708 1
11234 9709 2
11234 9710 1
11234 9711 1
11234 9712 1
11382 3076 1
11382 6175 1
11382 9710 1
11382 11613 1
15184 9710 1
1950 1423 1
1950 2907 1
1950 3732 1
1950 3965 1
1950 4370 1
1950 5867 1
1950 6331 1
1950 8793 1
1950 8973 1
1950 9281 1
1950 9491 1
1950 10148 1
1950 11247 1
1950 11621 1
1950 17956 1
2907 1423 1
2907 1474 2
2907 1950 1
2907 3732 1
2907 3873 1
2907 3960 1
2907 3965 1
2907 4370 1
2907 5413 1
2907 6331 1
2907 8793 1
2907 8973 1
2907 9281 1
2907 9460 1
2907 10148 1
2907 11621 1
2907 14652 1
2907 17956 1
3364 3373 1
3364 3374 3
3364 4139 4
3364 4149 2
3364 4162 1
3364 4618 5
3364 4928 1
3364 6050 1
3364 8110 1
3364 9492 1
3364 9709 1
3364 10148 1
3364 11203 1
3364 11613 1
3364 13556 1
3364 14614 1
3364 18696 1
3364 30148 1
3374 3364 3
3374 3373 1
3374 3920 1
3374 4139 2
3374 4149 2
3374 4162 1
3374 4618 3
3374 6050 1
3374 8110 1
3374 10148 1
3374 11203 1
3374 11613 1
3374 13556 1
3374 14614 1
3374 18696 1
3374 30148 1
3732 1423 1
3732 1950 1
3732 2907 1
3732 3731 1
3732 3733 1
3732 3734 1
3732 3965 1
3732 4370 1
3732 6331 1
3732 8793 1
3732 8973 1
3732 9281 1
3732 10148 1
3732 11621 1
3732 17956 1
3965 1423 1
3965 1950 1
3965 2907 1
3965 3732 1
3965 4370 1
3965 6331 1
3965 8131 1
3965 8793 1
3965 8973 1
3965 9123 1
3965 9281 1
3965 10148 1
3965 11621 1
3965 17956 2
4139 3364 4
4139 3367 1
4139 3373 1
4139 3374 2
4139 4149 1
4139 4165 1
4139 4166 1
4139 4618 3
4139 4928 1
4139 6050 1
4139 8110 1
4139 9492 1
4139 9709 1
4139 10148 1
4139 11203 1
4139 11613 1
4139 13556 1
4139 14614 1
4139 30148 1
4370 1423 1
4370 1950 1
4370 2907 1
4370 3732 1
4370 3965 1
4370 6331 1
4370 7163 1
4370 8793 1
4370 8973 1
4370 9281 1
4370 10148 1
4370 11621 1
4370 13528 1
4370 17956 1
4618 3364 5
4618 3373 1
4618 3374 3
4618 4139 3
4618 4149 2
4618 4162 1
4618 4650 1
4618 6050 1
4618 8110 1
4618 9492 1
4618 9709 1
4618 10148 1
4618 11203 1
4618 11613 1
4618 13556 1
4618 14614 1
4618 18696 1
4618 30148 1
5413 2907 1
5413 3561 1
5413 3960 1
5413 5667 1
5413 10148 1
5667 5015 1
5667 5413 1
5667 5572 1
5667 7396 1
5667 8449 1
5667 10148 1
5667 11858 1
6331 1423 1
6331 1950 1
6331 2907 1
6331 3359 1
6331 3732 1
6331 3965 1
6331 4370 1
6331 6332 1
6331 6334 1
6331 8793 1
6331 8973 1
6331 9281 1
6331 10148 1
6331 10914 1
6331 11621 1
6331 11763 1
6331 11772 1
6331 11968 1
6331 17956 1
6722 6312 1
6722 8224 1
6722 8292 1
6722 8973 1
6722 10148 1
7163 4370 1
7163 10085 1
7163 10148 1
8110 3364 1
8110 3374 1
8110 4139 1
8110 4618 1
8110 6050 1
8110 10148 1
8110 11203 1
8110 11613 1
8110 13556 1
8110 14614 1
8110 22670 1
8110 30148 1
8793 1423 2
8793 1950 1
8793 2907 1
8793 2998 1
8793 3732 1
8793 3965 1
8793 4370 1
8793 6331 1
8793 7774 1
8793 8973 1
8793 9281 1
8793 9695 1
8793 10148 1
8793 11621 1
8793 17956 1
8973 1423 1
8973 1950 1
8973 2907 1
8973 3732 1
8973 3965 1
8973 4370 1
8973 5666 1
8973 6331 1
8973 6722 1
8973 8347 1
8973 8429 1
8973 8793 1
8973 9281 1
8973 9990 1
8973 10076 1
8973 10148 1
8973 11161 1
8973 11621 1
8973 13200 1
8973 17956 1
9281 1423 1
9281 1950 1
9281 2907 1
9281 3486 1
9281 3732 1
9281 3965 1
9281 4186 1
9281 4370 1
9281 6331 1
9281 8793 1
9281 8973 1
9281 9280 1
9281 9282 1
9281 9284 1
9281 10148 1
9281 11621 1
9281 14742 1
9281 17735 1
9281 17956 1
9678 6312 2
9678 10148 1
10085 1954 1
10085 7163 1
10085 10148 1
11203 3364 1
11203 3374 1
11203 4139 1
11203 4618 1
11203 6050 1
11203 8110 1
11203 9436 1
11203 9508 1
11203 10148 1
11203 11613 1
11203 13200 1
11203 13556 1
11203 14614 1
11203 30148 1
11612 7646 1
11612 10148 1
11612 11613 1
11613 3364 1
11613 3374 1
11613 4139 1
11613 4618 1
11613 6050 1
11613 7646 1
11613 8110 1
11613 10148 2
11613 11112 1
11613 11203 1
11613 11382 1
11613 11612 1
11613 13556 1
11613 14614 1
11613 30148 1
13556 3364 1
13556 3374 1
13556 4139 1
13556 4618 1
13556 5175 1
13556 6050 1
13556 8110 1
13556 10148 1
13556 11203 1
13556 11613 1
13556 14614 1
13556 30148 1
14614 3364 1
14614 3374 1
14614 4139 1
14614 4618 1
14614 6050 1
14614 8110 1
14614 10148 1
14614 11203 1
14614 11613 1
14614 13556 1
14614 30148 1
30148 3364 1
30148 3374 1
30148 4139 1
30148 4618 1
30148 6050 1
30148 8110 1
30148 10148 1
30148 11203 1
30148 11613 1
30148 13556 1
30148 14614 1
3695 6352 1
3695 8140 1
3695 8930 1
3695 10408 1
3695 10801 1
3695 12091 1
3695 12105 1
3695 12108 1
3695 19598 1
3695 27045 1
6352 3695 1
6352 8140 1
6352 8930 1
6352 10408 1
6352 10801 1
6352 12091 1
6352 12105 1
6352 12108 1
6352 19598 1
6352 27045 1
8140 1943 1
8140 3695 1
8140 6352 1
8140 7622 1
8140 8930 1
8140 10408 1
8140 10801 2
8140 12091 1
8140 12105 1
8140 12108 1
8140 19598 1
8140 27045 1
8930 2271 1
8930 3695 1
8930 6352 1
8930 8140 1
8930 10408 1
8930 10801 1
8930 12091 1
8930 12105 1
8930 12108 1
8930 19598 1
8930 27045 1
10801 3695 1
10801 6352 1
10801 8140 2
10801 8930 1
10801 10408 1
10801 12091 1
10801 12105 1
10801 12108 1
10801 19598 1
10801 27045 1
12091 1943 1
12091 3695 1
12091 6352 1
12091 8140 1
12091 8347 1
12091 8930 1
12091 10408 1
12091 10801 1
12091 12105 1
12091 12108 1
12091 13016 1
12091 19598 1
12091 27045 1
12105 3695 1
12105 3872 1
12105 6352 1
12105 8140 1
12105 8653 1
12105 8930 1
12105 10408 1
12105 10801 1
12105 12091 1
12105 12108 1
12105 13700 1
12105 14742 1
12105 19598 1
12105 27045 1
12108 3695 1
12108 6352 1
12108 8140 1
12108 8930 1
12108 8934 1
12108 10408 1
12108 10801 1
12108 12091 1
12108 12105 1
12108 13099 1
12108 19598 1
12108 27045 1
14742 1553 1
14742 2128 1
14742 2141 1
14742 3872 1
14742 3873 1
14742 4928 1
14742 4934 1
14742 6332 1
14742 6334 1
14742 8931 1
14742 9201 1
14742 9281 1
14742 9541 1
14742 10408 1
14742 10808 1
14742 10830 1
14742 11772 1
14742 12105 1
14742 13700 2
14742 17280 1
17416 10408 1
17416 21161 1
17416 22670 1
19598 3695 1
19598 6352 1
19598 8140 1
19598 8930 1
19598 9833 1
19598 10408 1
19598 10801 1
19598 12091 1
19598 12105 1
19598 12108 1
19598 19386 1
19598 27045 1
21161 10408 1
21161 17416 1
21161 22670 1
22670 8110 1
22670 10408 1
22670 10558 1
22670 16049 1
22670 17416 1
22670 20100 1
22670 21161 1
22670 23873 1
22670 30284 1
27045 3695 1
27045 6352 1
27045 8140 1
27045 8930 1
27045 10408 1
27045 10801 1
27045 12091 1
27045 12105 1
27045 12108 1
27045 19598 1
1553 2128 1
1553 2141 1
1553 3873 1
1553 4928 1
1553 4934 1
1553 6332 1
1553 6334 1
1553 8931 1
1553 9201 1
1553 9541 1
1553 10808 1
1553 11772 1
1553 14742 1
2128 1553 1
2128 2141 1
2128 3873 1
2128 4928 1
2128 4934 1
2128 6332 1
2128 6334 1
2128 8931 1
2128 9201 1
2128 9541 1
2128 10808 1
2128 11772 1
2128 14742 1
3873 1474 1
3873 1553 1
3873 2115 1
3873 2128 1
3873 2141 1
3873 2907 1
3873 3960 1
3873 4928 1
3873 4934 1
3873 5412 1
3873 6332 1
3873 6334 1
3873 6711 1
3873 8224 1
3873 8347 1
3873 8931 1
3873 9201 1
3873 9460 1
3873 9541 1
3873 10808 1
3873 11166 1
3873 11772 1
3873 11968 1
3873 12022 1
3873 12030 1
3873 14652 1
3873 14742 1
4928 1553 1
4928 2128 1
4928 2141 1
4928 3364 1
4928 3873 1
4928 4139 1
4928 4934 1
4928 5428 1
4928 6332 1
4928 6334 1
4928 8931 1
4928 9201 1
4928 9541 1
4928 10808 1
4928 11772 1
4928 14742 1
4934 1553 1
4934 2128 1
4934 2141 1
4934 3873 1
4934 4928 1
4934 6332 1
4934 6334 1
4934 8931 1
4934 9201 1
4934 9541 1
4934 10808 1
4934 11772 1
4934 14742 1
6332 1553 1
6332 2128 1
6332 2141 1
6332 3604 1
6332 3873 1
6332 4928 1
6332 4934 1
6332 6331 1
6332 6334 2
6332 8931 1
6332 9201 1
6332 9541 1
6332 9708 1
6332 10808 1
6332 10914 1
6332 11763 2
6332 11772 2
6332 11968 1
6332 14742 1
6334 1553 1
6334 2128 1
6334 2141 1
6334 3359 1
6334 3873 1
6334 4928 1
6334 4934 1
6334 6331 1
6334 6332 2
6334 8931 1
6334 9201 1
6334 9541 1
6334 9708 1
6334 10808 1
6334 11772 1
6334 14742 1
8931 1553 1
8931 2128 1
8931 2141 1
8931 3873 1
8931 4928 1
8931 4934 1
8931 6332 1
8931 6334 1
8931 8945 1
8931 9201 1
8931 9541 1
8931 10808 1
8931 11772 1
8931 14742 1
9201 1553 1
9201 2128 1
9201 2141 1
9201 3873 1
9201 4928 1
9201 4934 1
9201 6332 1
9201 6334 1
9201 7119 1
9201 8931 1
9201 9541 1
9201 10808 1
9201 11772 1
9201 13167 1
9201 14742 1
9541 1553 1
9541 2128 1
9541 2141 1
9541 3873 1
9541 4928 1
9541 4934 1
9541 6332 1
9541 6334 1
9541 8931 1
9541 9108 1
9541 9201 1
9541 9695 1
9541 10808 1
9541 11772 1
9541 14742 1
10293 2034 1
10293 9823 1
10293 10808 1
10293 11534 1
10293 13257 1
10293 13261 1
10293 14083 1
10293 17280 1
10293 17406 1
10293 19297 1
10293 19428 1
11534 10293 1
11534 10808 1
11534 13257 1
11534 13261 1
11534 14083 1
11534 17280 1
11534 17406 1
11534 19297 1
11772 1553 1
11772 2128 1
11772 2141 1
11772 3873 1
11772 4928 1
11772 4934 1
11772 6331 1
11772 6332 2
11772 6334 1
11772 8931 1
11772 9201 1
11772 9541 1
11772 10808 1
11772 10914 1
11772 11763 1
11772 11968 1
11772 14742 1
13257 10293 1
13257 10808 1
13257 11534 1
13257 13261 1
13257 14083 1
13257 17280 1
13257 17406 1
13257 19297 1
13261 9441 1
13261 10293 1
13261 10808 1
13261 11534 1
13261 13257 1
13261 14083 1
13261 17280 1
13261 17406 1
13261 19297 1
14083 10293 1
14083 10808 1
14083 11534 1
14083 13257 1
14083 13261 1
14083 17280 1
14083 17406 1
14083 19297 1
17280 10293 1
17280 10808 1
17280 11534 1
17280 13257 1
17280 13261 1
17280 14083 1
17280 14742 1
17280 17406 1
17280 19297 1
17280 19629 1
17406 10293 1
17406 10808 1
17406 11534 1
17406 13257 1
17406 13261 1
17406 14083 1
17406 17280 1
17406 19297 1
17406 25630 1
19297 10293 1
19297 10808 1
19297 11534 1
19297 13257 1
19297 13261 1
19297 14083 1
19297 17280 1
19297 17406 1
2115 3873 1
2115 3960 1
2115 5412 1
2115 6711 1
2115 8224 1
2115 8347 1
2115 12022 1
2115 12030 1
3960 2115 1
3960 2907 1
3960 3873 1
3960 5412 1
3960 5413 1
3960 6711 1
3960 8224 1
3960 8347 1
3960 12022 1
3960 12030 1
5412 1986 1
5412 2115 1
5412 3873 1
5412 3960 1
5412 6711 1
5412 8224 1
5412 8347 1
5412 12022 1
5412 12030 1
6711 2115 1
6711 3873 1
6711 3960 1
6711 5412 1
6711 8224 1
6711 8347 1
6711 12022 1
6711 12030 1
8224 618 1
8224 2115 1
8224 2909 1
8224 3873 1
8224 3960 1
8224 5412 1
8224 6711 1
8224 6722 1
8224 8347 1
8224 9134 1
8224 10807 1
8224 11160 1
8224 12022 1
8224 12030 1
8224 13527 1
8347 1943 2
8347 2115 1
8347 3873 1
8347 3960 1
8347 5412 1
8347 5666 1
8347 6711 1
8347 8224 1
8347 8973 1
8347 10076 1
8347 11161 1
8347 12022 1
8347 12030 1
8347 12091 1
10286 584 1
10286 7372 1
10286 10570 1
10286 11628 1
10286 12022 1
10286 12024 1
10286 12026 1
10286 13528 2
10570 7372 1
10570 10286 1
10570 11628 1
10570 12022 1
10570 12024 1
10570 12026 1
10570 13528 1
11628 3110 1
11628 7372 1
11628 10286 1
11628 10570 1
11628 12022 1
11628 12024 1
11628 12026 1
11628 13528 1
12024 7372 1
12024 10286 1
12024 10570 1
12024 11628 1
12024 12022 1
12024 12026 1
12024 13528 1
12026 7372 1
12026 10286 1
12026 10570 1
12026 11628 1
12026 12022 1
12026 12024 1
12026 13528 1
12030 2115 1
12030 3873 1
12030 3960 1
12030 5412 1
12030 6711 1
12030 7625 1
12030 8224 1
12030 8347 1
12030 12022 1
12030 12310 1
13528 584 1
13528 4370 1
13528 7372 1
13528 10286 2
13528 10570 1
13528 11628 1
13528 12022 1
13528 12024 1
13528 12026 1
797 4119 1
797 5160 1
797 5516 1
797 5525 1
797 5658 1
797 5659 1
797 5841 2
797 8401 1
797 8402 1
797 8403 1
797 8405 1
797 12671 1
797 13098 1
797 14308 1
4119 797 1
4119 5160 1
4119 5516 1
4119 5525 1
4119 8401 1
4119 8402 1
4119 8403 1
4119 8405 1
4119 12671 1
5160 797 1
5160 4119 1
5160 5516 1
5160 5525 1
5160 8401 1
5160 8402 1
5160 8403 1
5160 8405 1
5160 12671 1
5516 797 1
5516 4119 1
5516 5160 1
5516 5525 1
5516 8401 1
5516 8402 2
5516 8403 2
5516 8405 2
5516 12671 1
5525 797 1
5525 4119 1
5525 5160 1
5525 5516 1
5525 8401 1
5525 8402 1
5525 8403 1
5525 8405 1
5525 12671 1
5966 910 1
5966 2998 1
5966 5968 1
5966 6153 1
5966 8156 1
5966 12671 1
5966 19386 1
5968 5966 1
5968 12671 1
8294 8292 1
8294 9938 1
8294 12671 1
8401 797 1
8401 4119 1
8401 5160 1
8401 5516 1
8401 5525 1
8401 8402 1
8401 8403 1
8401 8405 1
8401 12671 1
8402 797 1
8402 4119 1
8402 5160 1
8402 5516 2
8402 5525 1
8402 8401 1
8402 8403 2
8402 8405 2
8402 12671 1
8403 797 1
8403 4119 1
8403 5160 1
8403 5516 2
8403 5525 1
8403 8401 1
8403 8402 2
8403 8405 2
8403 12671 1
8405 797 1
8405 4119 1
8405 5160 1
8405 5337 1
8405 5516 2
8405 5525 1
8405 8401 1
8405 8402 2
8405 8403 2
8405 12671 1
9641 12671 1
9938 6148 1
9938 8294 1
9938 9990 1
9938 12671 1
14148 13195 1
5 179 1
5 1243 1
5 1416 1
5 2775 1
5 4339 1
5 6659 1
5 6723 1
5 6855 1
5 13246 1
5 13358 1
5 13840 1
5 16875 1
179 5 1
179 1243 1
179 1416 1
179 2775 1
179 4339 1
179 6659 1
179 6723 1
179 6855 1
179 13246 1
179 13358 1
179 13840 1
179 16875 1
1243 5 1
1243 179 1
1243 1416 1
1243 2775 1
1243 4339 1
1243 6659 1
1243 6723 1
1243 6855 1
1243 13246 1
1243 13358 1
1243 13840 1
1243 16875 1
1416 5 1
1416 179 1
1416 1243 1
1416 2775 1
1416 4339 1
1416 6659 1
1416 6723 1
1416 6855 1
1416 13246 1
1416 13358 1
1416 13840 1
1416 16875 1
2775 5 1
2775 179 1
2775 1243 1
2775 1416 1
2775 4339 1
2775 6659 1
2775 6723 1
2775 6855 1
2775 13246 1
2775 13358 1
2775 13840 1
2775 16875 1
3101 4157 1
3101 5490 1
3101 5491 1
3101 8912 1
3101 12522 1
3101 13246 1
3101 14072 1
3101 14775 1
3101 15771 1
3803 13246 1
3803 16857 1
4157 3101 1
4157 5490 1
4157 5491 1
4157 8912 1
4157 12522 1
4157 13246 1
4157 14775 1
4157 15771 1
4339 5 1
4339 179 1
4339 1243 1
4339 1416 1
4339 2775 1
4339 6659 1
4339 6723 1
4339 6855 1
4339 13246 1
4339 13358 1
4339 13840 1
4339 16875 1
5490 3101 1
5490 4157 1
5490 5475 1
5490 5491 2
5490 5494 1
5490 8912 1
5490 12522 1
5490 13246 1
5490 14775 1
5490 15771 1
5490 16416 1
5491 3101 1
5491 4157 1
5491 5475 1
5491 5490 2
5491 5494 1
5491 8912 1
5491 12522 1
5491 13246 1
5491 14775 1
5491 15771 1
5491 16416 1
6659 5 1
6659 179 1
6659 1243 1
6659 1416 1
6659 2775 1
6659 4339 1
6659 6723 1
6659 6855 1
6659 13246 1
6659 13358 1
6659 13840 1
6659 16875 1
6723 5 1
6723 179 1
6723 1243 1
6723 1416 1
6723 2775 1
6723 4339 1
6723 6659 1
6723 6855 1
6723 13246 1
6723 13358 1
6723 13840 1
6723 16875 1
6855 5 1
6855 179 1
6855 1243 1
6855 1416 1
6855 2775 1
6855 4339 1
6855 6659 1
6855 6723 1
6855 13246 1
6855 13358 1
6855 13840 1
6855 16875 1
8912 3101 1
8912 4157 1
8912 5490 1
8912 5491 1
8912 8910 1
8912 12522 1
8912 13246 1
8912 14775 1
8912 15771 1
12522 3101 1
12522 4157 1
12522 5490 1
12522 5491 1
12522 8912 1
12522 13246 1
12522 14775 1
12522 15771 1
13358 5 1
13358 179 1
13358 1243 1
13358 1416 1
13358 2775 1
13358 4339 1
13358 6659 1
13358 6723 1
13358 6855 1
13358 13246 1
13358 13840 1
13358 16875 1
13840 5 1
13840 179 1
13840 1243 1
13840 1416 1
13840 2775 1
13840 4339 1
13840 6659 1
13840 6723 1
13840 6855 1
13840 13246 1
13840 13358 1
13840 16875 1
14775 3101 1
14775 3806 1
14775 4157 1
14775 5490 1
14775 5491 1
14775 8912 1
14775 12522 1
14775 13246 1
14775 15771 1
15771 3101 1
15771 4157 1
15771 5490 1
15771 5491 1
15771 8912 1
15771 12522 1
15771 13246 1
15771 14775 1
16857 3803 1
16857 13246 1
16875 5 1
16875 179 1
16875 1243 1
16875 1416 1
16875 2775 1
16875 4339 1
16875 6659 1
16875 6723 1
16875 6855 1
16875 13246 1
16875 13358 1
16875 13840 1
15104 13364 1
2998 698 1
2998 1413 1
2998 1423 1
2998 2995 1
2998 5601 1
2998 5966 1
2998 6842 1
2998 7372 1
2998 7774 1
2998 8793 1
2998 9695 1
2998 11895 1
2998 13016 1
2998 13483 1
2998 13706 1
2998 18635 1
2998 23574 1
2998 25630 1
2998 27037 1
2998 28210 1
2998 29011 1
4315 7619 1
4315 13706 1
7619 4315 1
7619 6370 1
7619 9532 1
7619 13372 1
7619 13706 2
11895 2998 1
11895 13016 1
11895 13706 1
11895 23574 1
11895 25630 1
11895 27037 1
11895 28210 1
11895 29011 1
13016 2998 1
13016 5015 1
13016 5867 1
13016 11895 1
13016 12091 1
13016 13483 1
13016 13706 1
13016 23574 1
13016 25630 1
13016 27037 1
13016 28210 1
13016 29011 1
23574 2998 1
23574 11895 1
23574 13016 1
23574 13706 1
23574 25630 1
23574 27037 1
23574 28210 1
23574 29011 1
25630 2998 1
25630 3488 1
25630 11895 1
25630 13016 1
25630 13706 1
25630 17406 1
25630 23574 1
25630 27037 1
25630 28210 1
25630 29011 1
27037 2998 1
27037 11895 1
27037 13016 1
27037 13706 1
27037 23574 1
27037 25630 1
27037 28210 1
27037 29011 1
28210 2998 1
28210 11895 1
28210 13016 1
28210 13706 1
28210 23574 1
28210 25630 1
28210 27037 1
28210 29011 1
29011 2998 1
29011 11895 1
29011 13016 1
29011 13706 1
29011 23574 1
29011 25630 1
29011 27037 1
29011 28210 1
26415 14407 1
31576 14407 1
31576 33537 1
33215 14407 1
33537 14407 1
33537 31576 1
38906 19162 1
11168 14816 1
11168 18865 1
11168 26228 1
11168 28914 1
14816 11168 1
14816 14797 1
14816 18865 1
14816 21522 1
14816 26228 1
14816 28914 1
18865 11168 1
18865 14816 1
18865 26228 1
18865 28914 1
28914 11168 1
28914 14816 1
28914 18865 1
28914 26228 1
8346 8755 1
14445 3284 1
14445 13099 1
5261 3357 1
13271 3076 1
13271 3357 1
13271 6336 1
13271 27760 1
27760 3076 1
27760 3357 1
27760 6336 1
27760 13271 1
5865 7005 1
5865 11835 1
5865 28383 1
14003 7005 1
28383 5865 1
28383 7005 1
28383 11835 1
28383 30001 1
2434 7714 1
6157 6153 1
6157 6154 1
6157 6155 1
6157 6156 1
6157 6158 1
6157 11968 1
6157 127007 1
13527 618 1
13527 8224 1
13527 9134 1
13527 11160 1
13527 13569 1
5658 797 1
5658 5659 1
5658 14308 1
5659 797 1
5659 5658 1
5659 14308 1
4070 14032 1
19407 16081 1
10649 10786 1
10649 29976 1
10786 10649 1
10786 29976 1
21457 29976 1
30444 29976 1
34268 29976 1
45909 35444 1
3527 673 1
9460 1474 1
9460 2907 1
9460 3873 1
9460 14652 1
14652 1474 1
14652 2907 1
14652 3873 1
14652 9460 1
7398 6175 1
20229 6175 1
7320 6913 1
6139 7999 1
6139 9436 1
6139 11234 1
48684 32546 1
11391 8418 1
6400 10830 1
7032 10830 1
8578 10830 1
10054 11104 1
10054 11105 1
11105 10054 1
11105 11104 3
9406 18635 1
9406 18636 2
10644 14167 1
35275 25480 1
6155 6153 1
6155 6154 1
6155 6156 1
6155 6157 1
6155 6158 1
6155 12064 1
6155 25486 1
6155 127007 1
34238 25586 1
34309 25586 1
47563 25586 1
21400 22765 1
21400 30284 1
21400 32349 1
21400 35741 1
22765 21400 1
22765 30284 1
22765 32349 1
22765 35741 1
32349 21400 1
32349 22765 1
32349 30284 1
32349 35741 1
35741 21400 1
35741 22765 1
35741 30284 1
35741 32349 1
3564 5873 1
3564 11835 1
5873 3564 1
5873 11835 1
66919 64055 1
367 653 1
367 676 1
367 677 1
367 722 1
367 876 1
367 973 1
367 974 1
367 1037 1
367 1331 1
367 1349 1
367 3569 1
367 3570 1
653 367 1
653 676 1
653 677 1
653 722 1
653 876 1
653 973 1
653 974 1
653 1037 1
653 1331 1
653 1349 1
653 3569 1
653 3570 1
676 367 1
676 653 1
676 677 1
676 722 1
676 876 1
676 973 1
676 974 1
676 1037 1
676 1331 1
676 1349 1
676 3569 1
676 3570 1
677 367 1
677 653 1
677 676 1
677 722 1
677 876 1
677 973 1
677 974 1
677 1037 1
677 1331 1
677 1349 1
677 3569 1
677 3570 1
722 367 1
722 653 1
722 676 1
722 677 1
722 876 1
722 973 1
722 974 1
722 1037 1
722 1331 1
722 1349 1
722 3569 1
722 3570 1
866 259 1
866 332 1
866 341 1
866 642 1
866 873 1
866 874 1
866 875 1
866 876 1
866 2592 1
866 4698 1
866 4699 1
866 7464 1
873 866 1
873 874 1
873 875 1
873 876 1
873 2592 1
873 4698 1
873 4699 1
873 7464 1
874 866 1
874 873 1
874 875 1
874 876 1
874 2592 1
874 4698 1
874 4699 1
874 7464 1
875 866 1
875 873 1
875 874 1
875 876 1
875 2592 1
875 4698 1
875 4699 1
875 7464 1
973 367 1
973 653 1
973 676 1
973 677 1
973 722 1
973 876 1
973 974 1
973 1037 1
973 1331 1
973 1349 1
973 3569 1
973 3570 1
974 367 1
974 653 1
974 676 1
974 677 1
974 722 1
974 876 1
974 973 1
974 1037 1
974 1331 1
974 1349 1
974 3569 1
974 3570 1
1037 367 1
1037 653 1
1037 676 1
1037 677 1
1037 722 1
1037 876 1
1037 973 1
1037 974 1
1037 1331 1
1037 1349 1
1037 3569 1
1037 3570 1
1331 367 1
1331 653 1
1331 676 1
1331 677 1
1331 722 1
1331 876 1
1331 973 1
1331 974 1
1331 1037 1
1331 1349 1
1331 3569 1
1331 3570 1
1349 367 1
1349 492 1
1349 653 1
1349 676 1
1349 677 1
1349 722 1
1349 876 1
1349 894 1
1349 973 1
1349 974 1
1349 1037 1
1349 1071 1
1349 1331 1
1349 1336 1
1349 1348 1
1349 1721 1
1349 2797 1
1349 3569 1
1349 3570 1
2592 866 1
2592 873 1
2592 874 1
2592 875 1
2592 876 1
2592 4698 1
2592 4699 1
2592 7464 1
3569 367 1
3569 653 1
3569 676 1
3569 677 1
3569 722 1
3569 876 1
3569 973 1
3569 974 1
3569 1037 1
3569 1331 1
3569 1349 1
3569 3570 1
3570 367 1
3570 653 1
3570 676 1
3570 677 1
3570 722 1
3570 876 1
3570 973 1
3570 974 1
3570 1037 1
3570 1331 1
3570 1349 1
3570 3569 1
4698 866 1
4698 873 1
4698 874 1
4698 875 1
4698 876 1
4698 2592 1
4698 4699 1
4698 7464 1
4699 866 1
4699 873 1
4699 874 1
4699 875 1
4699 876 1
4699 2592 1
4699 4698 1
4699 7464 1
7464 866 1
7464 873 1
7464 874 1
7464 875 1
7464 876 1
7464 2592 1
7464 4698 1
7464 4699 1
492 894 1
492 1071 1
492 1336 1
492 1348 1
492 1349 1
492 1721 1
492 2797 1
894 492 1
894 1071 1
894 1336 1
894 1348 1
894 1349 1
894 1721 1
894 2797 1
1071 492 1
1071 894 1
1071 1336 1
1071 1348 1
1071 1349 1
1071 1721 1
1071 2797 1
1336 492 1
1336 894 1
1336 1071 1
1336 1348 1
1336 1349 1
1336 1721 1
1336 2797 1
1348 492 1
1348 894 1
1348 1071 1
1348 1336 1
1348 1349 1
1348 1721 2
1348 2797 2
2797 492 1
2797 894 1
2797 1071 1
2797 1336 1
2797 1348 2
2797 1349 1
2797 1721 2
7139 18081 1
7139 22575 1
7139 22585 1
18081 7139 1
18081 22575 1
18081 22585 1
22575 7139 1
22575 18081 1
22575 22585 1
4284 563 1
9540 662 1
9540 9532 1
4186 3486 1
4186 9281 1
4186 17735 1
5326 3486 1
17735 991 1
17735 3486 1
17735 4186 1
17735 9281 1
124138 5969 1
124138 7324 1
124138 8450 1
124138 12041 1
10067 7323 1
10067 7768 1
7345 7346 1
1707 7409 1
1707 7768 1
1707 8270 1
1707 8271 1
1707 8272 1
1707 10629 1
1707 13274 1
7409 1707 1
7409 7768 1
7409 8270 1
7409 8271 1
7409 8272 2
7409 10629 1
7409 13274 1
8270 1707 1
8270 7409 1
8270 7768 1
8270 8271 2
8270 8272 2
8270 10141 1
8270 10629 1
8270 13274 1
8271 1707 1
8271 7409 1
8271 7768 1
8271 8270 2
8271 8272 2
8271 10141 1
8271 10629 1
8271 13274 1
8272 1707 1
8272 7409 2
8272 7768 1
8272 8270 2
8272 8271 2
8272 10141 1
8272 10629 1
8272 13274 1
10629 1707 1
10629 7409 1
10629 7768 1
10629 8270 1
10629 8271 1
10629 8272 1
10629 8449 1
10629 13274 1
13274 1707 1
13274 7409 1
13274 7768 1
13274 8270 1
13274 8271 1
13274 8272 1
13274 10629 1
126729 7768 1
126729 126727 1
126729 126730 2
126730 7768 1
126730 126727 1
126730 126729 2
618 8224 1
618 9134 1
618 11160 1
618 13527 1
9134 618 1
9134 8224 1
9134 11160 1
9134 13527 1
2222 12912 1
2222 13099 1
12912 2222 1
12912 13099 1
126718 124613 1
126718 126727 1
126727 124613 1
126727 126718 1
126727 126729 1
126727 126730 1
4954 8199 1
1391 8208 1
1391 12465 1
1391 14352 1
7952 14352 1
12711 14352 1
14811 17317 1
4199 3900 1
88002 4132 1
10302 17904 1
19299 7588 1
19299 19284 1
7513 8058 1
7513 13155 1
7513 14205 1
7513 16646 1
13155 7513 1
13155 8058 1
13155 14205 1
13155 16646 1
14205 7513 1
14205 8058 1
14205 13155 1
14205 16646 1
16646 7513 1
16646 8058 1
16646 13155 1
16646 14205 1
593 5175 1
593 8922 1
593 13504 1
14331 8922 1
11043 11060 1
11043 11063 1
11043 13070 1
11043 13552 1
11043 13946 1
11043 20947 1
11063 11043 1
11063 11060 1
11063 13070 1
11063 13552 1
11063 20947 1
13070 11043 1
13070 11060 1
13070 11063 1
13070 13552 1
13070 20947 1
13552 11043 1
13552 11060 1
13552 11063 1
13552 13070 1
13552 20947 1
20947 11043 1
20947 11060 1
20947 11063 1
20947 13070 1
20947 13552 1
462 1444 1
462 12558 1
1444 462 1
1444 12558 1
3630 14479 1
6858 2066 1
6858 14479 1
7021 14479 1
14085 991 1
3435 3440 1
3435 8520 1
1036 1033 1
1036 1034 1
1036 1035 1
1036 1370 1
1036 2817 1
1036 3550 1
1036 3552 1
1036 3553 1
1036 3554 1
1036 3555 1
1036 3556 1
1036 3973 1
1036 3976 1
1036 8040 1
1036 8525 1
5787 8653 1
5787 12310 1
1969 7781 1
1962 5274 1
1962 8363 1
1962 12810 1
5274 1962 1
5274 8363 1
5274 12810 1
12810 1962 1
12810 5274 1
12810 8363 1
9518 9508 1
9518 9543 1
9518 9544 1
9543 9508 1
9543 9518 1
9543 9544 2
9543 125172 1
9544 9508 1
9544 9518 1
9544 9543 2
33956 15878 1
3912 604 1
3912 3111 1
3912 11093 1
11093 3111 1
11093 3912 1
920 3702 1
920 126014 1
6154 6153 1
6154 6155 1
6154 6156 1
6154 6157 1
6154 6158 1
6154 127007 1
6156 6153 1
6156 6154 1
6156 6155 1
6156 6157 1
6156 6158 1
6156 127007 1
6158 3367 1
6158 3373 1
6158 6153 1
6158 6154 1
6158 6155 1
6158 6156 1
6158 6157 1
6158 127007 1
127007 6153 1
127007 6154 1
127007 6155 1
127007 6156 1
127007 6157 1
127007 6158 1
1033 1034 1
1033 1035 1
1033 1036 1
1033 1370 1
1033 2817 1
1033 3550 1
1033 3552 1
1033 3553 1
1033 3554 1
1033 3555 1
1033 3556 1
1033 3973 1
1033 3976 1
1033 8040 1
1034 1033 1
1034 1035 1
1034 1036 1
1034 1370 1
1034 2817 1
1034 3550 1
1034 3552 1
1034 3553 1
1034 3554 1
1034 3555 1
1034 3556 1
1034 3973 1
1034 3976 1
1034 8040 1
1035 1033 1
1035 1034 1
1035 1036 1
1035 1370 1
1035 2817 1
1035 3550 1
1035 3552 1
1035 3553 1
1035 3554 1
1035 3555 1
1035 3556 1
1035 3973 1
1035 3976 1
1035 8040 1
1370 1033 1
1370 1034 1
1370 1035 1
1370 1036 1
1370 2817 1
1370 3550 1
1370 3552 1
1370 3553 1
1370 3554 1
1370 3555 1
1370 3556 1
1370 3973 1
1370 3976 1
1370 8040 1
2817 1033 1
2817 1034 1
2817 1035 1
2817 1036 1
2817 1370 1
2817 3550 1
2817 3552 1
2817 3553 1
2817 3554 1
2817 3555 1
2817 3556 1
2817 3973 1
2817 3976 1
2817 8040 1
3550 1033 1
3550 1034 1
3550 1035 1
3550 1036 1
3550 1370 1
3550 2817 1
3550 3552 1
3550 3553 1
3550 3554 1
3550 3555 1
3550 3556 1
3550 3973 1
3550 3976 1
3550 8040 1
3552 1033 1
3552 1034 1
3552 1035 1
3552 1036 1
3552 1370 1
3552 2817 1
3552 3550 1
3552 3553 1
3552 3554 1
3552 3555 1
3552 3556 1
3552 3973 1
3552 3976 1
3552 8040 1
3553 1033 1
3553 1034 1
3553 1035 1
3553 1036 1
3553 1370 1
3553 2817 1
3553 3550 1
3553 3552 1
3553 3554 1
3553 3555 1
3553 3556 1
3553 3973 1
3553 3976 1
3553 8040 1
3554 1033 1
3554 1034 1
3554 1035 1
3554 1036 1
3554 1370 1
3554 2817 1
3554 3550 1
3554 3552 1
3554 3553 1
3554 3555 1
3554 3556 1
3554 3973 1
3554 3976 1
3554 8040 1
3555 1033 1
3555 1034 1
3555 1035 1
3555 1036 1
3555 1370 1
3555 2817 1
3555 3550 1
3555 3552 1
3555 3553 1
3555 3554 1
3555 3556 1
3555 3973 1
3555 3976 1
3555 8040 1
3556 1033 1
3556 1034 1
3556 1035 1
3556 1036 1
3556 1370 1
3556 2817 1
3556 3550 1
3556 3552 1
3556 3553 1
3556 3554 1
3556 3555 1
3556 3973 1
3556 3976 1
3556 8040 1
3973 1033 1
3973 1034 1
3973 1035 1
3973 1036 1
3973 1370 1
3973 2817 1
3973 3550 1
3973 3552 1
3973 3553 1
3973 3554 1
3973 3555 1
3973 3556 1
3973 3976 1
3973 8040 1
3976 1033 1
3976 1034 1
3976 1035 1
3976 1036 1
3976 1370 1
3976 2817 1
3976 3550 1
3976 3552 1
3976 3553 1
3976 3554 1
3976 3555 1
3976 3556 1
3976 3973 1
3976 8040 1
8041 8040 1
8145 8666 1
9282 9280 1
9282 9281 1
9282 9284 1
9284 9280 1
9284 9281 1
9284 9282 1
9284 14255 1
9492 3364 1
9492 4139 1
9492 4618 1
9492 9709 1
9491 1950 1
3373 3364 1
3373 3367 1
3373 3374 1
3373 4139 1
3373 4149 1
3373 4162 1
3373 4618 1
3373 6158 1
4149 3364 2
4149 3373 1
4149 3374 2
4149 4139 1
4149 4162 1
4149 4618 2
4149 18696 1
4162 3364 1
4162 3373 1
4162 3374 1
4162 4149 1
4162 4618 1
4162 18696 1
18696 3364 1
18696 3374 1
18696 4149 1
18696 4162 1
18696 4618 1
3920 3374 1
3731 3732 1
3731 3733 2
3731 3734 2
3733 3731 2
3733 3732 1
3733 3734 2
3734 3731 2
3734 3732 1
3734 3733 2
8131 3965 1
9123 3965 1
3367 3373 1
3367 4139 1
3367 4165 2
3367 4166 1
3367 6158 1
4165 3367 2
4165 4139 1
4165 4166 1
4166 3367 1
4166 4139 1
4166 4165 1
4650 4618 1
11112 11613 1
5175 593 1
5175 13556 1
9833 19386 1
9833 19598 1
19386 5966 1
19386 9833 1
19386 19598 1
10558 16049 1
10558 20100 1
10558 22670 1
16049 10558 1
16049 20100 1
16049 22670 1
20100 10558 1
20100 16049 1
20100 22670 1
20100 34070 1
5428 4928 1
2034 9823 1
2034 10293 1
2034 19428 1
9823 2034 1
9823 10293 1
9823 19428 1
19428 2034 1
19428 9823 1
19428 10293 1
19629 17280 1
2909 8224 1
2909 10807 1
10807 2909 1
10807 8224 1
5841 797 2
5841 13098 1
13098 797 1
13098 5841 1
5337 8405 1
5475 5490 1
5475 5491 1
5475 5494 1
5475 16416 1
5494 5475 1
5494 5490 1
5494 5491 1
5494 16416 1
16416 5475 1
16416 5490 1
16416 5491 1
16416 5494 1
3806 14775 1
698 1413 1
698 2995 1
698 2998 1
698 5601 1
1413 698 1
1413 2995 1
1413 2998 1
1413 5601 1
2995 698 1
2995 1413 1
2995 2998 1
2995 5601 1
5601 698 1
5601 1413 1
5601 2995 1
5601 2998 1
3488 25630 1
34070 20100 1
14255 9284 1
12064 6155 1
126014 920 1
604 3912 1
125172 9543 1
3440 3435 1
2066 6858 1
13946 11043 1
13504 593 1
19284 19299 1
8208 1391 1
8208 12465 1
12465 1391 1
12465 8208 1
12041 124138 1
10141 8270 1
10141 8271 1
10141 8272 1
259 332 1
259 341 1
259 642 1
259 866 1
332 259 1
332 341 1
332 642 1
332 866 1
341 259 1
341 332 1
341 642 1
341 866 1
642 259 1
642 332 1
642 341 1
642 866 1
30001 28383 1
14797 14816 1
14797 21522 1
21522 14797 1
21522 14816 1
