44225 52931 1
52931 23298 1
52931 44225 1
52931 50122 1
52931 52928 1
52931 52929 1
52931 52932 1
52931 52934 1
52931 52935 1
52931 55312 1
23298 21095 1
23298 32715 1
23298 37593 1
23298 38813 1
23298 42498 1
23298 43237 1
23298 52931 1
23298 55312 1
23298 56144 1
23298 62071 1
23298 62707 1
23298 63270 1
23298 69068 1
23298 69940 1
23298 71957 1
23298 72999 1
23298 79461 1
50122 17607 1
50122 25627 1
50122 34061 1
50122 38956 1
50122 43248 1
50122 43369 1
50122 44405 1
50122 44456 1
50122 47594 1
50122 48524 1
50122 48584 1
50122 48813 1
50122 48814 1
50122 50126 1
50122 50127 1
50122 50128 1
50122 52931 1
50122 52932 2
52928 52929 1
52928 52931 1
52928 52932 1
52928 52934 1
52928 52935 1
52929 39837 1
52929 45160 1
52929 52928 1
52929 52931 1
52929 52932 1
52929 52934 1
52929 52935 1
52929 54006 1
52929 56157 1
52929 60262 1
52929 64362 1
52929 73614 1
52929 86716 1
52932 21288 1
52932 25627 1
52932 27545 1
52932 32676 1
52932 34061 1
52932 38956 1
52932 40999 1
52932 43248 1
52932 43369 1
52932 44405 1
52932 45041 1
52932 47594 1
52932 48524 1
52932 48584 1
52932 50122 2
52932 52928 1
52932 52929 1
52932 52931 1
52932 52934 1
52932 52935 1
52934 52928 1
52934 52929 1
52934 52931 1
52934 52932 1
52934 52935 1
52935 52928 1
52935 52929 1
52935 52931 1
52935 52932 1
52935 52934 1
55312 23298 1
55312 27982 1
55312 28331 1
55312 49566 1
55312 52931 1
55312 55249 1
55312 55296 1
55312 55310 1
55312 56784 1
55312 57299 1
55312 58730 1
55312 62568 1
55312 65102 1
55312 71653 1
55312 73682 1
55312 73962 1
55312 75939 1
55312 76865 1
55312 78010 1
55312 81022 1
55312 83284 1
55312 88696 1
55312 89552 1
55312 91659 1
55312 92931 1
55312 94936 1
55312 97526 1
55312 98559 1
55312 103630 1
55312 108075 1
55312 115963 1
55312 124272 1
21095 23298 1
21095 38795 1
21095 55793 1
21095 69068 1
21095 69940 1
21095 71957 1
21095 72999 1
21095 79461 1
32715 20394 1
32715 23298 1
32715 37593 1
32715 42498 1
32715 59386 1
32715 116657 1
37593 23298 1
37593 32715 1
37593 41141 1
37593 42498 1
37593 44976 1
37593 46844 1
37593 48118 1
37593 49917 1
37593 51857 1
37593 74323 1
38813 23298 1
38813 43237 1
38813 56144 1
38813 63270 1
42498 23298 1
42498 32715 1
42498 37401 1
42498 37593 1
42498 43905 1
42498 47170 1
42498 49641 1
42498 50089 1
42498 65249 1
42498 86307 1
42498 87754 1
42498 89174 1
43237 23298 1
43237 30493 1
43237 38813 1
43237 56144 1
43237 63270 1
43237 64622 1
43237 122916 1
56144 23298 1
56144 38813 1
56144 43237 1
56144 63270 1
62071 23298 1
62071 66613 1
62707 13076 1
62707 23298 1
63270 23298 1
63270 34412 1
63270 38813 1
63270 39572 1
63270 43237 1
63270 56144 1
69068 21095 1
69068 23298 1
69068 45183 1
69068 48862 1
69068 51253 1
69068 57112 1
69068 69940 1
69068 71957 1
69068 72999 1
69068 79461 1
69940 21095 1
69940 23298 1
69940 28424 1
69940 69068 1
69940 71957 1
69940 72999 1
69940 73079 1
69940 79460 1
69940 79461 2
71957 16983 1
71957 21095 1
71957 23298 1
71957 24511 1
71957 30085 1
71957 49638 1
71957 59392 1
71957 69068 1
71957 69940 1
71957 72999 1
71957 79461 1
72999 21095 1
72999 23298 1
72999 25085 1
72999 31566 1
72999 69068 1
72999 69940 1
72999 71957 1
72999 72998 1
72999 79421 1
72999 79461 1
79461 21095 1
79461 23298 1
79461 69068 1
79461 69940 2
79461 71957 1
79461 72999 1
79461 73079 1
79461 79460 1
17607 50122 1
17607 50126 1
17607 50127 1
17607 50128 1
25627 34061 1
25627 38956 1
25627 43248 1
25627 43369 1
25627 44405 1
25627 47594 1
25627 48524 1
25627 48584 1
25627 50122 1
25627 52932 1
34061 25627 1
34061 38956 1
34061 43248 1
34061 43369 1
34061 44405 1
34061 47594 1
34061 48524 1
34061 48584 1
34061 50122 1
34061 52932 1
38956 25627 1
38956 34061 1
38956 43248 1
38956 43369 1
38956 44405 1
38956 47594 1
38956 48524 1
38956 48584 1
38956 50122 1
38956 52932 1
43248 25627 1
43248 34061 1
43248 38956 1
43248 43369 1
43248 44405 1
43248 47594 1
43248 48524 1
43248 48584 1
43248 50122 1
43248 52932 1
43369 25627 1
43369 31436 1
43369 34061 1
43369 35824 1
43369 38956 1
43369 43248 1
43369 44405 1
43369 47594 1
43369 48524 2
43369 48584 1
43369 50122 1
43369 50327 1
43369 52932 1
43369 60156 1
43369 70969 1
44405 22192 1
44405 25627 1
44405 34061 1
44405 37568 1
44405 38956 1
44405 42636 1
44405 43248 1
44405 43369 1
44405 43377 1
44405 44398 1
44405 44401 1
44405 44448 1
44405 47594 1
44405 47595 1
44405 48524 1
44405 48584 1
44405 49109 1
44405 50122 1
44405 50327 1
44405 52518 1
44405 52519 1
44405 52932 1
44405 122384 1
44456 50122 1
47594 24454 1
47594 25627 1
47594 30463 1
47594 31963 1
47594 34061 1
47594 38956 1
47594 43248 1
47594 43369 1
47594 44405 1
47594 48524 1
47594 48584 1
47594 50122 1
47594 52932 1
48524 25627 1
48524 31436 1
48524 34061 1
48524 35824 1
48524 38956 1
48524 43248 1
48524 43369 2
48524 44405 1
48524 47594 1
48524 48584 1
48524 50122 1
48524 52932 1
48524 60156 1
48524 70969 1
48584 25627 1
48584 34061 1
48584 38956 1
48584 42358 1
48584 43248 1
48584 43369 1
48584 44405 1
48584 47594 1
48584 48524 1
48584 50122 1
48584 52932 1
48584 71608 1
48813 48814 1
48813 50122 1
48814 989 1
48814 1635 1
48814 15059 1
48814 28871 1
48814 39891 1
48814 39892 1
48814 39893 1
48814 48813 1
48814 50122 1
50126 17607 1
50126 50122 1
50126 50127 1
50126 50128 1
50127 17607 1
50127 50122 1
50127 50126 1
50127 50128 1
50128 17607 1
50128 50122 1
50128 50126 1
50128 50127 1
39837 45160 1
39837 52929 1
39837 54006 1
39837 56157 1
39837 60262 1
39837 64362 1
39837 86716 1
45160 39837 1
45160 45169 1
45160 50650 1
45160 52929 1
45160 54006 1
45160 54185 1
45160 56157 1
45160 60262 1
45160 63737 1
45160 64362 1
45160 86716 1
54006 14323 1
54006 32372 1
54006 39837 1
54006 45160 1
54006 52929 1
54006 56157 1
54006 60262 1
54006 64362 1
54006 66669 1
54006 86716 1
56157 39837 1
56157 45160 1
56157 52929 1
56157 54006 1
56157 60262 1
56157 64362 1
56157 86716 1
60262 39837 1
60262 45160 1
60262 52929 1
60262 54006 1
60262 56157 1
60262 64362 1
60262 86716 1
64362 39837 1
64362 45160 1
64362 46429 1
64362 52929 1
64362 54006 1
64362 56157 1
64362 60262 1
64362 86716 1
73614 36518 1
73614 48511 1
73614 52929 1
73614 55220 1
73614 56866 1
73614 57172 1
73614 61938 1
73614 63240 1
73614 63953 1
73614 63957 1
73614 67634 1
73614 76818 1
73614 89092 1
86716 39837 1
86716 45160 1
86716 52929 1
86716 54006 1
86716 56157 1
86716 60262 1
86716 64362 1
86716 73393 1
86716 76963 1
86716 83544 1
86716 84254 1
21288 23866 1
21288 27545 1
21288 40999 1
21288 45041 1
21288 52932 1
27545 21288 1
27545 25966 1
27545 40999 1
27545 45041 1
27545 52932 1
32676 20957 1
32676 23463 1
32676 32675 1
32676 52932 1
40999 21288 1
40999 22407 1
40999 27545 1
40999 28141 1
40999 45041 1
40999 48443 1
40999 52699 1
40999 52932 1
45041 21288 1
45041 27545 1
45041 40999 1
45041 52932 1
27982 28331 1
27982 55312 1
27982 56784 1
27982 83284 1
27982 124272 1
28331 27982 1
28331 55312 1
28331 56784 1
28331 83284 1
28331 124272 1
49566 37013 1
49566 49562 1
49566 55312 1
49566 58730 1
49566 86340 1
49566 88696 1
49566 91659 1
49566 92931 1
49566 95821 1
49566 97526 1
49566 97814 1
49566 101222 1
49566 106901 1
49566 108075 1
49566 124014 1
55249 23258 1
55249 36685 1
55249 46175 1
55249 47904 1
55249 48249 1
55249 49017 1
55249 55310 1
55249 55312 1
55249 65102 1
55249 68739 1
55249 68999 1
55249 78010 1
55249 94936 1
55296 55312 1
55296 57917 1
55296 60757 2
55296 68739 1
55310 41086 1
55310 46924 1
55310 54519 1
55310 55249 1
55310 55312 1
55310 61544 1
55310 65084 1
55310 65102 1
55310 71779 1
55310 73682 1
55310 78010 1
55310 87913 1
55310 88156 1
55310 94936 1
56784 27982 1
56784 28331 1
56784 55312 1
56784 64732 1
56784 71150 1
56784 75530 1
56784 77159 1
56784 83284 1
56784 124272 1
57299 55312 1
57299 56291 1
57299 62568 1
57299 71653 1
57299 73682 1
57299 73962 1
57299 74767 1
58730 49566 1
58730 55312 1
58730 88696 1
58730 91659 1
58730 92931 1
58730 97526 1
58730 108075 1
62568 55312 1
62568 57299 1
62568 61772 1
62568 63577 1
62568 71653 1
62568 71741 1
62568 71983 1
62568 73682 1
62568 73962 1
62568 75627 1
62568 86353 1
62568 86647 1
62568 96354 1
65102 41086 1
65102 43143 1
65102 55249 1
65102 55310 1
65102 55312 1
65102 56937 1
65102 62305 1
65102 64356 1
65102 68339 1
65102 69161 1
65102 70179 1
65102 70398 1
65102 78010 1
65102 80141 1
65102 94936 1
71653 55312 1
71653 57299 1
71653 62568 1
71653 73682 1
71653 73962 1
73682 55310 1
73682 55312 1
73682 57299 1
73682 62568 1
73682 65084 1
73682 71310 1
73682 71653 1
73682 73327 1
73682 73962 1
73682 90296 1
73962 51832 1
73962 55312 1
73962 57299 1
73962 62568 1
73962 71653 1
73962 71878 1
73962 73682 1
73962 99594 1
73962 110085 1
73962 112448 1
75939 55312 1
75939 76865 1
75939 81022 1
75939 89552 1
75939 98559 1
75939 103630 1
75939 115963 1
76865 55312 1
76865 75939 1
76865 76864 1
76865 81022 1
76865 89552 1
76865 98559 1
76865 103630 1
76865 115963 1
78010 36686 1
78010 55249 1
78010 55310 1
78010 55312 1
78010 65102 1
78010 65105 1
78010 70178 1
78010 74368 1
78010 79086 1
78010 94936 1
81022 55312 1
81022 75939 1
81022 76865 1
81022 89552 1
81022 98559 1
81022 103630 1
81022 108811 1
81022 115963 1
83284 22741 1
83284 27365 1
83284 27982 1
83284 28331 1
83284 47358 1
83284 55312 1
83284 56784 1
83284 124272 1
88696 49566 1
88696 55312 1
88696 58730 1
88696 91659 1
88696 92931 1
88696 97526 1
88696 108075 1
89552 55312 1
89552 73919 1
89552 75939 1
89552 76865 1
89552 81022 1
89552 92659 1
89552 98559 1
89552 103630 1
89552 115963 1
91659 49566 1
91659 55312 1
91659 58730 1
91659 85097 1
91659 88696 1
91659 92931 1
91659 97526 1
91659 108075 1
92931 49566 1
92931 55312 1
92931 58730 1
92931 76405 2
92931 82548 1
92931 88112 1
92931 88696 1
92931 91659 1
92931 97526 1
92931 108075 1
94936 46924 1
94936 46998 1
94936 51968 1
94936 55249 1
94936 55310 1
94936 55312 1
94936 57207 1
94936 65102 1
94936 66148 1
94936 68999 1
94936 78010 1
94936 81124 1
97526 49566 1
97526 55312 1
97526 58730 1
97526 88696 1
97526 91659 1
97526 92931 1
97526 108075 1
98559 51505 1
98559 55312 1
98559 59797 1
98559 66965 1
98559 70882 1
98559 75939 1
98559 76865 1
98559 77836 1
98559 81022 1
98559 81772 1
98559 82791 1
98559 83108 1
98559 83192 1
98559 89552 1
98559 94546 1
98559 96388 1
98559 98557 1
98559 103630 1
98559 115963 1
98559 116294 1
103630 55312 1
103630 69603 1
103630 71831 1
103630 73024 1
103630 75939 1
103630 76865 1
103630 77040 2
103630 81022 1
103630 82868 1
103630 85018 1
103630 87231 1
103630 89552 1
103630 90534 1
103630 95166 1
103630 95167 1
103630 97069 1
103630 98559 1
103630 100850 1
103630 101204 1
103630 103305 1
103630 105391 1
103630 106896 1
103630 107651 1
103630 108018 1
103630 108356 1
103630 108357 3
103630 111962 2
103630 112300 1
103630 113142 1
103630 114650 1
103630 114651 1
103630 115963 3
103630 119315 1
103630 121834 1
103630 122128 1
103630 123147 1
103630 125111 1
103630 126236 2
103630 126742 1
108075 49566 1
108075 55312 1
108075 58730 1
108075 69603 1
108075 76227 1
108075 86387 1
108075 88696 1
108075 91659 1
108075 92931 1
108075 94299 1
108075 97526 1
108075 108077 1
115963 55312 1
115963 75814 1
115963 75939 1
115963 76865 1
115963 77040 5
115963 81022 1
115963 89552 1
115963 90534 1
115963 97911 2
115963 98559 1
115963 98582 1
115963 98583 1
115963 100911 1
115963 103630 3
115963 103643 2
115963 108356 2
115963 108357 4
115963 112001 1
115963 115964 1
115963 122128 2
115963 122943 1
115963 126236 3
124272 27982 1
124272 28331 1
124272 52951 1
124272 55312 1
124272 56784 1
124272 83284 1
38795 21095 1
55793 21095 1
20394 32715 1
20394 116657 1
59386 32715 1
116657 20394 1
116657 32715 1
41141 37593 1
41141 44976 1
41141 48118 1
41141 74323 1
44976 37593 1
44976 41141 1
44976 48118 1
44976 74323 1
46844 37593 1
46844 51857 1
48118 37593 1
48118 41141 1
48118 44976 1
48118 74323 1
49917 37593 1
51857 37593 1
51857 46844 1
51857 56149 1
74323 37593 1
74323 41141 1
74323 44976 1
74323 48118 1
74323 73393 1
37401 42498 1
37401 43905 1
37401 49641 1
43905 37401 1
43905 42498 1
43905 49641 1
47170 42498 1
47170 50089 1
47170 86307 1
47170 87754 1
47170 89174 1
49641 4218 1
49641 37401 1
49641 42498 1
49641 43905 1
50089 42498 1
50089 47170 1
50089 86307 1
50089 87754 1
50089 89174 1
65249 42498 1
86307 42498 1
86307 47170 1
86307 50089 1
86307 87754 1
86307 89174 1
87754 42498 1
87754 47170 1
87754 50089 1
87754 86307 1
87754 89174 1
89174 42498 1
89174 47170 1
89174 50089 1
89174 86307 1
89174 87754 1
30493 43237 1
30493 122916 1
64622 43237 1
122916 30493 1
122916 43237 1
66613 62071 1
66613 76383 1
13076 62707 1
34412 63270 1
39572 63270 1
45183 48862 1
45183 51253 1
45183 57112 1
45183 69068 1
48862 45183 1
48862 51253 1
48862 57112 1
48862 69068 1
51253 45183 1
51253 48862 1
51253 57112 1
51253 69068 1
57112 45183 1
57112 48862 1
57112 51253 1
57112 69068 1
28424 69940 1
28424 75530 1
73079 69940 1
73079 79460 1
73079 79461 1
79460 69940 1
79460 73079 1
79460 79461 1
16983 24511 1
16983 30085 1
16983 49638 1
16983 59392 1
16983 71957 1
24511 16983 1
24511 30085 1
24511 49638 1
24511 59392 1
24511 71957 1
30085 16983 1
30085 24511 1
30085 49638 1
30085 59392 1
30085 71957 1
49638 16983 1
49638 24511 1
49638 30085 1
49638 59392 1
49638 71957 1
59392 16983 1
59392 24511 1
59392 30085 1
59392 49638 1
59392 71957 1
25085 31566 1
25085 72999 1
31566 25085 1
31566 72999 1
72998 72999 1
72998 79421 1
79421 42859 1
79421 72998 1
79421 72999 1
31436 35824 1
31436 43369 1
31436 48524 1
31436 60156 1
31436 70969 1
35824 31436 1
35824 43369 1
35824 48524 1
35824 60156 1
35824 70969 1
50327 22192 1
50327 42636 1
50327 43369 1
50327 43377 1
50327 44405 1
50327 49109 1
60156 31436 1
60156 35824 1
60156 43369 1
60156 48524 1
60156 70969 1
70969 31436 1
70969 35824 1
70969 43369 1
70969 48524 1
70969 60156 1
22192 42636 1
22192 43377 1
22192 44405 1
22192 49109 1
22192 50327 1
37568 44398 1
37568 44401 1
37568 44405 1
37568 44448 1
37568 52518 1
37568 52519 1
37568 122384 1
42636 22192 1
42636 43377 1
42636 44405 1
42636 49109 1
42636 50327 1
42636 57797 1
43377 22192 1
43377 42636 1
43377 44405 1
43377 49109 1
43377 50327 1
44398 37568 1
44398 44401 1
44398 44405 1
44398 44448 1
44398 52518 1
44398 52519 1
44398 122384 1
44401 37568 1
44401 44398 1
44401 44405 1
44401 44448 1
44401 52518 1
44401 52519 1
44401 122384 1
44448 37568 1
44448 44398 1
44448 44401 1
44448 44405 1
44448 52518 1
44448 52519 1
44448 122384 1
47595 42360 1
47595 44405 1
49109 22192 1
49109 42636 1
49109 43377 1
49109 44405 1
49109 50327 1
52518 37568 1
52518 44398 1
52518 44401 1
52518 44405 1
52518 44448 1
52518 52519 1
52518 122384 1
52519 37568 1
52519 44398 1
52519 44401 1
52519 44405 1
52519 44448 1
52519 52518 1
52519 122384 1
122384 37568 1
122384 44398 1
122384 44401 1
122384 44405 1
122384 44448 1
122384 52518 1
122384 52519 1
24454 30463 1
24454 31963 1
24454 47594 1
30463 24454 1
30463 31963 1
30463 47594 1
31963 24454 1
31963 30463 1
31963 47594 1
42358 48584 1
71608 48584 1
989 1635 1
989 15059 1
989 28871 1
989 48814 1
1635 989 1
1635 15059 1
1635 28871 1
1635 48814 1
15059 989 1
15059 1635 1
15059 28871 1
15059 48814 1
28871 989 1
28871 1635 1
28871 15059 1
28871 48814 1
39891 39892 1
39891 39893 1
39891 48814 1
39892 39891 1
39892 39893 2
39892 48814 1
39893 39891 1
39893 39892 2
39893 48814 1
45169 45160 1
45169 63737 1
50650 45160 1
54185 45160 1
63737 45160 1
63737 45169 1
63737 63736 1
14323 32372 1
14323 54006 1
14323 66669 1
32372 14323 1
32372 54006 1
32372 66669 1
66669 14323 1
66669 32372 1
66669 54006 1
46429 64362 1
36518 55220 1
36518 57172 1
36518 63953 1
36518 63957 1
36518 67634 1
36518 73614 1
36518 76818 1
48511 56866 1
48511 61938 1
48511 63240 1
48511 73614 1
48511 89092 1
55220 36518 1
55220 57172 1
55220 63953 1
55220 63957 1
55220 67634 1
55220 73614 1
55220 76818 1
56866 48511 1
56866 61938 1
56866 63240 1
56866 73614 1
56866 89092 1
57172 36518 1
57172 55220 1
57172 63953 1
57172 63957 1
57172 67634 1
57172 73614 1
57172 76818 1
61938 48511 1
61938 56866 1
61938 63240 1
61938 73614 1
61938 89092 1
63240 48511 1
63240 56866 1
63240 61938 1
63240 73614 1
63240 89092 1
63953 36518 1
63953 55220 1
63953 57172 1
63953 63957 1
63953 67634 1
63953 73614 1
63953 76818 1
63957 36518 1
63957 55220 1
63957 57172 1
63957 63953 1
63957 67634 1
63957 73614 1
63957 76818 1
67634 36518 1
67634 55220 1
67634 57172 1
67634 63953 1
67634 63957 1
67634 73614 1
67634 76818 1
76818 36518 1
76818 55220 1
76818 57172 1
76818 63953 1
76818 63957 1
76818 67634 1
76818 73614 1
89092 48511 1
89092 56866 1
89092 61938 1
89092 63240 1
89092 73614 1
73393 74323 1
73393 84254 1
73393 86716 1
76963 40355 1
76963 83544 1
76963 86716 1
83544 76963 1
83544 86716 1
84254 73393 1
84254 86716 1
23866 21288 1
25966 27545 1
20957 23442 1
20957 23463 1
20957 32675 1
20957 32676 1
23463 20957 1
23463 32675 1
23463 32676 1
32675 20957 1
32675 23463 1
32675 32676 1
22407 40999 1
22407 52699 1
28141 40999 1
48443 40999 1
52699 22407 1
52699 40999 1
37013 49566 1
37013 86340 1
37013 124014 1
49562 49566 1
86340 37013 1
86340 49566 1
86340 88112 1
86340 124014 1
95821 49566 1
95821 97814 4
95821 101222 1
95821 106901 1
97814 49566 1
97814 80840 1
97814 86387 1
97814 95821 4
97814 101222 1
97814 106901 1
101222 49566 1
101222 73327 1
101222 73919 1
101222 95821 1
101222 97814 1
101222 106901 2
106901 49566 1
106901 73327 1
106901 73919 1
106901 95821 1
106901 97814 1
106901 101222 2
124014 37013 1
124014 49566 1
124014 50004 1
124014 86340 1
23258 36685 1
23258 46175 1
23258 47904 1
23258 48249 1
23258 49017 1
23258 55249 1
23258 68739 1
23258 68999 1
36685 23258 1
36685 46175 1
36685 47904 1
36685 48249 1
36685 49017 1
36685 55249 1
36685 68739 1
36685 68999 1
46175 23258 1
46175 36685 1
46175 47904 1
46175 48249 1
46175 49017 1
46175 55249 1
46175 68739 1
46175 68999 1
47904 23258 1
47904 36685 1
47904 46175 1
47904 48249 1
47904 49017 1
47904 55249 1
47904 68739 1
47904 68999 1
48249 23258 1
48249 36685 1
48249 46175 1
48249 47904 1
48249 49017 1
48249 55249 1
48249 68739 1
48249 68999 1
49017 23258 1
49017 36685 1
49017 46175 1
49017 47904 1
49017 48249 1
49017 55249 1
49017 68739 1
49017 68999 1
68739 23258 1
68739 36685 1
68739 46175 1
68739 47904 1
68739 48249 1
68739 49017 1
68739 55249 1
68739 55296 1
68739 60757 1
68739 68999 1
68999 23258 1
68999 36685 1
68999 46175 1
68999 46924 1
68999 46998 1
68999 47904 1
68999 48249 1
68999 49017 1
68999 51968 1
68999 55249 1
68999 57207 1
68999 66148 1
68999 68739 1
68999 81124 1
68999 94936 1
57917 55296 1
57917 60757 1
60757 55296 2
60757 57917 1
60757 68739 1
41086 43143 1
41086 46924 1
41086 54519 1
41086 55310 1
41086 56937 1
41086 62305 1
41086 65102 1
41086 68339 1
41086 69161 1
41086 70398 1
41086 71779 1
46924 41086 1
46924 46998 1
46924 51968 1
46924 54519 1
46924 55310 1
46924 57207 1
46924 66148 1
46924 68999 1
46924 71779 1
46924 81124 1
46924 94936 1
54519 41086 1
54519 46924 1
54519 55310 1
54519 71779 1
61544 55310 1
61544 88156 1
65084 55310 1
65084 73682 1
71779 41086 1
71779 46924 1
71779 54519 1
71779 55310 1
87913 55310 1
88156 55310 1
88156 61544 1
64732 56784 1
71150 56784 1
71150 75530 1
75530 28424 1
75530 56784 1
75530 71150 1
77159 56784 1
56291 57299 1
74767 57299 1
61772 62568 1
61772 63577 1
61772 71741 1
61772 75627 1
61772 86647 1
61772 96354 1
63577 61772 1
63577 62568 1
63577 71741 1
63577 75627 1
63577 86647 1
63577 96354 1
71741 61772 1
71741 62568 1
71741 63577 1
71741 75627 1
71741 86647 1
71741 96354 1
71983 62568 1
75627 61772 1
75627 62568 1
75627 63577 1
75627 71741 1
75627 86647 1
75627 96354 1
86353 62568 1
86647 61772 1
86647 62568 1
86647 63577 1
86647 71741 1
86647 75627 1
86647 92836 1
86647 96354 1
96354 61772 1
96354 62568 1
96354 63577 1
96354 68984 1
96354 71741 1
96354 75627 1
96354 86647 1
96354 96353 1
43143 41086 1
43143 56937 1
43143 62305 1
43143 65102 1
43143 68339 1
43143 69161 1
43143 70398 1
56937 41086 1
56937 43143 1
56937 51729 1
56937 62305 1
56937 65102 1
56937 68339 1
56937 69161 1
56937 70398 1
62305 41086 1
62305 43143 1
62305 56937 1
62305 65102 1
62305 68339 1
62305 69161 1
62305 70398 1
64356 65102 1
64356 70179 1
68339 41086 1
68339 43143 1
68339 56937 1
68339 62305 1
68339 65102 1
68339 69161 1
68339 70398 1
69161 41086 1
69161 43143 1
69161 56937 1
69161 62305 1
69161 65102 1
69161 68339 1
69161 70398 1
70179 64356 1
70179 65102 1
70179 70178 1
70398 41086 1
70398 43143 1
70398 56937 1
70398 62305 1
70398 65102 1
70398 68339 1
70398 69161 1
80141 65102 1
71310 73327 1
71310 73682 1
73327 71310 1
73327 73682 1
73327 73919 1
73327 101222 1
73327 106901 1
90296 73682 1
51832 73962 1
71878 73962 1
99594 73962 1
99594 112448 1
110085 73962 1
112448 73962 1
112448 99594 1
76864 76865 1
36686 65105 1
36686 70178 1
36686 78010 1
36686 79086 1
65105 36686 1
65105 70178 1
65105 78010 1
65105 79086 1
70178 36686 1
70178 65105 1
70178 70179 1
70178 78010 1
70178 79086 1
74368 77836 1
74368 78010 1
79086 36686 1
79086 65105 1
79086 70178 1
79086 78010 1
108811 81022 1
22741 27365 1
22741 47358 1
22741 83284 1
27365 22741 1
27365 47358 1
27365 83284 1
47358 22741 1
47358 27365 1
47358 83284 1
73919 73327 1
73919 89552 1
73919 101222 1
73919 106901 1
73919 125295 1
92659 89552 1
85097 91659 1
76405 92931 2
82548 92931 1
88112 86340 1
88112 92931 1
46998 46924 1
46998 51968 1
46998 57207 2
46998 66148 1
46998 68999 1
46998 81124 1
46998 94936 1
51968 46924 1
51968 46998 1
51968 57207 1
51968 66148 1
51968 68999 1
51968 81124 1
51968 94936 1
57207 46924 1
57207 46998 2
57207 51968 1
57207 66148 1
57207 68999 1
57207 81124 1
57207 94936 1
66148 46924 1
66148 46998 1
66148 51968 1
66148 57207 1
66148 68999 1
66148 81124 1
66148 94936 1
81124 46924 1
81124 46998 1
81124 51968 1
81124 57207 1
81124 66148 1
81124 68999 1
81124 94936 1
51505 96388 1
51505 98559 1
59797 77836 1
59797 81772 1
59797 94546 1
59797 98559 1
66965 98559 1
66965 116294 2
70882 83192 1
70882 98559 1
77836 59797 1
77836 74368 1
77836 81772 1
77836 94546 1
77836 98559 1
81772 59797 1
81772 77836 1
81772 82875 1
81772 94546 1
81772 98559 1
82791 98559 1
83108 98559 1
83192 70882 1
83192 98559 1
94546 59797 1
94546 77836 1
94546 81772 1
94546 98559 1
96388 51505 1
96388 98559 1
98557 98559 1
116294 56180 1
116294 66965 2
116294 98559 1
69603 76227 1
69603 103630 1
69603 106896 1
69603 108075 1
69603 108077 1
69603 112300 1
71831 82868 1
71831 95166 1
71831 95167 1
71831 97069 1
71831 103630 1
71831 121834 1
71831 125111 1
73024 101204 1
73024 103630 1
73024 114651 1
73024 126742 1
77040 75814 1
77040 97911 2
77040 98582 1
77040 98583 1
77040 103630 2
77040 108356 2
77040 108357 5
77040 112001 1
77040 115963 5
77040 122128 2
77040 122943 1
77040 126236 3
82868 71831 1
82868 95166 1
82868 95167 1
82868 97069 1
82868 103630 1
82868 121834 1
82868 125111 1
85018 87231 1
85018 103305 1
85018 103630 1
85018 105391 1
85018 114650 1
85018 123147 1
87231 85018 1
87231 103305 1
87231 103630 1
87231 105391 1
87231 106896 1
87231 114650 1
87231 123147 1
90534 100911 1
90534 103630 1
90534 103643 1
90534 115963 1
95166 71831 1
95166 82868 1
95166 95167 1
95166 97069 1
95166 103630 1
95166 121834 1
95166 125111 1
95167 71831 1
95167 82868 1
95167 95166 1
95167 97069 1
95167 103630 1
95167 121834 1
95167 125111 1
97069 71831 1
97069 82868 1
97069 95166 1
97069 95167 1
97069 103630 1
97069 109068 1
97069 121834 1
97069 125111 1
100850 103630 1
101204 73024 1
101204 83691 2
101204 103630 1
101204 114651 1
101204 126742 1
103305 85018 1
103305 87231 1
103305 103630 1
103305 105391 1
103305 114650 1
103305 123147 1
105391 85018 1
105391 87231 1
105391 103305 1
105391 103630 1
105391 114650 1
105391 123147 1
105391 126742 1
106896 69603 1
106896 87231 1
106896 103630 1
106896 112300 1
106896 114650 1
106896 114651 1
106896 115964 1
107651 103630 1
107651 108018 1
107651 111962 1
108018 103630 1
108018 107651 1
108018 108077 1
108018 111962 1
108356 77040 2
108356 97911 1
108356 103630 1
108356 108357 2
108356 115963 2
108356 122128 1
108356 126236 2
108357 75814 1
108357 77040 5
108357 97911 1
108357 98582 1
108357 98583 1
108357 103630 3
108357 108356 2
108357 112001 1
108357 113142 1
108357 115963 4
108357 122128 2
108357 122943 1
108357 126236 3
111962 103630 2
111962 107651 1
111962 108018 1
112300 69603 1
112300 103630 1
112300 106896 1
113142 103630 1
113142 108357 1
114650 85018 1
114650 87231 1
114650 103305 1
114650 103630 1
114650 105391 1
114650 106896 1
114650 114651 1
114650 115964 1
114650 123147 1
114651 73024 1
114651 101204 1
114651 103630 1
114651 106896 1
114651 114650 1
114651 115964 1
114651 126742 1
119315 80260 1
119315 103630 1
119315 117215 1
119315 119316 1
121834 71831 1
121834 82868 1
121834 95166 1
121834 95167 1
121834 97069 1
121834 103630 1
121834 125111 1
122128 75814 1
122128 77040 2
122128 97911 1
122128 98582 1
122128 98583 1
122128 103630 1
122128 108356 1
122128 108357 2
122128 112001 1
122128 115963 2
122128 122943 1
122128 126236 1
123147 85018 1
123147 87231 1
123147 103305 1
123147 103630 1
123147 105391 1
123147 114650 1
125111 71831 1
125111 82868 1
125111 95166 1
125111 95167 1
125111 97069 1
125111 103630 1
125111 121834 1
126236 77040 3
126236 103630 2
126236 108356 2
126236 108357 3
126236 115963 3
126236 122128 1
126742 73024 1
126742 101204 1
126742 103630 1
126742 105391 1
126742 114651 1
76227 69603 1
76227 108075 1
76227 108077 1
76227 125361 1
86387 94299 1
86387 97814 1
86387 108075 1
94299 86387 1
94299 94300 1
94299 108075 1
108077 69603 1
108077 76227 1
108077 108018 1
108077 108075 1
75814 77040 1
75814 97911 1
75814 98582 1
75814 98583 1
75814 108357 1
75814 112001 1
75814 115963 1
75814 122128 1
75814 122943 1
97911 75814 1
97911 77040 2
97911 98582 1
97911 98583 1
97911 103643 1
97911 108356 1
97911 108357 1
97911 112001 1
97911 115963 2
97911 122128 1
97911 122943 1
98582 75814 1
98582 77040 1
98582 97911 1
98582 98583 4
98582 103643 1
98582 108357 1
98582 112001 1
98582 115963 1
98582 122128 1
98582 122943 1
98583 75814 1
98583 77040 1
98583 97911 1
98583 98582 4
98583 108357 1
98583 112001 1
98583 115963 1
98583 122128 1
98583 122943 1
100911 90534 1
100911 103643 1
100911 115963 1
103643 90534 1
103643 97911 1
103643 98582 1
103643 100911 1
103643 115963 2
112001 75814 1
112001 77040 1
112001 97911 1
112001 98582 1
112001 98583 1
112001 108357 1
112001 115963 1
112001 122128 1
112001 122943 1
115964 106896 1
115964 114650 1
115964 114651 1
115964 115963 1
122943 75814 1
122943 77040 1
122943 97911 1
122943 98582 1
122943 98583 1
122943 108357 1
122943 112001 1
122943 115963 1
122943 122128 1
125361 76227 1
94300 94299 1
109068 97069 1
83691 101204 2
80260 119315 1
117215 119315 1
119316 119315 1
82875 81772 1
56180 116294 1
125295 73919 1
52951 124272 1
51729 56937 1
92836 86647 1
68984 96354 1
96353 96354 1
80840 97814 1
50004 124014 1
23442 20957 1
40355 76963 1
63736 63737 1
57797 42636 1
42360 47595 1
42859 79421 1
76383 66613 1
4218 49641 1
56149 51857 1
