26390 43331 1
43331 15966 1
43331 26390 1
43331 36325 1
43331 36328 1
43331 56121 1
15966 36325 1
15966 36328 1
15966 43331 1
15966 56121 1
36325 15966 1
36325 27141 1
36325 36328 1
36325 39851 1
36325 39880 1
36325 43331 1
36325 49713 1
36325 56121 1
36328 15966 1
36328 36325 1
36328 43331 1
36328 49959 1
36328 56121 1
36328 99168 1
56121 15966 1
56121 28241 1
56121 32730 1
56121 34850 1
56121 36325 1
56121 36328 1
56121 43331 1
56121 46260 1
56121 50973 1
56121 56120 1
56121 56123 1
27141 16770 1
27141 17412 1
27141 21241 1
27141 23835 1
27141 24422 1
27141 26229 1
27141 28035 1
27141 34478 1
27141 36325 1
27141 39851 1
27141 39866 1
27141 39880 1
27141 41724 1
27141 45424 1
27141 46785 1
27141 46899 1
27141 49713 1
27141 50991 1
27141 52079 1
27141 54625 1
27141 56424 1
27141 60335 1
27141 61058 1
39851 27141 1
39851 36325 1
39851 39880 1
39851 49713 1
39851 52169 1
39851 57122 1
39880 27141 1
39880 36325 1
39880 39851 1
39880 49713 1
49713 27141 1
49713 36325 1
49713 39851 1
49713 39880 1
49959 15932 1
49959 36328 1
49959 42047 1
49959 42112 1
49959 42696 1
49959 46150 1
49959 50893 1
49959 56424 1
49959 58756 1
49959 99168 1
49959 125123 1
99168 36328 1
99168 49959 1
99168 71069 1
28241 28825 1
28241 30263 1
28241 34427 1
28241 34850 1
28241 36287 1
28241 44784 1
28241 44828 1
28241 46260 1
28241 46895 1
28241 49711 1
28241 50446 1
28241 50973 1
28241 51194 1
28241 52421 1
28241 56121 1
28241 122982 1
32730 28170 1
32730 30112 1
32730 30733 1
32730 38607 1
32730 41166 1
32730 42484 1
32730 45655 1
32730 45663 1
32730 46475 1
32730 47661 1
32730 48189 1
32730 48191 1
32730 49164 1
32730 50449 1
32730 50708 1
32730 50792 1
32730 54263 1
32730 56120 1
32730 56121 1
32730 56123 1
32730 63541 1
34850 28241 1
34850 46260 1
34850 50973 1
34850 56121 1
46260 28241 1
46260 34850 1
46260 50973 1
46260 56121 1
50973 28241 1
50973 28820 1
50973 34472 1
50973 34850 1
50973 46260 1
50973 56121 1
56120 32027 1
56120 32730 1
56120 56121 1
56120 56123 1
56123 32730 1
56123 56120 1
56123 56121 1
16770 21241 1
16770 24422 1
16770 26229 1
16770 27141 1
16770 46785 1
17412 17411 1
17412 23835 1
17412 26812 1
17412 27141 1
17412 38678 1
17412 41724 1
17412 45424 1
17412 46799 1
17412 50991 2
21241 16770 1
21241 24422 1
21241 26229 1
21241 27141 1
21241 46785 1
23835 17412 1
23835 27141 1
23835 41724 1
23835 45424 1
23835 50991 1
24422 1625 1
24422 16770 1
24422 17833 1
24422 21188 1
24422 21241 1
24422 24660 1
24422 25441 1
24422 26229 1
24422 26707 1
24422 26723 1
24422 27141 1
24422 28922 1
24422 30133 1
24422 30134 1
24422 33981 1
24422 46785 1
26229 16770 1
26229 21241 1
26229 24422 1
26229 27141 1
26229 46785 1
28035 27141 1
28035 29694 1
28035 34478 1
28035 39866 1
28035 46899 1
28035 52079 1
28035 54625 1
28035 56424 1
28035 61058 1
34478 27141 1
34478 28035 1
34478 39866 1
34478 46899 1
34478 52079 1
34478 54625 1
34478 56424 1
34478 61058 1
39866 27141 1
39866 28035 1
39866 34478 1
39866 46899 1
39866 52079 1
39866 54385 1
39866 54625 1
39866 56424 1
39866 61058 1
41724 17412 1
41724 23835 1
41724 27141 1
41724 45424 1
41724 50991 1
45424 17412 1
45424 23835 1
45424 27141 1
45424 33559 1
45424 41724 1
45424 50991 1
45424 53760 1
46785 16770 1
46785 21241 1
46785 24422 1
46785 26229 1
46785 27141 1
46785 36735 1
46785 43103 1
46785 43219 1
46899 27141 1
46899 28035 1
46899 34478 1
46899 39866 1
46899 52079 1
46899 54625 1
46899 56424 1
46899 61058 1
50991 1731 1
50991 17412 2
50991 23835 1
50991 27141 1
50991 38678 1
50991 39962 1
50991 41724 1
50991 45424 1
50991 45731 1
50991 62892 1
52079 27141 1
52079 28035 1
52079 34478 1
52079 39486 1
52079 39487 1
52079 39488 1
52079 39866 1
52079 46899 1
52079 54625 1
52079 56424 1
52079 61058 1
54625 27141 1
54625 28035 1
54625 34478 1
54625 39866 1
54625 46899 1
54625 52079 1
54625 56424 1
54625 61058 1
56424 15932 1
56424 27141 1
56424 28035 1
56424 30186 1
56424 34478 1
56424 35155 1
56424 39866 1
56424 42047 1
56424 42112 1
56424 46150 1
56424 46151 1
56424 46899 1
56424 49959 1
56424 50893 1
56424 52079 1
56424 54621 1
56424 54625 1
56424 58756 1
56424 61058 1
56424 92809 1
56424 125123 1
60335 27141 1
60335 29069 1
60335 47765 1
60335 56377 1
60335 56378 1
60335 56379 1
60335 57183 1
61058 27141 1
61058 28035 1
61058 34478 1
61058 39866 1
61058 46899 1
61058 52079 1
61058 54625 1
61058 56424 1
52169 7264 1
52169 27334 1
52169 27335 1
52169 28050 1
52169 28524 1
52169 32610 1
52169 33134 1
52169 39851 1
52169 46409 1
52169 53297 1
52169 60730 1
52169 62968 1
52169 69954 1
57122 39851 1
15932 42047 1
15932 42112 1
15932 46150 1
15932 49959 1
15932 50893 1
15932 56424 1
15932 58756 1
15932 125123 1
42047 15932 1
42047 42112 1
42047 42778 1
42047 46150 1
42047 49959 1
42047 50893 1
42047 52429 1
42047 56424 1
42047 58756 1
42047 125123 1
42112 7263 1
42112 15932 1
42112 29690 1
42112 30301 1
42112 42047 1
42112 42685 1
42112 46150 1
42112 46949 1
42112 49959 1
42112 50511 1
42112 50893 1
42112 56424 1
42112 58756 2
42112 125123 1
42696 49959 1
46150 15932 1
46150 42047 1
46150 42112 1
46150 49959 1
46150 50893 1
46150 56424 1
46150 58756 1
46150 125123 1
50893 15932 1
50893 24088 1
50893 34485 1
50893 34807 1
50893 42047 1
50893 42112 1
50893 44681 1
50893 44682 1
50893 46150 1
50893 49959 1
50893 56424 1
50893 58756 1
50893 63402 1
50893 125123 1
58756 15932 1
58756 42047 1
58756 42112 2
58756 46150 1
58756 49959 1
58756 50893 1
58756 56424 1
58756 125123 1
125123 15932 1
125123 42047 1
125123 42112 1
125123 46150 1
125123 48405 1
125123 49959 1
125123 50893 1
125123 56424 1
125123 58756 1
71069 41825 1
71069 73706 1
71069 82175 1
71069 90627 1
71069 98993 1
71069 99168 1
28825 28241 1
28825 30263 1
28825 34427 1
28825 36287 1
28825 44828 1
28825 45058 1
28825 45061 1
28825 46895 1
28825 49711 1
28825 50446 1
28825 51194 1
28825 122982 1
30263 28241 1
30263 28825 1
30263 34427 1
30263 36287 1
30263 44784 1
30263 44828 1
30263 46895 1
30263 49711 1
30263 50446 1
30263 51194 1
30263 122982 1
34427 28241 1
34427 28825 1
34427 30263 1
34427 36287 1
34427 44828 1
34427 46895 1
34427 49711 1
34427 50446 1
34427 51194 1
34427 122982 1
36287 28241 1
36287 28825 1
36287 30263 1
36287 34427 1
36287 44828 1
36287 46895 1
36287 49711 1
36287 50446 1
36287 51194 1
36287 122982 1
44784 28241 1
44784 30263 1
44784 52421 1
44828 28241 1
44828 28825 1
44828 30263 1
44828 34427 1
44828 36287 1
44828 46895 1
44828 49711 1
44828 50446 1
44828 51194 1
44828 122982 1
46895 28241 1
46895 28825 1
46895 30263 1
46895 34427 1
46895 36287 1
46895 44828 1
46895 49711 1
46895 50446 1
46895 51194 1
46895 122982 1
49711 28241 1
49711 28825 1
49711 30263 1
49711 34427 1
49711 36287 1
49711 44828 1
49711 46895 1
49711 50446 1
49711 51194 1
49711 122982 1
50446 28241 1
50446 28825 1
50446 30263 1
50446 34427 1
50446 36287 1
50446 44828 1
50446 46895 1
50446 49711 1
50446 51194 1
50446 122982 1
51194 28241 1
51194 28825 1
51194 30263 1
51194 34427 1
51194 36287 1
51194 44828 1
51194 46895 1
51194 47675 1
51194 49418 1
51194 49711 1
51194 50446 1
51194 122438 1
51194 122982 1
52421 28241 1
52421 44784 1
52421 46228 1
52421 57052 1
122982 28241 1
122982 28825 1
122982 30263 1
122982 34427 1
122982 36287 1
122982 44828 1
122982 46895 1
122982 49711 1
122982 50446 1
122982 51194 1
28170 32730 1
28170 45663 1
28170 48191 1
28170 50449 1
28170 63541 1
30112 32730 1
30112 38607 1
30112 41166 1
30112 42484 1
30112 45655 1
30112 46475 1
30112 47661 1
30112 48189 1
30112 49164 1
30112 50708 1
30112 50792 1
30112 54263 1
30733 32730 1
30733 35062 1
30733 35969 1
30733 37587 1
30733 40176 1
30733 40967 1
30733 46287 1
30733 48110 1
38607 30112 1
38607 32730 1
38607 41166 1
38607 42484 1
38607 45655 1
38607 46475 1
38607 47661 1
38607 48189 1
38607 49164 1
38607 50708 1
38607 50792 1
38607 54263 1
41166 30112 1
41166 32730 1
41166 38607 1
41166 42484 1
41166 45655 1
41166 46475 1
41166 47661 1
41166 48189 1
41166 49164 1
41166 50708 1
41166 50792 1
41166 54263 1
42484 30112 1
42484 32730 1
42484 38607 1
42484 41166 1
42484 45655 1
42484 46475 1
42484 47661 1
42484 48189 1
42484 49164 1
42484 50708 1
42484 50792 1
42484 54263 1
42484 73549 1
45655 24196 1
45655 30112 1
45655 32730 1
45655 38607 1
45655 41166 1
45655 42484 1
45655 46475 1
45655 47661 1
45655 48189 1
45655 48405 1
45655 49164 1
45655 50708 1
45655 50792 1
45655 54263 1
45655 58738 1
45663 28170 1
45663 32730 1
45663 48191 1
45663 50449 1
45663 63541 1
46475 30112 1
46475 32730 1
46475 38607 1
46475 41166 1
46475 42484 1
46475 45655 1
46475 47661 1
46475 48189 1
46475 49164 1
46475 50708 1
46475 50792 1
46475 54263 1
47661 30112 1
47661 32730 1
47661 38607 1
47661 41166 1
47661 42484 1
47661 44509 1
47661 45156 1
47661 45655 1
47661 46475 1
47661 48189 1
47661 48582 1
47661 49164 1
47661 50708 1
47661 50792 1
47661 54263 1
47661 125258 1
47661 125263 1
48189 30112 1
48189 32730 1
48189 38607 1
48189 41166 1
48189 42484 1
48189 45655 1
48189 46475 1
48189 47661 1
48189 49164 1
48189 50708 1
48189 50792 1
48189 54263 1
48191 28170 1
48191 32730 1
48191 36105 1
48191 45663 1
48191 50449 1
48191 63541 1
49164 30112 1
49164 32730 1
49164 38607 1
49164 40413 1
49164 41166 1
49164 42484 1
49164 45655 1
49164 46475 1
49164 47661 1
49164 48189 1
49164 50708 1
49164 50792 1
49164 54263 1
50449 28170 1
50449 32730 1
50449 33922 1
50449 38444 1
50449 42563 1
50449 45663 1
50449 48191 1
50449 63541 1
50708 30112 1
50708 32730 1
50708 37211 1
50708 38607 1
50708 41166 1
50708 42484 1
50708 45655 1
50708 46475 1
50708 47661 1
50708 48189 1
50708 49164 1
50708 50792 1
50708 54263 1
50792 30112 1
50792 32730 1
50792 38607 1
50792 41166 1
50792 42484 1
50792 45655 1
50792 46475 1
50792 47661 1
50792 48189 1
50792 49164 1
50792 50708 1
50792 54263 1
54263 30112 1
54263 32730 1
54263 38607 1
54263 41166 1
54263 42484 1
54263 45655 1
54263 46475 1
54263 47661 1
54263 48189 1
54263 49164 1
54263 50708 1
54263 50792 1
54263 52663 1
54263 104920 1
54263 106187 1
63541 28170 1
63541 32730 1
63541 34488 1
63541 45663 1
63541 48191 1
63541 49003 1
63541 50449 1
63541 61175 1
63541 66031 1
28820 50973 1
34472 50973 1
32027 56120 1
17411 17412 1
17411 73107 1
17411 75020 1
26812 17412 1
26812 46799 1
38678 17412 1
38678 50991 1
46799 17412 1
46799 26812 1
1625 24422 1
1625 26707 1
1625 26723 1
1625 28922 1
1625 30133 1
1625 30134 1
1625 33981 1
17833 21188 1
17833 21610 1
17833 24422 1
17833 25441 1
21188 17833 1
21188 24422 1
21188 25441 1
24660 24422 1
25441 17833 1
25441 21188 1
25441 24422 1
26707 1625 1
26707 24422 1
26707 26723 1
26707 28922 1
26707 30133 1
26707 30134 1
26707 33981 1
26723 1625 1
26723 24422 1
26723 26707 1
26723 27725 1
26723 28922 1
26723 29350 3
26723 30133 1
26723 30134 4
26723 33981 1
26723 35777 3
28922 1625 1
28922 24422 1
28922 26707 1
28922 26723 1
28922 30133 1
28922 30134 1
28922 33981 1
30133 1625 1
30133 24422 1
30133 26707 1
30133 26723 1
30133 28922 1
30133 30134 1
30133 33981 1
30134 1625 1
30134 24422 1
30134 26707 1
30134 26723 4
30134 27725 1
30134 28922 1
30134 29350 2
30134 30133 1
30134 33981 1
30134 35777 2
33981 1625 1
33981 24422 1
33981 26707 1
33981 26723 1
33981 28922 1
33981 30133 1
33981 30134 1
29694 28035 1
54385 39866 1
33559 45424 1
53760 45424 1
36735 43103 1
36735 43219 1
36735 46785 1
43103 36735 1
43103 43219 1
43103 46785 1
43219 36735 1
43219 43103 1
43219 46785 1
1731 39962 1
1731 50991 1
1731 62892 1
39962 1731 1
39962 50991 1
39962 62892 1
45731 50991 1
62892 1731 1
62892 39962 1
62892 50991 1
39486 39487 1
39486 39488 1
39486 52079 1
39487 39486 1
39487 39488 1
39487 52079 1
39488 39486 1
39488 39487 1
39488 52079 1
30186 56424 1
30186 92809 1
35155 46151 1
35155 54621 1
35155 56424 1
46151 35155 1
46151 54621 2
46151 56424 1
54621 35155 1
54621 46151 2
54621 56424 1
92809 30186 1
92809 56424 1
29069 47765 1
29069 56377 1
29069 56378 1
29069 56379 1
29069 57183 1
29069 60335 1
47765 29069 1
47765 56377 1
47765 56378 1
47765 56379 1
47765 57183 1
47765 60335 1
56377 29069 1
56377 47765 1
56377 56378 1
56377 56379 1
56377 57183 1
56377 60335 1
56378 29069 1
56378 47765 1
56378 56377 1
56378 56379 1
56378 57183 1
56378 60335 1
56379 29069 1
56379 47765 1
56379 56377 1
56379 56378 1
56379 57183 1
56379 60335 1
57183 29069 1
57183 47765 1
57183 56377 1
57183 56378 1
57183 56379 1
57183 60335 1
7264 32610 1
7264 33134 1
7264 46409 1
7264 52169 1
7264 60730 1
7264 62968 1
7264 69954 1
27334 27335 1
27334 28050 1
27334 28524 1
27334 52169 1
27335 27334 1
27335 28050 1
27335 28524 1
27335 52169 1
28050 27334 1
28050 27335 1
28050 28524 1
28050 52169 1
28524 27334 1
28524 27335 1
28524 28050 1
28524 52169 1
32610 7264 1
32610 33134 1
32610 46409 1
32610 52169 1
32610 60730 1
32610 62968 1
32610 69954 1
33134 7264 1
33134 32610 1
33134 46409 1
33134 52169 1
33134 60730 1
33134 62968 1
33134 69954 1
46409 7264 1
46409 32610 1
46409 33134 1
46409 52169 1
46409 60730 1
46409 62968 1
46409 69954 1
53297 52169 1
60730 7264 1
60730 32610 1
60730 33134 1
60730 46409 1
60730 52169 1
60730 62968 1
60730 69954 1
62968 7264 1
62968 32610 1
62968 33134 1
62968 46409 1
62968 52169 1
62968 60730 1
62968 69954 1
69954 7264 1
69954 32610 1
69954 33134 1
69954 46409 1
69954 52169 1
69954 60730 1
69954 62968 1
42778 42047 1
42778 52429 1
52429 42047 1
52429 42778 1
7263 29690 1
7263 30301 1
7263 42112 1
7263 42685 1
7263 46949 1
7263 50511 1
29690 7263 1
29690 30301 1
29690 42112 1
29690 42685 1
29690 46949 1
29690 50511 2
29690 122438 1
30301 7263 1
30301 29690 1
30301 42112 1
30301 42685 1
30301 46949 1
30301 50511 1
42685 7263 1
42685 29690 1
42685 30301 1
42685 42112 1
42685 46949 1
42685 50511 1
46949 7263 1
46949 29690 1
46949 30301 1
46949 42112 1
46949 42685 1
46949 50511 1
50511 7263 1
50511 29690 2
50511 30301 1
50511 42112 1
50511 42685 1
50511 46949 1
50511 122438 1
24088 34485 1
24088 34807 1
24088 43123 1
24088 44681 1
24088 44682 1
24088 50893 1
24088 63402 1
34485 24088 1
34485 34807 1
34485 44681 1
34485 44682 1
34485 50893 1
34485 63402 1
34807 24088 1
34807 34485 1
34807 44681 1
34807 44682 1
34807 50893 1
34807 63402 1
44681 24088 1
44681 34485 1
44681 34807 1
44681 44682 1
44681 50893 1
44681 63402 1
44682 24088 1
44682 34485 1
44682 34807 1
44682 44681 1
44682 50893 1
44682 63402 1
63402 24088 1
63402 34485 1
63402 34807 1
63402 38434 1
63402 44681 1
63402 44682 1
63402 45200 1
63402 50893 1
48405 24196 1
48405 45655 1
48405 58738 1
48405 125123 1
41825 46410 1
41825 54871 1
41825 61249 1
41825 71069 1
73706 54793 1
73706 71069 1
73706 82175 1
82175 71069 1
82175 73706 1
90627 71069 1
98993 71069 1
45058 28825 1
45058 45061 1
45061 28825 1
45061 45058 1
47675 49418 1
47675 51194 1
47675 122438 1
49418 47675 1
49418 51194 1
49418 122438 1
122438 29690 1
122438 47675 1
122438 49418 1
122438 50511 1
122438 51194 1
46228 52421 1
57052 52421 1
35062 30733 1
35969 30733 1
37587 30733 1
37587 40176 1
37587 40967 2
37587 46287 2
40176 30733 1
40176 37587 1
40176 40967 1
40176 46287 1
40967 30733 1
40967 37587 2
40967 40176 1
40967 46287 2
46287 30733 1
46287 37587 2
46287 40176 1
46287 40967 2
48110 30733 1
73549 42484 1
24196 45655 1
24196 48405 1
24196 58738 1
58738 24196 1
58738 45655 1
58738 48405 1
44509 47661 1
45156 47661 1
45156 48582 1
48582 45156 1
48582 47661 1
125258 47661 1
125258 125263 2
125263 47661 1
125263 125258 2
36105 48191 1
40413 49164 1
33922 38444 1
33922 42563 1
33922 50449 1
38444 33922 1
38444 42563 1
38444 50449 1
42563 33922 1
42563 38444 1
42563 50449 1
37211 50708 1
52663 54263 1
104920 54263 1
104920 106187 1
106187 54263 1
106187 104920 1
34488 49003 1
34488 61175 1
34488 63541 1
34488 66031 1
49003 34488 1
49003 61175 1
49003 63541 1
49003 66031 1
61175 34488 1
61175 49003 1
61175 63541 1
61175 66031 1
66031 34488 1
66031 49003 1
66031 61175 1
66031 63541 1
46410 41825 1
46410 54871 1
46410 61249 1
54871 41825 1
54871 46410 1
54871 61249 1
61249 41825 1
61249 46410 1
61249 54871 1
54793 73706 1
43123 24088 1
38434 45200 1
38434 63402 1
45200 38434 1
45200 63402 1
21610 17833 1
27725 26723 1
27725 29350 1
27725 30134 1
27725 35777 1
29350 26723 3
29350 27725 1
29350 30134 2
29350 35777 3
35777 26723 3
35777 27725 1
35777 29350 3
35777 30134 2
73107 17411 1
75020 17411 1
