40771 7316 1
7316 40771 1
7316 41290 1
41290 7316 1
41290 30814 1
41290 32622 1
41290 36467 1
41290 39631 1
41290 40882 1
41290 41836 1
41290 41840 1
41290 55197 1
30814 21657 1
30814 23289 1
30814 24235 1
30814 33290 1
30814 38148 1
30814 40882 1
30814 41290 1
32622 32732 1
32622 39506 1
32622 39631 1
32622 41290 1
32622 47783 1
32622 48269 1
32622 48500 1
32622 49941 1
32622 55197 1
32622 61530 1
36467 20162 1
36467 20163 1
36467 20165 1
36467 20166 1
36467 25093 1
36467 34771 1
36467 41290 1
36467 41836 1
36467 41840 1
39631 32622 1
39631 41290 1
39631 55197 1
40882 4080 2
40882 4081 1
40882 4086 1
40882 13869 1
40882 15024 1
40882 16922 1
40882 20461 1
40882 20855 1
40882 22430 1
40882 22680 1
40882 22807 1
40882 23310 1
40882 28227 1
40882 28292 1
40882 28832 1
40882 29080 1
40882 30814 1
40882 35470 1
40882 36769 1
40882 40874 3
40882 41290 1
40882 43456 1
40882 44361 1
40882 53327 1
41836 22763 1
41836 25954 1
41836 36467 1
41836 41290 1
41836 41840 1
41836 41843 1
41836 43770 1
41836 43775 1
41836 44958 1
41836 45301 1
41840 36467 1
41840 41290 1
41840 41836 1
41840 43680 1
41840 43770 2
41840 43775 3
41840 43778 2
41840 44961 1
55197 31084 1
55197 32622 1
55197 39631 1
55197 40061 1
55197 41290 1
55197 43961 1
55197 44128 1
55197 44535 1
55197 46221 1
55197 49393 1
55197 51633 1
55197 52224 1
55197 53413 1
55197 53629 1
55197 53678 1
55197 54707 1
55197 54917 1
55197 55884 1
55197 56360 1
55197 60431 1
55197 61861 1
55197 66894 1
55197 67494 1
21657 23289 1
21657 24235 1
21657 30814 1
21657 33290 1
21657 38148 1
23289 21657 1
23289 24235 1
23289 30814 1
23289 33290 1
23289 38148 1
24235 21657 1
24235 23289 1
24235 30814 1
24235 33290 1
24235 38148 1
33290 113 1
33290 427 1
33290 7109 1
33290 9188 1
33290 11056 1
33290 16435 1
33290 18316 1
33290 18939 1
33290 19647 1
33290 19648 1
33290 20462 1
33290 20488 1
33290 21657 1
33290 21828 1
33290 22562 1
33290 22827 1
33290 23277 1
33290 23289 1
33290 23436 1
33290 23807 1
33290 23933 1
33290 24235 1
33290 25810 1
33290 25820 2
33290 25862 1
33290 29439 1
33290 29758 1
33290 30791 1
33290 30792 1
33290 30814 1
33290 31342 1
33290 33252 2
33290 33267 1
33290 33308 1
33290 33327 1
33290 33339 1
33290 34078 3
33290 34275 1
33290 35349 1
33290 38148 1
38148 9163 2
38148 16283 2
38148 21657 1
38148 23289 1
38148 23915 1
38148 24235 1
38148 25307 1
38148 25809 1
38148 30814 1
38148 33290 1
38148 34044 1
38148 37476 1
38148 38130 1
38148 38146 1
38148 38147 2
38148 39767 1
38148 42120 1
32732 30735 1
32732 32622 1
32732 39506 1
32732 47783 1
32732 48269 1
32732 49941 1
32732 51781 1
32732 61530 1
39506 14911 1
39506 32622 1
39506 32732 1
39506 38025 1
39506 47783 1
39506 48269 1
39506 49941 1
39506 61530 1
47783 32622 1
47783 32732 1
47783 39506 1
47783 40087 1
47783 43607 1
47783 47631 1
47783 47748 1
47783 48269 1
47783 49941 1
47783 51834 1
47783 60602 1
47783 61530 1
47783 69845 1
47783 76506 1
47783 79711 1
47783 84562 1
47783 104262 1
48269 32622 1
48269 32732 1
48269 39506 1
48269 41769 1
48269 47783 1
48269 48282 1
48269 49941 1
48269 61530 1
48500 32622 1
49941 32622 1
49941 32732 1
49941 39506 1
49941 47783 1
49941 48269 1
49941 61530 1
61530 32622 1
61530 32732 1
61530 39506 1
61530 47783 1
61530 48269 1
61530 49941 1
20162 20163 1
20162 20165 1
20162 20166 1
20162 25093 1
20162 36467 1
20163 13933 1
20163 16176 1
20163 16222 1
20163 16223 1
20163 20162 1
20163 20165 1
20163 20166 1
20163 20457 1
20163 25093 1
20163 30412 1
20163 36467 1
20165 20162 1
20165 20163 1
20165 20166 2
20165 25093 1
20165 36467 1
20166 20162 1
20166 20163 1
20166 20165 2
20166 25093 1
20166 36467 1
25093 20162 1
25093 20163 1
25093 20165 1
25093 20166 1
25093 36467 1
34771 9960 1
34771 29441 1
34771 29837 1
34771 31425 1
34771 36467 1
34771 42116 1
34771 47242 1
4080 4081 1
4080 4086 1
4080 28832 1
4080 35470 1
4080 40874 1
4080 40882 2
4080 53327 1
4081 4080 1
4081 28832 1
4081 35470 1
4081 40874 1
4081 40882 1
4086 4080 1
4086 20633 1
4086 40882 1
4086 44308 1
4086 53327 1
13869 15024 1
13869 16922 1
13869 20461 1
13869 22430 1
13869 22680 1
13869 22807 1
13869 40882 1
15024 13869 1
15024 15017 1
15024 16242 1
15024 16922 1
15024 19456 1
15024 20461 1
15024 20483 1
15024 21561 1
15024 22110 1
15024 22430 1
15024 22680 1
15024 22792 1
15024 22807 1
15024 29671 1
15024 34647 1
15024 40882 1
16922 13869 1
16922 15024 1
16922 20461 1
16922 22430 1
16922 22680 1
16922 22807 1
16922 40882 1
20461 13869 1
20461 15024 1
20461 16922 1
20461 22430 1
20461 22680 1
20461 22807 1
20461 40882 1
20855 28292 1
20855 29080 1
20855 40882 1
22430 13869 1
22430 15024 1
22430 16922 1
22430 20461 1
22430 22680 1
22430 22807 1
22430 40882 1
22680 13869 1
22680 15024 1
22680 16922 1
22680 20461 1
22680 22430 1
22680 22807 1
22680 40882 1
22807 13102 1
22807 13869 1
22807 15024 1
22807 16922 1
22807 20461 1
22807 21386 1
22807 22430 1
22807 22680 1
22807 40882 1
22807 57356 1
23310 16930 1
23310 27739 1
23310 33150 1
23310 34281 1
23310 36769 1
23310 40416 1
23310 40874 1
23310 40882 1
23310 44361 1
23310 44502 1
23310 44880 1
23310 44881 1
28227 40882 1
28292 10822 1
28292 20093 1
28292 20855 1
28292 27415 1
28292 29080 1
28292 30387 1
28292 30472 1
28292 38858 1
28292 39783 1
28292 40882 1
28292 56796 1
28292 60248 1
28832 4080 1
28832 4081 1
28832 20637 1
28832 26947 1
28832 32371 1
28832 35470 1
28832 40874 1
28832 40882 1
29080 11572 1
29080 11682 1
29080 17601 1
29080 20855 1
29080 28292 1
29080 29438 1
29080 29937 1
29080 31881 1
29080 40882 1
29080 41597 1
35470 4080 1
35470 4081 1
35470 14063 1
35470 27234 1
35470 28832 1
35470 30273 1
35470 30274 1
35470 30276 1
35470 40874 1
35470 40882 1
36769 23310 1
36769 40874 1
36769 40882 1
36769 44361 1
40874 4080 1
40874 4081 1
40874 23310 1
40874 26121 1
40874 28832 1
40874 35470 1
40874 36769 1
40874 39889 1
40874 40211 1
40874 40882 3
40874 43065 1
40874 44361 1
40874 79235 1
40874 121699 1
43456 26011 1
43456 27739 1
43456 35401 1
43456 37902 1
43456 39007 1
43456 40882 1
43456 41377 1
44361 6924 1
44361 23310 1
44361 34767 1
44361 36769 1
44361 39889 1
44361 40874 1
44361 40882 1
44361 41534 1
44361 44060 1
44361 49602 1
53327 4080 1
53327 4086 1
53327 40882 1
22763 22797 1
22763 25954 1
22763 41836 1
22763 43770 1
22763 43775 1
22763 44958 1
22763 45301 1
22763 48553 1
22763 48555 1
25954 22763 1
25954 41836 1
25954 43770 1
25954 43775 1
25954 44958 1
25954 45301 1
41843 41836 1
43770 22763 1
43770 25954 1
43770 41836 1
43770 41840 2
43770 43680 1
43770 43775 4
43770 43778 3
43770 44958 1
43770 44961 1
43770 45301 1
43770 62971 1
43775 22763 1
43775 25954 1
43775 41836 1
43775 41840 3
43775 43680 1
43775 43770 4
43775 43778 3
43775 44958 1
43775 44961 1
43775 45301 1
44958 16205 1
44958 22763 1
44958 25954 1
44958 41836 1
44958 43770 1
44958 43775 1
44958 45301 1
45301 22763 1
45301 25954 1
45301 26725 1
45301 35401 1
45301 39788 1
45301 41377 1
45301 41836 1
45301 43770 1
45301 43775 1
45301 44958 1
43680 20405 1
43680 39155 1
43680 41840 1
43680 43681 1
43680 43682 1
43680 43770 1
43680 43775 1
43680 43778 1
43680 44961 1
43778 10296 1
43778 35231 1
43778 41840 2
43778 43680 1
43778 43770 3
43778 43775 3
43778 44961 1
43778 48620 1
43778 71979 1
44961 41840 1
44961 43680 1
44961 43770 1
44961 43775 1
44961 43778 1
31084 17868 1
31084 39420 1
31084 39833 1
31084 43961 1
31084 44130 1
31084 44136 1
31084 53413 1
31084 53629 1
31084 54707 1
31084 55197 1
31084 66894 1
40061 44535 1
40061 46221 1
40061 49393 1
40061 55197 1
40061 55884 1
40061 56360 1
40061 61861 1
40061 67494 1
43961 31084 1
43961 53413 1
43961 53629 1
43961 54707 1
43961 55197 1
43961 66894 1
44128 42564 1
44128 55197 1
44535 40061 1
44535 44748 1
44535 46221 1
44535 49393 1
44535 55197 1
44535 55884 1
44535 56360 1
44535 59992 1
44535 61861 1
44535 67494 1
46221 17046 1
46221 40061 1
46221 44535 1
46221 49393 1
46221 55197 1
46221 55884 1
46221 56360 1
46221 61861 1
46221 67494 1
49393 40061 1
49393 44535 1
49393 46221 1
49393 55197 1
49393 55884 1
49393 56360 1
49393 61861 1
49393 67494 1
51633 41252 1
51633 55197 1
51633 70863 1
51633 86878 1
52224 55197 1
52224 60431 1
53413 31084 1
53413 39208 1
53413 43961 1
53413 43982 1
53413 53629 1
53413 54707 1
53413 55197 1
53413 66894 1
53629 31084 1
53629 39888 1
53629 43961 1
53629 53413 1
53629 53628 1
53629 54707 1
53629 55197 1
53629 64818 1
53629 66894 1
53629 68356 1
53678 48441 1
53678 54917 1
53678 55197 1
54707 31084 1
54707 31193 1
54707 43961 1
54707 53413 1
54707 53629 1
54707 55197 1
54707 66894 1
54917 13182 1
54917 42346 1
54917 48461 1
54917 53678 1
54917 55197 1
55884 40061 1
55884 44535 1
55884 46221 1
55884 47657 1
55884 49393 1
55884 52641 1
55884 52642 1
55884 55197 1
55884 56360 1
55884 61861 1
55884 67494 1
55884 125417 1
56360 40061 1
56360 44535 1
56360 46221 1
56360 49393 1
56360 55197 1
56360 55693 1
56360 55884 1
56360 61861 1
56360 67494 1
60431 52224 1
60431 55197 1
61861 40061 1
61861 44535 1
61861 46221 1
61861 49393 1
61861 55197 1
61861 55884 1
61861 56360 1
61861 67494 1
66894 31084 1
66894 43961 1
66894 53413 1
66894 53629 1
66894 54707 1
66894 55041 1
66894 55197 1
67494 26807 1
67494 40061 1
67494 41746 1
67494 44535 1
67494 46221 1
67494 48861 1
67494 49393 1
67494 49827 1
67494 55197 1
67494 55884 1
67494 56360 1
67494 61861 1
67494 63566 1
113 7109 1
113 19647 1
113 19648 1
113 20462 1
113 22562 1
113 23277 1
113 23933 1
113 25862 1
113 33290 1
427 11056 1
427 16435 1
427 18939 1
427 20488 1
427 23807 1
427 29439 1
427 31342 1
427 33290 1
427 34078 1
427 35349 1
7109 113 1
7109 19647 1
7109 19648 1
7109 20462 1
7109 22562 1
7109 23277 1
7109 23933 1
7109 25862 1
7109 33290 1
9188 33290 1
11056 427 1
11056 16435 1
11056 18939 1
11056 20488 1
11056 23807 1
11056 29439 1
11056 31342 1
11056 33290 1
11056 34078 1
11056 35349 1
16435 427 1
16435 11056 1
16435 18939 1
16435 20488 1
16435 23807 1
16435 29439 1
16435 31342 1
16435 33290 1
16435 34078 1
16435 35349 1
18316 23436 1
18316 30791 1
18316 30792 1
18316 33252 1
18316 33267 1
18316 33290 1
18316 34078 1
18939 427 1
18939 11056 1
18939 16435 1
18939 20488 1
18939 23807 1
18939 29439 1
18939 31342 1
18939 33290 1
18939 34078 1
18939 35349 1
19647 113 1
19647 7109 1
19647 9041 1
19647 19648 1
19647 20462 1
19647 22562 1
19647 23277 1
19647 23933 1
19647 25862 1
19647 33290 1
19648 113 1
19648 7109 1
19648 19647 1
19648 20462 1
19648 22562 1
19648 23277 1
19648 23933 1
19648 25862 1
19648 33290 1
20462 113 1
20462 7109 1
20462 19647 1
20462 19648 1
20462 22562 1
20462 23277 1
20462 23933 1
20462 25862 1
20462 33290 1
20488 427 1
20488 11056 1
20488 16435 1
20488 18939 1
20488 23807 1
20488 29439 1
20488 31342 1
20488 33290 1
20488 34078 1
20488 35349 1
21828 25810 2
21828 25820 1
21828 29758 1
21828 33252 1
21828 33267 1
21828 33290 1
21828 34078 1
22562 113 1
22562 7109 1
22562 19647 1
22562 19648 1
22562 20462 1
22562 23277 1
22562 23933 1
22562 25862 1
22562 33290 1
22827 25820 1
22827 33290 1
23277 113 1
23277 7109 1
23277 19647 1
23277 19648 1
23277 20462 1
23277 22562 1
23277 23933 1
23277 25862 1
23277 33290 1
23436 18316 1
23436 30791 1
23436 30792 1
23436 33252 1
23436 33267 1
23436 33290 1
23436 34078 1
23807 427 1
23807 11056 1
23807 16435 1
23807 18939 1
23807 20488 1
23807 25820 1
23807 29439 1
23807 31342 1
23807 33290 1
23807 34078 1
23807 35349 1
23933 113 1
23933 7109 1
23933 19647 1
23933 19648 1
23933 20462 1
23933 22562 1
23933 23277 1
23933 25862 1
23933 33290 1
25810 21828 2
25810 25820 1
25810 29758 1
25810 33252 1
25810 33267 1
25810 33290 1
25810 34078 1
25820 21828 1
25820 22827 1
25820 23807 1
25820 25810 1
25820 29758 1
25820 33252 1
25820 33290 2
25820 34078 1
25862 113 1
25862 7109 1
25862 19647 1
25862 19648 1
25862 20462 1
25862 22562 1
25862 23277 1
25862 23933 1
25862 33290 1
29439 427 1
29439 11056 1
29439 16435 1
29439 18939 1
29439 20488 1
29439 23807 1
29439 31342 1
29439 33290 1
29439 34078 2
29439 35349 1
29758 21828 1
29758 25810 1
29758 25820 1
29758 33252 1
29758 33290 1
29758 34078 1
30791 18316 1
30791 23436 1
30791 30792 1
30791 33252 1
30791 33267 1
30791 33290 1
30791 34078 1
30792 18316 1
30792 23436 1
30792 30791 1
30792 33252 1
30792 33267 1
30792 33290 1
30792 34078 1
31342 427 1
31342 11056 1
31342 16435 1
31342 18939 1
31342 20488 1
31342 23807 1
31342 29439 1
31342 33290 1
31342 34078 1
31342 35349 1
33252 18316 1
33252 21828 1
33252 23436 1
33252 25810 1
33252 25820 1
33252 29758 1
33252 30791 1
33252 30792 1
33252 33267 1
33252 33290 2
33252 34078 2
33267 18316 1
33267 21828 1
33267 23436 1
33267 25810 1
33267 30791 1
33267 30792 1
33267 33252 1
33267 33290 1
33267 34078 1
33308 33290 1
33308 33327 1
33308 33339 1
33308 34275 1
33327 33290 1
33327 33308 1
33327 33339 2
33327 34275 1
33339 33290 1
33339 33306 1
33339 33308 1
33339 33326 1
33339 33327 2
33339 34275 1
34078 427 1
34078 11056 1
34078 16435 1
34078 18316 1
34078 18939 1
34078 20488 1
34078 21828 1
34078 23436 1
34078 23807 1
34078 25810 1
34078 25820 1
34078 29439 2
34078 29758 1
34078 30791 1
34078 30792 1
34078 31342 1
34078 33252 2
34078 33267 1
34078 33290 3
34078 35349 1
34275 33290 1
34275 33308 1
34275 33327 1
34275 33339 1
35349 427 1
35349 11056 1
35349 16435 1
35349 18939 1
35349 20488 1
35349 23807 1
35349 29439 1
35349 31342 1
35349 33290 1
35349 34078 1
9163 16283 2
9163 23915 1
9163 25809 1
9163 34044 1
9163 37476 1
9163 38130 1
9163 38146 1
9163 38147 2
9163 38148 2
9163 42120 1
16283 9163 2
16283 23915 1
16283 25809 1
16283 34044 1
16283 37476 1
16283 38130 1
16283 38146 1
16283 38147 2
16283 38148 2
16283 42120 1
23915 9163 1
23915 16283 1
23915 34044 1
23915 37476 1
23915 38130 1
23915 38146 1
23915 38147 1
23915 38148 1
23915 42120 1
25307 38148 1
25307 39767 1
25809 9163 1
25809 16283 1
25809 38147 1
25809 38148 1
34044 9163 1
34044 16283 1
34044 23915 1
34044 37476 1
34044 38130 1
34044 38146 1
34044 38147 1
34044 38148 1
34044 42120 1
37476 9163 1
37476 16283 1
37476 23915 1
37476 34044 1
37476 38130 1
37476 38146 1
37476 38147 1
37476 38148 1
37476 42120 1
38130 9163 1
38130 16283 1
38130 23915 1
38130 34044 1
38130 37476 1
38130 38146 1
38130 38147 1
38130 38148 1
38130 42120 1
38146 9163 1
38146 16283 1
38146 23915 1
38146 34044 1
38146 34767 1
38146 37476 1
38146 38130 1
38146 38147 1
38146 38148 1
38146 42120 1
38147 9163 2
38147 16283 2
38147 23915 1
38147 25809 1
38147 34044 1
38147 37476 1
38147 38130 1
38147 38146 1
38147 38148 2
38147 42120 1
39767 25307 1
39767 38148 1
42120 9163 1
42120 16283 1
42120 23915 1
42120 34044 1
42120 37476 1
42120 38130 1
42120 38146 1
42120 38147 1
42120 38148 1
30735 32732 1
30735 51781 1
51781 30735 1
51781 32732 1
14911 38025 1
14911 39506 1
38025 14911 1
38025 39506 1
40087 47783 1
40087 48282 1
40087 69177 1
40087 69179 1
40087 69845 1
40087 79711 1
40087 84562 1
43607 47783 1
47631 47748 1
47631 47783 1
47631 51834 1
47631 60602 1
47631 76506 1
47748 47631 1
47748 47783 1
47748 51834 1
47748 60602 1
47748 76506 1
51834 47631 1
51834 47748 1
51834 47783 1
51834 60602 1
51834 76506 1
60602 47631 1
60602 47748 1
60602 47783 1
60602 51834 1
60602 76506 1
69845 40087 1
69845 47783 1
69845 79711 1
69845 84562 1
76506 47631 1
76506 47748 1
76506 47783 1
76506 51834 1
76506 60602 1
79711 40087 1
79711 47783 1
79711 69845 1
79711 84562 1
84562 40087 1
84562 47783 1
84562 69845 1
84562 79711 1
104262 47783 1
41769 48269 1
48282 40087 1
48282 48269 1
13933 16176 1
13933 16222 1
13933 16223 1
13933 20163 1
13933 30412 1
16176 13933 1
16176 16222 1
16176 16223 1
16176 20163 1
16176 30412 1
16222 13933 1
16222 16176 1
16222 16223 1
16222 20163 1
16222 30412 1
16223 13933 1
16223 16176 1
16223 16222 1
16223 20163 1
16223 30412 1
20457 20163 1
30412 13933 1
30412 16176 1
30412 16222 1
30412 16223 1
30412 19972 1
30412 20163 1
30412 30411 2
9960 29441 1
9960 34771 1
29441 9960 1
29441 34771 1
29441 36368 1
29837 31425 1
29837 34771 1
29837 42116 1
29837 47242 1
31425 29837 1
31425 34771 1
31425 42116 1
31425 47242 1
42116 29837 1
42116 31425 1
42116 34771 1
42116 47242 1
47242 29837 1
47242 31425 1
47242 34771 1
47242 42116 1
20633 4086 1
20633 44308 1
44308 4086 1
44308 20633 1
15017 15024 1
15017 16242 1
15017 19456 1
15017 20483 1
15017 21561 1
15017 22110 1
15017 22792 1
15017 29671 1
15017 34647 1
16242 15017 1
16242 15024 1
16242 15385 1
16242 19456 1
16242 20483 1
16242 20487 1
16242 21561 1
16242 22110 1
16242 22792 1
16242 29671 1
16242 34647 1
19456 15017 1
19456 15024 1
19456 16242 1
19456 20483 1
19456 21561 1
19456 22110 1
19456 22792 1
19456 29671 1
19456 34647 1
20483 15017 1
20483 15024 1
20483 16242 1
20483 19456 1
20483 21561 1
20483 22110 1
20483 22792 1
20483 29671 1
20483 34647 1
21561 15017 1
21561 15024 1
21561 16242 1
21561 19456 1
21561 20483 1
21561 22110 1
21561 22792 1
21561 29671 1
21561 34647 1
22110 15017 1
22110 15024 1
22110 16242 1
22110 19456 1
22110 20483 1
22110 21561 1
22110 22792 1
22110 29671 1
22110 34647 1
22792 15017 1
22792 15024 1
22792 16242 1
22792 19456 1
22792 20483 1
22792 21561 1
22792 22110 1
22792 29671 1
22792 34647 1
29671 15017 1
29671 15024 1
29671 16242 1
29671 19456 1
29671 20483 1
29671 21561 1
29671 22110 1
29671 22792 1
29671 34647 1
34647 15017 1
34647 15024 1
34647 16242 1
34647 19456 1
34647 20483 1
34647 21561 1
34647 22110 1
34647 22792 1
34647 29671 1
13102 21386 1
13102 22807 1
21386 13102 1
21386 22807 1
57356 22807 1
16930 23310 1
16930 27739 1
16930 33150 1
16930 34281 1
16930 40416 1
16930 44502 1
16930 44880 1
16930 44881 1
27739 16930 1
27739 23310 1
27739 26011 1
27739 33150 1
27739 34281 1
27739 35401 1
27739 37902 1
27739 39007 1
27739 40416 1
27739 41377 1
27739 43456 1
27739 44502 1
27739 44880 1
27739 44881 1
33150 16930 1
33150 23310 1
33150 27739 1
33150 34281 1
33150 40416 1
33150 44502 1
33150 44880 1
33150 44881 1
34281 16930 1
34281 23310 1
34281 27739 1
34281 33150 1
34281 40416 1
34281 44502 1
34281 44880 1
34281 44881 1
40416 16930 1
40416 23310 1
40416 27739 1
40416 33150 1
40416 34281 1
40416 44502 1
40416 44880 1
40416 44881 1
44502 16930 1
44502 23310 1
44502 27739 1
44502 33150 1
44502 34281 1
44502 40416 1
44502 44880 1
44502 44881 1
44880 16930 1
44880 23310 1
44880 27739 1
44880 33150 1
44880 34281 1
44880 40416 1
44880 44502 1
44880 44881 1
44881 16930 1
44881 23310 1
44881 27739 1
44881 29438 1
44881 33150 1
44881 34281 1
44881 40416 1
44881 44502 1
44881 44880 1
10822 10705 1
10822 28292 1
20093 28292 1
20093 56796 1
20093 60248 1
27415 28292 1
27415 38858 1
30387 22118 1
30387 28292 1
30472 28292 1
30472 43483 1
38858 27415 1
38858 28292 1
39783 28292 1
56796 20093 1
56796 28292 1
56796 60248 1
60248 20093 1
60248 28292 1
60248 56796 1
20637 9328 1
20637 28832 1
26947 28832 1
26947 32371 1
32371 26947 1
32371 28832 1
11572 11682 1
11572 17601 1
11572 29080 1
11572 29438 1
11572 29937 1
11572 31881 1
11572 41597 1
11682 11572 1
11682 17601 1
11682 29080 1
11682 29438 1
11682 29937 1
11682 31881 1
11682 41597 1
17601 11572 1
17601 11682 1
17601 29080 1
17601 29438 1
17601 29937 1
17601 31881 1
17601 41597 1
29438 11572 1
29438 11682 1
29438 17601 1
29438 29080 1
29438 29937 1
29438 31881 1
29438 41597 1
29438 44881 1
29937 11572 1
29937 11682 1
29937 17601 1
29937 29080 1
29937 29438 1
29937 31881 1
29937 41597 1
31881 11572 1
31881 11682 1
31881 17601 1
31881 29080 1
31881 29438 1
31881 29937 1
31881 41597 1
41597 11572 1
41597 11682 1
41597 17601 1
41597 29080 1
41597 29438 1
41597 29937 1
41597 31881 1
14063 27234 1
14063 30273 1
14063 30274 1
14063 30276 1
14063 35470 1
27234 14063 1
27234 30273 1
27234 30274 1
27234 30276 1
27234 35470 1
30273 14063 1
30273 27234 1
30273 30274 1
30273 30276 1
30273 35470 1
30274 14063 1
30274 27234 1
30274 30273 1
30274 30276 1
30274 35470 1
30276 14063 1
30276 27234 1
30276 30273 1
30276 30274 1
30276 35470 1
26121 40874 1
26121 121699 1
39889 6924 1
39889 34767 1
39889 40874 1
39889 41534 1
39889 44060 1
39889 44361 1
39889 49602 1
39889 79235 1
40211 40874 1
40211 43065 1
43065 40211 1
43065 40874 1
79235 39889 1
79235 40874 1
121699 26121 1
121699 40874 1
121699 65792 1
121699 76911 1
26011 27739 1
26011 35401 1
26011 37902 1
26011 39007 1
26011 41377 1
26011 43456 1
35401 26011 1
35401 27739 1
35401 37902 1
35401 39007 1
35401 41377 2
35401 43456 1
35401 45301 1
37902 26011 1
37902 27739 1
37902 35401 1
37902 39007 1
37902 41377 1
37902 43456 1
39007 26011 1
39007 27739 1
39007 35401 1
39007 37902 1
39007 41377 1
39007 43456 1
41377 26011 1
41377 27739 1
41377 35401 2
41377 37902 1
41377 39007 1
41377 43456 1
41377 45301 1
6924 27494 1
6924 34767 1
6924 39794 1
6924 39889 1
6924 41534 1
6924 44060 1
6924 44361 1
6924 49602 1
34767 6924 1
34767 38146 1
34767 39889 1
34767 41534 1
34767 44060 1
34767 44361 1
34767 49602 1
41534 6924 1
41534 34767 1
41534 39889 1
41534 44060 1
41534 44361 1
41534 49602 1
44060 6924 1
44060 34767 1
44060 39889 1
44060 41534 1
44060 44361 1
44060 49602 1
49602 6924 1
49602 34767 1
49602 39889 1
49602 41534 1
49602 44060 1
49602 44361 1
22797 22763 1
22797 48553 1
22797 48555 1
48553 22763 1
48553 22797 1
48553 48555 2
48555 22763 1
48555 22797 1
48555 48553 2
62971 43770 1
62971 50176 1
16205 22944 1
16205 44958 1
26725 39788 1
26725 45301 1
39788 26725 1
39788 45301 1
20405 43680 1
20405 43681 1
20405 43682 1
39155 43680 1
43681 20405 1
43681 43680 1
43681 43682 1
43682 20405 1
43682 43680 1
43682 43681 1
10296 43778 1
10296 48620 1
10296 71979 1
35231 43778 1
48620 10296 1
48620 43778 1
48620 71979 1
71979 10296 1
71979 43778 1
71979 48620 1
17868 31084 1
17868 39833 1
17868 44130 1
39420 31084 1
39420 44136 1
39833 17868 1
39833 31084 1
39833 44130 1
44130 17868 1
44130 31084 1
44130 39833 1
44130 125416 1
44136 31084 1
44136 39420 1
42564 44128 1
44748 44535 1
59992 44535 1
17046 46221 1
41252 51633 1
70863 51633 1
70863 86878 1
86878 51633 1
86878 70863 1
39208 53413 1
43982 53413 1
39888 53629 1
53628 53629 1
53628 64818 1
64818 53628 1
64818 53629 1
68356 53629 1
48441 53678 1
31193 54707 1
13182 42346 1
13182 48461 1
13182 54917 1
42346 13182 1
42346 48461 1
42346 54917 1
48461 13182 1
48461 42346 1
48461 54917 1
47657 52641 1
47657 52642 1
47657 55884 1
47657 125417 3
52641 47657 1
52641 52642 1
52641 55884 1
52641 125417 1
52642 47657 1
52642 52641 1
52642 55884 1
52642 125417 1
125417 47657 3
125417 52641 1
125417 52642 1
125417 55884 1
55693 56360 1
55041 66894 1
26807 41746 1
26807 63566 1
26807 67494 1
41746 26807 1
41746 63566 1
41746 67494 1
48861 49827 1
48861 67494 1
49827 48861 1
49827 67494 1
63566 26807 1
63566 41746 1
63566 67494 1
125416 44130 1
22944 16205 1
50176 62971 1
27494 6924 1
27494 39794 1
39794 6924 1
39794 27494 1
65792 76911 2
65792 121699 1
76911 65792 2
76911 121699 1
9328 20637 1
10705 10822 1
22118 30387 1
43483 30472 1
15385 16242 1
15385 20487 1
20487 15385 1
20487 16242 1
36368 29441 1
19972 30411 1
19972 30412 1
30411 19972 1
30411 21632 1
30411 30412 2
69177 40087 1
69177 69179 1
69179 40087 1
69179 69177 1
9041 19647 1
33306 33326 1
33306 33339 1
33326 33306 1
33326 33339 1
21632 30411 1
