69912 108771 1
108771 69912 1
108771 75267 1
108771 104589 1
108771 106679 1
108771 108772 1
108771 114733 1
108771 117816 1
75267 51450 1
75267 56210 1
75267 61461 2
75267 61645 1
75267 64516 1
75267 67934 1
75267 68096 1
75267 70050 1
75267 71430 1
75267 74618 1
75267 75077 1
75267 75266 1
75267 79972 1
75267 82112 1
75267 82267 1
75267 84936 2
75267 93277 2
75267 96749 1
75267 97104 1
75267 97434 1
75267 98665 1
75267 100846 1
75267 101631 1
75267 102526 1
75267 105520 1
75267 106679 1
75267 108250 1
75267 108771 1
75267 110963 1
75267 122210 1
104589 66070 1
104589 85066 1
104589 108771 1
104589 108772 1
104589 114733 1
104589 117816 1
106679 66847 1
106679 67110 1
106679 70507 1
106679 75267 1
106679 101728 1
106679 106454 1
106679 106677 1
106679 106678 1
106679 106680 2
106679 106681 1
106679 106682 1
106679 106683 2
106679 106684 1
106679 108771 1
106679 109666 1
106679 110416 1
106679 111924 1
106679 111926 1
106679 124810 1
108772 104589 1
108772 108771 1
108772 114733 1
108772 117816 1
114733 51393 1
114733 63479 1
114733 75179 1
114733 98348 1
114733 102235 1
114733 104589 1
114733 105246 1
114733 108771 1
114733 108772 1
114733 114720 1
114733 114729 1
114733 114730 1
114733 117816 1
114733 118950 1
117816 70222 1
117816 87721 1
117816 95994 1
117816 104589 1
117816 108771 1
117816 108772 1
117816 109624 1
117816 109688 1
117816 112826 1
117816 113164 2
117816 114733 1
117816 117810 1
117816 117812 1
117816 117813 1
117816 117814 1
117816 117815 1
117816 117828 1
117816 125080 1
117816 126827 1
51450 67934 1
51450 70050 1
51450 75267 1
51450 82267 1
51450 98665 1
56210 61645 1
56210 71430 1
56210 75266 1
56210 75267 1
56210 79972 1
56210 82112 1
56210 102526 1
56210 105520 1
61461 49673 1
61461 64516 1
61461 68063 1
61461 70803 2
61461 75267 2
61461 76557 1
61461 78863 1
61461 80217 1
61461 80599 1
61461 84936 2
61461 85491 1
61461 87715 1
61461 90244 1
61461 92032 1
61461 92133 1
61461 93277 2
61461 98689 1
61461 98730 1
61461 104480 1
61461 105721 1
61461 107521 1
61461 108457 2
61461 108843 1
61461 114364 1
61461 118007 1
61461 118396 1
61645 22398 1
61645 51326 1
61645 56210 1
61645 70481 1
61645 71430 1
61645 75266 1
61645 75267 1
61645 79972 1
61645 82112 1
61645 86317 1
61645 102526 1
61645 105520 2
61645 111903 1
61645 123235 1
64516 44351 1
64516 47443 1
64516 53467 1
64516 54679 1
64516 55738 1
64516 59675 1
64516 60684 1
64516 61185 1
64516 61461 1
64516 63675 1
64516 64423 1
64516 65583 1
64516 75267 1
64516 82805 1
64516 84936 1
64516 93277 1
67934 23028 1
67934 51450 1
67934 58465 1
67934 70050 1
67934 73467 1
67934 74139 1
67934 75267 1
67934 78442 1
67934 79424 1
67934 82267 1
67934 85411 1
67934 86711 1
67934 89043 1
67934 91742 1
67934 98665 1
67934 99590 1
67934 107767 1
67934 114132 1
68096 75267 1
68096 97434 1
70050 46846 1
70050 49100 1
70050 51450 1
70050 52313 1
70050 67934 1
70050 75267 1
70050 77503 1
70050 81360 1
70050 82267 1
70050 83844 1
70050 84440 1
70050 89722 1
70050 94025 1
70050 98665 1
71430 56210 1
71430 61645 1
71430 75266 1
71430 75267 1
71430 79972 1
71430 82112 1
71430 90609 1
71430 92258 1
71430 101086 1
71430 102526 1
71430 105520 1
74618 61691 1
74618 75267 1
74618 80813 1
74618 96749 1
74618 97104 1
74618 97529 1
74618 100720 1
74618 100825 1
74618 108250 1
74618 108762 1
74618 108763 1
74618 109641 1
74618 116540 1
74618 122210 1
75077 23029 1
75077 49098 1
75077 50713 1
75077 51358 1
75077 56877 1
75077 57874 1
75077 75267 1
75077 82453 1
75077 114785 1
75266 56210 1
75266 61645 1
75266 71430 1
75266 75267 1
75266 79972 1
75266 82112 1
75266 102526 1
75266 105520 1
79972 56210 1
79972 57872 1
79972 61645 1
79972 71430 1
79972 75096 1
79972 75266 1
79972 75267 1
79972 82112 1
79972 84811 1
79972 102526 1
79972 105520 1
82112 52919 1
82112 56210 1
82112 61645 1
82112 69552 1
82112 71430 1
82112 75266 1
82112 75267 1
82112 79972 1
82112 84936 1
82112 88783 1
82112 100578 1
82112 101327 1
82112 101969 1
82112 102526 1
82112 103527 1
82112 105520 1
82112 108623 1
82112 112045 1
82267 39067 1
82267 50103 1
82267 51450 1
82267 57334 1
82267 61950 1
82267 66060 1
82267 67934 1
82267 69730 1
82267 70050 1
82267 75267 1
82267 82682 1
82267 84441 1
82267 86236 1
82267 95705 1
82267 96059 1
82267 98665 1
82267 103832 1
84936 58458 1
84936 61461 2
84936 64516 1
84936 75267 2
84936 75348 1
84936 82112 1
84936 93277 2
84936 93835 1
84936 95969 1
84936 105032 1
84936 112045 1
93277 54737 1
93277 59648 1
93277 61461 2
93277 64516 1
93277 73561 1
93277 75267 2
93277 76208 1
93277 78024 1
93277 78166 1
93277 79149 1
93277 84515 1
93277 84936 2
93277 85903 1
93277 86317 1
93277 92152 1
93277 100012 1
93277 101088 1
93277 107858 1
93277 113449 1
96749 74618 1
96749 75267 1
96749 97104 1
96749 108250 1
96749 122210 1
97104 48162 1
97104 51487 1
97104 52892 1
97104 69927 1
97104 74618 1
97104 75267 1
97104 75306 1
97104 75311 1
97104 75313 1
97104 75314 1
97104 89505 1
97104 96749 1
97104 101514 1
97104 107301 1
97104 107396 1
97104 108250 1
97104 115982 1
97104 119477 1
97104 122210 1
97434 68096 1
97434 75267 1
97434 101728 1
97434 105032 1
98665 22821 1
98665 25030 1
98665 25957 1
98665 33201 1
98665 33204 1
98665 33209 1
98665 35734 1
98665 35735 1
98665 44278 1
98665 44959 1
98665 51450 1
98665 54929 1
98665 66056 1
98665 67934 1
98665 70050 1
98665 75267 1
98665 82267 1
98665 86213 1
98665 90682 1
98665 105616 1
98665 110803 1
98665 118104 1
100846 61642 1
100846 75267 1
100846 110810 1
100846 117900 1
101631 75267 1
102526 56210 1
102526 61645 1
102526 71430 1
102526 75266 1
102526 75267 1
102526 79972 1
102526 82112 1
102526 105520 1
105520 56210 1
105520 61645 2
105520 71430 1
105520 75266 1
105520 75267 1
105520 79972 1
105520 82112 1
105520 102526 1
105520 105521 1
105520 124285 1
108250 51518 1
108250 73467 1
108250 74618 1
108250 75267 1
108250 94580 1
108250 96749 1
108250 97104 1
108250 101327 1
108250 106457 1
108250 106458 1
108250 106459 1
108250 110812 1
108250 122210 1
110963 67882 1
110963 75267 1
110963 86989 1
110963 95385 1
110963 99026 1
110963 102184 1
110963 113492 1
110963 118251 1
122210 74618 1
122210 75267 1
122210 96749 1
122210 97104 1
122210 108250 1
66070 50103 1
66070 85066 1
66070 104589 1
66070 112586 1
85066 28808 1
85066 52206 1
85066 52892 1
85066 66070 1
85066 69460 1
85066 76715 1
85066 77597 1
85066 79732 1
85066 80270 1
85066 86551 1
85066 90681 1
85066 91083 1
85066 98227 1
85066 98228 1
85066 99498 1
85066 100317 1
85066 104589 1
85066 105720 1
66847 49053 1
66847 71431 1
66847 90328 1
66847 95072 1
66847 98699 1
66847 106677 1
66847 106678 1
66847 106679 1
66847 106680 1
66847 106681 1
66847 106682 1
66847 106683 1
66847 106684 1
66847 106800 1
66847 111924 1
66847 111926 1
66847 124810 1
67110 56039 1
67110 70507 1
67110 79462 1
67110 93634 1
67110 101728 1
67110 106679 1
67110 106683 1
67110 112763 1
70507 49053 1
70507 67110 1
70507 70221 1
70507 101728 1
70507 106035 1
70507 106679 1
70507 106683 1
70507 110606 1
101728 67110 1
101728 70507 1
101728 97434 1
101728 106679 1
101728 106683 1
106454 70444 1
106454 91890 1
106454 91891 1
106454 93168 1
106454 93634 1
106454 94119 1
106454 98596 1
106454 100948 2
106454 106679 1
106454 110416 1
106677 66847 1
106677 106678 1
106677 106679 1
106677 106680 1
106677 106681 1
106677 106682 1
106677 106683 1
106677 106684 1
106677 111924 1
106677 111926 1
106677 124810 1
106678 66847 1
106678 106677 1
106678 106679 1
106678 106680 1
106678 106681 1
106678 106682 1
106678 106683 1
106678 106684 1
106678 111924 1
106678 111926 1
106678 124810 1
106680 66847 1
106680 67810 1
106680 67986 1
106680 82837 1
106680 86551 1
106680 91492 1
106680 91493 1
106680 106677 1
106680 106678 1
106680 106679 2
106680 106681 1
106680 106682 1
106680 106683 1
106680 106684 1
106680 111924 1
106680 111926 1
106680 113018 1
106680 113220 1
106680 114346 1
106680 124810 1
106681 66847 1
106681 106677 1
106681 106678 1
106681 106679 1
106681 106680 1
106681 106682 1
106681 106683 1
106681 106684 1
106681 111924 1
106681 111926 1
106681 124810 1
106682 66847 1
106682 106677 1
106682 106678 1
106682 106679 1
106682 106680 1
106682 106681 1
106682 106683 1
106682 106684 1
106682 111924 1
106682 111926 1
106682 124810 1
106683 51411 1
106683 66847 1
106683 67110 1
106683 67810 1
106683 70507 1
106683 89206 1
106683 101728 1
106683 103432 1
106683 106677 1
106683 106678 1
106683 106679 2
106683 106680 1
106683 106681 1
106683 106682 1
106683 106684 1
106683 111924 1
106683 111926 1
106683 120681 1
106683 124776 1
106683 124810 1
106683 125627 1
106684 66847 1
106684 69844 1
106684 70807 1
106684 89443 1
106684 92049 1
106684 93580 1
106684 98168 1
106684 106677 1
106684 106678 1
106684 106679 1
106684 106680 1
106684 106681 1
106684 106682 1
106684 106683 1
106684 111924 1
106684 111926 1
106684 114694 1
106684 124810 1
109666 106679 1
109666 119348 1
109666 125890 1
110416 74138 2
110416 106454 1
110416 106679 1
110416 110417 1
111924 66847 1
111924 70751 1
111924 106497 1
111924 106677 1
111924 106678 1
111924 106679 1
111924 106680 1
111924 106681 1
111924 106682 1
111924 106683 1
111924 106684 1
111924 108762 1
111924 108763 1
111924 111926 3
111924 124810 1
111926 66847 1
111926 106677 1
111926 106678 1
111926 106679 1
111926 106680 1
111926 106681 1
111926 106682 1
111926 106683 1
111926 106684 1
111926 111924 3
111926 124810 1
124810 66847 1
124810 83163 1
124810 99508 1
124810 106677 1
124810 106678 1
124810 106679 1
124810 106680 1
124810 106681 1
124810 106682 1
124810 106683 1
124810 106684 1
124810 108992 1
124810 111924 1
124810 111926 1
124810 116537 1
51393 50861 1
51393 63479 1
51393 98348 1
51393 102235 1
51393 114733 1
63479 51393 1
63479 79118 1
63479 86524 1
63479 98348 1
63479 102235 1
63479 106036 1
63479 111432 1
63479 112447 1
63479 114733 1
75179 75180 1
75179 114733 1
98348 50103 1
98348 51393 1
98348 63479 1
98348 87272 1
98348 89066 1
98348 98349 1
98348 102235 1
98348 114733 1
102235 51393 1
102235 63479 1
102235 98348 1
102235 114733 1
105246 114733 1
105246 119219 1
114720 86593 1
114720 106224 1
114720 114719 1
114720 114729 1
114720 114730 1
114720 114733 1
114720 118950 1
114729 68086 1
114729 68132 1
114729 94514 1
114729 114720 1
114729 114730 1
114729 114733 1
114729 118950 1
114730 52306 1
114730 86593 1
114730 114720 1
114730 114729 1
114730 114733 1
114730 118950 1
118950 114720 1
118950 114729 1
118950 114730 1
118950 114733 1
70222 51480 1
70222 75092 1
70222 86108 1
70222 95994 1
70222 107338 1
70222 107339 1
70222 109624 1
70222 109688 1
70222 112826 1
70222 113164 1
70222 117816 1
70222 126827 1
87721 80732 1
87721 95994 1
87721 117733 1
87721 117735 1
87721 117810 1
87721 117812 2
87721 117813 2
87721 117814 1
87721 117815 1
87721 117816 1
87721 117828 2
87721 125080 3
95994 70222 1
95994 87721 1
95994 93643 1
95994 109624 1
95994 109688 1
95994 112826 1
95994 113164 2
95994 117816 1
95994 126827 1
109624 51432 1
109624 70222 1
109624 95994 1
109624 109688 1
109624 112826 1
109624 113164 1
109624 114540 1
109624 117816 1
109624 126827 1
109688 15595 1
109688 69316 1
109688 70222 1
109688 95994 1
109688 109162 1
109688 109624 1
109688 109689 1
109688 112826 1
109688 113164 1
109688 117816 1
109688 126827 1
112826 70222 1
112826 95994 1
112826 109624 1
112826 109688 1
112826 113164 2
112826 117816 1
112826 126827 1
113164 70222 1
113164 95994 2
113164 109624 1
113164 109688 1
113164 112826 2
113164 117816 2
113164 126827 1
117810 87721 1
117810 117812 1
117810 117813 1
117810 117814 1
117810 117815 1
117810 117816 1
117810 117828 1
117810 125080 1
117812 87721 2
117812 117810 1
117812 117813 2
117812 117814 2
117812 117815 1
117812 117816 1
117812 117828 2
117812 121801 1
117812 124467 1
117812 125080 2
117813 87721 2
117813 117810 1
117813 117812 2
117813 117814 1
117813 117815 1
117813 117816 1
117813 117828 2
117813 118245 1
117813 124467 1
117813 125080 2
117814 87721 1
117814 93643 1
117814 94273 1
117814 117810 1
117814 117812 2
117814 117813 1
117814 117815 1
117814 117816 1
117814 117828 2
117814 121801 1
117814 124467 1
117814 125080 2
117815 87721 1
117815 117810 1
117815 117812 1
117815 117813 1
117815 117814 1
117815 117816 1
117815 117828 1
117815 125080 1
117828 87721 2
117828 117810 1
117828 117812 2
117828 117813 2
117828 117814 2
117828 117815 1
117828 117816 1
117828 125080 2
125080 87721 3
125080 94273 1
125080 117810 1
125080 117812 2
125080 117813 2
125080 117814 2
125080 117815 1
125080 117816 1
125080 117828 2
126827 70222 1
126827 95994 1
126827 109624 1
126827 109688 1
126827 112826 1
126827 113164 1
126827 117816 1
49673 61461 1
49673 85491 1
49673 87715 1
49673 105721 1
68063 61461 1
68063 118396 1
70803 61461 2
70803 80217 1
76557 61461 1
76557 78863 1
76557 80599 1
76557 90244 1
76557 104480 1
78863 61461 1
78863 76557 1
78863 80599 1
78863 90244 1
78863 104480 1
80217 61461 1
80217 70803 1
80599 61461 1
80599 76557 1
80599 78863 1
80599 90244 1
80599 104480 1
85491 49673 1
85491 61461 1
85491 87715 1
85491 105721 1
87715 49673 1
87715 61461 1
87715 85491 1
87715 86317 1
87715 105721 1
90244 61461 1
90244 76557 1
90244 78863 1
90244 80599 1
90244 104480 1
92032 61461 1
92032 108843 1
92032 112763 1
92133 61461 1
98689 61461 1
98689 107858 1
98730 61461 1
104480 61461 1
104480 76557 1
104480 78863 1
104480 80599 1
104480 90244 1
105721 49673 1
105721 61461 1
105721 85491 1
105721 87715 1
107521 61461 1
107521 75873 1
107521 75874 1
107521 108457 1
108457 61461 2
108457 107521 1
108843 61461 1
108843 92032 1
114364 61461 1
118007 61461 1
118396 61461 1
118396 68063 1
22398 61645 1
22398 73467 1
22398 111903 1
22398 123235 1
51326 61645 1
51326 86317 1
70481 61645 1
70481 115888 1
70481 122967 1
70481 122968 1
86317 51326 1
86317 61645 1
86317 87715 1
86317 92152 1
86317 93277 1
111903 22398 1
111903 61645 1
111903 109641 1
111903 123235 1
123235 22398 1
123235 61645 1
123235 111903 1
44351 54679 1
44351 61185 1
44351 63675 1
44351 64516 1
47443 53467 1
47443 55738 1
47443 59675 1
47443 64516 1
47443 65583 1
53467 47443 1
53467 55738 1
53467 59675 1
53467 64516 1
53467 65583 1
54679 44351 1
54679 61185 1
54679 63675 1
54679 64516 1
55738 47443 1
55738 53467 1
55738 59675 1
55738 64516 1
55738 65583 1
59675 47443 1
59675 53467 1
59675 55738 1
59675 63405 1
59675 64516 1
59675 65583 1
60684 64516 1
61185 39362 1
61185 44351 1
61185 54679 1
61185 63675 1
61185 64516 1
63675 44351 1
63675 54679 1
63675 61185 1
63675 64516 1
64423 64516 1
65583 47443 1
65583 53467 1
65583 55738 1
65583 59675 1
65583 64516 1
65583 70672 1
82805 64516 1
23028 67934 1
58465 67934 1
58465 74139 1
58465 107767 1
73467 22398 1
73467 67934 1
73467 79194 1
73467 108250 1
74139 58465 1
74139 67934 1
74139 107767 1
78442 67934 1
78442 85411 1
78442 89043 1
78442 92152 1
78442 99590 1
79424 67934 1
79424 86711 1
85411 67934 1
85411 78442 1
85411 89043 1
85411 99590 1
86711 62740 1
86711 62741 1
86711 67934 1
86711 79424 1
89043 67934 1
89043 78442 1
89043 85411 1
89043 99590 1
91742 67934 1
99590 67934 1
99590 78442 1
99590 85411 1
99590 89043 1
99590 89722 1
107767 58465 1
107767 67934 1
107767 74139 1
114132 67934 1
46846 70050 1
49100 70050 1
52313 70050 1
52313 81360 1
52313 89505 1
77503 70050 1
81360 52313 1
81360 70050 1
83844 70050 1
84440 70050 1
89722 70050 1
89722 94025 1
89722 99590 1
94025 70050 1
94025 89722 1
90609 71430 1
92258 71430 1
101086 66056 1
101086 70807 1
101086 71430 1
61691 74618 1
80813 74618 1
80813 94119 1
80813 112763 1
97529 74618 1
97529 108762 1
97529 108763 1
100720 74618 1
100720 109641 1
100720 116540 1
100825 74618 1
108762 70751 1
108762 74618 1
108762 97529 1
108762 99508 1
108762 106497 1
108762 108763 22
108762 111924 1
108763 70751 1
108763 74618 1
108763 97529 1
108763 99508 1
108763 106497 1
108763 108762 22
108763 111924 1
109641 74618 1
109641 100720 1
109641 111903 1
109641 116540 1
116540 74618 1
116540 100720 1
116540 106800 1
116540 109641 1
116540 125827 1
23029 49098 1
23029 50713 1
23029 51358 1
23029 57874 1
23029 75077 1
49098 23029 1
49098 50713 1
49098 51358 1
49098 57874 1
49098 75077 1
50713 23029 1
50713 49098 1
50713 51358 1
50713 57874 1
50713 75077 1
51358 23029 1
51358 49098 1
51358 50713 1
51358 57874 1
51358 75077 1
56877 75077 1
56877 112586 1
57874 23029 1
57874 49098 1
57874 50713 1
57874 51358 1
57874 75077 1
82453 75077 1
82453 78367 1
82453 114785 1
114785 75077 1
114785 82453 1
57872 46779 1
57872 53120 1
57872 75096 1
57872 79972 1
57872 84811 1
75096 57872 1
75096 79972 1
75096 84811 1
84811 57872 1
84811 75096 1
84811 79972 1
52919 82112 1
69552 82112 1
88783 82112 1
100578 82112 1
100578 101969 1
101327 66056 1
101327 82112 1
101327 94580 1
101327 103527 1
101327 106457 1
101327 106458 1
101327 106459 1
101327 108250 1
101327 110812 1
101327 120355 1
101969 82112 1
101969 100578 1
103527 82112 1
103527 101327 1
108623 82112 1
112045 82112 1
112045 84936 1
112045 90328 1
39067 82267 1
39067 95705 1
50103 66070 1
50103 69730 1
50103 82267 1
50103 86551 1
50103 89066 1
50103 98348 1
50103 98349 1
57334 82267 1
57334 84441 1
61950 76715 1
61950 82267 1
66060 82267 1
66060 99498 1
69730 50103 1
69730 82267 1
82682 82267 1
84441 57334 1
84441 82267 1
86236 82267 1
95705 39067 1
95705 82267 1
96059 82267 1
96059 127225 1
103832 82267 1
58458 75348 1
58458 84936 1
58458 93835 1
75348 58458 1
75348 84936 1
75348 93835 1
93835 58458 1
93835 75348 1
93835 84936 1
95969 84936 1
105032 84936 1
105032 97434 1
54737 52306 1
54737 93277 1
59648 93277 1
73561 93277 1
73561 113018 1
76208 93277 1
78024 93277 1
78166 79149 1
78166 93277 1
78166 107858 1
79149 78166 1
79149 93277 1
79149 107858 1
84515 93277 1
85903 93277 1
85903 100012 1
92152 78442 1
92152 86317 1
92152 93277 1
100012 85903 1
100012 93277 1
101088 93277 1
107858 78166 1
107858 79149 1
107858 93277 1
107858 98689 1
113449 93277 1
48162 97104 1
51487 52892 1
51487 97104 1
52892 51487 1
52892 69460 1
52892 76715 1
52892 85066 1
52892 97104 1
52892 112793 1
69927 75306 1
69927 75311 1
69927 75313 1
69927 75314 1
69927 97104 1
69927 101514 1
69927 107301 1
69927 107396 1
75306 69927 1
75306 75311 1
75306 75313 1
75306 75314 1
75306 97104 1
75306 101514 1
75306 107301 1
75306 107396 1
75311 69927 1
75311 75306 1
75311 75313 1
75311 75314 1
75311 97104 1
75311 101514 2
75311 107301 2
75311 107396 1
75313 69927 1
75313 75306 1
75313 75311 1
75313 75314 1
75313 97104 1
75313 101514 1
75313 107301 1
75313 107396 1
75314 69927 1
75314 75306 1
75314 75311 1
75314 75313 1
75314 97104 1
75314 101514 1
75314 107301 1
75314 107396 1
89505 52313 1
89505 97104 1
101514 69927 1
101514 75306 1
101514 75311 2
101514 75313 1
101514 75314 1
101514 97104 1
101514 107301 1
101514 107396 1
107301 69927 1
107301 75306 1
107301 75311 2
107301 75313 1
107301 75314 1
107301 97104 1
107301 101514 1
107301 107396 1
107396 69927 1
107396 70045 1
107396 75306 1
107396 75311 1
107396 75313 1
107396 75314 1
107396 97104 1
107396 101514 1
107396 107301 1
115982 97104 1
115982 119477 1
119477 97104 1
119477 115982 1
22821 25030 1
22821 25957 1
22821 33201 1
22821 33204 1
22821 33209 1
22821 35734 1
22821 35735 1
22821 44278 1
22821 44959 1
22821 54929 1
22821 98665 1
25030 22821 1
25030 25957 1
25030 33201 1
25030 33204 1
25030 33209 1
25030 35734 1
25030 35735 1
25030 44278 1
25030 44959 1
25030 54929 1
25030 98665 1
25957 22821 1
25957 25030 1
25957 33201 1
25957 33204 1
25957 33209 1
25957 35734 1
25957 35735 1
25957 44278 1
25957 44959 1
25957 44962 1
25957 54929 1
25957 98665 1
33201 22821 1
33201 25030 1
33201 25957 1
33201 33204 1
33201 33209 1
33201 35734 1
33201 35735 1
33201 40426 1
33201 44278 1
33201 44959 1
33201 54929 1
33201 98665 1
33204 22821 1
33204 25030 1
33204 25957 1
33204 33201 1
33204 33209 1
33204 35734 1
33204 35735 1
33204 44278 1
33204 44959 1
33204 54929 1
33204 98665 1
33209 22821 1
33209 25030 1
33209 25957 1
33209 33201 1
33209 33204 1
33209 35734 1
33209 35735 1
33209 44278 1
33209 44959 1
33209 54929 1
33209 98665 1
35734 22821 1
35734 25030 1
35734 25957 1
35734 33201 1
35734 33204 1
35734 33209 1
35734 35735 1
35734 44278 1
35734 44959 1
35734 54929 1
35734 98665 1
35735 22821 1
35735 25030 1
35735 25957 1
35735 33201 1
35735 33204 1
35735 33209 1
35735 35734 1
35735 44278 1
35735 44959 1
35735 54929 1
35735 98665 1
44278 22821 1
44278 25030 1
44278 25957 1
44278 33201 1
44278 33204 1
44278 33209 1
44278 35734 1
44278 35735 1
44278 44959 1
44278 54929 1
44278 98665 1
44959 22821 1
44959 25030 1
44959 25957 1
44959 33201 1
44959 33204 1
44959 33209 1
44959 35734 1
44959 35735 1
44959 44278 1
44959 54929 1
44959 98665 1
54929 22821 1
54929 25030 1
54929 25957 1
54929 33201 1
54929 33204 1
54929 33209 1
54929 35734 1
54929 35735 1
54929 44278 1
54929 44959 1
54929 98665 1
66056 98665 1
66056 101086 1
66056 101327 1
86213 98665 1
90682 98665 1
90682 118104 1
105616 98665 1
110803 98665 1
118104 90682 1
118104 98665 1
61642 100846 1
61642 117900 1
110810 100846 1
117900 61642 1
117900 100846 1
105521 105520 1
105521 124285 1
124285 105520 1
124285 105521 1
51518 108250 1
94580 101327 1
94580 106457 1
94580 106458 1
94580 106459 1
94580 108250 1
94580 110812 1
106457 94580 1
106457 101327 1
106457 106458 1
106457 106459 1
106457 108250 1
106457 110812 1
106458 94580 1
106458 101327 1
106458 106457 1
106458 106459 1
106458 108250 1
106458 110812 1
106458 125255 1
106459 94580 1
106459 101327 1
106459 106457 1
106459 106458 1
106459 108250 1
106459 110812 1
110812 94580 1
110812 101327 1
110812 106457 1
110812 106458 1
110812 106459 1
110812 108250 1
67882 86989 2
67882 102184 1
67882 110963 1
86989 67882 2
86989 102184 1
86989 110963 1
95385 110963 1
99026 110963 1
102184 67882 1
102184 86989 1
102184 110963 1
113492 110963 1
118251 110963 1
112586 56877 1
112586 66070 1
28808 52206 1
28808 77597 1
28808 79732 1
28808 80270 1
28808 85066 1
28808 86551 1
28808 90681 1
28808 91083 1
28808 99498 1
52206 28808 1
52206 77597 1
52206 79732 1
52206 80270 1
52206 85066 1
52206 86551 1
52206 90681 1
52206 91083 1
52206 99498 1
69460 52892 1
69460 76715 1
69460 85066 1
76715 52892 1
76715 61950 1
76715 69460 1
76715 85066 1
77597 28808 1
77597 52206 1
77597 79732 1
77597 80270 1
77597 85066 1
77597 86551 1
77597 90681 1
77597 91083 1
77597 98596 1
77597 99498 1
79732 28808 1
79732 52206 1
79732 77597 1
79732 80270 1
79732 85066 1
79732 86551 1
79732 90681 1
79732 91083 1
79732 99498 1
80270 28808 1
80270 52206 1
80270 77597 1
80270 79732 1
80270 85066 1
80270 86551 1
80270 90681 1
80270 91083 1
80270 99498 1
86551 28808 1
86551 50103 1
86551 52206 1
86551 67986 1
86551 77597 1
86551 79732 1
86551 80270 1
86551 82837 1
86551 85066 1
86551 90681 1
86551 91083 1
86551 91492 1
86551 91493 1
86551 99498 1
86551 106680 1
90681 28808 1
90681 52206 1
90681 77597 1
90681 79732 1
90681 80270 1
90681 85066 1
90681 86551 1
90681 91083 1
90681 99498 1
91083 28808 1
91083 52206 1
91083 77597 1
91083 79732 1
91083 80270 1
91083 85066 1
91083 86551 1
91083 90681 1
91083 99498 1
98227 85066 1
98227 98228 9
98227 100317 1
98227 105720 1
98228 85066 1
98228 98227 9
98228 100317 1
98228 105720 1
99498 28808 1
99498 52206 1
99498 66060 1
99498 73835 1
99498 77597 1
99498 79732 1
99498 80270 1
99498 85066 1
99498 86551 1
99498 90681 1
99498 91083 1
100317 85066 1
100317 98227 1
100317 98228 1
100317 105720 1
105720 85066 1
105720 98227 1
105720 98228 1
105720 100317 1
49053 66847 1
49053 70507 1
49053 71431 1
49053 90328 1
49053 95072 1
49053 98699 1
49053 106035 1
49053 106800 1
71431 49053 1
71431 66847 1
71431 90328 1
71431 95072 1
71431 98699 1
71431 106800 1
90328 49053 1
90328 66847 1
90328 71431 1
90328 95072 1
90328 98699 1
90328 106800 1
90328 112045 1
95072 49053 1
95072 66847 1
95072 71431 1
95072 90328 1
95072 98699 1
95072 106800 1
98699 49053 1
98699 66847 1
98699 71431 1
98699 90328 1
98699 95072 1
98699 106800 1
106800 49053 1
106800 66847 1
106800 68086 1
106800 71431 1
106800 90328 1
106800 95072 1
106800 98699 1
106800 116540 1
106800 125827 1
56039 67110 1
56039 79462 1
56039 93634 1
79462 56039 1
79462 67110 1
79462 93634 1
93634 56039 1
93634 67110 1
93634 79462 1
93634 100948 1
93634 106454 1
93634 126988 1
112763 67110 1
112763 80813 1
112763 92032 1
112763 94119 1
70221 70507 1
106035 49053 1
106035 70507 1
110606 70507 1
70444 42410 1
70444 93168 1
70444 106454 1
91890 91891 1
91890 106454 1
91891 91890 1
91891 106454 1
93168 70444 1
93168 106454 1
94119 80813 1
94119 106454 1
94119 112763 1
98596 77597 1
98596 106454 1
100948 70828 1
100948 93634 1
100948 106454 2
67810 51411 1
67810 106680 1
67810 106683 1
67986 82837 1
67986 86551 1
67986 91492 1
67986 91493 1
67986 106680 1
82837 67986 1
82837 86551 1
82837 91492 1
82837 91493 1
82837 106680 1
91492 67986 1
91492 82837 1
91492 86551 1
91492 91493 1
91492 106680 1
91493 67986 1
91493 82837 1
91493 86551 1
91493 91492 1
91493 106680 1
113018 73561 1
113018 89443 1
113018 106680 1
113220 40203 1
113220 106680 1
113220 114149 1
114346 106680 1
51411 67810 1
51411 106683 1
89206 106683 1
103432 106683 1
120681 106683 1
120681 124776 1
124776 106683 1
124776 120681 1
125627 106683 1
125627 123619 3
125627 125698 2
125627 126285 1
69844 89443 1
69844 93580 1
69844 98168 1
69844 106684 1
70807 45785 1
70807 70805 1
70807 92049 1
70807 101086 1
70807 106684 1
89443 69844 1
89443 93580 2
89443 98168 1
89443 106684 1
89443 113018 1
92049 70807 1
92049 106684 1
93580 69844 1
93580 89443 2
93580 98168 1
93580 106684 1
98168 68132 1
98168 69844 1
98168 89443 1
98168 93580 1
98168 101617 1
98168 106684 1
98168 113820 1
114694 106684 1
119348 109666 1
125890 109666 1
74138 110416 2
110417 110416 1
70751 106497 1
70751 108762 1
70751 108763 1
70751 111924 1
106497 70751 1
106497 108762 1
106497 108763 1
106497 111924 1
83163 99508 1
83163 116537 1
83163 124810 1
99508 83163 1
99508 108762 1
99508 108763 1
99508 116537 1
99508 124810 1
108992 124810 1
116537 83163 1
116537 99508 1
116537 124810 1
50861 51393 1
79118 63479 1
79118 106036 1
79118 111432 1
86524 63479 1
106036 63479 1
106036 79118 1
106036 111432 1
111432 63479 1
111432 79118 1
111432 106036 1
112447 63479 1
75180 75179 1
87272 98348 1
89066 50103 1
89066 98348 1
89066 98349 1
98349 50103 1
98349 89066 1
98349 98348 1
119219 105246 1
86593 114720 1
86593 114730 1
106224 114719 1
106224 114720 1
114719 106224 1
114719 114720 1
68086 68132 1
68086 106800 1
68086 114729 1
68132 68086 1
68132 98168 1
68132 114729 1
94514 114729 1
52306 54737 1
52306 114730 1
51480 70222 1
51480 75092 1
51480 86108 1
51480 107338 1
51480 107339 1
75092 51480 1
75092 70222 1
75092 86108 1
75092 107338 1
75092 107339 1
86108 51480 1
86108 70222 1
86108 75092 1
86108 107338 1
86108 107339 1
107338 51480 1
107338 70222 1
107338 75092 1
107338 86108 1
107338 107339 1
107339 51480 1
107339 70222 1
107339 75092 1
107339 86108 1
107339 107338 1
80732 87721 1
117733 87721 1
117733 117108 1
117733 117735 1
117735 87721 1
117735 117733 1
93643 95994 1
93643 117814 1
51432 109624 1
51432 114540 1
114540 51432 1
114540 109624 1
15595 109688 1
69316 109688 1
109162 109688 1
109162 117770 1
109689 109688 1
121801 117812 1
121801 117814 1
121801 124467 1
124467 117812 1
124467 117813 1
124467 117814 1
124467 118245 1
124467 121801 1
118245 117813 1
118245 124467 1
94273 117814 1
94273 125080 1
117770 109162 1
117108 117733 1
45785 70805 1
45785 70807 1
70805 45785 1
70805 70807 1
101617 98168 1
101617 113820 1
113820 98168 1
113820 101617 1
113820 108325 1
123619 125627 3
123619 125698 4
123619 126285 1
125698 123619 4
125698 125476 2
125698 125477 1
125698 125627 2
125698 125699 3
125698 126285 3
126285 123619 1
126285 125627 1
126285 125698 3
40203 113220 1
114149 113220 1
42410 70444 1
126988 93634 1
70828 100948 1
125827 106800 1
125827 116540 1
112793 52892 1
73835 99498 1
79194 73467 1
79194 100860 1
120355 101327 1
125255 106458 1
44962 25957 1
40426 33201 1
70045 107396 1
127225 96059 1
46779 53120 1
46779 57872 1
53120 46779 1
53120 57872 1
78367 82453 1
62740 62741 1
62740 86711 1
62741 62740 1
62741 86711 1
62741 124194 1
63405 59675 1
39362 61185 1
70672 65583 1
115888 70481 1
122967 70481 1
122968 70481 1
75873 75872 1
75873 75874 1
75873 107521 1
75874 75873 1
75874 107521 1
108325 113820 1
125476 125477 1
125476 125698 2
125476 125699 1
125477 125476 1
125477 125698 1
125699 125476 1
125699 125698 3
100860 79194 1
124194 62741 1
75872 75873 1
