73254 79506 1
79506 69886 1
79506 73254 1
69886 25972 1
69886 38629 1
69886 47453 1
69886 47459 1
69886 54398 1
69886 55109 1
69886 62595 1
69886 64911 1
69886 79047 1
69886 79506 1
69886 79676 1
69886 90163 1
25972 30243 1
25972 54398 1
25972 69886 1
38629 50496 1
38629 69886 1
38629 90163 2
47453 69886 1
47453 79047 1
47453 82794 1
47459 52592 1
47459 69886 1
54398 25972 1
54398 30339 1
54398 34867 1
54398 35126 1
54398 38333 1
54398 41410 1
54398 43075 1
54398 43975 1
54398 43997 1
54398 45423 1
54398 45704 1
54398 45997 1
54398 45998 1
54398 46328 1
54398 47223 1
54398 47665 1
54398 47744 1
54398 48073 1
54398 49591 1
54398 50617 1
54398 52218 1
54398 52228 1
54398 52244 1
54398 53784 1
54398 54154 1
54398 55733 1
54398 57431 1
54398 63185 1
54398 63379 1
54398 63380 1
54398 64316 1
54398 65195 1
54398 65712 1
54398 69886 1
54398 71725 1
54398 83785 1
54398 86950 1
54398 92902 1
54398 102892 1
55109 64911 1
55109 69886 1
55109 79676 1
62595 20256 1
62595 69886 1
62595 76979 1
64911 55109 1
64911 69886 1
64911 79676 1
79047 47453 1
79047 69886 1
79676 33711 1
79676 55109 1
79676 64911 1
79676 69886 1
79676 78686 1
79676 82367 1
79676 95585 1
90163 38623 1
90163 38624 1
90163 38629 2
90163 50496 1
90163 61762 1
90163 66461 1
90163 69886 1
90163 73342 1
90163 75349 1
90163 76585 1
90163 76586 1
90163 76587 1
90163 76908 1
90163 81381 1
90163 82892 1
90163 90162 1
90163 98868 1
90163 104205 1
90163 104206 1
90163 104208 1
90163 115786 1
90163 124075 1
30243 25972 1
30243 43547 1
30243 44271 1
50496 38624 1
50496 38629 1
50496 61761 1
50496 76587 1
50496 90162 1
50496 90163 1
82794 47453 1
52592 31592 1
52592 47459 1
52592 47876 1
52592 56084 1
52592 60639 1
30339 34867 1
30339 38333 1
30339 41410 1
30339 43075 1
30339 45997 1
30339 45998 1
30339 46328 1
30339 54398 1
34867 30339 1
34867 38333 1
34867 41410 1
34867 43075 1
34867 45997 1
34867 45998 1
34867 46328 1
34867 54398 1
35126 47665 1
35126 48073 1
35126 54398 1
35126 64316 1
35126 71725 1
38333 30339 1
38333 34867 1
38333 41410 1
38333 43075 1
38333 45997 1
38333 45998 1
38333 46328 1
38333 48781 1
38333 54398 1
38333 55911 1
41410 30339 1
41410 34867 1
41410 38333 1
41410 43075 1
41410 45997 1
41410 45998 1
41410 46328 1
41410 54398 1
43075 29087 1
43075 30339 1
43075 34867 1
43075 38333 1
43075 41410 1
43075 44124 1
43075 45997 1
43075 45998 1
43075 46328 1
43075 47790 1
43075 54398 1
43075 60530 1
43075 60860 1
43075 63690 1
43075 73197 1
43975 43997 1
43975 45423 1
43975 45704 1
43975 49591 1
43975 52218 1
43975 52228 1
43975 52244 1
43975 53784 1
43975 54398 1
43975 56024 1
43975 63185 1
43975 63379 1
43975 63380 1
43975 65195 1
43997 38780 1
43997 43975 1
43997 45337 1
43997 45423 1
43997 45704 1
43997 49591 1
43997 52218 1
43997 52228 1
43997 52244 1
43997 53784 1
43997 54398 1
43997 63185 1
43997 63379 1
43997 63380 1
43997 65195 1
43997 66909 1
43997 89069 1
45423 43975 1
45423 43997 1
45423 45704 1
45423 49591 1
45423 52218 1
45423 52228 1
45423 52244 1
45423 53784 1
45423 54398 1
45423 63185 1
45423 63379 1
45423 63380 1
45423 65195 1
45704 43975 1
45704 43997 1
45704 45423 1
45704 49591 1
45704 52218 1
45704 52228 1
45704 52244 1
45704 53784 1
45704 54398 1
45704 63185 1
45704 63379 1
45704 63380 1
45704 65195 1
45997 30339 1
45997 34867 1
45997 38333 1
45997 41410 1
45997 43075 1
45997 45998 1
45997 46328 1
45997 48406 1
45997 54398 1
45997 59296 1
45998 30339 1
45998 31544 1
45998 34867 1
45998 38333 1
45998 41410 1
45998 43075 1
45998 44750 1
45998 45997 1
45998 46328 1
45998 47837 1
45998 54025 1
45998 54398 1
46328 28157 1
46328 30339 1
46328 34867 1
46328 38333 1
46328 41410 1
46328 43075 1
46328 45997 1
46328 45998 1
46328 46449 1
46328 49394 1
46328 54398 1
46328 62250 1
46328 125664 1
47223 45253 1
47223 47744 1
47223 54398 1
47223 83785 1
47223 86950 1
47223 92902 1
47665 35126 1
47665 48073 1
47665 54398 1
47665 64316 1
47665 71725 1
47744 28256 1
47744 30802 1
47744 47223 1
47744 48781 1
47744 54398 1
47744 59873 1
47744 63664 1
47744 65566 1
47744 66850 1
47744 68358 1
47744 83785 1
47744 86950 1
47744 92902 1
48073 35126 1
48073 47665 1
48073 49255 1
48073 54398 1
48073 57584 1
48073 59370 1
48073 64316 1
48073 71725 1
49591 14912 1
49591 34668 1
49591 43975 1
49591 43997 1
49591 45423 1
49591 45704 1
49591 52218 1
49591 52228 1
49591 52244 1
49591 52547 1
49591 52549 1
49591 52550 1
49591 52551 1
49591 53784 1
49591 54398 1
49591 63185 1
49591 63379 1
49591 63380 1
49591 65195 1
49591 65271 1
49591 69562 1
49591 84462 1
50617 54154 1
50617 54398 1
50617 55733 1
50617 57431 1
50617 65712 1
52218 43975 1
52218 43997 1
52218 45423 1
52218 45704 1
52218 49591 1
52218 52228 1
52218 52244 1
52218 53784 1
52218 54398 1
52218 63185 1
52218 63379 1
52218 63380 1
52218 65195 1
52228 43975 1
52228 43997 1
52228 45423 1
52228 45704 1
52228 49591 1
52228 52218 1
52228 52244 1
52228 53784 1
52228 54398 1
52228 63185 1
52228 63379 1
52228 63380 1
52228 65195 1
52244 43975 1
52244 43997 1
52244 45423 1
52244 45704 1
52244 49591 1
52244 52218 1
52244 52228 1
52244 53784 1
52244 54398 1
52244 63185 1
52244 63379 1
52244 63380 1
52244 65195 1
53784 43975 1
53784 43997 1
53784 45423 1
53784 45704 1
53784 49591 1
53784 52218 1
53784 52228 1
53784 52244 1
53784 54398 1
53784 63185 1
53784 63379 1
53784 63380 1
53784 65195 1
53784 73518 1
53784 88326 1
53784 107377 1
53784 108491 1
53784 115260 1
54154 50617 1
54154 54398 1
54154 55733 1
54154 57431 1
54154 65712 1
55733 30802 1
55733 32850 1
55733 33713 1
55733 33734 1
55733 34141 1
55733 37730 1
55733 50617 1
55733 52595 1
55733 54154 1
55733 54331 1
55733 54398 1
55733 56205 1
55733 57431 1
55733 58748 1
55733 59443 1
55733 60101 1
55733 65712 1
55733 65725 1
55733 65726 1
55733 67347 1
57431 50617 1
57431 54154 1
57431 54398 1
57431 55733 1
57431 65712 1
63185 26813 1
63185 43975 1
63185 43997 1
63185 45423 1
63185 45704 1
63185 49591 1
63185 52218 1
63185 52228 1
63185 52244 1
63185 52549 1
63185 53784 1
63185 54398 1
63185 63379 1
63185 63380 1
63185 65195 1
63379 43975 1
63379 43997 1
63379 45423 1
63379 45704 1
63379 49591 1
63379 52218 1
63379 52228 1
63379 52244 1
63379 53784 1
63379 54398 1
63379 63185 1
63379 63380 1
63379 65195 1
63380 32591 1
63380 43975 1
63380 43997 1
63380 45423 1
63380 45704 1
63380 47391 1
63380 47658 1
63380 49591 1
63380 52218 1
63380 52228 1
63380 52244 1
63380 53784 1
63380 54398 1
63380 57145 1
63380 63185 1
63380 63379 1
63380 65195 1
64316 35126 1
64316 45332 1
64316 47665 1
64316 48073 1
64316 54398 1
64316 55123 1
64316 55124 1
64316 61093 1
64316 71725 1
64316 122404 1
65195 43975 1
65195 43997 1
65195 45423 1
65195 45704 1
65195 49591 1
65195 52218 1
65195 52228 1
65195 52244 1
65195 53784 1
65195 54398 1
65195 63185 1
65195 63379 1
65195 63380 1
65712 50617 1
65712 54154 1
65712 54398 1
65712 55733 1
65712 57431 1
71725 35126 1
71725 47665 1
71725 48073 1
71725 54398 1
71725 64316 1
83785 47223 1
83785 47744 1
83785 54398 1
83785 86950 1
83785 92861 1
83785 92892 1
83785 92902 1
83785 95603 1
83785 95606 1
86950 47223 1
86950 47744 1
86950 54398 1
86950 83785 1
86950 92902 1
92902 47223 1
92902 47744 1
92902 54398 1
92902 83785 1
92902 86729 1
92902 86950 1
92902 86954 1
92902 89553 1
92902 91800 1
92902 92425 1
92902 92900 1
92902 92901 1
92902 93651 1
92902 95601 1
92902 95602 1
92902 96313 1
92902 104834 1
92902 119750 1
92902 120673 1
92902 122009 1
102892 54398 1
20256 62595 1
20256 76979 1
76979 20256 1
76979 62595 1
33711 79676 1
78686 79676 1
82367 79676 1
82367 90905 1
82367 95585 1
95585 79676 1
95585 82367 1
95585 87052 1
95585 95586 1
95585 95588 1
95585 95589 1
95585 109234 1
38623 76908 1
38623 90163 1
38623 104205 1
38623 104206 1
38624 38618 1
38624 50496 1
38624 61759 1
38624 61760 2
38624 61761 2
38624 61762 1
38624 66461 1
38624 75349 1
38624 75354 1
38624 76585 1
38624 76586 1
38624 76587 3
38624 81381 1
38624 82892 1
38624 85149 1
38624 90162 2
38624 90163 1
38624 98868 1
61762 38624 1
61762 66461 1
61762 75349 1
61762 76585 1
61762 76586 1
61762 76587 1
61762 81381 1
61762 82892 1
61762 90162 1
61762 90163 1
61762 98868 1
66461 38624 1
66461 38634 1
66461 41092 1
66461 61762 1
66461 75349 1
66461 76585 1
66461 76586 1
66461 76587 2
66461 81381 2
66461 82892 1
66461 90162 1
66461 90163 1
66461 98868 1
66461 127074 1
73342 90163 1
73342 115786 1
75349 38624 1
75349 61762 1
75349 66461 1
75349 76585 1
75349 76586 1
75349 76587 1
75349 81381 1
75349 82892 1
75349 90162 1
75349 90163 1
75349 98868 1
76585 38624 1
76585 61762 1
76585 66461 1
76585 75349 1
76585 76586 1
76585 76587 1
76585 81381 1
76585 82892 1
76585 90162 1
76585 90163 1
76585 98868 1
76586 38624 1
76586 61760 1
76586 61762 1
76586 66461 1
76586 75349 1
76586 76585 1
76586 76587 1
76586 76905 1
76586 76907 1
76586 81381 1
76586 82892 2
76586 90162 1
76586 90163 1
76586 98868 1
76586 104205 1
76587 38618 1
76587 38624 3
76587 38634 1
76587 41092 1
76587 48504 1
76587 50496 1
76587 61758 1
76587 61760 1
76587 61761 2
76587 61762 1
76587 66461 2
76587 75349 1
76587 76585 1
76587 76586 1
76587 81381 2
76587 82892 1
76587 90162 2
76587 90163 1
76587 98868 1
76587 127074 2
76908 38623 1
76908 90163 1
76908 98866 1
76908 102017 1
76908 104205 1
76908 104206 1
76908 104207 1
76908 113425 1
81381 38624 1
81381 38634 1
81381 41092 1
81381 61762 1
81381 66461 2
81381 75349 1
81381 76585 1
81381 76586 1
81381 76587 2
81381 82892 1
81381 90162 1
81381 90163 1
81381 98868 1
81381 127074 1
82892 38624 1
82892 61760 1
82892 61762 1
82892 66461 1
82892 75349 1
82892 75352 1
82892 76585 1
82892 76586 2
82892 76587 1
82892 76905 1
82892 76907 2
82892 81381 1
82892 90162 2
82892 90163 1
82892 91340 1
82892 98866 1
82892 98868 2
82892 104205 1
90162 38624 2
90162 50496 1
90162 61761 1
90162 61762 1
90162 66461 1
90162 75349 1
90162 75352 1
90162 76585 1
90162 76586 1
90162 76587 2
90162 76906 1
90162 76907 1
90162 79442 1
90162 81381 1
90162 82892 2
90162 85149 1
90162 90163 1
90162 91340 1
90162 91342 1
90162 98866 1
90162 98868 2
98868 38624 1
98868 61762 1
98868 66461 1
98868 75349 1
98868 75352 1
98868 76585 1
98868 76586 1
98868 76587 1
98868 76907 1
98868 81381 1
98868 82892 2
98868 90162 2
98868 90163 1
98868 91340 1
98868 98866 1
104205 38615 1
104205 38623 1
104205 38625 1
104205 38627 1
104205 61760 1
104205 76586 1
104205 76905 1
104205 76907 1
104205 76908 1
104205 82892 1
104205 90163 1
104205 91343 1
104205 98866 2
104205 104206 2
104205 111898 1
104205 113425 2
104205 115786 1
104205 120731 1
104206 38615 1
104206 38623 1
104206 38625 1
104206 76908 1
104206 90163 1
104206 91343 1
104206 98866 1
104206 104205 2
104206 113425 1
104206 115786 1
104208 88626 1
104208 90163 1
104208 124075 1
115786 38615 1
115786 38625 1
115786 73342 1
115786 90163 1
115786 91343 1
115786 98866 1
115786 104205 1
115786 104206 1
115786 113425 1
124075 69722 1
124075 73678 1
124075 90163 1
124075 104208 1
124075 110341 1
43547 30243 1
43547 44271 1
44271 30243 1
44271 43547 1
61761 38618 1
61761 38624 2
61761 50496 1
61761 61760 1
61761 76587 2
61761 90162 1
31592 47876 1
31592 52592 1
31592 60639 1
47876 31592 1
47876 52592 1
47876 60639 1
56084 52592 1
60639 31592 1
60639 47876 1
60639 52592 1
48781 38333 1
48781 47744 1
48781 55911 1
48781 65566 1
55911 38333 1
55911 48781 1
29087 43075 1
29087 60530 1
29087 60860 1
44124 43075 1
44124 47790 1
44124 73197 1
47790 43075 1
47790 44124 1
47790 73197 1
60530 29087 1
60530 43075 1
60530 60860 1
60860 29087 1
60860 43075 1
60860 60530 1
60860 76957 1
60860 76958 1
63690 43075 1
73197 43075 1
73197 44124 1
73197 47790 1
56024 43975 1
56024 49255 1
38780 43997 1
45337 43997 1
45337 89069 1
66909 43997 1
66909 84390 1
66909 84393 2
66909 124593 1
89069 37471 1
89069 43997 1
89069 45337 1
48406 45997 1
59296 45997 1
31544 44750 1
31544 45998 1
31544 47837 1
31544 54025 1
44750 31544 1
44750 45998 1
44750 47837 1
44750 54025 1
44750 76943 1
47837 31544 1
47837 44750 1
47837 45998 1
47837 54025 1
54025 31544 1
54025 44750 1
54025 45998 1
54025 47837 1
28157 46328 1
28157 46449 1
28157 62250 1
28157 125664 1
46449 28157 1
46449 46328 1
46449 58748 1
46449 62250 1
46449 125664 1
49394 46328 1
62250 28157 1
62250 46328 1
62250 46449 1
62250 125664 1
125664 28157 1
125664 46328 1
125664 46449 1
125664 62250 1
45253 47223 1
28256 47744 1
30802 47744 1
30802 55733 1
30802 59873 1
30802 63664 1
30802 66850 1
30802 68358 1
59873 30802 1
59873 47744 1
59873 63664 1
59873 66850 1
59873 68358 1
63664 30802 1
63664 47744 1
63664 59873 1
63664 66850 1
63664 68358 1
65566 47744 1
65566 48781 1
66850 30802 1
66850 47744 1
66850 59873 1
66850 63664 1
66850 68358 1
68358 30802 1
68358 47744 1
68358 59873 1
68358 63664 1
68358 66850 1
49255 48073 1
49255 56024 1
49255 57584 1
49255 59370 1
57584 48073 1
57584 49255 1
57584 59370 1
59370 48073 1
59370 49255 1
59370 57584 1
14912 34668 1
14912 49591 1
14912 52547 1
14912 52549 1
14912 52550 1
14912 52551 1
14912 65271 1
14912 69562 1
14912 84462 1
34668 14912 1
34668 49591 1
34668 52547 1
34668 52549 1
34668 52550 1
34668 52551 1
34668 65271 1
34668 69562 1
34668 84462 1
52547 14912 1
52547 34668 1
52547 49591 1
52547 52549 1
52547 52550 1
52547 52551 1
52547 65271 1
52547 69562 1
52547 84462 1
52549 14912 1
52549 34668 1
52549 49591 1
52549 52547 1
52549 52550 1
52549 52551 1
52549 63185 1
52549 65271 1
52549 69562 1
52549 84462 1
52550 14912 1
52550 34668 1
52550 49591 1
52550 52547 1
52550 52549 1
52550 52551 1
52550 65271 1
52550 69562 1
52550 84462 1
52551 14912 1
52551 34668 1
52551 49591 1
52551 52547 1
52551 52549 1
52551 52550 1
52551 65271 1
52551 69562 1
52551 84462 1
65271 14912 1
65271 34668 1
65271 49591 1
65271 52547 1
65271 52549 1
65271 52550 1
65271 52551 1
65271 69562 1
65271 84462 1
69562 14912 1
69562 34668 1
69562 49591 1
69562 52547 1
69562 52549 1
69562 52550 1
69562 52551 1
69562 65271 1
69562 84462 1
84462 14912 1
84462 34668 1
84462 49591 1
84462 52547 1
84462 52549 1
84462 52550 1
84462 52551 1
84462 65271 1
84462 69562 1
73518 53784 1
88326 53784 1
88326 108491 1
88326 115260 1
107377 53784 1
107377 115260 2
108491 53784 1
108491 88326 1
115260 53784 1
115260 88326 1
115260 107377 2
32850 33713 1
32850 33734 1
32850 34141 1
32850 37730 1
32850 52595 1
32850 54331 1
32850 55733 1
32850 56205 1
32850 59443 1
32850 60101 1
33713 32850 1
33713 33734 1
33713 34141 1
33713 37730 1
33713 52595 1
33713 54331 1
33713 55733 1
33713 56205 1
33713 59443 1
33713 60101 1
33734 32850 1
33734 33713 1
33734 34141 1
33734 37730 1
33734 52595 1
33734 54331 1
33734 55733 1
33734 56205 1
33734 59443 1
33734 60101 1
34141 32850 1
34141 33713 1
34141 33734 1
34141 37730 1
34141 52595 1
34141 54331 1
34141 55733 1
34141 56205 1
34141 59443 1
34141 60101 1
37730 32850 1
37730 33713 1
37730 33734 1
37730 34141 1
37730 52595 1
37730 54331 1
37730 55733 1
37730 56205 1
37730 59443 1
37730 60101 1
52595 32850 1
52595 33713 1
52595 33734 1
52595 34141 1
52595 37730 1
52595 54331 1
52595 55733 1
52595 56205 1
52595 59443 1
52595 60101 1
54331 32850 1
54331 33713 1
54331 33734 1
54331 34141 1
54331 37730 1
54331 52595 1
54331 55733 1
54331 56205 1
54331 59443 1
54331 60101 1
56205 32850 1
56205 33713 1
56205 33734 1
56205 34141 1
56205 37730 1
56205 52595 1
56205 54331 1
56205 55733 1
56205 59443 1
56205 60101 1
58748 46449 1
58748 55733 1
58748 71471 1
59443 32850 1
59443 33713 1
59443 33734 1
59443 34141 1
59443 37730 1
59443 52595 1
59443 54331 1
59443 55733 1
59443 56205 1
59443 60101 1
60101 32850 1
60101 33713 1
60101 33734 1
60101 34141 1
60101 37730 1
60101 52595 1
60101 54331 1
60101 55733 1
60101 56205 1
60101 59443 1
65725 55733 1
65725 65726 1
65725 67347 1
65726 55733 1
65726 65725 1
65726 67347 1
67347 55733 1
67347 65725 1
67347 65726 1
26813 63185 1
32591 47391 1
32591 47658 1
32591 57145 1
32591 63380 1
47391 32591 1
47391 47658 1
47391 57145 1
47391 63380 1
47658 32591 1
47658 47391 1
47658 57145 1
47658 63380 1
57145 32591 1
57145 47391 1
57145 47658 1
57145 63380 1
45332 61093 1
45332 64316 1
45332 122404 1
55123 55124 1
55123 64316 1
55124 55123 1
55124 64316 1
61093 29596 1
61093 44837 1
61093 45332 1
61093 64316 1
61093 122404 1
61093 125316 1
61093 125317 1
61093 125318 1
61093 127822 1
122404 45332 1
122404 61093 1
122404 64316 1
92861 83785 1
92861 92892 2
92861 95603 1
92861 95606 1
92892 83785 1
92892 92861 2
92892 95603 1
92892 95606 1
95603 83785 1
95603 86954 1
95603 92861 1
95603 92892 1
95603 95606 1
95606 83785 1
95606 92861 1
95606 92892 1
95606 95603 1
86729 91800 1
86729 92900 1
86729 92901 1
86729 92902 1
86729 93651 1
86729 95601 1
86729 95602 1
86954 89553 1
86954 92425 1
86954 92902 1
86954 95603 1
86954 96313 1
86954 104834 1
86954 119750 1
86954 120673 2
86954 122009 1
89553 86954 1
89553 92425 1
89553 92902 1
89553 96313 1
89553 104834 1
89553 119750 1
89553 120673 1
89553 122009 1
91800 86729 1
91800 92900 1
91800 92901 1
91800 92902 1
91800 93651 1
91800 95601 1
91800 95602 1
92425 86954 1
92425 89553 1
92425 92902 1
92425 96313 1
92425 104834 1
92425 119750 1
92425 120673 1
92425 122009 1
92900 86729 1
92900 91800 1
92900 92901 1
92900 92902 1
92900 93651 2
92900 95601 1
92900 95602 1
92901 86729 1
92901 91800 1
92901 92900 1
92901 92902 1
92901 93651 1
92901 95601 1
92901 95602 1
93651 86729 1
93651 91800 1
93651 92900 2
93651 92901 1
93651 92902 1
93651 95601 1
93651 95602 1
93651 120673 1
95601 86729 1
95601 91800 1
95601 92900 1
95601 92901 1
95601 92902 1
95601 93651 1
95601 95602 1
95602 86729 1
95602 91800 1
95602 92900 1
95602 92901 1
95602 92902 1
95602 93651 1
95602 95601 1
96313 86954 1
96313 89553 1
96313 92425 1
96313 92902 1
96313 104834 1
96313 119750 1
96313 120673 1
96313 122009 1
104834 86954 1
104834 89553 1
104834 92425 1
104834 92902 1
104834 96313 1
104834 119750 1
104834 120673 1
104834 122009 1
119750 86954 1
119750 89553 1
119750 92425 1
119750 92902 1
119750 96313 1
119750 104834 1
119750 120673 1
119750 122009 1
120673 86954 2
120673 89553 1
120673 92425 1
120673 92902 1
120673 93651 1
120673 96313 1
120673 104834 1
120673 119750 1
120673 122009 1
122009 86954 1
122009 89553 1
122009 92425 1
122009 92902 1
122009 96313 1
122009 104834 1
122009 119750 1
122009 120673 1
90905 82367 1
87052 95585 1
87052 95586 1
87052 95588 1
87052 95589 1
87052 109234 1
95586 87052 1
95586 95585 1
95586 95588 1
95586 95589 1
95586 109234 1
95588 87052 1
95588 95585 1
95588 95586 1
95588 95589 1
95588 109234 1
95589 87052 1
95589 95585 1
95589 95586 1
95589 95588 1
95589 109234 1
109234 87052 1
109234 95585 1
109234 95586 1
109234 95588 1
109234 95589 1
38618 38624 1
38618 61760 1
38618 61761 1
38618 76587 1
61759 38624 1
61759 61760 1
61759 75354 1
61759 85149 1
61760 38618 1
61760 38624 2
61760 61759 1
61760 61761 1
61760 75354 1
61760 76586 1
61760 76587 1
61760 76905 1
61760 76907 1
61760 82892 1
61760 85149 1
61760 104205 1
75354 38624 1
75354 61759 1
75354 61760 1
75354 85149 1
85149 38624 1
85149 61759 1
85149 61760 1
85149 75354 1
85149 76906 1
85149 79442 1
85149 90162 1
85149 91342 1
38634 41092 1
38634 66461 1
38634 76587 1
38634 81381 1
38634 127074 1
41092 38634 1
41092 66461 1
41092 76587 1
41092 81381 1
41092 127074 1
127074 38634 1
127074 41092 1
127074 66461 1
127074 76587 2
127074 81381 1
76905 61760 1
76905 76586 1
76905 76907 1
76905 82892 1
76905 104205 1
76907 61760 1
76907 75352 1
76907 76586 1
76907 76905 1
76907 82892 2
76907 90162 1
76907 91340 1
76907 98866 1
76907 98868 1
76907 104205 1
48504 76587 1
61758 76587 1
98866 38615 1
98866 38625 1
98866 38627 1
98866 75352 1
98866 76907 1
98866 76908 1
98866 82892 1
98866 90162 1
98866 91340 1
98866 91343 1
98866 98868 1
98866 102017 1
98866 104205 2
98866 104206 1
98866 104207 2
98866 111898 1
98866 113425 3
98866 115786 1
102017 76908 1
102017 98866 1
102017 104207 1
102017 113425 1
104207 76908 1
104207 98866 2
104207 102017 1
104207 113425 1
113425 38615 1
113425 38625 1
113425 38627 1
113425 76908 1
113425 91343 2
113425 98866 3
113425 102017 1
113425 104205 2
113425 104206 1
113425 104207 1
113425 111898 1
113425 115786 1
75352 76907 1
75352 82892 1
75352 90162 1
75352 91340 1
75352 98866 1
75352 98868 1
91340 75352 1
91340 76907 1
91340 82892 1
91340 90162 1
91340 98866 1
91340 98868 1
76906 79442 1
76906 85149 1
76906 90162 1
76906 91342 1
79442 76906 1
79442 85149 1
79442 90162 1
79442 91342 1
91342 76906 1
91342 79442 1
91342 85149 1
91342 90162 1
38615 38625 1
38615 91343 1
38615 98866 1
38615 104205 1
38615 104206 1
38615 113425 1
38615 115786 1
38625 38615 1
38625 91343 1
38625 98866 1
38625 104205 1
38625 104206 1
38625 113425 1
38625 115786 1
38625 120731 1
38627 98866 1
38627 104205 1
38627 111898 1
38627 113425 1
91343 38615 1
91343 38625 1
91343 98866 1
91343 104205 1
91343 104206 1
91343 113425 2
91343 115786 1
91343 120731 1
111898 38627 1
111898 98866 1
111898 104205 1
111898 113425 1
120731 38625 1
120731 91343 1
120731 104205 1
88626 104208 1
69722 73678 1
69722 110341 1
69722 124075 1
73678 69722 1
73678 110341 1
73678 124075 1
110341 69722 1
110341 73678 1
110341 124075 1
29596 44837 1
29596 61093 1
44837 29596 1
44837 61093 1
125316 61093 1
125316 125317 1
125316 125318 1
125316 127822 1
125317 61093 1
125317 125316 1
125317 125318 1
125317 127822 1
125318 61093 1
125318 125316 1
125318 125317 1
125318 127822 1
127822 61093 1
127822 125316 1
127822 125317 1
127822 125318 1
71471 58748 1
76943 44750 1
84390 66909 1
84390 84393 1
84393 66909 2
84393 84390 1
84393 124593 1
124593 66909 1
124593 84393 1
124593 125756 1
37471 89069 1
76957 60860 1
76957 76958 1
76958 60860 1
76958 76957 1
125756 124593 1
