107376 107375 1
107375 83307 1
107375 105943 1
107375 107376 1
83307 49459 1
83307 55053 1
83307 72551 1
83307 74707 1
83307 77605 1
83307 79920 1
83307 90006 1
83307 107375 1
105943 105463 1
105943 105941 1
105943 105944 1
105943 107375 1
105943 109977 1
105943 109978 1
105943 116543 1
105943 118802 1
105943 118803 1
49459 55053 1
49459 83307 1
55053 49459 1
55053 52591 1
55053 78549 1
55053 83307 1
72551 46749 1
72551 53106 1
72551 62060 1
72551 77605 1
72551 83307 1
72551 87824 1
72551 90006 1
72551 91055 1
72551 92557 1
72551 107863 1
72551 110494 1
72551 116419 1
74707 79920 1
74707 83307 1
77605 31534 1
77605 41244 1
77605 43551 1
77605 46841 1
77605 47448 1
77605 49139 1
77605 51039 1
77605 52150 1
77605 52376 1
77605 55946 1
77605 58563 1
77605 61669 1
77605 61860 1
77605 66712 1
77605 72444 1
77605 72551 1
77605 73256 1
77605 77347 1
77605 78804 1
77605 83307 1
77605 84065 1
77605 89996 1
77605 90006 1
77605 94078 1
77605 94079 1
77605 95336 1
77605 97789 1
79920 36204 1
79920 39351 1
79920 56908 1
79920 56919 1
79920 71344 1
79920 72618 1
79920 72745 1
79920 74707 1
79920 75579 1
79920 76695 1
79920 77546 1
79920 78545 1
79920 78786 1
79920 79853 1
79920 83307 1
79920 116564 1
90006 63423 1
90006 72551 1
90006 75065 1
90006 77605 1
90006 83307 1
90006 83316 1
105463 105943 1
105463 109977 1
105463 109978 2
105463 118802 1
105941 82420 1
105941 93001 1
105941 105943 1
105941 105944 2
105944 105941 2
105944 105943 1
109977 105463 1
109977 105943 1
109977 109978 5
109977 118802 2
109978 105463 2
109978 105943 1
109978 109977 5
109978 118802 2
116543 105943 1
116543 118803 1
118802 88037 1
118802 105463 1
118802 105943 1
118802 106982 1
118802 109977 2
118802 109978 2
118802 119526 1
118802 126895 1
118802 127433 1
118803 105943 1
118803 115128 1
118803 116177 1
118803 116543 1
118803 117378 1
118803 125265 1
52591 24398 1
52591 33746 1
52591 33770 1
52591 34458 1
52591 40395 1
52591 45283 1
52591 49666 1
52591 49859 1
52591 54903 1
52591 55053 1
52591 57731 1
52591 64335 1
52591 65279 1
52591 96500 1
78549 55053 1
78549 74875 1
78549 74876 1
78549 74877 1
78549 75500 1
78549 75681 1
78549 78826 1
46749 3199 1
46749 30616 1
46749 42324 1
46749 47470 1
46749 48979 1
46749 48984 1
46749 49382 1
46749 53086 1
46749 53106 1
46749 54092 1
46749 55709 1
46749 58964 1
46749 62060 1
46749 72551 1
53106 40512 1
53106 46749 1
53106 58105 1
53106 62060 1
53106 72551 1
62060 46749 1
62060 53106 1
62060 72551 1
87824 72551 1
87824 78235 1
87824 92557 1
87824 110494 1
91055 68277 1
91055 68278 1
91055 72551 1
91055 107863 1
91055 114646 1
92557 69887 1
92557 72551 1
92557 87824 1
92557 88924 1
92557 91222 1
92557 91663 1
92557 110494 1
107863 72551 1
107863 91055 1
110494 72551 1
110494 87824 1
110494 92557 1
110494 103685 1
110494 108448 1
110494 118202 1
116419 72551 1
116419 90827 1
116419 90828 1
116419 101267 1
116419 122100 1
31534 38612 1
31534 43551 1
31534 46841 1
31534 47448 1
31534 52150 1
31534 52376 1
31534 53345 1
31534 58563 1
31534 63436 1
31534 72259 1
31534 77605 1
31534 89048 1
31534 92397 1
41244 41243 1
41244 61669 1
41244 77605 1
41244 97789 1
41244 105252 1
43551 31534 1
43551 46841 1
43551 47448 1
43551 52150 1
43551 52376 1
43551 55986 1
43551 58563 1
43551 77605 1
46841 31534 1
46841 43551 1
46841 47448 1
46841 52150 2
46841 52376 2
46841 52738 1
46841 52864 1
46841 58563 1
46841 67630 1
46841 71169 1
46841 72924 1
46841 75733 1
46841 77605 1
46841 80112 1
46841 92321 1
46841 94534 1
47448 31534 1
47448 43551 1
47448 46841 1
47448 52150 1
47448 52376 1
47448 58563 1
47448 77605 1
47448 90339 1
49139 36676 1
49139 36849 1
49139 51039 1
49139 63892 1
49139 68721 1
49139 72444 1
49139 75021 1
49139 77347 1
49139 77605 1
49139 84065 1
49139 89996 1
49139 104974 1
49139 109582 1
49139 116966 1
51039 49139 1
51039 53553 1
51039 53748 1
51039 54112 1
51039 54305 1
51039 56552 1
51039 61876 1
51039 62805 1
51039 63299 1
51039 71170 1
51039 72444 1
51039 74831 1
51039 77347 1
51039 77605 1
51039 79832 1
51039 81562 1
51039 84065 1
51039 89996 1
52150 31534 1
52150 43551 1
52150 46841 2
52150 47448 1
52150 51331 1
52150 52376 3
52150 58563 1
52150 61871 1
52150 63685 1
52150 70375 1
52150 70695 1
52150 77605 1
52376 31534 1
52376 43551 1
52376 46841 2
52376 47448 1
52376 51108 1
52376 52084 1
52376 52150 3
52376 58563 1
52376 60321 1
52376 63696 1
52376 77605 1
52376 79832 1
52376 127161 1
55946 33223 1
55946 61599 1
55946 62076 1
55946 64524 1
55946 66173 1
55946 66712 1
55946 69939 1
55946 71052 1
55946 72405 1
55946 77605 1
58563 31534 1
58563 43551 1
58563 46841 1
58563 47448 1
58563 52150 1
58563 52376 1
58563 67276 1
58563 77605 1
61669 41244 1
61669 77605 1
61669 97789 1
61860 64924 1
61860 77605 1
61860 78804 1
61860 79186 1
61860 92355 1
61860 106724 1
66712 18850 1
66712 24275 1
66712 35903 1
66712 39102 1
66712 52534 1
66712 53866 1
66712 54674 1
66712 55946 1
66712 77605 1
72444 49139 1
72444 51039 1
72444 77347 1
72444 77605 1
72444 84065 1
72444 89996 1
73256 42914 1
73256 53538 1
73256 77605 1
73256 94078 1
73256 94079 1
73256 95130 1
73256 95131 1
73256 104963 1
77347 49139 1
77347 51039 1
77347 53345 1
77347 56088 1
77347 72444 1
77347 72756 1
77347 77605 1
77347 84065 1
77347 89996 1
78804 46884 1
78804 48067 1
78804 49936 1
78804 50475 1
78804 55215 1
78804 56883 1
78804 58360 1
78804 61860 1
78804 72501 1
78804 72924 1
78804 77605 1
78804 88125 1
78804 95336 1
84065 16485 1
84065 49139 1
84065 51039 1
84065 72444 1
84065 77347 1
84065 77605 1
84065 84485 1
84065 89996 1
84065 113517 1
89996 49139 1
89996 51039 1
89996 64277 1
89996 72444 1
89996 77347 1
89996 77605 1
89996 82771 1
89996 84065 1
89996 96462 1
94078 73256 1
94078 77605 1
94078 94079 1
94079 73256 1
94079 77605 1
94079 81697 1
94079 87613 1
94079 94078 1
94079 98243 1
95336 32657 1
95336 32658 1
95336 46268 1
95336 48067 1
95336 49936 1
95336 50475 1
95336 50523 1
95336 55247 1
95336 56883 1
95336 58741 1
95336 61585 1
95336 61871 1
95336 76707 1
95336 77605 1
95336 78804 1
95336 84786 1
95336 88307 1
95336 93314 1
95336 93328 1
95336 95424 1
95336 119015 1
97789 41244 1
97789 61669 1
97789 72355 1
97789 77605 1
36204 71344 1
36204 72618 1
36204 72745 1
36204 75579 1
36204 77546 1
36204 78786 1
36204 79920 1
39351 79920 1
39351 116564 1
56908 56945 4
56908 76695 1
56908 79920 1
56908 123859 2
56919 79920 1
71344 20575 1
71344 36204 1
71344 42315 1
71344 72527 1
71344 72618 1
71344 72745 1
71344 73932 1
71344 75471 1
71344 75579 1
71344 77546 1
71344 78786 1
71344 79920 1
71344 82879 1
71344 97114 1
72618 36204 1
72618 61983 1
72618 71344 1
72618 71622 1
72618 72745 1
72618 75423 1
72618 75579 1
72618 77546 1
72618 77935 1
72618 78786 1
72618 79920 1
72745 36204 1
72745 50604 1
72745 56364 1
72745 67455 1
72745 71170 1
72745 71344 1
72745 72618 1
72745 75423 1
72745 75579 1
72745 77546 1
72745 78786 1
72745 79920 1
75579 36204 1
75579 60497 1
75579 71216 1
75579 71344 1
75579 72618 1
75579 72745 1
75579 77546 1
75579 78786 1
75579 79920 1
75579 81954 1
75579 82115 1
75579 123859 1
75579 124162 1
76695 50246 1
76695 56908 1
76695 70256 1
76695 71376 1
76695 79920 1
77546 36204 1
77546 54443 1
77546 62929 1
77546 66818 1
77546 67307 1
77546 70025 1
77546 71344 1
77546 71989 1
77546 72618 1
77546 72745 1
77546 75579 1
77546 78786 1
77546 79920 1
78545 79853 1
78545 79920 1
78545 123504 1
78786 36204 1
78786 71344 1
78786 72618 1
78786 72745 1
78786 75579 1
78786 77546 1
78786 79920 1
79853 78545 1
79853 79920 1
116564 39351 1
116564 79920 1
116564 88597 1
116564 90321 1
116564 92607 1
116564 94708 1
116564 101565 1
116564 111963 1
63423 49331 1
63423 90006 1
75065 30874 1
75065 39101 1
75065 64335 1
75065 83316 1
75065 87922 1
75065 90006 1
75065 92909 1
75065 94584 1
75065 106534 1
75065 111537 1
75065 125248 1
75065 125404 1
83316 75065 1
83316 90006 1
88037 81315 1
88037 106982 1
88037 118802 1
88037 126687 1
88037 126895 1
88037 127433 1
106982 88037 1
106982 118802 1
106982 126895 1
106982 127433 1
119526 117146 1
119526 118802 1
126895 88037 1
126895 106982 1
126895 118802 1
126895 124012 1
126895 127433 1
127433 88037 1
127433 106982 1
127433 118802 1
127433 126895 1
115128 115736 1
115128 116177 1
115128 117378 1
115128 118803 1
115128 125265 1
116177 115128 1
116177 117378 1
116177 118803 1
116177 125265 1
117378 115128 1
117378 116177 1
117378 118803 1
117378 125265 1
125265 115128 1
125265 116177 1
125265 117378 1
125265 118803 1
24398 33770 1
24398 52591 1
33746 34458 1
33746 45283 1
33746 49666 1
33746 52591 1
33746 57731 1
33746 58105 1
33746 65279 1
33746 96500 1
33770 24398 1
33770 52591 1
34458 33746 1
34458 45283 1
34458 49666 1
34458 52591 1
34458 57731 1
34458 65279 1
34458 96500 1
40395 49859 1
40395 52591 1
40395 54903 1
45283 33746 1
45283 34458 1
45283 49666 1
45283 52591 1
45283 57731 1
45283 65279 1
45283 96500 1
49666 33746 1
49666 34458 1
49666 45283 1
49666 52591 1
49666 57731 1
49666 65279 1
49666 96500 1
49859 40395 1
49859 52591 1
49859 54903 1
54903 40395 1
54903 49859 1
54903 52591 1
57731 33746 1
57731 34458 1
57731 45283 1
57731 49666 1
57731 52591 1
57731 65279 1
57731 96500 1
64335 30874 1
64335 39101 1
64335 52591 1
64335 75065 1
64335 87922 1
64335 125404 1
65279 33746 1
65279 34458 1
65279 45283 1
65279 49666 1
65279 52591 1
65279 57731 1
65279 96500 1
96500 33746 1
96500 34458 1
96500 45283 1
96500 49666 1
96500 52591 1
96500 57731 1
96500 65279 1
74875 74876 1
74875 74877 1
74875 78549 1
74875 78826 1
74876 74802 1
74876 74803 1
74876 74875 1
74876 74877 1
74876 78549 1
74876 78826 1
74877 74875 1
74877 74876 1
74877 78549 1
74877 78826 1
75500 75499 1
75500 75681 1
75500 77840 1
75500 78549 1
75681 75500 1
75681 78549 1
78826 74875 1
78826 74876 1
78826 74877 1
78826 78549 1
3199 46749 1
3199 47470 1
30616 42324 1
30616 46749 1
30616 54092 1
30616 55709 1
42324 30616 1
42324 46749 1
42324 54092 1
42324 55709 1
47470 3199 1
47470 46749 1
48979 46749 1
48984 46749 1
49382 46749 1
53086 46749 1
54092 30616 1
54092 42324 1
54092 46749 1
54092 55709 1
55709 30616 1
55709 42324 1
55709 46749 1
55709 54092 1
58964 46749 1
40512 53106 1
58105 33746 1
58105 53106 1
78235 87824 1
68277 68278 1
68277 91055 1
68277 114646 1
68278 68277 1
68278 91055 1
68278 114646 1
114646 68277 1
114646 68278 1
114646 91055 1
69887 88924 1
69887 91663 1
69887 92557 1
88924 69887 1
88924 91663 1
88924 92557 1
91222 92557 1
91663 69887 1
91663 88924 1
91663 92557 1
103685 108448 1
103685 110494 1
103685 118202 1
108448 103685 1
108448 107032 1
108448 110494 1
108448 118202 1
118202 103685 1
118202 108448 1
118202 110494 1
90827 90828 3
90827 116419 1
90828 90827 3
90828 116419 1
101267 116419 1
122100 116419 1
38612 31534 1
38612 89048 1
53345 31534 1
53345 56088 1
53345 77347 1
63436 31534 1
72259 31534 1
89048 31534 1
89048 38612 1
92397 31534 1
41243 41244 1
41243 103805 1
105252 41244 1
105252 65733 1
55986 43551 1
52738 46841 1
52738 52864 1
52738 71169 1
52738 75733 1
52738 80112 1
52738 94534 1
52864 46841 1
52864 52738 1
52864 71169 1
52864 75733 1
52864 80112 1
52864 94534 1
67630 46841 1
71169 46841 1
71169 52738 1
71169 52864 1
71169 75733 1
71169 80112 1
71169 94534 1
72924 46841 1
72924 74831 1
72924 78804 1
72924 88125 1
75733 46841 1
75733 52738 1
75733 52864 1
75733 71169 1
75733 80112 1
75733 94534 1
80112 46841 1
80112 52738 1
80112 52864 1
80112 71169 1
80112 75733 1
80112 94534 1
92321 46841 1
92321 106886 1
94534 46841 1
94534 52738 1
94534 52864 1
94534 71169 1
94534 75733 1
94534 80112 1
90339 47448 1
36676 49139 1
36676 63892 1
36676 68721 1
36676 75021 1
36849 49139 1
36849 104974 1
36849 107085 1
36849 109582 1
36849 116966 1
63892 36676 1
63892 49139 1
63892 68721 1
63892 75021 1
68721 36676 1
68721 49139 1
68721 63892 1
68721 75021 1
75021 36676 1
75021 49139 1
75021 63892 1
75021 68721 1
104974 36849 1
104974 49139 1
104974 109582 1
104974 116966 1
109582 36849 1
109582 49139 1
109582 104974 1
109582 116966 1
116966 36849 1
116966 49139 1
116966 104974 1
116966 109582 1
53553 51039 1
53553 62805 1
53553 79832 1
53748 51039 1
53748 54305 1
53748 63299 1
53748 74831 1
53748 81562 1
54112 51039 1
54305 51039 1
54305 53748 1
54305 63299 1
54305 74831 1
54305 81562 1
56552 51039 1
56552 61876 1
56552 71170 1
61876 51039 1
61876 56552 1
61876 71170 1
62805 51039 1
62805 53553 1
62805 79832 1
63299 51039 1
63299 53748 1
63299 54305 1
63299 74831 1
63299 81562 1
71170 50604 1
71170 51039 1
71170 56364 1
71170 56552 1
71170 61876 1
71170 67455 1
71170 72745 1
71170 75423 1
74831 51039 1
74831 53748 1
74831 54305 1
74831 63299 1
74831 72924 1
74831 81562 1
79832 51039 1
79832 52376 1
79832 53553 1
79832 62805 1
81562 51039 1
81562 53748 1
81562 54305 1
81562 63299 1
81562 74831 1
51331 52150 1
51331 63685 1
51331 70375 1
51331 70695 1
61871 32657 1
61871 32658 1
61871 46268 1
61871 50523 1
61871 52150 1
61871 55247 1
61871 58741 1
61871 84786 1
61871 95336 1
63685 51331 1
63685 52150 1
63685 63686 1
63685 70375 1
63685 70695 1
70375 51331 1
70375 52150 1
70375 63685 1
70375 70695 1
70695 51331 1
70695 52150 1
70695 63685 1
70695 70375 1
51108 52376 1
52084 52376 1
52084 60321 1
52084 63696 1
60321 52084 1
60321 52376 1
60321 63696 1
63696 52084 1
63696 52376 1
63696 54866 1
63696 60079 1
63696 60321 1
127161 52376 1
33223 55946 1
33223 64524 1
33223 69939 1
33223 72405 1
61599 50523 1
61599 55946 1
61599 66173 1
62076 55946 1
64524 33223 1
64524 55946 1
64524 69939 1
64524 72405 1
66173 55946 1
66173 61599 1
69939 33223 1
69939 55946 1
69939 64524 1
69939 72405 1
71052 47509 1
71052 55946 1
72405 33223 1
72405 55946 1
72405 64524 1
72405 69939 1
67276 58563 1
64924 55247 1
64924 61860 1
64924 79186 1
79186 61860 1
79186 64924 1
92355 61860 1
106724 61860 1
18850 24275 1
18850 35903 1
18850 39102 1
18850 52534 1
18850 53866 1
18850 54674 1
18850 66712 1
24275 18850 1
24275 35903 1
24275 39102 1
24275 52534 1
24275 53866 1
24275 54674 1
24275 66712 1
35903 18850 1
35903 24275 1
35903 39102 1
35903 52534 1
35903 53866 1
35903 54674 1
35903 66712 1
39102 18850 1
39102 24275 1
39102 35903 1
39102 52534 1
39102 53866 1
39102 54674 1
39102 66712 1
52534 18850 1
52534 24275 1
52534 35903 1
52534 39102 1
52534 53866 1
52534 54674 1
52534 66712 1
53866 18850 1
53866 24275 1
53866 35903 1
53866 39102 1
53866 52534 1
53866 54674 1
53866 66712 1
54674 18850 1
54674 24275 1
54674 35903 1
54674 39102 1
54674 52534 1
54674 53866 1
54674 66712 1
42914 73256 1
42914 95130 1
42914 95131 1
42914 104963 2
53538 73256 1
95130 42914 1
95130 73256 1
95130 95131 1
95130 104963 1
95131 42914 1
95131 73256 1
95131 95130 1
95131 104963 1
104963 42914 2
104963 73256 1
104963 95130 1
104963 95131 1
56088 53345 1
56088 77347 1
72756 77347 1
46884 55215 1
46884 78804 1
48067 49936 1
48067 50475 1
48067 56883 1
48067 78804 1
48067 95336 1
49936 48067 1
49936 50475 1
49936 56883 1
49936 78804 1
49936 95336 1
50475 48067 1
50475 49936 1
50475 56883 1
50475 78804 1
50475 95336 1
55215 46884 1
55215 78804 1
56883 48067 1
56883 49936 1
56883 50475 1
56883 78804 1
56883 95336 1
58360 67455 1
58360 78804 1
72501 71610 1
72501 78804 1
88125 72924 1
88125 78804 1
16485 84065 1
84485 84065 1
113517 84065 1
64277 82771 1
64277 89996 1
82771 64277 1
82771 89996 1
96462 89996 1
96462 109376 2
81697 87613 1
81697 94079 1
81697 98243 1
87613 81697 1
87613 94079 1
87613 98243 1
98243 81697 1
98243 87613 1
98243 94079 1
32657 32658 1
32657 46268 1
32657 50523 1
32657 55247 1
32657 58741 1
32657 61871 1
32657 84786 1
32657 95336 1
32658 32657 1
32658 46268 1
32658 50523 1
32658 55247 1
32658 58741 1
32658 61871 1
32658 84786 1
32658 95336 1
46268 32657 1
46268 32658 1
46268 50523 1
46268 55247 1
46268 58741 1
46268 61871 1
46268 84786 1
46268 95336 1
50523 32657 1
50523 32658 1
50523 46268 1
50523 55247 1
50523 58741 1
50523 61599 1
50523 61871 1
50523 84786 1
50523 95336 1
55247 32657 1
55247 32658 1
55247 46268 1
55247 50523 1
55247 58741 1
55247 61871 1
55247 64924 1
55247 84786 1
55247 95336 1
58741 32657 1
58741 32658 1
58741 46268 1
58741 50523 1
58741 55247 1
58741 61871 1
58741 84786 1
58741 95336 1
61585 88307 1
61585 93314 1
61585 93328 1
61585 95336 1
61585 95424 1
61585 119015 1
76707 95336 1
84786 32657 1
84786 32658 1
84786 46268 1
84786 50523 1
84786 55247 1
84786 58741 1
84786 61871 1
84786 95336 1
88307 61585 1
88307 93314 2
88307 93328 1
88307 95336 1
88307 95424 1
88307 119015 1
93314 38747 1
93314 61585 1
93314 88307 2
93314 93328 1
93314 95336 1
93314 95424 1
93314 119015 1
93328 61585 1
93328 88307 1
93328 93314 1
93328 95336 1
93328 95424 1
93328 117944 1
93328 119015 1
95424 61585 1
95424 88307 1
95424 93314 1
95424 93328 1
95424 95336 1
95424 119015 1
119015 61585 1
119015 88307 1
119015 93314 1
119015 93328 1
119015 95336 1
119015 95424 1
72355 97789 1
56945 56908 4
56945 123859 3
123859 56908 2
123859 56945 3
123859 75579 1
123859 124162 1
20575 42315 1
20575 71344 1
20575 72527 1
20575 73932 1
20575 75471 1
20575 82879 1
20575 97114 1
42315 20575 1
42315 71344 1
42315 72527 1
42315 73932 1
42315 75471 1
42315 82879 1
42315 97114 1
72527 20575 1
72527 42315 1
72527 71344 1
72527 73932 1
72527 75471 1
72527 82879 2
72527 97114 1
73932 20575 1
73932 42315 1
73932 71344 1
73932 72527 1
73932 75471 1
73932 82879 1
73932 97114 1
75471 20575 1
75471 42315 1
75471 71344 1
75471 72527 1
75471 73932 1
75471 82879 1
75471 97114 1
82879 20575 1
82879 42315 1
82879 71344 1
82879 72527 2
82879 73932 1
82879 75471 1
82879 97114 1
97114 20575 1
97114 42315 1
97114 71344 1
97114 72527 1
97114 73932 1
97114 75471 1
97114 82879 1
61983 72618 1
61983 77935 1
71622 72618 1
71622 75423 1
75423 50604 1
75423 56364 1
75423 67455 1
75423 71170 1
75423 71622 1
75423 72618 1
75423 72745 1
77935 61983 1
77935 72618 1
50604 56364 1
50604 67455 1
50604 71170 1
50604 72745 1
50604 75423 1
56364 50604 1
56364 67455 1
56364 71170 1
56364 72745 1
56364 75423 1
67455 50604 1
67455 56364 1
67455 58360 1
67455 71170 1
67455 72745 1
67455 75423 1
60497 71216 1
60497 75579 1
60497 81954 1
60497 82115 1
71216 60497 1
71216 75579 1
71216 81954 1
71216 82115 1
81954 60497 1
81954 71216 1
81954 75579 1
81954 82115 1
82115 60497 1
82115 71216 1
82115 75579 1
82115 81954 1
124162 75579 1
124162 123859 1
50246 70256 1
50246 76695 1
70256 50246 1
70256 76695 1
71376 76695 1
54443 77546 1
62929 66818 1
62929 71989 1
62929 77546 1
66818 62929 1
66818 71989 1
66818 77546 1
67307 77546 1
70025 77546 1
71989 62929 1
71989 66818 1
71989 77546 1
123504 78545 1
88597 116564 1
90321 116564 1
92607 101565 3
92607 116564 1
94708 116564 1
101565 92607 3
101565 116564 1
111963 116564 1
49331 63423 1
30874 39101 2
30874 64335 1
30874 75065 1
30874 87922 1
30874 125404 1
39101 30874 2
39101 64335 1
39101 75065 1
39101 87922 1
39101 125404 1
87922 30874 1
87922 39101 1
87922 64335 1
87922 75065 1
87922 125404 1
92909 75065 1
94584 75065 1
94584 106534 1
94584 125248 1
106534 75065 1
106534 94584 1
106534 125248 1
111537 75065 1
125248 75065 1
125248 94584 1
125248 106534 1
125404 30874 1
125404 39101 1
125404 64335 1
125404 75065 1
125404 87922 1
81315 88037 1
126687 88037 1
117146 119526 1
124012 126895 1
115736 115128 1
38747 93314 1
117944 93328 1
109376 96462 2
71610 72501 1
47509 71052 1
54866 60079 1
54866 63696 1
60079 54866 1
60079 63696 1
63686 63685 1
107085 36849 1
107085 107084 1
107085 107086 1
106886 92321 1
103805 41243 1
65733 105252 1
107032 108448 1
74802 74803 1
74802 74876 1
74803 74802 1
74803 74876 1
75499 75500 1
75499 77840 1
77840 75499 1
77840 75500 1
82420 93001 1
82420 105941 1
93001 82420 1
93001 105941 1
107084 107085 1
107084 107086 1
107086 107084 1
107086 107085 1
