24580 30417 2
30417 24580 2
30417 25454 1
30417 30312 1
25454 26208 1
25454 28394 1
25454 28766 1
25454 30312 1
25454 30417 1
25454 31081 1
30312 20223 1
30312 25454 1
30312 26429 1
30312 27722 1
30312 30417 1
30312 31275 1
30312 36553 1
30312 48276 1
26208 7376 1
26208 12826 1
26208 25454 1
26208 26204 1
26208 27834 1
26208 27855 1
26208 28394 1
26208 28766 1
26208 30975 1
26208 30981 1
26208 31081 1
26208 31123 1
26208 44696 1
28394 25454 1
28394 26208 1
28394 28766 1
28394 31081 2
28766 3055 1
28766 6629 1
28766 7782 1
28766 12825 1
28766 17900 1
28766 18356 1
28766 18866 1
28766 25419 1
28766 25454 1
28766 26208 1
28766 27250 1
28766 27537 1
28766 28394 1
28766 28765 1
28766 28767 1
28766 28768 1
28766 31081 1
28766 35710 1
28766 65584 1
28766 121574 1
31081 17973 1
31081 25454 1
31081 26132 1
31081 26208 1
31081 28394 2
31081 28766 1
31081 32437 1
20223 11831 1
20223 23631 1
20223 23632 1
20223 25750 1
20223 26429 1
20223 27722 1
20223 30312 1
20223 36553 1
26429 17931 1
26429 20223 1
26429 24671 1
26429 26083 1
26429 27722 1
26429 30312 1
26429 36553 1
27722 20223 1
27722 26429 1
27722 30312 1
27722 36553 1
31275 30312 1
31275 48276 1
36553 5831 1
36553 20223 1
36553 20930 1
36553 26340 1
36553 26429 1
36553 26442 1
36553 26526 1
36553 27722 1
36553 28201 1
36553 28778 1
36553 29326 1
36553 30312 1
36553 34565 1
36553 37836 1
36553 43991 1
36553 45799 1
48276 26330 1
48276 30312 1
48276 31275 1
48276 31542 1
48276 32722 1
48276 40239 1
48276 47540 1
48276 49228 2
48276 49266 1
48276 50521 1
48276 51700 1
48276 59235 1
7376 8692 1
7376 12826 1
7376 17158 1
7376 25456 1
7376 26204 1
7376 26208 1
7376 30981 1
7376 33384 1
7376 35202 1
12826 7376 1
12826 18920 1
12826 26204 1
12826 26208 1
12826 30981 1
26204 7376 1
26204 12826 1
26204 26208 1
26204 30981 1
27834 26208 1
27834 27855 1
27834 30975 1
27834 31123 1
27834 44696 1
27855 12834 1
27855 14004 1
27855 14115 1
27855 14840 2
27855 21083 1
27855 26193 1
27855 26208 1
27855 27834 1
27855 30975 1
27855 31123 1
27855 32749 1
27855 37672 1
27855 44696 1
30975 26208 1
30975 27577 1
30975 27834 1
30975 27855 1
30975 31123 1
30975 35065 1
30975 42497 1
30975 42638 1
30975 44696 1
30975 49268 1
30981 7376 1
30981 12826 1
30981 26204 1
30981 26208 1
31123 26208 1
31123 27834 1
31123 27855 1
31123 30975 1
31123 44696 1
44696 26208 1
44696 27834 1
44696 27855 1
44696 30975 1
44696 31123 1
3055 18356 1
3055 27537 1
3055 28766 1
6629 12825 1
6629 17900 1
6629 18866 1
6629 25419 1
6629 27250 1
6629 28766 1
6629 65584 1
6629 121574 1
7782 5135 1
7782 28765 1
7782 28766 1
7782 28767 1
7782 28768 1
7782 35710 1
7782 39298 1
12825 6629 1
12825 17900 1
12825 18866 1
12825 25419 1
12825 27250 1
12825 28766 1
12825 65584 1
12825 121574 1
17900 2231 1
17900 2236 1
17900 2439 1
17900 3622 1
17900 6629 1
17900 6986 1
17900 9459 1
17900 10268 1
17900 11561 1
17900 11607 1
17900 11923 1
17900 12539 1
17900 12825 1
17900 13957 1
17900 15313 1
17900 16568 1
17900 16698 1
17900 18866 1
17900 18908 1
17900 25419 1
17900 27250 1
17900 28766 1
17900 65584 1
17900 121574 1
18356 3055 1
18356 25419 1
18356 27537 1
18356 28766 1
18356 29853 1
18356 32871 1
18866 6629 1
18866 12825 1
18866 17900 1
18866 25419 1
18866 27250 1
18866 28766 1
18866 65584 1
18866 121574 1
25419 6629 1
25419 12825 1
25419 14883 1
25419 15903 1
25419 17900 1
25419 18356 1
25419 18866 1
25419 27250 1
25419 28766 1
25419 34507 1
25419 36305 1
25419 41189 1
25419 65584 1
25419 121574 1
27250 6629 1
27250 12825 1
27250 17900 1
27250 18866 1
27250 25419 1
27250 28766 1
27250 65584 1
27250 121574 1
27537 3055 1
27537 18356 1
27537 28766 1
28765 7782 1
28765 28766 1
28765 28767 2
28765 28768 2
28765 35710 1
28765 36213 1
28767 7782 1
28767 28765 2
28767 28766 1
28767 28768 2
28767 35710 1
28768 7782 1
28768 14640 1
28768 14769 1
28768 14840 1
28768 25518 1
28768 28608 1
28768 28765 2
28768 28766 1
28768 28767 2
28768 29734 1
28768 31120 1
28768 35198 1
28768 35710 1
28768 38485 1
28768 45293 1
35710 7782 1
35710 27577 1
35710 28765 1
35710 28766 1
35710 28767 1
35710 28768 1
35710 42869 1
35710 46472 1
35710 50187 1
35710 51630 1
65584 6629 1
65584 12825 1
65584 17191 1
65584 17900 1
65584 18866 1
65584 25419 1
65584 27250 1
65584 28766 1
65584 30246 1
65584 42098 1
65584 54329 1
65584 64656 1
65584 121574 1
121574 6629 1
121574 12825 1
121574 17466 1
121574 17900 1
121574 17938 1
121574 18057 1
121574 18866 1
121574 22865 1
121574 25419 1
121574 26161 1
121574 27250 1
121574 28766 1
121574 33382 1
121574 65584 1
17973 20662 1
17973 26132 1
17973 31081 1
17973 32437 1
26132 17973 1
26132 31081 1
26132 32437 3
32437 17973 1
32437 26132 3
32437 31081 1
11831 20223 1
11831 124825 1
23631 8960 1
23631 20223 1
23631 23632 1
23631 24681 1
23631 25750 1
23631 27292 1
23632 20223 1
23632 23631 1
23632 25750 1
25750 20223 1
25750 22153 1
25750 23631 1
25750 23632 1
25750 25746 1
25750 25747 1
25750 25748 1
25750 25749 1
25750 25751 1
25750 25752 1
25750 26989 1
25750 28171 1
25750 28609 1
17931 5046 1
17931 8568 1
17931 24671 1
17931 26083 1
17931 26429 1
24671 17931 1
24671 26083 1
24671 26429 1
24671 63304 1
26083 17931 1
26083 24671 1
26083 26429 1
5831 5455 1
5831 5457 1
5831 10616 1
5831 11410 1
5831 14642 1
5831 18771 1
5831 20930 1
5831 26217 1
5831 26442 1
5831 27831 1
5831 28778 1
5831 29326 1
5831 32541 1
5831 34565 1
5831 36553 1
5831 43991 1
5831 123950 1
20930 5831 1
20930 20934 2
20930 26442 1
20930 28778 1
20930 29326 1
20930 34565 1
20930 34662 1
20930 36553 1
20930 43991 1
26340 8700 1
26340 24784 1
26340 28201 1
26340 28607 1
26340 36553 1
26340 37836 1
26340 45799 1
26442 5831 1
26442 20930 1
26442 20934 1
26442 27921 1
26442 28778 1
26442 29326 1
26442 34565 1
26442 36553 1
26442 43991 1
26526 36553 1
28201 19196 1
28201 26340 1
28201 33637 1
28201 34743 1
28201 36107 1
28201 36553 1
28201 37836 1
28201 40144 1
28201 45799 1
28201 48615 1
28778 5831 1
28778 12725 1
28778 20930 1
28778 26442 1
28778 29326 1
28778 34565 1
28778 36553 1
28778 43991 1
28778 123949 1
29326 5831 1
29326 20930 1
29326 25717 1
29326 26442 1
29326 28778 1
29326 34565 1
29326 36553 1
29326 43991 1
34565 5831 1
34565 20930 1
34565 26442 1
34565 28778 1
34565 29326 1
34565 36553 1
34565 43991 1
37836 26340 1
37836 28201 1
37836 36553 1
37836 45799 1
43991 5831 1
43991 15834 1
43991 20930 1
43991 22679 1
43991 26442 1
43991 28778 1
43991 29326 1
43991 32237 1
43991 32618 1
43991 33637 1
43991 34565 1
43991 36553 1
43991 37474 1
43991 44259 1
43991 50714 1
43991 53347 1
43991 53912 1
43991 56142 1
43991 79704 1
43991 82480 1
45799 2144 1
45799 22613 1
45799 24324 1
45799 24650 1
45799 24651 1
45799 26340 1
45799 28201 1
45799 36553 1
45799 37836 1
45799 40942 1
45799 45263 1
45799 47663 1
26330 31542 1
26330 32722 1
26330 35520 1
26330 40227 1
26330 40239 1
26330 43972 1
26330 48276 1
26330 49228 1
26330 50521 1
26330 51700 1
26330 53410 1
26330 59235 1
26330 59365 1
26330 63301 1
26330 72758 1
26330 78087 1
26330 103049 1
31542 26330 1
31542 32722 1
31542 40239 1
31542 48276 1
31542 49228 1
31542 50521 1
31542 51700 1
31542 59235 1
32722 26330 1
32722 31542 1
32722 34910 1
32722 40239 1
32722 48276 1
32722 49228 2
32722 50521 1
32722 50625 1
32722 51700 2
32722 56492 1
32722 59235 1
32722 68364 1
32722 71923 1
32722 80740 1
32722 87707 1
32722 89594 1
40239 26330 1
40239 31542 1
40239 32722 1
40239 48276 1
40239 49228 1
40239 50521 1
40239 51700 1
40239 59235 1
47540 48071 1
47540 48276 1
47540 49266 1
49228 18892 1
49228 18893 1
49228 26330 1
49228 30952 1
49228 31542 1
49228 32722 2
49228 37535 1
49228 38098 1
49228 40186 1
49228 40239 1
49228 48276 2
49228 50521 1
49228 51700 5
49228 53664 1
49228 53956 1
49228 59235 1
49228 68364 1
49266 42497 1
49266 47540 1
49266 48276 1
50521 26330 1
50521 31542 1
50521 32722 1
50521 40239 1
50521 44126 1
50521 44624 1
50521 47720 1
50521 48276 1
50521 48676 1
50521 49228 1
50521 51700 2
50521 51704 1
50521 53664 1
50521 59235 1
50521 78426 1
51700 26330 1
51700 31542 1
51700 32722 2
51700 40239 1
51700 47720 1
51700 48276 1
51700 49228 5
51700 50521 2
51700 51704 1
51700 59235 1
51700 68364 1
59235 26330 1
59235 31542 1
59235 32722 1
59235 40239 1
59235 48276 1
59235 49228 1
59235 50521 1
59235 51700 1
59235 72644 1
59235 73503 1
59235 97585 1
8692 7376 1
8692 17158 1
8692 25456 1
8692 35202 1
17158 7376 1
17158 8692 1
17158 25456 1
17158 35202 1
25456 7376 1
25456 8692 1
25456 17158 1
25456 35202 1
33384 7376 1
35202 7376 1
35202 8692 1
35202 17158 1
35202 25456 1
18920 12826 1
12834 14115 1
12834 14840 1
12834 26193 1
12834 27855 1
12834 32749 1
14004 21083 1
14004 27855 1
14115 12834 1
14115 14840 1
14115 26193 1
14115 27855 1
14115 32749 1
14840 12834 1
14840 14115 1
14840 26193 1
14840 27855 2
14840 28768 1
14840 32749 1
14840 34743 1
14840 38485 1
21083 14004 1
21083 27855 1
26193 12834 1
26193 14115 1
26193 14840 1
26193 27855 1
26193 32749 1
32749 12834 1
32749 14115 1
32749 14840 1
32749 26193 1
32749 27855 1
37672 27855 1
37672 36555 1
27577 30975 1
27577 35065 1
27577 35710 1
27577 42497 1
27577 42638 1
27577 42869 1
27577 46472 1
27577 49268 1
27577 50187 1
27577 51630 1
35065 27577 1
35065 30975 1
35065 42497 1
35065 42638 1
35065 49268 1
42497 27577 1
42497 30975 1
42497 35065 1
42497 42638 1
42497 49266 1
42497 49268 1
42638 27577 1
42638 30975 1
42638 35065 1
42638 42497 1
42638 49268 1
49268 27577 1
49268 30975 1
49268 35065 1
49268 42497 1
49268 42638 1
5135 7782 1
5135 39298 1
39298 5135 1
39298 7782 1
2231 2236 1
2231 2439 1
2231 3622 1
2231 6986 1
2231 10268 1
2231 11561 1
2231 11607 1
2231 12539 1
2231 13957 1
2231 15313 1
2231 16698 1
2231 17900 1
2236 2231 1
2236 2439 1
2236 3622 1
2236 6986 1
2236 10268 1
2236 11561 1
2236 11607 1
2236 12539 1
2236 13957 1
2236 15313 1
2236 16698 1
2236 17900 1
2439 2231 1
2439 2236 1
2439 3622 1
2439 6986 1
2439 10268 1
2439 11561 1
2439 11607 1
2439 12539 1
2439 13957 1
2439 15313 1
2439 16698 1
2439 17900 1
3622 2231 1
3622 2236 1
3622 2439 1
3622 3617 1
3622 3659 1
3622 6986 1
3622 10268 1
3622 11561 1
3622 11607 1
3622 12539 1
3622 13957 1
3622 15313 1
3622 16698 1
3622 17900 1
6986 2231 1
6986 2236 1
6986 2439 1
6986 3622 1
6986 10268 1
6986 11561 1
6986 11607 1
6986 12539 1
6986 13957 1
6986 15313 1
6986 16698 1
6986 17900 1
9459 16568 1
9459 17900 1
9459 18908 1
10268 2231 1
10268 2236 1
10268 2439 1
10268 3622 1
10268 6986 1
10268 11561 1
10268 11607 1
10268 12539 1
10268 13957 1
10268 15313 1
10268 16698 1
10268 17900 1
11561 2231 1
11561 2236 1
11561 2439 1
11561 3622 1
11561 6986 1
11561 10268 1
11561 11607 1
11561 12539 1
11561 13957 1
11561 15313 1
11561 16698 1
11561 17900 1
11607 2231 1
11607 2236 1
11607 2439 1
11607 3622 1
11607 6986 1
11607 10268 1
11607 11561 1
11607 12539 1
11607 13957 1
11607 15313 1
11607 16698 1
11607 17900 1
11923 17900 1
12539 2231 1
12539 2236 1
12539 2439 1
12539 3622 1
12539 6986 1
12539 10268 1
12539 11561 1
12539 11607 1
12539 13957 1
12539 15313 1
12539 16698 1
12539 17900 1
13957 2231 1
13957 2236 1
13957 2439 1
13957 3622 1
13957 6986 1
13957 10268 1
13957 11561 1
13957 11607 1
13957 12539 1
13957 15313 1
13957 16698 1
13957 17900 1
15313 2231 1
15313 2236 1
15313 2439 1
15313 3622 1
15313 6986 1
15313 10268 1
15313 11561 1
15313 11607 1
15313 12539 1
15313 13957 1
15313 16698 1
15313 17900 1
16568 9459 1
16568 17900 1
16568 18908 1
16698 2231 1
16698 2236 1
16698 2439 1
16698 3622 1
16698 6986 1
16698 10268 1
16698 11561 1
16698 11607 1
16698 12539 1
16698 13957 1
16698 15313 1
16698 17900 1
18908 9459 1
18908 16568 1
18908 17900 1
29853 18356 1
29853 32871 1
32871 18356 1
32871 29853 1
14883 15903 1
14883 25419 1
14883 34507 1
14883 36305 1
14883 41189 1
15903 14883 1
15903 25419 1
15903 34507 1
15903 36305 1
15903 41189 1
34507 14883 1
34507 15903 1
34507 25419 1
34507 36305 1
34507 41189 1
36305 14883 1
36305 15903 1
36305 25419 1
36305 34507 1
36305 41189 1
41189 14883 1
41189 15903 1
41189 25419 1
41189 34507 1
41189 36305 1
36213 28765 1
14640 10877 1
14640 14642 1
14640 25518 1
14640 28608 1
14640 28768 1
14640 29734 1
14769 28768 1
14769 31120 1
14769 45293 1
25518 14640 1
25518 28608 1
25518 28768 1
25518 29734 1
28608 14640 1
28608 25518 1
28608 28768 1
28608 29734 1
29734 14640 1
29734 25518 1
29734 28608 1
29734 28768 1
31120 14769 1
31120 28768 1
31120 45293 1
35198 28768 1
38485 14840 1
38485 28768 1
45293 14769 1
45293 28768 1
45293 31120 1
42869 27577 1
42869 35710 1
42869 46472 1
42869 50187 1
42869 51630 1
46472 27577 1
46472 35710 1
46472 42869 1
46472 50187 1
46472 51630 1
50187 27577 1
50187 35710 1
50187 42869 1
50187 46472 1
50187 51630 1
51630 27577 1
51630 35710 1
51630 42869 1
51630 46472 1
51630 50187 1
17191 54329 1
17191 65584 1
30246 65584 1
42098 64656 1
42098 65584 1
54329 17191 1
54329 65584 1
64656 42098 1
64656 65584 1
17466 17938 1
17466 18057 1
17466 22865 1
17466 26161 1
17466 33382 1
17466 121574 1
17938 17466 1
17938 18057 1
17938 22865 1
17938 26161 1
17938 33382 1
17938 121574 1
18057 17466 1
18057 17938 1
18057 22865 1
18057 26161 1
18057 33382 1
18057 121574 1
22865 17466 1
22865 17938 1
22865 18057 1
22865 26161 1
22865 33382 1
22865 121574 1
26161 17466 1
26161 17938 1
26161 18057 1
26161 22865 1
26161 33382 1
26161 121574 1
33382 17466 1
33382 17938 1
33382 18057 1
33382 22865 1
33382 26161 1
33382 121574 1
20662 17973 1
124825 11831 1
8960 23631 1
24681 23631 1
24681 27292 1
27292 23631 1
27292 24681 1
22153 25746 1
22153 25747 1
22153 25748 1
22153 25749 1
22153 25750 1
22153 25751 1
22153 25752 1
22153 26989 1
22153 28171 1
22153 28609 1
25746 22153 1
25746 25747 1
25746 25748 1
25746 25749 1
25746 25750 1
25746 25751 1
25746 25752 1
25746 26989 1
25746 28171 1
25746 28609 1
25747 22153 1
25747 25746 1
25747 25748 1
25747 25749 1
25747 25750 1
25747 25751 1
25747 25752 1
25747 26989 1
25747 28171 1
25747 28609 1
25748 22153 1
25748 25746 1
25748 25747 1
25748 25749 1
25748 25750 1
25748 25751 1
25748 25752 1
25748 26989 1
25748 28171 1
25748 28609 1
25749 22153 1
25749 25746 1
25749 25747 1
25749 25748 1
25749 25750 1
25749 25751 1
25749 25752 1
25749 26989 1
25749 28171 1
25749 28313 1
25749 28609 1
25749 34739 1
25749 36098 1
25751 22153 1
25751 25746 1
25751 25747 1
25751 25748 1
25751 25749 1
25751 25750 1
25751 25752 1
25751 26989 1
25751 28171 1
25751 28609 1
25752 22153 1
25752 25746 1
25752 25747 1
25752 25748 1
25752 25749 1
25752 25750 1
25752 25751 1
25752 26989 1
25752 28171 1
25752 28609 1
26989 22153 1
26989 25746 1
26989 25747 1
26989 25748 1
26989 25749 1
26989 25750 1
26989 25751 1
26989 25752 1
26989 28171 1
26989 28609 1
28171 22153 1
28171 25746 1
28171 25747 1
28171 25748 1
28171 25749 1
28171 25750 1
28171 25751 1
28171 25752 1
28171 26989 1
28171 28609 1
28609 22153 1
28609 25746 1
28609 25747 1
28609 25748 1
28609 25749 1
28609 25750 1
28609 25751 1
28609 25752 1
28609 26989 1
28609 28171 1
5046 8568 1
5046 17931 1
8568 5046 1
8568 12239 1
8568 17931 1
63304 24671 1
5455 5457 1
5455 5831 1
5455 11410 1
5455 32541 1
5455 37932 1
5457 5455 1
5457 5831 1
5457 11410 1
5457 32541 1
10616 5831 1
10616 14642 1
10616 18771 1
10616 26217 1
10616 27831 1
10616 123950 1
11410 5455 1
11410 5457 1
11410 5831 1
11410 32541 1
14642 5831 1
14642 10616 1
14642 10877 1
14642 14640 1
14642 18771 1
14642 26217 1
14642 27831 1
14642 123950 1
18771 5831 1
18771 10616 1
18771 14642 1
18771 26217 1
18771 27831 1
18771 123950 1
26217 5831 1
26217 10616 1
26217 14642 1
26217 18771 1
26217 27831 1
26217 123950 1
27831 5831 1
27831 10616 1
27831 14642 1
27831 18771 1
27831 26217 1
27831 123950 1
32541 5455 1
32541 5457 1
32541 5831 1
32541 11410 1
123950 5831 1
123950 10616 1
123950 14642 1
123950 18771 1
123950 19399 1
123950 26217 1
123950 27831 1
123950 123949 1
20934 20930 2
20934 26442 1
20934 27921 1
20934 34662 1
34662 20930 1
34662 20934 1
8700 26340 1
8700 28607 1
24784 26340 1
28607 8700 1
28607 26340 1
28607 28012 1
27921 20934 1
27921 26442 1
19196 17045 1
19196 26400 1
19196 28201 1
19196 33637 1
19196 34743 1
19196 36107 1
33637 19196 1
33637 28201 1
33637 32618 1
33637 34743 1
33637 36107 1
33637 40942 1
33637 43991 1
34743 14840 1
34743 19196 1
34743 28201 1
34743 31283 1
34743 33637 1
34743 36107 1
36107 19196 1
36107 28201 1
36107 33637 1
36107 34743 1
40144 28201 1
40144 40052 1
40144 48615 1
48615 22721 1
48615 28201 1
48615 40144 1
12725 28778 1
12725 123949 1
123949 12725 1
123949 28778 1
123949 123950 1
25717 29326 1
15834 32237 1
15834 37474 1
15834 43991 1
15834 44259 1
15834 53347 1
15834 53912 1
15834 79704 1
22679 43991 1
32237 15834 1
32237 37474 1
32237 43991 1
32237 44259 1
32237 53347 1
32237 53912 1
32237 79704 1
32618 33637 1
32618 43991 1
37474 15834 1
37474 32237 1
37474 43991 1
37474 44259 1
37474 53347 1
37474 53912 1
37474 79704 1
44259 15834 1
44259 32237 1
44259 37474 1
44259 43991 1
44259 47656 1
44259 53347 2
44259 53912 1
44259 79704 1
50714 43991 1
50714 51704 1
50714 56142 1
53347 15834 1
53347 32237 1
53347 37474 1
53347 43991 1
53347 44259 2
53347 53912 1
53347 79704 2
53912 15834 1
53912 32237 1
53912 37474 1
53912 43991 1
53912 44259 1
53912 53347 1
53912 79704 1
56142 43991 1
56142 50714 1
56142 62135 1
79704 15834 1
79704 32237 1
79704 37474 1
79704 43991 1
79704 44259 1
79704 53347 2
79704 53912 1
79704 71371 1
79704 96835 1
82480 43991 1
2144 22613 1
2144 24324 1
2144 24650 1
2144 24651 1
2144 45799 1
22613 2144 1
22613 24324 1
22613 24650 1
22613 24651 1
22613 45799 1
24324 2144 1
24324 22613 1
24324 24648 1
24324 24650 2
24324 24651 2
24324 45799 1
24650 2144 1
24650 22613 1
24650 24324 2
24650 24648 1
24650 24651 2
24650 45799 1
24651 2144 1
24651 22613 1
24651 24324 2
24651 24648 1
24651 24650 2
24651 45799 1
40942 33637 1
40942 45799 1
45263 22101 1
45263 45799 1
47663 45799 1
47663 47795 1
35520 26330 1
35520 43972 1
40227 26330 1
43972 26330 1
43972 35520 1
53410 26330 1
53410 59365 1
53410 63301 1
59365 26330 1
59365 53410 1
59365 63301 1
63301 26330 1
63301 53410 1
63301 59365 1
72758 26330 1
72758 103049 1
78087 26330 1
103049 26330 1
103049 72758 1
34910 32722 1
50625 32722 1
50625 42460 1
50625 56492 1
50625 71923 1
50625 87707 1
56492 32722 1
56492 50625 1
56492 71923 1
56492 87707 1
68364 32722 1
68364 49228 1
68364 51700 1
71923 32722 1
71923 50625 1
71923 56492 1
71923 87707 1
80740 32722 1
80740 68593 1
80740 72644 1
87707 32722 1
87707 50625 1
87707 56492 1
87707 71923 1
87707 112957 1
87707 127537 1
89594 32722 1
48071 47540 1
18892 18893 2
18892 37535 1
18892 38098 1
18892 40186 1
18892 49228 1
18893 18892 2
18893 37535 1
18893 38098 1
18893 40186 1
18893 49228 1
30952 49228 1
37535 18892 1
37535 18893 1
37535 38098 1
37535 40186 1
37535 49228 1
38098 18892 1
38098 18893 1
38098 37535 1
38098 40186 1
38098 49228 1
40186 18892 1
40186 18893 1
40186 37535 1
40186 38098 1
40186 49228 1
53664 44126 1
53664 49228 1
53664 50521 1
53664 53956 1
53956 49228 1
53956 53664 1
44126 50521 1
44126 53664 1
44624 50521 1
47720 50521 1
47720 51700 1
47720 51704 1
48676 50521 1
48676 78426 1
51704 47720 1
51704 50521 1
51704 50714 1
51704 51700 1
51704 65788 1
78426 48676 1
78426 50521 1
72644 59235 1
72644 80740 1
72644 97585 1
73503 59235 1
97585 59235 1
97585 72644 1
65788 51704 1
42460 50625 1
68593 80740 1
112957 87707 1
112957 127537 1
127537 87707 1
127537 112957 1
24648 24324 1
24648 24650 1
24648 24651 1
22101 45263 1
47795 47663 1
47656 44259 1
62135 56142 1
71371 79704 1
96835 79704 1
17045 19196 1
17045 28012 1
26400 19196 1
31283 34743 1
40052 40144 1
22721 48615 1
28012 17045 1
28012 28607 1
37932 5455 1
10877 14640 1
10877 14642 1
19399 123950 1
12239 8568 1
28313 25749 1
28313 34739 1
28313 36098 1
34739 11285 1
34739 17461 1
34739 25749 1
34739 28313 1
34739 31512 1
34739 36098 1
36098 14507 1
36098 25749 1
36098 28313 1
36098 34739 1
3617 3622 1
3617 3659 1
3659 3617 1
3659 3622 1
36555 37672 1
36555 43627 1
11285 17461 1
11285 31512 1
11285 34739 1
17461 11285 1
17461 31512 1
17461 34739 1
31512 11285 1
31512 17461 1
31512 34739 1
14507 36098 1
43627 36555 1
