115402 115400 1
115400 115401 1
115400 115402 1
115401 86831 1
115401 97376 1
115401 97495 1
115401 104178 1
115401 113809 1
115401 115400 1
115401 116164 1
115401 118619 1
115401 123256 1
115401 124306 1
115401 124485 1
86831 65928 1
86831 76320 1
86831 78051 2
86831 96938 1
86831 104169 1
86831 104178 1
86831 105907 1
86831 113809 1
86831 115401 1
97376 78049 1
97376 90860 1
97376 97377 1
97376 98915 1
97376 103193 1
97376 104163 1
97376 106031 1
97376 112185 1
97376 115401 1
97376 116076 1
97376 123640 1
97495 64072 1
97495 64079 1
97495 81750 1
97495 92918 1
97495 97491 1
97495 97492 1
97495 104130 1
97495 112301 1
97495 115401 1
97495 115908 1
97495 122372 1
97495 122887 1
104178 65928 1
104178 67475 1
104178 78052 1
104178 86831 1
104178 105255 1
104178 105907 1
104178 106442 1
104178 112636 2
104178 114763 2
104178 114764 1
104178 115401 1
104178 118618 1
104178 118619 1
104178 118738 1
104178 126437 1
113809 86831 1
113809 93922 1
113809 96211 1
113809 97858 1
113809 106442 1
113809 110511 1
113809 112742 1
113809 113810 1
113809 113812 1
113809 115401 1
113809 122877 1
116164 88966 1
116164 99942 1
116164 102939 1
116164 103139 1
116164 104169 1
116164 109096 1
116164 113335 1
116164 113336 1
116164 113337 1
116164 113551 1
116164 115401 1
116164 116163 1
116164 117790 1
116164 123361 1
116164 124158 1
116164 124280 1
116164 124306 2
116164 124498 1
116164 124512 1
118619 104178 1
118619 115401 1
118619 126437 2
123256 93922 1
123256 115401 1
123256 122881 1
123256 123513 1
124306 102939 1
124306 103139 1
124306 104169 1
124306 109096 1
124306 113335 1
124306 113336 1
124306 113337 1
124306 113551 1
124306 115401 1
124306 116164 2
124306 116592 1
124306 124307 1
124485 98917 1
124485 109098 1
124485 115401 1
78049 64079 1
78049 90860 1
78049 92777 1
78049 94121 1
78049 96938 1
78049 97376 1
78049 97377 1
78049 98915 1
78049 103193 1
78049 104163 1
78049 106031 1
78049 112185 1
78049 116076 1
78049 123640 1
90860 78049 1
90860 94121 1
90860 97376 1
90860 97377 2
90860 97627 1
90860 97858 1
90860 98915 1
90860 101414 1
90860 103138 1
90860 103189 1
90860 103193 1
90860 104130 1
90860 104163 1
90860 104168 1
90860 106031 1
90860 109095 1
90860 109096 1
90860 109098 1
90860 109099 1
90860 112061 1
90860 112185 3
90860 112186 1
90860 112187 1
90860 112301 1
90860 112633 1
90860 112636 1
90860 113335 1
90860 116076 1
90860 116597 1
90860 118618 1
90860 122874 1
90860 122875 1
90860 123155 1
90860 123640 1
90860 124494 1
90860 126054 1
97377 78049 1
97377 90860 2
97377 97376 1
97377 97492 1
97377 98915 1
97377 103139 1
97377 103192 1
97377 103193 2
97377 104163 1
97377 106031 1
97377 109095 1
97377 109096 1
97377 112185 2
97377 116076 1
97377 122257 1
97377 123640 1
98915 78049 1
98915 90860 1
98915 97376 1
98915 97377 1
98915 103193 1
98915 104163 1
98915 106031 1
98915 112185 1
98915 116076 1
98915 123640 1
103193 64072 1
103193 78049 1
103193 90860 1
103193 94121 1
103193 97376 1
103193 97377 2
103193 97492 1
103193 98915 1
103193 98921 1
103193 103137 1
103193 103189 1
103193 103192 1
103193 103195 1
103193 104163 1
103193 106031 1
103193 106032 1
103193 110225 1
103193 112185 1
103193 112636 2
103193 116076 1
103193 123640 1
104163 78049 1
104163 90860 1
104163 97376 1
104163 97377 1
104163 98915 1
104163 103193 1
104163 106031 1
104163 112185 1
104163 116076 1
104163 123640 1
106031 78049 1
106031 90860 1
106031 97376 1
106031 97377 1
106031 98915 1
106031 103193 1
106031 104163 1
106031 106032 1
106031 106033 1
106031 106034 1
106031 112185 1
106031 116076 1
106031 123640 1
112185 64079 1
112185 73809 1
112185 78049 1
112185 90857 1
112185 90860 3
112185 93922 1
112185 97376 1
112185 97377 2
112185 97626 1
112185 97627 2
112185 98915 1
112185 101414 1
112185 101418 1
112185 103189 1
112185 103191 1
112185 103193 1
112185 104163 1
112185 106031 1
112185 112633 1
112185 116076 1
112185 116656 2
112185 118511 1
112185 123177 1
112185 123640 1
116076 78049 1
116076 90860 1
116076 97376 1
116076 97377 1
116076 98915 1
116076 103189 1
116076 103193 1
116076 104163 1
116076 106031 1
116076 112185 1
116076 123640 1
123640 78049 1
123640 90860 1
123640 97376 1
123640 97377 1
123640 98915 1
123640 99289 1
123640 101414 1
123640 103193 1
123640 103195 1
123640 104163 1
123640 106031 1
123640 112185 1
123640 116076 1
123640 123436 1
64072 60232 1
64072 64079 1
64072 69830 2
64072 73809 1
64072 90857 1
64072 92779 1
64072 92781 1
64072 92782 1
64072 92915 1
64072 92918 1
64072 97491 2
64072 97492 1
64072 97495 1
64072 101420 1
64072 103138 1
64072 103191 1
64072 103193 1
64072 104130 1
64072 112301 1
64072 112636 1
64072 113810 1
64072 122887 1
64079 50460 1
64079 64072 1
64079 73809 1
64079 78049 1
64079 81752 1
64079 90857 1
64079 92777 1
64079 92918 1
64079 93922 1
64079 94121 1
64079 96938 1
64079 97491 1
64079 97492 1
64079 97495 1
64079 97626 1
64079 97627 1
64079 101418 1
64079 104130 1
64079 110225 1
64079 112185 1
64079 112301 1
64079 116656 1
64079 122887 1
81750 75540 1
81750 76177 1
81750 81746 1
81750 97495 1
81750 101420 1
81750 106033 1
81750 110225 1
81750 114763 1
81750 114767 1
81750 115908 1
81750 116611 1
81750 122372 1
92918 64072 1
92918 64079 1
92918 92915 1
92918 92916 1
92918 92917 1
92918 97491 1
92918 97492 1
92918 97495 1
92918 104130 1
92918 112301 1
92918 122887 1
97491 64072 2
97491 64079 1
97491 73809 1
97491 76320 1
97491 78051 1
97491 78059 1
97491 90076 1
97491 92779 1
97491 92781 1
97491 92782 1
97491 92915 1
97491 92918 1
97491 97492 3
97491 97495 1
97491 97626 1
97491 99942 1
97491 103137 1
97491 103189 1
97491 103196 1
97491 104130 1
97491 106034 1
97491 112301 1
97491 113810 1
97491 122875 1
97491 122878 1
97491 122887 1
97492 64072 1
97492 64079 1
97492 68449 1
97492 76320 1
97492 79378 1
97492 92918 1
97492 97377 1
97492 97491 3
97492 97495 1
97492 97496 1
97492 103193 1
97492 104130 1
97492 112301 1
97492 122878 1
97492 122887 1
104130 64072 1
104130 64079 1
104130 90860 1
104130 92918 1
104130 97491 1
104130 97492 1
104130 97495 1
104130 98220 1
104130 103189 1
104130 112061 1
104130 112301 1
104130 116597 1
104130 122874 1
104130 122875 1
104130 122887 1
112301 64072 1
112301 64079 1
112301 76189 1
112301 78052 1
112301 81746 1
112301 90860 1
112301 92918 1
112301 94121 1
112301 97491 1
112301 97492 1
112301 97495 1
112301 104130 1
112301 112302 2
112301 116611 1
112301 118618 2
112301 122372 1
112301 122887 1
112301 123155 1
112301 124307 1
115908 81750 1
115908 97495 1
115908 122372 1
122372 81750 1
122372 97495 1
122372 97858 1
122372 101414 1
122372 101420 1
122372 109096 1
122372 112301 1
122372 115908 1
122887 64072 1
122887 64079 1
122887 92918 1
122887 97491 1
122887 97492 1
122887 97495 1
122887 104130 1
122887 112301 1
65928 64085 1
65928 78051 1
65928 86831 1
65928 92781 1
65928 93922 1
65928 96936 1
65928 104178 1
65928 105907 1
65928 106033 1
67475 60232 1
67475 68449 1
67475 75540 1
67475 76320 1
67475 77638 1
67475 78061 1
67475 97496 1
67475 99942 1
67475 103196 1
67475 104166 1
67475 104178 1
67475 105255 1
67475 105398 1
67475 106442 1
67475 112186 1
67475 112636 1
67475 114763 1
67475 115082 1
67475 123255 1
67475 123539 1
78052 64074 1
78052 64075 1
78052 76169 1
78052 76170 1
78052 78051 1
78052 79376 1
78052 79378 1
78052 81746 1
78052 104178 1
78052 112301 1
78052 118738 1
78052 124307 1
105255 67475 1
105255 79183 1
105255 93922 1
105255 101420 1
105255 104173 2
105255 104178 1
105255 106442 1
105255 110225 1
105255 112636 2
105255 113551 1
105255 114763 1
105255 116597 1
105907 65928 1
105907 86831 1
105907 97687 1
105907 104178 1
105907 110225 1
105907 112636 1
106442 67475 1
106442 76486 1
106442 93922 2
106442 97858 1
106442 103139 1
106442 104172 1
106442 104178 1
106442 105255 1
106442 106859 1
106442 112187 1
106442 112636 1
106442 113809 1
106442 114763 1
106442 116597 1
106442 122877 1
106442 124512 1
112636 64072 1
112636 67475 1
112636 90860 1
112636 92915 1
112636 93922 1
112636 97627 1
112636 98921 1
112636 101420 1
112636 102939 1
112636 103192 1
112636 103193 2
112636 104168 1
112636 104169 1
112636 104173 2
112636 104178 2
112636 105255 2
112636 105907 1
112636 106442 1
112636 109095 1
112636 109096 1
112636 109098 1
112636 109099 1
112636 110225 2
112636 112632 1
112636 112633 1
112636 112634 1
112636 112635 1
112636 113551 1
112636 114763 1
112636 116597 1
112636 122878 1
112636 124494 1
114763 67475 1
114763 78061 1
114763 81750 1
114763 104178 2
114763 105255 1
114763 106033 1
114763 106442 1
114763 112636 1
114763 114764 1
114763 114767 1
114764 104178 1
114764 109098 1
114764 114763 1
118618 90860 1
118618 104178 1
118618 112187 1
118618 112301 2
118618 116599 1
118618 124494 1
118618 124512 1
118618 126437 1
118738 78052 1
118738 104178 1
126437 104178 1
126437 113812 1
126437 118160 1
126437 118618 1
126437 118619 2
93922 64079 1
93922 65928 1
93922 73809 1
93922 90857 1
93922 92781 1
93922 93920 1
93922 97626 1
93922 97627 1
93922 97858 1
93922 101418 1
93922 101420 1
93922 104173 1
93922 105255 1
93922 106442 2
93922 106992 1
93922 107751 1
93922 110225 1
93922 112185 1
93922 112636 1
93922 113551 1
93922 113809 1
93922 113810 1
93922 116656 1
93922 122877 1
93922 122881 1
93922 123256 1
93922 123513 1
96211 110511 1
96211 111575 1
96211 113809 1
96211 113810 1
96211 113812 1
97858 90077 1
97858 90860 1
97858 93922 1
97858 94121 1
97858 99939 1
97858 101414 3
97858 101420 2
97858 103138 1
97858 106442 1
97858 106992 1
97858 109096 1
97858 113336 1
97858 113809 1
97858 122372 1
97858 122877 1
110511 93006 1
110511 96211 1
110511 109889 1
110511 113809 1
110511 113810 1
110511 113812 1
110511 119400 1
112742 92782 1
112742 97496 2
112742 103139 1
112742 112186 2
112742 113809 1
112742 118263 1
113810 64072 1
113810 73809 1
113810 92779 1
113810 92781 2
113810 92782 1
113810 92915 1
113810 93922 1
113810 96211 1
113810 97491 1
113810 106992 1
113810 107751 1
113810 110511 1
113810 113809 1
113810 113812 1
113812 96211 1
113812 110511 1
113812 113809 1
113812 113810 1
113812 126437 1
122877 64094 1
122877 69822 1
122877 81752 1
122877 82634 1
122877 92779 1
122877 92916 1
122877 93922 1
122877 97858 1
122877 106442 1
122877 113809 1
122877 122881 1
88966 44430 1
88966 116163 1
88966 116164 1
99942 64083 1
99942 67475 1
99942 78059 1
99942 97491 1
99942 113338 1
99942 116164 1
99942 116597 1
99942 117790 1
99942 123255 1
99942 124158 1
99942 124280 1
99942 124512 1
102939 92915 1
102939 102938 1
102939 103139 1
102939 104169 1
102939 109096 1
102939 112636 1
102939 113335 1
102939 113336 1
102939 113337 1
102939 113551 1
102939 115081 1
102939 116164 1
102939 122878 1
102939 124306 1
103139 89931 1
103139 92782 1
103139 94121 1
103139 97377 1
103139 97496 1
103139 102939 1
103139 103137 1
103139 103138 1
103139 103192 1
103139 104169 2
103139 106442 1
103139 109096 1
103139 110225 1
103139 112186 1
103139 112742 1
103139 113335 1
103139 113336 1
103139 113337 1
103139 113551 1
103139 116164 1
103139 116591 1
103139 116597 1
103139 118263 1
103139 123539 1
103139 124306 1
103139 124512 1
104169 86831 1
104169 89931 1
104169 94121 1
104169 102939 1
104169 103139 2
104169 109096 1
104169 112636 1
104169 113335 1
104169 113336 1
104169 113337 1
104169 113551 1
104169 116164 1
104169 116591 1
104169 124306 1
109096 69830 1
109096 90860 1
109096 97377 1
109096 97858 1
109096 101414 1
109096 101420 1
109096 102939 1
109096 103139 1
109096 104168 1
109096 104169 1
109096 109095 1
109096 109098 1
109096 109099 1
109096 112636 1
109096 113335 1
109096 113336 1
109096 113337 1
109096 113551 1
109096 114767 1
109096 116164 1
109096 122257 1
109096 122372 1
109096 124306 1
109096 124494 1
113335 90860 1
113335 102939 1
113335 103139 1
113335 104169 1
113335 109096 1
113335 112633 1
113335 113336 1
113335 113337 1
113335 113551 1
113335 116164 1
113335 124306 1
113335 126054 1
113336 90077 1
113336 97858 1
113336 99939 1
113336 101420 1
113336 102939 1
113336 103139 1
113336 104169 1
113336 106992 1
113336 109096 1
113336 113335 1
113336 113337 1
113336 113551 1
113336 116164 1
113336 124306 1
113337 102939 1
113337 103139 1
113337 104169 1
113337 109096 1
113337 113335 1
113337 113336 1
113337 113551 1
113337 116164 1
113337 124306 1
113551 93922 1
113551 101420 1
113551 102939 1
113551 103139 1
113551 104169 1
113551 104173 1
113551 105255 1
113551 109096 1
113551 110225 1
113551 112636 1
113551 113335 1
113551 113336 1
113551 113337 1
113551 113550 1
113551 116164 1
113551 117043 1
113551 117790 1
113551 124148 1
113551 124306 1
116163 78059 1
116163 88966 1
116163 94121 1
116163 95000 1
116163 99289 1
116163 116164 1
116163 121093 1
117790 97496 1
117790 99942 1
117790 112186 1
117790 113550 1
117790 113551 1
117790 116164 1
117790 124158 1
117790 124280 1
117790 124512 1
123361 116164 1
123361 124498 1
124158 94121 1
124158 99942 1
124158 116164 1
124158 116591 1
124158 117790 1
124158 123152 1
124158 124280 1
124158 124512 1
124158 124522 1
124280 99942 1
124280 110224 1
124280 110225 1
124280 116164 1
124280 117790 1
124280 124158 1
124280 124512 1
124498 116164 1
124498 123361 1
124512 78057 1
124512 90076 1
124512 97626 1
124512 99942 1
124512 103139 1
124512 103195 1
124512 106442 1
124512 116164 1
124512 116597 1
124512 117790 1
124512 118263 1
124512 118618 1
124512 123513 1
124512 124158 1
124512 124280 1
124512 124494 1
122881 36240 1
122881 36241 1
122881 64094 1
122881 68449 1
122881 73993 1
122881 76570 1
122881 91338 1
122881 93922 1
122881 95169 1
122881 122877 1
122881 123256 1
122881 123513 1
123513 78059 1
123513 93922 1
123513 97687 1
123513 98921 1
123513 104166 1
123513 104168 1
123513 112302 1
123513 122839 1
123513 122874 1
123513 122881 1
123513 123256 1
123513 123673 1
123513 124512 1
116592 108157 1
116592 116591 1
116592 124306 1
116592 124494 1
124307 78052 1
124307 81746 2
124307 92917 1
124307 96936 1
124307 112301 1
124307 124306 1
98917 83882 1
98917 98921 1
98917 109098 1
98917 113460 1
98917 116591 1
98917 124485 1
109098 90860 1
109098 98917 1
109098 104168 1
109098 109095 1
109098 109096 1
109098 109099 1
109098 112636 1
109098 114764 1
109098 124485 1
109098 124494 1
92777 64079 1
92777 78049 1
92777 94121 1
92777 96938 1
92777 115082 1
94121 64079 1
94121 78049 1
94121 81746 1
94121 89931 1
94121 90860 1
94121 92777 1
94121 96938 1
94121 97858 1
94121 101414 1
94121 103138 1
94121 103139 1
94121 103193 1
94121 104168 1
94121 104169 1
94121 112061 1
94121 112301 1
94121 112302 1
94121 115081 1
94121 116163 1
94121 116591 2
94121 121093 1
94121 122839 1
94121 123152 1
94121 123436 1
94121 124158 1
94121 124522 1
96938 64079 1
96938 76320 1
96938 78049 1
96938 78051 1
96938 86831 1
96938 92777 1
96938 94121 1
96938 96936 1
96938 112061 1
97627 64079 1
97627 73809 1
97627 90857 1
97627 90860 1
97627 93922 1
97627 97626 1
97627 101418 1
97627 103189 1
97627 103191 1
97627 103192 1
97627 112185 2
97627 112633 1
97627 112636 1
97627 116656 1
101414 64083 1
101414 79376 1
101414 90860 1
101414 92917 1
101414 94121 1
101414 97858 3
101414 101417 1
101414 101418 1
101414 101420 2
101414 103138 1
101414 103195 1
101414 106032 1
101414 106033 1
101414 109096 1
101414 112185 1
101414 122372 1
101414 123640 1
101414 123673 1
103138 60232 1
103138 64072 1
103138 69830 1
103138 90860 1
103138 94121 1
103138 97858 1
103138 101414 1
103138 103137 1
103138 103139 1
103138 123539 1
103189 90860 1
103189 97491 1
103189 97627 1
103189 103191 1
103189 103192 1
103189 103193 1
103189 103195 1
103189 103196 1
103189 104130 1
103189 112061 1
103189 112185 1
103189 112633 1
103189 116076 1
103189 116597 1
103189 121093 1
103189 122874 1
103189 122875 1
104168 78059 1
104168 90860 1
104168 94121 1
104168 97496 1
104168 97687 1
104168 98921 1
104168 109095 1
104168 109096 1
104168 109098 1
104168 109099 1
104168 112302 1
104168 112636 1
104168 122839 1
104168 123513 1
104168 124494 1
109095 90860 1
109095 97377 1
109095 104168 1
109095 109096 1
109095 109098 1
109095 109099 1
109095 112636 1
109095 124494 1
109099 90860 1
109099 104168 1
109099 109095 1
109099 109096 1
109099 109098 1
109099 112636 1
109099 124494 1
112061 90860 1
112061 94121 1
112061 96938 1
112061 103189 1
112061 104130 1
112061 116597 1
112061 122874 1
112061 122875 1
112186 67475 1
112186 90860 1
112186 92782 1
112186 97496 4
112186 103139 1
112186 104166 1
112186 112187 1
112186 112742 2
112186 117790 1
112186 118263 1
112186 123539 1
112187 83882 1
112187 90860 1
112187 104172 1
112187 106442 1
112187 112186 1
112187 116599 1
112187 117043 1
112187 118263 1
112187 118618 1
112633 90860 1
112633 97627 1
112633 103189 1
112633 103191 1
112633 112185 1
112633 112632 1
112633 112634 1
112633 112635 1
112633 112636 1
112633 113335 1
112633 116599 1
112633 124607 1
112633 126054 1
116597 64083 2
116597 90860 1
116597 99942 1
116597 103139 1
116597 103189 1
116597 103191 1
116597 104130 1
116597 105255 1
116597 106442 1
116597 112061 1
116597 112636 1
116597 113338 1
116597 116598 1
116597 116599 1
116597 118160 1
116597 118263 1
116597 122874 1
116597 122875 1
116597 124512 1
122874 90860 1
122874 103189 1
122874 104130 1
122874 104166 1
122874 112061 1
122874 116597 1
122874 122875 1
122874 123513 1
122874 123673 1
122875 78051 1
122875 90860 1
122875 97491 1
122875 103137 1
122875 103189 1
122875 104130 1
122875 112061 1
122875 116597 1
122875 122874 1
123155 90857 1
123155 90860 1
123155 112301 1
124494 90860 1
124494 104168 1
124494 109095 1
124494 109096 1
124494 109098 1
124494 109099 1
124494 112636 1
124494 116592 1
124494 118618 1
124494 123152 1
124494 124512 1
126054 90860 1
126054 112633 1
126054 113335 1
103192 97377 1
103192 97627 1
103192 103139 1
103192 103189 1
103192 103193 1
103192 103195 1
103192 112636 1
122257 97377 1
122257 109096 1
98921 78059 1
98921 83882 1
98921 97687 1
98921 98917 1
98921 103193 1
98921 104168 1
98921 110225 1
98921 112302 1
98921 112636 1
98921 113460 1
98921 116591 1
98921 122839 1
98921 123513 1
103137 78051 1
103137 97491 1
103137 103138 1
103137 103139 1
103137 103193 1
103137 122875 1
103137 123539 1
103195 90076 1
103195 97626 1
103195 101414 1
103195 103189 1
103195 103192 1
103195 103193 1
103195 123415 1
103195 123640 1
103195 124512 1
106032 79376 1
106032 101414 1
106032 101418 1
106032 101420 1
106032 103193 1
106032 106031 1
106032 106033 2
106032 106034 1
110225 50460 1
110225 64079 1
110225 75540 1
110225 76177 1
110225 81746 1
110225 81750 1
110225 81752 1
110225 93922 1
110225 98921 1
110225 101420 2
110225 103139 1
110225 103193 1
110225 104173 1
110225 105255 1
110225 105907 1
110225 106034 1
110225 110224 1
110225 112636 2
110225 113338 1
110225 113551 1
110225 116611 1
110225 124280 1
106033 65928 1
106033 79376 1
106033 81750 1
106033 83882 1
106033 92781 1
106033 96936 1
106033 101414 1
106033 101418 1
106033 101420 1
106033 106031 1
106033 106032 2
106033 106034 1
106033 113338 1
106033 113460 1
106033 114763 1
106033 114767 1
106034 90076 1
106034 97491 1
106034 97626 1
106034 106031 1
106034 106032 1
106034 106033 1
106034 110225 1
73809 64072 1
73809 64079 1
73809 90857 1
73809 92779 1
73809 92781 1
73809 92782 1
73809 92915 1
73809 93922 1
73809 97491 1
73809 97626 1
73809 97627 1
73809 101418 1
73809 102722 1
73809 112185 1
73809 113810 1
73809 116656 1
90857 64072 1
90857 64079 1
90857 69830 1
90857 73809 1
90857 76177 1
90857 93922 1
90857 97626 1
90857 97627 1
90857 101418 1
90857 104173 1
90857 112185 1
90857 116656 1
90857 123155 1
97626 64079 1
97626 73809 1
97626 90076 2
97626 90857 1
97626 93922 1
97626 97491 1
97626 97627 1
97626 101418 1
97626 103195 1
97626 106034 1
97626 112185 1
97626 116656 1
97626 124512 1
101418 64079 1
101418 73809 1
101418 79376 1
101418 90857 1
101418 93922 1
101418 97626 1
101418 97627 1
101418 101414 1
101418 101420 1
101418 106032 1
101418 106033 1
101418 112185 1
101418 116656 1
103191 64072 1
103191 97627 1
103191 101420 1
103191 103189 1
103191 112185 1
103191 112633 1
103191 116597 1
103191 116598 1
103191 118160 1
116656 64079 1
116656 73809 1
116656 90857 1
116656 93922 1
116656 97626 1
116656 97627 1
116656 101418 1
116656 112185 2
116656 118511 1
118511 112185 1
118511 116656 1
123177 112185 1
99289 78059 1
99289 116163 1
99289 123436 1
99289 123640 1
123436 94121 1
123436 99289 1
123436 115081 1
123436 123640 1
50460 64079 1
50460 81752 1
50460 110225 1
81752 50460 1
81752 64079 1
81752 92779 1
81752 92916 1
81752 110225 1
81752 122877 1
75540 67475 1
75540 68449 1
75540 76177 1
75540 77638 1
75540 78061 1
75540 81746 1
75540 81750 1
75540 101420 1
75540 110225 1
75540 116611 1
75540 122358 1
76177 50649 1
76177 68449 1
76177 75540 1
76177 81746 1
76177 81750 1
76177 90857 1
76177 101420 1
76177 104173 1
76177 110225 1
76177 116611 1
81746 75540 1
81746 76177 1
81746 78052 1
81746 81750 1
81746 92917 1
81746 94121 1
81746 96936 1
81746 101420 1
81746 110225 1
81746 112301 1
81746 116611 1
81746 122839 1
81746 124307 2
101420 64072 1
101420 75540 1
101420 76177 1
101420 79376 1
101420 81746 1
101420 81750 1
101420 90077 1
101420 93922 1
101420 97858 2
101420 99939 1
101420 101414 2
101420 101418 1
101420 103191 1
101420 104173 1
101420 105255 1
101420 106032 1
101420 106033 1
101420 106992 1
101420 109096 1
101420 110225 2
101420 112636 1
101420 113336 1
101420 113551 1
101420 116611 1
101420 122372 1
114767 69830 1
114767 81750 1
114767 106033 1
114767 109096 1
114767 114763 1
116611 75540 1
116611 76177 1
116611 76189 1
116611 81746 1
116611 81750 1
116611 101420 1
116611 110225 1
116611 112301 1
116611 118263 1
92915 64072 1
92915 73809 1
92915 90077 1
92915 92779 1
92915 92781 1
92915 92782 1
92915 92916 1
92915 92917 1
92915 92918 1
92915 96936 1
92915 97491 1
92915 102939 1
92915 112636 1
92915 113810 1
92915 122878 1
92916 81752 1
92916 92779 2
92916 92915 1
92916 92917 1
92916 92918 1
92916 122877 1
92917 81746 1
92917 92915 1
92917 92916 1
92917 92918 1
92917 96936 1
92917 101414 1
92917 124307 1
98220 104130 1
76189 112301 1
76189 116611 1
112302 78059 1
112302 94121 1
112302 97687 1
112302 98921 1
112302 104168 1
112302 112301 2
112302 122839 2
112302 123513 1
64085 65928 1
78051 64074 1
78051 64075 1
78051 65928 1
78051 76169 1
78051 76170 1
78051 76320 1
78051 78052 1
78051 79376 1
78051 79378 1
78051 86831 2
78051 96938 1
78051 97491 1
78051 103137 1
78051 122875 1
92781 64072 1
92781 65928 1
92781 73809 1
92781 92779 1
92781 92782 1
92781 92915 1
92781 93922 1
92781 96936 1
92781 97491 1
92781 106033 1
92781 106992 1
92781 107751 1
92781 113810 2
96936 65928 1
96936 81746 1
96936 90077 1
96936 92781 1
96936 92915 1
96936 92917 1
96936 96938 1
96936 106033 1
96936 124307 1
60232 64072 1
60232 67475 1
60232 69830 1
60232 103138 1
60232 115082 1
68449 36240 1
68449 36241 1
68449 67475 1
68449 73993 1
68449 75540 1
68449 76177 1
68449 76570 1
68449 77638 1
68449 78061 1
68449 91338 1
68449 95169 1
68449 97492 1
68449 97496 1
68449 122881 1
76320 67475 1
76320 78051 1
76320 86831 1
76320 96938 1
76320 97491 1
76320 97492 1
76320 122878 1
77638 67475 1
77638 68449 1
77638 75540 1
77638 78061 1
78061 67475 1
78061 68449 1
78061 75540 1
78061 77638 1
78061 114763 1
97496 67475 1
97496 68449 1
97496 92782 1
97496 97492 1
97496 103139 1
97496 104166 1
97496 104168 1
97496 112186 4
97496 112742 2
97496 117790 1
97496 118263 1
97496 123539 1
103196 67475 1
103196 92779 1
103196 97491 1
103196 103189 1
103196 121093 1
103196 123255 1
104166 67475 1
104166 97496 1
104166 112186 1
104166 122874 1
104166 123513 1
104166 123539 1
104166 123673 1
105398 67475 1
115082 60232 1
115082 67475 1
115082 92777 1
115082 115081 1
123255 67475 1
123255 76570 1
123255 92779 1
123255 99942 1
123255 103196 1
123539 67475 1
123539 97496 1
123539 97687 1
123539 103137 1
123539 103138 1
123539 103139 1
123539 104166 1
123539 108157 1
123539 112186 1
123539 122878 1
64074 64075 1
64074 76169 1
64074 76170 1
64074 78051 1
64074 78052 1
64074 79376 1
64074 79378 1
64075 64074 1
64075 76169 1
64075 76170 1
64075 78051 1
64075 78052 1
64075 79376 1
64075 79378 1
76169 64074 1
76169 64075 1
76169 76170 1
76169 78051 1
76169 78052 1
76169 79376 1
76169 79378 1
76170 64074 1
76170 64075 1
76170 76169 1
76170 78051 1
76170 78052 1
76170 79376 1
76170 79378 1
79376 64074 1
79376 64075 1
79376 76169 1
79376 76170 1
79376 78051 1
79376 78052 1
79376 79378 1
79376 101414 1
79376 101418 1
79376 101420 1
79376 106032 1
79376 106033 1
79376 115081 1
79378 64074 1
79378 64075 1
79378 76169 1
79378 76170 1
79378 78051 1
79378 78052 1
79378 79376 1
79378 97492 1
79183 105255 1
104173 76177 1
104173 90857 1
104173 93922 1
104173 101420 1
104173 105255 2
104173 110225 1
104173 112636 2
104173 113551 1
97687 78059 1
97687 98921 1
97687 104168 1
97687 105907 1
97687 112302 1
97687 122839 1
97687 123513 1
97687 123539 1
76486 106442 1
76486 106859 1
104172 106442 1
104172 112187 1
106859 76486 1
106859 106442 1
112632 112633 1
112632 112634 1
112632 112635 1
112632 112636 1
112634 112632 1
112634 112633 1
112634 112635 1
112634 112636 1
112635 112632 1
112635 112633 1
112635 112634 1
112635 112636 1
122878 76320 1
122878 92915 1
122878 97491 1
122878 97492 1
122878 102939 1
122878 108157 1
122878 112636 1
122878 123539 1
116599 104174 1
116599 112187 1
116599 112633 1
116599 116597 1
116599 118618 1
116599 123152 1
116599 124607 1
118160 103191 1
118160 113460 1
118160 116597 1
118160 116598 1
118160 126437 1
93920 93873 1
93920 93922 1
106992 90077 1
106992 92781 1
106992 93922 1
106992 97858 1
106992 99939 1
106992 101420 1
106992 107751 1
106992 113336 1
106992 113810 1
107751 92781 1
107751 93922 1
107751 106992 1
107751 113810 1
111575 96211 1
90077 92915 1
90077 96936 1
90077 97858 1
90077 99939 1
90077 101420 1
90077 106992 1
90077 113336 1
99939 90077 1
99939 97858 1
99939 101420 1
99939 106992 1
99939 113336 1
93006 109889 1
93006 110511 1
109889 93006 1
109889 109894 1
109889 110511 1
119400 110511 1
92782 64072 1
92782 73809 1
92782 92779 1
92782 92781 1
92782 92915 1
92782 97491 1
92782 97496 1
92782 103139 1
92782 112186 1
92782 112742 1
92782 113810 1
92782 118263 1
118263 78057 1
118263 92782 1
118263 97496 1
118263 103139 1
118263 112186 1
118263 112187 1
118263 112742 1
118263 116597 1
118263 116611 1
118263 123152 1
118263 124512 1
64094 122877 1
64094 122881 1
69822 82634 1
69822 122877 1
82634 69822 1
82634 122877 1
92779 64072 1
92779 73809 1
92779 81752 1
92779 92781 1
92779 92782 1
92779 92915 1
92779 92916 2
92779 97491 1
92779 103196 1
92779 113810 1
92779 122877 1
92779 123255 1
44430 88966 1
44430 111877 1
64083 99942 1
64083 101414 1
64083 113338 1
64083 116597 2
78059 97491 1
78059 97687 1
78059 98921 1
78059 99289 1
78059 99942 1
78059 104168 1
78059 112302 1
78059 116163 1
78059 122839 1
78059 123513 1
113338 64083 1
113338 83882 1
113338 99942 1
113338 106033 1
113338 110225 1
113338 113460 1
113338 116597 1
102938 76570 1
102938 102939 1
115081 79376 1
115081 94121 1
115081 102939 1
115081 115082 1
115081 123436 1
89931 94121 1
89931 103139 1
89931 104169 1
89931 116591 1
116591 83882 1
116591 89931 1
116591 94121 2
116591 98917 1
116591 98921 1
116591 103139 1
116591 104169 1
116591 108157 2
116591 113460 1
116591 116592 1
116591 123152 1
116591 124158 1
116591 124522 1
69830 60232 1
69830 64072 2
69830 90857 1
69830 103138 1
69830 109096 1
69830 114767 1
113550 113551 1
113550 117790 1
117043 112187 1
117043 113551 1
124148 113551 1
95000 116163 1
121093 94121 1
121093 103189 1
121093 103196 1
121093 116163 1
123152 94121 1
123152 116591 1
123152 116599 1
123152 118263 1
123152 124158 1
123152 124494 1
123152 124522 2
124522 94121 1
124522 104174 1
124522 116591 1
124522 118484 1
124522 123152 2
124522 124158 1
110224 110225 1
110224 124280 1
78057 118263 1
78057 124512 1
90076 97491 1
90076 97626 2
90076 103195 1
90076 106034 1
90076 124512 1
36240 36241 3
36240 68449 1
36240 73993 1
36240 76570 1
36240 91338 1
36240 95169 1
36240 122881 1
36241 36240 3
36241 68449 1
36241 73993 1
36241 76570 1
36241 91338 1
36241 95169 1
36241 122881 1
73993 36240 1
73993 36241 1
73993 68449 1
73993 76570 1
73993 91338 1
73993 95169 1
73993 122881 1
76570 36240 1
76570 36241 1
76570 68449 1
76570 73993 1
76570 77636 1
76570 91338 1
76570 95169 1
76570 102938 1
76570 122881 1
76570 123255 1
91338 36240 1
91338 36241 1
91338 68449 1
91338 73993 1
91338 76570 1
91338 95169 1
91338 122881 1
95169 36240 1
95169 36241 1
95169 68449 1
95169 73993 1
95169 76570 1
95169 91338 1
95169 122881 1
122839 78059 1
122839 81746 1
122839 94121 1
122839 97687 1
122839 98921 1
122839 104168 1
122839 112302 2
122839 123513 1
123673 101414 1
123673 104166 1
123673 122874 1
123673 123513 1
108157 116591 2
108157 116592 1
108157 122878 1
108157 123539 1
83882 98917 1
83882 98921 1
83882 106033 1
83882 112187 1
83882 113338 1
83882 113460 2
83882 116591 1
113460 83882 2
113460 98917 1
113460 98921 1
113460 106033 1
113460 113338 1
113460 116591 1
113460 118160 1
77636 76570 1
123415 103195 1
116598 103191 1
116598 116597 1
116598 118160 1
104174 116599 1
104174 124522 1
118484 124522 1
124607 112633 1
124607 116599 1
101417 101414 1
111877 44430 1
109894 109889 1
102722 73809 1
93873 93920 1
122358 75540 1
50649 76177 1
