82154 87566 1
87566 74318 1
87566 82154 1
87566 83171 1
87566 83815 1
87566 87567 1
87566 124987 1
74318 74360 1
74318 76922 1
74318 87566 1
83171 65346 1
83171 65374 1
83171 71654 1
83171 76159 1
83171 77499 1
83171 81085 2
83171 81508 2
83171 82849 1
83171 82850 1
83171 82851 1
83171 83168 1
83171 83169 1
83171 83170 2
83171 83815 1
83171 83879 1
83171 84232 1
83171 84364 3
83171 85524 1
83171 85525 1
83171 85527 1
83171 87566 1
83171 96114 1
83171 121584 1
83171 121585 2
83171 124987 1
83815 39943 1
83815 51079 1
83815 52168 1
83815 61651 1
83815 67142 1
83815 70668 1
83815 71994 1
83815 73860 2
83815 73863 1
83815 76158 2
83815 80280 1
83815 80283 1
83815 81183 1
83815 82148 2
83815 82849 1
83815 83171 1
83815 83816 1
83815 83817 1
83815 83818 1
83815 83820 1
83815 84715 1
83815 84777 1
83815 85527 1
83815 87566 1
83815 88272 1
83815 88273 1
83815 95107 1
83815 104275 1
83815 123926 1
83815 123946 1
83815 124987 1
83815 126765 1
87567 59390 1
87567 87566 1
124987 52118 1
124987 80284 1
124987 83171 1
124987 83815 1
124987 83818 1
124987 86695 1
124987 86696 1
124987 87566 1
124987 87846 1
124987 89399 1
124987 92086 1
124987 94808 1
124987 94998 1
124987 124988 1
74360 74318 1
74360 74353 1
74360 78030 1
74360 94287 1
76922 62392 1
76922 74318 1
76922 121587 2
76922 127368 1
65346 49323 1
65346 71654 1
65346 82849 1
65346 82850 1
65346 82851 1
65346 83171 1
65346 85524 1
65346 85525 1
65346 85527 1
65346 91473 1
65346 96114 1
65374 22046 1
65374 32163 1
65374 43022 1
65374 43566 1
65374 47486 1
65374 48978 1
65374 53470 1
65374 54089 1
65374 61189 1
65374 76159 1
65374 77243 1
65374 77499 1
65374 81508 1
65374 82153 1
65374 83171 1
71654 65346 1
71654 82849 1
71654 82850 1
71654 82851 1
71654 83171 1
71654 85524 1
71654 85525 1
71654 85527 1
71654 96114 1
71654 97303 1
76159 54905 1
76159 65374 1
76159 74872 1
76159 74873 1
76159 76327 1
76159 77499 1
76159 81365 1
76159 81508 1
76159 83171 1
77499 42490 1
77499 52589 1
77499 58935 1
77499 61194 1
77499 64415 1
77499 65374 1
77499 68473 1
77499 68752 1
77499 76159 1
77499 81508 1
77499 83171 1
77499 124652 1
81085 39943 1
81085 61443 1
81085 68746 1
81085 75883 1
81085 80280 1
81085 81083 1
81085 81084 1
81085 81086 1
81085 81365 1
81085 81806 1
81085 82849 1
81085 82851 1
81085 83171 2
81085 83879 1
81085 85524 1
81085 85527 1
81085 86679 1
81085 87335 1
81085 96016 1
81085 99671 1
81085 121584 1
81085 121585 2
81508 55857 1
81508 65374 1
81508 76159 1
81508 77499 1
81508 82148 1
81508 83171 2
81508 84232 1
82849 45755 1
82849 53463 1
82849 65346 1
82849 68747 1
82849 71654 1
82849 73712 1
82849 73860 1
82849 80280 2
82849 80283 1
82849 81083 1
82849 81084 1
82849 81085 1
82849 81086 1
82849 82148 1
82849 82152 2
82849 82153 1
82849 82850 1
82849 82851 5
82849 83171 1
82849 83815 1
82849 85524 1
82849 85525 1
82849 85527 2
82849 96114 2
82850 65346 1
82850 71654 1
82850 82849 1
82850 82851 1
82850 83171 1
82850 85524 1
82850 85525 1
82850 85527 1
82850 96114 1
82851 45755 1
82851 53463 1
82851 65346 1
82851 71654 1
82851 73712 1
82851 80280 1
82851 81083 1
82851 81084 1
82851 81085 1
82851 81086 1
82851 82148 1
82851 82849 5
82851 82850 1
82851 83171 1
82851 83818 1
82851 85524 1
82851 85525 1
82851 85527 1
82851 91783 1
82851 96114 1
83168 83169 1
83168 83170 1
83168 83171 1
83168 84364 1
83169 83168 1
83169 83170 1
83169 83171 1
83169 84364 1
83170 83168 1
83170 83169 1
83170 83171 2
83170 83265 1
83170 84364 2
83879 81085 1
83879 83171 1
83879 121584 1
83879 121585 1
84232 65376 1
84232 79109 1
84232 81508 1
84232 83171 1
84232 93107 1
84232 127438 1
84364 83168 1
84364 83169 1
84364 83170 2
84364 83171 3
85524 61443 1
85524 65346 1
85524 71654 1
85524 75883 3
85524 80280 1
85524 80282 1
85524 81008 4
85524 81085 1
85524 81365 2
85524 81409 1
85524 81806 2
85524 82849 1
85524 82850 1
85524 82851 1
85524 83171 1
85524 84777 1
85524 85295 1
85524 85525 3
85524 85527 5
85524 86679 1
85524 87335 1
85524 96016 1
85524 96114 1
85524 99671 1
85524 121584 1
85524 127108 1
85525 65346 1
85525 71654 1
85525 75883 1
85525 80280 1
85525 80282 1
85525 81008 1
85525 81806 1
85525 82849 1
85525 82850 1
85525 82851 1
85525 83171 1
85525 85524 3
85525 85527 3
85525 96114 1
85527 61443 1
85527 65346 1
85527 71654 1
85527 72050 1
85527 73860 1
85527 75883 2
85527 76328 1
85527 80280 2
85527 80282 1
85527 80283 1
85527 81008 1
85527 81085 1
85527 81365 2
85527 81806 2
85527 82849 2
85527 82850 1
85527 82851 1
85527 83171 1
85527 83815 1
85527 85295 1
85527 85524 5
85527 85525 3
85527 85526 1
85527 86679 1
85527 87335 1
85527 96016 1
85527 96114 1
85527 99671 1
85527 125861 1
85527 127108 1
96114 30562 1
96114 65346 1
96114 71654 1
96114 82152 1
96114 82153 1
96114 82849 2
96114 82850 1
96114 82851 1
96114 83171 1
96114 85524 1
96114 85525 1
96114 85527 1
96114 88397 1
96114 93109 1
96114 94628 1
96114 95708 1
96114 96022 1
96114 96741 1
96114 97656 2
96114 97846 1
96114 97847 2
96114 98846 1
96114 101271 3
96114 101783 1
96114 105435 1
96114 108378 1
96114 112641 1
96114 123927 1
96114 125488 1
96114 127437 1
96114 127438 1
121584 62234 1
121584 75883 1
121584 81085 1
121584 83171 1
121584 83879 1
121584 85524 1
121584 121585 2
121585 68746 1
121585 81085 2
121585 81806 2
121585 83171 2
121585 83879 1
121585 121584 2
39943 68746 2
39943 81085 1
39943 83815 1
51079 52118 2
51079 73860 1
51079 73867 1
51079 76158 1
51079 81765 1
51079 82148 1
51079 83815 1
51079 84715 1
51079 84777 2
51079 123946 1
51079 127368 1
52168 47465 1
52168 60481 1
52168 60653 1
52168 63812 1
52168 70668 1
52168 71994 1
52168 76158 1
52168 83815 1
52168 86715 1
52168 104275 1
52168 122534 1
52168 123926 1
61651 38552 1
61651 67142 1
61651 81183 1
61651 81693 1
61651 83815 1
67142 32554 1
67142 61651 1
67142 67143 1
67142 81183 1
67142 83815 1
67142 90344 1
70668 52168 1
70668 58571 1
70668 71994 1
70668 76158 1
70668 83815 1
70668 104275 1
70668 123926 1
71994 52168 1
71994 70668 1
71994 74173 1
71994 76158 1
71994 83815 1
71994 104275 1
71994 123926 1
73860 46751 1
73860 51079 1
73860 52485 1
73860 57405 1
73860 63513 1
73860 68473 1
73860 68746 1
73860 73861 1
73860 73863 1
73860 73867 1
73860 75762 1
73860 76158 2
73860 77492 2
73860 77782 1
73860 79694 1
73860 80280 2
73860 80283 1
73860 80285 1
73860 80865 1
73860 82148 2
73860 82849 1
73860 83815 2
73860 84715 1
73860 84777 1
73860 85527 1
73860 123946 1
73860 126036 1
73863 73860 1
73863 73861 1
73863 73867 1
73863 77647 1
73863 83815 1
76158 26624 1
76158 46751 1
76158 51079 1
76158 52118 1
76158 52168 1
76158 52485 1
76158 57405 1
76158 61990 1
76158 63513 1
76158 68473 1
76158 68813 1
76158 70668 1
76158 71994 1
76158 73860 2
76158 77492 1
76158 82148 1
76158 83815 2
76158 84715 1
76158 84777 1
76158 99074 1
76158 104275 1
76158 123926 1
76158 123946 1
80280 73860 2
80280 75883 3
80280 79632 2
80280 79694 1
80280 80282 2
80280 80283 5
80280 80284 1
80280 80285 2
80280 80865 1
80280 81008 1
80280 81083 1
80280 81084 1
80280 81085 1
80280 81086 1
80280 81248 2
80280 81365 1
80280 81806 2
80280 81807 1
80280 82849 2
80280 82851 1
80280 83815 1
80280 85524 1
80280 85525 1
80280 85527 2
80280 120718 1
80280 126036 1
80283 68747 1
80283 73860 1
80283 75883 2
80283 79632 1
80283 80280 5
80283 80282 1
80283 80284 1
80283 80285 1
80283 81248 2
80283 81365 1
80283 81418 1
80283 81807 1
80283 82849 1
80283 83815 1
80283 85527 1
80283 120718 1
81183 20058 1
81183 30626 1
81183 60459 1
81183 61651 1
81183 67142 1
81183 73861 1
81183 74160 1
81183 79384 1
81183 81181 1
81183 81182 1
81183 83815 1
81183 92821 1
81183 101702 1
81183 110270 1
81183 126832 1
82148 51079 1
82148 68746 1
82148 72057 1
82148 73860 2
82148 76158 1
82148 77492 1
82148 81084 1
82148 81508 1
82148 82849 1
82148 82851 1
82148 83815 2
82148 83876 1
82148 83877 1
82148 84715 2
82148 84777 1
82148 99201 1
82148 108304 1
82148 123946 1
83816 76156 1
83816 83815 1
83816 83817 1
83816 85564 1
83816 85565 1
83817 80854 1
83817 83815 1
83817 83816 1
83817 84188 1
83817 84189 1
83817 88357 1
83817 89280 1
83817 91784 1
83817 92467 1
83817 115555 1
83817 115986 1
83818 52118 1
83818 81454 1
83818 82851 1
83818 83815 1
83818 83820 1
83818 86695 1
83818 86696 1
83818 86938 1
83818 87846 1
83818 89399 1
83818 91783 1
83818 92086 1
83818 94808 1
83818 94998 1
83818 95107 1
83818 124987 1
83820 45143 1
83820 57887 1
83820 73102 1
83820 78100 1
83820 82060 1
83820 83815 1
83820 83818 1
83820 95107 1
83820 102699 1
84715 51079 1
84715 72057 1
84715 73860 1
84715 76158 1
84715 81084 1
84715 82148 2
84715 82406 1
84715 83815 1
84715 83876 1
84715 83877 1
84715 84777 1
84715 99201 1
84715 108304 1
84715 123306 1
84715 123946 1
84777 51079 2
84777 73860 1
84777 76158 1
84777 82148 1
84777 83815 1
84777 84715 1
84777 84778 1
84777 85524 1
84777 123946 1
88272 83815 1
88272 88273 1
88273 42704 1
88273 58081 1
88273 60962 1
88273 80451 1
88273 83815 1
88273 84905 1
88273 84954 1
88273 88272 1
95107 39923 1
95107 41100 1
95107 48376 1
95107 62215 1
95107 63195 1
95107 71099 1
95107 71329 1
95107 76029 1
95107 83815 1
95107 83818 1
95107 83820 1
95107 88826 1
95107 96081 2
104275 30562 1
104275 52168 1
104275 66686 1
104275 68315 1
104275 70668 1
104275 71994 1
104275 76158 1
104275 83815 1
104275 96741 1
104275 123926 1
123926 52168 1
123926 65376 1
123926 68746 1
123926 70668 1
123926 71994 1
123926 76158 1
123926 81265 1
123926 83815 1
123926 90986 1
123926 92086 1
123926 104275 1
123946 51079 1
123946 73860 1
123946 76158 1
123946 82148 1
123946 83815 1
123946 84715 1
123946 84777 1
126765 83815 1
59390 41722 1
59390 48165 1
59390 54100 1
59390 72320 1
59390 78707 1
59390 79795 1
59390 87567 1
59390 87830 1
52118 51079 2
52118 73867 1
52118 76158 1
52118 83818 1
52118 86695 1
52118 86696 1
52118 87846 1
52118 89399 1
52118 92086 1
52118 94808 1
52118 94998 1
52118 99074 1
52118 124987 1
80284 70896 1
80284 75884 1
80284 80280 1
80284 80282 1
80284 80283 1
80284 80285 1
80284 81807 1
80284 124987 1
80284 124988 4
86695 52118 1
86695 83818 1
86695 86696 1
86695 87846 1
86695 89399 1
86695 92086 1
86695 94808 1
86695 94998 1
86695 124987 1
86696 52118 1
86696 83818 1
86696 86695 1
86696 87846 1
86696 89399 1
86696 91930 1
86696 92086 1
86696 94808 1
86696 94998 1
86696 124987 1
87846 52118 1
87846 79291 1
87846 83818 1
87846 86695 1
87846 86696 1
87846 87845 1
87846 89399 1
87846 92086 1
87846 94808 1
87846 94998 1
87846 124987 1
89399 52118 1
89399 63370 1
89399 73120 1
89399 79665 1
89399 81684 1
89399 83818 1
89399 86695 1
89399 86696 1
89399 86757 1
89399 86759 2
89399 86938 1
89399 86941 1
89399 86942 1
89399 87846 1
89399 91783 1
89399 92086 1
89399 93040 3
89399 94808 1
89399 94998 1
89399 101271 1
89399 101690 1
89399 124987 1
92086 52118 1
92086 65376 1
92086 76020 1
92086 81265 1
92086 83818 1
92086 86695 1
92086 86696 1
92086 87846 1
92086 89399 1
92086 92087 1
92086 93046 1
92086 94808 1
92086 94998 1
92086 97846 1
92086 123926 1
92086 124987 1
94808 52118 1
94808 83818 1
94808 86695 1
94808 86696 1
94808 87846 1
94808 89399 1
94808 92086 1
94808 94809 1
94808 94812 1
94808 94998 1
94808 124987 1
94998 52118 1
94998 83818 1
94998 86695 1
94998 86696 1
94998 87846 1
94998 89399 1
94998 92086 1
94998 94808 1
94998 124987 1
124988 80284 4
124988 124987 1
74353 74360 1
74353 78030 1
74353 94287 1
78030 74353 1
78030 74360 1
78030 94287 1
94287 74353 1
94287 74360 1
94287 78030 1
62392 76922 1
62392 121587 2
121587 62392 2
121587 76922 2
121587 127368 1
127368 51079 1
127368 76922 1
127368 81765 2
127368 121587 1
49323 65346 1
91473 65346 1
91473 91783 1
91473 93040 1
91473 97656 1
22046 32163 1
22046 43022 1
22046 43566 1
22046 47486 1
22046 48978 1
22046 53470 1
22046 54089 1
22046 61189 1
22046 65374 1
22046 77243 1
22046 82153 1
32163 22046 1
32163 43022 1
32163 43566 1
32163 47486 1
32163 48978 1
32163 53470 1
32163 54089 1
32163 61189 1
32163 65374 1
32163 77243 1
32163 82153 1
43022 22046 1
43022 32163 1
43022 43566 1
43022 47486 1
43022 48978 1
43022 53470 1
43022 54089 1
43022 61189 1
43022 65374 1
43022 77243 1
43022 82153 1
43566 22046 1
43566 32163 1
43566 43022 1
43566 47486 1
43566 48978 1
43566 53470 1
43566 54089 1
43566 61189 1
43566 65374 1
43566 77243 1
43566 82153 1
47486 22046 1
47486 32163 1
47486 43022 1
47486 43566 1
47486 48978 1
47486 53470 1
47486 54089 1
47486 61189 1
47486 65374 1
47486 77243 1
47486 82153 1
48978 22046 1
48978 32163 1
48978 43022 1
48978 43566 1
48978 47486 1
48978 53470 1
48978 54089 1
48978 61189 1
48978 65374 1
48978 77243 1
48978 82153 1
53470 22046 1
53470 32163 1
53470 43022 1
53470 43566 1
53470 47486 1
53470 48978 1
53470 54089 1
53470 61189 1
53470 65374 1
53470 77243 1
53470 82153 1
54089 22046 1
54089 32163 1
54089 43022 1
54089 43566 1
54089 47486 1
54089 48978 1
54089 53470 1
54089 61189 1
54089 65374 1
54089 77243 1
54089 82153 1
54089 105039 1
61189 22046 1
61189 32163 1
61189 43022 1
61189 43566 1
61189 47486 1
61189 48978 1
61189 53470 1
61189 54089 1
61189 65374 1
61189 77243 1
61189 82153 1
77243 22046 1
77243 32163 1
77243 43022 1
77243 43566 1
77243 47486 1
77243 48978 1
77243 53470 1
77243 54089 1
77243 61189 1
77243 65374 1
77243 82153 1
82153 22046 1
82153 32163 1
82153 43022 1
82153 43566 1
82153 47486 1
82153 48978 1
82153 53470 1
82153 54089 1
82153 61189 1
82153 65374 1
82153 77243 1
82153 82152 1
82153 82849 1
82153 96114 1
97303 61194 1
97303 68473 1
97303 71654 1
97303 77492 1
54905 32175 1
54905 76159 1
74872 74873 1
74872 76159 1
74872 76327 1
74872 81365 1
74872 90344 1
74873 74872 1
74873 76159 1
74873 76327 1
74873 81365 1
76327 74872 1
76327 74873 1
76327 76159 1
76327 76328 1
76327 76330 1
76327 81365 1
81365 61443 2
81365 74872 1
81365 74873 1
81365 75883 1
81365 76159 1
81365 76327 1
81365 80280 1
81365 80283 1
81365 81008 1
81365 81085 1
81365 81248 1
81365 81409 1
81365 81806 1
81365 85524 2
81365 85527 2
81365 86679 1
81365 87335 1
81365 96016 1
81365 99671 1
42490 52589 1
42490 58935 1
42490 61194 1
42490 64415 1
42490 68473 1
42490 68752 1
42490 77499 1
42490 124652 1
52589 42490 1
52589 58935 1
52589 61194 1
52589 64415 1
52589 68473 1
52589 68752 1
52589 77499 1
52589 124652 1
58935 42490 1
58935 52589 1
58935 61194 1
58935 64415 1
58935 68473 1
58935 68752 1
58935 77499 1
58935 124652 1
61194 42490 1
61194 52589 1
61194 58935 1
61194 64415 1
61194 68473 1
61194 68752 1
61194 77499 1
61194 97303 1
61194 124652 1
64415 42490 1
64415 52589 1
64415 58935 1
64415 61194 1
64415 68473 1
64415 68752 1
64415 77499 1
64415 124652 1
68473 42490 1
68473 46751 1
68473 52485 1
68473 52589 1
68473 57405 1
68473 58935 1
68473 61194 1
68473 63513 1
68473 64415 1
68473 68752 1
68473 73860 1
68473 76158 1
68473 77492 1
68473 77499 1
68473 97303 1
68473 124652 1
68752 42490 1
68752 52589 1
68752 58935 1
68752 61194 1
68752 64415 1
68752 68473 1
68752 77499 1
68752 124652 1
124652 42490 1
124652 52589 1
124652 58935 1
124652 61194 1
124652 64415 1
124652 68473 1
124652 68752 1
124652 77499 1
124652 108304 1
61443 72050 2
61443 75883 1
61443 81085 1
61443 81365 2
61443 81806 1
61443 85524 1
61443 85527 1
61443 86679 2
61443 87335 1
61443 91528 1
61443 96016 1
61443 99671 2
61443 125861 1
68746 39943 2
68746 73860 1
68746 77492 2
68746 81085 1
68746 81806 1
68746 82148 1
68746 121585 1
68746 123926 1
75883 61443 1
75883 68747 1
75883 80280 3
75883 80282 1
75883 80283 2
75883 81008 1
75883 81085 1
75883 81248 3
75883 81365 1
75883 81418 1
75883 81806 4
75883 85524 3
75883 85525 1
75883 85527 2
75883 86679 1
75883 87335 1
75883 96016 1
75883 99671 1
75883 120718 2
75883 121584 1
81083 77492 1
81083 80280 1
81083 81084 1
81083 81085 1
81083 81086 1
81083 82849 1
81083 82851 1
81084 72057 1
81084 80280 1
81084 81083 1
81084 81085 1
81084 81086 1
81084 82148 1
81084 82849 1
81084 82851 1
81084 83876 1
81084 83877 1
81084 84715 1
81084 99201 1
81084 108304 1
81086 80280 1
81086 81083 1
81086 81084 1
81086 81085 1
81086 82849 1
81086 82851 1
81806 61443 1
81806 68746 1
81806 75883 4
81806 80280 2
81806 80282 1
81806 81008 1
81806 81085 1
81806 81365 1
81806 85524 2
81806 85525 1
81806 85527 2
81806 86679 1
81806 87335 1
81806 96016 1
81806 99671 1
81806 121585 2
86679 61443 2
86679 75883 1
86679 81085 1
86679 81365 1
86679 81806 1
86679 85524 1
86679 85527 1
86679 87335 2
86679 96016 2
86679 99671 1
87335 61443 1
87335 75883 1
87335 81085 1
87335 81365 1
87335 81806 1
87335 85524 1
87335 85527 1
87335 86679 2
87335 96016 2
87335 99671 1
96016 61443 1
96016 75883 1
96016 81085 1
96016 81365 1
96016 81806 1
96016 85524 1
96016 85527 1
96016 86679 2
96016 87335 2
96016 99671 1
99671 61443 2
99671 75883 1
99671 81085 1
99671 81365 1
99671 81806 1
99671 85524 1
99671 85527 1
99671 86679 1
99671 87335 1
99671 96016 1
99671 98846 1
99671 125488 1
99671 125861 1
55857 34229 1
55857 81508 1
45755 53463 1
45755 73712 1
45755 82849 1
45755 82851 1
53463 45755 1
53463 73712 1
53463 82849 1
53463 82851 1
68747 75883 1
68747 80283 1
68747 81418 1
68747 82152 1
68747 82849 1
68747 120718 1
73712 45755 1
73712 53463 1
73712 81182 1
73712 82849 1
73712 82851 1
82152 68747 1
82152 82153 1
82152 82849 2
82152 96114 1
91783 82851 1
91783 83818 1
91783 86757 1
91783 86759 1
91783 86938 1
91783 86941 1
91783 86942 1
91783 89399 1
91783 91473 1
91783 93040 2
91783 97656 1
91783 101271 1
83265 83170 1
83265 123306 1
65376 81265 1
65376 84232 1
65376 92086 1
65376 123926 1
79109 84232 1
93107 84232 1
93107 93108 1
93107 93109 1
93107 127438 1
127438 84232 1
127438 93107 1
127438 93109 1
127438 96114 1
127438 97656 1
127438 97847 1
127438 101271 1
127438 123927 1
127438 127437 1
80282 75883 1
80282 76328 1
80282 79632 1
80282 80280 2
80282 80283 1
80282 80284 1
80282 80285 1
80282 81008 1
80282 81248 1
80282 81806 1
80282 81807 1
80282 85524 1
80282 85525 1
80282 85527 1
81008 75883 1
81008 80280 1
81008 80282 1
81008 81365 1
81008 81409 1
81008 81806 1
81008 85524 4
81008 85525 1
81008 85527 1
81409 81008 1
81409 81365 1
81409 85295 1
81409 85524 1
85295 81409 1
85295 85524 1
85295 85527 1
85295 127108 1
127108 85295 1
127108 85524 1
127108 85527 1
72050 61443 2
72050 85527 1
72050 91528 1
72050 125861 1
76328 76327 1
76328 76330 1
76328 80282 1
76328 81248 1
76328 85526 1
76328 85527 1
85526 76328 1
85526 85527 1
125861 61443 1
125861 72050 1
125861 85527 1
125861 99671 1
30562 68315 1
30562 88397 1
30562 94628 1
30562 96114 1
30562 96741 2
30562 101271 1
30562 101783 1
30562 104275 1
30562 105435 1
30562 112641 1
88397 30562 1
88397 94628 1
88397 96114 1
88397 96741 1
88397 101271 1
88397 101783 1
88397 105435 1
88397 112641 2
93109 93107 1
93109 93108 1
93109 96114 1
93109 97656 1
93109 97847 1
93109 101271 1
93109 123927 1
93109 126096 2
93109 127437 1
93109 127438 1
94628 30562 1
94628 88397 1
94628 96114 1
94628 96741 1
94628 101271 1
94628 101783 1
94628 102595 1
94628 105435 1
94628 112641 1
95708 96022 2
95708 96114 1
95708 97656 1
95708 97846 1
95708 97847 1
95708 98846 1
95708 101271 1
95708 108378 1
95708 125488 1
95708 126011 1
96022 95708 2
96022 96114 1
96022 97656 2
96022 97846 1
96022 97847 1
96022 98846 1
96022 101271 1
96022 108378 1
96022 125488 1
96022 126011 1
96741 30562 2
96741 68315 1
96741 88397 1
96741 94628 1
96741 96114 1
96741 101271 1
96741 101783 1
96741 104275 1
96741 105435 1
96741 112641 1
97656 91473 1
97656 91783 1
97656 93040 1
97656 93109 1
97656 95708 1
97656 96022 2
97656 96114 2
97656 97846 1
97656 97847 2
97656 98846 1
97656 101271 2
97656 108378 1
97656 123927 1
97656 125488 1
97656 127437 1
97656 127438 1
97846 92086 1
97846 92087 1
97846 95708 1
97846 96022 1
97846 96114 1
97846 97656 1
97846 97847 2
97846 98846 1
97846 101271 1
97846 108378 1
97846 125488 1
97847 93109 1
97847 95708 1
97847 96022 1
97847 96114 2
97847 97656 2
97847 97846 2
97847 98846 1
97847 101271 2
97847 108378 1
97847 123927 1
97847 125488 1
97847 127437 1
97847 127438 1
98846 95708 1
98846 96022 1
98846 96114 1
98846 97656 1
98846 97846 1
98846 97847 1
98846 99671 1
98846 101271 1
98846 108378 1
98846 125488 3
101271 30562 1
101271 86757 1
101271 86759 1
101271 86938 1
101271 86941 1
101271 86942 1
101271 88397 1
101271 89399 1
101271 91783 1
101271 93040 1
101271 93109 1
101271 94628 1
101271 95708 1
101271 96022 1
101271 96114 3
101271 96741 1
101271 97656 2
101271 97846 1
101271 97847 2
101271 98846 1
101271 101783 1
101271 105435 1
101271 108378 1
101271 112641 1
101271 123927 1
101271 125488 1
101271 127437 1
101271 127438 1
101783 30562 1
101783 74173 1
101783 88397 1
101783 94628 1
101783 96114 1
101783 96741 1
101783 101271 1
101783 105435 1
101783 112641 1
105435 30562 1
105435 88397 1
105435 94628 1
105435 96114 1
105435 96741 1
105435 101271 1
105435 101783 1
105435 112641 1
108378 95708 1
108378 96022 1
108378 96114 1
108378 97656 1
108378 97846 1
108378 97847 1
108378 98846 1
108378 101271 1
108378 125488 1
112641 30562 1
112641 88397 2
112641 94628 1
112641 96114 1
112641 96741 1
112641 101271 1
112641 101783 1
112641 105435 1
123927 53460 1
123927 93109 1
123927 96114 1
123927 97656 1
123927 97847 1
123927 101271 1
123927 127437 1
123927 127438 1
125488 95708 1
125488 96022 1
125488 96114 1
125488 97656 1
125488 97846 1
125488 97847 1
125488 98846 3
125488 99671 1
125488 101271 1
125488 108378 1
127437 93109 1
127437 96114 1
127437 97656 1
127437 97847 1
127437 101271 1
127437 123927 1
127437 127438 1
62234 45664 1
62234 121584 1
73867 51079 1
73867 52118 1
73867 73860 1
73867 73861 1
73867 73863 1
81765 51079 1
81765 127368 2
47465 52168 1
47465 60481 1
47465 60653 1
47465 63812 1
47465 122534 1
60481 47465 1
60481 52168 1
60481 60653 1
60481 63812 1
60481 122534 2
60653 47465 1
60653 52168 1
60653 60481 1
60653 63812 1
60653 122534 1
63812 47465 1
63812 52168 1
63812 60481 1
63812 60653 1
63812 122534 1
86715 52168 1
122534 47465 1
122534 52168 1
122534 60481 2
122534 60653 1
122534 63812 1
38552 61651 1
81693 61651 1
32554 67142 1
32554 90344 1
67143 67142 1
90344 32554 1
90344 67142 1
90344 74872 1
58571 70668 1
74173 71994 1
74173 101783 1
46751 52485 1
46751 57405 1
46751 63513 1
46751 68473 1
46751 73860 1
46751 76158 1
52485 46751 1
52485 57405 1
52485 63513 1
52485 68473 1
52485 73860 1
52485 76158 1
57405 46751 1
57405 52485 1
57405 63513 1
57405 68473 1
57405 73860 1
57405 76158 1
63513 46751 1
63513 52485 1
63513 57405 1
63513 68473 1
63513 73860 1
63513 73861 2
63513 76158 1
73861 63513 2
73861 73860 1
73861 73863 1
73861 73867 1
73861 81183 1
75762 73860 1
75762 75884 1
75762 77782 1
77492 26624 1
77492 61990 1
77492 68473 1
77492 68746 2
77492 68813 1
77492 73860 2
77492 76158 1
77492 81083 1
77492 82148 1
77492 97303 1
77492 103896 1
77782 73860 1
77782 75762 1
79694 73860 1
79694 80280 1
79694 80285 1
79694 80865 1
79694 126036 1
80285 73860 1
80285 79694 1
80285 80280 2
80285 80282 1
80285 80283 1
80285 80284 1
80285 80865 2
80285 81807 1
80285 126036 1
80865 73860 1
80865 75884 2
80865 79694 1
80865 80280 1
80865 80285 2
80865 81807 1
80865 126036 1
126036 73860 1
126036 79694 1
126036 80280 1
126036 80285 1
126036 80865 1
77647 73863 1
26624 61990 1
26624 68813 1
26624 76158 1
26624 77492 1
61990 26624 1
61990 68813 1
61990 76158 1
61990 77492 1
68813 26624 1
68813 61990 1
68813 68807 1
68813 70364 2
68813 76158 1
68813 77492 1
99074 52118 1
99074 76158 1
79632 80280 2
79632 80282 1
79632 80283 1
81248 75883 3
81248 76328 1
81248 80280 2
81248 80282 1
81248 80283 2
81248 81365 1
81248 120718 1
81418 68747 1
81418 75883 1
81418 80283 1
81418 120718 1
81807 75884 1
81807 80280 1
81807 80282 1
81807 80283 1
81807 80284 1
81807 80285 1
81807 80865 1
120718 68747 1
120718 75883 2
120718 80280 1
120718 80283 1
120718 81248 1
120718 81418 1
20058 48114 1
20058 81183 1
20058 101702 1
20058 110270 1
20058 126832 1
30626 60459 1
30626 81183 1
60459 30626 1
60459 81183 1
74160 81183 1
79384 81181 1
79384 81182 1
79384 81183 1
79384 92821 1
81181 79384 1
81181 81182 1
81181 81183 1
81181 92821 1
81182 73712 1
81182 79384 1
81182 81181 1
81182 81183 1
81182 92821 1
92821 79384 1
92821 81181 1
92821 81182 1
92821 81183 1
101702 20058 1
101702 81183 1
101702 110270 1
101702 126832 1
110270 20058 1
110270 81183 1
110270 101702 1
110270 126832 1
126832 20058 1
126832 81183 1
126832 101702 1
126832 110270 1
72057 81084 1
72057 82148 1
72057 83876 1
72057 83877 1
72057 84715 1
72057 99201 1
72057 108304 1
83876 72057 1
83876 81084 1
83876 82148 1
83876 83877 1
83876 84715 1
83876 99201 1
83876 108304 1
83877 72057 1
83877 81084 1
83877 82148 1
83877 83876 1
83877 84715 1
83877 99201 1
83877 108304 1
99201 72057 1
99201 81084 1
99201 82148 1
99201 83876 1
99201 83877 1
99201 84715 1
99201 108304 1
108304 72057 1
108304 81084 1
108304 82148 1
108304 83876 1
108304 83877 1
108304 84715 1
108304 99201 1
108304 124652 1
76156 83816 1
76156 85564 1
76156 85565 1
85564 76156 1
85564 83816 1
85564 85565 1
85565 76156 1
85565 83816 1
85565 85564 1
80854 83817 1
80854 84188 1
80854 84189 1
80854 88357 1
80854 89280 1
80854 91784 1
80854 92467 1
80854 115555 1
80854 115986 1
84188 80854 1
84188 83817 1
84188 84189 1
84188 88357 1
84188 89280 1
84188 91784 1
84188 92467 1
84188 115555 1
84188 115986 1
84189 80854 1
84189 83817 1
84189 84188 1
84189 88357 1
84189 89280 1
84189 91784 1
84189 92467 1
84189 115555 1
84189 115986 1
88357 80854 1
88357 83817 1
88357 84188 1
88357 84189 1
88357 89280 1
88357 91784 1
88357 92467 1
88357 115555 1
88357 115986 1
89280 80854 1
89280 83817 1
89280 84188 1
89280 84189 1
89280 88357 1
89280 91784 1
89280 92467 1
89280 101690 1
89280 115555 1
89280 115986 1
91784 80854 1
91784 83817 1
91784 84188 1
91784 84189 1
91784 88357 1
91784 89280 1
91784 92467 1
91784 115555 1
91784 115986 1
92467 80854 1
92467 83817 1
92467 84188 1
92467 84189 1
92467 88357 1
92467 89280 1
92467 91784 1
92467 115555 1
92467 115986 1
115555 80854 1
115555 83817 1
115555 84188 1
115555 84189 1
115555 88357 1
115555 89280 1
115555 91784 1
115555 92467 1
115555 115986 1
115986 80854 1
115986 83817 1
115986 84188 1
115986 84189 1
115986 88357 1
115986 89280 1
115986 91784 1
115986 92467 1
115986 115555 1
81454 83818 1
86938 83818 1
86938 86757 1
86938 86759 1
86938 86941 1
86938 86942 1
86938 89399 1
86938 91783 1
86938 93040 1
86938 101271 1
45143 73102 1
45143 83820 1
57887 78100 1
57887 82060 1
57887 83820 1
57887 102699 1
73102 45143 1
73102 83820 1
73102 112863 1
78100 57887 1
78100 82060 1
78100 83820 1
78100 102699 1
82060 57887 1
82060 78100 1
82060 83820 1
82060 102699 1
102699 57887 1
102699 78100 1
102699 82060 1
102699 83820 1
82406 62297 1
82406 84715 1
82406 123306 1
123306 82406 1
123306 83265 1
123306 84715 1
84778 84777 1
42704 84905 1
42704 88273 1
58081 88273 1
60962 53296 1
60962 88273 1
80451 88273 1
84905 42704 1
84905 88273 1
84954 79665 1
84954 88273 1
39923 71099 1
39923 71329 1
39923 76029 1
39923 95107 1
41100 48376 1
41100 62215 1
41100 63195 1
41100 95107 1
48376 41100 1
48376 62215 1
48376 63195 1
48376 95107 1
62215 41100 1
62215 48376 1
62215 63195 1
62215 95107 1
63195 41100 1
63195 48376 1
63195 62215 1
63195 95107 1
71099 39923 1
71099 71329 1
71099 76029 1
71099 95107 1
71329 39923 1
71329 71099 1
71329 76029 1
71329 95107 1
76029 39923 1
76029 71099 1
76029 71329 1
76029 95107 1
88826 95107 1
88826 96081 1
96081 88826 1
96081 94048 1
96081 95107 2
66686 104275 1
68315 30562 1
68315 96741 1
68315 104275 1
81265 65376 1
81265 92086 1
81265 123926 1
90986 89448 1
90986 123926 1
41722 48165 1
41722 59390 1
41722 79795 1
48165 41722 1
48165 59390 1
48165 79795 1
54100 59390 1
54100 78707 1
72320 59390 1
78707 54100 1
78707 59390 1
79795 41722 1
79795 48165 1
79795 59390 1
87830 59390 1
70896 75884 1
70896 80284 1
75884 70896 1
75884 75762 1
75884 80284 1
75884 80865 2
75884 81807 1
91930 86696 1
79291 87846 1
87845 87846 1
63370 89399 1
73120 79665 1
73120 81684 1
73120 89399 1
73120 93040 1
79665 73120 1
79665 81684 1
79665 84954 1
79665 89399 1
79665 93040 1
81684 73120 1
81684 79665 1
81684 89399 1
81684 93040 1
86757 84147 1
86757 86759 5
86757 86938 1
86757 86941 1
86757 86942 1
86757 89399 1
86757 91783 1
86757 93040 1
86757 101271 1
86759 84147 1
86759 86757 5
86759 86938 1
86759 86941 1
86759 86942 1
86759 89399 2
86759 91783 1
86759 93040 2
86759 101271 1
86941 86757 1
86941 86759 1
86941 86938 1
86941 86942 1
86941 89399 1
86941 91783 1
86941 93040 1
86941 101271 1
86942 75951 1
86942 86757 1
86942 86759 1
86942 86938 1
86942 86941 1
86942 89399 1
86942 91783 1
86942 93040 1
86942 101271 1
93040 73120 1
93040 79665 1
93040 81684 1
93040 86757 1
93040 86759 2
93040 86938 1
93040 86941 1
93040 86942 1
93040 89399 3
93040 91473 1
93040 91783 2
93040 94665 1
93040 97656 1
93040 101271 1
101690 89280 1
101690 89399 1
76020 92086 1
92087 92086 1
92087 97846 1
93046 92086 1
94809 94808 1
94809 94812 1
94812 94808 1
94812 94809 1
84147 86757 1
84147 86759 1
75951 86942 1
94665 93040 1
89448 90986 1
94048 96081 1
53296 60962 1
62297 82406 1
112863 73102 1
103896 77492 1
48114 20058 1
68807 68813 1
68807 70364 1
70364 68807 1
70364 68813 2
45664 62234 1
93108 93107 1
93108 93109 1
126096 93109 2
102595 94628 1
126011 95708 1
126011 96022 1
53460 123927 1
91528 61443 1
91528 72050 1
76330 76327 1
76330 76328 1
34229 55857 1
32175 54905 1
105039 54089 1
