2927 744 1
744 741 1
744 742 1
744 743 1
744 2927 1
741 742 1
741 743 1
741 744 1
742 361 1
742 557 1
742 741 1
742 743 1
742 744 1
742 1053 1
742 1054 1
743 741 1
743 742 1
743 744 1
743 2578 1
743 2757 1
743 5190 1
743 7001 1
743 7114 1
743 10185 1
743 10915 1
743 13169 1
743 13270 1
743 14227 1
743 17398 1
361 557 1
361 742 1
361 1053 1
361 1054 1
557 361 1
557 742 1
557 1053 1
557 1054 1
1053 361 1
1053 557 1
1053 742 1
1053 1054 1
1054 361 1
1054 557 1
1054 742 1
1054 1053 1
2578 426 1
2578 743 1
2578 3489 1
2578 4767 1
2578 4908 1
2578 7923 1
2578 7924 1
2578 12612 1
2578 12746 1
2578 14347 1
2578 15598 1
2578 18512 1
2578 21114 1
2578 22115 1
2757 743 1
2757 5190 1
2757 7001 1
2757 7114 1
2757 19997 1
5190 743 1
5190 912 1
5190 2757 1
5190 6968 1
5190 7001 1
5190 7114 1
5190 9432 1
5190 12020 1
5190 13217 1
7001 743 1
7001 859 1
7001 2757 1
7001 3293 1
7001 5190 1
7001 5863 1
7001 6683 1
7001 7000 1
7001 7002 1
7001 7003 1
7001 7114 1
7001 7186 1
7001 8072 1
7001 9447 1
7001 11837 1
7001 11842 1
7001 11843 1
7001 12693 1
7001 13493 1
7001 13885 1
7001 14193 1
7001 15103 1
7001 125752 1
7114 743 1
7114 2757 1
7114 5190 1
7114 7001 1
10185 743 1
10185 6607 1
10185 6646 1
10185 7493 1
10185 14227 1
10185 17398 1
10915 743 1
10915 2675 1
10915 6636 1
10915 7243 1
10915 10238 1
10915 10912 1
10915 13035 1
10915 13981 1
10915 15291 1
10915 126189 1
13169 743 1
13270 743 1
13270 7132 1
13270 10396 1
13270 13543 1
14227 743 1
14227 4238 1
14227 10185 1
14227 12020 1
14227 12027 1
14227 12028 1
14227 17398 1
17398 743 1
17398 10185 1
17398 14227 1
17398 23861 1
17398 32378 1
426 174 1
426 594 1
426 2578 1
426 3489 1
426 4908 1
3489 426 1
3489 2578 1
3489 4908 1
4767 2578 1
4767 7088 1
4767 7369 1
4767 7923 1
4767 7924 1
4767 12597 1
4767 12612 1
4767 14347 1
4767 15598 1
4767 16603 1
4767 18512 1
4767 21114 1
4767 22115 2
4767 22563 1
4767 22666 1
4767 23883 1
4767 26565 1
4908 426 1
4908 2578 1
4908 3489 1
4908 4311 1
4908 11094 1
4908 13475 1
7923 2578 1
7923 4767 1
7923 7924 1
7923 12612 1
7923 14347 1
7923 15598 1
7923 18512 1
7923 21114 1
7923 22115 1
7924 2578 1
7924 4767 1
7924 7923 1
7924 12612 1
7924 14347 1
7924 15598 1
7924 18512 2
7924 21114 1
7924 22115 1
12612 2578 1
12612 4767 1
12612 5989 1
12612 7923 1
12612 7924 1
12612 9454 1
12612 9831 1
12612 10232 1
12612 14192 1
12612 14347 1
12612 15598 1
12612 18512 1
12612 21114 1
12612 22115 1
12746 2578 1
12746 3877 1
12746 4384 1
12746 6038 1
12746 10959 1
12746 15598 1
12746 16753 1
14347 2578 1
14347 4767 1
14347 7923 1
14347 7924 1
14347 9618 1
14347 9622 1
14347 12428 1
14347 12612 1
14347 14346 1
14347 15598 1
14347 18512 1
14347 21114 1
14347 22115 1
15598 2578 1
15598 3877 1
15598 4767 1
15598 6038 1
15598 7923 1
15598 7924 1
15598 10959 1
15598 11094 1
15598 12612 1
15598 12746 1
15598 14347 1
15598 16753 1
15598 18512 1
15598 21114 1
15598 22115 1
18512 2578 1
18512 4767 1
18512 7923 1
18512 7924 2
18512 12612 1
18512 14347 1
18512 15598 1
18512 21114 1
18512 22115 1
21114 2578 1
21114 4767 1
21114 7923 1
21114 7924 1
21114 12612 1
21114 14347 1
21114 15598 1
21114 18512 1
21114 22115 1
22115 2578 1
22115 4767 2
22115 7923 1
22115 7924 1
22115 12612 1
22115 14347 1
22115 15598 1
22115 18512 1
22115 21114 1
22115 23883 1
19997 1225 1
19997 2757 1
912 5190 1
912 6116 1
912 6968 1
912 8459 1
912 9432 1
912 11087 1
912 12020 1
912 12311 1
912 13217 1
912 19618 1
912 125750 1
6968 912 1
6968 5190 1
6968 9432 1
6968 12020 1
6968 13217 1
9432 912 1
9432 5190 1
9432 6968 1
9432 12020 1
9432 13217 1
12020 912 1
12020 1422 1
12020 2989 1
12020 3603 1
12020 4026 1
12020 4238 1
12020 4561 1
12020 5190 1
12020 5511 1
12020 5781 1
12020 6891 1
12020 6968 1
12020 7131 1
12020 8832 1
12020 9432 1
12020 12019 1
12020 12027 1
12020 12028 1
12020 12095 1
12020 12344 1
12020 13217 1
12020 14227 1
12020 15446 1
12020 15927 1
12020 16369 1
12020 27679 1
13217 912 1
13217 2929 1
13217 5190 1
13217 6968 1
13217 9432 1
13217 12020 1
13217 13205 1
13217 13216 1
859 7001 1
859 8072 1
859 18691 1
859 125752 1
3293 5863 1
3293 6683 1
3293 7001 1
3293 9447 1
3293 11837 1
3293 11842 1
3293 11843 1
3293 13493 1
5863 3293 1
5863 6683 2
5863 7001 1
5863 9447 1
5863 11837 1
5863 11842 1
5863 11843 1
5863 11850 1
5863 13493 1
6683 3293 1
6683 4020 1
6683 5860 3
6683 5861 1
6683 5863 2
6683 6681 3
6683 6684 2
6683 7001 1
6683 9447 1
6683 11837 1
6683 11842 2
6683 11843 1
6683 11850 1
6683 13493 1
7000 7001 1
7000 7002 1
7000 7003 1
7000 7186 1
7000 13885 1
7000 14193 1
7002 7000 1
7002 7001 1
7002 7003 1
7002 7186 1
7002 9002 1
7002 13885 1
7002 14193 1
7003 7000 1
7003 7001 1
7003 7002 1
7003 7186 1
7003 13885 1
7003 14193 1
7186 7000 1
7186 7001 1
7186 7002 1
7186 7003 1
7186 13885 1
7186 14193 1
8072 841 1
8072 857 1
8072 859 1
8072 4020 1
8072 4023 1
8072 7001 1
8072 8815 1
8072 14631 1
8072 16440 1
8072 20148 1
8072 20913 1
9447 3293 1
9447 4311 1
9447 5863 1
9447 6683 1
9447 7001 1
9447 11837 1
9447 11842 1
9447 11843 1
9447 13493 1
11837 3293 1
11837 3314 1
11837 5863 1
11837 6683 1
11837 7001 1
11837 9447 1
11837 11842 2
11837 11843 1
11837 11844 1
11837 11846 1
11837 11847 1
11837 11848 1
11837 13493 1
11842 3061 1
11842 3293 1
11842 3314 1
11842 4020 1
11842 5860 1
11842 5861 2
11842 5863 1
11842 5872 1
11842 6681 2
11842 6683 2
11842 6684 1
11842 7001 1
11842 9447 1
11842 11837 2
11842 11843 2
11842 11844 1
11842 11846 1
11842 11847 1
11842 11848 1
11842 11850 1
11842 13493 2
11842 15977 1
11843 3293 1
11843 5328 1
11843 5863 1
11843 6683 1
11843 7001 1
11843 9447 1
11843 11837 1
11843 11842 2
11843 13493 2
12693 7001 1
12693 7146 1
12693 7335 1
12693 13563 1
12693 15103 1
12693 16734 1
13493 3061 1
13493 3293 1
13493 4047 1
13493 4118 1
13493 5861 1
13493 5863 1
13493 5872 1
13493 6681 1
13493 6683 1
13493 6684 1
13493 7001 1
13493 9447 1
13493 11837 1
13493 11842 2
13493 11843 2
13493 11850 1
13493 13492 1
13493 15977 1
13885 2732 1
13885 7000 1
13885 7001 1
13885 7002 1
13885 7003 1
13885 7186 1
13885 7433 1
13885 7485 1
13885 11036 1
13885 14193 1
13885 14710 1
13885 15329 1
13885 16665 1
13885 18291 1
13885 21569 1
14193 7000 1
14193 7001 1
14193 7002 1
14193 7003 1
14193 7186 1
14193 13885 1
14193 14181 1
14193 18071 1
15103 2707 1
15103 3518 1
15103 3519 1
15103 3520 1
15103 3521 1
15103 4384 1
15103 7001 1
15103 7347 1
15103 8396 1
15103 8398 1
15103 8554 1
15103 12693 1
15103 13476 1
15103 15105 1
125752 859 1
125752 7001 1
125752 14265 1
125752 15835 1
125752 18691 4
6607 6605 1
6607 6646 1
6607 10185 1
6607 124251 1
6646 1089 1
6646 6607 1
6646 6718 1
6646 6719 1
6646 6720 1
6646 6721 1
6646 10185 1
6646 12350 1
6646 12351 1
6646 12656 1
7493 10185 1
2675 467 1
2675 468 2
2675 1453 1
2675 1454 1
2675 1455 1
2675 1456 1
2675 1457 1
2675 1537 1
2675 1699 1
2675 2244 1
2675 3107 1
2675 3303 1
2675 6635 1
2675 6636 1
2675 9992 1
2675 10915 1
2675 11444 2
6636 2675 1
6636 10915 1
7243 10915 1
10238 7080 1
10238 10251 1
10238 10912 1
10238 10915 1
10238 12290 1
10238 12586 2
10238 12740 2
10238 12741 2
10238 12742 2
10238 12743 2
10238 12744 2
10238 13035 2
10238 13842 1
10238 17078 1
10238 18629 2
10238 19752 1
10238 23552 1
10238 23554 1
10238 23555 1
10238 23556 1
10238 23557 1
10238 23558 2
10238 23559 2
10238 23669 1
10238 24389 1
10238 25396 1
10912 10238 1
10912 10915 1
10912 13035 1
13035 10238 2
13035 10912 1
13035 10915 1
13981 7125 1
13981 7890 1
13981 8168 1
13981 8169 1
13981 10915 1
13981 15291 1
13981 126189 1
15291 2934 1
15291 10915 1
15291 13981 1
15291 15290 1
15291 15292 1
15291 15293 1
15291 15295 1
15291 15296 1
15291 126189 1
126189 10915 1
126189 13981 1
126189 15291 1
126189 15630 1
7132 10396 1
7132 13270 1
7132 13543 1
10396 1222 1
10396 1225 1
10396 6441 1
10396 7132 1
10396 8368 1
10396 9439 1
10396 10573 1
10396 13270 1
10396 13543 1
10396 23444 1
10396 27596 1
13543 2246 1
13543 2248 1
13543 6627 1
13543 7132 1
13543 7140 1
13543 7414 1
13543 10396 1
13543 12411 1
13543 13270 1
13543 13563 1
13543 15105 1
13543 17496 1
23861 17398 1
23861 32378 1
32378 17398 1
32378 23861 1
174 426 1
174 594 1
594 174 1
594 426 1
7088 4767 1
7088 7080 1
7088 7369 1
7088 12597 1
7088 16603 1
7088 22563 1
7088 22666 1
7088 26565 1
7369 4767 1
7369 7088 1
7369 12597 1
7369 16603 1
7369 22563 1
7369 22666 1
7369 26565 1
12597 4767 1
12597 7088 1
12597 7369 1
12597 16603 1
12597 22563 1
12597 22666 1
12597 26565 1
16603 4767 1
16603 7088 1
16603 7369 1
16603 12597 1
16603 22563 1
16603 22666 1
16603 26565 1
22563 4767 1
22563 7088 1
22563 7369 1
22563 12597 1
22563 16603 1
22563 22559 1
22563 22666 1
22563 26565 1
22666 4767 1
22666 7088 1
22666 7369 1
22666 12597 1
22666 16603 1
22666 22563 1
22666 26565 1
23883 4767 1
23883 22115 1
26565 4767 1
26565 7088 1
26565 7369 1
26565 12597 1
26565 16603 1
26565 22563 1
26565 22666 1
4311 4908 1
4311 9447 1
4311 11094 1
4311 13475 1
11094 4311 1
11094 4908 1
11094 13475 1
11094 15598 1
13475 4311 1
13475 4908 1
13475 11094 1
5989 9454 1
5989 10232 1
5989 12612 1
5989 14192 1
9454 5989 1
9454 10232 1
9454 12612 1
9454 14192 1
9831 12612 1
10232 5989 1
10232 9454 1
10232 12612 1
10232 14192 1
14192 5989 1
14192 9454 1
14192 10232 1
14192 12612 1
3877 6038 1
3877 10959 1
3877 12746 1
3877 15598 1
3877 16753 1
4384 2707 1
4384 3518 1
4384 3519 1
4384 3520 1
4384 3521 1
4384 7347 1
4384 8396 1
4384 8398 1
4384 8554 1
4384 12746 1
4384 15103 1
6038 3877 1
6038 10274 1
6038 10959 1
6038 12746 1
6038 15598 1
6038 16753 1
10959 3877 1
10959 6038 1
10959 7414 1
10959 12746 1
10959 15598 1
10959 16753 1
16753 3877 1
16753 6038 1
16753 10959 1
16753 12027 1
16753 12746 1
16753 15598 1
9618 9622 1
9618 12428 1
9618 14346 1
9618 14347 1
9622 9618 1
9622 12428 1
9622 14346 1
9622 14347 1
12428 9618 1
12428 9622 1
12428 14346 1
12428 14347 1
14346 9618 1
14346 9622 1
14346 12428 1
14346 14347 1
6116 912 1
6116 12311 1
8459 912 1
8459 11087 1
8459 19618 1
8459 125750 1
11087 912 1
11087 8459 1
11087 19618 1
11087 125750 1
12311 912 1
12311 6116 1
19618 912 1
19618 8459 1
19618 11087 1
19618 125750 1
125750 912 1
125750 8459 1
125750 11087 1
125750 19618 1
1422 2989 1
1422 3603 1
1422 4561 1
1422 5511 1
1422 7131 1
1422 12020 1
1422 15446 1
1422 15927 1
2989 1422 1
2989 3603 1
2989 4561 1
2989 5511 1
2989 7131 2
2989 12020 1
2989 15446 1
2989 15927 1
3603 1422 1
3603 2989 1
3603 4561 1
3603 5511 1
3603 7131 1
3603 12020 1
3603 15446 1
3603 15927 1
4026 2571 1
4026 5781 1
4026 6891 1
4026 8832 1
4026 12019 1
4026 12020 1
4026 12095 1
4026 12344 1
4026 16369 1
4026 27679 1
4238 12020 1
4238 12027 1
4238 12028 1
4238 14227 1
4561 1422 1
4561 2989 1
4561 3603 1
4561 5511 1
4561 7131 1
4561 12020 1
4561 15446 1
4561 15927 1
5511 1422 1
5511 2989 1
5511 3603 1
5511 4561 1
5511 5129 1
5511 5672 1
5511 7131 1
5511 12020 1
5511 15446 1
5511 15927 1
5781 4026 1
5781 6891 1
5781 8832 1
5781 12019 1
5781 12020 1
5781 12095 1
5781 12344 1
5781 16369 1
5781 27679 1
6891 4026 1
6891 5781 1
6891 8832 1
6891 12019 1
6891 12020 1
6891 12095 1
6891 12344 1
6891 16369 1
6891 27679 1
7131 1422 1
7131 2989 2
7131 3603 1
7131 4561 1
7131 5511 1
7131 12020 1
7131 15446 1
7131 15927 1
8832 4026 1
8832 5781 1
8832 6891 1
8832 12019 1
8832 12020 1
8832 12095 1
8832 12344 1
8832 16369 1
8832 27679 1
12019 4026 1
12019 5781 1
12019 6891 1
12019 8832 1
12019 12020 1
12019 12095 1
12019 12344 1
12019 16369 1
12019 27679 1
12027 1058 1
12027 3369 1
12027 3774 1
12027 4238 1
12027 12020 1
12027 12028 1
12027 14227 1
12027 16753 1
12028 4238 1
12028 12020 1
12028 12027 1
12028 14227 1
12095 4026 1
12095 5781 1
12095 6891 1
12095 8832 1
12095 12019 1
12095 12020 1
12095 12344 1
12095 16369 1
12095 27679 1
12344 4026 1
12344 5781 1
12344 6891 1
12344 8832 1
12344 12019 1
12344 12020 1
12344 12095 1
12344 16369 1
12344 27679 1
15446 1422 1
15446 2989 1
15446 3603 1
15446 4561 1
15446 5511 1
15446 7131 1
15446 12020 1
15446 12435 1
15446 14272 1
15446 15927 1
15446 17718 1
15927 1422 1
15927 2989 1
15927 3603 1
15927 4561 1
15927 5511 1
15927 7131 1
15927 12020 1
15927 15446 1
16369 4026 1
16369 5781 1
16369 6891 1
16369 8832 1
16369 12019 1
16369 12020 1
16369 12095 1
16369 12344 1
16369 27679 1
27679 4026 1
27679 5781 1
27679 6891 1
27679 8832 1
27679 12019 1
27679 12020 1
27679 12095 1
27679 12344 1
27679 16369 1
2929 4118 1
2929 13217 1
13205 13216 1
13205 13217 1
13216 13205 1
13216 13217 1
11850 3061 1
11850 5861 1
11850 5863 1
11850 5872 1
11850 6681 1
11850 6683 1
11850 6684 1
11850 11842 1
11850 13493 1
11850 15977 1
9002 7002 1
841 857 1
841 8072 1
857 841 1
857 8072 1
4020 4023 1
4020 5860 2
4020 5861 1
4020 6681 2
4020 6683 1
4020 8072 1
4020 8815 1
4020 11842 1
4020 14631 1
4020 16440 1
4020 20148 1
4020 20913 1
4023 4020 1
4023 8072 1
4023 8815 1
4023 14631 2
4023 16440 1
4023 20148 1
4023 20913 1
8815 4020 1
8815 4023 1
8815 8072 1
8815 13139 1
8815 13471 1
8815 14631 1
8815 16440 1
8815 20148 1
8815 20365 1
8815 20913 1
8815 20964 1
14631 4020 1
14631 4023 2
14631 8072 1
14631 8815 1
14631 16440 1
14631 20148 1
14631 20913 1
16440 4020 1
16440 4023 1
16440 8072 1
16440 8815 1
16440 14631 1
16440 20148 1
16440 20913 1
20148 4020 1
20148 4023 1
20148 8072 1
20148 8815 1
20148 14631 1
20148 16440 1
20148 20913 1
20913 4020 1
20913 4023 1
20913 8072 1
20913 8815 1
20913 14631 1
20913 16440 1
20913 20148 1
3314 11837 1
3314 11842 1
3314 11844 1
3314 11846 1
3314 11847 1
3314 11848 1
11844 3314 1
11844 11837 1
11844 11842 1
11844 11846 1
11844 11847 1
11844 11848 1
11846 3314 1
11846 11837 1
11846 11842 1
11846 11844 1
11846 11847 1
11846 11848 1
11847 3314 1
11847 11837 1
11847 11842 1
11847 11844 1
11847 11846 1
11847 11848 1
11848 3314 1
11848 11837 1
11848 11842 1
11848 11844 1
11848 11846 1
11848 11847 1
3061 3063 2
3061 3559 2
3061 5328 1
3061 5861 1
3061 5872 3
3061 6681 1
3061 6684 1
3061 11842 1
3061 11850 1
3061 13493 1
3061 15977 1
5860 4020 2
5860 5861 2
5860 5872 1
5860 6681 4
5860 6683 3
5860 6684 2
5860 11842 1
5861 3061 1
5861 4020 1
5861 5860 2
5861 5872 2
5861 6681 3
5861 6683 1
5861 6684 1
5861 11842 2
5861 11850 1
5861 13493 1
5861 15977 1
5872 3061 3
5872 3559 2
5872 5860 1
5872 5861 2
5872 6681 1
5872 6684 1
5872 11842 1
5872 11850 1
5872 13493 1
5872 15977 1
6681 1909 1
6681 3061 1
6681 4020 2
6681 5860 4
6681 5861 3
6681 5872 1
6681 6683 3
6681 6684 3
6681 11842 2
6681 11850 1
6681 13493 1
6681 15977 1
6684 3061 1
6684 5860 2
6684 5861 1
6684 5872 1
6684 6681 3
6684 6683 2
6684 11842 1
6684 11850 1
6684 13493 1
6684 15977 1
15977 3061 1
15977 5861 1
15977 5872 1
15977 6681 1
15977 6684 1
15977 11842 1
15977 11850 1
15977 13493 1
5328 3061 1
5328 11843 1
7146 7335 1
7146 12693 1
7146 13563 1
7146 16734 1
7335 7146 1
7335 12693 1
7335 13563 1
7335 16734 1
13563 6627 1
13563 7146 1
13563 7335 1
13563 12411 1
13563 12693 1
13563 13543 1
13563 15105 1
13563 16734 1
16734 7146 1
16734 7335 1
16734 12693 1
16734 13563 1
4047 4118 1
4047 13492 1
4047 13493 1
4118 2929 1
4118 4047 1
4118 13492 1
4118 13493 1
13492 4047 1
13492 4118 1
13492 13493 1
2732 7433 1
2732 7485 1
2732 11036 1
2732 13885 1
2732 14710 1
2732 15329 1
2732 16665 1
2732 18291 1
2732 21569 1
7433 2732 1
7433 7485 1
7433 11036 1
7433 13885 1
7433 14710 1
7433 15329 1
7433 16665 1
7433 18291 1
7433 21569 1
7485 2732 1
7485 7433 1
7485 11036 1
7485 13885 1
7485 14710 1
7485 15329 1
7485 16665 1
7485 18291 1
7485 21569 1
11036 2732 1
11036 7433 1
11036 7485 1
11036 13885 1
11036 14710 1
11036 15329 1
11036 16665 1
11036 18291 1
11036 21569 1
14710 2732 1
14710 7433 1
14710 7485 1
14710 11036 1
14710 13885 1
14710 15329 1
14710 16665 1
14710 18291 1
14710 21569 1
15329 2732 1
15329 7433 1
15329 7485 1
15329 11036 1
15329 13885 1
15329 14710 1
15329 16665 1
15329 18291 1
15329 21569 1
16665 2732 1
16665 7433 1
16665 7485 1
16665 11036 1
16665 13885 1
16665 14710 1
16665 15329 1
16665 18291 1
16665 21569 1
18291 2732 1
18291 7433 1
18291 7485 1
18291 11036 1
18291 13885 1
18291 14710 1
18291 15329 1
18291 16665 1
18291 21569 1
21569 2732 1
21569 7433 1
21569 7485 1
21569 11036 1
21569 13885 1
21569 14710 1
21569 15329 1
21569 16665 1
21569 18291 1
14181 14193 1
14181 18071 1
18071 14181 1
18071 14193 1
2707 3518 1
2707 3519 1
2707 3520 1
2707 3521 1
2707 4384 1
2707 8396 1
2707 8398 1
2707 8554 1
2707 15103 1
3518 2707 1
3518 3519 1
3518 3520 1
3518 3521 1
3518 4384 1
3518 8396 1
3518 8398 1
3518 8554 1
3518 15103 1
3519 2707 1
3519 3518 1
3519 3520 1
3519 3521 1
3519 4384 1
3519 8396 1
3519 8398 1
3519 8554 1
3519 15103 1
3520 2707 1
3520 3518 1
3520 3519 1
3520 3521 1
3520 4384 1
3520 8396 1
3520 8398 1
3520 8554 1
3520 15103 1
3521 2707 1
3521 3518 1
3521 3519 1
3521 3520 1
3521 4384 1
3521 8396 2
3521 8398 1
3521 8554 1
3521 15103 1
7347 4384 1
7347 15103 1
7347 15105 1
8396 2707 1
8396 3518 1
8396 3519 1
8396 3520 1
8396 3521 2
8396 4384 1
8396 8398 1
8396 8554 1
8396 15103 1
8398 2707 1
8398 3518 1
8398 3519 1
8398 3520 1
8398 3521 1
8398 4384 1
8398 8396 1
8398 8554 1
8398 15103 1
8554 2707 1
8554 3518 1
8554 3519 1
8554 3520 1
8554 3521 1
8554 4384 1
8554 8396 1
8554 8398 1
8554 15103 1
13476 15103 1
15105 6627 1
15105 7347 1
15105 12411 1
15105 13543 1
15105 13563 1
15105 15103 1
14265 125752 1
15835 125752 1
18691 859 1
18691 125752 4
6605 6607 1
6605 124251 1
124251 6605 1
124251 6607 1
1089 6646 1
1089 12350 1
1089 12351 1
6718 6646 1
6718 6719 1
6718 6720 1
6718 6721 1
6718 12656 1
6719 6646 1
6719 6718 1
6719 6720 1
6719 6721 1
6719 12656 1
6720 6646 1
6720 6718 1
6720 6719 1
6720 6721 1
6720 12656 1
6721 6646 1
6721 6718 1
6721 6719 1
6721 6720 1
6721 12656 1
12350 1089 1
12350 6646 1
12350 12351 1
12351 1089 1
12351 6646 1
12351 12350 1
12656 1705 1
12656 1706 1
12656 3727 1
12656 6646 1
12656 6718 1
12656 6719 1
12656 6720 1
12656 6721 1
467 468 1
467 1453 1
467 1454 1
467 1455 1
467 1456 1
467 1457 1
467 1699 1
467 2244 1
467 2675 1
467 3107 1
467 11444 1
468 467 1
468 1453 1
468 1454 1
468 1455 1
468 1456 1
468 1457 1
468 1699 1
468 2244 1
468 2675 2
468 3107 1
468 3303 1
468 11444 1
1453 467 1
1453 468 1
1453 1454 1
1453 1455 1
1453 1456 1
1453 1457 1
1453 1699 1
1453 2244 1
1453 2675 1
1453 3107 1
1453 11444 1
1454 467 1
1454 468 1
1454 1453 1
1454 1455 1
1454 1456 1
1454 1457 1
1454 1699 1
1454 2244 1
1454 2675 1
1454 3107 1
1454 11444 1
1455 467 1
1455 468 1
1455 1453 1
1455 1454 1
1455 1456 1
1455 1457 1
1455 1699 1
1455 2244 1
1455 2675 1
1455 3107 1
1455 11444 1
1456 467 1
1456 468 1
1456 1453 1
1456 1454 1
1456 1455 1
1456 1457 1
1456 1699 1
1456 2244 1
1456 2675 1
1456 3107 1
1456 11444 1
1457 467 1
1457 468 1
1457 1453 1
1457 1454 1
1457 1455 1
1457 1456 1
1457 1699 1
1457 2244 1
1457 2675 1
1457 3107 1
1457 11444 1
1537 2675 1
1537 11444 1
1699 467 1
1699 468 1
1699 1453 1
1699 1454 1
1699 1455 1
1699 1456 1
1699 1457 1
1699 2244 1
1699 2675 1
1699 3107 1
1699 11444 1
2244 467 1
2244 468 1
2244 1453 1
2244 1454 1
2244 1455 1
2244 1456 1
2244 1457 1
2244 1699 1
2244 2675 1
2244 3107 1
2244 11444 1
3107 467 1
3107 468 1
3107 1453 1
3107 1454 1
3107 1455 1
3107 1456 1
3107 1457 1
3107 1699 1
3107 2244 1
3107 2675 1
3107 11444 1
3303 468 1
3303 2675 1
6635 2675 1
6635 9992 1
9992 2675 1
9992 6635 1
11444 467 1
11444 468 1
11444 1453 1
11444 1454 1
11444 1455 1
11444 1456 1
11444 1457 1
11444 1537 1
11444 1699 1
11444 2244 1
11444 2675 2
11444 3107 1
7080 7088 1
7080 10238 1
7080 12290 1
7080 12701 1
7080 19752 1
10251 10238 1
10251 18629 1
10251 23669 1
12290 7080 1
12290 10238 1
12290 19752 1
12586 2635 1
12586 2884 1
12586 10238 2
12586 10642 1
12586 12740 2
12586 12741 2
12586 12742 4
12586 12743 2
12586 12744 2
12586 12884 1
12586 18475 1
12740 10238 2
12740 11187 1
12740 11962 1
12740 12586 2
12740 12741 2
12740 12742 2
12740 12743 2
12740 12744 2
12741 4228 1
12741 4409 1
12741 10238 2
12741 12586 2
12741 12740 2
12741 12742 2
12741 12743 2
12741 12744 2
12742 10238 2
12742 10642 1
12742 12586 4
12742 12740 2
12742 12741 2
12742 12743 2
12742 12744 2
12742 18475 1
12743 10238 2
12743 12586 2
12743 12740 2
12743 12741 2
12743 12742 2
12743 12744 2
12744 10238 2
12744 12586 2
12744 12740 2
12744 12741 2
12744 12742 2
12744 12743 2
13842 10238 1
17078 10238 1
17078 25396 1
18629 10238 2
18629 10251 1
18629 23669 1
19752 7080 1
19752 10238 1
19752 12290 1
19752 15823 1
19752 23184 1
23552 10238 1
23552 23558 1
23552 23559 1
23554 10238 1
23554 23555 1
23554 23556 1
23554 23557 1
23555 10238 1
23555 23554 1
23555 23556 1
23555 23557 1
23556 10238 1
23556 23554 1
23556 23555 1
23556 23557 1
23557 10238 1
23557 23554 1
23557 23555 1
23557 23556 1
23558 10238 2
23558 23552 1
23558 23559 2
23558 24389 1
23559 10238 2
23559 23552 1
23559 23558 2
23559 24389 1
23669 10238 1
23669 10251 1
23669 18629 1
24389 10238 1
24389 23558 1
24389 23559 1
25396 10238 1
25396 17078 1
25396 18765 1
25396 26568 1
7125 7890 1
7125 8168 1
7125 8169 1
7125 13981 1
7890 7125 1
7890 8168 1
7890 8169 1
7890 13981 1
8168 7125 1
8168 7890 1
8168 8169 1
8168 13981 1
8169 7125 1
8169 7890 1
8169 8168 1
8169 13981 1
2934 15290 1
2934 15291 1
2934 15292 1
2934 15293 1
2934 15295 1
2934 15296 1
15290 2934 1
15290 15291 1
15290 15292 1
15290 15293 1
15290 15295 1
15290 15296 1
15292 2934 1
15292 15290 1
15292 15291 1
15292 15293 1
15292 15295 1
15292 15296 1
15293 2934 1
15293 15290 1
15293 15291 1
15293 15292 1
15293 15295 1
15293 15296 1
15295 2640 1
15295 2934 1
15295 15290 1
15295 15291 1
15295 15292 1
15295 15293 1
15295 15296 1
15296 2934 1
15296 15290 1
15296 15291 1
15296 15292 1
15296 15293 1
15296 15295 1
15630 126189 1
1222 1225 1
1222 6441 1
1222 8368 1
1222 9439 1
1222 10396 1
1222 10573 1
1222 23444 1
1222 27596 1
1225 1222 1
1225 6441 1
1225 8368 1
1225 9439 1
1225 10396 1
1225 10573 1
1225 19997 1
1225 23444 1
1225 27596 1
6441 1222 1
6441 1225 1
6441 8368 1
6441 9439 1
6441 10396 1
6441 10573 1
6441 23444 1
6441 27596 1
8368 1222 1
8368 1225 1
8368 6441 1
8368 9439 1
8368 10396 1
8368 10573 1
8368 23444 1
8368 27596 1
9439 1222 1
9439 1225 1
9439 6441 1
9439 8368 1
9439 10396 1
9439 10573 1
9439 23444 1
9439 27596 1
10573 1222 1
10573 1225 1
10573 6441 1
10573 8368 1
10573 9439 1
10573 10396 1
10573 23444 1
10573 27596 1
23444 1222 1
23444 1225 1
23444 6441 1
23444 8368 1
23444 9439 1
23444 10396 1
23444 10573 1
23444 27596 1
27596 1222 1
27596 1225 1
27596 6441 1
27596 8368 1
27596 9439 1
27596 10396 1
27596 10573 1
27596 23444 1
2246 2248 1
2246 7140 1
2246 7414 1
2246 13543 1
2246 17496 1
2248 2246 1
2248 7140 1
2248 7414 1
2248 13543 1
2248 17496 1
6627 12130 1
6627 12411 2
6627 13543 1
6627 13563 1
6627 15105 1
7140 2246 1
7140 2248 1
7140 7414 1
7140 13543 1
7140 17496 1
7414 2246 1
7414 2248 1
7414 7140 1
7414 10959 1
7414 13543 1
7414 17496 1
12411 6627 2
12411 12130 1
12411 13543 1
12411 13563 1
12411 15105 1
17496 2246 1
17496 2248 1
17496 7140 1
17496 7414 1
17496 13543 1
12130 6627 1
12130 12411 1
2640 15295 1
12701 7080 1
2635 2884 1
2635 10579 1
2635 12586 1
2635 12884 1
2635 13822 1
2884 2635 1
2884 11962 1
2884 12586 1
2884 12884 1
10642 12586 1
10642 12742 1
10642 18475 1
12884 2635 1
12884 2884 1
12884 12586 1
18475 10642 1
18475 12586 1
18475 12742 1
11187 11962 1
11187 12740 1
11962 2884 1
11962 11187 1
11962 12740 1
4228 4409 1
4228 12741 1
4409 4228 1
4409 12741 1
15823 19752 1
15823 23184 1
23184 15823 1
23184 19752 1
18765 25396 1
18765 26568 1
26568 3027 1
26568 18765 1
26568 25396 1
1705 1706 1
1705 12656 1
1706 1705 1
1706 12656 1
3727 12656 1
3063 3061 2
3559 3061 2
3559 5872 2
1909 6681 1
13139 8815 1
13139 13471 1
13139 20365 1
13139 20964 1
13471 8815 1
13471 13139 1
13471 20365 1
13471 20964 1
20365 8815 1
20365 13139 1
20365 13471 1
20365 20964 1
20964 8815 1
20964 13139 1
20964 13471 1
20964 20365 1
2571 4026 1
5129 5511 1
5129 5672 1
5672 5129 1
5672 5511 1
1058 3072 1
1058 3369 1
1058 3774 1
1058 12027 1
3369 1058 1
3369 3774 2
3369 12027 1
3774 1058 1
3774 3369 2
3774 12027 1
12435 15446 1
12435 17718 1
14272 15446 1
17718 12435 1
17718 15446 1
10274 6038 1
22559 22563 1
10579 2635 1
10579 13822 1
13822 2635 1
13822 10579 1
3027 26568 1
3072 1058 1
