127242 115307 1
115307 98456 1
115307 109424 1
115307 115308 1
115307 115309 1
115307 127242 1
98456 77860 1
98456 77881 1
98456 77888 1
98456 81159 1
98456 98454 1
98456 98455 1
98456 98457 1
98456 99010 1
98456 109424 1
98456 112023 1
98456 112024 1
98456 115307 1
98456 119852 1
109424 98456 1
109424 115307 1
115308 57612 1
115308 61932 1
115308 77851 1
115308 80628 1
115308 84397 1
115308 84398 2
115308 84399 1
115308 84400 1
115308 84401 1
115308 84402 1
115308 84747 1
115308 90919 1
115308 90921 1
115308 92004 1
115308 92420 1
115308 92421 1
115308 93523 1
115308 94559 1
115308 95561 1
115308 95949 1
115308 97674 1
115308 97981 1
115308 100269 1
115308 104025 1
115308 104040 1
115308 105318 1
115308 105324 1
115308 105329 1
115308 106601 1
115308 112007 1
115308 112079 1
115308 113646 1
115308 115197 1
115308 115198 1
115308 115307 1
115308 115309 1
115308 118460 1
115308 118979 1
115308 119105 1
115308 119852 1
115308 121402 1
115308 125760 1
115308 127116 1
115308 127806 1
115309 94949 1
115309 94950 1
115309 102447 1
115309 115307 1
115309 115308 1
115309 115955 1
115309 116649 1
77860 77881 1
77860 77888 1
77860 81159 2
77860 92945 1
77860 98454 1
77860 98455 1
77860 98456 1
77860 98457 1
77860 105329 1
77860 112071 1
77860 113648 1
77860 119852 2
77881 51668 1
77881 57612 1
77881 68237 1
77881 77860 1
77881 77880 2
77881 77882 1
77881 77888 3
77881 77891 2
77881 81159 1
77881 92001 1
77881 92002 1
77881 92004 1
77881 95727 1
77881 95730 1
77881 95731 1
77881 95732 1
77881 95733 1
77881 95734 1
77881 95735 1
77881 95736 1
77881 95737 1
77881 98454 1
77881 98455 1
77881 98456 1
77881 98457 1
77881 99642 1
77881 103295 1
77881 106601 2
77881 119852 1
77888 47424 1
77888 51668 1
77888 57612 1
77888 61932 1
77888 77855 1
77888 77860 1
77888 77880 2
77888 77881 3
77888 77891 2
77888 80936 1
77888 80941 1
77888 81159 1
77888 81433 1
77888 88593 1
77888 98454 1
77888 98455 1
77888 98456 1
77888 98457 1
77888 106601 2
77888 119852 1
81159 77860 2
81159 77865 1
81159 77881 1
81159 77888 1
81159 77894 1
81159 81160 1
81159 81161 1
81159 81163 1
81159 81164 1
81159 92002 1
81159 92945 1
81159 98454 1
81159 98455 1
81159 98456 1
81159 98457 1
81159 104019 1
81159 104020 1
81159 104021 1
81159 104023 1
81159 119852 1
98454 77860 1
98454 77881 1
98454 77888 1
98454 81159 1
98454 98455 1
98454 98456 1
98454 98457 1
98454 119852 1
98455 77860 1
98455 77881 1
98455 77888 1
98455 81159 1
98455 98454 1
98455 98456 1
98455 98457 1
98455 119852 1
98457 77860 1
98457 77881 1
98457 77888 1
98457 81159 1
98457 98454 1
98457 98455 1
98457 98456 1
98457 119852 1
99010 93523 1
99010 98456 1
99010 112023 1
99010 112024 1
99010 117461 1
112023 98456 1
112023 99010 1
112023 112024 1
112024 47428 1
112024 95736 1
112024 98456 1
112024 99010 1
112024 103295 1
112024 106600 1
112024 106601 1
112024 112023 1
112024 115198 1
119852 77860 2
119852 77881 1
119852 77888 1
119852 81159 1
119852 84747 1
119852 90919 1
119852 90921 1
119852 93523 1
119852 98454 1
119852 98455 1
119852 98456 1
119852 98457 1
119852 106601 1
119852 115308 1
119852 118979 1
57612 51668 1
57612 61932 1
57612 77880 1
57612 77881 1
57612 77888 1
57612 77891 1
57612 80628 1
57612 84397 2
57612 84398 2
57612 84399 1
57612 84400 1
57612 84401 1
57612 84402 1
57612 97981 1
57612 104025 1
57612 104040 1
57612 105318 1
57612 105324 1
57612 106601 1
57612 112007 1
57612 112079 1
57612 113646 1
57612 115308 1
57612 118460 1
57612 121402 1
57612 127806 1
61932 47424 1
61932 55747 1
61932 57612 1
61932 73722 1
61932 77855 1
61932 77888 1
61932 79445 1
61932 80098 1
61932 80628 1
61932 80936 1
61932 80941 1
61932 81433 1
61932 84397 1
61932 84398 1
61932 84399 1
61932 84400 1
61932 84401 1
61932 84402 1
61932 88593 1
61932 97981 1
61932 104025 1
61932 104040 1
61932 105318 1
61932 105324 1
61932 112007 1
61932 112079 1
61932 113646 1
61932 115308 1
61932 118460 1
61932 121402 1
61932 127806 1
77851 84398 1
77851 84402 1
77851 92004 2
77851 92420 2
77851 94559 1
77851 95561 1
77851 95949 1
77851 95959 1
77851 97674 1
77851 105329 1
77851 115197 1
77851 115198 2
77851 115308 1
77851 119105 1
77851 125760 1
77851 127116 1
80628 57612 1
80628 60793 1
80628 61932 1
80628 68235 1
80628 68243 1
80628 80623 1
80628 80624 1
80628 80626 1
80628 80627 1
80628 80629 1
80628 80632 1
80628 80633 1
80628 82795 1
80628 82796 1
80628 84397 1
80628 84398 1
80628 84399 1
80628 84400 1
80628 84401 1
80628 84402 1
80628 97981 1
80628 104025 1
80628 104040 1
80628 105318 1
80628 105324 1
80628 112007 1
80628 112079 1
80628 113646 1
80628 115308 1
80628 118460 1
80628 121402 1
80628 127806 1
84397 57612 2
84397 61932 1
84397 80628 1
84397 84398 2
84397 84399 1
84397 84400 1
84397 84401 1
84397 84402 1
84397 97981 1
84397 104025 1
84397 104040 1
84397 105318 1
84397 105324 1
84397 112007 1
84397 112079 1
84397 113646 1
84397 115308 1
84397 118460 1
84397 121402 1
84397 127806 1
84398 57612 2
84398 61932 1
84398 77851 1
84398 80628 1
84398 84397 2
84398 84399 1
84398 84400 1
84398 84401 1
84398 84402 1
84398 92004 1
84398 92420 1
84398 94559 1
84398 95561 1
84398 95949 1
84398 97674 1
84398 97981 1
84398 104025 1
84398 104040 1
84398 105318 1
84398 105324 1
84398 105329 1
84398 112007 1
84398 112079 1
84398 113646 1
84398 115197 1
84398 115198 1
84398 115308 2
84398 118460 1
84398 119105 1
84398 121402 1
84398 125760 1
84398 127116 1
84398 127806 1
84399 57612 1
84399 61932 1
84399 80628 1
84399 84397 1
84399 84398 1
84399 84400 1
84399 84401 1
84399 84402 1
84399 97981 1
84399 104025 1
84399 104040 1
84399 105318 1
84399 105324 1
84399 112007 1
84399 112073 1
84399 112079 2
84399 113646 1
84399 115308 1
84399 118460 1
84399 121402 1
84399 127806 1
84400 57612 1
84400 61932 1
84400 80628 1
84400 81160 1
84400 84397 1
84400 84398 1
84400 84399 1
84400 84401 1
84400 84402 1
84400 88596 1
84400 95959 1
84400 97981 1
84400 104025 1
84400 104040 1
84400 105318 1
84400 105324 1
84400 106600 1
84400 112007 1
84400 112079 1
84400 113646 1
84400 115198 1
84400 115308 1
84400 118460 1
84400 121402 1
84400 127806 1
84401 57612 1
84401 61932 1
84401 80628 1
84401 84397 1
84401 84398 1
84401 84399 1
84401 84400 1
84401 84402 1
84401 92004 1
84401 92420 3
84401 92421 1
84401 97674 1
84401 97981 1
84401 104025 1
84401 104040 1
84401 105318 1
84401 105324 2
84401 112007 1
84401 112079 1
84401 113646 1
84401 115308 1
84401 118460 1
84401 121402 2
84401 127806 2
84402 57612 1
84402 61932 1
84402 77851 1
84402 80628 1
84402 84397 1
84402 84398 1
84402 84399 1
84402 84400 1
84402 84401 1
84402 92420 1
84402 95959 1
84402 97981 1
84402 104025 1
84402 104040 1
84402 105318 1
84402 105324 1
84402 112007 1
84402 112079 1
84402 113646 1
84402 115308 1
84402 118460 1
84402 121402 1
84402 127116 1
84402 127806 1
84747 55744 1
84747 90919 1
84747 90921 1
84747 93523 1
84747 106601 1
84747 115308 1
84747 118979 1
84747 119852 1
84747 123833 1
90919 80626 1
90919 84747 1
90919 90920 1
90919 90921 1
90919 90923 1
90919 93523 2
90919 94181 1
90919 95561 1
90919 100269 1
90919 106601 1
90919 115308 1
90919 118979 1
90919 119852 1
90919 127806 1
90921 78691 1
90921 84747 1
90921 90919 1
90921 90923 1
90921 90925 1
90921 93523 1
90921 97298 1
90921 106601 1
90921 115308 1
90921 118979 1
90921 119852 1
92004 68237 1
92004 77851 2
92004 77881 1
92004 77882 1
92004 81161 1
92004 84398 1
92004 84401 1
92004 92001 1
92004 92002 1
92004 92420 1
92004 94559 1
92004 95561 1
92004 95727 1
92004 95732 1
92004 95949 1
92004 97674 1
92004 97981 1
92004 105329 1
92004 115197 1
92004 115198 2
92004 115308 1
92004 115739 1
92004 117461 1
92004 119105 1
92004 125760 1
92004 127116 2
92420 68238 1
92420 74101 1
92420 77851 2
92420 84398 1
92420 84401 3
92420 84402 1
92420 88593 1
92420 92004 1
92420 92421 1
92420 94553 2
92420 94554 1
92420 94558 1
92420 94559 2
92420 94560 1
92420 94561 1
92420 94562 1
92420 95561 1
92420 95949 1
92420 95959 1
92420 97674 2
92420 100269 1
92420 105324 1
92420 105329 1
92420 115197 1
92420 115198 1
92420 115308 1
92420 115740 1
92420 119105 2
92420 121402 1
92420 125760 2
92420 127116 1
92420 127806 1
92421 84401 1
92421 87187 1
92421 92420 1
92421 100269 1
92421 115308 1
92421 119105 1
93523 53111 1
93523 80942 1
93523 84747 1
93523 84749 1
93523 90919 2
93523 90921 1
93523 93524 1
93523 95561 1
93523 99010 1
93523 100269 1
93523 106601 1
93523 115308 1
93523 118979 1
93523 119852 1
94559 68238 1
94559 74101 1
94559 77851 1
94559 84398 1
94559 92004 1
94559 92420 2
94559 94553 1
94559 94554 1
94559 94558 1
94559 94560 1
94559 94561 1
94559 94562 1
94559 95561 1
94559 95949 1
94559 95950 1
94559 97674 1
94559 104033 1
94559 105329 1
94559 113645 1
94559 113648 1
94559 115197 1
94559 115198 1
94559 115308 1
94559 119105 1
94559 125760 1
94559 127116 1
95561 68732 1
95561 68733 1
95561 77851 1
95561 84398 1
95561 90919 1
95561 92004 1
95561 92420 1
95561 93523 1
95561 94559 1
95561 95949 1
95561 97674 1
95561 100269 1
95561 105329 2
95561 115197 1
95561 115198 1
95561 115308 1
95561 119105 1
95561 124879 1
95561 125760 1
95561 127116 1
95949 77851 1
95949 84398 1
95949 92004 1
95949 92420 1
95949 94559 1
95949 95561 1
95949 95956 1
95949 97674 1
95949 97981 1
95949 99642 1
95949 100320 1
95949 105329 1
95949 108387 1
95949 110930 1
95949 115197 1
95949 115198 1
95949 115308 1
95949 115741 1
95949 117462 1
95949 119105 1
95949 119441 1
95949 125760 2
95949 127116 1
97674 77851 1
97674 77886 1
97674 78682 1
97674 84398 1
97674 84401 1
97674 92004 1
97674 92420 2
97674 94553 1
97674 94559 1
97674 95561 1
97674 95949 1
97674 97673 1
97674 105324 1
97674 105329 1
97674 110931 1
97674 115197 1
97674 115198 1
97674 115308 1
97674 117461 1
97674 117462 1
97674 119105 1
97674 121402 1
97674 125760 1
97674 127116 1
97674 127806 1
97981 57612 1
97981 61932 1
97981 80628 1
97981 81161 1
97981 84397 1
97981 84398 1
97981 84399 1
97981 84400 1
97981 84401 1
97981 84402 1
97981 92004 1
97981 95732 1
97981 95949 1
97981 95956 1
97981 99642 1
97981 100320 1
97981 104025 1
97981 104040 1
97981 105318 1
97981 105324 1
97981 108387 1
97981 110930 1
97981 112007 1
97981 112079 1
97981 113646 1
97981 115308 1
97981 115739 1
97981 117461 1
97981 118460 1
97981 119441 1
97981 121402 1
97981 125760 1
97981 127116 1
97981 127806 1
100269 53111 1
100269 81166 1
100269 88593 1
100269 90919 1
100269 92420 1
100269 92421 1
100269 93523 1
100269 95561 1
100269 105329 1
100269 115308 1
100269 125760 1
104025 57612 1
104025 61932 1
104025 80628 1
104025 84397 1
104025 84398 1
104025 84399 1
104025 84400 1
104025 84401 1
104025 84402 1
104025 97981 1
104025 104040 1
104025 105318 1
104025 105324 1
104025 112007 1
104025 112079 1
104025 113646 1
104025 115308 1
104025 118460 1
104025 121402 1
104025 127806 1
104040 57612 1
104040 61932 1
104040 80628 1
104040 84397 1
104040 84398 1
104040 84399 1
104040 84400 1
104040 84401 1
104040 84402 1
104040 97981 1
104040 104025 1
104040 105318 1
104040 105324 1
104040 112007 1
104040 112079 1
104040 113646 1
104040 115308 1
104040 118460 1
104040 121402 1
104040 127806 1
105318 57612 1
105318 61932 1
105318 80628 1
105318 84397 1
105318 84398 1
105318 84399 1
105318 84400 1
105318 84401 1
105318 84402 1
105318 97981 1
105318 104025 1
105318 104040 1
105318 105324 1
105318 112007 1
105318 112079 1
105318 113646 1
105318 115308 1
105318 118460 1
105318 121402 1
105318 127806 1
105324 57612 1
105324 61932 1
105324 80628 1
105324 84397 1
105324 84398 1
105324 84399 1
105324 84400 1
105324 84401 2
105324 84402 1
105324 92420 1
105324 97674 1
105324 97981 1
105324 104025 1
105324 104040 1
105324 105318 1
105324 112007 1
105324 112079 1
105324 113646 1
105324 115308 1
105324 118460 1
105324 121402 2
105324 127806 2
105329 77851 1
105329 77860 1
105329 84398 1
105329 92004 1
105329 92420 1
105329 94559 1
105329 95561 2
105329 95949 1
105329 97674 1
105329 100269 1
105329 115197 1
105329 115198 1
105329 115308 1
105329 119105 1
105329 125760 1
105329 127116 1
106601 47428 1
106601 51668 1
106601 57612 1
106601 77880 2
106601 77881 2
106601 77888 2
106601 77891 2
106601 84747 1
106601 90919 1
106601 90921 1
106601 93523 1
106601 95736 1
106601 106600 1
106601 112007 1
106601 112024 1
106601 115198 1
106601 115308 1
106601 118979 1
106601 119852 1
112007 57612 1
112007 61932 1
112007 80628 1
112007 84397 1
112007 84398 1
112007 84399 1
112007 84400 1
112007 84401 1
112007 84402 1
112007 97981 1
112007 104025 1
112007 104040 1
112007 105318 1
112007 105324 1
112007 106601 1
112007 112079 1
112007 113646 1
112007 115308 1
112007 118460 1
112007 121402 1
112007 127806 1
112079 57612 1
112079 61932 1
112079 80628 1
112079 84397 1
112079 84398 1
112079 84399 2
112079 84400 1
112079 84401 1
112079 84402 1
112079 97981 1
112079 104025 1
112079 104040 1
112079 105318 1
112079 105324 1
112079 112007 1
112079 112073 1
112079 112078 1
112079 112080 1
112079 112081 1
112079 112082 1
112079 112083 1
112079 112084 1
112079 113646 1
112079 115197 1
112079 115308 1
112079 118460 1
112079 121402 1
112079 127806 1
113646 57612 1
113646 61932 1
113646 80628 1
113646 84397 1
113646 84398 1
113646 84399 1
113646 84400 1
113646 84401 1
113646 84402 1
113646 97981 1
113646 104025 1
113646 104040 1
113646 105318 1
113646 105324 1
113646 112007 1
113646 112079 1
113646 113645 1
113646 113648 1
113646 115308 1
113646 118460 1
113646 121402 1
113646 127806 1
115197 77851 1
115197 84398 1
115197 92004 1
115197 92420 1
115197 94559 1
115197 95561 1
115197 95949 1
115197 97674 1
115197 105329 1
115197 112078 1
115197 112079 1
115197 112080 1
115197 112081 1
115197 112082 1
115197 112083 1
115197 112084 1
115197 115198 2
115197 115308 1
115197 119105 1
115197 125760 1
115197 127116 1
115198 47428 1
115198 77851 2
115198 81160 1
115198 84398 1
115198 84400 1
115198 88596 1
115198 92004 2
115198 92420 1
115198 94559 1
115198 95561 1
115198 95736 1
115198 95949 1
115198 95959 1
115198 97674 1
115198 104024 1
115198 105329 1
115198 106600 2
115198 106601 1
115198 108200 1
115198 108201 1
115198 112024 1
115198 112149 1
115198 115197 2
115198 115308 1
115198 119105 1
115198 125760 1
115198 127116 1
115198 127806 1
118460 57612 1
118460 61932 1
118460 65041 1
118460 80628 1
118460 80938 1
118460 84397 1
118460 84398 1
118460 84399 1
118460 84400 1
118460 84401 1
118460 84402 1
118460 94187 1
118460 94817 1
118460 97981 1
118460 104025 1
118460 104040 1
118460 105318 1
118460 105324 1
118460 108200 1
118460 110451 1
118460 112007 1
118460 112079 1
118460 113646 1
118460 115308 1
118460 118459 1
118460 119148 1
118460 119149 1
118460 121402 1
118460 127806 1
118979 84747 1
118979 90919 1
118979 90921 1
118979 93523 1
118979 106601 1
118979 115308 1
118979 119852 1
119105 77851 1
119105 81030 1
119105 84398 1
119105 85466 1
119105 87187 1
119105 92004 1
119105 92420 2
119105 92421 1
119105 94559 1
119105 95561 1
119105 95949 1
119105 97674 1
119105 105329 1
119105 115197 1
119105 115198 1
119105 115308 1
119105 119054 1
119105 119104 1
119105 119268 1
119105 125760 1
119105 127116 1
121402 57612 1
121402 61932 1
121402 80628 1
121402 84397 1
121402 84398 1
121402 84399 1
121402 84400 1
121402 84401 2
121402 84402 1
121402 92420 1
121402 97674 1
121402 97981 1
121402 104025 1
121402 104040 1
121402 105318 1
121402 105324 2
121402 112007 1
121402 112079 1
121402 113646 1
121402 115308 1
121402 118460 1
121402 127806 2
125760 68238 1
125760 73719 1
125760 77851 1
125760 77857 1
125760 77867 1
125760 80096 1
125760 80591 1
125760 84398 1
125760 92004 1
125760 92420 2
125760 92944 1
125760 94559 1
125760 95561 1
125760 95728 1
125760 95949 2
125760 95956 1
125760 97674 1
125760 97981 1
125760 99642 1
125760 100269 1
125760 100320 1
125760 105329 1
125760 108387 2
125760 110930 1
125760 111286 1
125760 115197 1
125760 115198 1
125760 115308 1
125760 119105 1
125760 119441 1
125760 127116 1
127116 77851 1
127116 81161 1
127116 84398 1
127116 84402 1
127116 92004 2
127116 92420 1
127116 94559 1
127116 95561 1
127116 95732 1
127116 95949 1
127116 97674 1
127116 97981 1
127116 105329 1
127116 115197 1
127116 115198 1
127116 115308 1
127116 115739 2
127116 115740 2
127116 117461 1
127116 119105 1
127116 125760 1
127116 127806 1
127806 57612 1
127806 61932 1
127806 80628 1
127806 84397 1
127806 84398 1
127806 84399 1
127806 84400 1
127806 84401 2
127806 84402 1
127806 90919 1
127806 92420 1
127806 97674 1
127806 97981 1
127806 104025 1
127806 104040 1
127806 105318 1
127806 105324 2
127806 112007 1
127806 112079 1
127806 113646 1
127806 115198 1
127806 115308 1
127806 118460 1
127806 121402 2
127806 127116 1
94949 94950 1
94949 102447 1
94949 115309 1
94949 116649 1
94950 81166 1
94950 84748 1
94950 94949 1
94950 102447 1
94950 115309 1
94950 116649 1
102447 94949 1
102447 94950 1
102447 115309 1
102447 116649 1
115955 115309 1
116649 94949 1
116649 94950 1
116649 102447 1
116649 115309 1
92945 77860 1
92945 81159 1
112071 77860 1
112071 113648 1
113648 77860 1
113648 94559 1
113648 112071 1
113648 113646 1
51668 57612 1
51668 77880 1
51668 77881 1
51668 77888 1
51668 77891 1
51668 106601 1
68237 77880 1
68237 77881 1
68237 77882 1
68237 92001 1
68237 92002 2
68237 92004 1
68237 95727 1
77880 51668 1
77880 57612 1
77880 68237 1
77880 77881 2
77880 77888 2
77880 77891 2
77880 92002 1
77880 106601 2
77882 68237 1
77882 77857 1
77882 77865 1
77882 77881 1
77882 81166 1
77882 92001 1
77882 92002 1
77882 92004 1
77882 95727 1
77882 97673 1
77882 104021 1
77882 123833 1
77891 51668 1
77891 57612 1
77891 77880 2
77891 77881 2
77891 77888 2
77891 92002 1
77891 104038 1
77891 105054 1
77891 106601 2
92001 68237 1
92001 77881 1
92001 77882 1
92001 92002 1
92001 92004 1
92001 95727 1
92002 68237 2
92002 77865 1
92002 77880 1
92002 77881 1
92002 77882 1
92002 77891 1
92002 77894 1
92002 81159 1
92002 81160 1
92002 81161 1
92002 81163 1
92002 81164 1
92002 92001 1
92002 92004 1
92002 95727 1
92002 104019 1
92002 104020 1
92002 104021 1
92002 104023 1
92002 104038 1
92002 105054 1
95727 68237 1
95727 77881 1
95727 77882 1
95727 92001 1
95727 92002 1
95727 92004 1
95727 95728 1
95727 95730 1
95730 77881 1
95730 95727 1
95730 95728 1
95730 95731 1
95730 95732 1
95730 95733 1
95730 95734 1
95730 95735 1
95730 95736 1
95730 95737 1
95730 99642 1
95730 103295 1
95731 77881 1
95731 95730 1
95731 95732 1
95731 95733 1
95731 95734 1
95731 95735 1
95731 95736 1
95731 95737 1
95731 99642 1
95731 103295 1
95732 77881 1
95732 81161 1
95732 92004 1
95732 95730 1
95732 95731 1
95732 95733 1
95732 95734 1
95732 95735 1
95732 95736 1
95732 95737 1
95732 97981 1
95732 99642 1
95732 103295 1
95732 115739 1
95732 117461 1
95732 127116 1
95733 77881 1
95733 95730 1
95733 95731 1
95733 95732 1
95733 95734 1
95733 95735 1
95733 95736 1
95733 95737 1
95733 99642 1
95733 103295 1
95734 77881 1
95734 95730 1
95734 95731 1
95734 95732 1
95734 95733 1
95734 95735 1
95734 95736 1
95734 95737 1
95734 99642 1
95734 103295 1
95735 77881 1
95735 95730 1
95735 95731 1
95735 95732 1
95735 95733 1
95735 95734 1
95735 95736 1
95735 95737 1
95735 99642 1
95735 103295 1
95736 47428 1
95736 77881 1
95736 95730 1
95736 95731 1
95736 95732 1
95736 95733 1
95736 95734 1
95736 95735 1
95736 95737 1
95736 99642 1
95736 103295 1
95736 106600 1
95736 106601 1
95736 112024 1
95736 115198 1
95737 77881 1
95737 95730 1
95737 95731 1
95737 95732 1
95737 95733 1
95737 95734 1
95737 95735 1
95737 95736 1
95737 99642 1
95737 103295 1
99642 77881 1
99642 95730 1
99642 95731 1
99642 95732 1
99642 95733 1
99642 95734 1
99642 95735 1
99642 95736 1
99642 95737 1
99642 95949 1
99642 95956 1
99642 97981 1
99642 100320 1
99642 103295 1
99642 108387 1
99642 110930 1
99642 119441 1
99642 125760 1
103295 77881 1
103295 95730 1
103295 95731 1
103295 95732 1
103295 95733 1
103295 95734 1
103295 95735 1
103295 95736 1
103295 95737 1
103295 99642 1
103295 103294 1
103295 103296 1
103295 105024 1
103295 112024 1
103295 119268 1
47424 61932 1
47424 77855 1
47424 77888 1
47424 80936 1
47424 80941 1
47424 81433 1
47424 88593 1
77855 47424 1
77855 61932 1
77855 77888 1
77855 80936 1
77855 80941 1
77855 81433 1
77855 88593 1
80936 47424 1
80936 61932 1
80936 77855 1
80936 77888 1
80936 80941 1
80936 81433 1
80936 88593 1
80941 47424 1
80941 61932 1
80941 77855 1
80941 77888 1
80941 80936 1
80941 81433 1
80941 88593 1
81433 47424 1
81433 61932 1
81433 77855 1
81433 77888 1
81433 80936 1
81433 80941 1
81433 88593 1
88593 47424 1
88593 53111 1
88593 61932 1
88593 77855 1
88593 77888 1
88593 80936 1
88593 80941 1
88593 81166 1
88593 81433 1
88593 92420 1
88593 100269 1
77865 77857 1
77865 77882 1
77865 77894 1
77865 81159 1
77865 81160 1
77865 81161 1
77865 81163 1
77865 81164 1
77865 81166 1
77865 92002 1
77865 104019 1
77865 104020 1
77865 104021 2
77865 104023 1
77894 77865 1
77894 81159 1
77894 81160 1
77894 81161 1
77894 81163 1
77894 81164 1
77894 92002 1
77894 104019 1
77894 104020 1
77894 104021 1
77894 104023 1
81160 77865 1
81160 77894 1
81160 81159 1
81160 81161 1
81160 81163 1
81160 81164 1
81160 84400 1
81160 88596 1
81160 92002 1
81160 95959 1
81160 104019 1
81160 104020 1
81160 104021 1
81160 104023 1
81160 106600 1
81160 115198 1
81161 77865 1
81161 77894 1
81161 81159 1
81161 81160 1
81161 81163 1
81161 81164 1
81161 92002 1
81161 92004 1
81161 95732 1
81161 97981 1
81161 104019 1
81161 104020 1
81161 104021 1
81161 104023 1
81161 115739 1
81161 117461 1
81161 127116 1
81163 77865 1
81163 77894 1
81163 81159 1
81163 81160 1
81163 81161 1
81163 81164 1
81163 92002 1
81163 95959 1
81163 104019 1
81163 104020 1
81163 104021 1
81163 104023 1
81163 110281 1
81163 115262 1
81164 77865 1
81164 77894 1
81164 81159 1
81164 81160 1
81164 81161 1
81164 81163 1
81164 92002 1
81164 104019 1
81164 104020 1
81164 104021 1
81164 104023 1
104019 77865 1
104019 77894 1
104019 81159 1
104019 81160 1
104019 81161 1
104019 81163 1
104019 81164 1
104019 92002 1
104019 104020 1
104019 104021 1
104019 104023 1
104020 77865 1
104020 77894 1
104020 81159 1
104020 81160 1
104020 81161 1
104020 81163 1
104020 81164 1
104020 92002 1
104020 104019 1
104020 104021 1
104020 104023 1
104021 77857 1
104021 77865 2
104021 77882 1
104021 77894 1
104021 81159 1
104021 81160 1
104021 81161 1
104021 81163 1
104021 81164 1
104021 81166 1
104021 92002 1
104021 104019 1
104021 104020 1
104021 104023 1
104023 77865 1
104023 77894 1
104023 81159 1
104023 81160 1
104023 81161 1
104023 81163 1
104023 81164 1
104023 92002 1
104023 104019 1
104023 104020 1
104023 104021 1
117461 78682 1
117461 81161 1
117461 92004 1
117461 95732 1
117461 97674 1
117461 97981 1
117461 99010 1
117461 110931 1
117461 115739 1
117461 117462 1
117461 127116 1
47428 95736 1
47428 106600 1
47428 106601 1
47428 112024 1
47428 115198 1
106600 47428 1
106600 81160 1
106600 84400 1
106600 88596 1
106600 95736 1
106600 95959 1
106600 106601 1
106600 112024 1
106600 115198 2
55747 61932 1
73722 61932 1
73722 79445 1
73722 80098 1
79445 61932 1
79445 73722 1
79445 80098 1
79445 80626 1
79445 80937 1
79445 99538 1
80098 61932 1
80098 73722 1
80098 79445 1
95959 77851 1
95959 81160 1
95959 81163 1
95959 84400 1
95959 84402 1
95959 88596 1
95959 92420 1
95959 106600 1
95959 110281 1
95959 115198 1
95959 115262 1
60793 68235 1
60793 68243 1
60793 80623 1
60793 80624 1
60793 80626 1
60793 80627 1
60793 80628 1
60793 80629 1
60793 80632 1
60793 80633 1
68235 60793 1
68235 68243 1
68235 80623 1
68235 80624 1
68235 80626 1
68235 80627 1
68235 80628 1
68235 80629 1
68235 80632 1
68235 80633 1
68243 60793 1
68243 68235 1
68243 80623 1
68243 80624 1
68243 80626 1
68243 80627 1
68243 80628 1
68243 80629 1
68243 80632 1
68243 80633 1
80623 60793 1
80623 68235 1
80623 68243 1
80623 80624 1
80623 80626 1
80623 80627 1
80623 80628 1
80623 80629 1
80623 80632 1
80623 80633 1
80624 60793 1
80624 68235 1
80624 68243 1
80624 80623 1
80624 80626 1
80624 80627 1
80624 80628 1
80624 80629 1
80624 80632 1
80624 80633 1
80626 60793 1
80626 68235 1
80626 68243 1
80626 79445 1
80626 80623 1
80626 80624 1
80626 80627 1
80626 80628 1
80626 80629 1
80626 80632 1
80626 80633 1
80626 80937 1
80626 90919 1
80626 90923 1
80626 99538 1
80627 60793 1
80627 68235 1
80627 68243 1
80627 80623 1
80627 80624 1
80627 80626 1
80627 80628 1
80627 80629 1
80627 80632 1
80627 80633 1
80629 60793 1
80629 68235 1
80629 68243 1
80629 80623 1
80629 80624 1
80629 80626 1
80629 80627 1
80629 80628 1
80629 80632 1
80629 80633 1
80632 60793 1
80632 68235 1
80632 68243 1
80632 80623 1
80632 80624 1
80632 80626 1
80632 80627 1
80632 80628 1
80632 80629 1
80632 80633 1
80633 60793 1
80633 68235 1
80633 68243 1
80633 80623 1
80633 80624 1
80633 80626 1
80633 80627 1
80633 80628 1
80633 80629 1
80633 80632 1
82795 80628 1
82795 82796 1
82796 80628 1
82796 82795 1
112073 84399 1
112073 112079 1
88596 81160 1
88596 84400 1
88596 95959 1
88596 106600 1
88596 115198 1
55744 84747 1
55744 123833 1
123833 55744 1
123833 77882 1
123833 84747 1
123833 97673 1
90920 90919 1
90923 80626 1
90923 90919 1
90923 90921 1
94181 90919 1
78691 77884 1
78691 90921 1
78691 90925 1
78691 97298 1
78691 108200 1
90925 78691 1
90925 90921 1
90925 97298 1
97298 78691 1
97298 90921 1
97298 90925 1
115739 81161 1
115739 92004 1
115739 95732 1
115739 97981 1
115739 115740 1
115739 117461 1
115739 127116 2
68238 73719 1
68238 77857 1
68238 80096 1
68238 92420 1
68238 92944 1
68238 94559 1
68238 95728 1
68238 95950 1
68238 104033 1
68238 113645 1
68238 125760 1
74101 92420 1
74101 94553 1
74101 94554 1
74101 94558 1
74101 94559 1
74101 94560 1
74101 94561 1
74101 94562 1
94553 74101 1
94553 92420 2
94553 94554 1
94553 94558 1
94553 94559 1
94553 94560 1
94553 94561 1
94553 94562 1
94553 97674 1
94553 115740 1
94554 74101 1
94554 92420 1
94554 94553 1
94554 94558 1
94554 94559 1
94554 94560 1
94554 94561 1
94554 94562 1
94558 74101 1
94558 92420 1
94558 94553 1
94558 94554 1
94558 94559 1
94558 94560 1
94558 94561 1
94558 94562 1
94560 74101 1
94560 92420 1
94560 94553 1
94560 94554 1
94560 94558 1
94560 94559 1
94560 94561 1
94560 94562 1
94561 74101 1
94561 92420 1
94561 94553 1
94561 94554 1
94561 94558 1
94561 94559 1
94561 94560 1
94561 94562 1
94562 74101 1
94562 92420 1
94562 94553 1
94562 94554 1
94562 94558 1
94562 94559 1
94562 94560 1
94562 94561 1
115740 92420 1
115740 94553 1
115740 115739 1
115740 127116 2
87187 92421 1
87187 119105 1
53111 53795 1
53111 80942 1
53111 81166 1
53111 88593 1
53111 93523 1
53111 100269 1
80942 53111 1
80942 93523 1
84749 93523 1
84749 93524 1
93524 84749 1
93524 93523 1
95950 68238 1
95950 94559 1
95950 104033 1
95950 113645 1
104033 68238 1
104033 94559 1
104033 95950 1
104033 113645 1
113645 68238 1
113645 94559 1
113645 95950 1
113645 104033 1
113645 113646 1
68732 68733 2
68732 80591 1
68732 95561 1
68732 124879 1
68733 68732 2
68733 80591 1
68733 95561 1
68733 124879 1
124879 68732 1
124879 68733 1
124879 95561 1
95956 95949 1
95956 97981 1
95956 99642 1
95956 100320 1
95956 108387 1
95956 110930 1
95956 119441 1
95956 125760 1
100320 95949 1
100320 95956 1
100320 97981 1
100320 99642 1
100320 108387 1
100320 110930 1
100320 119441 1
100320 125760 1
108387 77867 1
108387 95949 1
108387 95956 1
108387 97981 1
108387 99642 1
108387 100320 1
108387 110930 1
108387 110931 1
108387 111286 1
108387 119441 1
108387 125760 2
110930 95949 1
110930 95956 1
110930 97981 1
110930 99642 1
110930 100320 1
110930 108387 1
110930 110931 1
110930 119441 1
110930 125760 1
115741 95949 1
115741 117462 1
117462 78682 1
117462 95949 1
117462 97674 1
117462 110931 1
117462 115741 1
117462 117461 1
119441 95949 1
119441 95956 1
119441 97981 1
119441 99642 1
119441 100320 1
119441 108387 1
119441 110930 1
119441 125760 1
77886 97673 1
77886 97674 1
78682 97674 1
78682 110931 1
78682 117461 1
78682 117462 1
78682 119268 1
97673 77882 1
97673 77886 1
97673 97674 1
97673 123833 1
110931 78682 1
110931 97674 1
110931 108387 1
110931 110930 1
110931 117461 1
110931 117462 1
81166 53111 1
81166 77857 1
81166 77865 1
81166 77882 1
81166 84748 1
81166 88593 1
81166 94950 1
81166 100269 1
81166 104021 1
112078 112079 1
112078 112080 1
112078 112081 1
112078 112082 1
112078 112083 1
112078 112084 1
112078 115197 1
112080 112078 1
112080 112079 1
112080 112081 1
112080 112082 1
112080 112083 1
112080 112084 1
112080 115197 1
112081 112078 1
112081 112079 1
112081 112080 1
112081 112082 1
112081 112083 1
112081 112084 1
112081 115197 1
112082 112078 1
112082 112079 1
112082 112080 1
112082 112081 1
112082 112083 1
112082 112084 1
112082 115197 1
112083 112078 1
112083 112079 1
112083 112080 1
112083 112081 1
112083 112082 1
112083 112084 1
112083 115197 1
112084 112078 1
112084 112079 1
112084 112080 1
112084 112081 1
112084 112082 1
112084 112083 1
112084 115197 1
104024 108200 1
104024 108201 1
104024 112149 1
104024 115198 1
108200 77884 1
108200 78691 1
108200 80938 1
108200 104024 1
108200 108201 1
108200 112149 1
108200 115198 1
108200 118460 1
108201 104024 1
108201 108200 1
108201 112149 1
108201 115198 1
112149 104024 1
112149 108200 1
112149 108201 1
112149 115198 1
65041 94187 1
65041 94817 1
65041 118460 1
80938 108200 1
80938 118460 1
94187 65041 1
94187 94817 1
94187 118460 1
94817 65041 1
94817 94187 1
94817 118460 1
110451 118460 1
110451 119148 1
110451 119149 1
118459 118460 1
119148 110451 1
119148 118460 1
119148 119149 1
119149 110451 1
119149 118460 1
119149 119148 1
81030 85466 1
81030 119105 1
85466 81030 1
85466 119105 1
119054 119105 1
119054 119268 1
119104 119105 1
119268 78682 1
119268 103294 1
119268 103295 1
119268 103296 1
119268 105024 1
119268 119054 1
119268 119105 1
119268 119269 1
73719 68238 1
73719 77857 1
73719 80096 1
73719 92944 1
73719 95728 1
73719 125760 1
77857 68238 1
77857 73719 1
77857 77865 1
77857 77882 1
77857 80096 1
77857 81166 1
77857 92944 1
77857 95728 1
77857 104021 1
77857 125760 1
77867 108387 1
77867 111286 1
77867 125760 1
80096 68238 1
80096 73719 1
80096 77857 1
80096 92944 1
80096 95728 1
80096 125760 1
80591 68732 1
80591 68733 1
80591 125760 1
92944 68238 1
92944 73719 1
92944 77857 1
92944 80096 1
92944 92955 1
92944 95728 1
92944 125760 1
95728 68238 1
95728 73719 1
95728 77857 1
95728 80096 1
95728 92944 1
95728 95727 1
95728 95730 1
95728 125760 1
111286 77867 1
111286 108387 1
111286 125760 1
84748 81166 1
84748 94950 1
92955 92944 1
103294 103295 1
103294 103296 1
103294 105024 1
103294 119268 1
103296 103294 1
103296 103295 1
103296 105024 2
103296 105025 1
103296 105771 1
103296 119268 1
105024 103294 1
105024 103295 1
105024 103296 2
105024 105025 1
105024 119268 1
119269 119268 1
77884 78691 1
77884 108200 1
110281 81163 1
110281 95959 1
110281 115262 1
115262 81163 1
115262 95959 1
115262 110281 1
104038 77891 1
104038 92002 1
104038 105054 1
105054 77891 1
105054 92002 1
105054 104038 1
53795 53111 1
80937 79445 1
80937 80626 1
80937 99538 1
99538 79445 1
99538 80626 1
99538 80937 1
105025 103296 1
105025 105024 1
105025 105771 1
105771 103296 1
105771 105025 1
