116438 121660 1
121660 97953 1
121660 110472 1
121660 113547 1
121660 116235 1
121660 116438 1
121660 116816 1
121660 116998 1
121660 121659 1
121660 123433 1
97953 61702 1
97953 116816 1
97953 121660 1
110472 48322 1
110472 59769 1
110472 74967 1
110472 74969 1
110472 75732 1
110472 85092 1
110472 88766 1
110472 89804 1
110472 92789 1
110472 98100 1
110472 98607 1
110472 105822 1
110472 110470 1
110472 110473 1
110472 110475 1
110472 110476 1
110472 113230 1
110472 114983 2
110472 116235 2
110472 116511 1
110472 116693 1
110472 118836 1
110472 119378 1
110472 121660 1
110472 123433 1
113547 57746 1
113547 59769 1
113547 72127 1
113547 91555 1
113547 98545 1
113547 102462 1
113547 121660 1
116235 55835 1
116235 69202 1
116235 70328 1
116235 74968 1
116235 85800 1
116235 88764 1
116235 88992 1
116235 102265 1
116235 107076 1
116235 110472 2
116235 121660 1
116235 123433 1
116816 44428 1
116816 47182 1
116816 51069 1
116816 65120 1
116816 65596 1
116816 85373 1
116816 97953 1
116816 109423 1
116816 121660 1
116998 63706 1
116998 85831 1
116998 88969 1
116998 88971 1
116998 96663 1
116998 96669 1
116998 101937 1
116998 103783 1
116998 121660 1
121659 121660 1
123433 110472 1
123433 116235 1
123433 121660 1
61702 97953 1
61702 97995 1
61702 97997 1
48322 74967 1
48322 74969 1
48322 104790 1
48322 110470 1
48322 110472 1
48322 110473 1
48322 110475 1
48322 110476 1
48322 113230 1
48322 114983 1
48322 116693 1
48322 118836 1
59769 37379 1
59769 55835 1
59769 55836 1
59769 58204 1
59769 67259 1
59769 68467 1
59769 72127 1
59769 74570 1
59769 74729 1
59769 74778 1
59769 76514 1
59769 76668 1
59769 85744 1
59769 86513 1
59769 91782 1
59769 96676 1
59769 108011 1
59769 110194 1
59769 110472 1
59769 113547 1
59769 115207 1
59769 118107 1
59769 118642 1
59769 125659 2
74967 48322 1
74967 74969 1
74967 110470 1
74967 110472 1
74967 110473 1
74967 110475 1
74967 110476 1
74967 113230 1
74967 114983 1
74967 116693 1
74967 118836 1
74969 48322 1
74969 74967 1
74969 110470 1
74969 110472 1
74969 110473 1
74969 110475 1
74969 110476 1
74969 113230 1
74969 114983 1
74969 116693 1
74969 118836 1
75732 37381 1
75732 71944 1
75732 83035 1
75732 88969 1
75732 99491 1
75732 105426 1
75732 105822 1
75732 109754 1
75732 110472 1
85092 55165 1
85092 55836 1
85092 59768 1
85092 65310 1
85092 69205 1
85092 71557 1
85092 74296 1
85092 80778 1
85092 80781 1
85092 88927 1
85092 89804 1
85092 98100 1
85092 105235 1
85092 106580 1
85092 110472 1
85092 113140 1
85092 116425 1
88766 88803 1
88766 91554 1
88766 91555 1
88766 91558 1
88766 98607 1
88766 106691 1
88766 110472 1
89804 48309 1
89804 59768 1
89804 71557 1
89804 77699 1
89804 85092 1
89804 88927 1
89804 98100 1
89804 102265 1
89804 106580 1
89804 110472 1
89804 113140 1
89804 113230 1
89804 113914 1
89804 116511 1
89804 118502 1
89804 118642 1
92789 83026 1
92789 110472 1
92789 113728 1
92789 114983 1
92789 119378 1
98100 55836 2
98100 65310 1
98100 67037 1
98100 69205 1
98100 83374 1
98100 85092 1
98100 89804 1
98100 98096 1
98100 98097 1
98100 98098 1
98100 98101 1
98100 104099 1
98100 108089 1
98100 109420 1
98100 110472 1
98100 116511 1
98100 127527 1
98607 85380 1
98607 88766 1
98607 110472 1
105822 75732 1
105822 88973 1
105822 110472 1
110470 48322 1
110470 67259 1
110470 74829 1
110470 74967 1
110470 74969 1
110470 81195 1
110470 96344 1
110470 102552 1
110470 110472 1
110470 110473 1
110470 110475 1
110470 110476 1
110470 113140 1
110470 113230 1
110470 114983 1
110470 116693 1
110470 118836 1
110473 48322 1
110473 55331 1
110473 58204 1
110473 60917 1
110473 65647 1
110473 70512 1
110473 74967 1
110473 74969 1
110473 83830 1
110473 87914 1
110473 92536 1
110473 102552 1
110473 110470 1
110473 110472 1
110473 110475 1
110473 110476 1
110473 113230 2
110473 114983 1
110473 116425 1
110473 116693 1
110473 118836 1
110475 48322 1
110475 67037 1
110475 74967 1
110475 74969 1
110475 110470 1
110475 110472 1
110475 110473 1
110475 110476 1
110475 113230 1
110475 114983 1
110475 116693 1
110475 118836 1
110476 21760 1
110476 48322 1
110476 50566 1
110476 57753 1
110476 59527 1
110476 73344 1
110476 74967 1
110476 74969 1
110476 106705 1
110476 110470 1
110476 110472 1
110476 110473 1
110476 110475 1
110476 113230 1
110476 114983 1
110476 116693 1
110476 118836 1
113230 48322 1
113230 74967 1
113230 74969 1
113230 89804 1
113230 110470 1
113230 110472 1
113230 110473 2
113230 110475 1
113230 110476 1
113230 114983 1
113230 116425 1
113230 116693 1
113230 118836 1
113230 121644 1
114983 48322 1
114983 58221 1
114983 74829 1
114983 74967 1
114983 74969 1
114983 88969 1
114983 92789 1
114983 107637 1
114983 108089 1
114983 110470 1
114983 110472 2
114983 110473 1
114983 110475 1
114983 110476 1
114983 113230 1
114983 116693 1
114983 118836 1
114983 119378 1
116511 89804 1
116511 98100 1
116511 110472 1
116511 115207 1
116693 48322 1
116693 57863 1
116693 60788 1
116693 74967 1
116693 74969 1
116693 94150 1
116693 110470 1
116693 110472 1
116693 110473 1
116693 110475 1
116693 110476 1
116693 110955 1
116693 113230 1
116693 114983 1
116693 118836 1
118836 48322 1
118836 74967 1
118836 74969 1
118836 110470 1
118836 110472 1
118836 110473 1
118836 110475 1
118836 110476 1
118836 113230 1
118836 114983 1
118836 116693 1
119378 92789 1
119378 110472 1
119378 114983 1
57746 81196 1
57746 98545 1
57746 102462 1
57746 113547 1
72127 59769 1
72127 64693 1
72127 76666 1
72127 77479 1
72127 84139 1
72127 104980 1
72127 113547 1
91555 44557 1
91555 55169 1
91555 60782 1
91555 76658 1
91555 88764 1
91555 88766 1
91555 91554 1
91555 91558 1
91555 91787 1
91555 98759 1
91555 100845 1
91555 106501 1
91555 112062 1
91555 113547 1
91555 127123 1
98545 57746 1
98545 74734 1
98545 86838 1
98545 95161 1
98545 102462 1
98545 113547 1
98545 127089 1
102462 57165 1
102462 57746 1
102462 98545 1
102462 113547 1
55835 59769 1
55835 88989 1
55835 116235 1
69202 57164 1
69202 64587 1
69202 69205 2
69202 77059 1
69202 80362 1
69202 88971 1
69202 88990 1
69202 89633 1
69202 90421 1
69202 91782 1
69202 109421 1
69202 116235 1
69202 121512 1
69202 126256 1
69202 127089 1
70328 65310 1
70328 74968 1
70328 76656 1
70328 84633 1
70328 85800 1
70328 88764 1
70328 107076 1
70328 116235 1
74968 70328 1
74968 82762 1
74968 85800 2
74968 88764 1
74968 107076 1
74968 116235 1
85800 59768 1
85800 70328 1
85800 74968 2
85800 85793 1
85800 88764 1
85800 89943 1
85800 107076 1
85800 116235 1
88764 60782 1
88764 62905 1
88764 70328 1
88764 71879 1
88764 74968 1
88764 79846 1
88764 85800 1
88764 91555 1
88764 91787 1
88764 98759 1
88764 107076 1
88764 112062 1
88764 116235 1
88992 71482 1
88992 76125 1
88992 91782 1
88992 93527 1
88992 95375 1
88992 102265 1
88992 116235 1
88992 121863 1
102265 74729 1
102265 77699 1
102265 88992 1
102265 89804 1
102265 105426 1
102265 112834 1
102265 113914 1
102265 116235 1
102265 118502 1
102265 118642 1
102265 125790 1
107076 65310 1
107076 70328 1
107076 74968 1
107076 85800 1
107076 88764 1
107076 116235 1
44428 116816 1
47182 51069 1
47182 85373 1
47182 116816 1
51069 21757 1
51069 40197 1
51069 44426 1
51069 47182 1
51069 55146 1
51069 58033 1
51069 58204 1
51069 85373 1
51069 116816 1
65120 116816 1
65596 35445 1
65596 111131 1
65596 114754 1
65596 116816 1
85373 47182 1
85373 51069 1
85373 76514 1
85373 85372 1
85373 95153 1
85373 96344 1
85373 116816 1
85373 127123 1
109423 55331 1
109423 72091 1
109423 116816 1
63706 116998 1
85831 63431 1
85831 76483 1
85831 88969 1
85831 88971 1
85831 96663 1
85831 96669 1
85831 101937 1
85831 103783 1
85831 108444 1
85831 116998 1
88969 65647 1
88969 72184 1
88969 74829 1
88969 75732 1
88969 76997 1
88969 85831 1
88969 88971 1
88969 96663 1
88969 96669 1
88969 101937 2
88969 103783 1
88969 107637 1
88969 114983 1
88969 116998 1
88969 123594 1
88971 69202 1
88971 85561 1
88971 85831 1
88971 88969 1
88971 96663 1
88971 96669 1
88971 101937 1
88971 103783 1
88971 116998 1
96663 85831 1
96663 88969 1
96663 88971 1
96663 96669 1
96663 101937 1
96663 103783 1
96663 116998 1
96669 37379 1
96669 48309 1
96669 85831 1
96669 88969 1
96669 88971 1
96669 96663 1
96669 101937 1
96669 103783 1
96669 116998 1
101937 65647 1
101937 76494 1
101937 85831 1
101937 88969 2
101937 88971 1
101937 95153 1
101937 96663 1
101937 96669 1
101937 103783 1
101937 115642 1
101937 116998 1
103783 72703 1
103783 73344 1
103783 85831 1
103783 88969 1
103783 88971 1
103783 89944 1
103783 96663 1
103783 96669 1
103783 101937 1
103783 116998 1
103783 127604 1
97995 61702 1
97995 97997 1
97997 61702 1
97997 84633 1
97997 97995 1
104790 48322 1
104790 114754 1
37379 57752 1
37379 58204 1
37379 58211 1
37379 59769 1
37379 60782 1
37379 60788 1
37379 68467 1
37379 71944 1
37379 74570 1
37379 74778 1
37379 96669 1
37379 125659 1
55836 59769 1
55836 65310 1
55836 69205 1
55836 74729 1
55836 85092 1
55836 98096 1
55836 98097 1
55836 98098 1
55836 98100 2
55836 98101 1
55836 104099 1
55836 115207 1
58204 21757 1
58204 37379 1
58204 44426 1
58204 51069 1
58204 55331 1
58204 59769 1
58204 60917 1
58204 83830 1
58204 92536 1
58204 110473 1
58204 115207 1
67259 37381 1
67259 59769 1
67259 74829 1
67259 77059 1
67259 85380 1
67259 105426 1
67259 110470 1
67259 127604 1
68467 37379 1
68467 59769 1
68467 74570 1
68467 74778 1
68467 125659 1
74570 37379 1
74570 57165 1
74570 59769 1
74570 68467 1
74570 71944 1
74570 74734 1
74570 74778 1
74570 112062 1
74570 125659 1
74729 55836 1
74729 59769 1
74729 102265 1
74729 109421 1
74729 110194 1
74729 115207 1
74729 125790 1
74778 37379 1
74778 59769 1
74778 68467 1
74778 74570 1
74778 125659 1
76514 59769 1
76514 71557 1
76514 85373 1
76514 89943 1
76668 59769 1
76668 96676 1
76668 109421 1
76668 125659 1
85744 59769 1
85744 86513 1
85744 108011 1
85744 125790 1
86513 59769 1
86513 76656 1
86513 85744 1
86513 96344 1
86513 108011 1
86513 110194 1
86513 121863 1
86513 125790 1
91782 59769 1
91782 69202 1
91782 71944 1
91782 76125 1
91782 88992 1
91782 93527 1
96676 59769 1
96676 76668 1
96676 113728 1
96676 125659 1
108011 59769 1
108011 85744 1
108011 86513 1
108011 98101 1
108011 106580 1
110194 59769 1
110194 74729 1
110194 86513 1
110194 109421 1
110194 118107 1
110194 118642 1
110194 125790 1
115207 55836 1
115207 58204 1
115207 59769 1
115207 74729 1
115207 87914 1
115207 100845 1
115207 102552 1
115207 116511 1
118107 59769 1
118107 110194 1
118107 118642 1
118642 59769 1
118642 77699 1
118642 89804 1
118642 102265 1
118642 110194 1
118642 113914 1
118642 115237 1
118642 118107 1
118642 118502 1
118642 121644 1
125659 37379 1
125659 51067 1
125659 59769 2
125659 68467 1
125659 74570 1
125659 74778 1
125659 76668 1
125659 77059 1
125659 91787 1
125659 95161 1
125659 96676 1
37381 67259 1
37381 75732 1
37381 83035 1
37381 99491 1
37381 102552 1
71944 37379 1
71944 57165 1
71944 74570 1
71944 74734 1
71944 75732 1
71944 91782 1
71944 112062 1
83035 35445 1
83035 37381 1
83035 71482 1
83035 75732 1
83035 91787 1
83035 99491 1
99491 37381 1
99491 75732 1
99491 83035 1
105426 67259 1
105426 75732 1
105426 88989 1
105426 102265 1
105426 109754 1
105426 112834 1
105426 127604 1
109754 75732 1
109754 84633 1
109754 105426 1
55165 74296 1
55165 80778 1
55165 80781 1
55165 85092 1
55165 105235 1
59768 71557 1
59768 85092 1
59768 85800 1
59768 88927 1
59768 89804 1
59768 106580 1
59768 113140 1
65310 55836 1
65310 69205 1
65310 70328 1
65310 76656 1
65310 84633 1
65310 85092 1
65310 98100 1
65310 107076 1
69205 55836 1
69205 65310 1
69205 69202 2
69205 85092 1
69205 98100 1
71557 59768 1
71557 60290 1
71557 76514 1
71557 85092 1
71557 88927 1
71557 89804 1
71557 89943 1
71557 106580 1
71557 113140 1
74296 55165 1
74296 80778 1
74296 80781 1
74296 85092 1
74296 105235 1
80778 55165 1
80778 74296 1
80778 80781 2
80778 85092 1
80778 105235 1
80781 55165 1
80781 74296 1
80781 80778 2
80781 85092 1
80781 105235 1
88927 57164 1
88927 59768 1
88927 60917 1
88927 71557 1
88927 81195 1
88927 85092 1
88927 89804 1
88927 106580 1
88927 106691 1
88927 113140 1
105235 55165 1
105235 74296 1
105235 80778 1
105235 80781 1
105235 85092 1
106580 58221 1
106580 59768 1
106580 71557 1
106580 85092 1
106580 88927 1
106580 89804 1
106580 98101 1
106580 108011 1
106580 113140 1
106580 123594 1
113140 59768 1
113140 71557 1
113140 85092 1
113140 85793 1
113140 88927 1
113140 89804 1
113140 106580 1
113140 110470 1
116425 85092 1
116425 106705 1
116425 110473 1
116425 113230 1
116425 113728 1
88803 88766 1
88803 106691 1
91554 85380 1
91554 88766 1
91554 91555 1
91554 91558 1
91558 88766 1
91558 91554 1
91558 91555 1
106691 60917 1
106691 88766 1
106691 88803 1
106691 88927 1
106691 93527 1
48309 81196 1
48309 89804 1
48309 96669 1
77699 89804 1
77699 102265 1
77699 113914 1
77699 118502 1
77699 118642 1
113914 77699 1
113914 89804 1
113914 102265 1
113914 118502 1
113914 118642 1
118502 77699 1
118502 89804 1
118502 102265 1
118502 113914 1
118502 118642 1
83026 92789 1
83026 113728 1
113728 83026 1
113728 84633 1
113728 92789 1
113728 96676 1
113728 102552 1
113728 102729 1
113728 116425 1
67037 98100 1
67037 110475 1
67037 127527 1
83374 98100 1
83374 108089 1
83374 109420 1
98096 55836 1
98096 57165 1
98096 98097 1
98096 98098 1
98096 98100 1
98096 98101 1
98096 104099 1
98097 55836 1
98097 60788 1
98097 98096 1
98097 98098 1
98097 98100 1
98097 98101 1
98097 104099 1
98098 55836 1
98098 98096 1
98098 98097 1
98098 98100 1
98098 98101 1
98098 104099 1
98098 112062 1
98101 55836 1
98101 98096 1
98101 98097 1
98101 98098 1
98101 98100 1
98101 104099 1
98101 106580 1
98101 108011 1
98101 114754 1
104099 55836 1
104099 98096 1
104099 98097 1
104099 98098 1
104099 98100 1
104099 98101 1
108089 58221 1
108089 83374 1
108089 98100 1
108089 109420 1
108089 114983 1
109420 83374 1
109420 98100 1
109420 108089 1
109420 109421 1
127527 67037 1
127527 98100 1
85380 67259 1
85380 79846 1
85380 91554 1
85380 98607 1
88973 105822 1
88973 111131 1
74829 21760 1
74829 67259 1
74829 77059 1
74829 88969 1
74829 102552 2
74829 107637 1
74829 110470 1
74829 110955 2
74829 114983 1
81195 57164 1
81195 77059 1
81195 88927 1
81195 110470 1
96344 85373 1
96344 86513 1
96344 110470 1
96344 121863 1
102552 37381 1
102552 65647 1
102552 70512 1
102552 74829 2
102552 87914 2
102552 95161 1
102552 100845 1
102552 110470 1
102552 110473 1
102552 113728 1
102552 114754 1
102552 115207 1
55331 58204 1
55331 60917 1
55331 72091 1
55331 83830 1
55331 92536 1
55331 109423 1
55331 110473 1
60917 55331 1
60917 58204 1
60917 83830 1
60917 88927 1
60917 92536 1
60917 106691 1
60917 110473 1
65647 70512 1
65647 87914 1
65647 88969 1
65647 101937 1
65647 102552 1
65647 110473 1
70512 65647 1
70512 87914 2
70512 102552 1
70512 110473 1
83830 55331 1
83830 58204 1
83830 60917 1
83830 92536 1
83830 110473 1
87914 50566 1
87914 65647 1
87914 70512 2
87914 100845 1
87914 102552 2
87914 110473 1
87914 115207 1
87914 121512 1
92536 55331 1
92536 58204 1
92536 60917 1
92536 83830 1
92536 110473 1
21760 50566 1
21760 57165 1
21760 59527 1
21760 67488 1
21760 74829 1
21760 81196 1
21760 110476 1
50566 21760 1
50566 59527 1
50566 87914 1
50566 110476 1
50566 110955 1
57753 89633 1
57753 110476 1
59527 21760 1
59527 50566 1
59527 110476 1
73344 103783 1
73344 106705 1
73344 110476 1
106705 73344 1
106705 109421 1
106705 110476 1
106705 116425 1
121644 113230 1
121644 118642 1
58221 85372 1
58221 106501 1
58221 106580 1
58221 108089 1
58221 114983 1
107637 74829 1
107637 88969 1
107637 114983 1
57863 116693 1
60788 37379 1
60788 60071 1
60788 95375 1
60788 98097 1
60788 116693 1
60788 125790 1
94150 77059 1
94150 116693 1
110955 50566 1
110955 74829 2
110955 110957 1
110955 116693 1
81196 21760 1
81196 48309 1
81196 57165 1
81196 57746 1
64693 72127 1
64693 77479 1
64693 84139 1
64693 104980 1
76666 72127 1
77479 64693 1
77479 72127 1
77479 84139 1
77479 104980 1
84139 64693 1
84139 72127 1
84139 77479 1
84139 104980 1
104980 64693 1
104980 72127 1
104980 77479 1
104980 84139 1
44557 91555 1
55169 91555 1
60782 37379 1
60782 88764 1
60782 91555 1
60782 91787 1
60782 98759 1
60782 112062 1
76658 91555 1
91787 35445 1
91787 60782 1
91787 83035 1
91787 88764 1
91787 91555 1
91787 98759 1
91787 112062 1
91787 125659 1
98759 60782 1
98759 88764 1
98759 91555 1
98759 91787 1
98759 112062 1
100845 87914 1
100845 91555 1
100845 102552 1
100845 106501 1
100845 115207 1
106501 58221 1
106501 91555 1
106501 100845 1
112062 57165 1
112062 60782 1
112062 71944 1
112062 74570 1
112062 74734 1
112062 88764 1
112062 91555 1
112062 91787 1
112062 98098 1
112062 98759 1
127123 85373 1
127123 91555 1
127123 127089 1
74734 57165 3
74734 71944 1
74734 74570 1
74734 86838 1
74734 95161 1
74734 98545 1
74734 112062 1
86838 74734 1
86838 95161 1
86838 98545 1
95161 74734 1
95161 85793 1
95161 86838 1
95161 98545 1
95161 102552 1
95161 114754 1
95161 125659 1
127089 57165 1
127089 64587 1
127089 69202 1
127089 89633 1
127089 90421 1
127089 98545 1
127089 121512 1
127089 126256 1
127089 127123 1
57165 21760 1
57165 71944 1
57165 74570 1
57165 74734 3
57165 77059 1
57165 81196 1
57165 98096 1
57165 102462 1
57165 112062 1
57165 127089 1
88989 55835 1
88989 105426 1
57164 69202 1
57164 77059 1
57164 81195 1
57164 88927 1
64587 69202 1
64587 89633 1
64587 90421 1
64587 121512 1
64587 126256 1
64587 127089 1
77059 57164 1
77059 57165 1
77059 67259 1
77059 69202 1
77059 74829 1
77059 81195 1
77059 94150 1
77059 125659 1
80362 69202 1
80362 84633 1
88990 69202 1
89633 57753 1
89633 64587 1
89633 69202 1
89633 89944 1
89633 90421 1
89633 121512 1
89633 126256 1
89633 127089 1
90421 64587 1
90421 69202 1
90421 89633 1
90421 121512 1
90421 126256 1
90421 127089 1
109421 69202 1
109421 74729 1
109421 76668 1
109421 106705 1
109421 109420 1
109421 110194 1
121512 64587 1
121512 69202 1
121512 87914 1
121512 89633 1
121512 90421 1
121512 126256 1
121512 127089 1
126256 64587 1
126256 69202 1
126256 89633 1
126256 90421 1
126256 121512 1
126256 127089 1
76656 65310 1
76656 70328 1
76656 84633 1
76656 86513 1
84633 65310 1
84633 70328 1
84633 76656 1
84633 80362 1
84633 97997 1
84633 109754 1
84633 113728 1
82762 74968 1
85793 85800 1
85793 89943 1
85793 95161 1
85793 113140 1
89943 71557 1
89943 76514 1
89943 85793 1
89943 85800 1
62905 71879 2
62905 88764 1
71879 62905 2
71879 72091 1
71879 88764 1
79846 85380 1
79846 88764 1
71482 83035 1
71482 88992 1
71482 95375 1
71482 121863 1
76125 88992 1
76125 91782 1
76125 93527 1
93527 76125 1
93527 88992 1
93527 91782 1
93527 106691 1
95375 60788 1
95375 71482 1
95375 88992 1
95375 121863 1
121863 71482 1
121863 77668 1
121863 86513 1
121863 88992 1
121863 95375 1
121863 96344 1
112834 102265 1
112834 105426 1
125790 60788 1
125790 74729 1
125790 85744 1
125790 86513 1
125790 102265 1
125790 110194 1
21757 44426 1
21757 51069 1
21757 58204 1
40197 51069 1
40197 55146 1
40197 58033 1
44426 21757 1
44426 51069 1
44426 58204 1
55146 40197 1
55146 51069 1
55146 58033 1
58033 40197 1
58033 51069 1
58033 55146 1
35445 65596 1
35445 83035 1
35445 91787 1
111131 65596 1
111131 88973 1
111131 114754 1
114754 65596 1
114754 95161 1
114754 98101 1
114754 102552 1
114754 104790 1
114754 111131 1
85372 58221 1
85372 85373 1
85372 95153 1
95153 85372 1
95153 85373 1
95153 101937 1
72091 55331 1
72091 71879 1
72091 109423 1
63431 76483 1
63431 85831 1
76483 63431 1
76483 85831 1
108444 85831 1
72184 88969 1
72184 123594 1
76997 88969 1
123594 72184 1
123594 88969 1
123594 106580 1
85561 88971 1
76494 101937 1
115642 101937 1
72703 103783 1
72703 127604 1
89944 89633 1
89944 103783 1
127604 67259 1
127604 72703 1
127604 103783 1
127604 105426 1
57752 37379 1
58211 37379 1
115237 118642 1
77668 121863 1
60071 60788 1
110957 110955 1
67488 21760 1
102729 113728 1
60290 71557 1
51067 125659 1
