125306 125256 3
125256 22494 1
125256 26137 1
125256 33367 1
125256 34564 1
125256 35213 1
125256 37982 1
125256 38764 1
125256 61365 1
125256 125306 3
22494 22610 1
22494 26137 1
22494 26445 1
22494 33367 1
22494 34564 1
22494 36919 1
22494 37982 1
22494 38764 1
22494 61365 1
22494 125256 1
26137 16531 1
26137 22494 1
26137 25459 1
26137 29673 1
26137 30721 1
26137 33102 1
26137 33367 1
26137 34563 1
26137 34564 2
26137 36218 1
26137 37391 1
26137 37982 1
26137 38764 1
26137 61365 1
26137 125256 1
33367 10622 3
33367 15913 1
33367 20669 1
33367 22494 1
33367 23629 1
33367 26137 1
33367 26195 1
33367 26655 1
33367 27527 1
33367 29673 1
33367 31268 1
33367 32868 1
33367 33364 1
33367 33365 1
33367 33366 1
33367 33368 1
33367 33369 1
33367 33370 1
33367 34564 1
33367 37982 1
33367 38764 1
33367 50468 1
33367 61365 1
33367 125256 1
34564 5101 1
34564 5105 1
34564 7526 1
34564 16531 1
34564 19256 1
34564 22494 1
34564 25459 1
34564 26137 2
34564 29673 1
34564 30721 1
34564 33102 1
34564 33367 1
34564 34563 1
34564 36218 1
34564 37391 1
34564 37982 1
34564 38764 1
34564 61365 1
34564 125256 1
35213 14593 1
35213 25638 1
35213 26210 1
35213 35204 1
35213 35625 1
35213 125256 1
37982 18704 1
37982 22494 1
37982 26137 1
37982 27535 1
37982 28384 1
37982 33367 1
37982 34564 1
37982 38764 1
37982 61365 1
37982 125256 1
38764 22494 1
38764 26137 1
38764 32092 1
38764 33367 1
38764 34564 1
38764 37982 1
38764 61365 1
38764 125256 1
61365 22494 1
61365 26137 1
61365 30971 1
61365 30984 1
61365 31086 1
61365 33367 1
61365 34564 1
61365 36552 1
61365 37982 1
61365 38192 1
61365 38331 1
61365 38570 1
61365 38764 1
61365 49505 1
61365 53195 1
61365 53762 1
61365 54258 1
61365 55476 1
61365 58684 1
61365 125256 1
22610 22494 1
26445 22494 1
26445 26420 1
26445 26444 1
26445 29125 1
26445 32093 1
26445 35117 1
26445 36919 1
26445 37586 1
36919 11017 1
36919 18284 1
36919 22494 1
36919 26445 1
36919 31121 1
36919 35194 1
36919 36089 1
36919 36844 1
36919 36918 1
16531 16530 1
16531 16532 1
16531 16533 1
16531 16534 1
16531 16536 1
16531 25459 1
16531 26137 1
16531 26343 1
16531 26345 1
16531 27444 1
16531 29673 1
16531 30721 1
16531 33102 1
16531 34563 1
16531 34564 1
16531 36218 1
16531 37391 1
16531 38532 1
25459 16531 1
25459 26137 1
25459 29673 1
25459 30721 1
25459 33102 1
25459 34563 1
25459 34564 1
25459 36218 1
25459 37391 1
29673 16531 1
29673 22522 1
29673 23629 1
29673 25459 1
29673 26101 1
29673 26137 1
29673 26195 1
29673 26655 1
29673 27527 1
29673 29672 1
29673 30721 1
29673 33102 1
29673 33364 1
29673 33365 1
29673 33366 1
29673 33367 1
29673 33368 1
29673 33369 1
29673 33370 1
29673 34563 1
29673 34564 1
29673 36218 1
29673 37391 1
30721 9814 1
30721 16531 1
30721 25459 1
30721 26137 1
30721 29673 1
30721 33102 1
30721 34200 1
30721 34563 1
30721 34564 1
30721 36218 1
30721 37391 1
30721 123480 1
30721 123481 1
33102 16531 1
33102 25459 1
33102 26137 1
33102 29673 1
33102 30721 1
33102 34563 1
33102 34564 1
33102 36218 1
33102 37391 1
34563 16531 1
34563 25459 1
34563 26137 1
34563 29673 1
34563 30721 1
34563 33102 1
34563 34564 1
34563 36218 1
34563 37391 1
36218 16531 1
36218 25459 1
36218 26137 1
36218 29673 1
36218 30721 1
36218 33102 1
36218 34563 1
36218 34564 1
36218 36210 2
36218 36215 2
36218 36216 2
36218 36217 2
36218 36219 2
36218 36221 2
36218 36223 2
36218 36224 2
36218 36226 2
36218 36227 2
36218 37391 1
37391 11017 1
37391 16531 1
37391 25459 1
37391 26137 1
37391 26986 1
37391 29673 1
37391 30721 1
37391 33102 1
37391 34563 1
37391 34564 1
37391 36218 1
10622 20669 1
10622 31268 1
10622 33367 3
10622 50468 1
15913 23762 1
15913 32868 1
15913 32916 1
15913 33367 1
15913 41386 1
15913 63308 1
20669 10622 1
20669 17970 1
20669 27538 1
20669 28770 1
20669 31268 2
20669 33367 1
20669 35841 1
20669 38841 1
20669 50468 1
23629 26195 1
23629 26655 1
23629 27527 1
23629 29673 1
23629 33364 1
23629 33365 1
23629 33366 1
23629 33367 1
23629 33368 1
23629 33369 1
23629 33370 1
23629 34732 1
23629 36309 1
26195 16990 1
26195 17722 1
26195 17724 1
26195 17725 1
26195 18745 1
26195 22100 1
26195 23629 1
26195 26655 1
26195 27527 1
26195 28923 1
26195 29673 1
26195 33364 1
26195 33365 1
26195 33366 1
26195 33367 1
26195 33368 1
26195 33369 1
26195 33370 1
26655 21900 1
26655 22485 1
26655 23629 1
26655 26195 1
26655 26436 1
26655 27527 1
26655 29673 1
26655 33364 1
26655 33365 1
26655 33366 1
26655 33367 1
26655 33368 1
26655 33369 1
26655 33370 1
26655 34738 1
27527 2023 1
27527 17048 1
27527 23629 1
27527 26195 1
27527 26655 1
27527 27525 1
27527 28311 1
27527 29673 1
27527 33364 1
27527 33365 1
27527 33366 1
27527 33367 1
27527 33368 1
27527 33369 1
27527 33370 1
31268 10622 1
31268 10821 1
31268 13173 1
31268 15912 2
31268 17970 1
31268 20669 2
31268 25695 1
31268 27538 1
31268 28770 3
31268 31995 1
31268 33367 1
31268 33464 1
31268 33935 1
31268 35841 1
31268 36439 1
31268 38644 1
31268 38841 2
31268 38842 1
31268 50468 1
32868 15913 1
32868 33367 1
33364 23629 1
33364 26195 1
33364 26655 1
33364 27527 1
33364 29673 1
33364 33365 1
33364 33366 1
33364 33367 1
33364 33368 1
33364 33369 1
33364 33370 1
33365 23629 1
33365 26195 1
33365 26655 1
33365 27527 1
33365 29673 1
33365 33364 1
33365 33366 1
33365 33367 1
33365 33368 1
33365 33369 1
33365 33370 1
33366 23629 1
33366 26195 1
33366 26655 1
33366 27527 1
33366 29673 1
33366 33364 1
33366 33365 1
33366 33367 1
33366 33368 1
33366 33369 1
33366 33370 1
33368 19672 1
33368 23629 1
33368 24971 1
33368 26090 2
33368 26195 1
33368 26655 1
33368 27527 1
33368 29673 1
33368 33364 1
33368 33365 1
33368 33366 1
33368 33367 1
33368 33369 1
33368 33370 1
33368 33625 2
33368 33627 2
33368 33629 3
33369 17260 1
33369 23629 1
33369 24679 1
33369 25634 1
33369 26195 1
33369 26655 1
33369 27527 1
33369 29673 1
33369 32355 1
33369 33364 1
33369 33365 1
33369 33366 1
33369 33367 1
33369 33368 1
33369 33370 1
33370 23629 1
33370 26195 1
33370 26655 1
33370 27527 1
33370 29673 1
33370 33364 1
33370 33365 1
33370 33366 1
33370 33367 1
33370 33368 1
33370 33369 1
50468 10622 1
50468 20669 1
50468 31268 1
50468 33367 1
50468 55401 1
5101 5105 1
5101 19256 1
5101 34564 1
5105 5101 1
5105 19256 1
5105 34564 1
7526 13175 1
7526 17161 1
7526 27055 1
7526 31280 1
7526 32914 1
7526 34564 1
7526 38175 1
7526 44167 1
7526 50042 1
19256 5101 1
19256 5105 1
19256 20102 1
19256 34564 1
14593 11016 1
14593 25638 1
14593 26210 1
14593 35204 1
14593 35213 1
14593 35625 1
25638 14593 1
25638 26210 1
25638 35204 1
25638 35213 1
25638 35625 1
25638 35774 1
26210 14593 1
26210 18285 1
26210 23729 1
26210 25638 1
26210 35204 1
26210 35213 1
26210 35625 1
35204 14593 1
35204 25143 1
35204 25638 1
35204 26210 1
35204 32093 1
35204 35213 1
35204 35625 1
35625 14593 1
35625 25638 1
35625 26210 1
35625 35204 1
35625 35213 1
18704 27535 1
18704 28384 1
18704 37982 1
27535 18704 1
27535 28384 1
27535 37982 1
28384 18704 1
28384 27525 1
28384 27530 2
28384 27535 1
28384 27536 1
28384 37982 1
32092 30980 1
32092 33442 1
32092 35655 1
32092 36212 1
32092 36221 1
32092 36309 1
32092 38764 1
32092 43957 1
30971 30984 1
30971 31086 1
30971 36552 1
30971 38192 1
30971 38331 1
30971 53195 1
30971 53762 1
30971 58684 1
30971 61365 1
30984 10879 1
30984 18754 1
30984 25433 1
30984 28548 1
30984 30971 1
30984 31086 1
30984 36552 1
30984 38192 1
30984 38331 1
30984 53195 1
30984 53762 1
30984 58684 1
30984 61365 1
31086 30971 1
31086 30984 1
31086 36552 1
31086 38192 1
31086 38331 1
31086 53195 1
31086 53762 1
31086 58684 1
31086 61365 1
36552 30971 1
36552 30984 1
36552 31086 1
36552 38192 1
36552 38331 1
36552 53195 1
36552 53762 1
36552 58684 1
36552 61365 1
38192 30971 1
38192 30984 1
38192 31086 1
38192 36552 1
38192 38331 1
38192 53195 1
38192 53762 1
38192 58684 1
38192 61365 1
38331 10983 1
38331 19668 1
38331 28314 1
38331 30971 1
38331 30984 1
38331 31086 1
38331 32089 1
38331 34549 1
38331 36552 1
38331 37361 1
38331 38192 1
38331 40964 1
38331 53195 1
38331 53762 1
38331 58684 1
38331 61365 1
38570 29646 1
38570 49505 1
38570 54258 1
38570 55476 1
38570 59882 1
38570 61365 1
38570 69846 1
49505 19668 1
49505 26643 1
49505 38570 1
49505 43286 1
49505 45647 1
49505 54258 1
49505 55476 1
49505 56403 1
49505 61365 1
49505 71492 1
49505 71493 1
49505 74264 1
53195 30971 1
53195 30984 1
53195 31086 1
53195 36552 1
53195 38192 1
53195 38331 1
53195 53762 1
53195 58684 1
53195 61365 1
53195 63308 1
53762 30971 1
53762 30984 1
53762 31086 1
53762 36552 1
53762 38070 1
53762 38192 1
53762 38331 1
53762 53195 1
53762 58684 1
53762 61365 1
54258 38570 1
54258 39426 1
54258 43950 1
54258 49505 1
54258 52240 1
54258 55476 1
54258 59447 1
54258 61030 1
54258 61365 1
54258 61581 1
55476 38570 1
55476 49505 1
55476 54258 1
55476 61365 1
55476 85311 1
58684 30971 1
58684 30984 1
58684 31086 1
58684 36552 1
58684 38192 1
58684 38331 1
58684 53195 1
58684 53762 1
58684 61365 1
26420 26444 1
26420 26445 1
26420 32093 1
26420 35117 1
26420 37586 1
26444 26420 1
26444 26445 1
26444 32093 1
26444 35117 1
26444 37586 1
29125 26445 1
32093 25143 1
32093 26420 1
32093 26444 1
32093 26445 1
32093 35117 1
32093 35204 1
32093 37586 1
32093 123480 1
32093 123481 1
35117 18284 1
35117 18285 1
35117 26420 1
35117 26444 1
35117 26445 1
35117 26986 1
35117 32093 1
35117 37586 1
37586 26420 1
37586 26444 1
37586 26445 1
37586 32093 1
37586 35117 1
37586 36309 1
11017 11016 1
11017 18284 1
11017 26986 1
11017 31121 1
11017 35194 1
11017 36089 1
11017 36844 1
11017 36919 1
11017 37391 1
18284 11017 1
18284 13175 1
18284 18285 1
18284 26986 1
18284 31121 1
18284 35117 1
18284 35194 1
18284 36089 1
18284 36844 1
18284 36919 1
31121 11017 1
31121 18284 1
31121 35194 1
31121 36089 1
31121 36844 1
31121 36919 1
35194 11017 1
35194 18284 1
35194 31121 1
35194 36089 1
35194 36844 1
35194 36919 1
36089 11017 1
36089 18284 1
36089 31121 1
36089 35194 1
36089 36844 1
36089 36919 1
36844 11017 1
36844 18284 1
36844 31121 1
36844 35194 1
36844 36089 1
36844 36309 1
36844 36919 1
36918 36919 1
16530 16531 1
16530 16532 1
16530 16533 1
16530 16534 1
16530 16536 1
16530 26343 1
16530 26345 1
16530 27444 1
16530 38532 1
16532 16530 1
16532 16531 1
16532 16533 1
16532 16534 1
16532 16536 1
16532 26343 1
16532 26345 1
16532 27444 1
16532 38532 1
16533 16530 1
16533 16531 1
16533 16532 1
16533 16534 1
16533 16536 1
16533 26343 1
16533 26345 1
16533 27444 1
16533 38532 1
16534 16530 1
16534 16531 1
16534 16532 1
16534 16533 1
16534 16536 1
16534 26343 1
16534 26345 1
16534 27444 1
16534 38532 1
16536 16530 1
16536 16531 1
16536 16532 1
16536 16533 1
16536 16534 1
16536 26343 1
16536 26345 1
16536 27444 1
16536 38532 1
26343 16530 1
26343 16531 1
26343 16532 1
26343 16533 1
26343 16534 1
26343 16536 1
26343 26345 1
26343 27444 1
26343 38532 1
26345 16530 1
26345 16531 1
26345 16532 1
26345 16533 1
26345 16534 1
26345 16536 1
26345 26343 1
26345 27444 1
26345 38532 1
27444 16530 1
27444 16531 1
27444 16532 1
27444 16533 1
27444 16534 1
27444 16536 1
27444 26343 1
27444 26345 1
27444 38532 1
38532 16530 1
38532 16531 1
38532 16532 1
38532 16533 1
38532 16534 1
38532 16536 1
38532 26343 1
38532 26345 1
38532 27444 1
22522 21900 1
22522 26101 1
22522 29672 1
22522 29673 1
26101 22522 1
26101 29672 1
26101 29673 1
29672 22522 1
29672 26101 1
29672 29673 1
29672 38175 1
9814 30721 1
34200 30721 1
34200 123480 4
34200 123481 3
123480 30721 1
123480 32093 1
123480 34200 4
123480 123481 4
123481 30721 1
123481 32093 1
123481 34200 3
123481 123480 4
36210 36212 1
36210 36215 2
36210 36216 2
36210 36217 2
36210 36218 2
36210 36219 2
36210 36221 2
36210 36223 2
36210 36224 2
36210 36226 2
36210 36227 2
36215 36210 2
36215 36216 2
36215 36217 2
36215 36218 2
36215 36219 2
36215 36221 2
36215 36223 2
36215 36224 2
36215 36226 2
36215 36227 2
36216 36210 2
36216 36215 2
36216 36217 2
36216 36218 2
36216 36219 2
36216 36221 2
36216 36223 2
36216 36224 2
36216 36226 2
36216 36227 2
36217 36210 2
36217 36215 2
36217 36216 2
36217 36218 2
36217 36219 2
36217 36221 2
36217 36223 2
36217 36224 2
36217 36226 2
36217 36227 2
36219 36210 2
36219 36215 2
36219 36216 2
36219 36217 2
36219 36218 2
36219 36221 2
36219 36223 2
36219 36224 2
36219 36226 2
36219 36227 2
36221 30980 1
36221 32092 1
36221 35655 1
36221 36210 2
36221 36215 2
36221 36216 2
36221 36217 2
36221 36218 2
36221 36219 2
36221 36223 2
36221 36224 2
36221 36226 2
36221 36227 2
36221 36309 1
36223 36210 2
36223 36215 2
36223 36216 2
36223 36217 2
36223 36218 2
36223 36219 2
36223 36221 2
36223 36224 2
36223 36226 2
36223 36227 2
36224 36210 2
36224 36215 2
36224 36216 2
36224 36217 2
36224 36218 2
36224 36219 2
36224 36221 2
36224 36223 2
36224 36226 3
36224 36227 3
36226 36210 2
36226 36215 2
36226 36216 2
36226 36217 2
36226 36218 2
36226 36219 2
36226 36221 2
36226 36223 2
36226 36224 3
36226 36227 3
36227 36210 2
36227 36215 2
36227 36216 2
36227 36217 2
36227 36218 2
36227 36219 2
36227 36221 2
36227 36223 2
36227 36224 3
36227 36226 3
26986 11017 1
26986 18284 1
26986 18285 1
26986 35117 1
26986 37391 1
23762 15913 1
32916 15913 1
41386 15913 1
41386 63308 1
63308 15913 1
63308 41386 1
63308 53195 1
17970 20669 1
17970 24679 1
17970 27538 1
17970 28770 1
17970 31268 1
17970 35841 1
17970 38841 1
27538 17970 1
27538 20669 1
27538 28770 1
27538 31268 1
27538 35841 1
27538 38841 1
28770 10821 1
28770 13173 1
28770 15912 1
28770 17970 1
28770 20669 1
28770 22100 1
28770 25695 1
28770 27538 1
28770 31268 3
28770 31995 1
28770 33464 1
28770 33935 1
28770 35841 1
28770 36439 1
28770 38644 1
28770 38841 1
35841 17970 1
35841 20669 1
35841 27538 1
35841 28770 1
35841 31268 1
35841 38841 1
38841 15912 2
38841 17970 1
38841 20669 1
38841 27538 1
38841 28770 1
38841 31268 2
38841 34549 1
38841 35841 1
38841 38842 1
34732 23629 1
34732 34730 1
34732 36309 1
36309 23629 1
36309 30980 1
36309 32092 1
36309 34732 1
36309 35655 1
36309 36221 1
36309 36844 1
36309 37586 1
16990 17722 1
16990 17724 1
16990 17725 1
16990 18745 1
16990 22100 1
16990 26195 1
16990 28923 1
17722 16990 1
17722 17724 1
17722 17725 1
17722 18745 1
17722 22100 1
17722 23729 1
17722 26195 1
17722 28923 1
17722 30980 1
17724 16990 1
17724 17722 1
17724 17725 1
17724 18745 1
17724 22100 1
17724 26195 1
17724 28923 1
17725 16990 1
17725 17722 1
17725 17724 1
17725 18745 1
17725 22100 1
17725 26195 1
17725 28923 1
18745 16990 1
18745 17722 1
18745 17724 1
18745 17725 1
18745 22100 1
18745 26195 1
18745 28923 1
22100 16990 1
22100 17722 1
22100 17724 1
22100 17725 1
22100 18745 1
22100 26195 1
22100 28770 1
22100 28923 1
28923 16990 1
28923 17722 1
28923 17724 1
28923 17725 1
28923 18745 1
28923 22100 1
28923 26195 1
28923 36212 1
21900 22485 1
21900 22522 1
21900 26436 1
21900 26655 1
22485 21900 1
22485 26436 1
22485 26655 1
26436 21900 1
26436 22485 1
26436 26655 1
34738 26655 1
2023 17048 1
2023 27525 1
2023 27527 1
2023 28311 1
17048 2023 1
17048 27525 1
17048 27527 1
17048 28311 1
27525 2023 1
27525 17048 1
27525 27527 1
27525 27530 1
27525 27536 1
27525 28311 1
27525 28384 1
28311 2023 1
28311 17048 1
28311 27525 1
28311 27527 1
10821 25695 1
10821 28770 1
10821 31268 1
10821 33464 1
10821 33935 1
10821 36439 1
13173 15912 1
13173 28770 1
13173 31268 1
13173 31995 1
13173 38644 1
15912 13173 1
15912 28770 1
15912 31268 2
15912 31995 1
15912 34549 1
15912 38644 1
15912 38841 2
15912 38842 1
25695 10821 1
25695 28770 1
25695 31268 1
25695 33464 1
25695 33935 1
25695 36439 1
31995 13173 1
31995 15912 1
31995 28770 1
31995 31268 1
31995 38644 1
33464 10821 1
33464 25695 1
33464 28770 1
33464 31268 1
33464 33935 1
33464 36439 1
33935 10821 1
33935 25695 1
33935 28770 1
33935 31268 1
33935 33464 1
33935 36439 1
36439 10821 1
36439 25695 1
36439 28770 1
36439 31268 1
36439 33464 1
36439 33935 1
38644 13173 1
38644 15912 1
38644 28770 1
38644 31268 1
38644 31995 1
38842 15912 1
38842 31268 1
38842 38841 1
19672 24971 1
19672 33368 1
19672 33629 1
24971 19672 1
24971 33368 1
24971 33629 1
26090 33368 2
26090 33625 2
26090 33627 2
26090 33629 2
33625 26090 2
33625 33368 2
33625 33627 4
33625 33629 4
33627 26090 2
33627 33368 2
33627 33625 4
33627 33629 4
33629 19672 1
33629 24971 1
33629 26090 2
33629 33368 3
33629 33625 4
33629 33627 4
17260 24679 1
17260 25634 1
17260 32355 1
17260 33369 1
24679 17260 1
24679 17970 1
24679 25634 1
24679 32355 1
24679 33369 1
25634 17260 1
25634 24679 1
25634 32355 1
25634 33369 1
32355 17260 1
32355 24679 1
32355 25634 1
32355 33369 1
55401 50468 1
13175 7526 1
13175 9691 1
13175 17161 1
13175 18284 1
13175 31280 1
17161 7526 1
17161 13175 1
17161 31280 1
27055 7526 1
27055 32914 1
27055 38175 1
27055 50042 1
31280 7526 1
31280 13175 1
31280 17161 1
32914 7526 1
32914 27055 1
32914 38175 1
32914 50042 1
38175 7526 1
38175 27055 1
38175 29672 1
38175 32914 1
38175 50042 1
44167 7526 1
50042 7526 1
50042 27055 1
50042 32914 1
50042 38175 1
20102 19256 1
11016 11017 1
11016 14593 1
35774 25638 1
35774 33442 1
18285 18284 1
18285 23729 1
18285 26210 1
18285 26986 1
18285 35117 1
23729 17722 1
23729 18285 1
23729 26210 1
23729 30980 1
25143 32093 1
25143 35204 1
27530 27525 1
27530 27536 1
27530 28384 2
27536 27525 1
27536 27530 1
27536 28384 1
30980 17722 1
30980 23729 1
30980 32092 1
30980 35655 1
30980 36221 1
30980 36309 1
33442 32092 1
33442 35774 1
33442 36212 1
33442 43957 1
35655 30980 1
35655 32092 1
35655 36221 1
35655 36309 1
36212 28923 1
36212 32092 1
36212 33442 1
36212 36210 1
36212 43957 1
43957 32092 1
43957 33442 1
43957 36212 1
10879 18754 1
10879 28548 1
10879 30984 1
18754 10879 1
18754 28548 1
18754 30984 1
25433 30984 1
28548 10879 1
28548 18754 1
28548 30984 1
10983 28314 1
10983 32089 1
10983 34549 1
10983 37361 1
10983 38331 1
10983 40964 1
10983 80462 1
19668 26643 1
19668 38331 1
19668 43286 1
19668 45647 1
19668 49505 1
19668 56403 1
28314 10983 1
28314 32089 1
28314 34549 1
28314 37361 1
28314 38331 1
28314 40964 1
32089 10983 1
32089 28314 1
32089 34549 1
32089 37361 1
32089 38331 1
32089 40964 1
34549 10983 1
34549 15912 1
34549 28314 1
34549 32089 1
34549 37361 1
34549 38331 1
34549 38841 1
34549 40964 1
37361 10983 1
37361 28314 1
37361 32089 1
37361 34549 1
37361 38331 1
37361 40964 1
40964 10983 1
40964 28314 1
40964 32089 1
40964 34549 1
40964 37361 1
40964 38331 1
29646 38570 1
29646 59882 1
59882 29646 1
59882 38570 1
69846 38570 1
26643 19668 1
26643 43286 1
26643 45647 1
26643 49505 1
26643 56403 1
43286 19668 1
43286 26643 1
43286 45647 1
43286 49505 1
43286 56403 1
45647 19668 1
45647 26643 1
45647 43286 1
45647 49505 1
45647 56403 1
56403 19668 1
56403 26643 1
56403 43286 1
56403 45647 1
56403 49505 1
71492 49505 1
71492 71493 1
71492 74264 1
71493 49505 1
71493 71492 1
71493 74264 1
74264 49505 1
74264 71492 1
74264 71493 1
38070 53762 1
39426 43950 1
39426 54258 1
39426 61030 1
43950 39426 1
43950 54258 1
43950 61030 1
52240 54258 1
59447 54258 1
59447 61581 1
61030 39426 1
61030 43950 1
61030 54258 1
61581 54258 1
61581 59447 1
85311 55476 1
80462 10983 1
9691 13175 1
34730 34732 1
34730 45261 1
45261 34730 1
