124799 115232 1
115232 67981 1
115232 68104 1
115232 79284 1
115232 82452 1
115232 84454 1
115232 84879 1
115232 85976 1
115232 87308 1
115232 91865 1
115232 92106 1
115232 94211 1
115232 95677 1
115232 107596 2
115232 107608 1
115232 108327 1
115232 109073 1
115232 110104 1
115232 110706 1
115232 112590 1
115232 112594 1
115232 114453 1
115232 114818 1
115232 115090 1
115232 115546 1
115232 115768 1
115232 116091 1
115232 116622 1
115232 117379 1
115232 117617 1
115232 117803 1
115232 120581 1
115232 124799 1
67981 51567 1
67981 67890 1
67981 67979 1
67981 67982 1
67981 67983 3
67981 68102 1
67981 70866 1
67981 70906 1
67981 70919 1
67981 71958 1
67981 72442 1
67981 73490 1
67981 73758 1
67981 74481 1
67981 74822 1
67981 78284 1
67981 78296 2
67981 79267 1
67981 80272 1
67981 81878 1
67981 83598 1
67981 84840 1
67981 85024 1
67981 85976 2
67981 85977 1
67981 87032 1
67981 87308 1
67981 88076 1
67981 88522 1
67981 89773 1
67981 92106 1
67981 92153 1
67981 95420 1
67981 95762 1
67981 96444 1
67981 97875 1
67981 100069 1
67981 100446 1
67981 100621 1
67981 100829 1
67981 101723 1
67981 103147 1
67981 104557 1
67981 105647 1
67981 106268 1
67981 110365 2
67981 110903 1
67981 112627 1
67981 112628 1
67981 112629 1
67981 115232 1
67981 117572 1
67981 117803 1
67981 125156 1
68104 70831 1
68104 70913 1
68104 75100 1
68104 79284 1
68104 84879 1
68104 85936 1
68104 87308 1
68104 88462 1
68104 95677 1
68104 97926 1
68104 106498 1
68104 107596 1
68104 108327 1
68104 110360 1
68104 110706 1
68104 111919 1
68104 112594 1
68104 113224 1
68104 113225 1
68104 113226 1
68104 113285 1
68104 113993 1
68104 114085 1
68104 115232 1
68104 116042 1
68104 116622 2
68104 119267 1
68104 126903 1
79284 37463 1
79284 50348 1
79284 51460 1
79284 52845 1
79284 54772 1
79284 56771 1
79284 56810 1
79284 58007 1
79284 61692 1
79284 64700 1
79284 66052 1
79284 68104 1
79284 68146 1
79284 69359 1
79284 69449 1
79284 69547 1
79284 69557 1
79284 69720 1
79284 70704 1
79284 70809 1
79284 72094 1
79284 72911 1
79284 73782 1
79284 73848 1
79284 76201 1
79284 76750 1
79284 77680 1
79284 78267 1
79284 78284 1
79284 79198 1
79284 79263 1
79284 79270 1
79284 79275 1
79284 82130 1
79284 82142 1
79284 82591 1
79284 82973 1
79284 83129 1
79284 83208 1
79284 83652 1
79284 83666 1
79284 84879 1
79284 85719 1
79284 86134 1
79284 86247 1
79284 86496 1
79284 87308 1
79284 87357 1
79284 87554 1
79284 87731 1
79284 88423 1
79284 89033 1
79284 90374 1
79284 90445 1
79284 90733 1
79284 91393 1
79284 91947 1
79284 92026 1
79284 92050 1
79284 92176 1
79284 92255 1
79284 92256 1
79284 93878 1
79284 95496 1
79284 95677 1
79284 95785 1
79284 95992 1
79284 96073 1
79284 97173 1
79284 97348 1
79284 97479 1
79284 97942 1
79284 98050 2
79284 99335 1
79284 99609 1
79284 99610 1
79284 100265 1
79284 100736 1
79284 103211 1
79284 103242 1
79284 103418 1
79284 103440 1
79284 103455 1
79284 105689 1
79284 106271 1
79284 106308 1
79284 107292 1
79284 107596 1
79284 107624 1
79284 108327 1
79284 108422 1
79284 109035 1
79284 109726 1
79284 109928 1
79284 110220 1
79284 110462 1
79284 110706 1
79284 111139 1
79284 112542 1
79284 112594 1
79284 115192 1
79284 115232 1
79284 117233 1
82452 69396 1
82452 91683 1
82452 107597 1
82452 110104 1
82452 114818 1
82452 115232 1
82452 115546 1
82452 117617 1
82452 117726 1
84454 51463 1
84454 62097 1
84454 63042 1
84454 66488 1
84454 83950 1
84454 84452 1
84454 84453 1
84454 84455 1
84454 84456 1
84454 84457 1
84454 84479 1
84454 86197 1
84454 86282 1
84454 87735 1
84454 87743 1
84454 89201 1
84454 89381 1
84454 89499 1
84454 89685 1
84454 89848 1
84454 90690 1
84454 91323 1
84454 92253 1
84454 92255 1
84454 93212 1
84454 93635 1
84454 94211 1
84454 94588 1
84454 95356 1
84454 95407 1
84454 97171 1
84454 97848 1
84454 97943 1
84454 98167 1
84454 98930 1
84454 102186 1
84454 102966 1
84454 106415 1
84454 106563 1
84454 108669 1
84454 110842 1
84454 111425 1
84454 113031 1
84454 115090 1
84454 115232 1
84454 115768 1
84454 117546 1
84879 60324 1
84879 61158 1
84879 61159 1
84879 68104 1
84879 70750 1
84879 70864 1
84879 70917 1
84879 71416 1
84879 72198 1
84879 75900 1
84879 79284 1
84879 81568 1
84879 84883 1
84879 84884 1
84879 87308 1
84879 89093 1
84879 92489 1
84879 95677 1
84879 101045 1
84879 101734 1
84879 102116 1
84879 106629 1
84879 107596 1
84879 108040 1
84879 108327 1
84879 108640 1
84879 109072 1
84879 109637 1
84879 110706 1
84879 112282 1
84879 112387 1
84879 112588 1
84879 112594 1
84879 113680 1
84879 113695 1
84879 113696 1
84879 113697 1
84879 113698 1
84879 113699 1
84879 113700 1
84879 113701 1
84879 113702 1
84879 113952 1
84879 114084 1
84879 114085 1
84879 114492 1
84879 114495 1
84879 115232 1
84879 115663 1
84879 117114 1
84879 119922 1
84879 120267 1
84879 125308 1
85976 52915 1
85976 67981 2
85976 67983 1
85976 69996 1
85976 70973 1
85976 71421 1
85976 78296 1
85976 78475 1
85976 82270 1
85976 92106 1
85976 92153 1
85976 92370 1
85976 94621 1
85976 98709 1
85976 103502 1
85976 103566 1
85976 105684 1
85976 105689 1
85976 106268 1
85976 107524 1
85976 108640 1
85976 109673 1
85976 110365 2
85976 112498 1
85976 115232 1
85976 115661 1
85976 116118 2
85976 117803 1
87308 63188 1
87308 67981 1
87308 68104 1
87308 68105 1
87308 70795 1
87308 70911 1
87308 70919 1
87308 71421 2
87308 74145 1
87308 78284 1
87308 79284 1
87308 83654 1
87308 84002 1
87308 84879 1
87308 84883 1
87308 87307 1
87308 87309 1
87308 87310 1
87308 92153 1
87308 92277 1
87308 92499 1
87308 93836 1
87308 95677 1
87308 95701 1
87308 98572 1
87308 100621 1
87308 102854 1
87308 103566 2
87308 104464 1
87308 104557 1
87308 106718 1
87308 106907 1
87308 107596 1
87308 107601 1
87308 108327 1
87308 108640 1
87308 110706 1
87308 112100 1
87308 112590 1
87308 112594 1
87308 113121 1
87308 113181 1
87308 113301 2
87308 113622 1
87308 114085 1
87308 115232 1
87308 115659 1
87308 115660 1
87308 115661 2
87308 115663 1
87308 116118 1
87308 117572 1
87308 117803 1
87308 117823 1
87308 119167 1
91865 43429 1
91865 60275 2
91865 62824 1
91865 66453 1
91865 67844 1
91865 67862 1
91865 68069 1
91865 70915 1
91865 71167 1
91865 76744 1
91865 79617 1
91865 80404 1
91865 81993 1
91865 83106 2
91865 84070 1
91865 84956 1
91865 86159 2
91865 86258 2
91865 86337 2
91865 91535 2
91865 91866 2
91865 91867 2
91865 92194 1
91865 94353 2
91865 99052 1
91865 103589 1
91865 103891 1
91865 105220 1
91865 105396 1
91865 106214 1
91865 107055 1
91865 107596 1
91865 107607 1
91865 107608 1
91865 107761 1
91865 109070 1
91865 109073 1
91865 109752 3
91865 111281 1
91865 111966 1
91865 112590 1
91865 114453 1
91865 115232 1
91865 116091 1
91865 116149 1
91865 116622 1
91865 117379 1
91865 122910 1
91865 125674 1
92106 28151 1
92106 36757 1
92106 37212 1
92106 39247 1
92106 57516 1
92106 57519 1
92106 57966 1
92106 65194 1
92106 67981 1
92106 70845 1
92106 70917 1
92106 75066 1
92106 84037 1
92106 84314 1
92106 85773 1
92106 85976 1
92106 86777 1
92106 89376 1
92106 89978 1
92106 90518 1
92106 90653 1
92106 92170 1
92106 92277 1
92106 92391 1
92106 96407 1
92106 98927 1
92106 100409 1
92106 101280 1
92106 101404 1
92106 101544 1
92106 101569 1
92106 102263 1
92106 102715 1
92106 103891 1
92106 105213 1
92106 105978 1
92106 106414 1
92106 107568 1
92106 108386 1
92106 109002 1
92106 109323 1
92106 110136 1
92106 111294 1
92106 111500 1
92106 115232 1
92106 116589 1
92106 116590 1
92106 116674 1
92106 117803 1
94211 55448 1
94211 63934 1
94211 79483 1
94211 84454 1
94211 87607 1
94211 88959 1
94211 89150 1
94211 89208 1
94211 89461 1
94211 91526 1
94211 94928 1
94211 95021 1
94211 97855 1
94211 98289 1
94211 100696 1
94211 101198 1
94211 104884 1
94211 105042 1
94211 113483 1
94211 115090 1
94211 115232 1
94211 115768 1
95677 25931 1
95677 29323 1
95677 39194 1
95677 42668 1
95677 48763 1
95677 48879 1
95677 54016 1
95677 56158 1
95677 57558 1
95677 62973 1
95677 63932 1
95677 64710 1
95677 65670 1
95677 66229 1
95677 67642 1
95677 68018 1
95677 68083 1
95677 68090 1
95677 68104 1
95677 69375 1
95677 69520 1
95677 69925 1
95677 70815 1
95677 70816 1
95677 70817 1
95677 70818 1
95677 75286 1
95677 76714 1
95677 77369 1
95677 78677 1
95677 79284 1
95677 79656 1
95677 81535 1
95677 82920 1
95677 84879 1
95677 85425 1
95677 87308 1
95677 89058 1
95677 90306 1
95677 90691 1
95677 91987 1
95677 92889 1
95677 94844 1
95677 96948 1
95677 97248 1
95677 97265 1
95677 97767 1
95677 98033 1
95677 98094 1
95677 99280 1
95677 100922 1
95677 101231 2
95677 101542 1
95677 101891 1
95677 102775 1
95677 105250 1
95677 106148 1
95677 106857 2
95677 107596 1
95677 108327 1
95677 110706 1
95677 111085 1
95677 111502 1
95677 111503 1
95677 112594 1
95677 115232 1
107596 51568 1
107596 63663 1
107596 67928 1
107596 68104 1
107596 73885 1
107596 76725 1
107596 79284 1
107596 84879 1
107596 86208 1
107596 87308 1
107596 91865 1
107596 95677 1
107596 96730 1
107596 105828 1
107596 105829 1
107596 105830 1
107596 107599 2
107596 107608 1
107596 108327 1
107596 109073 1
107596 110567 1
107596 110706 1
107596 110797 1
107596 112588 1
107596 112590 1
107596 112594 1
107596 113917 1
107596 113993 1
107596 114453 2
107596 115232 2
107596 116042 1
107596 116091 1
107596 116622 1
107596 117379 1
107596 117809 1
107596 124380 1
107608 91865 1
107608 97926 1
107608 107596 1
107608 108327 1
107608 109073 1
107608 112590 1
107608 114453 1
107608 115232 1
107608 116091 1
107608 116622 1
107608 117379 1
107608 117617 1
108327 68104 1
108327 79284 1
108327 84879 1
108327 87308 1
108327 95677 1
108327 97926 1
108327 107596 1
108327 107608 1
108327 110706 1
108327 112594 1
108327 115232 1
108327 117617 1
109073 91865 1
109073 107596 1
109073 107608 1
109073 112590 1
109073 114453 1
109073 115232 1
109073 116091 1
109073 116622 1
109073 117379 1
110104 82452 1
110104 92489 1
110104 102715 1
110104 106718 1
110104 111425 1
110104 114085 1
110104 114453 1
110104 114818 1
110104 115181 1
110104 115232 1
110104 115546 1
110104 117617 2
110706 68104 1
110706 70911 1
110706 79284 1
110706 84879 1
110706 87308 1
110706 95677 1
110706 96073 1
110706 106268 1
110706 107596 1
110706 108327 1
110706 111085 1
110706 112594 1
110706 115232 1
110706 117572 1
112590 68105 1
112590 70911 1
112590 70919 1
112590 71421 2
112590 84883 1
112590 86208 1
112590 87308 1
112590 91865 1
112590 97855 1
112590 101542 1
112590 103566 1
112590 106907 1
112590 107596 1
112590 107601 1
112590 107608 1
112590 108640 1
112590 109073 1
112590 109637 2
112590 113121 1
112590 113181 1
112590 113301 1
112590 114453 1
112590 115232 1
112590 115659 1
112590 115660 1
112590 115661 1
112590 115663 1
112590 116091 1
112590 116622 1
112590 117379 1
112590 117803 1
112590 117823 1
112590 119167 1
112594 68104 1
112594 79284 1
112594 84879 1
112594 87308 1
112594 92153 1
112594 95677 1
112594 103566 1
112594 107596 1
112594 108327 1
112594 108640 1
112594 109637 1
112594 110706 1
112594 113224 1
112594 115232 1
112594 115661 1
114453 67928 1
114453 73885 1
114453 91865 1
114453 107596 2
114453 107599 1
114453 107608 1
114453 109073 1
114453 110104 1
114453 110567 1
114453 110797 1
114453 112590 1
114453 115232 1
114453 116091 1
114453 116622 1
114453 117379 1
114453 117617 1
114453 124380 1
114818 71958 1
114818 82452 1
114818 92253 1
114818 102715 1
114818 110104 1
114818 115232 1
114818 115546 1
114818 116091 4
114818 117617 2
115090 84454 1
115090 94211 1
115090 109072 1
115090 115232 1
115090 115768 1
115546 82452 1
115546 110104 1
115546 114818 1
115546 115232 1
115546 117617 1
115768 84454 1
115768 86282 1
115768 94211 1
115768 95762 1
115768 106498 1
115768 112542 1
115768 115090 1
115768 115232 1
115768 117114 1
116091 91865 1
116091 107596 1
116091 107608 1
116091 109073 1
116091 112590 1
116091 114453 1
116091 114818 4
116091 115232 1
116091 116622 1
116091 117379 1
116622 68104 2
116622 70913 1
116622 75100 1
116622 88462 1
116622 91865 1
116622 102715 1
116622 106498 1
116622 107596 1
116622 107608 1
116622 109073 1
116622 110360 1
116622 112590 1
116622 113224 1
116622 113225 1
116622 113226 1
116622 113285 1
116622 113993 1
116622 114453 1
116622 115232 1
116622 116042 1
116622 116091 1
116622 117379 1
117379 75286 1
117379 87032 2
117379 91865 1
117379 107596 1
117379 107608 1
117379 109073 1
117379 110360 1
117379 112590 1
117379 113121 1
117379 113181 1
117379 114453 1
117379 115232 1
117379 116091 1
117379 116622 1
117379 117803 1
117617 67982 1
117617 82452 1
117617 92489 1
117617 97926 1
117617 102715 1
117617 106718 1
117617 107608 1
117617 108327 1
117617 110104 2
117617 113993 1
117617 114085 1
117617 114453 1
117617 114818 2
117617 115232 1
117617 115546 1
117803 67981 1
117803 68105 1
117803 70831 1
117803 70911 1
117803 71421 1
117803 84883 1
117803 85976 1
117803 87308 1
117803 92106 1
117803 103566 1
117803 106907 1
117803 107601 1
117803 108640 2
117803 109070 1
117803 112590 1
117803 113121 2
117803 113181 1
117803 113301 1
117803 115232 1
117803 115659 1
117803 115660 1
117803 115661 1
117803 115663 1
117803 117379 1
117803 117823 1
117803 119167 1
120581 115232 1
51567 67890 1
51567 67981 1
51567 67983 2
51567 84840 1
51567 85977 2
51567 91526 1
51567 100829 1
51567 101723 1
51567 103211 1
67890 51567 1
67890 67981 1
67890 84840 1
67890 85977 1
67890 100829 1
67890 101723 1
67979 67981 1
67979 67982 1
67979 67983 1
67979 70906 1
67979 72442 1
67979 73490 1
67979 74481 1
67979 75066 1
67979 80272 1
67979 81878 1
67979 83598 1
67979 88076 1
67979 89773 1
67979 96444 1
67979 97248 1
67979 100069 1
67982 67979 1
67982 67981 1
67982 67983 1
67982 70906 1
67982 72442 1
67982 73490 1
67982 74481 1
67982 80272 1
67982 81878 1
67982 83598 1
67982 88076 1
67982 89773 1
67982 96444 1
67982 100069 1
67982 113993 1
67982 117617 1
67982 125625 1
67983 51567 2
67983 65194 1
67983 67979 1
67983 67981 3
67983 67982 1
67983 68102 1
67983 70906 1
67983 70917 1
67983 71958 1
67983 72442 1
67983 73490 1
67983 73758 1
67983 74481 1
67983 78296 4
67983 79267 1
67983 80272 1
67983 81878 1
67983 83598 1
67983 85024 1
67983 85976 1
67983 85977 1
67983 87032 1
67983 88076 1
67983 88522 1
67983 89773 1
67983 92153 2
67983 96444 1
67983 100069 1
67983 103147 1
67983 105978 1
67983 106268 1
67983 110365 2
67983 116118 1
68102 67981 1
68102 67983 1
68102 71958 1
68102 73758 1
68102 78296 1
68102 79267 1
68102 85024 1
68102 87032 1
68102 88522 1
68102 103147 1
68102 106268 1
68102 110365 1
70866 67981 1
70866 105647 1
70906 67979 1
70906 67981 1
70906 67982 1
70906 67983 1
70906 72442 1
70906 73490 1
70906 74481 1
70906 80272 1
70906 81878 1
70906 81993 1
70906 83598 1
70906 88076 1
70906 89773 1
70906 96444 1
70906 100069 1
70919 67981 1
70919 70911 1
70919 78284 1
70919 87308 1
70919 92153 1
70919 100621 1
70919 104557 1
70919 109637 1
70919 112590 1
70919 116118 1
70919 117572 1
71958 42668 1
71958 67862 1
71958 67981 1
71958 67983 1
71958 68102 1
71958 70816 1
71958 73758 1
71958 78296 1
71958 79267 1
71958 85024 1
71958 85425 1
71958 87032 1
71958 88522 1
71958 92253 1
71958 102715 1
71958 103147 1
71958 103440 1
71958 106268 1
71958 110365 1
71958 114818 1
72442 67979 1
72442 67981 1
72442 67982 1
72442 67983 1
72442 70906 1
72442 73490 4
72442 74481 1
72442 80272 1
72442 81878 1
72442 83598 1
72442 88076 1
72442 89773 1
72442 96444 1
72442 100069 1
73490 67979 1
73490 67981 1
73490 67982 1
73490 67983 1
73490 70906 1
73490 72442 4
73490 74481 1
73490 80272 1
73490 81878 1
73490 83598 1
73490 88076 1
73490 89773 1
73490 96444 1
73490 100069 1
73490 100156 1
73758 56771 1
73758 67981 1
73758 67983 1
73758 68102 1
73758 71958 1
73758 78296 1
73758 79267 1
73758 84314 1
73758 85024 1
73758 87032 1
73758 88522 1
73758 98033 1
73758 103147 1
73758 106268 1
73758 110365 1
74481 67979 1
74481 67981 1
74481 67982 1
74481 67983 1
74481 70906 1
74481 70911 1
74481 70917 1
74481 72442 1
74481 73490 1
74481 76744 1
74481 80272 1
74481 81878 1
74481 83598 1
74481 88076 1
74481 89773 1
74481 96444 1
74481 100069 1
74481 103891 2
74822 67981 1
74822 95420 1
74822 110903 1
78284 51460 1
78284 56810 1
78284 63042 1
78284 67981 1
78284 68018 1
78284 70919 1
78284 76750 1
78284 79284 1
78284 82130 1
78284 83129 1
78284 85719 1
78284 86496 1
78284 87308 1
78284 87731 1
78284 90733 1
78284 92153 1
78284 95420 1
78284 98050 1
78284 99610 1
78284 100621 1
78284 104557 1
78284 106308 1
78284 111919 1
78284 112588 1
78284 116118 1
78284 117572 1
78296 65194 1
78296 67981 2
78296 67983 4
78296 68102 1
78296 70917 1
78296 71958 1
78296 73758 1
78296 76750 1
78296 79267 1
78296 85024 1
78296 85976 1
78296 87032 1
78296 88522 1
78296 92153 1
78296 103147 1
78296 105647 1
78296 106268 1
78296 110365 2
78296 116118 1
79267 67981 1
79267 67983 1
79267 68005 1
79267 68102 1
79267 71958 1
79267 73758 1
79267 75066 1
79267 75900 1
79267 78296 1
79267 79263 4
79267 79270 1
79267 79275 1
79267 85024 1
79267 87032 1
79267 88522 1
79267 90653 1
79267 92391 1
79267 103147 1
79267 106268 1
79267 110365 1
80272 67979 1
80272 67981 1
80272 67982 1
80272 67983 1
80272 70906 1
80272 72442 1
80272 73490 1
80272 74481 1
80272 81878 1
80272 83598 1
80272 88076 1
80272 89201 1
80272 89773 1
80272 96444 1
80272 100069 1
81878 67979 1
81878 67981 1
81878 67982 1
81878 67983 1
81878 70906 1
81878 72442 1
81878 73490 1
81878 74481 1
81878 80272 1
81878 83598 1
81878 88076 1
81878 89773 1
81878 96444 1
81878 100069 1
83598 67979 1
83598 67981 1
83598 67982 1
83598 67983 1
83598 70906 1
83598 72442 1
83598 73490 1
83598 74481 1
83598 80272 1
83598 81878 1
83598 88076 2
83598 89773 1
83598 90445 1
83598 96444 1
83598 100069 1
84840 51567 1
84840 67890 1
84840 67981 1
84840 69720 1
84840 85977 1
84840 86282 1
84840 100829 1
84840 101723 1
84840 112588 1
85024 67981 1
85024 67983 1
85024 68102 1
85024 71958 1
85024 73758 1
85024 78296 1
85024 79267 1
85024 87032 1
85024 88522 1
85024 103147 1
85024 106268 1
85024 110365 1
85977 51567 2
85977 67890 1
85977 67981 1
85977 67983 1
85977 71421 1
85977 73848 1
85977 84840 1
85977 100829 1
85977 101723 1
87032 67981 1
87032 67983 1
87032 68102 1
87032 71958 1
87032 73758 1
87032 75286 1
87032 78296 1
87032 79267 1
87032 85024 1
87032 88522 1
87032 103147 2
87032 106268 1
87032 109070 1
87032 110365 1
87032 117379 2
88076 67979 1
88076 67981 1
88076 67982 1
88076 67983 1
88076 70906 1
88076 72442 1
88076 73490 1
88076 74481 1
88076 80272 1
88076 81878 1
88076 83598 2
88076 89773 1
88076 96444 1
88076 100069 1
88076 100621 1
88522 67981 1
88522 67983 1
88522 68102 1
88522 71958 1
88522 73758 1
88522 78296 1
88522 79267 1
88522 85024 1
88522 87032 1
88522 103147 1
88522 106148 1
88522 106268 1
88522 110365 1
89773 67979 1
89773 67981 1
89773 67982 1
89773 67983 1
89773 69396 1
89773 70906 1
89773 72442 1
89773 73490 1
89773 74481 1
89773 80272 1
89773 81878 1
89773 83598 1
89773 88076 1
89773 96444 1
89773 100069 1
92153 67981 1
92153 67983 2
92153 70917 1
92153 70919 1
92153 78284 1
92153 78296 1
92153 85976 1
92153 87308 1
92153 98709 1
92153 100621 1
92153 103566 1
92153 104557 1
92153 108640 1
92153 110365 1
92153 112498 1
92153 112594 1
92153 115661 1
92153 116118 3
92153 117572 1
95420 51460 1
95420 63932 1
95420 67981 1
95420 69396 1
95420 74822 1
95420 78284 1
95420 95762 1
95420 110903 1
95420 111425 1
95420 113622 1
95762 67981 1
95762 92170 1
95762 95420 1
95762 97875 1
95762 100446 1
95762 103455 1
95762 112542 1
95762 112627 1
95762 112628 1
95762 112629 1
95762 115768 1
96444 57519 1
96444 67979 1
96444 67981 1
96444 67982 1
96444 67983 1
96444 70906 1
96444 72442 1
96444 73490 1
96444 74481 1
96444 80272 1
96444 81878 1
96444 83598 1
96444 88076 1
96444 88959 1
96444 89773 1
96444 100069 1
96444 110136 2
97875 67981 1
97875 95762 1
97875 100446 1
97875 112627 2
97875 112628 1
97875 112629 1
100069 67979 1
100069 67981 1
100069 67982 1
100069 67983 1
100069 70906 1
100069 72442 1
100069 73490 1
100069 74481 1
100069 80272 1
100069 81878 1
100069 83598 1
100069 88076 1
100069 89773 1
100069 96444 1
100069 98930 1
100069 106907 1
100446 67928 1
100446 67981 1
100446 70816 1
100446 83106 1
100446 95762 1
100446 97875 1
100446 105213 1
100446 112627 1
100446 112628 1
100446 112629 1
100621 67981 1
100621 70919 1
100621 71167 1
100621 78284 1
100621 87308 1
100621 88076 1
100621 92153 1
100621 92370 1
100621 104557 1
100621 117572 1
100621 119482 1
100829 51567 1
100829 67890 1
100829 67981 1
100829 84037 2
100829 84840 1
100829 85977 1
100829 101723 1
101723 51567 1
101723 67890 1
101723 67981 1
101723 84840 1
101723 85977 1
101723 100829 1
103147 67981 1
103147 67983 1
103147 68102 1
103147 71958 1
103147 73758 1
103147 78296 1
103147 79267 1
103147 85024 1
103147 87032 2
103147 88522 1
103147 106268 1
103147 109070 1
103147 110365 1
103147 111502 1
103147 111503 1
104557 67981 1
104557 70818 1
104557 70919 1
104557 76714 1
104557 78284 1
104557 87308 1
104557 92153 1
104557 94588 1
104557 94621 1
104557 100265 1
104557 100621 1
104557 103211 1
104557 117572 1
105647 67981 1
105647 70866 1
105647 76750 1
105647 78296 1
105647 83654 1
105647 86197 1
105647 103566 1
106268 67981 1
106268 67983 1
106268 68102 1
106268 69996 1
106268 71958 1
106268 73758 1
106268 78296 1
106268 79267 1
106268 85024 1
106268 85976 1
106268 87032 1
106268 88522 1
106268 94621 1
106268 103147 1
106268 106414 1
106268 109673 1
106268 110365 1
106268 110706 1
110365 65194 1
110365 67981 2
110365 67983 2
110365 68102 1
110365 71958 1
110365 73758 1
110365 78296 2
110365 79267 1
110365 85024 1
110365 85976 2
110365 87032 1
110365 88522 1
110365 92153 1
110365 98709 1
110365 103147 1
110365 103566 1
110365 106268 1
110365 108640 1
110365 111919 1
110365 112498 1
110365 113224 1
110365 115661 1
110365 116118 1
110903 67981 1
110903 74822 1
110903 82142 1
110903 85719 2
110903 90445 2
110903 95420 1
110903 99609 1
110903 99610 1
110903 101404 1
110903 107624 2
110903 109002 1
110903 111919 1
112627 67981 1
112627 95762 1
112627 97875 2
112627 100446 1
112627 112628 1
112627 112629 1
112628 67981 1
112628 95762 1
112628 97855 1
112628 97875 1
112628 100446 1
112628 112627 1
112628 112629 1
112629 67981 1
112629 95762 1
112629 97875 1
112629 100446 1
112629 112627 1
112629 112628 1
117572 67981 1
117572 70919 1
117572 78284 1
117572 87308 1
117572 92153 1
117572 100621 1
117572 104557 1
117572 110360 1
117572 110706 1
125156 67981 1
125156 113181 1
125156 113285 1
70831 68104 1
70831 73782 1
70831 84455 1
70831 117803 1
70831 126903 1
70913 68104 1
70913 75100 1
70913 78475 1
70913 88462 1
70913 94588 1
70913 110360 1
70913 116622 1
75100 68069 1
75100 68104 1
75100 69520 1
75100 70913 1
75100 86496 1
75100 88462 1
75100 110360 1
75100 116622 1
85936 68104 1
85936 68105 2
85936 70845 1
85936 103566 1
85936 108640 1
85936 109072 1
85936 111919 1
85936 114085 1
85936 115660 1
85936 119267 1
88462 56158 1
88462 68090 1
88462 68104 1
88462 70913 1
88462 75100 1
88462 97926 1
88462 109637 1
88462 110360 1
88462 116622 1
97926 68104 1
97926 88462 1
97926 107608 1
97926 108327 1
97926 108386 1
97926 113622 2
97926 117617 1
106498 68104 1
106498 71421 1
106498 113224 1
106498 113225 1
106498 113226 1
106498 113285 1
106498 113993 1
106498 115768 1
106498 116042 1
106498 116622 1
106498 117823 1
110360 68104 1
110360 70913 1
110360 75100 1
110360 88462 1
110360 116622 1
110360 117379 1
110360 117572 1
111919 68104 1
111919 68105 1
111919 78284 1
111919 85936 1
111919 90445 1
111919 90733 1
111919 95701 1
111919 103242 1
111919 103418 1
111919 106414 5
111919 106718 1
111919 109070 1
111919 110365 1
111919 110903 1
111919 114085 1
111919 119267 1
113224 68104 1
113224 106214 1
113224 106498 1
113224 106629 1
113224 110365 1
113224 111281 1
113224 112594 1
113224 113225 1
113224 113226 1
113224 113285 1
113224 113993 1
113224 116042 1
113224 116622 1
113225 68104 1
113225 106498 1
113225 113224 1
113225 113226 2
113225 113285 1
113225 113993 1
113225 116042 1
113225 116622 1
113226 68104 1
113226 89376 1
113226 106498 1
113226 113224 1
113226 113225 2
113226 113285 1
113226 113993 1
113226 116042 1
113226 116622 1
113285 68104 1
113285 101569 1
113285 106498 1
113285 113224 1
113285 113225 1
113285 113226 1
113285 113993 1
113285 116042 1
113285 116622 1
113285 125156 1
113993 67982 1
113993 68104 1
113993 96730 1
113993 106498 1
113993 107596 1
113993 112588 1
113993 113224 1
113993 113225 1
113993 113226 1
113993 113285 1
113993 116042 2
113993 116622 1
113993 117617 1
114085 63188 1
114085 68104 1
114085 70917 1
114085 71421 1
114085 74145 1
114085 84002 1
114085 84879 1
114085 85936 1
114085 87307 1
114085 87308 1
114085 87309 1
114085 87310 1
114085 92277 1
114085 92489 1
114085 92499 1
114085 93836 1
114085 98572 1
114085 101404 1
114085 102715 1
114085 103455 1
114085 103566 1
114085 104464 1
114085 106718 2
114085 108640 1
114085 109002 1
114085 109072 1
114085 110104 1
114085 111919 1
114085 112100 1
114085 112588 1
114085 114084 1
114085 115661 1
114085 116118 1
114085 117617 1
114085 119267 1
116042 68104 1
116042 96730 2
116042 106498 1
116042 107596 1
116042 110797 1
116042 112588 1
116042 113224 1
116042 113225 1
116042 113226 1
116042 113285 1
116042 113993 2
116042 116622 1
119267 58007 1
119267 65194 1
119267 68104 1
119267 85936 1
119267 111502 1
119267 111503 1
119267 111919 1
119267 114085 1
126903 68104 1
126903 70831 1
37463 79284 1
37463 87554 1
50348 51460 1
50348 56771 1
50348 70809 1
50348 73782 1
50348 76201 1
50348 79284 1
50348 88423 1
50348 91393 1
50348 92050 1
50348 92256 1
50348 94844 1
50348 95701 1
50348 95992 1
50348 109726 1
51460 50348 1
51460 56771 1
51460 70809 1
51460 73782 1
51460 76201 1
51460 78284 1
51460 79263 1
51460 79284 1
51460 88423 1
51460 91393 1
51460 92050 1
51460 92256 1
51460 95420 1
51460 95992 1
51460 105684 1
51460 109726 1
52845 79284 1
52845 99609 1
52845 103455 1
52845 106414 1
52845 112542 1
52845 113031 1
54772 79198 1
54772 79263 1
54772 79270 1
54772 79275 1
54772 79284 1
54772 89033 1
54772 92026 1
54772 98050 1
54772 99610 1
54772 110954 1
56771 50348 1
56771 51460 1
56771 70809 1
56771 73758 1
56771 73782 1
56771 76201 1
56771 78475 1
56771 79284 1
56771 88423 2
56771 91393 1
56771 92050 1
56771 92256 1
56771 95992 1
56771 105042 1
56771 109726 1
56810 48879 1
56810 63934 1
56810 76750 1
56810 78284 1
56810 79284 1
56810 82130 1
56810 83129 1
56810 85719 1
56810 86496 1
56810 87731 2
56810 89201 1
56810 90733 1
56810 99610 1
56810 106308 1
58007 65194 1
58007 68146 1
58007 79284 1
58007 97479 1
58007 111502 1
58007 111503 1
58007 119267 1
61692 69359 1
61692 78267 1
61692 79284 1
61692 83666 1
61692 93878 1
61692 95496 1
61692 96073 1
61692 97173 1
61692 98050 1
61692 102854 1
61692 105689 2
61692 115192 1
64700 79284 1
64700 83652 1
64700 89150 1
64700 92176 1
66052 69547 1
66052 69557 1
66052 72911 1
66052 73848 1
66052 77680 1
66052 79284 1
66052 86247 1
66052 87357 1
66052 95785 1
66052 97855 2
66052 112542 1
68146 58007 1
68146 79284 1
68146 86134 1
68146 90445 1
68146 107624 1
68146 110136 1
69359 61692 1
69359 78267 1
69359 79284 1
69359 82591 1
69359 82973 1
69359 83666 1
69359 93878 1
69359 95496 1
69359 96073 1
69359 97173 1
69359 98050 1
69359 105689 1
69359 109726 1
69359 113622 1
69359 115192 1
69449 79284 1
69449 97348 1
69449 100736 1
69449 103211 1
69449 110220 1
69449 110462 1
69449 117233 1
69547 66052 1
69547 69557 1
69547 72911 1
69547 73848 1
69547 77680 1
69547 79284 1
69547 86247 1
69547 87357 1
69547 95785 1
69547 112542 1
69557 66052 1
69557 69547 1
69557 72911 1
69557 73848 2
69557 77369 1
69557 77680 1
69557 79284 1
69557 86247 1
69557 87357 1
69557 95785 1
69557 112542 1
69720 63042 1
69720 70704 1
69720 79284 1
69720 84840 1
69720 85773 1
69720 87743 1
69720 90445 1
69720 103242 1
69720 103440 1
70704 69720 1
70704 79284 1
70704 90445 1
70704 103242 1
70704 103440 1
70704 104876 1
70704 114504 1
70704 114505 1
70809 50348 1
70809 51460 1
70809 56771 1
70809 73782 1
70809 76201 1
70809 79284 1
70809 88423 1
70809 91393 1
70809 92050 1
70809 92256 1
70809 95496 1
70809 95992 1
70809 109726 1
72094 79284 1
72094 82973 1
72094 99052 1
72094 100265 1
72911 66052 1
72911 69547 1
72911 69557 1
72911 73848 1
72911 77680 1
72911 79284 1
72911 86247 1
72911 87357 1
72911 95785 1
72911 112542 1
73782 50348 1
73782 51460 1
73782 56771 1
73782 70809 1
73782 70831 1
73782 76201 1
73782 79284 1
73782 83654 1
73782 84455 1
73782 88423 1
73782 91393 1
73782 92050 1
73782 92256 1
73782 95992 1
73782 109726 1
73848 66052 1
73848 69547 1
73848 69557 2
73848 72911 1
73848 77680 1
73848 79284 1
73848 85977 1
73848 86134 1
73848 86247 1
73848 87357 1
73848 95785 1
73848 112542 1
76201 50348 1
76201 51460 1
76201 56771 1
76201 70809 1
76201 73782 1
76201 77680 1
76201 79284 1
76201 88423 1
76201 91393 1
76201 92050 1
76201 92256 1
76201 92391 1
76201 95992 1
76201 97767 1
76201 109726 1
76750 56810 1
76750 78284 1
76750 78296 1
76750 79284 1
76750 82130 1
76750 83129 1
76750 85719 1
76750 86496 1
76750 87731 1
76750 90733 1
76750 99610 1
76750 105647 1
76750 106308 1
76750 113031 1
77680 66052 1
77680 69396 1
77680 69547 1
77680 69557 1
77680 72911 1
77680 73848 1
77680 76201 1
77680 79284 1
77680 79656 1
77680 86247 1
77680 87357 1
77680 91987 1
77680 95785 1
77680 97767 1
77680 112542 1
78267 61692 1
78267 69359 1
78267 79284 1
78267 83666 1
78267 91323 1
78267 93878 1
78267 95496 2
78267 96073 1
78267 97173 1
78267 98050 1
78267 105689 2
78267 115192 1
78267 117114 1
79198 54772 1
79198 58442 1
79198 71167 1
79198 79263 1
79198 79270 2
79198 79275 1
79198 79284 1
79198 89033 1
79198 92026 1
79198 97265 1
79198 98050 1
79198 101404 1
79198 111425 1
79263 51460 1
79263 51463 1
79263 54772 1
79263 79198 1
79263 79267 4
79263 79270 1
79263 79275 1
79263 79284 1
79263 85425 1
79263 86247 1
79263 89033 1
79263 92026 1
79263 98050 1
79263 101231 1
79270 54772 1
79270 75900 1
79270 79198 2
79270 79263 1
79270 79267 1
79270 79275 2
79270 79284 1
79270 86134 1
79270 87607 1
79270 87694 1
79270 88423 1
79270 89033 1
79270 92026 1
79270 92253 1
79270 93635 1
79270 94844 1
79270 98050 1
79270 101198 1
79270 101404 1
79275 54772 1
79275 57558 1
79275 79198 1
79275 79263 1
79275 79267 1
79275 79270 2
79275 79284 1
79275 86197 1
79275 89033 1
79275 92026 1
79275 98050 1
79275 106308 1
82130 56810 1
82130 76750 1
82130 78284 1
82130 79284 1
82130 83129 1
82130 85719 1
82130 86496 1
82130 87731 1
82130 90733 1
82130 99610 1
82130 106308 1
82130 107624 1
82142 79284 1
82142 88423 1
82142 91947 1
82142 92050 1
82142 95496 1
82142 98033 1
82142 99609 1
82142 100696 1
82142 103589 1
82142 109035 1
82142 110903 1
82142 111139 1
82591 69359 1
82591 79284 1
82591 90374 1
82591 108422 1
82591 109928 1
82973 69359 1
82973 70864 1
82973 72094 1
82973 79284 1
82973 86134 1
82973 97767 1
82973 100265 1
83129 56810 1
83129 68069 1
83129 68090 1
83129 76750 1
83129 78284 1
83129 79284 1
83129 82130 1
83129 85719 1
83129 86208 1
83129 86496 1
83129 87731 2
83129 89150 1
83129 90733 1
83129 98930 1
83129 99610 1
83129 105042 1
83129 106308 1
83208 79284 1
83652 39194 1
83652 64700 1
83652 79284 1
83652 83654 1
83652 83666 1
83652 92050 1
83652 92176 1
83666 61692 1
83666 69359 1
83666 78267 1
83666 79284 1
83666 83652 1
83666 83654 1
83666 92539 1
83666 93878 1
83666 95496 1
83666 96073 1
83666 97173 1
83666 98050 1
83666 98094 1
83666 105689 1
83666 105978 1
83666 115192 1
85719 56810 1
85719 76750 1
85719 78284 1
85719 79284 1
85719 82130 1
85719 83129 1
85719 86208 1
85719 86258 1
85719 86496 1
85719 87731 1
85719 90445 1
85719 90733 1
85719 99609 1
85719 99610 1
85719 101404 1
85719 106308 1
85719 107624 1
85719 109002 1
85719 110903 2
85719 113031 1
86134 68146 1
86134 73848 1
86134 79270 1
86134 79284 1
86134 82973 1
86134 94844 1
86134 98050 1
86134 107624 1
86247 66052 1
86247 69547 1
86247 69557 1
86247 72911 1
86247 73848 1
86247 77680 1
86247 79263 1
86247 79284 1
86247 87357 1
86247 95785 1
86247 111966 1
86247 112542 1
86496 56810 1
86496 68069 1
86496 75100 1
86496 76750 1
86496 78284 1
86496 79284 1
86496 82130 1
86496 83129 1
86496 85719 1
86496 87731 1
86496 90733 1
86496 98033 1
86496 99610 1
86496 106308 1
86496 107524 1
87357 66052 1
87357 69547 1
87357 69557 1
87357 72911 1
87357 73848 1
87357 77680 1
87357 79284 1
87357 86247 1
87357 95785 1
87357 112542 1
87554 37463 1
87554 79284 1
87731 56810 2
87731 76750 1
87731 78284 1
87731 79284 1
87731 82130 1
87731 83129 2
87731 85719 1
87731 86496 1
87731 90733 1
87731 97348 1
87731 99610 2
87731 106308 1
88423 50348 1
88423 51460 1
88423 56771 2
88423 70809 1
88423 73782 1
88423 76201 1
88423 79270 1
88423 79284 1
88423 82142 1
88423 91393 1
88423 92050 1
88423 92256 1
88423 95992 1
88423 100265 1
88423 109726 1
89033 54772 1
89033 79198 1
89033 79263 1
89033 79270 1
89033 79275 1
89033 79284 1
89033 89619 1
89033 92026 1
89033 98050 1
89033 101542 1
89033 102966 1
89033 107624 1
89033 109070 1
90374 41800 1
90374 66229 1
90374 79284 1
90374 82591 1
90374 108422 1
90374 109928 1
90445 68146 1
90445 69720 1
90445 70704 1
90445 79284 1
90445 83598 1
90445 85719 1
90445 103242 1
90445 103440 1
90445 110136 1
90445 110903 2
90445 111425 1
90445 111919 1
90445 117546 1
90733 56810 1
90733 76750 1
90733 78284 1
90733 79284 1
90733 82130 1
90733 83129 1
90733 85719 1
90733 86496 1
90733 87731 1
90733 99610 2
90733 106308 1
90733 111919 1
91393 50348 1
91393 51460 1
91393 55608 1
91393 56771 1
91393 60275 1
91393 68069 1
91393 70809 1
91393 73782 1
91393 76201 1
91393 79284 1
91393 88423 1
91393 92050 1
91393 92256 1
91393 95992 1
91393 105220 1
91393 109726 1
91947 71167 1
91947 79284 1
91947 82142 1
91947 85425 2
91947 89461 3
91947 95992 1
91947 100696 1
91947 103418 1
91947 107292 1
91947 116674 1
92026 54772 1
92026 67642 1
92026 79198 1
92026 79263 1
92026 79270 1
92026 79275 1
92026 79284 1
92026 89033 1
92026 98050 1
92050 50348 1
92050 51460 1
92050 56771 1
92050 63934 1
92050 70809 1
92050 73782 1
92050 76201 1
92050 79284 1
92050 82142 1
92050 83652 1
92050 88423 1
92050 89150 1
92050 91393 1
92050 92256 1
92050 95992 1
92050 109726 1
92050 116118 1
92176 64700 1
92176 79284 1
92176 83652 1
92255 79284 1
92255 84454 1
92255 89499 1
92255 89685 1
92255 99335 1
92255 102186 1
92255 106415 1
92255 107524 1
92256 50348 1
92256 51460 1
92256 56771 1
92256 70809 1
92256 73782 1
92256 76201 1
92256 76714 1
92256 79284 1
92256 88423 1
92256 91393 1
92256 92050 1
92256 95992 1
92256 96073 1
92256 98927 1
92256 99250 1
92256 109726 1
93878 61692 1
93878 69359 1
93878 78267 1
93878 79284 1
93878 83666 1
93878 95496 1
93878 96073 1
93878 97173 1
93878 98050 1
93878 105689 1
93878 115192 1
95496 61692 1
95496 69359 1
95496 70809 1
95496 78267 2
95496 79284 1
95496 79617 1
95496 82142 1
95496 83666 1
95496 91323 1
95496 93878 1
95496 96073 1
95496 97173 1
95496 98050 1
95496 98930 1
95496 104884 1
95496 105689 1
95496 111425 1
95496 115192 1
95785 66052 1
95785 69547 1
95785 69557 1
95785 72911 1
95785 73848 1
95785 77680 1
95785 79284 1
95785 79483 1
95785 83950 1
95785 86247 1
95785 87357 1
95785 112542 1
95992 50348 1
95992 51460 1
95992 56771 1
95992 70809 1
95992 71167 1
95992 73782 1
95992 76201 1
95992 79284 1
95992 88423 1
95992 91393 1
95992 91947 1
95992 92050 1
95992 92256 1
95992 101544 1
95992 109726 1
96073 61692 1
96073 63188 1
96073 69359 1
96073 70911 1
96073 78267 1
96073 79284 1
96073 83666 1
96073 84314 1
96073 92256 1
96073 93878 1
96073 95496 1
96073 97173 1
96073 98050 2
96073 105689 1
96073 110706 1
96073 111085 2
96073 115192 1
97173 61692 1
97173 66229 1
97173 69359 1
97173 71167 1
97173 78267 1
97173 79284 1
97173 83666 1
97173 93635 1
97173 93878 1
97173 94588 1
97173 94928 1
97173 95496 1
97173 96073 1
97173 98050 1
97173 101231 1
97173 105689 1
97173 109002 1
97173 115192 1
97348 69449 1
97348 79284 1
97348 87731 1
97348 100736 2
97348 103211 1
97348 110220 1
97348 110462 1
97348 117233 1
97479 58007 1
97479 79284 1
97479 101231 1
97479 102715 1
97479 104464 1
97479 105250 1
97479 106857 1
97479 111281 1
97479 116384 1
97942 66488 1
97942 79284 1
97942 112542 1
98050 54772 1
98050 61692 1
98050 69359 1
98050 78267 1
98050 78284 1
98050 79198 1
98050 79263 1
98050 79270 1
98050 79275 1
98050 79284 2
98050 83666 1
98050 86134 1
98050 89033 1
98050 89461 1
98050 92026 1
98050 93878 1
98050 95496 1
98050 96073 2
98050 97173 1
98050 97848 1
98050 105689 1
98050 108422 1
98050 110842 1
98050 115192 1
99335 79284 1
99335 92255 1
99335 109002 1
99609 52845 1
99609 79284 1
99609 82142 1
99609 85719 1
99609 99610 1
99609 101404 1
99609 103074 1
99609 103242 1
99609 103455 1
99609 107624 1
99609 109002 1
99609 110903 1
99609 111281 1
99609 112100 1
99610 52915 1
99610 54772 1
99610 56810 1
99610 76750 1
99610 78284 1
99610 79284 1
99610 82130 1
99610 83129 1
99610 85719 1
99610 86496 1
99610 87731 2
99610 90733 2
99610 97848 1
99610 99609 1
99610 100922 1
99610 106308 1
99610 110136 1
99610 110842 1
99610 110903 1
99610 113031 1
100265 72094 1
100265 79284 1
100265 82973 1
100265 84455 1
100265 88423 1
100265 89150 1
100265 90306 1
100265 100696 1
100265 104557 1
100265 111425 1
100736 69449 1
100736 79284 1
100736 97348 2
100736 103211 1
100736 110220 1
100736 110462 1
100736 117233 1
103211 51567 1
103211 69449 1
103211 79284 1
103211 97348 1
103211 100736 1
103211 104557 1
103211 110220 1
103211 110462 1
103211 117233 1
103242 69720 1
103242 70704 1
103242 79284 1
103242 90445 1
103242 98094 1
103242 99609 1
103242 103440 1
103242 103455 1
103242 108422 1
103242 109070 1
103242 111919 1
103418 79284 1
103418 89208 1
103418 91947 1
103418 95701 1
103418 97248 2
103418 111919 1
103440 69720 1
103440 70704 1
103440 70816 1
103440 71958 1
103440 79284 1
103440 90445 1
103440 103242 1
103455 52845 1
103455 79284 1
103455 94928 1
103455 95762 1
103455 99609 1
103455 101404 1
103455 103242 1
103455 109002 4
103455 114085 1
105689 52915 1
105689 61692 2
105689 69359 1
105689 70973 1
105689 71421 1
105689 78267 2
105689 78475 1
105689 79284 1
105689 82270 1
105689 83666 1
105689 85976 1
105689 92370 1
105689 93878 1
105689 95496 1
105689 96073 1
105689 97173 1
105689 98050 1
105689 103502 1
105689 105684 1
105689 107524 1
105689 115192 1
105689 116118 1
106271 79284 1
106271 111300 1
106271 111425 1
106271 111966 1
106271 112542 1
106308 56810 1
106308 76750 1
106308 78284 1
106308 79275 1
106308 79284 1
106308 82130 1
106308 83129 1
106308 85719 1
106308 86197 1
106308 86496 1
106308 87731 1
106308 90733 1
106308 99610 1
107292 69996 1
107292 75066 1
107292 79284 1
107292 91947 1
107292 92194 1
107292 98930 1
107292 102263 1
107292 103502 2
107292 116149 1
107624 68146 1
107624 79284 1
107624 82130 1
107624 85719 1
107624 86134 1
107624 89033 1
107624 99609 1
107624 101404 1
107624 106718 1
107624 109002 1
107624 110903 2
108422 79284 1
108422 82591 1
108422 90374 1
108422 98050 1
108422 103242 1
108422 105213 1
108422 109928 1
108422 125308 1
109035 71416 1
109035 79284 1
109035 82142 1
109035 98167 1
109035 109002 1
109035 111139 1
109035 123929 1
109726 50348 1
109726 51460 1
109726 56771 1
109726 69359 1
109726 70809 1
109726 73782 1
109726 76201 1
109726 79284 1
109726 83950 1
109726 86258 1
109726 88423 1
109726 91393 1
109726 92050 1
109726 92256 1
109726 95992 1
109726 112702 1
109928 79284 1
109928 82591 1
109928 90374 1
109928 108422 1
110220 69449 1
110220 79284 1
110220 97348 1
110220 100736 1
110220 103211 1
110220 110462 1
110220 117233 1
110462 69449 1
110462 79284 1
110462 97348 1
110462 100736 1
110462 103211 1
110462 110220 1
110462 117233 1
111139 79284 1
111139 82142 1
111139 109035 1
111139 125705 1
112542 52845 1
112542 63932 1
112542 66052 1
112542 69547 1
112542 69557 1
112542 72911 1
112542 73848 1
112542 77680 1
112542 79284 1
112542 86247 1
112542 87357 1
112542 95762 1
112542 95785 1
112542 97942 1
112542 106271 1
112542 113031 1
112542 115768 1
115192 61692 1
115192 69359 1
115192 78267 1
115192 79284 1
115192 83666 1
115192 93878 1
115192 95496 1
115192 95701 1
115192 96073 1
115192 97173 1
115192 98050 1
115192 105689 1
117233 69449 1
117233 79284 1
117233 87743 1
117233 97348 1
117233 100736 1
117233 103211 1
117233 110220 1
117233 110462 1
69396 63042 1
69396 77680 1
69396 82452 1
69396 89773 1
69396 95420 1
69396 111966 1
91683 78475 1
91683 82452 1
91683 84314 1
107597 82452 1
107597 117726 1
117726 82452 1
117726 106563 1
117726 107597 1
117726 108669 1
51463 63042 1
51463 79263 1
51463 84454 1
51463 86197 1
51463 86282 1
51463 91323 1
51463 92253 1
51463 95407 1
51463 98167 1
51463 98930 1
62097 66488 1
62097 83950 1
62097 84452 1
62097 84453 1
62097 84454 1
62097 84455 1
62097 84456 1
62097 84457 1
62097 84479 1
62097 87735 1
62097 93212 1
62097 94588 1
62097 95356 1
62097 97171 1
62097 108669 1
63042 51463 1
63042 69396 1
63042 69720 1
63042 78284 1
63042 84454 1
63042 86197 1
63042 86282 1
63042 91323 1
63042 95407 1
63042 98167 1
63042 98930 1
63042 103566 1
66488 62097 1
66488 83950 1
66488 84070 1
66488 84452 1
66488 84453 1
66488 84454 1
66488 84455 1
66488 84456 1
66488 84457 1
66488 84479 1
66488 87735 1
66488 93212 1
66488 94588 1
66488 95356 1
66488 97171 1
66488 97942 1
66488 108669 1
83950 62097 1
83950 66488 1
83950 71416 1
83950 84452 1
83950 84453 1
83950 84454 1
83950 84455 2
83950 84456 1
83950 84457 1
83950 84479 1
83950 87735 1
83950 93212 1
83950 94588 1
83950 95356 1
83950 95785 1
83950 97171 1
83950 101404 1
83950 108669 2
83950 109726 1
84452 62097 1
84452 66488 1
84452 83950 1
84452 84453 1
84452 84454 1
84452 84455 1
84452 84456 1
84452 84457 1
84452 84479 1
84452 87735 1
84452 93212 1
84452 94588 1
84452 95356 1
84452 97171 1
84452 108669 1
84453 62097 1
84453 66488 1
84453 83950 1
84453 84452 1
84453 84454 1
84453 84455 1
84453 84456 1
84453 84457 1
84453 84479 1
84453 87735 1
84453 93212 1
84453 94588 1
84453 95356 1
84453 97171 1
84453 108669 1
84455 62097 1
84455 63934 1
84455 66488 1
84455 70831 1
84455 73782 1
84455 83950 2
84455 84452 1
84455 84453 1
84455 84454 1
84455 84456 1
84455 84457 1
84455 84479 1
84455 85773 1
84455 87735 1
84455 93212 1
84455 94588 1
84455 95356 1
84455 97171 1
84455 100265 1
84455 108669 2
84456 62097 1
84456 66488 1
84456 83950 1
84456 84452 1
84456 84453 1
84456 84454 1
84456 84455 1
84456 84457 1
84456 84479 1
84456 87735 1
84456 93212 1
84456 94588 1
84456 95356 1
84456 97171 1
84456 108669 1
84457 62097 1
84457 66488 1
84457 83950 1
84457 84452 1
84457 84453 1
84457 84454 1
84457 84455 1
84457 84456 1
84457 84479 1
84457 87735 1
84457 93212 1
84457 94588 1
84457 95356 1
84457 97171 1
84457 108669 1
84479 62097 1
84479 66488 1
84479 83950 1
84479 84314 1
84479 84452 1
84479 84453 1
84479 84454 1
84479 84455 1
84479 84456 1
84479 84457 1
84479 87735 1
84479 93212 1
84479 94588 1
84479 95356 1
84479 97171 1
84479 108669 1
86197 51463 1
86197 63042 1
86197 77369 1
86197 79275 1
86197 84454 1
86197 86258 1
86197 86282 1
86197 91323 1
86197 95407 1
86197 98167 1
86197 98930 1
86197 105647 1
86197 106308 1
86197 108669 1
86197 111966 1
86282 51463 1
86282 63042 1
86282 84454 1
86282 84840 1
86282 86197 1
86282 91323 1
86282 95407 1
86282 98167 1
86282 98930 1
86282 115768 1
87735 62097 1
87735 66488 1
87735 70864 1
87735 83950 1
87735 84452 1
87735 84453 1
87735 84454 1
87735 84455 1
87735 84456 1
87735 84457 1
87735 84479 1
87735 93212 1
87735 94588 1
87735 95356 1
87735 97171 1
87735 97248 1
87735 108669 1
87743 69720 1
87743 84454 1
87743 117233 1
89201 56810 1
89201 80272 1
89201 84454 1
89201 89381 1
89201 93635 1
89201 97943 1
89201 102966 1
89201 106563 1
89201 111425 1
89201 113031 1
89201 117546 1
89381 84454 1
89381 89201 1
89381 93635 1
89381 97943 1
89381 102966 1
89381 106563 1
89381 111425 1
89381 113031 1
89381 117546 1
89499 84454 1
89499 89685 2
89499 92255 1
89499 102186 1
89499 106415 1
89685 84454 1
89685 89499 2
89685 92255 1
89685 102186 1
89685 106415 1
89848 84454 1
89848 90690 2
89848 92889 1
89848 97848 1
89848 99052 1
89848 101542 1
89848 110842 2
90690 84454 1
90690 89848 2
90690 97848 1
90690 110842 2
91323 51463 1
91323 63042 1
91323 78267 1
91323 84454 1
91323 86197 1
91323 86282 1
91323 95407 1
91323 95496 1
91323 98167 1
91323 98930 1
91323 111425 1
92253 51463 1
92253 65670 1
92253 71958 1
92253 79270 1
92253 84454 1
92253 90306 1
92253 92499 1
92253 111281 1
92253 111502 1
92253 111503 1
92253 114818 1
93212 62097 1
93212 65670 1
93212 66488 1
93212 83950 1
93212 84452 1
93212 84453 1
93212 84454 1
93212 84455 1
93212 84456 1
93212 84457 1
93212 84479 1
93212 87735 1
93212 94588 2
93212 95356 1
93212 97171 1
93212 98170 1
93212 108669 1
93635 79270 1
93635 84454 1
93635 89201 1
93635 89381 1
93635 97173 1
93635 97943 1
93635 102966 1
93635 106563 1
93635 111425 1
93635 113031 1
93635 117546 1
94588 62097 1
94588 65670 1
94588 66488 1
94588 70913 1
94588 78677 1
94588 83950 1
94588 84452 1
94588 84453 1
94588 84454 1
94588 84455 1
94588 84456 1
94588 84457 1
94588 84479 1
94588 87735 1
94588 93212 2
94588 95021 1
94588 95356 1
94588 97171 1
94588 97173 1
94588 98167 1
94588 98170 1
94588 104557 1
94588 105978 1
94588 108669 1
95356 62097 1
95356 66488 1
95356 83950 1
95356 84452 1
95356 84453 1
95356 84454 1
95356 84455 1
95356 84456 1
95356 84457 1
95356 84479 1
95356 87735 1
95356 93212 1
95356 94588 1
95356 97171 1
95356 108669 1
95407 51463 1
95407 63042 1
95407 84454 1
95407 86197 1
95407 86282 1
95407 91323 1
95407 98167 1
95407 98930 1
97171 62097 1
97171 66488 1
97171 83950 1
97171 84452 1
97171 84453 1
97171 84454 1
97171 84455 1
97171 84456 1
97171 84457 1
97171 84479 1
97171 87735 1
97171 93212 1
97171 94588 1
97171 95356 1
97171 108669 1
97848 52915 1
97848 84454 1
97848 89848 1
97848 90690 1
97848 96107 1
97848 98050 1
97848 99610 1
97848 100922 1
97848 110842 5
97848 112282 1
97848 112386 1
97848 112387 1
97848 118871 1
97943 84454 1
97943 89201 1
97943 89381 1
97943 93635 1
97943 102966 1
97943 106563 1
97943 111425 1
97943 113031 1
97943 117546 2
98167 51463 1
98167 63042 1
98167 71416 1
98167 84454 1
98167 86197 1
98167 86282 1
98167 91323 1
98167 94588 1
98167 95407 1
98167 98930 1
98167 109035 1
98930 51463 1
98930 63042 1
98930 68069 1
98930 68090 1
98930 83129 1
98930 84454 1
98930 86197 1
98930 86208 1
98930 86282 1
98930 91323 1
98930 95407 1
98930 95496 1
98930 98167 1
98930 100069 1
98930 107292 1
98930 122910 1
102186 84454 1
102186 89499 1
102186 89685 1
102186 92255 1
102186 106415 1
102966 57516 1
102966 84454 1
102966 89033 1
102966 89201 1
102966 89381 1
102966 93635 1
102966 94928 1
102966 97943 1
102966 106563 1
102966 111425 1
102966 113031 1
102966 117546 1
106415 84454 1
106415 89499 1
106415 89685 1
106415 92255 1
106415 102186 1
106415 109002 1
106563 84454 1
106563 89201 1
106563 89381 1
106563 93635 1
106563 97943 1
106563 102966 1
106563 111425 1
106563 113031 1
106563 117546 1
106563 117726 1
108669 62097 1
108669 66488 1
108669 79483 1
108669 83950 2
108669 84452 1
108669 84453 1
108669 84454 1
108669 84455 2
108669 84456 1
108669 84457 1
108669 84479 1
108669 86197 1
108669 87735 1
108669 93212 1
108669 94588 1
108669 95356 1
108669 97171 1
108669 117726 1
110842 52915 1
110842 84454 1
110842 89848 2
110842 90690 2
110842 97848 5
110842 98050 1
110842 99610 1
110842 100922 1
111425 58442 1
111425 60275 1
111425 79198 1
111425 84454 1
111425 89201 1
111425 89381 1
111425 90445 1
111425 91323 1
111425 93635 1
111425 95420 1
111425 95496 1
111425 97943 1
111425 100265 1
111425 102966 1
111425 106271 1
111425 106563 1
111425 110104 1
111425 113031 1
111425 117546 1
113031 52845 1
113031 76750 1
113031 84037 1
113031 84454 1
113031 85719 1
113031 85773 1
113031 86208 1
113031 89201 1
113031 89381 1
113031 93635 1
113031 97943 1
113031 99610 1
113031 102966 1
113031 106414 1
113031 106563 1
113031 110136 2
113031 111425 1
113031 112542 1
113031 117546 1
117546 84454 1
117546 89201 1
117546 89381 1
117546 90445 1
117546 93635 1
117546 97943 2
117546 102966 1
117546 106563 1
117546 111425 1
117546 113031 1
60324 61158 1
60324 61159 1
60324 70750 1
60324 70864 1
60324 71416 1
60324 72198 1
60324 84879 1
60324 84884 1
60324 89093 1
60324 101734 1
60324 102116 1
60324 106629 1
60324 108040 1
60324 112282 1
60324 112387 1
61158 60324 1
61158 61159 1
61158 70750 1
61158 70864 1
61158 71416 1
61158 72198 1
61158 84879 1
61158 84884 1
61158 89093 1
61158 101734 1
61158 102116 1
61158 106629 1
61158 108040 1
61158 112282 1
61158 112387 1
61159 60324 1
61159 61158 1
61159 70750 1
61159 70864 1
61159 71416 1
61159 72198 1
61159 84879 1
61159 84884 1
61159 89093 1
61159 101734 1
61159 102116 1
61159 106629 1
61159 108040 1
61159 112282 1
61159 112387 1
70750 60324 1
70750 61158 1
70750 61159 1
70750 70864 1
70750 71416 1
70750 72198 1
70750 78475 1
70750 84879 1
70750 84884 1
70750 89093 1
70750 101734 1
70750 102116 1
70750 104464 1
70750 106629 1
70750 108040 1
70750 112282 1
70750 112387 1
70864 60324 1
70864 61158 1
70864 61159 1
70864 70750 1
70864 71416 1
70864 72198 1
70864 82973 1
70864 84879 1
70864 84884 1
70864 87735 1
70864 89093 1
70864 101734 1
70864 102116 1
70864 106629 1
70864 108040 1
70864 112282 1
70864 112387 1
70864 116674 1
70917 65194 1
70917 67983 1
70917 68105 1
70917 74481 1
70917 76744 1
70917 78296 1
70917 84879 1
70917 89376 1
70917 92106 1
70917 92153 1
70917 92170 1
70917 92277 1
70917 100409 1
70917 101404 1
70917 102263 1
70917 103891 1
70917 108640 1
70917 109002 1
70917 109072 1
70917 111500 1
70917 112588 1
70917 113917 1
70917 114084 1
70917 114085 1
70917 115661 1
70917 116118 1
70917 116674 1
71416 60324 1
71416 61158 1
71416 61159 1
71416 70750 1
71416 70864 1
71416 72198 1
71416 76744 1
71416 83950 1
71416 84879 1
71416 84884 1
71416 89093 1
71416 93836 1
71416 98167 1
71416 101404 1
71416 101734 1
71416 102116 1
71416 106629 1
71416 108040 1
71416 109035 1
71416 112282 1
71416 112387 1
72198 60324 1
72198 61158 1
72198 61159 1
72198 70750 1
72198 70864 1
72198 71416 1
72198 84879 1
72198 84884 1
72198 89093 1
72198 101734 1
72198 102116 1
72198 106629 1
72198 108040 1
72198 112282 1
72198 112387 1
75900 75066 1
75900 79267 1
75900 79270 1
75900 84879 1
75900 94844 2
75900 114495 1
81568 84879 1
81568 90691 1
81568 109637 1
81568 113680 1
81568 113695 1
81568 113696 1
81568 113697 1
81568 113698 1
81568 113699 1
81568 113700 1
81568 113701 1
81568 113702 1
81568 113952 1
81568 119922 1
81568 120267 1
84883 68105 1
84883 70911 1
84883 71421 1
84883 84879 1
84883 87308 1
84883 103566 1
84883 106907 1
84883 107601 1
84883 108640 1
84883 112590 1
84883 113121 1
84883 113181 1
84883 113301 2
84883 115659 1
84883 115660 1
84883 115661 1
84883 115663 1
84883 117803 1
84883 117823 1
84883 119167 1
84884 60324 1
84884 61158 1
84884 61159 1
84884 70750 1
84884 70864 1
84884 71416 1
84884 72198 1
84884 84879 1
84884 89093 1
84884 101734 1
84884 102116 1
84884 106629 1
84884 108040 1
84884 112282 1
84884 112387 1
89093 60324 1
89093 61158 1
89093 61159 1
89093 70750 1
89093 70864 1
89093 71416 1
89093 72198 1
89093 84879 1
89093 84884 1
89093 101734 1
89093 102116 1
89093 106629 1
89093 108040 1
89093 112282 1
89093 112387 1
92489 84879 1
92489 102715 1
92489 106718 1
92489 110104 1
92489 114085 1
92489 117617 1
101045 57558 1
101045 78475 1
101045 84879 1
101045 115663 1
101045 123904 1
101734 60324 1
101734 61158 1
101734 61159 1
101734 70750 1
101734 70864 1
101734 71416 1
101734 72198 1
101734 84879 1
101734 84884 1
101734 89093 1
101734 102116 1
101734 106629 1
101734 108040 1
101734 112282 1
101734 112387 1
102116 60324 1
102116 61158 1
102116 61159 1
102116 70750 1
102116 70864 1
102116 71416 1
102116 72198 1
102116 84879 1
102116 84884 1
102116 89093 1
102116 101734 1
102116 106629 1
102116 108040 1
102116 112282 1
102116 112387 1
106629 60324 1
106629 61158 1
106629 61159 1
106629 70750 1
106629 70864 1
106629 71416 1
106629 72198 1
106629 84879 1
106629 84884 1
106629 86844 1
106629 89093 1
106629 101734 1
106629 102116 1
106629 106214 1
106629 108040 1
106629 112282 3
106629 112387 1
106629 113224 1
108040 60324 1
108040 61158 1
108040 61159 1
108040 70750 1
108040 70864 1
108040 71416 1
108040 72198 1
108040 84879 1
108040 84884 1
108040 89093 1
108040 101734 1
108040 102116 1
108040 106629 1
108040 112282 1
108040 112387 1
108640 68105 1
108640 70911 1
108640 70917 1
108640 71421 1
108640 84879 1
108640 84883 1
108640 85936 1
108640 85976 1
108640 87308 1
108640 92153 1
108640 98709 1
108640 103566 6
108640 106907 1
108640 107601 1
108640 109072 1
108640 110365 1
108640 110797 1
108640 112431 1
108640 112498 1
108640 112588 1
108640 112590 1
108640 112594 1
108640 113121 1
108640 113181 1
108640 113301 1
108640 114084 1
108640 114085 1
108640 115659 1
108640 115660 1
108640 115661 6
108640 115663 1
108640 116118 2
108640 117803 2
108640 117823 1
108640 119167 1
109072 68105 1
109072 70845 1
109072 70917 1
109072 84879 1
109072 85936 1
109072 108640 1
109072 112588 1
109072 114084 1
109072 114085 1
109072 115090 1
109072 115660 1
109637 70919 1
109637 81568 1
109637 84879 1
109637 88462 1
109637 92170 1
109637 92277 1
109637 92499 1
109637 101404 1
109637 111085 1
109637 112590 2
109637 112594 1
109637 113181 1
109637 113301 1
109637 113680 1
109637 113695 1
109637 113696 1
109637 113697 1
109637 113698 1
109637 113699 1
109637 113700 1
109637 113701 1
109637 113702 1
109637 113952 1
109637 119922 1
109637 120267 1
112282 60324 1
112282 61158 1
112282 61159 1
112282 70750 1
112282 70864 1
112282 71416 1
112282 72198 1
112282 84879 1
112282 84884 1
112282 89093 1
112282 97848 1
112282 101734 1
112282 102116 1
112282 106629 3
112282 108040 1
112282 112387 1
112387 60324 1
112387 61158 1
112387 61159 1
112387 70750 1
112387 70864 1
112387 71416 1
112387 72198 1
112387 84879 1
112387 84884 1
112387 89093 1
112387 96107 1
112387 97848 1
112387 101734 1
112387 102116 1
112387 106629 1
112387 108040 1
112387 112282 1
112387 112386 1
112387 118871 1
112588 70917 1
112588 78284 1
112588 84840 1
112588 84879 1
112588 96730 1
112588 107596 1
112588 108640 1
112588 109072 1
112588 113993 1
112588 114084 1
112588 114085 1
112588 116042 1
113680 81568 1
113680 84879 1
113680 109637 1
113680 113695 1
113680 113696 1
113680 113697 1
113680 113698 1
113680 113699 1
113680 113700 1
113680 113701 1
113680 113702 1
113680 113952 1
113680 119922 1
113680 120267 1
113695 81568 1
113695 84879 1
113695 109637 1
113695 113680 1
113695 113696 1
113695 113697 1
113695 113698 1
113695 113699 1
113695 113700 1
113695 113701 1
113695 113702 1
113695 113952 1
113695 119922 1
113695 120267 1
113696 81568 1
113696 84879 1
113696 109637 1
113696 113680 1
113696 113695 1
113696 113697 1
113696 113698 1
113696 113699 1
113696 113700 1
113696 113701 1
113696 113702 1
113696 113952 1
113696 119922 1
113696 120267 1
113697 81568 1
113697 84879 1
113697 109637 1
113697 113680 1
113697 113695 1
113697 113696 1
113697 113698 1
113697 113699 1
113697 113700 1
113697 113701 1
113697 113702 1
113697 113952 1
113697 119922 1
113697 120267 1
113698 81568 1
113698 84879 1
113698 109637 1
113698 113680 1
113698 113695 1
113698 113696 1
113698 113697 1
113698 113699 1
113698 113700 1
113698 113701 1
113698 113702 1
113698 113952 1
113698 119922 1
113698 120267 1
113699 81568 1
113699 84879 1
113699 109637 1
113699 113680 1
113699 113695 1
113699 113696 1
113699 113697 1
113699 113698 1
113699 113700 1
113699 113701 1
113699 113702 1
113699 113952 1
113699 119922 1
113699 120267 1
113700 81568 1
113700 84879 1
113700 109637 1
113700 113680 1
113700 113695 1
113700 113696 1
113700 113697 1
113700 113698 1
113700 113699 1
113700 113701 1
113700 113702 1
113700 113952 1
113700 119922 1
113700 120267 1
113701 81568 1
113701 84879 1
113701 109637 1
113701 113680 1
113701 113695 1
113701 113696 1
113701 113697 1
113701 113698 1
113701 113699 1
113701 113700 1
113701 113702 1
113701 113952 1
113701 119922 1
113701 120267 1
113702 81568 1
113702 84879 1
113702 109637 1
113702 113680 1
113702 113695 1
113702 113696 1
113702 113697 1
113702 113698 1
113702 113699 1
113702 113700 1
113702 113701 1
113702 113952 1
113702 119922 1
113702 120267 1
113952 81568 1
113952 84879 1
113952 109637 1
113952 113680 1
113952 113695 1
113952 113696 1
113952 113697 1
113952 113698 1
113952 113699 1
113952 113700 1
113952 113701 1
113952 113702 1
113952 119922 1
113952 120267 1
114084 70917 1
114084 84879 1
114084 108640 1
114084 109072 1
114084 112588 1
114084 114085 1
114492 84879 1
114492 117114 1
114492 125308 1
114495 75900 1
114495 84879 1
114495 92170 1
114495 101231 1
114495 113181 1
114495 117114 2
114495 119093 1
115663 68105 1
115663 70911 1
115663 71421 1
115663 84879 1
115663 84883 1
115663 87308 1
115663 101045 1
115663 103566 1
115663 106907 1
115663 107601 1
115663 108640 1
115663 112590 1
115663 113121 1
115663 113181 1
115663 113301 1
115663 115659 1
115663 115660 1
115663 115661 1
115663 117803 1
115663 117823 1
115663 119167 1
117114 78267 1
117114 84879 1
117114 114492 1
117114 114495 2
117114 115768 1
117114 125308 1
119922 81568 1
119922 84879 1
119922 109637 1
119922 113680 1
119922 113695 1
119922 113696 1
119922 113697 1
119922 113698 1
119922 113699 1
119922 113700 1
119922 113701 1
119922 113702 1
119922 113952 1
119922 120267 1
120267 81568 1
120267 84879 1
120267 105220 1
120267 109637 1
120267 111776 1
120267 113680 1
120267 113695 1
120267 113696 1
120267 113697 1
120267 113698 1
120267 113699 1
120267 113700 1
120267 113701 1
120267 113702 1
120267 113952 1
120267 116398 1
120267 119922 1
120267 120577 1
125308 84879 1
125308 108422 1
125308 114492 1
125308 117114 1
52915 70973 1
52915 71421 1
52915 78475 1
52915 82270 1
52915 83654 2
52915 85976 1
52915 91987 1
52915 92370 1
52915 97848 1
52915 99610 1
52915 100922 1
52915 103502 2
52915 105684 1
52915 105689 1
52915 107524 1
52915 110842 1
52915 116118 1
69996 85976 1
69996 94621 1
69996 106268 1
69996 107292 1
69996 109673 1
70973 52915 1
70973 71421 1
70973 78475 1
70973 82270 1
70973 85976 1
70973 92370 1
70973 103502 1
70973 105684 1
70973 105689 1
70973 107524 1
70973 116118 1
71421 28151 1
71421 52915 1
71421 63188 1
71421 68105 1
71421 70911 1
71421 70973 1
71421 74145 1
71421 78475 1
71421 82270 1
71421 84002 1
71421 84883 1
71421 85976 1
71421 85977 1
71421 87307 1
71421 87308 2
71421 87309 1
71421 87310 1
71421 92277 1
71421 92370 1
71421 92499 1
71421 93836 1
71421 98572 1
71421 103502 1
71421 103566 2
71421 104464 1
71421 105684 1
71421 105689 1
71421 106498 1
71421 106718 1
71421 106907 1
71421 107524 1
71421 107601 1
71421 108640 1
71421 112100 1
71421 112590 2
71421 113121 1
71421 113181 1
71421 113301 1
71421 114085 1
71421 115659 1
71421 115660 1
71421 115661 2
71421 115663 1
71421 116118 2
71421 117803 1
71421 117823 2
71421 119167 1
78475 52915 1
78475 56771 1
78475 70750 1
78475 70913 1
78475 70973 1
78475 71421 1
78475 82270 1
78475 85976 1
78475 91683 1
78475 92370 2
78475 101045 1
78475 103502 2
78475 105684 1
78475 105689 1
78475 107524 1
78475 116118 1
82270 52915 1
82270 70973 1
82270 71421 1
82270 75286 1
82270 78475 1
82270 85976 1
82270 91987 1
82270 92370 1
82270 103502 1
82270 105684 1
82270 105689 1
82270 107524 1
82270 116118 1
92370 52915 1
92370 70845 1
92370 70973 1
92370 71167 1
92370 71421 1
92370 78475 2
92370 82270 1
92370 85976 1
92370 100621 1
92370 103502 1
92370 105684 1
92370 105689 1
92370 107524 1
92370 116118 1
94621 69996 1
94621 85976 1
94621 104557 1
94621 106268 1
94621 109673 1
98709 85976 1
98709 92153 1
98709 103566 1
98709 108640 1
98709 110365 1
98709 112498 1
98709 115661 1
98709 116118 1
103502 52915 2
103502 70973 1
103502 71421 1
103502 75066 1
103502 78475 2
103502 82270 1
103502 85976 1
103502 92370 1
103502 105684 1
103502 105689 1
103502 107292 2
103502 107524 1
103502 116118 1
103566 63042 1
103566 63188 1
103566 68105 1
103566 70911 1
103566 71421 2
103566 74145 1
103566 84002 1
103566 84883 1
103566 85936 1
103566 85976 1
103566 87307 1
103566 87308 2
103566 87309 1
103566 87310 1
103566 92153 1
103566 92277 1
103566 92499 1
103566 93836 1
103566 98572 1
103566 98709 1
103566 104464 1
103566 105647 1
103566 106718 1
103566 106907 1
103566 107601 1
103566 108640 6
103566 110365 1
103566 112100 1
103566 112431 1
103566 112498 1
103566 112590 1
103566 112594 1
103566 113121 1
103566 113181 1
103566 113301 1
103566 114085 1
103566 115659 1
103566 115660 1
103566 115661 6
103566 115663 1
103566 116118 3
103566 117803 1
103566 117823 1
103566 119167 1
105684 51460 1
105684 52915 1
105684 70973 1
105684 71421 1
105684 78475 1
105684 82270 1
105684 85976 1
105684 92370 1
105684 95701 1
105684 103502 1
105684 105689 1
105684 107524 1
105684 107601 1
105684 116118 1
107524 52915 1
107524 70973 1
107524 71421 1
107524 78475 1
107524 82270 1
107524 85976 1
107524 86496 1
107524 92255 1
107524 92370 1
107524 103502 1
107524 105684 1
107524 105689 1
107524 116118 1
109673 69996 1
109673 85976 1
109673 94621 1
109673 106268 1
112498 85976 1
112498 92153 1
112498 98709 1
112498 103566 1
112498 108640 1
112498 110365 1
112498 115661 1
112498 116118 1
115661 63188 1
115661 68105 2
115661 70911 1
115661 70917 1
115661 71421 2
115661 74145 1
115661 84002 1
115661 84883 1
115661 85976 1
115661 87307 1
115661 87308 2
115661 87309 1
115661 87310 1
115661 92153 1
115661 92277 1
115661 92499 1
115661 93836 1
115661 98572 1
115661 98709 1
115661 103566 6
115661 104464 1
115661 106718 1
115661 106907 1
115661 107601 1
115661 108640 6
115661 110365 1
115661 112100 1
115661 112431 1
115661 112498 1
115661 112590 1
115661 112594 1
115661 113121 1
115661 113181 1
115661 113301 1
115661 114085 1
115661 115659 1
115661 115660 1
115661 115663 1
115661 116118 4
115661 117803 1
115661 117823 1
115661 119167 1
116118 52915 1
116118 63188 1
116118 67983 1
116118 70917 1
116118 70919 1
116118 70973 1
116118 71421 2
116118 74145 1
116118 78284 1
116118 78296 1
116118 78475 1
116118 82270 1
116118 84002 1
116118 85976 2
116118 87307 1
116118 87308 1
116118 87309 1
116118 87310 1
116118 92050 1
116118 92153 3
116118 92277 1
116118 92370 1
116118 92499 1
116118 93836 1
116118 98572 1
116118 98709 1
116118 103502 1
116118 103566 3
116118 104464 1
116118 105684 1
116118 105689 1
116118 106718 1
116118 107524 1
116118 108640 2
116118 110365 1
116118 112100 1
116118 112431 1
116118 112498 1
116118 114085 1
116118 115661 4
63188 71421 1
63188 74145 1
63188 84002 1
63188 87307 1
63188 87308 1
63188 87309 1
63188 87310 1
63188 92277 1
63188 92499 1
63188 93836 1
63188 96073 1
63188 98572 1
63188 103566 1
63188 104464 1
63188 106718 1
63188 111085 1
63188 112100 1
63188 114085 1
63188 115661 1
63188 116118 1
68105 70845 1
68105 70911 1
68105 70917 1
68105 71421 1
68105 84883 1
68105 85936 2
68105 87308 1
68105 103566 1
68105 106718 1
68105 106907 1
68105 107601 1
68105 108640 1
68105 109072 1
68105 111919 1
68105 112590 1
68105 113121 1
68105 113181 1
68105 113301 1
68105 115659 1
68105 115660 2
68105 115661 2
68105 115663 1
68105 117803 1
68105 117823 1
68105 119167 1
70795 83654 1
70795 87308 1
70795 95701 1
70795 102854 1
70911 68105 1
70911 70919 1
70911 71421 1
70911 74481 1
70911 84883 1
70911 87308 1
70911 96073 1
70911 103566 1
70911 103891 1
70911 106907 1
70911 107601 1
70911 108640 1
70911 110706 1
70911 111085 1
70911 112590 1
70911 113121 1
70911 113181 1
70911 113301 1
70911 115659 1
70911 115660 1
70911 115661 1
70911 115663 1
70911 117803 1
70911 117823 1
70911 119167 1
74145 63188 1
74145 71421 1
74145 84002 1
74145 87307 1
74145 87308 1
74145 87309 1
74145 87310 1
74145 92277 1
74145 92499 1
74145 93836 1
74145 98572 1
74145 103566 1
74145 104464 1
74145 106718 1
74145 112100 1
74145 114085 1
74145 115661 1
74145 116118 1
83654 52915 2
83654 70795 1
83654 73782 1
83654 83652 1
83654 83666 1
83654 87308 1
83654 89150 1
83654 95701 1
83654 102854 1
83654 105647 1
84002 63188 1
84002 71421 1
84002 74145 1
84002 87307 1
84002 87308 1
84002 87309 1
84002 87310 1
84002 92277 1
84002 92499 1
84002 93836 1
84002 98572 1
84002 103566 1
84002 104464 1
84002 106718 1
84002 112100 1
84002 114085 1
84002 115661 1
84002 116118 1
87307 63188 1
87307 71421 1
87307 74145 1
87307 84002 1
87307 87308 1
87307 87309 1
87307 87310 1
87307 92277 1
87307 92499 1
87307 93836 1
87307 98572 1
87307 101404 1
87307 103566 1
87307 104464 1
87307 106718 1
87307 107761 1
87307 110797 1
87307 112100 1
87307 113301 1
87307 114085 1
87307 115660 2
87307 115661 1
87307 116118 1
87309 62894 1
87309 63188 1
87309 71421 1
87309 74145 1
87309 84002 1
87309 87307 1
87309 87308 1
87309 87310 1
87309 92277 1
87309 92499 1
87309 93836 1
87309 98572 1
87309 103566 1
87309 104464 1
87309 106718 1
87309 112100 1
87309 114085 1
87309 115661 1
87309 116118 1
87310 63188 1
87310 71421 1
87310 74145 1
87310 84002 1
87310 87307 1
87310 87308 1
87310 87309 1
87310 92277 1
87310 92499 1
87310 93836 1
87310 98572 1
87310 103566 1
87310 104464 1
87310 106718 1
87310 112100 1
87310 114085 1
87310 115661 1
87310 116118 1
92277 63188 1
92277 65194 1
92277 70917 1
92277 71421 1
92277 74145 1
92277 84002 1
92277 87307 1
92277 87308 1
92277 87309 1
92277 87310 1
92277 89376 1
92277 92106 1
92277 92170 1
92277 92499 2
92277 93836 1
92277 98572 1
92277 100409 1
92277 101404 2
92277 102263 2
92277 103566 1
92277 103891 1
92277 104464 1
92277 106718 1
92277 109002 1
92277 109637 1
92277 111085 1
92277 111500 1
92277 112100 1
92277 114085 1
92277 115661 1
92277 116118 1
92277 116674 1
92499 63188 1
92499 65670 1
92499 71421 1
92499 74145 1
92499 84002 1
92499 87307 1
92499 87308 1
92499 87309 1
92499 87310 1
92499 92253 1
92499 92277 2
92499 93836 1
92499 98572 1
92499 101404 1
92499 103566 1
92499 104464 1
92499 106718 1
92499 109635 1
92499 109637 1
92499 111085 2
92499 112100 1
92499 114085 1
92499 115661 1
92499 116118 1
93836 63188 1
93836 71416 1
93836 71421 1
93836 74145 1
93836 84002 1
93836 87307 1
93836 87308 1
93836 87309 1
93836 87310 1
93836 92277 1
93836 92499 1
93836 98572 1
93836 103566 1
93836 104464 1
93836 106718 1
93836 112100 1
93836 114085 1
93836 115661 1
93836 116118 1
95701 50348 1
95701 70795 1
95701 83654 1
95701 86258 1
95701 87308 1
95701 91987 1
95701 102854 1
95701 103418 1
95701 105684 1
95701 111919 1
95701 115192 1
98572 63188 1
98572 71421 1
98572 74145 1
98572 84002 1
98572 87307 1
98572 87308 1
98572 87309 1
98572 87310 1
98572 92277 1
98572 92499 1
98572 93836 1
98572 103566 1
98572 104464 1
98572 106718 1
98572 112100 1
98572 114085 1
98572 115661 1
98572 116118 1
102854 61692 1
102854 70795 1
102854 83654 1
102854 86258 1
102854 87308 1
102854 95701 1
104464 63188 1
104464 70750 1
104464 71421 1
104464 74145 1
104464 84002 1
104464 87307 1
104464 87308 1
104464 87309 1
104464 87310 1
104464 92277 1
104464 92499 1
104464 93836 1
104464 97479 1
104464 98572 1
104464 102715 1
104464 103566 1
104464 105250 1
104464 106718 1
104464 106857 1
104464 112100 1
104464 114085 1
104464 115661 1
104464 116118 1
106718 63188 1
106718 68105 1
106718 71421 1
106718 74145 1
106718 84002 1
106718 87307 1
106718 87308 1
106718 87309 1
106718 87310 1
106718 92277 1
106718 92489 1
106718 92499 1
106718 93836 1
106718 98572 1
106718 102715 1
106718 103566 1
106718 104464 1
106718 107624 1
106718 110104 1
106718 111919 1
106718 112100 1
106718 114085 2
106718 115661 1
106718 116118 1
106718 117617 1
106907 68105 1
106907 70911 1
106907 71421 1
106907 84883 1
106907 87308 1
106907 100069 1
106907 103566 1
106907 107601 1
106907 108640 1
106907 112590 1
106907 113121 1
106907 113181 1
106907 113301 1
106907 115659 1
106907 115660 1
106907 115661 1
106907 115663 1
106907 117803 1
106907 117823 1
106907 119167 1
107601 68105 1
107601 70911 1
107601 71421 1
107601 84883 1
107601 87308 1
107601 103566 1
107601 105684 1
107601 106907 1
107601 108640 1
107601 112590 1
107601 113121 1
107601 113181 2
107601 113301 1
107601 115659 1
107601 115660 1
107601 115661 1
107601 115663 1
107601 117803 1
107601 117823 1
107601 119167 1
112100 63188 1
112100 71421 1
112100 74145 1
112100 84002 1
112100 87307 1
112100 87308 1
112100 87309 1
112100 87310 1
112100 92277 1
112100 92499 1
112100 93836 1
112100 98572 1
112100 99609 1
112100 103566 1
112100 104464 1
112100 106718 1
112100 114085 1
112100 115661 1
112100 116118 1
112100 121232 1
113121 68105 1
113121 70911 1
113121 71421 1
113121 84883 1
113121 87308 1
113121 103566 1
113121 106907 1
113121 107601 1
113121 108640 1
113121 112590 1
113121 113181 1
113121 113301 1
113121 115659 1
113121 115660 1
113121 115661 1
113121 115663 1
113121 117379 1
113121 117803 2
113121 117823 1
113121 119167 1
113181 68105 1
113181 70911 1
113181 71421 1
113181 84883 1
113181 87308 1
113181 92170 1
113181 103566 1
113181 106907 1
113181 107601 2
113181 108640 1
113181 109637 1
113181 112590 1
113181 113121 1
113181 113301 2
113181 114495 1
113181 115659 1
113181 115660 1
113181 115661 1
113181 115663 1
113181 117379 1
113181 117803 1
113181 117823 1
113181 119167 1
113181 125156 1
113301 68105 1
113301 70911 1
113301 71421 1
113301 84883 2
113301 87307 1
113301 87308 2
113301 92170 1
113301 103566 1
113301 106907 1
113301 107601 1
113301 108640 1
113301 109637 1
113301 112590 1
113301 113121 1
113301 113181 2
113301 115659 1
113301 115660 1
113301 115661 1
113301 115663 1
113301 117803 1
113301 117823 1
113301 119167 1
113622 69359 1
113622 87308 1
113622 95420 1
113622 97926 2
113622 108386 1
115659 68105 1
115659 70911 1
115659 71421 1
115659 84883 1
115659 87308 1
115659 103566 1
115659 106907 1
115659 107601 1
115659 108640 1
115659 112590 1
115659 113121 1
115659 113181 1
115659 113301 1
115659 115660 1
115659 115661 1
115659 115663 1
115659 117803 1
115659 117823 1
115659 119167 1
115660 68105 2
115660 70845 2
115660 70911 1
115660 71421 1
115660 84883 1
115660 85936 1
115660 87307 2
115660 87308 1
115660 103566 1
115660 106907 1
115660 107601 1
115660 108386 1
115660 108640 1
115660 109072 1
115660 112590 1
115660 113121 1
115660 113181 1
115660 113301 1
115660 115659 1
115660 115661 1
115660 115663 1
115660 117803 1
115660 117823 1
115660 119167 1
117823 68105 1
117823 70911 1
117823 71421 2
117823 84883 1
117823 87308 1
117823 89376 1
117823 103566 1
117823 106498 1
117823 106907 1
117823 107601 1
117823 108640 1
117823 112590 1
117823 113121 1
117823 113181 1
117823 113301 1
117823 115659 1
117823 115660 1
117823 115661 1
117823 115663 1
117823 117803 1
117823 117822 1
117823 119167 1
119167 68105 1
119167 70911 1
119167 71421 1
119167 84883 1
119167 87308 1
119167 103566 1
119167 106907 1
119167 107601 1
119167 108640 1
119167 112590 1
119167 113121 1
119167 113181 1
119167 113301 1
119167 115659 1
119167 115660 1
119167 115661 1
119167 115663 1
119167 117803 1
119167 117823 1
43429 62824 1
43429 66453 1
43429 91865 1
60275 78677 1
60275 80404 1
60275 86159 2
60275 86258 5
60275 91393 1
60275 91864 3
60275 91865 2
60275 91866 5
60275 91867 5
60275 109752 2
60275 111425 1
62824 43429 1
62824 66453 1
62824 91865 1
66453 43429 1
66453 62824 1
66453 91865 1
67844 71167 1
67844 91865 1
67844 100922 1
67862 71958 1
67862 91865 1
67862 106414 1
68069 68090 1
68069 70915 1
68069 75100 1
68069 76744 1
68069 83129 1
68069 86208 1
68069 86337 1
68069 86496 1
68069 88959 1
68069 91393 1
68069 91535 1
68069 91865 1
68069 92194 1
68069 94353 1
68069 98930 1
68069 105220 1
68069 109752 1
70915 68069 1
70915 76744 1
70915 86337 1
70915 91535 1
70915 91865 1
70915 92194 1
70915 94353 1
70915 109752 1
71167 67844 1
71167 79198 1
71167 91865 1
71167 91947 1
71167 92370 1
71167 95992 1
71167 97173 1
71167 100621 1
76744 68069 1
76744 70915 1
76744 70917 1
76744 71416 1
76744 74481 1
76744 84037 1
76744 86337 1
76744 91535 1
76744 91865 1
76744 92194 1
76744 94353 1
76744 109752 1
79617 86208 1
79617 91865 1
79617 95496 1
79617 107653 1
79617 107654 1
79617 109070 1
79617 109745 1
79617 114896 1
79617 114897 1
80404 60275 1
80404 70845 1
80404 86159 1
80404 86258 1
80404 91865 1
80404 91866 1
80404 91867 1
80404 109752 1
81993 70906 1
81993 84831 1
81993 91865 1
83106 68083 1
83106 91865 2
83106 100446 1
83106 102263 1
83106 105250 1
83106 111500 1
84070 66488 1
84070 91865 1
84956 70845 1
84956 91865 1
84956 103891 1
84956 106214 1
84956 108386 1
86159 60275 2
86159 80404 1
86159 86258 2
86159 91865 2
86159 91866 2
86159 91867 2
86159 109752 1
86258 60275 5
86258 80404 1
86258 85719 1
86258 86159 2
86258 86197 1
86258 91865 2
86258 91866 5
86258 91867 5
86258 95701 1
86258 102854 1
86258 109726 1
86258 109752 1
86258 111966 1
86337 68069 1
86337 70915 1
86337 76744 1
86337 91535 1
86337 91865 2
86337 92194 2
86337 94353 1
86337 105220 1
86337 105396 1
86337 109752 2
86337 116149 1
91535 68069 1
91535 70915 1
91535 76744 1
91535 86337 1
91535 91865 2
91535 92194 1
91535 94353 2
91535 109752 1
91866 60275 5
91866 80404 1
91866 86159 2
91866 86258 5
91866 91865 2
91866 91867 5
91866 109752 1
91867 60275 5
91867 80404 1
91867 86159 2
91867 86258 5
91867 91865 2
91867 91866 5
91867 109752 1
92194 68069 1
92194 70915 1
92194 76744 1
92194 86337 2
92194 90653 1
92194 91535 1
92194 91865 1
92194 94353 1
92194 105978 1
92194 107292 1
92194 109752 1
92194 118461 1
92194 122910 1
94353 68069 1
94353 70915 1
94353 76744 1
94353 86337 1
94353 91535 2
94353 91865 2
94353 92194 1
94353 109752 2
99052 72094 1
99052 89848 1
99052 91865 1
103589 82142 1
103589 91865 1
103589 106093 1
103589 111966 1
103891 65194 1
103891 70911 1
103891 70917 1
103891 74481 2
103891 84956 1
103891 89376 1
103891 91865 1
103891 92106 1
103891 92170 1
103891 92277 1
103891 100409 1
103891 101404 1
103891 102263 1
103891 106214 1
103891 109002 1
103891 111500 1
103891 116674 1
103891 123588 1
105220 68069 1
105220 86337 1
105220 91393 1
105220 91865 1
105220 105396 1
105220 109752 1
105220 111966 1
105220 116149 1
105220 120267 1
105396 86337 1
105396 91865 1
105396 105220 1
105396 109752 1
105396 116149 1
106214 66229 1
106214 84956 1
106214 91865 1
106214 103891 1
106214 106629 1
106214 113224 1
107055 91865 1
107607 91865 1
107607 122910 1
107761 87307 1
107761 91865 1
109070 79617 1
109070 87032 1
109070 89033 1
109070 91865 1
109070 101542 1
109070 103147 1
109070 103242 1
109070 111919 1
109070 117803 1
109752 60275 2
109752 68069 1
109752 70915 1
109752 76744 1
109752 80404 1
109752 86159 1
109752 86258 1
109752 86337 2
109752 91535 1
109752 91865 3
109752 91866 1
109752 91867 1
109752 92194 1
109752 93399 1
109752 94353 2
109752 105220 1
109752 105396 1
109752 115259 1
109752 116149 1
109752 123494 1
109752 123495 1
111281 91865 1
111281 92253 1
111281 97479 1
111281 99609 1
111281 102263 1
111281 113224 1
111966 69396 1
111966 86197 1
111966 86247 1
111966 86258 1
111966 91865 1
111966 103589 1
111966 105220 1
111966 106271 1
116149 86337 1
116149 91865 1
116149 105220 1
116149 105396 1
116149 107292 1
116149 109752 1
122910 90653 1
122910 91865 1
122910 92194 1
122910 98930 1
122910 107607 1
125674 91865 1
28151 36757 1
28151 37212 1
28151 39247 1
28151 57966 1
28151 70845 1
28151 71421 1
28151 92106 1
28151 96407 1
36757 28151 1
36757 37212 1
36757 39247 1
36757 57966 1
36757 70845 1
36757 92106 1
36757 96407 1
37212 28151 1
37212 36757 1
37212 39247 1
37212 57966 1
37212 70845 1
37212 92106 1
37212 96407 1
39247 28151 1
39247 31303 1
39247 34678 1
39247 36757 1
39247 37212 1
39247 43228 1
39247 45642 1
39247 57966 1
39247 70845 1
39247 89461 1
39247 92106 1
39247 96407 1
57516 85773 1
57516 86777 1
57516 90518 1
57516 92106 1
57516 101280 1
57516 101544 1
57516 102966 1
57516 105213 1
57516 107568 1
57516 110136 1
57519 92106 1
57519 96444 1
57519 101569 1
57966 28151 1
57966 36757 1
57966 37212 1
57966 39247 1
57966 70845 1
57966 92106 1
57966 96407 1
65194 58007 1
65194 67983 1
65194 70917 1
65194 78296 1
65194 89376 1
65194 92106 1
65194 92170 1
65194 92277 1
65194 100409 1
65194 101404 1
65194 102263 1
65194 103891 1
65194 109002 1
65194 110365 1
65194 111500 1
65194 111502 1
65194 111503 1
65194 116674 1
65194 119267 1
70845 28151 1
70845 36757 1
70845 37212 1
70845 39247 1
70845 57966 1
70845 68105 1
70845 80404 1
70845 84956 1
70845 85936 1
70845 92106 1
70845 92370 1
70845 96407 1
70845 108386 7
70845 109072 1
70845 115660 2
75066 67979 1
75066 75900 1
75066 79267 1
75066 92106 1
75066 103502 1
75066 107292 1
84037 76744 1
84037 92106 1
84037 100829 2
84037 104884 1
84037 105978 1
84037 113031 1
84314 73758 1
84314 84479 1
84314 91683 1
84314 92106 1
84314 96073 1
84314 98033 1
84314 100696 1
85773 57516 1
85773 69720 1
85773 84455 1
85773 86777 1
85773 90518 1
85773 92106 1
85773 101280 1
85773 101544 1
85773 102263 1
85773 105213 1
85773 107568 1
85773 110136 1
85773 113031 1
86777 57516 1
86777 85773 1
86777 90518 1
86777 92106 1
86777 99280 1
86777 101280 1
86777 101544 1
86777 105213 1
86777 107568 1
86777 110136 1
89376 65194 1
89376 70917 1
89376 92106 1
89376 92170 1
89376 92277 1
89376 100409 1
89376 101404 1
89376 102263 1
89376 103891 1
89376 109002 1
89376 111500 1
89376 113226 1
89376 116674 1
89376 117823 1
89978 92106 1
89978 98927 1
89978 111294 2
90518 57516 1
90518 85773 1
90518 86777 1
90518 92106 1
90518 101280 1
90518 101544 1
90518 105213 1
90518 107568 1
90518 110136 1
90653 79267 1
90653 92106 1
90653 92194 1
90653 92889 1
90653 102715 2
90653 112382 1
90653 122910 1
92170 65194 1
92170 70917 1
92170 89376 1
92170 92106 1
92170 92277 1
92170 95762 1
92170 100409 1
92170 101231 1
92170 101404 1
92170 102263 1
92170 103891 1
92170 109002 1
92170 109637 1
92170 111500 1
92170 113181 1
92170 113301 1
92170 114495 1
92170 116674 1
92391 76201 1
92391 79267 1
92391 92106 1
92391 106414 1
96407 28151 1
96407 36757 1
96407 37212 1
96407 39247 1
96407 57966 1
96407 70845 1
96407 92106 1
98927 89978 1
98927 92106 1
98927 92256 1
98927 111294 1
100409 65194 1
100409 70917 1
100409 76714 1
100409 89376 1
100409 92106 1
100409 92170 1
100409 92277 1
100409 101404 1
100409 102263 1
100409 103891 1
100409 109002 1
100409 111500 1
100409 116674 1
101280 57516 1
101280 85773 1
101280 86777 1
101280 90518 1
101280 92106 1
101280 101544 1
101280 105213 1
101280 107568 1
101280 110136 1
101404 65194 1
101404 67830 1
101404 70917 1
101404 71416 1
101404 79198 1
101404 79270 1
101404 83950 1
101404 85719 1
101404 87307 1
101404 89376 1
101404 92106 1
101404 92170 1
101404 92277 2
101404 92499 1
101404 99609 1
101404 100409 1
101404 102263 1
101404 103455 1
101404 103891 1
101404 107624 1
101404 109002 3
101404 109637 1
101404 110797 1
101404 110903 1
101404 111085 1
101404 111500 1
101404 114085 1
101404 116674 1
101544 48763 1
101544 57516 1
101544 85773 1
101544 86777 1
101544 90518 1
101544 92106 1
101544 95992 1
101544 101280 1
101544 105213 1
101544 107568 1
101544 110136 1
101569 57519 1
101569 85425 1
101569 92106 1
101569 113285 1
102263 65194 1
102263 70917 1
102263 83106 1
102263 85773 1
102263 89376 1
102263 92106 1
102263 92170 1
102263 92277 2
102263 100409 1
102263 101404 1
102263 103891 1
102263 107292 1
102263 109002 2
102263 111281 1
102263 111500 2
102263 116674 1
102715 71958 1
102715 88959 1
102715 90653 2
102715 92106 1
102715 92489 1
102715 97479 1
102715 104464 1
102715 105250 1
102715 106718 1
102715 106857 1
102715 110104 1
102715 114085 1
102715 114818 1
102715 116622 1
102715 117617 1
105213 57516 1
105213 85773 1
105213 86777 1
105213 90518 1
105213 92106 1
105213 100446 1
105213 101280 1
105213 101544 1
105213 107568 1
105213 108422 1
105213 110136 1
105213 119211 1
105978 67983 1
105978 83666 1
105978 84037 1
105978 92106 1
105978 92194 1
105978 94588 1
106414 52845 1
106414 67862 1
106414 92106 1
106414 92391 1
106414 106268 1
106414 111919 5
106414 113031 1
106414 126216 1
107568 57516 1
107568 57558 1
107568 85773 1
107568 86777 1
107568 90518 1
107568 92106 1
107568 94928 1
107568 101280 1
107568 101544 1
107568 105213 1
107568 110136 1
108386 70845 7
108386 84956 1
108386 92106 1
108386 97926 1
108386 113622 1
108386 115660 1
109002 65194 1
109002 70917 1
109002 85719 1
109002 89376 1
109002 92106 1
109002 92170 1
109002 92277 1
109002 97173 1
109002 99335 1
109002 99609 1
109002 100409 1
109002 101404 3
109002 102263 2
109002 103455 4
109002 103891 1
109002 106415 1
109002 107624 1
109002 109035 1
109002 110903 1
109002 111500 1
109002 114085 1
109002 116674 1
109323 92106 1
109323 116590 1
110136 57516 1
110136 68146 1
110136 79483 1
110136 85773 1
110136 86777 1
110136 90445 1
110136 90518 1
110136 92106 1
110136 96444 2
110136 99610 1
110136 101280 1
110136 101544 1
110136 105213 1
110136 107568 1
110136 113031 2
110136 120958 1
111294 89978 2
111294 92106 1
111294 98927 1
111500 65194 1
111500 70917 1
111500 83106 1
111500 89376 1
111500 92106 1
111500 92170 1
111500 92277 1
111500 100409 1
111500 101404 1
111500 102263 2
111500 103891 1
111500 109002 1
111500 116674 1
116589 92106 1
116589 124617 1
116590 92106 1
116590 109323 1
116674 65194 1
116674 70864 1
116674 70917 1
116674 89376 1
116674 89787 1
116674 91947 1
116674 92106 1
116674 92170 1
116674 92277 1
116674 100409 1
116674 101404 1
116674 102263 1
116674 103891 1
116674 109002 1
116674 111500 1
55448 87607 1
55448 94211 1
63934 56810 1
63934 84455 1
63934 88959 1
63934 89150 1
63934 92050 1
63934 94211 1
79483 89150 1
79483 89208 1
79483 89461 1
79483 91526 1
79483 94211 1
79483 94928 1
79483 95021 1
79483 95785 1
79483 97855 1
79483 98289 1
79483 100696 1
79483 101198 1
79483 104884 1
79483 105042 1
79483 108669 1
79483 110136 1
87607 55448 1
87607 79270 1
87607 94211 1
88959 63934 1
88959 68069 1
88959 94211 1
88959 96444 1
88959 102715 1
89150 63934 1
89150 64700 1
89150 66229 1
89150 79483 1
89150 83129 1
89150 83654 1
89150 89208 1
89150 89461 1
89150 91526 1
89150 92050 1
89150 94211 1
89150 94928 1
89150 95021 1
89150 97855 1
89150 98033 1
89150 98289 1
89150 100265 1
89150 100696 1
89150 101198 1
89150 104884 1
89150 105042 1
89208 79483 1
89208 89150 1
89208 89461 1
89208 91526 1
89208 94211 1
89208 94928 1
89208 95021 1
89208 97855 1
89208 98289 1
89208 100696 1
89208 101198 1
89208 103418 1
89208 104884 1
89208 105042 1
89461 39247 1
89461 79483 1
89461 85425 1
89461 89150 1
89461 89208 1
89461 91526 1
89461 91947 3
89461 94211 1
89461 94928 1
89461 95021 1
89461 97855 1
89461 98050 1
89461 98289 1
89461 100696 1
89461 101198 1
89461 104884 1
89461 105042 1
91526 51567 1
91526 79483 1
91526 89150 1
91526 89208 1
91526 89461 1
91526 94211 1
91526 94928 1
91526 95021 1
91526 97855 1
91526 98289 1
91526 100696 1
91526 101198 1
91526 104884 1
91526 105042 1
94928 79483 1
94928 89150 1
94928 89208 1
94928 89461 1
94928 91526 1
94928 94211 1
94928 95021 1
94928 97173 1
94928 97855 1
94928 98289 1
94928 100696 1
94928 101198 1
94928 102966 1
94928 103455 1
94928 104884 1
94928 105042 1
94928 107568 1
95021 79483 1
95021 89150 1
95021 89208 1
95021 89461 1
95021 91526 1
95021 94211 1
95021 94588 1
95021 94928 1
95021 97855 1
95021 98289 1
95021 100696 1
95021 101198 1
95021 104884 1
95021 105042 1
97855 66052 2
97855 79483 1
97855 89150 1
97855 89208 1
97855 89461 1
97855 91526 1
97855 94211 1
97855 94928 1
97855 95021 1
97855 98289 1
97855 100696 1
97855 101198 1
97855 104884 1
97855 105042 1
97855 112590 1
97855 112628 1
98289 79483 1
98289 89150 1
98289 89208 1
98289 89461 1
98289 91526 1
98289 94211 1
98289 94928 1
98289 95021 1
98289 97855 1
98289 100696 1
98289 101198 1
98289 104884 1
98289 105042 1
100696 79483 1
100696 82142 1
100696 84314 1
100696 89150 1
100696 89208 1
100696 89461 1
100696 91526 1
100696 91947 1
100696 94211 1
100696 94844 1
100696 94928 1
100696 95021 1
100696 97855 1
100696 98289 1
100696 100265 1
100696 101198 1
100696 104884 1
100696 105042 1
101198 79270 1
101198 79483 1
101198 89150 1
101198 89208 1
101198 89461 1
101198 91526 1
101198 94211 1
101198 94928 1
101198 95021 1
101198 97855 1
101198 98289 1
101198 100696 1
101198 104884 1
101198 105042 1
104884 79483 1
104884 84037 1
104884 89150 1
104884 89208 1
104884 89461 1
104884 91526 1
104884 94211 1
104884 94928 1
104884 95021 1
104884 95496 1
104884 97855 1
104884 98289 1
104884 100696 1
104884 101198 1
104884 105042 1
105042 56771 1
105042 79483 1
105042 83129 1
105042 89150 1
105042 89208 1
105042 89461 1
105042 91526 1
105042 94211 1
105042 94928 1
105042 95021 1
105042 97855 1
105042 98289 1
105042 100696 1
105042 101198 1
105042 104884 1
113483 94211 1
113483 122715 1
25931 42668 1
25931 62973 1
25931 63932 1
25931 95677 1
29323 69925 1
29323 94844 1
29323 95677 1
29323 98033 1
29323 101542 1
39194 54016 1
39194 67642 1
39194 83652 1
39194 95677 1
42668 25931 1
42668 62973 1
42668 63932 1
42668 71958 1
42668 85425 1
42668 95677 1
48763 95677 1
48763 101544 1
48763 106148 1
48879 56810 1
48879 57558 1
48879 64710 1
48879 68090 1
48879 69520 1
48879 95677 1
54016 39194 1
54016 67642 1
54016 95677 1
56158 68018 1
56158 69375 1
56158 88462 1
56158 89058 1
56158 90691 1
56158 92889 1
56158 95677 1
56158 98094 1
57558 48879 1
57558 52828 1
57558 54134 1
57558 76714 1
57558 79275 1
57558 95677 1
57558 101045 1
57558 107568 1
62973 25931 1
62973 42668 1
62973 63932 1
62973 64710 1
62973 95677 1
63932 25931 1
63932 42668 1
63932 62973 1
63932 95420 1
63932 95677 1
63932 112542 1
64710 48879 1
64710 62973 1
64710 68090 1
64710 69520 1
64710 95677 1
65670 66229 1
65670 91987 1
65670 92253 1
65670 92499 1
65670 93212 1
65670 94588 1
65670 95677 1
65670 96948 1
65670 97248 1
65670 97767 1
65670 98170 1
65670 99280 1
65670 101891 1
65670 111085 1
66229 65670 1
66229 89150 1
66229 90374 1
66229 91987 1
66229 95677 1
66229 96948 1
66229 97173 1
66229 97248 1
66229 97767 1
66229 98033 1
66229 98094 1
66229 99032 1
66229 101891 1
66229 106214 1
66229 111085 1
67642 39194 1
67642 54016 1
67642 85425 1
67642 92026 1
67642 95677 1
68018 56158 1
68018 69375 1
68018 78284 1
68018 89058 1
68018 90691 1
68018 92889 1
68018 95677 1
68018 98094 1
68083 70815 1
68083 70816 1
68083 70817 1
68083 70818 1
68083 75286 2
68083 82920 1
68083 83106 1
68083 85425 1
68083 95677 1
68083 102775 1
68083 111502 1
68083 111503 1
68090 48879 1
68090 64710 1
68090 68069 1
68090 69520 1
68090 83129 1
68090 86208 1
68090 88462 1
68090 94844 1
68090 95677 1
68090 98930 1
69375 56158 1
69375 68018 1
69375 89058 1
69375 90691 1
69375 92889 1
69375 95677 1
69375 98094 1
69520 48879 1
69520 64710 1
69520 68090 1
69520 75100 1
69520 95677 1
69925 29323 1
69925 94844 1
69925 95677 1
69925 98033 1
69925 101542 1
70815 68083 1
70815 70816 1
70815 70817 2
70815 70818 1
70815 75286 1
70815 82920 1
70815 95677 1
70815 102775 1
70815 111502 1
70815 111503 1
70816 67928 1
70816 68083 1
70816 70815 1
70816 70817 1
70816 70818 1
70816 71958 1
70816 75286 1
70816 82920 1
70816 95677 1
70816 100446 1
70816 102775 1
70816 103440 1
70816 111502 1
70816 111503 1
70817 68083 1
70817 70815 2
70817 70816 1
70817 70818 1
70817 75286 1
70817 82920 1
70817 95677 1
70817 102775 1
70817 111502 1
70817 111503 1
70817 115044 1
70818 68083 1
70818 70815 1
70818 70816 1
70818 70817 1
70818 75286 1
70818 82920 1
70818 95677 1
70818 102775 1
70818 104557 1
70818 111502 1
70818 111503 1
75286 68083 2
75286 70815 1
75286 70816 1
75286 70817 1
75286 70818 1
75286 82270 1
75286 82920 1
75286 85425 1
75286 87032 1
75286 95677 1
75286 102775 1
75286 111502 1
75286 111503 1
75286 117379 1
76714 57558 1
76714 92256 1
76714 95677 1
76714 100409 1
76714 104557 1
77369 69557 1
77369 86197 1
77369 95677 1
77369 99280 1
77369 101231 1
78677 60275 1
78677 81535 1
78677 94588 1
78677 95677 1
79656 61906 1
79656 77680 1
79656 95677 1
79656 101231 1
79656 105250 1
79656 106857 1
81535 78677 1
81535 95677 1
82920 68083 1
82920 70815 1
82920 70816 1
82920 70817 1
82920 70818 1
82920 75286 1
82920 95677 1
82920 102775 1
82920 111502 1
82920 111503 1
85425 42668 1
85425 67642 1
85425 68083 1
85425 71958 1
85425 75286 1
85425 79263 1
85425 89461 1
85425 91947 2
85425 95677 1
85425 101569 1
89058 56158 1
89058 68018 1
89058 69375 1
89058 90691 1
89058 92889 1
89058 95677 1
89058 98094 1
90306 92253 1
90306 95677 1
90306 100265 1
90691 56158 1
90691 68018 1
90691 69375 1
90691 81568 1
90691 89058 1
90691 92889 1
90691 95677 1
90691 98094 1
90691 104297 1
91987 52915 1
91987 65670 1
91987 66229 1
91987 77680 1
91987 82270 1
91987 95677 1
91987 95701 1
91987 96948 1
91987 97248 1
91987 97767 1
91987 101891 1
91987 111085 1
92889 56158 1
92889 68018 1
92889 69375 1
92889 89058 1
92889 89848 1
92889 90653 1
92889 90691 1
92889 95677 1
92889 98094 1
94844 29323 1
94844 50348 1
94844 68090 1
94844 69925 1
94844 75900 2
94844 79270 1
94844 86134 1
94844 95677 1
94844 98033 1
94844 100696 1
94844 101542 1
96948 65670 1
96948 66229 1
96948 91987 1
96948 95677 1
96948 97248 1
96948 97767 1
96948 101891 1
96948 111085 1
97248 65670 1
97248 66229 1
97248 67979 1
97248 87735 1
97248 91987 1
97248 95677 1
97248 96948 1
97248 97767 1
97248 101891 1
97248 103418 2
97248 111085 1
97265 79198 1
97265 95677 1
97265 99280 1
97265 101231 1
97767 65670 1
97767 66229 1
97767 76201 1
97767 77680 1
97767 82973 1
97767 91987 1
97767 95677 1
97767 96948 1
97767 97248 1
97767 100922 3
97767 101891 1
97767 111085 1
98033 29323 1
98033 66229 1
98033 69925 1
98033 73758 1
98033 82142 1
98033 84314 1
98033 86496 1
98033 89150 1
98033 94844 1
98033 95677 1
98033 101542 1
98094 56158 1
98094 66229 1
98094 68018 1
98094 69375 1
98094 83666 1
98094 89058 1
98094 90691 1
98094 92889 1
98094 95677 1
98094 103242 1
99280 65670 1
99280 77369 1
99280 86777 1
99280 95677 1
99280 97265 1
99280 101231 1
100922 52915 1
100922 67844 1
100922 95677 1
100922 97767 3
100922 97848 1
100922 99610 1
100922 110842 1
101231 77369 1
101231 79263 1
101231 79656 1
101231 92170 1
101231 95677 2
101231 97173 1
101231 97265 1
101231 97479 1
101231 99280 1
101231 105250 1
101231 106857 1
101231 114495 1
101542 29323 1
101542 69925 1
101542 89033 1
101542 89848 1
101542 94844 1
101542 95677 1
101542 98033 1
101542 105828 1
101542 109070 1
101542 112590 1
101891 65670 1
101891 66229 1
101891 91987 1
101891 95677 1
101891 96948 1
101891 97248 1
101891 97767 1
101891 111085 1
102775 68083 1
102775 70815 1
102775 70816 1
102775 70817 1
102775 70818 1
102775 75286 1
102775 82920 1
102775 95677 1
102775 111502 1
102775 111503 1
105250 79656 1
105250 83106 1
105250 95677 1
105250 97479 1
105250 101231 1
105250 102715 1
105250 104464 1
105250 106857 10
106148 48763 1
106148 49157 1
106148 88522 1
106148 95677 1
106148 106857 1
106857 79656 1
106857 95677 2
106857 97479 1
106857 101231 1
106857 102715 1
106857 104464 1
106857 105250 10
106857 106148 1
106857 108821 1
111085 63188 1
111085 65670 1
111085 66229 1
111085 70911 1
111085 91987 1
111085 92277 1
111085 92499 2
111085 95677 1
111085 96073 2
111085 96948 1
111085 97248 1
111085 97767 1
111085 101404 1
111085 101891 1
111085 109635 1
111085 109637 1
111085 110706 1
111502 58007 1
111502 65194 1
111502 68083 1
111502 70815 1
111502 70816 1
111502 70817 1
111502 70818 1
111502 75286 1
111502 82920 1
111502 92253 1
111502 95677 1
111502 102775 1
111502 103147 1
111502 111503 19
111502 119267 1
111503 58007 1
111503 65194 1
111503 68083 1
111503 70815 1
111503 70816 1
111503 70817 1
111503 70818 1
111503 75286 1
111503 82920 1
111503 92253 1
111503 95677 1
111503 102775 1
111503 103147 1
111503 111502 19
111503 119267 1
51568 86208 1
51568 105828 1
51568 105829 1
51568 105830 1
51568 107596 1
51568 113917 1
63663 76725 1
63663 107596 1
67928 70816 1
67928 73885 1
67928 100446 1
67928 107596 1
67928 107599 1
67928 110567 1
67928 110797 1
67928 114453 1
67928 124380 1
73885 67928 1
73885 107596 1
73885 107599 1
73885 110567 1
73885 110797 1
73885 114453 1
73885 124380 1
76725 63663 1
76725 107596 1
86208 51568 1
86208 68069 1
86208 68090 1
86208 79617 1
86208 83129 1
86208 85719 1
86208 98930 1
86208 105828 1
86208 105829 1
86208 105830 1
86208 107596 1
86208 112590 1
86208 113031 1
86208 113917 1
96730 107596 1
96730 112588 1
96730 113993 1
96730 116042 2
105828 51568 1
105828 86208 1
105828 101542 1
105828 105829 1
105828 105830 1
105828 107596 1
105828 113917 1
105829 51568 1
105829 86208 1
105829 105828 1
105829 105830 1
105829 107596 1
105829 113917 1
105830 51568 1
105830 86208 1
105830 105828 1
105830 105829 1
105830 107596 1
105830 113917 1
107599 67928 1
107599 73885 1
107599 107596 2
107599 110567 4
107599 110797 1
107599 114453 1
107599 124380 1
110567 67928 1
110567 73885 1
110567 107596 1
110567 107599 4
110567 110797 1
110567 114453 1
110567 124380 1
110797 67928 1
110797 73885 1
110797 87307 1
110797 101404 1
110797 107596 1
110797 107599 1
110797 108640 1
110797 110567 1
110797 114453 1
110797 116042 1
110797 119266 1
110797 124380 1
113917 51568 1
113917 70917 1
113917 86208 1
113917 105828 1
113917 105829 1
113917 105830 1
113917 106016 1
113917 107596 1
117809 107596 1
124380 67928 1
124380 73885 1
124380 107596 1
124380 107599 1
124380 110567 1
124380 110797 1
124380 114453 1
115181 110104 1
125625 67982 1
100156 73490 1
68005 79267 1
119482 100621 1
110954 54772 1
104876 70704 1
114504 70704 1
114504 114505 1
114505 70704 1
114505 114504 1
58442 79198 1
58442 111425 1
87694 79270 1
92539 83666 1
89619 89033 1
41800 90374 1
55608 91393 1
99250 92256 1
116384 97479 1
103074 99609 1
111300 106271 1
123929 109035 1
112702 109726 1
125705 111139 1
98170 65670 1
98170 93212 1
98170 94588 1
96107 97848 1
96107 112386 1
96107 112387 1
96107 118871 1
112386 96107 1
112386 97848 1
112386 112387 1
112386 118871 1
118871 96107 1
118871 97848 1
118871 112386 1
118871 112387 1
123904 101045 1
86844 106629 1
112431 103566 1
112431 108640 1
112431 112429 1
112431 115661 1
112431 116118 1
119093 114495 1
111776 116398 1
111776 120267 1
111776 120577 1
116398 111776 1
116398 120267 1
116398 120577 1
120577 111776 1
120577 116398 1
120577 120267 1
62894 87309 1
109635 92499 1
109635 111085 1
121232 112100 1
117822 117823 1
91864 60275 3
107653 79617 1
107653 107654 1
107654 79617 1
107654 107653 1
109745 79617 1
114896 79617 1
114897 79617 1
84831 81993 1
118461 92194 1
106093 103589 1
123588 103891 1
93399 109752 1
93399 115131 1
93399 115132 1
93399 123494 1
93399 123495 1
115259 109752 1
123494 93399 1
123494 109752 1
123494 123495 1
123495 93399 1
123495 109752 1
123495 123494 1
31303 39247 1
31303 43228 1
34678 39247 1
43228 31303 1
43228 39247 1
45642 39247 1
112382 90653 1
67830 101404 1
119211 105213 1
119211 106885 2
119211 119210 4
126216 106414 1
126216 126214 1
120958 110136 1
124617 116589 1
89787 89785 1
89787 116674 1
122715 113483 1
122715 122713 4
122715 122917 1
122715 124478 1
52828 57558 1
54134 57558 1
99032 66229 1
115044 70817 1
61906 79656 1
104297 90691 1
49157 49156 1
49157 106148 1
49157 125834 1
108821 106857 1
119266 110797 1
106016 113917 1
49156 49157 1
125834 49157 1
122713 122715 4
122713 124478 1
122917 122715 1
124478 122713 1
124478 122715 1
89785 89787 1
126214 126216 1
106885 119210 2
106885 119211 2
119210 106885 2
119210 119211 4
115131 93399 1
115131 115132 1
115132 93399 1
115132 115131 1
112429 112431 1
