18130 1845 1
1845 18130 1
1845 26334 1
1845 26874 1
1845 36772 1
26334 1845 1
26334 12215 1
26334 20090 1
26334 20121 1
26334 25283 1
26334 26335 1
26334 26874 1
26334 27684 1
26334 30440 1
26334 30855 1
26334 31031 1
26334 32123 1
26334 32256 1
26334 34294 1
26334 35203 1
26334 36772 1
26334 37248 1
26334 38999 1
26334 39001 2
26334 39651 1
26334 40228 1
26334 40480 1
26334 40697 1
26334 42357 1
26334 42361 1
26334 42365 1
26334 42645 1
26334 42971 1
26334 43938 1
26334 44422 1
26334 44423 1
26334 44424 1
26334 45363 1
26334 59294 1
26334 122395 1
26874 1845 1
26874 26334 1
26874 29979 1
26874 33328 1
26874 35587 1
26874 36528 1
26874 36772 1
26874 40577 1
26874 40697 1
26874 45334 1
26874 46305 1
26874 50334 1
26874 54122 1
26874 56728 1
26874 59095 1
26874 60087 1
26874 61600 1
36772 1845 1
36772 26334 1
36772 26874 1
36772 30483 1
36772 39799 1
36772 43251 1
12215 6384 1
12215 12238 1
12215 16880 1
12215 17656 1
12215 20090 1
12215 20683 1
12215 22644 1
12215 22757 1
12215 23075 1
12215 25607 1
12215 26334 1
12215 27684 1
12215 31461 1
12215 31531 1
12215 32897 1
12215 35203 1
12215 40155 1
12215 40879 1
12215 40880 1
12215 42446 1
12215 42971 1
12215 109350 1
20090 9839 1
20090 10581 1
20090 11688 1
20090 12204 1
20090 12215 1
20090 14606 1
20090 14696 1
20090 15714 1
20090 16472 1
20090 17276 1
20090 17284 1
20090 19180 1
20090 20997 1
20090 21322 1
20090 22906 1
20090 23543 1
20090 24417 1
20090 25601 1
20090 25620 1
20090 25901 1
20090 26094 1
20090 26334 1
20090 27684 1
20090 29192 1
20090 30747 1
20090 30866 1
20090 31876 1
20090 32396 1
20090 32409 1
20090 32952 1
20090 33783 1
20090 34711 1
20090 35203 1
20090 35412 1
20090 36496 1
20090 38163 1
20090 42971 1
20090 48768 1
20090 51335 1
20090 60548 1
20090 63300 1
20090 69726 1
20121 25771 1
20121 26334 1
20121 43608 1
20121 107179 1
25283 26334 1
25283 32256 1
25283 34294 1
25283 39651 1
25283 44422 1
25283 44423 1
25283 44424 1
26335 26334 1
26335 30855 1
26335 32123 1
26335 39760 1
26335 39921 1
26335 42365 1
26335 43938 1
27684 8172 1
27684 12215 1
27684 16658 1
27684 20090 1
27684 22716 1
27684 26334 1
27684 27803 1
27684 30120 1
27684 30351 1
27684 30480 1
27684 31473 1
27684 32374 1
27684 35203 1
27684 39550 1
27684 40138 1
27684 40375 1
27684 41232 1
27684 41492 1
27684 41542 1
27684 42634 1
27684 42971 1
27684 44210 1
30440 7729 1
30440 16802 1
30440 26334 1
30440 30154 1
30440 32711 1
30440 32802 1
30440 41003 1
30440 43426 1
30440 43675 1
30440 47797 1
30440 52260 1
30440 54237 1
30440 54542 1
30440 60894 1
30855 17662 1
30855 17955 1
30855 26334 1
30855 26335 1
30855 32123 1
30855 42365 1
30855 43938 1
31031 24318 1
31031 26334 1
31031 27569 1
31031 28148 1
31031 32260 1
31031 36283 1
31031 38720 1
31031 44485 1
31031 64103 1
32123 14405 1
32123 15859 1
32123 26334 1
32123 26335 1
32123 27003 1
32123 27010 1
32123 30465 1
32123 30855 1
32123 32402 1
32123 32677 1
32123 38491 1
32123 42353 1
32123 42365 1
32123 43938 1
32256 1744 1
32256 8103 1
32256 8873 1
32256 12219 1
32256 13994 1
32256 14386 1
32256 17672 2
32256 19156 1
32256 20212 1
32256 23063 1
32256 23852 1
32256 24168 1
32256 24817 1
32256 25188 1
32256 25283 1
32256 26334 1
32256 26561 1
32256 27040 1
32256 27248 1
32256 29310 1
32256 30482 1
32256 30749 1
32256 30821 1
32256 32816 1
32256 34294 1
32256 34613 1
32256 36356 1
32256 36777 1
32256 37122 1
32256 38405 1
32256 38414 1
32256 38638 1
32256 38807 1
32256 39534 1
32256 39574 1
32256 39651 1
32256 40123 1
32256 40138 1
32256 40521 1
32256 40973 1
32256 40975 1
32256 40981 1
32256 41155 1
32256 41645 1
32256 41771 1
32256 42456 1
32256 42483 1
32256 42746 1
32256 43272 2
32256 43379 1
32256 43392 1
32256 43436 1
32256 43701 1
32256 44422 1
32256 44423 1
32256 44424 1
32256 45299 1
32256 45607 1
32256 45677 1
32256 45746 1
32256 46027 1
32256 46055 1
32256 47670 1
32256 49170 1
32256 49632 1
32256 49780 1
32256 50648 1
32256 51539 1
32256 51858 1
32256 51867 1
32256 51962 1
32256 52502 1
32256 52574 1
32256 52714 1
32256 53270 1
32256 54189 1
32256 60247 1
32256 60372 1
32256 60374 1
32256 61824 1
32256 63159 1
32256 66591 1
32256 71175 1
32256 76524 1
32256 92350 1
34294 25283 1
34294 26334 1
34294 32256 1
34294 34307 1
34294 39651 1
34294 44422 1
34294 44423 1
34294 44424 1
35203 12215 1
35203 20090 1
35203 24663 1
35203 26334 1
35203 27684 1
35203 42282 1
35203 42971 1
35203 43777 1
37248 16980 1
37248 17664 1
37248 19807 1
37248 21878 1
37248 25067 1
37248 25271 1
37248 25934 1
37248 26334 1
37248 28613 1
37248 29089 1
37248 30342 1
37248 31410 1
37248 32968 1
37248 35098 1
37248 35099 1
37248 37235 1
37248 37977 1
37248 38999 1
37248 39260 1
37248 40228 1
37248 40697 1
37248 41025 1
37248 41068 1
37248 42634 1
37248 43257 1
37248 43272 1
37248 43671 1
37248 44375 1
37248 44381 1
37248 48060 1
37248 48644 1
37248 49824 1
37248 49825 1
37248 51906 1
37248 115440 1
37248 123071 1
38999 1116 1
38999 21720 1
38999 26325 1
38999 26334 1
38999 28946 1
38999 31032 1
38999 37248 1
38999 40228 1
38999 40697 1
38999 42361 1
38999 43751 1
38999 43907 1
38999 44538 1
38999 44539 1
38999 44540 1
38999 44541 1
38999 51248 1
38999 52122 1
38999 54122 1
39001 26334 2
39001 27010 1
39001 27804 1
39001 31012 1
39001 32590 1
39001 34018 1
39001 39829 1
39001 42357 1
39001 42361 1
39001 46780 1
39001 48168 1
39001 53609 1
39001 59294 1
39001 76699 1
39001 85399 1
39651 25283 1
39651 25812 1
39651 26334 1
39651 32256 1
39651 34294 1
39651 36754 1
39651 36767 1
39651 37135 1
39651 39070 1
39651 44422 1
39651 44423 1
39651 44424 1
39651 46765 1
39651 48060 1
39651 48161 1
40228 23105 1
40228 26334 1
40228 37225 1
40228 37248 1
40228 38999 1
40228 40697 1
40228 51940 1
40480 6542 1
40480 18401 1
40480 26334 1
40480 27000 1
40480 27756 1
40480 42645 1
40697 26334 1
40697 26874 1
40697 29979 1
40697 35587 1
40697 37248 1
40697 38999 1
40697 40228 1
40697 40577 1
40697 45334 1
40697 50334 1
40697 54122 1
40697 56728 1
40697 59095 1
40697 60087 1
40697 61600 1
42357 10534 1
42357 15891 1
42357 17011 1
42357 23767 1
42357 24447 1
42357 26334 1
42357 27198 1
42357 28187 1
42357 29379 1
42357 30445 1
42357 30483 1
42357 30824 1
42357 31957 1
42357 32712 1
42357 33624 1
42357 33785 1
42357 34307 1
42357 35887 1
42357 36787 1
42357 38233 1
42357 38235 1
42357 38489 1
42357 39001 1
42357 40155 1
42357 40375 1
42357 41889 1
42357 42953 1
42357 43069 1
42357 44024 1
42357 44406 1
42357 44489 1
42357 44860 1
42357 47928 1
42357 48036 1
42357 52558 1
42357 52653 1
42357 53007 1
42357 54119 1
42357 59294 1
42357 66529 1
42361 1116 1
42361 26325 1
42361 26334 1
42361 27879 1
42361 29072 1
42361 31032 1
42361 32200 1
42361 36582 1
42361 36592 1
42361 36593 1
42361 36598 1
42361 36599 1
42361 37751 1
42361 38999 1
42361 39001 1
42361 39349 1
42361 42093 1
42361 43096 1
42361 43731 1
42361 43732 1
42361 43733 1
42361 43734 1
42361 43735 1
42361 43751 1
42361 44059 1
42361 46780 1
42361 47590 1
42361 49506 1
42361 50632 1
42361 51248 1
42361 52122 1
42361 56148 1
42361 56670 1
42361 59294 1
42361 64487 1
42361 76767 1
42365 10534 1
42365 21332 1
42365 25225 1
42365 26334 1
42365 26335 1
42365 30855 1
42365 32123 1
42365 43938 1
42365 47567 1
42645 10249 1
42645 21317 1
42645 23700 1
42645 25270 1
42645 26334 1
42645 27236 1
42645 27498 1
42645 28099 1
42645 28129 1
42645 28991 1
42645 29942 1
42645 30841 1
42645 31423 1
42645 34731 1
42645 34851 1
42645 36300 1
42645 38694 1
42645 38697 1
42645 39245 1
42645 39260 1
42645 40181 1
42645 40375 1
42645 40434 1
42645 40480 1
42645 40567 1
42645 40723 1
42645 41539 1
42645 42633 1
42645 42634 1
42645 42646 1
42645 43105 1
42645 43686 1
42645 44174 1
42645 46439 1
42645 46688 1
42645 48431 1
42645 49059 1
42645 51941 1
42645 59381 1
42971 12215 1
42971 20090 1
42971 26334 1
42971 27684 1
42971 35203 1
43938 25872 1
43938 26334 1
43938 26335 1
43938 30855 1
43938 31688 1
43938 32123 1
43938 42365 1
44422 23874 1
44422 25283 1
44422 26334 1
44422 32256 1
44422 34294 1
44422 39651 1
44422 43367 1
44422 43465 1
44422 43686 1
44422 44085 1
44422 44423 1
44422 44424 1
44422 46043 1
44422 46469 1
44423 25283 1
44423 26334 1
44423 28611 1
44423 28612 1
44423 28946 1
44423 31421 1
44423 32256 1
44423 34294 1
44423 37467 1
44423 39651 1
44423 44422 1
44423 44424 1
44423 47938 1
44424 25283 1
44424 26334 1
44424 32256 1
44424 34294 1
44424 39651 1
44424 44422 1
44424 44423 1
45363 26334 1
45363 30445 1
45363 39484 1
45363 44640 1
45363 50916 1
45363 55428 1
45363 72623 1
45363 75436 1
45363 79173 1
45363 125515 1
59294 10534 1
59294 26334 1
59294 28525 1
59294 33137 1
59294 39001 1
59294 41889 1
59294 42357 1
59294 42361 1
59294 54119 1
59294 59295 1
59294 60695 1
122395 26334 1
122395 31434 1
122395 84797 1
122395 85100 1
29979 26874 1
29979 35587 1
29979 40577 1
29979 40697 1
29979 45328 1
29979 45334 1
29979 45877 1
29979 46722 1
29979 49182 1
29979 49184 1
29979 49185 1
29979 50262 1
29979 50334 1
29979 53901 1
29979 54122 1
29979 56728 1
29979 59095 1
29979 60087 1
29979 61600 1
33328 26874 1
33328 33302 3
33328 33329 1
33328 36528 1
33328 46305 1
35587 12238 1
35587 21462 1
35587 23852 1
35587 25771 1
35587 26874 1
35587 27052 1
35587 28177 1
35587 28796 1
35587 29089 1
35587 29979 1
35587 30841 1
35587 31961 1
35587 33688 1
35587 34777 1
35587 36753 1
35587 39843 1
35587 40577 1
35587 40697 1
35587 40879 1
35587 42644 1
35587 43387 1
35587 43686 1
35587 43870 1
35587 45264 1
35587 45334 1
35587 46324 1
35587 46766 1
35587 47937 1
35587 48272 1
35587 48442 1
35587 49070 1
35587 49086 1
35587 49654 1
35587 50334 1
35587 53989 1
35587 54122 1
35587 56728 1
35587 56803 1
35587 59095 1
35587 60008 1
35587 60087 1
35587 61600 1
36528 26874 1
36528 33328 1
36528 46305 1
36528 52609 1
36528 52664 1
36528 53209 1
40577 26874 1
40577 29979 1
40577 31965 1
40577 35587 1
40577 36370 1
40577 39536 1
40577 40697 1
40577 41025 1
40577 43438 1
40577 43514 1
40577 45334 1
40577 47571 1
40577 49763 1
40577 50334 1
40577 50902 1
40577 54122 1
40577 55409 1
40577 56728 1
40577 59095 1
40577 60087 1
40577 61600 1
40577 87361 1
45334 18620 1
45334 26874 1
45334 29979 1
45334 30522 1
45334 30528 1
45334 30551 1
45334 35587 1
45334 36980 1
45334 36982 1
45334 40577 1
45334 40697 1
45334 42908 1
45334 43304 1
45334 46602 1
45334 49239 1
45334 50334 1
45334 51935 1
45334 51936 1
45334 51937 1
45334 54122 1
45334 55095 1
45334 55849 1
45334 56728 1
45334 58024 1
45334 59095 1
45334 60087 1
45334 61600 1
45334 62170 1
45334 71892 1
45334 74614 1
45334 92667 1
45334 112854 1
46305 21859 1
46305 26874 1
46305 33328 1
46305 36528 1
50334 26874 1
50334 29979 1
50334 35587 1
50334 40577 1
50334 40697 1
50334 41542 1
50334 45334 1
50334 54122 1
50334 56728 1
50334 59095 1
50334 60087 1
50334 61600 1
54122 21720 1
54122 26874 1
54122 29979 1
54122 35587 1
54122 38999 1
54122 40577 1
54122 40697 1
54122 41232 1
54122 43907 1
54122 44210 1
54122 44538 1
54122 44539 1
54122 44540 1
54122 44541 1
54122 45334 1
54122 50334 1
54122 56728 1
54122 59095 1
54122 60087 1
54122 61600 1
56728 18620 1
56728 26874 1
56728 29979 1
56728 35587 1
56728 40577 1
56728 40697 1
56728 44539 1
56728 45334 1
56728 50334 1
56728 54122 1
56728 59095 1
56728 60087 1
56728 61600 1
59095 26874 1
59095 29979 1
59095 35587 1
59095 40577 1
59095 40697 1
59095 45334 1
59095 50334 1
59095 54122 1
59095 56728 1
59095 60087 1
59095 61600 1
60087 26874 1
60087 29979 1
60087 35587 1
60087 40577 1
60087 40697 1
60087 45334 1
60087 50334 1
60087 54122 1
60087 56728 1
60087 59095 1
60087 61600 1
61600 26874 1
61600 29979 1
61600 35587 1
61600 40577 1
61600 40697 1
61600 45334 1
61600 50334 1
61600 54122 1
61600 56728 1
61600 59095 1
61600 59381 1
61600 60087 1
30483 22716 1
30483 27198 1
30483 29089 1
30483 30480 1
30483 36772 1
30483 39260 1
30483 40155 1
30483 42357 1
30483 44406 1
30483 45746 1
30483 48431 3
30483 52653 1
30483 66529 1
39799 28148 1
39799 36772 1
39799 43251 1
43251 36772 1
43251 39799 1
6384 10118 1
6384 12215 1
6384 20963 1
6384 22757 1
6384 25607 1
6384 31531 1
6384 40879 1
6384 40880 1
6384 42446 1
12238 12215 1
12238 22644 1
12238 25771 1
12238 35587 1
12238 40879 1
16880 12215 1
16880 17656 1
16880 23075 1
16880 31461 1
16880 33338 1
16880 109350 1
17656 12215 1
17656 16880 1
17656 23075 1
17656 31461 1
17656 109350 1
20683 12215 1
22644 4116 1
22644 12215 1
22644 12238 1
22644 117911 1
22757 6384 1
22757 12215 1
22757 25607 1
22757 31531 1
22757 40879 1
22757 40880 1
22757 42446 1
23075 12215 1
23075 16880 1
23075 17656 1
23075 20480 1
23075 31461 1
23075 49070 1
23075 109350 1
25607 6384 1
25607 12215 1
25607 22757 1
25607 31531 1
25607 40879 1
25607 40880 1
25607 42446 1
31461 12201 1
31461 12215 1
31461 16880 1
31461 17656 1
31461 19477 1
31461 23075 1
31461 109350 1
31531 6384 1
31531 12215 1
31531 22757 1
31531 25607 1
31531 40879 1
31531 40880 1
31531 42446 1
32897 12215 1
32897 37235 1
40155 12215 1
40155 27198 1
40155 30483 1
40155 42357 1
40155 44406 1
40155 52653 1
40155 66529 1
40879 6384 1
40879 12215 1
40879 12238 1
40879 22757 1
40879 25607 1
40879 25771 1
40879 31531 1
40879 35587 1
40879 40880 1
40879 42446 1
40880 6384 1
40880 12215 1
40880 22757 1
40880 25607 1
40880 31531 1
40880 40879 1
40880 42446 1
42446 6384 1
42446 12215 1
42446 22757 1
42446 25607 1
42446 31531 1
42446 40879 1
42446 40880 1
109350 12215 1
109350 16880 1
109350 17656 1
109350 23075 1
109350 31461 1
9839 15714 1
9839 20090 1
9839 22906 1
9839 24417 1
9839 25601 1
9839 25620 1
9839 31876 1
9839 32396 1
9839 32409 1
9839 33783 1
9839 35412 1
10581 20090 1
10581 48768 1
10581 51335 1
10581 60548 1
10581 63300 1
10581 69726 1
11688 17276 1
11688 17284 1
11688 20090 1
12204 14606 1
12204 14696 1
12204 16472 1
12204 20090 1
12204 30747 1
12204 30866 1
12204 32952 1
12204 34711 1
12204 36496 1
14606 12204 1
14606 14696 1
14606 16472 1
14606 20090 1
14606 30747 1
14606 30866 1
14606 32952 1
14606 34711 1
14606 36496 1
14696 12204 1
14696 14606 1
14696 16472 1
14696 20090 1
14696 30747 1
14696 30866 1
14696 32952 1
14696 34711 1
14696 36496 1
15714 9839 1
15714 20090 1
15714 22906 1
15714 24417 1
15714 25601 1
15714 25620 1
15714 31876 1
15714 32396 1
15714 32409 1
15714 33783 1
15714 35412 1
16472 12204 1
16472 14606 1
16472 14696 1
16472 20090 1
16472 30747 1
16472 30866 1
16472 32952 1
16472 34711 1
16472 36496 1
17276 11688 1
17276 17284 1
17276 20090 1
17284 11688 1
17284 17276 1
17284 20090 1
19180 20090 1
19180 20997 1
19180 21322 1
19180 23543 1
19180 25901 1
19180 26094 1
19180 29192 1
19180 38163 1
20997 19180 1
20997 20090 1
20997 21322 1
20997 23543 1
20997 25901 1
20997 26094 1
20997 29192 1
20997 38163 1
21322 19180 1
21322 20090 1
21322 20997 1
21322 23543 1
21322 25901 1
21322 26094 1
21322 29192 1
21322 38163 1
22906 9839 1
22906 15714 1
22906 20090 1
22906 24417 1
22906 25601 1
22906 25620 1
22906 31876 1
22906 32396 1
22906 32409 1
22906 33783 1
22906 35412 1
23543 19180 1
23543 20090 1
23543 20997 1
23543 21322 1
23543 25901 1
23543 26094 1
23543 29192 1
23543 38163 1
24417 9839 1
24417 15714 1
24417 20090 1
24417 22906 1
24417 25601 1
24417 25620 1
24417 29303 1
24417 31876 1
24417 32396 1
24417 32409 1
24417 33783 1
24417 35412 1
24417 36586 1
24417 40422 1
24417 40423 1
25601 9839 1
25601 15714 1
25601 20090 1
25601 22906 1
25601 24417 1
25601 25620 2
25601 31876 1
25601 32396 1
25601 32409 1
25601 33783 1
25601 35412 1
25620 9839 1
25620 15714 1
25620 20090 1
25620 22906 1
25620 24417 1
25620 25601 2
25620 31876 1
25620 32396 1
25620 32409 1
25620 32590 1
25620 33783 1
25620 35412 1
25901 19180 1
25901 20090 1
25901 20997 1
25901 21322 1
25901 23543 1
25901 26094 2
25901 29192 1
25901 38163 1
25901 43701 1
26094 19180 1
26094 20090 1
26094 20997 1
26094 21322 1
26094 23543 1
26094 25901 2
26094 29192 1
26094 38163 1
26094 38489 1
26094 39245 1
26094 42953 1
29192 19180 1
29192 20090 1
29192 20997 1
29192 21322 1
29192 23543 1
29192 25901 1
29192 26094 1
29192 38163 1
30747 12204 1
30747 14606 1
30747 14696 1
30747 16472 1
30747 20090 1
30747 25323 1
30747 30866 1
30747 32952 1
30747 34711 1
30747 36496 1
30747 38944 1
30866 12204 1
30866 14606 1
30866 14696 1
30866 16472 1
30866 20090 1
30866 30747 1
30866 32952 1
30866 34711 1
30866 36496 1
31876 9839 1
31876 15714 1
31876 20090 1
31876 22906 1
31876 24417 1
31876 25601 1
31876 25620 1
31876 32396 1
31876 32409 1
31876 33783 1
31876 35412 1
32396 9839 1
32396 15714 1
32396 20090 1
32396 22906 1
32396 24417 1
32396 25601 1
32396 25620 1
32396 31876 1
32396 32409 1
32396 33783 1
32396 35412 1
32409 9839 1
32409 15714 1
32409 20090 1
32409 22906 1
32409 24417 1
32409 25601 1
32409 25620 1
32409 31876 1
32409 32396 1
32409 33783 1
32409 35412 1
32952 12204 1
32952 14606 1
32952 14696 1
32952 16472 1
32952 20090 1
32952 30747 1
32952 30866 1
32952 34711 1
32952 36496 1
33783 9839 1
33783 15714 1
33783 20090 1
33783 22906 1
33783 24417 1
33783 25601 1
33783 25620 1
33783 31876 1
33783 32396 1
33783 32409 1
33783 35412 1
34711 12204 1
34711 14606 1
34711 14696 1
34711 16472 1
34711 20090 1
34711 30747 1
34711 30866 1
34711 32374 1
34711 32952 1
34711 36496 1
34711 42633 1
35412 9839 1
35412 15714 1
35412 20090 1
35412 22906 1
35412 24417 1
35412 25601 1
35412 25620 1
35412 31876 1
35412 32396 1
35412 32409 1
35412 33783 1
36496 12204 1
36496 14606 1
36496 14696 1
36496 16472 1
36496 20090 1
36496 30747 1
36496 30866 1
36496 32952 1
36496 34711 1
38163 19180 1
38163 20090 1
38163 20997 1
38163 21322 1
38163 23543 1
38163 25901 1
38163 26094 1
38163 29192 1
48768 10581 1
48768 20090 1
48768 51335 1
48768 60548 1
48768 63300 1
48768 69726 1
51335 10581 1
51335 20090 1
51335 44640 1
51335 48768 1
51335 50614 1
51335 52714 1
51335 60548 1
51335 63300 1
51335 69726 1
60548 10581 1
60548 20090 1
60548 48768 1
60548 51335 1
60548 63300 1
60548 69726 1
63300 10581 1
63300 20090 1
63300 48768 1
63300 51335 1
63300 60548 1
63300 69726 1
69726 10581 1
69726 20090 1
69726 48768 1
69726 51335 1
69726 60548 1
69726 63300 1
25771 12238 1
25771 20121 1
25771 35587 1
25771 40375 1
25771 40879 1
25771 41232 1
25771 41645 1
25771 42646 1
25771 43686 1
25771 49059 1
43608 20121 1
43608 61212 1
43608 107179 1
107179 20121 1
107179 43608 1
39760 26335 1
39760 39921 1
39921 26335 1
39921 39760 1
8172 16658 1
8172 27684 1
8172 31473 1
8172 41232 1
8172 41542 1
16658 8172 1
16658 18651 1
16658 27684 1
16658 30838 1
16658 31473 1
16658 38912 1
16658 41232 1
16658 41542 1
16658 44406 1
22716 27684 1
22716 27803 1
22716 30480 1
22716 30483 1
22716 41232 1
22716 42634 1
22716 46439 1
22716 49824 1
27803 22716 1
27803 27684 1
27803 30480 1
27803 42634 1
30120 27684 1
30120 44210 1
30351 27684 1
30351 32712 1
30351 41492 1
30480 21365 1
30480 22716 1
30480 27684 1
30480 27803 1
30480 28129 1
30480 29089 1
30480 30483 1
30480 42634 1
30480 48431 1
31473 8172 1
31473 16658 1
31473 26719 1
31473 27684 1
31473 41232 1
31473 41542 1
32374 27684 1
32374 34711 1
32374 39550 1
32374 40138 1
32374 40375 1
32374 42633 1
32374 47059 1
39550 14386 1
39550 27684 1
39550 32374 1
39550 40138 1
39550 40375 1
40138 17672 1
40138 27040 1
40138 27684 1
40138 32256 1
40138 32374 1
40138 39550 1
40138 39574 1
40138 40375 1
40138 40521 1
40138 42456 1
40138 43272 1
40138 43701 1
40138 46027 1
40138 47567 1
40138 49632 1
40138 49780 1
40138 50648 1
40138 51867 1
40138 53270 1
40138 60372 1
40138 60374 1
40138 63159 1
40138 121595 1
40375 24447 1
40375 25771 1
40375 27236 1
40375 27684 1
40375 29379 1
40375 31957 1
40375 32374 1
40375 32712 1
40375 38489 1
40375 39260 1
40375 39550 1
40375 39824 1
40375 40138 1
40375 40723 1
40375 41539 1
40375 42357 1
40375 42633 2
40375 42645 1
40375 42646 4
40375 43105 1
40375 43272 1
40375 43686 1
40375 44753 1
40375 46439 1
41232 8172 1
41232 16658 1
41232 22716 1
41232 25771 1
41232 27684 1
41232 31473 1
41232 38694 1
41232 41542 1
41232 44210 1
41232 49059 1
41232 49824 1
41232 54122 1
41492 27684 1
41492 30351 1
41542 8172 1
41542 16658 1
41542 27684 1
41542 31473 1
41542 41232 1
41542 50334 1
41542 53209 1
42634 1778 1
42634 21859 1
42634 22716 1
42634 24649 1
42634 25270 1
42634 25271 1
42634 27498 1
42634 27684 1
42634 27803 1
42634 30480 1
42634 33688 1
42634 37248 1
42634 38697 1
42634 41025 1
42634 42644 1
42634 42645 1
42634 43686 1
42634 47571 1
42634 49070 1
42634 49824 1
42634 49825 1
44210 27684 1
44210 28613 1
44210 30120 1
44210 41232 1
44210 42373 1
44210 54122 1
44210 61559 1
7729 16802 1
7729 30154 1
7729 30440 1
7729 32711 1
7729 43426 1
7729 47797 1
7729 52260 1
7729 54237 1
7729 54542 1
7729 60894 1
16802 7729 1
16802 30154 1
16802 30440 1
16802 32711 1
16802 43426 1
16802 47797 1
16802 52260 1
16802 54237 1
16802 54542 1
16802 60894 1
30154 7729 1
30154 8103 1
30154 16802 1
30154 30440 1
30154 32711 1
30154 33688 1
30154 43426 1
30154 43436 1
30154 47797 1
30154 52260 1
30154 54237 2
30154 54542 1
30154 60894 1
32711 7729 1
32711 16802 1
32711 30154 1
32711 30440 1
32711 43426 1
32711 47797 1
32711 52260 1
32711 54237 1
32711 54542 1
32711 60894 1
32802 30440 1
32802 41003 1
32802 43675 1
41003 30440 1
41003 32802 1
41003 43675 2
43426 7729 1
43426 16802 1
43426 30154 1
43426 30440 1
43426 32711 1
43426 37980 1
43426 47797 1
43426 49496 1
43426 52260 1
43426 54237 1
43426 54542 1
43426 60894 1
43675 30440 1
43675 32802 1
43675 41003 2
47797 7729 1
47797 16802 1
47797 30154 1
47797 30440 1
47797 32711 1
47797 43426 1
47797 52260 1
47797 54237 1
47797 54542 1
47797 60894 1
52260 7729 1
52260 16802 1
52260 30154 1
52260 30440 1
52260 32711 1
52260 43426 1
52260 47797 1
52260 54237 1
52260 54542 1
52260 60894 1
54237 7729 1
54237 16802 1
54237 30154 2
54237 30440 1
54237 32711 1
54237 43426 1
54237 47797 1
54237 52260 1
54237 54542 1
54237 60894 1
54542 7729 1
54542 16802 1
54542 30154 1
54542 30440 1
54542 32711 1
54542 43426 1
54542 47797 1
54542 52260 1
54542 54237 1
54542 60894 1
60894 7729 1
60894 16802 1
60894 30154 1
60894 30440 1
60894 32711 1
60894 43426 1
60894 47797 1
60894 51801 1
60894 52260 1
60894 54237 1
60894 54542 1
17662 10965 1
17662 17955 1
17662 22581 1
17662 24265 1
17662 30381 1
17662 30855 1
17662 31257 1
17662 31860 1
17955 17662 1
17955 30855 1
24318 31031 1
24318 36283 1
24318 44485 1
27569 31031 1
27569 40481 1
27569 42746 1
27569 48168 1
27569 121948 1
28148 28612 1
28148 28613 1
28148 28946 1
28148 31031 1
28148 39799 1
28148 49825 1
32260 31031 1
32260 38720 1
32260 64103 1
36283 24318 1
36283 28129 1
36283 31031 1
36283 44485 1
36283 53989 1
38720 31031 1
38720 32260 1
38720 64103 1
44485 24318 1
44485 31031 1
44485 36283 1
64103 31031 1
64103 32260 1
64103 38720 1
64103 43257 1
14405 15859 1
14405 27003 1
14405 27010 1
14405 30465 1
14405 32123 1
14405 32402 1
14405 32677 1
14405 38491 1
14405 42353 1
15859 14405 1
15859 27003 1
15859 27010 1
15859 30465 1
15859 32123 1
15859 32402 1
15859 32677 1
15859 38491 1
15859 42353 1
27003 14405 1
27003 15859 1
27003 27010 1
27003 30465 1
27003 32123 1
27003 32402 1
27003 32677 1
27003 38491 1
27003 42353 1
27010 14405 1
27010 15859 1
27010 27003 1
27010 27804 1
27010 30465 1
27010 31012 1
27010 32123 1
27010 32402 1
27010 32590 1
27010 32677 1
27010 34018 3
27010 38491 1
27010 39001 1
27010 42353 1
30465 9462 1
30465 14405 1
30465 15859 1
30465 25089 1
30465 27003 1
30465 27010 1
30465 32123 1
30465 32402 1
30465 32677 1
30465 33394 1
30465 38491 1
30465 42353 1
32402 14405 1
32402 15859 1
32402 27003 1
32402 27010 1
32402 30465 1
32402 32123 1
32402 32677 1
32402 34018 1
32402 38491 1
32402 42353 1
32677 14405 1
32677 15859 1
32677 27003 1
32677 27010 1
32677 30465 1
32677 32123 1
32677 32402 1
32677 38491 1
32677 42353 1
38491 14405 1
38491 15859 1
38491 20386 1
38491 26325 1
38491 27003 1
38491 27010 1
38491 30465 1
38491 32123 1
38491 32402 1
38491 32677 1
38491 33261 1
38491 42353 1
42353 14405 1
42353 15859 1
42353 27003 1
42353 27010 1
42353 30465 1
42353 32123 1
42353 32402 1
42353 32677 1
42353 38491 1
1744 14386 1
1744 17672 1
1744 24168 1
1744 25188 1
1744 27248 1
1744 30821 1
1744 32256 1
8103 23852 1
8103 30154 1
8103 32256 1
8103 33688 1
8103 43436 2
8103 52502 1
8873 23874 1
8873 32256 1
8873 42746 1
8873 49170 1
12219 24817 1
12219 32256 1
12219 38807 1
12219 43392 1
12219 52714 1
13994 23063 1
13994 26561 1
13994 30482 1
13994 31570 1
13994 32256 1
13994 32816 1
13994 40521 1
13994 43272 1
13994 43701 1
13994 45299 1
13994 45677 1
14386 1744 1
14386 17672 1
14386 24168 1
14386 25188 1
14386 27248 1
14386 30821 1
14386 32256 1
14386 39550 1
17672 1744 1
17672 14386 1
17672 23874 1
17672 24168 1
17672 25188 1
17672 26325 1
17672 27040 1
17672 27248 1
17672 30821 1
17672 32256 2
17672 39574 1
17672 40138 1
17672 40521 1
17672 42456 1
17672 43272 1
17672 44381 1
17672 46027 1
17672 49632 1
17672 49780 1
17672 50648 1
17672 51867 1
17672 51878 1
17672 53270 1
17672 60372 1
17672 60374 1
17672 63159 1
19156 26561 1
19156 29072 1
19156 32256 1
19156 36356 1
19156 40973 1
19156 40975 1
19156 41155 1
19156 41771 1
19156 45746 1
19156 46469 1
20212 29310 1
20212 30749 1
20212 32256 1
20212 34613 1
20212 37122 1
20212 38405 1
20212 38414 1
20212 40123 1
20212 41645 1
20212 43379 1
20212 45607 1
20212 51858 1
20212 51962 1
23063 13994 1
23063 26561 1
23063 30482 1
23063 32256 1
23063 32816 1
23063 40521 1
23063 43272 2
23063 44540 1
23063 45299 1
23063 45677 1
23852 8103 1
23852 32256 1
23852 35587 1
23852 38638 1
23852 43436 1
23852 52502 1
24168 1744 1
24168 14386 1
24168 17672 1
24168 25188 1
24168 27248 1
24168 30821 1
24168 32256 1
24817 12219 1
24817 32256 1
24817 38807 1
24817 43392 1
24817 51940 1
24817 52714 1
25188 1733 1
25188 1744 1
25188 1747 1
25188 1755 1
25188 1771 1
25188 1772 1
25188 1779 1
25188 1780 1
25188 1881 1
25188 14386 1
25188 17672 1
25188 24168 1
25188 25187 1
25188 25189 1
25188 27248 1
25188 30821 1
25188 32256 1
25188 37394 1
25188 39786 1
25188 41873 1
25188 44877 1
26561 13994 1
26561 19156 1
26561 23063 1
26561 29072 1
26561 30482 1
26561 32256 1
26561 32816 1
26561 40521 1
26561 43272 1
26561 43701 1
26561 45299 1
26561 45677 1
26561 60374 1
27040 17672 1
27040 24447 1
27040 32256 1
27040 39574 1
27040 40138 1
27040 42456 1
27040 43272 1
27040 46027 1
27040 49632 1
27040 49780 1
27040 50648 1
27040 51867 1
27040 53270 1
27040 60372 1
27040 60374 1
27040 63159 1
27248 1744 1
27248 13689 1
27248 14386 1
27248 17672 1
27248 24168 1
27248 25188 1
27248 29403 1
27248 30821 1
27248 32256 1
27248 34876 1
27248 37235 1
29310 20212 1
29310 28129 1
29310 30749 1
29310 32256 1
29310 34613 1
29310 37122 1
29310 38405 1
29310 38414 1
29310 40123 1
29310 41645 1
29310 43379 1
29310 45607 1
29310 51858 1
29310 51962 1
30482 13994 1
30482 23063 1
30482 26325 1
30482 26561 1
30482 32256 1
30482 32816 1
30482 40521 1
30482 43272 1
30482 45299 1
30482 45677 1
30749 20212 1
30749 29310 1
30749 32256 1
30749 34613 1
30749 37122 1
30749 38405 1
30749 38414 1
30749 40123 1
30749 41645 1
30749 43379 1
30749 45607 1
30749 51858 1
30749 51962 1
30821 1744 1
30821 14386 1
30821 17672 1
30821 24168 1
30821 25188 1
30821 27248 1
30821 32256 1
30821 35098 1
30821 37394 1
30821 38638 1
30821 39260 1
32816 13994 1
32816 23063 1
32816 26561 1
32816 30482 1
32816 32256 1
32816 40521 1
32816 43272 1
32816 45299 1
32816 45677 1
32816 53609 1
34613 20212 1
34613 29310 1
34613 30749 1
34613 32256 1
34613 37122 1
34613 38405 1
34613 38414 1
34613 40123 1
34613 41645 1
34613 43379 1
34613 45607 1
34613 51858 1
34613 51962 1
36356 19156 1
36356 32256 1
36356 40973 1
36356 40975 1
36356 41155 1
36356 41771 1
36356 45746 1
36777 32256 1
36777 40981 1
36777 42483 1
37122 20212 1
37122 29310 1
37122 30749 1
37122 32256 1
37122 34613 1
37122 38405 1
37122 38414 1
37122 40123 1
37122 41645 1
37122 43379 1
37122 45607 1
37122 51858 1
37122 51962 1
38405 20212 1
38405 29310 1
38405 30749 1
38405 32256 1
38405 34613 1
38405 37122 1
38405 38414 3
38405 40123 1
38405 40908 1
38405 41645 1
38405 43379 1
38405 45607 1
38405 51858 1
38405 51962 1
38414 16980 1
38414 20212 1
38414 29310 1
38414 30749 1
38414 32256 1
38414 34613 1
38414 37122 1
38414 38405 3
38414 40123 1
38414 41645 1
38414 43379 1
38414 45607 1
38414 51858 1
38414 51962 1
38414 53270 1
38638 23852 1
38638 30821 1
38638 32256 1
38638 37394 1
38638 44541 1
38638 46055 1
38638 52574 1
38807 12219 1
38807 24817 1
38807 28612 1
38807 32256 1
38807 43392 1
38807 52714 1
39534 32256 1
39574 17672 1
39574 27040 1
39574 27175 1
39574 32256 1
39574 40138 1
39574 42456 1
39574 43272 1
39574 46027 1
39574 47928 1
39574 49632 1
39574 49780 1
39574 50648 1
39574 51867 1
39574 53270 1
39574 60372 1
39574 60374 1
39574 63159 1
40123 20212 1
40123 29310 1
40123 30749 1
40123 32256 1
40123 34613 1
40123 37122 1
40123 38405 1
40123 38414 1
40123 41645 1
40123 43379 1
40123 45312 1
40123 45607 1
40123 46292 1
40123 51858 1
40123 51962 1
40521 13994 1
40521 17672 1
40521 23063 1
40521 26561 1
40521 30482 1
40521 32256 1
40521 32816 1
40521 40138 1
40521 43272 1
40521 45299 1
40521 45677 1
40521 121595 1
40973 19156 1
40973 32256 1
40973 36356 1
40973 40975 1
40973 41155 1
40973 41771 1
40973 45746 1
40975 16980 1
40975 18401 1
40975 19156 1
40975 32256 1
40975 36356 1
40975 40973 1
40975 41155 1
40975 41771 1
40975 45746 1
40981 32256 1
40981 36777 1
40981 41155 1
40981 42483 1
40981 46688 1
40981 48060 1
41155 19156 1
41155 32256 1
41155 36356 1
41155 40973 1
41155 40975 1
41155 40981 1
41155 41771 1
41155 45746 1
41155 48060 1
41645 20212 1
41645 25771 1
41645 29310 1
41645 30749 1
41645 32256 1
41645 34613 1
41645 36186 1
41645 37122 1
41645 38405 1
41645 38414 1
41645 40123 1
41645 43379 1
41645 45607 1
41645 51858 1
41645 51962 1
41771 19156 1
41771 32256 1
41771 36356 1
41771 40973 1
41771 40975 1
41771 41155 1
41771 45746 1
42456 17672 1
42456 27040 1
42456 32256 1
42456 39574 1
42456 40138 1
42456 43272 1
42456 46027 1
42456 49632 1
42456 49780 1
42456 50648 1
42456 51867 1
42456 53270 1
42456 60372 1
42456 60374 1
42456 63159 1
42483 32256 1
42483 36777 1
42483 40981 1
42746 8873 1
42746 27569 1
42746 32256 1
42746 49170 1
43272 10534 1
43272 13994 1
43272 17664 1
43272 17672 1
43272 19807 1
43272 23063 2
43272 25067 1
43272 26561 1
43272 27040 1
43272 29089 1
43272 30482 1
43272 31410 1
43272 32256 2
43272 32816 1
43272 35098 1
43272 35099 1
43272 37235 1
43272 37248 1
43272 39574 1
43272 40138 1
43272 40375 1
43272 40521 1
43272 42456 1
43272 42633 1
43272 42646 1
43272 43379 2
43272 43436 1
43272 43671 1
43272 45299 1
43272 45677 1
43272 46027 1
43272 49632 1
43272 49780 1
43272 50648 1
43272 51867 1
43272 53270 1
43272 60372 1
43272 60374 1
43272 63159 1
43379 10534 1
43379 20212 1
43379 29310 1
43379 30749 1
43379 32256 1
43379 34613 1
43379 37122 1
43379 38405 1
43379 38414 1
43379 40123 1
43379 41645 1
43379 43272 2
43379 45607 1
43379 51858 1
43379 51962 1
43392 12219 1
43392 17011 1
43392 24817 1
43392 26325 1
43392 29089 1
43392 32256 1
43392 37225 1
43392 38807 1
43392 52714 1
43436 8103 2
43436 23852 1
43436 30154 1
43436 32256 1
43436 33688 1
43436 43272 1
43436 52502 1
43701 13994 1
43701 25901 1
43701 26561 1
43701 28600 1
43701 30841 1
43701 31570 1
43701 32256 1
43701 40138 1
43701 44588 1
45299 13994 1
45299 23063 1
45299 26561 1
45299 30482 1
45299 32256 1
45299 32816 1
45299 40521 1
45299 43272 1
45299 45677 1
45607 20212 1
45607 29310 1
45607 30749 1
45607 32256 1
45607 34613 1
45607 37122 1
45607 38405 1
45607 38414 1
45607 39349 1
45607 40123 1
45607 41645 1
45607 43379 1
45607 51858 1
45607 51962 1
45607 60374 1
45677 13994 1
45677 23063 1
45677 26561 1
45677 30482 1
45677 32256 1
45677 32816 1
45677 40521 1
45677 43272 1
45677 45299 1
45746 19156 1
45746 30483 1
45746 32256 1
45746 36356 1
45746 39260 1
45746 40973 1
45746 40975 1
45746 41155 1
45746 41771 1
45746 48431 1
46027 17672 1
46027 27040 1
46027 32256 1
46027 39574 1
46027 40138 1
46027 42456 1
46027 43272 1
46027 49632 1
46027 49780 1
46027 50648 1
46027 51867 1
46027 53270 1
46027 60372 1
46027 60374 1
46027 63159 1
46055 27474 1
46055 30334 1
46055 32256 1
46055 38638 1
46055 43367 2
46055 43537 1
46055 44100 1
46055 48779 1
46055 52574 1
47670 32256 1
47670 54189 1
47670 60247 1
47670 61824 1
47670 66591 1
47670 71175 1
47670 76524 1
47670 92350 1
49170 8873 1
49170 32256 1
49170 42746 1
49632 17672 1
49632 27040 1
49632 32256 1
49632 39574 1
49632 40138 1
49632 42456 1
49632 43272 1
49632 46027 1
49632 49780 1
49632 50648 1
49632 51867 1
49632 53270 1
49632 60372 1
49632 60374 1
49632 63159 1
49780 17672 1
49780 27040 1
49780 32256 1
49780 39574 1
49780 40138 1
49780 42456 1
49780 43272 1
49780 46027 1
49780 49632 1
49780 50648 1
49780 51867 1
49780 53270 1
49780 60372 1
49780 60374 1
49780 63159 1
50648 17672 1
50648 27040 1
50648 32256 1
50648 39574 1
50648 40138 1
50648 42456 1
50648 43272 1
50648 46027 1
50648 49632 1
50648 49780 1
50648 51867 1
50648 53270 1
50648 54189 1
50648 60372 1
50648 60374 1
50648 63159 1
51539 32256 1
51858 20212 1
51858 29310 1
51858 30749 1
51858 32256 1
51858 34613 1
51858 37122 1
51858 38405 1
51858 38414 1
51858 40123 1
51858 41645 1
51858 43379 1
51858 45607 1
51858 51962 1
51867 17672 1
51867 27040 1
51867 32256 1
51867 39574 1
51867 40138 1
51867 42456 1
51867 43272 1
51867 46027 1
51867 49632 1
51867 49780 1
51867 50648 1
51867 53270 1
51867 60372 1
51867 60374 1
51867 63159 1
51962 20212 1
51962 26899 1
51962 29310 1
51962 30749 1
51962 32256 1
51962 34613 1
51962 37122 1
51962 38405 1
51962 38414 1
51962 40123 1
51962 41645 1
51962 43379 1
51962 44500 1
51962 44730 1
51962 45607 1
51962 51858 1
51962 52615 1
51962 122364 1
52502 8103 1
52502 16975 1
52502 23852 1
52502 32256 1
52502 43436 1
52574 32256 1
52574 38638 1
52574 46055 1
52714 12219 1
52714 24817 1
52714 32256 1
52714 38807 1
52714 43392 1
52714 51335 1
52714 55428 1
53270 17672 1
53270 27040 1
53270 32256 1
53270 32317 1
53270 38414 1
53270 39574 1
53270 40138 1
53270 42373 1
53270 42456 1
53270 43272 1
53270 46027 1
53270 49632 1
53270 49780 1
53270 50648 1
53270 51867 1
53270 60372 1
53270 60374 1
53270 63159 1
54189 32256 1
54189 47670 1
54189 50648 1
54189 60247 1
54189 61824 1
54189 66591 1
54189 71175 1
54189 76524 1
54189 92350 1
60247 32256 1
60247 43907 1
60247 47670 1
60247 54189 1
60247 61824 1
60247 66591 1
60247 71175 1
60247 76524 1
60247 92350 1
60372 17672 1
60372 27040 1
60372 32256 1
60372 39574 1
60372 40138 1
60372 42456 1
60372 43272 1
60372 46027 1
60372 49632 1
60372 49780 1
60372 50648 1
60372 51867 1
60372 53270 1
60372 60374 1
60372 63159 1
60374 17672 1
60374 26561 1
60374 27040 1
60374 32256 1
60374 39349 1
60374 39574 1
60374 40138 1
60374 42456 1
60374 43272 1
60374 45607 1
60374 46027 1
60374 49632 1
60374 49780 1
60374 50648 1
60374 51867 1
60374 53270 1
60374 60372 1
60374 63159 1
61824 32256 1
61824 47670 1
61824 54189 1
61824 60247 1
61824 66591 1
61824 71175 1
61824 76524 1
61824 92350 1
63159 17672 1
63159 27040 1
63159 32256 1
63159 39574 1
63159 40138 1
63159 42456 1
63159 43272 1
63159 46027 1
63159 49632 1
63159 49780 1
63159 50648 1
63159 51867 1
63159 53270 1
63159 60372 1
63159 60374 1
66591 32256 1
66591 47670 1
66591 54189 1
66591 60247 1
66591 61824 1
66591 69436 1
66591 71175 1
66591 76524 1
66591 92350 1
71175 32256 1
71175 47670 1
71175 54189 1
71175 60247 1
71175 61824 1
71175 66591 1
71175 76524 1
71175 92350 1
76524 32256 1
76524 47670 1
76524 54189 1
76524 60247 1
76524 61824 1
76524 66591 1
76524 71175 1
76524 92350 1
92350 32256 1
92350 47670 1
92350 54189 1
92350 60247 1
92350 61824 1
92350 66591 1
92350 71175 1
92350 76524 1
34307 15891 1
34307 23767 1
34307 33785 1
34307 34294 1
34307 42357 1
24663 35203 1
24663 43777 1
42282 26595 1
42282 35203 1
43777 24663 1
43777 35203 1
16980 18401 1
16980 21878 1
16980 28613 1
16980 30342 1
16980 32968 1
16980 37248 1
16980 38414 1
16980 40975 1
16980 44381 1
16980 44756 1
16980 44757 1
16980 44758 1
17664 19807 1
17664 25067 1
17664 29089 1
17664 31410 2
17664 35098 1
17664 35099 1
17664 37235 1
17664 37248 1
17664 43272 1
17664 43671 1
19807 17664 1
19807 25067 1
19807 29089 1
19807 31410 1
19807 35098 1
19807 35099 1
19807 36362 1
19807 37235 1
19807 37248 1
19807 43272 1
19807 43671 1
21878 16980 1
21878 28613 1
21878 30342 1
21878 32968 1
21878 37248 1
21878 44381 1
25067 17664 1
25067 17807 1
25067 19807 1
25067 29089 1
25067 31410 1
25067 35098 1
25067 35099 1
25067 37235 1
25067 37248 1
25067 43272 1
25067 43671 1
25271 37248 1
25271 41025 1
25271 42634 1
25271 49824 1
25271 49825 1
25934 37248 1
25934 41068 1
25934 48644 1
28613 16980 1
28613 21878 1
28613 28148 1
28613 28612 5
28613 30342 1
28613 32968 1
28613 37248 1
28613 39260 1
28613 42373 1
28613 44210 1
28613 44381 1
29089 17011 1
29089 17664 1
29089 19807 1
29089 24698 1
29089 25067 1
29089 27052 1
29089 28796 1
29089 30480 1
29089 30483 1
29089 30841 1
29089 31410 1
29089 33688 1
29089 34777 1
29089 35098 1
29089 35099 1
29089 35587 1
29089 37225 2
29089 37235 1
29089 37248 1
29089 38694 1
29089 43272 1
29089 43392 1
29089 43671 1
29089 48431 1
29089 49070 1
30342 16980 1
30342 21878 1
30342 28613 1
30342 32968 1
30342 37248 1
30342 39637 1
30342 44381 1
31410 17664 2
31410 19807 1
31410 25067 1
31410 29089 1
31410 35098 1
31410 35099 1
31410 37235 1
31410 37248 1
31410 43272 1
31410 43671 1
32968 16980 1
32968 21878 1
32968 28613 1
32968 30342 1
32968 37248 1
32968 44381 1
35098 17664 1
35098 19807 1
35098 25067 1
35098 29089 1
35098 30821 1
35098 31410 1
35098 35099 3
35098 37235 1
35098 37248 1
35098 43272 1
35098 43671 1
35099 17664 1
35099 19807 1
35099 25067 1
35099 29089 1
35099 31410 1
35099 35098 3
35099 37235 1
35099 37248 1
35099 43272 1
35099 43671 1
37235 17664 1
37235 19807 1
37235 25067 1
37235 27248 1
37235 29089 1
37235 31410 1
37235 32897 1
37235 35098 1
37235 35099 1
37235 37248 1
37235 43272 1
37235 43671 1
37977 37248 1
37977 47928 1
37977 48060 1
39260 27236 1
39260 28613 1
39260 30483 1
39260 30821 1
39260 37248 1
39260 40375 1
39260 40723 1
39260 41539 1
39260 42633 1
39260 42645 1
39260 42646 1
39260 43105 1
39260 43257 1
39260 43686 1
39260 45746 1
39260 46439 1
39260 48431 1
39260 51906 1
39260 115440 1
39260 123071 1
41025 25271 1
41025 31965 1
41025 36370 1
41025 37248 1
41025 39536 1
41025 40577 1
41025 42634 1
41025 43438 1
41025 43514 1
41025 47571 1
41025 49763 1
41025 49824 1
41025 49825 1
41025 50902 1
41025 55409 1
41025 87361 1
41068 25934 1
41068 37248 1
41068 48644 1
43257 37248 1
43257 39260 1
43257 51906 1
43257 64103 1
43257 115440 1
43257 123071 1
43671 17664 1
43671 19807 1
43671 25067 1
43671 29089 1
43671 31410 1
43671 34052 1
43671 35098 1
43671 35099 1
43671 37235 1
43671 37248 1
43671 40534 1
43671 43272 1
43671 47571 1
43671 53753 1
43671 53979 1
44375 37248 1
44381 16980 1
44381 17672 1
44381 18660 1
44381 21878 1
44381 23874 1
44381 28613 1
44381 30342 1
44381 32968 1
44381 37248 1
44381 40987 1
48060 23874 1
48060 25812 1
48060 36754 1
48060 37248 1
48060 37977 1
48060 39651 1
48060 40981 1
48060 41155 1
48644 25934 1
48644 27052 1
48644 28611 1
48644 37248 1
48644 41068 1
48644 48431 1
48644 55409 1
49824 22716 1
49824 25271 1
49824 37248 1
49824 41025 1
49824 41232 1
49824 42634 1
49824 49825 1
49825 25271 1
49825 28148 1
49825 28946 1
49825 37248 1
49825 41025 1
49825 42634 1
49825 49824 1
51906 37248 1
51906 39260 1
51906 43257 1
51906 115440 1
51906 123071 1
115440 37248 1
115440 39260 1
115440 43257 1
115440 51906 1
115440 74008 1
115440 117527 1
115440 123071 1
123071 37248 1
123071 39260 1
123071 43257 1
123071 51906 1
123071 115440 1
1116 26325 1
1116 31032 1
1116 38999 1
1116 42361 1
1116 43751 1
1116 51248 1
1116 52122 1
21720 38999 1
21720 43907 1
21720 44538 1
21720 44539 1
21720 44540 1
21720 44541 1
21720 54122 1
26325 1116 1
26325 17672 1
26325 28946 1
26325 30482 1
26325 31032 1
26325 38491 1
26325 38999 1
26325 42361 1
26325 43392 1
26325 43751 1
26325 51248 1
26325 52122 1
28946 26325 1
28946 28148 1
28946 28611 1
28946 28612 1
28946 31421 1
28946 37467 1
28946 38999 1
28946 44423 1
28946 47938 1
28946 49825 1
31032 1116 1
31032 26325 1
31032 38999 1
31032 42361 1
31032 43751 1
31032 51248 1
31032 52122 1
43751 1116 1
43751 26325 1
43751 31032 1
43751 38999 1
43751 42361 1
43751 51248 1
43751 52122 1
43907 21720 1
43907 38999 1
43907 43069 1
43907 44538 1
43907 44539 1
43907 44540 1
43907 44541 1
43907 48168 1
43907 52122 1
43907 54122 1
43907 60247 1
44538 4048 1
44538 13800 1
44538 15421 1
44538 18232 1
44538 21720 1
44538 38999 1
44538 41971 1
44538 43907 1
44538 44539 1
44538 44540 1
44538 44541 1
44538 54122 1
44539 21720 1
44539 38999 1
44539 43907 1
44539 44538 1
44539 44540 1
44539 44541 1
44539 54122 1
44539 56728 1
44540 21720 1
44540 23063 1
44540 38999 1
44540 43907 1
44540 44538 1
44540 44539 1
44540 44541 1
44540 51940 1
44540 54122 1
44541 21720 1
44541 31957 1
44541 38638 1
44541 38999 1
44541 43907 1
44541 44538 1
44541 44539 1
44541 44540 1
44541 54122 1
51248 1116 1
51248 26325 1
51248 31032 1
51248 38999 1
51248 42361 1
51248 43751 1
51248 52122 1
52122 1116 1
52122 26325 1
52122 31032 1
52122 38999 1
52122 42361 1
52122 43751 1
52122 43907 1
52122 51248 1
27804 27010 1
27804 31012 1
27804 32590 1
27804 34018 1
27804 39001 1
31012 27010 1
31012 27804 1
31012 32590 1
31012 34018 1
31012 39001 1
31012 39218 1
31012 39219 1
32590 25620 1
32590 27010 1
32590 27804 1
32590 31012 1
32590 34018 1
32590 39001 1
34018 27010 3
34018 27804 1
34018 31012 1
34018 32402 1
34018 32590 1
34018 39001 1
34018 44037 1
39829 39001 1
39829 46780 1
39829 48168 1
39829 53609 1
39829 76699 1
39829 85399 1
46780 39001 1
46780 39829 1
46780 42093 1
46780 42361 1
46780 43096 1
46780 47590 1
46780 48168 1
46780 53609 1
46780 56670 1
46780 76699 1
46780 85399 1
48168 27569 1
48168 39001 1
48168 39829 1
48168 43907 1
48168 46780 1
48168 53609 1
48168 76699 1
48168 85399 1
53609 32816 1
53609 39001 1
53609 39829 1
53609 46780 1
53609 48168 1
53609 76699 1
53609 85399 1
76699 39001 1
76699 39829 1
76699 46780 1
76699 48168 1
76699 53609 1
76699 85399 1
85399 39001 1
85399 39829 1
85399 46780 1
85399 48168 1
85399 53609 1
85399 76699 1
25812 33261 1
25812 33294 1
25812 39651 1
25812 40264 1
25812 48060 1
36754 23874 1
36754 36767 1
36754 37135 1
36754 39070 1
36754 39651 1
36754 46765 1
36754 48060 1
36754 48161 1
36767 36754 1
36767 37135 1
36767 39070 1
36767 39651 1
36767 46765 1
36767 48161 1
37135 36754 1
37135 36767 1
37135 39070 1
37135 39651 1
37135 46765 1
37135 47928 1
37135 48161 1
39070 36754 1
39070 36767 1
39070 37135 1
39070 39651 1
39070 46765 1
39070 48161 1
46765 36754 1
46765 36767 1
46765 37135 1
46765 39070 1
46765 39651 1
46765 48161 1
48161 36754 1
48161 36767 1
48161 37135 1
48161 39070 1
48161 39651 1
48161 46765 1
23105 34317 1
23105 37225 1
23105 40228 1
23105 51940 1
37225 17011 1
37225 23105 1
37225 24698 1
37225 29089 2
37225 38694 1
37225 40228 1
37225 41539 1
37225 43392 1
37225 51940 1
51940 23105 1
51940 24817 1
51940 31434 1
51940 37225 1
51940 40228 1
51940 44540 1
6542 27756 1
6542 40480 1
18401 16980 1
18401 31965 1
18401 40480 1
18401 40975 1
27000 40480 1
27756 6542 1
27756 40480 1
10534 21332 1
10534 25225 1
10534 41889 1
10534 42357 1
10534 42365 1
10534 43272 1
10534 43379 1
10534 47567 1
10534 54119 1
10534 59294 1
15891 23767 1
15891 28612 1
15891 33785 1
15891 34307 1
15891 42357 1
15891 47938 1
17011 29072 1
17011 29089 1
17011 37225 1
17011 42357 1
17011 43069 1
17011 43392 1
23767 15891 1
23767 33785 1
23767 34307 1
23767 42357 1
24447 27040 1
24447 29379 1
24447 31957 1
24447 32712 1
24447 38489 1
24447 40375 1
24447 42357 1
27198 30483 1
27198 40155 1
27198 42357 1
27198 44406 1
27198 52653 1
27198 66529 1
28187 30445 1
28187 33624 1
28187 35887 1
28187 36787 1
28187 38233 1
28187 38235 1
28187 42357 1
28187 44024 1
28187 44860 1
28187 47928 1
28187 48036 1
28187 53007 1
29379 24447 1
29379 31957 1
29379 32712 1
29379 38489 1
29379 40375 1
29379 42357 1
30445 28187 1
30445 29337 1
30445 33624 1
30445 34777 1
30445 35887 1
30445 36787 1
30445 38233 1
30445 38235 1
30445 38697 1
30445 39484 1
30445 42357 1
30445 44024 3
30445 44640 1
30445 44860 1
30445 45363 1
30445 47241 1
30445 47928 1
30445 48036 1
30445 50916 1
30445 53007 1
30445 55428 1
30445 72623 1
30445 75436 1
30445 79173 1
30445 125515 1
30824 27236 1
30824 38233 1
30824 42357 1
30824 44406 1
30824 44489 1
30824 52558 2
31957 24447 1
31957 29379 1
31957 32712 1
31957 38489 1
31957 40375 1
31957 42357 1
31957 44541 1
32712 24447 1
32712 29379 1
32712 30351 1
32712 31957 1
32712 38489 1
32712 40375 1
32712 42357 1
32712 46469 1
33624 28187 1
33624 30445 1
33624 35887 1
33624 36787 1
33624 38233 1
33624 38235 1
33624 42357 1
33624 44024 1
33624 44860 1
33624 47928 1
33624 48036 1
33624 53007 1
33785 15891 1
33785 23767 1
33785 34307 1
33785 42357 1
35887 28187 1
35887 30445 1
35887 33624 1
35887 35891 1
35887 36787 1
35887 38233 1
35887 38235 1
35887 42357 1
35887 44024 1
35887 44860 1
35887 47928 1
35887 48036 1
35887 53007 1
35887 61001 1
36787 28187 1
36787 30445 1
36787 33624 1
36787 35887 1
36787 38233 1
36787 38235 1
36787 42357 1
36787 44024 1
36787 44860 1
36787 47928 1
36787 48036 1
36787 52664 1
36787 53007 1
38233 28187 1
38233 30445 1
38233 30824 1
38233 33624 1
38233 35887 1
38233 36787 1
38233 38235 1
38233 42357 1
38233 44024 1
38233 44640 1
38233 44860 1
38233 47928 1
38233 48036 1
38233 53007 1
38235 28187 1
38235 30445 1
38235 33624 1
38235 35887 1
38235 36787 1
38235 38233 1
38235 42357 1
38235 44024 1
38235 44860 1
38235 47928 1
38235 48036 1
38235 53007 1
38489 24447 1
38489 26094 1
38489 29072 1
38489 29379 1
38489 31957 1
38489 32712 1
38489 39245 1
38489 40375 1
38489 42357 1
38489 42953 1
38489 46439 1
41889 10534 1
41889 42357 1
41889 54119 1
41889 59294 1
42953 26094 1
42953 38489 1
42953 39245 1
42953 42357 1
43069 17011 1
43069 33883 1
43069 42357 1
43069 43907 1
44024 28129 1
44024 28187 1
44024 30445 3
44024 33624 1
44024 35887 1
44024 36787 1
44024 38233 1
44024 38235 1
44024 38697 1
44024 42357 1
44024 44488 1
44024 44860 1
44024 47928 1
44024 48036 1
44024 53007 1
44406 16658 1
44406 27198 1
44406 30483 1
44406 30824 1
44406 40155 1
44406 42357 1
44406 44640 1
44406 52653 1
44406 66529 1
44489 30824 1
44489 42357 1
44860 28187 1
44860 30445 1
44860 33624 1
44860 35887 1
44860 36787 1
44860 38233 1
44860 38235 1
44860 42357 1
44860 44024 1
44860 47928 1
44860 48036 1
44860 53007 1
47928 27175 1
47928 28187 1
47928 30445 1
47928 31437 1
47928 33624 1
47928 35887 1
47928 36787 1
47928 37135 1
47928 37977 1
47928 38233 1
47928 38235 1
47928 39574 1
47928 42357 1
47928 44024 1
47928 44860 1
47928 47567 1
47928 48036 1
47928 53007 1
48036 28187 1
48036 30445 1
48036 33624 1
48036 35887 1
48036 36787 1
48036 38233 1
48036 38235 1
48036 42357 1
48036 44024 1
48036 44860 1
48036 47928 1
48036 52624 1
48036 53007 1
52558 30824 2
52558 42357 1
52653 27198 1
52653 30483 1
52653 40155 1
52653 42357 1
52653 44406 1
52653 53989 1
52653 66529 1
53007 28187 1
53007 30445 1
53007 33624 1
53007 35887 1
53007 36787 1
53007 38233 1
53007 38235 1
53007 42357 1
53007 44024 1
53007 44860 1
53007 47928 1
53007 48036 1
54119 10534 1
54119 41889 1
54119 42357 1
54119 59294 1
66529 27198 1
66529 30483 1
66529 40155 1
66529 42357 1
66529 44406 1
66529 52653 1
27879 29072 1
27879 32200 1
27879 36582 1
27879 36592 1
27879 36593 1
27879 36598 1
27879 36599 1
27879 37751 1
27879 42361 1
27879 43731 1
27879 43732 1
27879 43733 1
27879 43734 1
27879 43735 1
27879 44059 1
27879 50072 1
27879 56148 1
29072 10249 1
29072 17011 1
29072 19156 1
29072 26561 1
29072 27879 1
29072 32200 1
29072 36582 1
29072 36592 1
29072 36593 1
29072 36598 1
29072 36599 1
29072 37751 1
29072 38489 1
29072 42361 1
29072 43731 1
29072 43732 1
29072 43733 1
29072 43734 1
29072 43735 1
29072 44059 1
29072 56148 1
32200 27879 1
32200 29072 1
32200 36582 1
32200 36592 1
32200 36593 1
32200 36598 1
32200 36599 1
32200 37751 1
32200 42361 1
32200 43731 1
32200 43732 1
32200 43733 1
32200 43734 1
32200 43735 1
32200 44059 1
32200 56148 1
36582 27879 1
36582 29072 1
36582 32200 1
36582 36592 1
36582 36593 1
36582 36598 1
36582 36599 1
36582 37751 1
36582 42361 1
36582 43731 1
36582 43732 1
36582 43733 1
36582 43734 1
36582 43735 1
36582 44059 1
36582 56148 1
36592 27879 1
36592 29072 1
36592 32200 1
36592 36582 1
36592 36593 1
36592 36598 1
36592 36599 1
36592 37751 1
36592 42361 1
36592 43731 1
36592 43732 1
36592 43733 1
36592 43734 1
36592 43735 1
36592 44059 1
36592 56148 1
36593 27879 1
36593 29072 1
36593 32200 1
36593 36582 1
36593 36592 1
36593 36598 1
36593 36599 1
36593 37751 1
36593 42361 1
36593 43731 1
36593 43732 1
36593 43733 1
36593 43734 1
36593 43735 1
36593 44059 1
36593 56148 1
36598 27879 1
36598 29072 1
36598 32200 1
36598 36582 1
36598 36592 1
36598 36593 1
36598 36599 1
36598 37751 1
36598 42361 1
36598 43731 1
36598 43732 1
36598 43733 1
36598 43734 1
36598 43735 1
36598 44059 1
36598 56148 1
36599 27879 1
36599 29072 1
36599 32200 1
36599 36582 1
36599 36592 1
36599 36593 1
36599 36598 1
36599 37751 1
36599 42361 1
36599 43731 1
36599 43732 1
36599 43733 1
36599 43734 1
36599 43735 1
36599 44059 1
36599 56148 1
37751 27879 1
37751 29072 1
37751 32200 1
37751 36582 1
37751 36592 1
37751 36593 1
37751 36598 1
37751 36599 1
37751 42361 1
37751 43731 1
37751 43732 1
37751 43733 1
37751 43734 1
37751 43735 1
37751 44059 1
37751 56148 1
39349 42361 1
39349 45607 1
39349 49506 1
39349 50632 1
39349 60374 1
39349 64487 1
39349 76767 1
42093 42361 1
42093 43096 1
42093 46780 1
42093 47590 1
42093 56670 1
43096 42093 1
43096 42361 1
43096 46780 1
43096 47590 1
43096 56670 1
43731 27879 1
43731 29072 1
43731 32200 1
43731 36582 1
43731 36592 1
43731 36593 1
43731 36598 1
43731 36599 1
43731 37751 1
43731 42361 1
43731 43732 1
43731 43733 1
43731 43734 1
43731 43735 1
43731 44059 1
43731 56148 1
43732 27879 1
43732 29072 1
43732 32200 1
43732 36582 1
43732 36592 1
43732 36593 1
43732 36598 1
43732 36599 1
43732 37751 1
43732 42361 1
43732 43731 1
43732 43733 1
43732 43734 1
43732 43735 1
43732 44059 1
43732 56148 1
43733 27879 1
43733 29072 1
43733 32200 1
43733 36582 1
43733 36584 1
43733 36592 1
43733 36593 1
43733 36598 1
43733 36599 1
43733 37751 1
43733 38464 1
43733 38465 1
43733 42361 1
43733 43731 1
43733 43732 1
43733 43734 1
43733 43735 1
43733 44059 1
43733 56148 1
43734 27879 1
43734 29072 1
43734 32200 1
43734 36582 1
43734 36592 1
43734 36593 1
43734 36598 1
43734 36599 1
43734 37751 1
43734 42361 1
43734 43731 1
43734 43732 1
43734 43733 1
43734 43735 1
43734 44059 1
43734 56148 1
43735 27879 1
43735 29072 1
43735 32200 1
43735 36582 1
43735 36592 1
43735 36593 1
43735 36598 1
43735 36599 1
43735 37751 1
43735 42361 1
43735 43731 1
43735 43732 1
43735 43733 1
43735 43734 1
43735 44059 1
43735 56148 1
44059 27879 1
44059 29072 1
44059 32200 1
44059 36582 1
44059 36592 1
44059 36593 1
44059 36598 1
44059 36599 1
44059 37751 1
44059 42361 1
44059 43731 1
44059 43732 1
44059 43733 1
44059 43734 1
44059 43735 1
44059 44058 1
44059 56148 1
47590 42093 1
47590 42361 1
47590 43096 1
47590 46780 1
47590 56670 1
49506 39349 1
49506 42361 1
49506 50632 1
49506 64487 1
49506 76767 1
50632 39349 1
50632 42361 1
50632 49506 1
50632 64487 1
50632 76767 1
56148 27879 1
56148 29072 1
56148 32200 1
56148 36582 1
56148 36592 1
56148 36593 1
56148 36598 1
56148 36599 1
56148 37751 1
56148 42361 1
56148 43731 1
56148 43732 1
56148 43733 1
56148 43734 1
56148 43735 1
56148 44059 1
56670 42093 1
56670 42361 1
56670 43096 1
56670 46780 1
56670 47590 1
64487 39349 1
64487 42361 1
64487 49506 1
64487 50632 1
64487 76767 1
76767 39349 1
76767 42361 1
76767 49506 1
76767 50632 1
76767 64487 1
21332 10534 1
21332 25225 1
21332 42365 1
21332 43105 1
21332 47567 1
25225 10534 1
25225 21332 1
25225 42365 1
25225 47567 1
47567 10534 1
47567 21332 1
47567 25225 1
47567 40138 1
47567 42365 1
47567 42646 1
47567 47928 1
10249 29072 1
10249 42645 1
21317 23700 1
21317 28099 1
21317 28991 1
21317 30841 1
21317 31423 1
21317 36300 1
21317 39245 1
21317 40181 1
21317 40434 1
21317 40567 1
21317 42645 1
21317 44174 1
21317 51941 1
23700 21317 1
23700 28099 2
23700 28991 1
23700 30841 1
23700 31423 1
23700 36300 1
23700 39245 1
23700 40181 1
23700 40434 1
23700 40567 1
23700 42645 1
23700 44174 1
23700 51941 1
25270 27498 1
25270 38697 1
25270 42634 1
25270 42645 1
27236 30824 1
27236 39260 1
27236 40375 1
27236 40723 1
27236 41539 1
27236 42633 1
27236 42645 1
27236 42646 1
27236 43105 1
27236 43686 1
27236 46439 1
27498 25270 1
27498 38694 1
27498 38697 1
27498 42634 1
27498 42645 1
28099 21317 1
28099 23700 2
28099 28991 1
28099 30841 1
28099 31423 1
28099 36300 1
28099 39245 1
28099 40181 1
28099 40434 1
28099 40567 1
28099 42645 1
28099 44174 1
28099 51941 1
28129 29310 1
28129 29803 1
28129 30480 1
28129 36283 1
28129 38694 1
28129 42645 1
28129 44024 1
28129 44488 1
28129 48431 1
28129 53989 2
28991 21317 1
28991 23700 1
28991 28099 1
28991 30841 1
28991 31423 1
28991 36300 1
28991 39245 1
28991 40181 1
28991 40434 1
28991 40567 1
28991 42645 1
28991 44174 1
28991 51941 1
29942 42645 1
30841 21317 1
30841 23700 1
30841 27052 1
30841 28099 1
30841 28796 1
30841 28991 1
30841 29089 1
30841 31423 1
30841 33688 1
30841 34777 1
30841 35587 1
30841 36300 1
30841 39245 1
30841 40181 1
30841 40434 1
30841 40567 1
30841 42645 1
30841 43701 1
30841 44174 1
30841 49070 1
30841 51941 1
31423 21317 1
31423 23700 1
31423 28099 1
31423 28991 1
31423 30841 1
31423 36300 1
31423 39245 1
31423 40181 1
31423 40434 1
31423 40567 1
31423 42645 1
31423 44174 1
31423 51941 1
34731 34851 1
34731 42645 1
34851 34731 1
34851 42645 1
36300 21317 1
36300 23700 1
36300 28099 1
36300 28991 1
36300 30841 1
36300 31423 1
36300 39245 1
36300 40181 1
36300 40434 1
36300 40567 1
36300 42645 1
36300 44174 1
36300 51941 1
38694 24698 1
38694 27498 1
38694 28129 1
38694 29089 1
38694 37225 1
38694 41232 1
38694 42645 1
38694 46688 1
38694 59381 1
38697 25270 1
38697 27498 1
38697 30445 1
38697 42634 1
38697 42645 1
38697 44024 1
38697 53989 1
39245 21317 1
39245 23700 1
39245 26094 1
39245 28099 1
39245 28991 1
39245 30841 1
39245 31423 1
39245 36300 1
39245 38489 1
39245 40181 1
39245 40434 1
39245 40567 1
39245 42645 1
39245 42953 1
39245 44174 1
39245 51941 1
40181 21317 1
40181 23700 1
40181 28099 1
40181 28991 1
40181 30841 1
40181 31423 1
40181 36300 1
40181 39245 1
40181 40434 1
40181 40567 1
40181 42645 1
40181 44174 1
40181 51941 1
40434 21317 1
40434 23700 1
40434 28099 1
40434 28991 1
40434 30841 1
40434 31423 1
40434 36300 1
40434 39245 1
40434 40181 1
40434 40567 1
40434 42645 1
40434 44174 1
40434 51941 1
40567 21317 1
40567 23700 1
40567 28099 1
40567 28991 1
40567 30841 1
40567 31423 1
40567 36300 1
40567 39245 1
40567 40181 1
40567 40434 1
40567 42645 1
40567 44174 1
40567 51941 1
40723 27236 1
40723 39260 1
40723 40375 1
40723 41539 1
40723 42633 1
40723 42645 1
40723 42646 1
40723 43105 1
40723 43387 1
40723 43686 1
40723 46439 1
41539 27236 1
41539 37225 1
41539 39260 1
41539 40375 1
41539 40723 1
41539 42633 1
41539 42645 1
41539 42646 1
41539 43105 1
41539 43686 1
41539 46439 1
42633 23858 1
42633 27236 1
42633 27816 1
42633 32374 1
42633 34711 1
42633 39260 1
42633 40375 2
42633 40723 1
42633 41539 1
42633 42645 1
42633 42646 2
42633 43105 1
42633 43272 1
42633 43686 1
42633 46439 1
42633 53989 1
42646 25771 1
42646 27236 1
42646 39260 1
42646 40375 4
42646 40723 1
42646 41539 1
42646 42633 2
42646 42645 1
42646 43105 1
42646 43272 1
42646 43686 1
42646 46439 1
42646 47567 1
42646 49411 1
43105 21332 1
43105 27236 1
43105 39260 1
43105 40375 1
43105 40723 1
43105 41539 1
43105 42633 1
43105 42645 1
43105 42646 1
43105 43686 1
43105 46439 1
43686 1775 1
43686 21462 1
43686 25771 1
43686 27236 1
43686 35587 1
43686 36753 1
43686 39260 1
43686 40375 1
43686 40723 1
43686 41539 1
43686 42633 1
43686 42634 1
43686 42644 1
43686 42645 1
43686 42646 1
43686 43105 1
43686 43367 1
43686 43387 1
43686 43870 1
43686 44422 1
43686 46439 1
43686 49086 1
43686 49654 1
43686 53989 1
43686 56803 1
44174 21317 1
44174 23700 1
44174 28099 1
44174 28991 1
44174 30841 1
44174 31423 1
44174 36300 1
44174 39245 1
44174 40181 1
44174 40434 1
44174 40567 1
44174 42645 1
44174 51941 1
46439 22716 1
46439 27236 1
46439 38489 1
46439 39260 1
46439 40375 1
46439 40723 1
46439 41539 1
46439 42633 1
46439 42645 1
46439 42646 1
46439 43105 1
46439 43686 1
46688 38694 1
46688 40981 1
46688 42645 1
46688 59381 1
48431 28129 1
48431 29089 1
48431 30480 1
48431 30483 3
48431 39260 1
48431 42645 1
48431 45746 1
48431 48644 1
49059 25771 1
49059 41232 1
49059 42645 1
49059 49086 1
51941 21317 1
51941 23700 1
51941 28099 1
51941 28991 1
51941 30841 1
51941 31423 1
51941 36300 1
51941 39245 1
51941 40181 1
51941 40434 1
51941 40567 1
51941 42645 1
51941 44174 1
59381 38694 1
59381 42645 1
59381 46688 1
59381 61600 1
25872 31688 1
25872 43938 1
31688 25872 1
31688 26122 1
31688 43938 1
31688 53615 1
23874 8873 1
23874 17672 1
23874 28611 1
23874 36754 1
23874 43465 1
23874 44085 1
23874 44381 1
23874 44422 1
23874 46043 1
23874 46469 1
23874 48060 1
43367 43686 1
43367 44422 1
43367 46055 2
43367 46469 1
43465 23874 1
43465 44085 1
43465 44422 1
43465 46043 1
43465 46469 1
44085 23874 1
44085 40724 1
44085 43465 1
44085 44105 1
44085 44371 1
44085 44422 1
44085 46043 1
44085 46469 1
44085 49206 1
46043 23874 1
46043 43465 1
46043 44085 1
46043 44422 1
46043 46469 1
46469 16672 1
46469 19156 1
46469 23874 1
46469 32712 1
46469 43367 1
46469 43465 1
46469 44085 1
46469 44422 1
46469 46043 1
28611 23874 1
28611 28612 1
28611 28946 1
28611 31421 1
28611 37467 1
28611 44423 1
28611 47938 1
28611 48644 1
28612 15891 1
28612 28148 1
28612 28611 1
28612 28613 5
28612 28946 1
28612 31421 1
28612 37467 1
28612 38807 1
28612 44423 1
28612 44488 1
28612 47938 2
31421 28611 1
31421 28612 1
31421 28946 1
31421 37467 1
31421 40911 1
31421 44035 1
31421 44423 1
31421 47938 2
37467 28611 1
37467 28612 1
37467 28946 1
37467 31421 1
37467 44423 1
37467 47938 1
47938 15891 1
47938 20703 1
47938 28611 1
47938 28612 2
47938 28946 1
47938 31421 2
47938 37467 1
47938 40911 1
47938 44035 1
47938 44423 1
39484 30445 1
39484 44640 1
39484 45363 1
39484 50916 1
39484 55428 1
39484 56854 1
39484 72623 1
39484 75436 1
39484 79173 1
39484 125515 1
44640 30445 1
44640 38233 1
44640 39484 1
44640 44406 1
44640 45363 1
44640 50916 1
44640 51335 1
44640 55428 1
44640 72623 1
44640 75436 1
44640 79173 1
44640 125515 1
50916 30445 1
50916 39484 1
50916 44640 1
50916 45363 1
50916 55428 1
50916 72623 1
50916 75436 1
50916 79173 1
50916 125515 1
55428 30445 1
55428 39484 1
55428 44640 1
55428 45363 1
55428 50916 1
55428 52714 1
55428 72623 1
55428 75436 1
55428 79173 1
55428 125515 1
72623 30445 1
72623 39484 1
72623 44640 1
72623 45363 1
72623 50916 1
72623 55428 1
72623 75436 1
72623 79173 1
72623 125515 1
75436 30445 1
75436 39484 1
75436 44640 1
75436 45363 1
75436 50916 1
75436 55428 1
75436 72623 1
75436 79173 1
75436 125515 1
79173 30445 1
79173 39484 1
79173 44640 1
79173 45363 1
79173 50916 1
79173 55428 1
79173 72623 1
79173 75436 1
79173 125515 1
125515 30445 1
125515 39484 1
125515 44640 1
125515 45363 1
125515 50916 1
125515 55428 1
125515 72623 1
125515 75436 1
125515 79173 1
28525 46324 1
28525 59294 1
28525 59710 1
33137 59294 1
33137 59295 1
33137 60695 1
59295 33137 1
59295 59294 1
59295 60695 1
60695 33137 1
60695 59294 1
60695 59295 1
31434 51940 1
31434 84797 1
31434 85100 1
31434 122395 1
84797 31434 1
84797 85100 1
84797 122395 1
85100 31434 1
85100 84797 1
85100 122395 1
45328 29979 1
45328 45877 1
45328 46722 1
45328 49182 1
45328 49184 1
45328 49185 1
45328 50262 1
45328 53901 1
45877 29979 1
45877 45328 1
45877 46722 1
45877 49182 1
45877 49184 1
45877 49185 1
45877 50262 1
45877 53901 1
46722 29979 1
46722 45328 1
46722 45877 1
46722 49182 1
46722 49184 1
46722 49185 1
46722 50262 1
46722 53901 1
49182 29979 1
49182 45328 1
49182 45877 1
49182 46722 1
49182 49184 1
49182 49185 1
49182 50262 1
49182 53901 1
49184 29979 1
49184 45328 1
49184 45877 1
49184 46722 1
49184 49182 1
49184 49185 1
49184 50262 1
49184 53901 1
49185 29979 1
49185 45328 1
49185 45877 1
49185 46722 1
49185 49182 1
49185 49184 1
49185 50262 1
49185 53901 1
50262 29979 1
50262 45328 1
50262 45877 1
50262 46722 1
50262 49182 1
50262 49184 1
50262 49185 1
50262 53901 1
53901 29979 1
53901 45328 1
53901 45877 1
53901 46722 1
53901 49182 1
53901 49184 1
53901 49185 1
53901 50262 1
33302 33328 3
33302 33329 1
33329 33302 1
33329 33328 1
21462 35587 1
21462 36753 1
21462 42644 1
21462 43387 1
21462 43686 1
21462 43870 1
21462 49086 1
21462 49654 1
21462 53989 1
21462 56803 1
27052 27253 1
27052 28796 1
27052 29089 1
27052 30841 1
27052 33688 1
27052 34777 1
27052 35587 1
27052 48644 1
27052 49070 1
28177 31961 2
28177 35587 1
28177 39843 1
28177 45264 1
28177 46324 2
28177 46766 1
28177 47937 1
28177 48272 1
28177 48442 1
28177 60008 1
28796 27052 1
28796 29089 1
28796 30841 1
28796 33688 1
28796 34777 1
28796 35587 1
28796 49070 1
31961 21088 1
31961 28177 2
31961 35587 1
31961 39843 1
31961 45264 1
31961 46324 1
31961 46766 1
31961 47937 1
31961 48272 1
31961 48442 1
31961 60008 1
33688 8103 1
33688 27052 1
33688 28796 1
33688 29089 1
33688 30154 1
33688 30841 1
33688 34777 1
33688 35587 1
33688 42634 1
33688 43436 1
33688 49070 1
34777 27052 1
34777 28796 1
34777 29089 1
34777 30445 1
34777 30841 1
34777 33688 1
34777 35587 1
34777 42639 1
34777 49070 1
36753 21462 1
36753 35587 1
36753 42644 1
36753 43387 1
36753 43686 1
36753 43870 1
36753 49086 1
36753 49654 1
36753 53989 1
36753 56803 1
39843 28177 1
39843 31961 1
39843 35587 1
39843 45264 1
39843 46324 2
39843 46766 1
39843 47937 1
39843 48272 1
39843 48442 1
39843 60008 1
42644 21462 1
42644 35587 1
42644 36753 1
42644 42634 1
42644 43387 1
42644 43686 1
42644 43870 1
42644 49070 1
42644 49086 1
42644 49654 1
42644 53989 1
42644 56803 1
43387 21462 1
43387 34389 1
43387 35587 1
43387 36753 1
43387 40723 1
43387 42644 1
43387 43686 1
43387 43870 1
43387 49086 1
43387 49654 1
43387 53989 1
43387 56803 1
43870 21462 1
43870 35587 1
43870 36753 1
43870 42644 1
43870 43387 1
43870 43686 1
43870 49086 1
43870 49654 1
43870 53989 1
43870 56803 1
45264 28177 1
45264 31961 1
45264 35587 1
45264 39843 1
45264 46324 1
45264 46766 1
45264 47937 1
45264 48272 1
45264 48442 1
45264 60008 1
46324 28177 2
46324 28525 1
46324 31961 1
46324 35587 1
46324 39843 2
46324 45264 1
46324 46766 1
46324 47937 1
46324 48272 1
46324 48442 1
46324 60008 1
46766 28177 1
46766 31961 1
46766 35587 1
46766 39843 1
46766 45264 1
46766 46324 1
46766 47937 1
46766 48272 1
46766 48442 1
46766 60008 1
47937 28177 1
47937 31961 1
47937 35587 1
47937 39843 1
47937 45264 1
47937 46324 1
47937 46766 1
47937 48272 1
47937 48442 1
47937 60008 1
48272 28177 1
48272 31961 1
48272 35587 1
48272 39843 1
48272 45264 1
48272 46324 1
48272 46766 1
48272 47937 1
48272 48442 1
48272 60008 1
48442 28177 1
48442 31961 1
48442 35587 1
48442 39843 1
48442 45264 1
48442 46324 1
48442 46766 1
48442 47937 1
48442 48272 1
48442 60008 1
49070 23075 1
49070 27052 1
49070 28796 1
49070 29089 1
49070 30841 1
49070 33688 1
49070 34777 1
49070 35587 1
49070 42634 1
49070 42644 1
49086 21462 1
49086 35587 1
49086 36753 1
49086 42644 1
49086 43387 1
49086 43686 1
49086 43870 1
49086 49059 1
49086 49654 1
49086 53989 1
49086 56803 1
49654 21462 1
49654 35587 1
49654 36753 1
49654 39072 1
49654 42644 1
49654 43387 1
49654 43686 1
49654 43870 1
49654 49086 1
49654 53989 1
49654 56803 2
53989 21462 1
53989 28129 2
53989 35587 1
53989 36283 1
53989 36753 1
53989 38697 1
53989 42633 1
53989 42644 1
53989 43387 1
53989 43686 1
53989 43870 1
53989 49086 1
53989 49654 1
53989 52653 1
53989 56803 1
56803 21462 1
56803 35587 1
56803 36753 1
56803 42644 1
56803 43387 1
56803 43686 1
56803 43870 1
56803 49086 1
56803 49654 2
56803 53989 1
60008 28177 1
60008 31961 1
60008 35587 1
60008 39843 1
60008 45264 1
60008 46324 1
60008 46766 1
60008 47937 1
60008 48272 1
60008 48442 1
52609 36528 1
52609 52664 1
52609 53209 1
52664 36528 1
52664 36787 1
52664 52609 1
52664 53209 1
53209 36528 1
53209 41542 1
53209 52609 1
53209 52664 1
31965 18401 1
31965 36370 1
31965 39536 1
31965 40577 1
31965 41025 1
31965 43438 1
31965 43514 1
31965 47571 1
31965 49763 1
31965 50902 1
31965 55409 1
31965 87361 1
36370 31965 1
36370 39536 1
36370 40577 1
36370 41025 1
36370 43438 1
36370 43514 1
36370 47571 1
36370 49763 1
36370 50902 1
36370 55409 1
36370 87361 1
39536 31965 1
39536 36370 1
39536 40577 1
39536 41025 1
39536 43438 1
39536 43514 1
39536 47571 1
39536 49763 1
39536 50902 1
39536 55409 1
39536 87361 1
43438 31965 1
43438 36370 1
43438 39536 1
43438 40577 1
43438 41025 1
43438 43514 1
43438 47571 1
43438 49763 1
43438 50902 1
43438 55409 1
43438 87361 1
43514 31965 1
43514 36370 1
43514 39536 1
43514 40577 1
43514 41025 1
43514 43438 1
43514 43533 1
43514 47571 1
43514 49763 1
43514 50902 1
43514 55409 1
43514 87361 1
47571 31965 1
47571 34052 1
47571 36370 1
47571 39536 1
47571 40534 1
47571 40577 1
47571 41025 1
47571 42634 1
47571 43438 1
47571 43514 1
47571 43671 1
47571 49763 1
47571 50902 1
47571 53753 1
47571 53979 1
47571 55409 1
47571 87361 1
49763 31965 1
49763 36370 1
49763 39536 1
49763 40577 1
49763 41025 1
49763 43438 1
49763 43514 1
49763 47571 1
49763 50902 1
49763 55409 1
49763 87361 1
50902 31965 1
50902 36370 1
50902 39536 1
50902 40577 1
50902 41025 1
50902 43438 1
50902 43514 1
50902 47571 1
50902 49763 1
50902 55409 1
50902 87361 1
55409 31965 1
55409 36370 1
55409 39536 1
55409 40577 1
55409 40959 1
55409 41025 1
55409 43438 1
55409 43514 1
55409 47571 1
55409 48644 1
55409 49763 1
55409 50902 1
55409 87361 1
87361 31965 1
87361 36370 1
87361 39536 1
87361 40577 1
87361 41025 1
87361 43438 1
87361 43514 1
87361 47571 1
87361 49763 1
87361 50902 1
87361 55409 1
18620 30522 1
18620 30528 1
18620 30551 1
18620 36980 1
18620 42908 1
18620 43304 1
18620 45334 1
18620 46602 1
18620 51935 1
18620 51936 1
18620 51937 1
18620 55095 1
18620 55849 1
18620 56728 1
18620 58024 1
18620 62170 1
18620 71892 1
18620 74614 1
18620 92667 1
18620 112854 1
30522 18620 1
30522 30528 1
30522 30551 1
30522 36980 1
30522 42908 1
30522 43304 1
30522 45334 1
30522 46602 1
30522 51935 1
30522 51936 1
30522 51937 1
30522 55095 1
30522 55849 1
30522 58024 1
30522 62170 1
30522 71892 1
30522 74614 1
30522 92667 1
30522 112854 1
30528 18620 1
30528 30522 1
30528 30551 1
30528 36980 1
30528 42908 1
30528 43304 1
30528 45334 1
30528 46602 1
30528 51935 1
30528 51936 1
30528 51937 1
30528 55095 1
30528 55849 1
30528 58024 1
30528 62170 1
30528 71892 1
30528 74614 1
30528 92667 1
30528 112854 1
30551 18620 1
30551 30522 1
30551 30528 1
30551 33554 1
30551 36980 1
30551 42908 1
30551 43304 1
30551 45334 1
30551 46602 1
30551 51935 1
30551 51936 1
30551 51937 1
30551 55095 1
30551 55849 1
30551 58024 1
30551 62170 1
30551 71892 1
30551 74614 1
30551 92667 1
30551 112854 1
36980 18620 1
36980 30522 1
36980 30528 1
36980 30551 1
36980 42908 1
36980 43304 1
36980 45334 1
36980 46602 1
36980 51935 1
36980 51936 1
36980 51937 1
36980 55095 1
36980 55849 1
36980 58024 1
36980 62170 1
36980 71892 1
36980 74614 1
36980 92667 1
36980 112854 1
36982 45334 1
36982 49239 1
36982 62170 1
42908 18620 1
42908 30522 1
42908 30528 1
42908 30551 1
42908 36980 1
42908 43304 1
42908 45334 1
42908 46602 1
42908 51935 1
42908 51936 1
42908 51937 1
42908 55095 1
42908 55849 1
42908 58024 1
42908 62170 1
42908 71892 1
42908 74614 1
42908 92667 1
42908 112854 1
43304 18620 1
43304 30522 1
43304 30528 1
43304 30551 1
43304 36980 1
43304 42908 1
43304 45334 1
43304 46602 1
43304 51935 1
43304 51936 1
43304 51937 1
43304 55095 1
43304 55849 1
43304 58024 1
43304 62170 1
43304 71892 1
43304 74614 1
43304 92667 1
43304 112854 1
46602 18620 1
46602 30522 1
46602 30528 1
46602 30551 1
46602 36980 1
46602 42908 1
46602 43304 1
46602 45334 1
46602 51935 1
46602 51936 1
46602 51937 1
46602 55095 1
46602 55849 1
46602 58024 1
46602 62170 1
46602 71892 1
46602 74614 1
46602 92667 1
46602 112854 1
49239 36982 1
49239 45334 1
51935 18620 1
51935 30522 1
51935 30528 1
51935 30551 1
51935 36980 1
51935 42908 1
51935 43304 1
51935 45334 1
51935 46602 1
51935 51936 1
51935 51937 1
51935 55095 1
51935 55849 1
51935 58024 1
51935 62170 1
51935 71892 1
51935 74614 1
51935 92667 1
51935 112854 1
51936 18620 1
51936 30522 1
51936 30528 1
51936 30551 1
51936 36980 1
51936 42908 1
51936 43304 1
51936 45334 1
51936 46602 1
51936 51935 1
51936 51937 1
51936 55095 1
51936 55849 1
51936 58024 1
51936 62170 1
51936 71892 1
51936 74614 1
51936 92667 1
51936 112854 1
51937 18620 1
51937 30522 1
51937 30528 1
51937 30551 1
51937 36980 1
51937 42908 1
51937 43304 1
51937 45334 1
51937 46602 1
51937 51935 1
51937 51936 1
51937 55095 1
51937 55849 1
51937 58024 1
51937 62170 1
51937 71892 1
51937 74614 1
51937 92667 1
51937 112854 1
55095 18620 1
55095 30522 1
55095 30528 1
55095 30551 1
55095 36980 1
55095 42908 1
55095 43304 1
55095 45334 1
55095 46602 1
55095 51935 1
55095 51936 1
55095 51937 1
55095 55849 1
55095 58024 1
55095 62170 1
55095 71892 1
55095 74614 1
55095 92667 1
55095 112854 1
55849 18620 1
55849 30522 1
55849 30528 1
55849 30551 1
55849 36980 1
55849 42908 1
55849 43304 1
55849 45334 1
55849 46602 1
55849 51935 1
55849 51936 1
55849 51937 1
55849 55095 1
55849 58024 1
55849 62170 1
55849 71892 1
55849 74614 1
55849 92667 1
55849 112854 1
58024 18620 1
58024 30522 1
58024 30528 1
58024 30551 1
58024 36980 1
58024 42908 1
58024 43304 1
58024 45334 1
58024 46602 1
58024 51935 1
58024 51936 1
58024 51937 1
58024 55095 1
58024 55849 1
58024 62170 1
58024 71892 1
58024 74614 1
58024 92667 1
58024 112854 1
62170 18620 1
62170 30522 1
62170 30528 1
62170 30551 1
62170 36980 1
62170 36982 1
62170 42908 1
62170 43304 1
62170 45334 1
62170 46602 1
62170 51935 1
62170 51936 1
62170 51937 1
62170 55095 1
62170 55849 1
62170 58024 1
62170 71892 1
62170 74614 1
62170 92667 1
62170 112854 1
71892 18620 1
71892 30522 1
71892 30528 1
71892 30551 1
71892 36980 1
71892 42908 1
71892 43304 1
71892 45334 1
71892 46602 1
71892 51935 1
71892 51936 1
71892 51937 1
71892 55095 1
71892 55849 1
71892 58024 1
71892 62170 1
71892 74614 1
71892 92667 1
71892 112854 1
74614 18620 1
74614 30522 1
74614 30528 1
74614 30551 1
74614 36980 1
74614 42908 1
74614 43304 1
74614 45334 1
74614 46602 1
74614 51935 1
74614 51936 1
74614 51937 1
74614 55095 1
74614 55849 1
74614 58024 1
74614 62170 1
74614 71892 1
74614 92667 1
74614 112854 1
92667 18620 1
92667 30522 1
92667 30528 1
92667 30551 1
92667 36980 1
92667 42908 1
92667 43304 1
92667 45334 1
92667 46602 1
92667 51935 1
92667 51936 1
92667 51937 1
92667 55095 1
92667 55849 1
92667 58024 1
92667 62170 1
92667 71892 1
92667 74614 1
92667 112854 1
112854 18620 1
112854 30522 1
112854 30528 1
112854 30551 1
112854 36980 1
112854 42908 1
112854 43304 1
112854 45334 1
112854 46602 1
112854 51935 1
112854 51936 1
112854 51937 1
112854 55095 1
112854 55849 1
112854 58024 1
112854 62170 1
112854 71892 1
112854 74614 1
112854 92667 1
21859 42634 1
21859 46305 1
10118 6384 1
10118 20963 1
20963 6384 1
20963 10118 1
33338 16880 1
4116 22644 1
4116 117911 1
117911 4116 1
117911 22644 1
20480 23075 1
12201 19477 1
12201 31461 1
19477 12201 1
19477 31461 1
29303 24417 1
29303 36586 1
29303 40422 1
29303 40423 1
36586 24417 1
36586 29303 1
36586 40422 1
36586 40423 1
40422 24417 1
40422 29303 1
40422 36586 1
40422 40421 1
40422 40423 1
40423 24417 1
40423 29303 1
40423 36586 1
40423 40422 1
25323 30747 1
38944 1857 1
38944 21466 1
38944 21471 1
38944 30747 1
38944 36520 1
50614 51335 1
61212 43608 1
18651 16658 1
18651 30838 1
18651 38912 1
30838 16658 1
30838 18651 1
30838 38912 1
38912 16658 1
38912 18651 1
38912 30838 1
21365 30480 1
26719 31473 1
47059 32374 1
121595 40138 1
121595 40521 1
39824 40375 1
44753 40375 1
1778 24649 1
1778 42634 1
24649 1778 1
24649 42634 1
42373 28613 1
42373 32317 1
42373 44210 1
42373 53270 1
61559 44210 1
37980 43426 1
37980 49496 1
49496 37980 1
49496 43426 1
51801 60894 1
10965 17662 1
10965 22581 1
10965 31860 1
22581 10965 1
22581 17662 1
22581 31860 1
24265 17662 1
24265 30381 1
24265 31257 1
30381 17662 1
30381 24265 1
30381 31257 1
31257 17662 1
31257 24265 1
31257 30381 1
31860 10965 1
31860 17662 1
31860 22581 1
40481 27569 1
121948 27569 1
121948 121949 1
121948 125917 1
9462 30465 1
25089 30465 1
33394 30465 1
20386 33261 1
20386 38491 1
33261 20386 1
33261 25812 1
33261 33294 1
33261 38491 1
33261 40264 1
31570 13994 1
31570 43701 1
51878 17672 1
51878 63057 1
1733 1755 1
1733 1771 1
1733 1772 1
1733 1779 1
1733 1780 1
1733 25188 1
1733 37394 1
1733 39786 1
1733 44877 1
1747 1881 1
1747 25187 1
1747 25188 1
1747 25189 1
1747 41873 1
1755 1733 1
1755 1771 1
1755 1772 1
1755 1779 1
1755 1780 1
1755 25188 1
1755 37394 1
1755 39786 1
1755 44877 1
1771 1733 1
1771 1755 1
1771 1772 1
1771 1779 1
1771 1780 1
1771 25188 1
1771 37394 1
1771 39786 1
1771 44877 1
1772 1733 1
1772 1755 1
1772 1771 1
1772 1779 1
1772 1780 1
1772 25188 1
1772 37394 1
1772 39786 1
1772 44877 1
1779 1733 1
1779 1755 1
1779 1771 1
1779 1772 1
1779 1780 1
1779 25188 1
1779 37394 1
1779 39786 1
1779 44877 1
1780 1733 1
1780 1755 1
1780 1771 1
1780 1772 1
1780 1779 1
1780 25188 1
1780 37394 1
1780 39786 1
1780 44877 1
1881 1747 1
1881 25187 1
1881 25188 1
1881 25189 1
1881 41873 1
25187 1747 1
25187 1881 1
25187 25188 1
25187 25189 1
25187 41873 1
25189 1747 1
25189 1881 1
25189 25187 1
25189 25188 1
25189 41873 1
37394 1733 1
37394 1755 1
37394 1771 1
37394 1772 1
37394 1779 1
37394 1780 1
37394 25188 1
37394 30821 1
37394 38638 1
37394 39786 1
37394 44877 1
39786 1733 1
39786 1755 1
39786 1771 1
39786 1772 1
39786 1779 1
39786 1780 1
39786 25188 1
39786 37394 1
39786 44877 1
41873 1747 1
41873 1881 1
41873 25187 1
41873 25188 1
41873 25189 1
44877 1733 1
44877 1755 1
44877 1771 1
44877 1772 1
44877 1779 1
44877 1780 1
44877 25188 1
44877 37394 1
44877 39786 1
13689 27248 1
29403 27248 1
34876 27248 1
40908 38405 1
27175 39574 1
27175 47928 1
45312 40123 1
45312 46292 1
46292 40123 1
46292 45312 1
36186 41645 1
28600 43701 1
44588 43701 1
27474 30334 1
27474 43537 1
27474 46055 1
30334 27474 1
30334 43537 1
30334 46055 1
43537 27474 1
43537 30334 1
43537 46055 1
44100 46055 1
48779 46055 1
26899 51962 1
26899 122364 1
44500 44730 1
44500 51962 1
44500 52615 1
44730 44500 1
44730 51962 1
44730 52615 1
52615 44500 1
52615 44730 1
52615 51962 1
122364 26899 1
122364 51962 1
16975 52502 1
32317 31235 1
32317 42373 1
32317 53270 1
69436 66591 1
26595 42282 1
44756 16980 1
44757 16980 1
44757 44758 1
44758 16980 1
44758 44757 1
36362 19807 1
17807 25067 1
24698 29089 1
24698 37225 1
24698 38694 1
39637 30342 1
34052 40534 1
34052 43671 1
34052 47571 1
34052 53753 1
34052 53979 1
40534 34052 1
40534 43671 1
40534 47571 1
40534 53753 1
40534 53979 1
53753 34052 1
53753 40534 1
53753 43671 1
53753 47571 1
53753 53979 1
53979 34052 1
53979 40534 1
53979 43671 1
53979 47571 1
53979 53753 1
18660 40987 1
18660 44381 1
40987 18660 1
40987 44381 1
74008 115440 1
117527 115440 1
4048 13800 1
4048 15421 1
4048 18232 1
4048 44538 1
13800 4048 1
13800 15421 1
13800 18232 1
13800 44538 1
15421 4048 1
15421 13800 1
15421 18232 1
15421 44538 1
18232 4048 1
18232 13800 1
18232 15421 1
18232 44538 1
41971 44538 1
39218 31012 1
39218 39219 1
39219 31012 1
39219 39218 1
44037 34018 1
33294 25812 1
33294 33261 1
33294 40264 1
40264 25812 1
40264 33261 1
40264 33294 1
34317 23105 1
29337 30445 1
29337 44303 1
47241 30445 1
35891 35887 1
35891 61001 1
61001 35887 1
61001 35891 1
61001 49206 1
33883 43069 1
44488 28129 1
44488 28612 1
44488 44024 1
31437 47928 1
52624 48036 1
50072 27879 1
36584 38464 1
36584 38465 1
36584 43733 1
38464 36584 1
38464 38465 1
38464 43733 1
38465 36584 1
38465 38464 1
38465 43733 1
44058 44059 1
29803 28129 1
23858 27816 1
23858 42633 1
27816 23858 1
27816 42633 1
49411 42646 1
1775 43686 1
26122 31688 1
26122 53615 1
53615 26122 1
53615 31688 1
40724 30849 1
40724 41475 1
40724 44085 1
40724 44105 1
40724 44371 1
40724 49206 1
44105 40724 1
44105 41233 1
44105 44085 1
44105 44371 1
44105 49206 1
44371 40724 1
44371 44085 1
44371 44105 1
44371 49206 1
49206 40724 1
49206 44085 1
49206 44105 1
49206 44371 1
49206 61001 1
16672 46469 1
40911 31421 1
40911 44035 1
40911 47938 1
44035 31421 1
44035 40911 1
44035 47938 1
20703 47938 1
56854 39484 1
59710 28525 1
27253 17598 1
27253 27052 1
21088 31961 1
42639 34777 1
34389 43387 1
39072 49654 1
43533 43514 1
40959 55409 1
33554 30551 1
17598 27253 1
30849 40724 1
30849 41475 1
41475 30849 1
41475 40724 1
41233 44105 1
44303 29337 1
31235 32317 1
63057 51878 1
121949 121948 1
125917 40710 1
125917 121948 1
1857 21466 1
1857 21471 1
1857 36520 1
1857 38944 1
21466 1857 1
21466 21471 1
21466 36520 1
21466 38944 1
21471 1857 1
21471 21466 1
21471 36520 1
21471 38944 1
36520 1857 1
36520 21466 1
36520 21471 1
36520 38944 1
40421 40422 1
40710 125917 1
