22908 19827 1
19827 3398 1
19827 3701 1
19827 10730 1
19827 11422 1
19827 22908 1
19827 23955 1
19827 25507 1
19827 27034 1
19827 27145 1
19827 28370 1
19827 28371 1
19827 28372 1
19827 29208 1
3398 1095 1
3398 3701 1
3398 4122 1
3398 7197 1
3398 9605 1
3398 10105 1
3398 10730 1
3398 11422 1
3398 14053 1
3398 14254 1
3398 14975 1
3398 15180 1
3398 16373 1
3398 16670 1
3398 18933 1
3398 19066 1
3398 19827 1
3398 20426 1
3398 20534 1
3398 21299 1
3398 21823 1
3398 21920 1
3398 23666 1
3398 23955 1
3398 24431 1
3398 24436 1
3398 25157 1
3398 25342 1
3398 25479 1
3398 25503 1
3398 25507 1
3398 26251 1
3398 26413 1
3398 27034 1
3398 27145 1
3398 27256 1
3398 27457 1
3398 27745 1
3398 28070 1
3398 28261 1
3398 28297 1
3398 28370 1
3398 28371 1
3398 28372 1
3398 28587 1
3398 29208 1
3398 30138 1
3398 30283 1
3398 30388 1
3398 30883 1
3398 31016 1
3398 31020 1
3398 31160 1
3398 31161 1
3398 31177 1
3398 36522 1
3398 38783 1
3398 39256 1
3398 42016 1
3398 45401 1
3701 3398 1
3701 10730 1
3701 11422 1
3701 19827 1
3701 23955 1
3701 25507 1
3701 27034 1
3701 27145 1
3701 28370 1
3701 28371 1
3701 28372 1
3701 29208 1
10730 3398 1
10730 3701 1
10730 11422 1
10730 19827 1
10730 21290 1
10730 23955 1
10730 25507 1
10730 27034 1
10730 27145 1
10730 27745 1
10730 28370 1
10730 28371 1
10730 28372 1
10730 29208 1
10730 29717 1
10730 30087 1
10730 32438 1
10730 32633 1
11422 3398 1
11422 3701 1
11422 10730 1
11422 11564 1
11422 18321 1
11422 19182 1
11422 19827 1
11422 23955 1
11422 25507 1
11422 27034 1
11422 27145 1
11422 27970 1
11422 27972 1
11422 28370 1
11422 28371 1
11422 28372 1
11422 29082 1
11422 29208 1
11422 31940 1
11422 31942 1
11422 32241 1
11422 34605 1
11422 46306 1
23955 3398 1
23955 3701 1
23955 10730 1
23955 11422 1
23955 19827 1
23955 25507 1
23955 27034 1
23955 27145 1
23955 28370 1
23955 28371 1
23955 28372 1
23955 29208 1
25507 3398 1
25507 3701 1
25507 10730 1
25507 11422 1
25507 19827 1
25507 23955 1
25507 27034 1
25507 27145 1
25507 28370 1
25507 28371 1
25507 28372 1
25507 29208 1
27034 3398 1
27034 3701 1
27034 10730 1
27034 11422 1
27034 19827 1
27034 23955 1
27034 25507 1
27034 27145 1
27034 28370 1
27034 28371 1
27034 28372 1
27034 29208 1
27145 3398 1
27145 3701 1
27145 10730 1
27145 11422 1
27145 19827 1
27145 23955 1
27145 25212 1
27145 25507 1
27145 27034 1
27145 28146 1
27145 28370 1
27145 28371 1
27145 28372 1
27145 29208 1
27145 34774 1
27145 38710 1
27145 44717 1
27145 48729 1
27145 53005 1
28370 3398 1
28370 3701 1
28370 10730 1
28370 11422 1
28370 19827 1
28370 23955 1
28370 25507 1
28370 27034 1
28370 27145 1
28370 28371 1
28370 28372 1
28370 29208 1
28371 3398 1
28371 3701 1
28371 10730 1
28371 11422 1
28371 19827 1
28371 23955 1
28371 25507 1
28371 27034 1
28371 27145 1
28371 28370 1
28371 28372 1
28371 29208 1
28372 3398 1
28372 3701 1
28372 10730 1
28372 11422 1
28372 18396 1
28372 18402 1
28372 19827 1
28372 20519 1
28372 21108 1
28372 23667 1
28372 23955 1
28372 25507 1
28372 27034 1
28372 27145 1
28372 27449 2
28372 27454 1
28372 27932 2
28372 28370 1
28372 28371 1
28372 28736 1
28372 29208 1
28372 30087 1
28372 32190 1
28372 32439 1
28372 32524 1
28372 34976 1
28372 122060 1
29208 3398 1
29208 3701 1
29208 10730 1
29208 11422 1
29208 19827 1
29208 23955 1
29208 25507 1
29208 27034 1
29208 27145 1
29208 28370 1
29208 28371 1
29208 28372 1
1095 1106 1
1095 2044 1
1095 2145 1
1095 3398 1
1095 3817 1
1095 3820 1
1095 6521 1
1095 7217 1
1095 7557 1
1095 7576 1
1095 8325 1
1095 11533 1
1095 11591 1
1095 11610 1
1095 11694 1
1095 12374 1
1095 13561 1
1095 13923 1
1095 13965 1
1095 15628 1
1095 15861 1
1095 15874 1
1095 16357 1
1095 16660 1
1095 16725 1
1095 16776 1
1095 16824 1
1095 17285 1
1095 18013 1
1095 18445 1
1095 18450 1
1095 18831 1
1095 20123 1
1095 20378 1
1095 20463 1
1095 21190 1
1095 21299 1
1095 21560 1
1095 21920 1
1095 22124 2
1095 23545 1
1095 23801 1
1095 23855 1
1095 24823 1
1095 24982 1
1095 25157 1
1095 25408 1
1095 25965 1
1095 26419 1
1095 27071 1
1095 27096 1
1095 27160 1
1095 27188 1
1095 27256 1
1095 28261 1
1095 28831 1
1095 29153 1
1095 29376 1
1095 29405 1
1095 29745 1
1095 30138 1
1095 30283 1
1095 30454 1
1095 30812 1
1095 30857 1
1095 31020 1
1095 31160 1
1095 31161 1
1095 31424 1
1095 32593 1
1095 34770 1
1095 39696 1
1095 40516 1
1095 47152 1
1095 88668 1
4122 3398 1
4122 7197 1
4122 9605 1
4122 14975 1
4122 15180 1
4122 20426 1
4122 23666 1
4122 27457 1
4122 30883 1
4122 31177 1
4122 36522 1
4122 39256 1
4122 42016 1
7197 3398 1
7197 4122 1
7197 9605 1
7197 13714 1
7197 14975 1
7197 15180 1
7197 15874 1
7197 16455 1
7197 18396 1
7197 19163 1
7197 20426 1
7197 21133 1
7197 21829 1
7197 23114 1
7197 23666 1
7197 25404 1
7197 27160 1
7197 27457 1
7197 30090 2
7197 30883 1
7197 31025 1
7197 31177 1
7197 32129 1
7197 32193 1
7197 32395 1
7197 32587 1
7197 32592 1
7197 34948 1
7197 34974 1
7197 36522 1
7197 39149 1
7197 39256 1
7197 40977 1
7197 42016 1
9605 3398 1
9605 4122 1
9605 4625 1
9605 7197 1
9605 12959 1
9605 14400 1
9605 14975 1
9605 15180 1
9605 20426 1
9605 21653 1
9605 21838 1
9605 23114 1
9605 23666 1
9605 23951 1
9605 25149 1
9605 25573 1
9605 25778 1
9605 25893 1
9605 26587 1
9605 27457 1
9605 27820 1
9605 29484 1
9605 30883 1
9605 31177 1
9605 31224 1
9605 31917 1
9605 33407 1
9605 33950 1
9605 34079 1
9605 34362 1
9605 36522 1
9605 37245 1
9605 39256 1
9605 42016 1
9605 43447 1
9605 46061 1
9605 46442 1
9605 46866 1
10105 3398 1
10105 14254 1
10105 16238 1
10105 16254 1
10105 17844 1
10105 19432 1
10105 24431 1
10105 25479 1
10105 26251 1
10105 26413 1
10105 27597 1
10105 28070 1
10105 28208 1
10105 28587 1
10105 29587 1
10105 30388 1
10105 31016 1
10105 35287 1
10105 35297 1
14053 3398 1
14053 16373 1
14053 16670 1
14053 20534 1
14053 21286 1
14053 22094 1
14053 23662 1
14053 24431 1
14053 24436 1
14053 25342 1
14053 26604 1
14053 30711 1
14254 3398 1
14254 10105 1
14254 25479 1
14254 26251 1
14254 26413 1
14254 28070 1
14254 28587 1
14254 30388 1
14254 31016 1
14975 1633 1
14975 3398 1
14975 4121 1
14975 4122 1
14975 7197 1
14975 9605 1
14975 15180 1
14975 16200 1
14975 16269 1
14975 17925 1
14975 20426 1
14975 20497 1
14975 21456 1
14975 21795 1
14975 22943 1
14975 23314 1
14975 23666 1
14975 25273 1
14975 26890 1
14975 27457 1
14975 28217 1
14975 30883 1
14975 31177 1
14975 33275 1
14975 33904 1
14975 34196 1
14975 34655 1
14975 34658 1
14975 36522 1
14975 37089 1
14975 37260 1
14975 37769 1
14975 37829 1
14975 38925 1
14975 39256 1
14975 39649 1
14975 42016 1
14975 42798 1
15180 3398 1
15180 4122 1
15180 6243 1
15180 7197 1
15180 9605 1
15180 13627 1
15180 14975 1
15180 20002 1
15180 20009 1
15180 20426 1
15180 22132 1
15180 22833 1
15180 23666 1
15180 27233 1
15180 27457 1
15180 30883 1
15180 31016 1
15180 31177 1
15180 33196 1
15180 34508 1
15180 36522 1
15180 39256 1
15180 42016 1
15180 46330 1
15180 72101 1
16373 3398 1
16373 14053 1
16373 15153 1
16373 16648 1
16373 16670 1
16373 20534 1
16373 21539 1
16373 24431 1
16373 24436 1
16373 25342 1
16670 3398 1
16670 4033 1
16670 4216 1
16670 11413 1
16670 14053 1
16670 16373 1
16670 17485 1
16670 17595 1
16670 19682 1
16670 20534 1
16670 22016 1
16670 24431 1
16670 24436 1
16670 25342 1
16670 25437 1
16670 27454 1
16670 30356 1
16670 31450 1
16670 31708 1
16670 38386 1
16670 39240 1
18933 3398 1
18933 12915 1
18933 14398 1
18933 14595 1
18933 18483 1
18933 18676 1
18933 20115 1
18933 20123 1
18933 20235 1
18933 21357 1
18933 22071 1
18933 22455 1
18933 22564 1
18933 22673 1
18933 22900 1
18933 22903 1
18933 23079 1
18933 23136 1
18933 23545 2
18933 24393 1
18933 26309 1
18933 26570 1
18933 27736 1
18933 28412 1
18933 29063 1
18933 29369 1
18933 29370 1
18933 30212 1
18933 30419 1
18933 32944 1
18933 33543 1
18933 33861 1
18933 39212 1
18933 41342 1
18933 43386 1
18933 65024 1
18933 79599 1
19066 1092 1
19066 2033 1
19066 3398 1
19066 4451 1
19066 7195 1
19066 7219 1
19066 9822 1
19066 11896 1
19066 19697 1
19066 24392 1
19066 25039 1
19066 30159 1
19066 35096 1
19066 52242 1
20426 3398 1
20426 4122 1
20426 7197 1
20426 9605 1
20426 11064 1
20426 13713 1
20426 14695 1
20426 14975 1
20426 15180 1
20426 16790 1
20426 21794 1
20426 23666 1
20426 27456 1
20426 27457 1
20426 27458 1
20426 28585 1
20426 28736 1
20426 30090 1
20426 30883 1
20426 31177 1
20426 32438 1
20426 32439 2
20426 32526 1
20426 33407 1
20426 34976 1
20426 36522 1
20426 39256 1
20426 41849 1
20426 42016 1
20426 45026 1
20426 90918 1
20534 3398 1
20534 6521 1
20534 14053 1
20534 16373 1
20534 16670 1
20534 19621 1
20534 20699 1
20534 22693 1
20534 22843 1
20534 23077 1
20534 23085 1
20534 24431 1
20534 24436 1
20534 25342 1
20534 26865 1
20534 27972 1
20534 29375 1
20534 38522 1
20534 38703 1
20534 41538 1
21299 986 1
21299 1095 1
21299 3398 1
21299 4294 1
21299 7543 1
21299 9642 1
21299 10504 1
21299 13854 1
21299 16143 1
21299 16235 1
21299 16462 1
21299 16660 1
21299 17666 1
21299 19924 1
21299 20128 1
21299 21130 1
21299 21382 1
21299 21488 1
21299 21920 1
21299 22444 1
21299 23100 1
21299 23471 1
21299 24316 1
21299 25157 1
21299 25892 1
21299 26391 1
21299 26539 1
21299 27210 1
21299 27256 1
21299 27468 1
21299 27572 1
21299 28073 1
21299 28261 1
21299 28281 1
21299 28461 1
21299 28462 1
21299 28467 1
21299 29150 1
21299 29152 1
21299 29243 1
21299 29398 1
21299 30138 1
21299 30283 1
21299 30671 1
21299 31160 1
21299 31161 1
21299 31449 1
21299 31918 1
21299 32613 1
21299 32942 1
21299 33679 1
21823 3398 1
21920 1095 1
21920 3398 1
21920 21299 1
21920 25157 1
21920 27256 1
21920 28261 1
21920 30138 1
21920 30283 1
21920 31160 1
21920 31161 1
23666 3398 1
23666 4122 1
23666 7197 1
23666 9605 1
23666 10769 1
23666 14975 1
23666 15180 1
23666 20426 1
23666 23119 1
23666 27457 1
23666 28736 1
23666 29000 1
23666 30883 1
23666 31177 1
23666 32632 1
23666 32633 1
23666 36522 1
23666 39256 1
23666 42016 1
24431 3398 1
24431 9816 1
24431 10105 1
24431 14053 1
24431 16238 1
24431 16254 1
24431 16373 1
24431 16670 1
24431 17844 1
24431 19432 1
24431 20235 1
24431 20534 1
24431 21524 1
24431 23526 1
24431 24436 1
24431 24508 1
24431 25342 1
24431 27597 1
24431 28208 1
24431 29587 1
24431 31839 1
24431 35287 1
24431 35297 1
24436 3398 1
24436 9920 1
24436 9921 1
24436 9922 1
24436 14053 1
24436 16373 1
24436 16670 1
24436 20534 1
24436 24431 1
24436 25342 1
25157 1095 1
25157 3398 1
25157 21299 1
25157 21920 1
25157 27256 1
25157 28261 1
25157 30138 1
25157 30283 1
25157 31160 1
25157 31161 1
25342 3398 1
25342 10693 1
25342 14053 1
25342 16373 1
25342 16670 1
25342 20534 1
25342 24431 1
25342 24436 1
25342 33905 1
25342 33906 1
25479 1114 1
25479 3398 1
25479 10105 1
25479 10966 1
25479 10967 1
25479 11431 1
25479 12231 1
25479 14254 1
25479 16518 1
25479 17345 1
25479 17346 1
25479 17360 1
25479 22104 1
25479 22222 1
25479 22966 1
25479 25489 1
25479 25522 1
25479 26114 1
25479 26251 1
25479 26413 1
25479 27414 1
25479 27555 1
25479 27564 1
25479 28070 1
25479 28587 1
25479 30388 1
25479 30872 1
25479 30993 1
25479 31016 1
25479 31498 1
25479 32707 1
25479 33268 1
25479 34590 1
25479 36402 1
25479 36530 1
25479 39076 1
25503 3398 1
25503 5178 1
25503 11553 1
25503 15091 1
25503 22105 1
25503 22681 1
25503 25047 1
25503 25140 1
25503 25500 1
25503 25501 1
25503 25502 1
25503 27466 1
25503 27503 1
25503 30993 1
25503 31020 1
25503 74428 1
26251 3398 1
26251 10105 1
26251 14254 1
26251 17849 1
26251 19421 1
26251 19454 1
26251 19483 1
26251 21458 1
26251 22076 1
26251 25479 1
26251 26413 1
26251 26721 1
26251 26722 1
26251 28070 1
26251 28319 1
26251 28508 1
26251 28587 1
26251 29934 1
26251 30388 1
26251 31016 1
26251 34502 1
26251 34503 1
26413 3398 1
26413 10105 1
26413 14254 1
26413 25479 1
26413 26251 1
26413 28070 1
26413 28587 1
26413 30388 1
26413 31016 1
27256 1095 1
27256 1100 1
27256 3398 1
27256 5048 1
27256 7532 1
27256 11609 1
27256 12379 1
27256 14963 1
27256 16082 1
27256 17478 1
27256 17485 1
27256 17816 1
27256 18678 1
27256 18914 1
27256 21299 1
27256 21920 1
27256 23882 1
27256 25157 1
27256 25333 1
27256 26590 1
27256 26991 1
27256 28261 1
27256 30138 1
27256 30283 1
27256 31020 1
27256 31160 1
27256 31161 1
27256 31170 1
27256 32366 1
27256 35287 1
27256 35649 1
27256 36100 1
27256 39240 1
27256 39579 1
27256 122243 1
27457 3398 1
27457 4122 1
27457 7197 1
27457 9605 1
27457 14975 1
27457 15180 1
27457 20426 1
27457 23666 1
27457 27447 1
27457 27448 1
27457 27449 1
27457 27450 1
27457 27451 1
27457 27452 1
27457 27453 1
27457 27454 1
27457 27455 1
27457 27456 1
27457 27458 1
27457 30139 1
27457 30883 1
27457 31177 1
27457 32438 1
27457 36522 1
27457 39256 1
27457 42016 1
27457 55050 1
27745 3398 1
27745 10730 1
27745 21290 1
27745 27744 1
27745 29717 1
27745 30087 1
27745 32438 1
27745 32633 1
27745 122061 1
28070 3398 1
28070 10105 1
28070 14254 1
28070 25479 1
28070 26251 1
28070 26413 1
28070 28587 1
28070 30388 1
28070 31016 1
28261 1095 1
28261 3398 1
28261 6434 1
28261 10550 1
28261 11811 1
28261 15774 1
28261 16776 1
28261 17661 1
28261 21299 1
28261 21920 1
28261 25157 1
28261 25869 1
28261 27256 1
28261 30138 1
28261 30283 1
28261 31160 1
28261 31161 1
28297 3398 1
28297 9973 1
28297 10702 1
28297 14056 1
28297 16929 1
28297 20629 1
28297 21125 1
28297 23851 1
28297 29820 1
28297 32489 1
28297 35283 1
28297 38783 1
28297 45401 1
28587 3398 1
28587 7375 1
28587 9842 1
28587 10105 1
28587 10971 1
28587 14203 1
28587 14254 1
28587 21125 1
28587 25479 1
28587 26251 1
28587 26413 1
28587 28070 1
28587 30388 1
28587 31016 1
30138 1095 1
30138 3398 1
30138 21299 1
30138 21920 1
30138 25157 1
30138 27256 1
30138 28261 1
30138 30139 1
30138 30283 1
30138 31160 1
30138 31161 1
30283 1095 1
30283 3398 1
30283 21299 1
30283 21920 1
30283 25157 1
30283 27256 1
30283 28261 1
30283 30138 1
30283 31160 1
30283 31161 1
30388 3398 1
30388 4100 1
30388 10105 1
30388 14254 1
30388 22693 1
30388 25479 1
30388 26251 1
30388 26413 1
30388 27961 1
30388 28070 1
30388 28587 1
30388 29537 1
30388 29930 1
30388 31016 1
30883 3398 1
30883 4122 1
30883 7197 1
30883 9605 1
30883 14975 1
30883 15180 1
30883 18831 1
30883 20426 1
30883 21125 1
30883 21148 1
30883 23079 1
30883 23666 1
30883 27457 1
30883 31177 1
30883 32438 1
30883 32439 1
30883 36522 1
30883 39256 1
30883 42016 1
30883 122060 1
31016 3398 1
31016 6243 1
31016 10105 1
31016 14254 1
31016 15180 1
31016 20115 1
31016 22094 2
31016 22132 1
31016 22833 1
31016 25479 1
31016 26251 1
31016 26413 1
31016 27233 1
31016 28070 1
31016 28587 1
31016 30388 1
31016 33196 1
31016 34508 1
31020 1095 1
31020 1100 1
31020 3398 1
31020 3817 1
31020 3820 1
31020 5048 1
31020 11609 1
31020 13561 1
31020 15628 1
31020 15874 1
31020 16725 1
31020 17816 1
31020 23545 1
31020 23882 1
31020 25333 1
31020 25503 1
31020 26590 1
31020 27256 1
31020 29153 1
31020 29376 1
31020 31170 1
31020 35287 1
31020 36100 1
31020 39240 1
31020 39579 1
31160 1095 1
31160 3398 1
31160 21299 1
31160 21920 1
31160 25157 1
31160 27256 1
31160 28261 1
31160 30138 1
31160 30283 1
31160 31161 1
31161 1095 1
31161 3398 1
31161 21299 1
31161 21920 1
31161 25157 1
31161 27256 1
31161 28261 1
31161 30138 1
31161 30283 1
31161 31160 1
31161 31450 1
31177 3398 1
31177 4122 1
31177 7197 1
31177 9605 1
31177 14975 1
31177 15180 1
31177 20426 1
31177 23666 1
31177 27457 1
31177 30883 1
31177 36522 1
31177 39256 1
31177 42016 1
31177 43232 1
36522 3398 1
36522 4122 1
36522 7197 1
36522 9605 1
36522 14975 1
36522 15180 1
36522 20426 1
36522 23666 1
36522 27457 1
36522 30883 1
36522 31177 1
36522 39256 1
36522 42016 1
38783 3398 1
38783 28297 1
38783 45401 1
39256 3398 1
39256 4122 1
39256 7197 1
39256 9605 1
39256 14975 1
39256 15180 1
39256 20426 1
39256 23666 1
39256 27457 1
39256 30883 1
39256 31177 1
39256 36522 1
39256 42016 1
42016 3398 1
42016 4122 1
42016 7197 1
42016 9605 1
42016 14975 1
42016 15180 1
42016 20426 1
42016 23666 1
42016 27457 1
42016 30883 1
42016 31177 1
42016 36522 1
42016 39256 1
42016 41538 1
45401 3398 1
45401 28297 1
45401 33861 1
45401 38783 1
45401 50164 1
21290 10730 1
21290 23127 1
21290 27744 1
21290 27745 1
21290 29717 2
21290 30087 3
21290 30090 1
21290 31518 1
21290 32438 1
21290 32633 1
21290 34621 1
21290 90918 1
29717 10730 1
29717 21290 2
29717 27745 1
29717 28736 1
29717 30087 2
29717 32438 1
29717 32633 1
29717 41849 1
29717 90918 1
30087 10730 1
30087 21290 3
30087 23127 1
30087 27745 1
30087 27932 1
30087 28372 1
30087 29717 2
30087 30090 1
30087 31518 1
30087 32438 1
30087 32633 1
30087 34621 1
30087 90918 1
32438 10730 1
32438 18831 1
32438 20426 1
32438 21290 1
32438 27457 1
32438 27745 1
32438 27932 1
32438 29717 1
32438 30087 1
32438 30883 1
32438 32439 3
32438 32633 2
32438 34976 1
32438 45026 1
32438 122060 1
32633 10730 1
32633 10769 1
32633 18396 1
32633 21290 1
32633 23119 1
32633 23666 1
32633 27745 1
32633 27932 2
32633 28736 2
32633 29000 1
32633 29717 1
32633 30087 1
32633 30090 1
32633 32438 2
32633 32632 3
32633 34974 1
32633 34976 1
32633 45026 1
32633 90918 1
11564 11422 1
11564 18321 1
11564 27970 1
11564 27972 1
11564 31940 1
11564 31942 1
11564 34605 1
18321 11422 1
18321 11564 1
18321 27970 1
18321 27972 1
18321 31940 1
18321 31942 1
18321 34605 1
19182 11422 1
19182 29082 1
19182 32241 1
19182 46306 1
27970 11422 1
27970 11564 1
27970 18321 1
27970 27972 1
27970 31940 1
27970 31942 1
27970 34605 1
27972 6521 1
27972 11422 1
27972 11564 1
27972 18321 1
27972 20534 1
27972 20699 1
27972 22693 1
27972 23077 1
27972 23085 1
27972 26865 1
27972 27970 1
27972 29375 1
27972 31940 1
27972 31942 1
27972 34605 1
27972 38522 1
27972 38703 1
27972 41538 1
29082 11422 1
29082 19182 1
29082 32241 1
29082 46306 1
31940 11422 1
31940 11564 1
31940 18321 1
31940 27970 1
31940 27972 1
31940 31942 1
31940 34605 1
31942 11422 1
31942 11564 1
31942 18321 1
31942 27970 1
31942 27972 1
31942 31940 1
31942 34605 1
32241 11422 1
32241 19182 1
32241 29082 1
32241 46306 1
34605 11422 1
34605 11564 1
34605 18321 1
34605 27970 1
34605 27972 1
34605 31940 1
34605 31942 1
46306 11422 1
46306 19182 1
46306 29082 1
46306 32241 1
46306 38710 1
25212 27145 1
25212 27160 3
25212 34774 1
25212 53005 1
28146 13125 1
28146 26945 1
28146 27145 1
28146 34774 1
28146 37468 1
28146 38710 3
28146 48729 1
28146 53005 1
34774 25212 1
34774 27145 1
34774 27160 1
34774 28146 1
34774 38710 1
34774 48729 1
34774 53005 1
38710 13125 1
38710 26945 1
38710 27145 1
38710 27160 1
38710 28146 3
38710 34774 1
38710 35287 1
38710 37426 1
38710 37468 1
38710 46306 1
38710 48729 1
38710 51163 1
38710 53005 1
44717 27145 1
48729 27145 1
48729 28146 1
48729 34774 1
48729 38710 1
48729 53005 1
53005 25212 1
53005 27145 1
53005 28146 1
53005 34774 1
53005 38710 1
53005 48729 1
18396 7197 1
18396 13714 1
18396 16455 1
18396 18402 1
18396 20519 1
18396 21108 1
18396 21133 1
18396 23114 1
18396 23667 1
18396 25404 1
18396 27449 1
18396 27454 1
18396 27932 2
18396 28372 1
18396 28736 1
18396 30090 2
18396 32190 1
18396 32524 1
18396 32633 1
18396 34948 1
18396 34974 2
18396 34976 2
18396 45026 1
18396 90918 1
18402 18396 1
18402 20519 1
18402 21108 1
18402 23667 1
18402 27449 1
18402 27454 1
18402 27932 1
18402 28372 1
18402 28736 1
18402 32190 1
18402 32524 1
18402 34976 1
20519 18396 1
20519 18402 1
20519 21108 1
20519 23667 1
20519 27449 1
20519 27454 1
20519 27932 1
20519 28372 1
20519 28736 1
20519 32190 1
20519 32524 1
20519 34976 1
21108 10967 1
21108 18396 1
21108 18402 1
21108 20519 1
21108 23667 1
21108 27449 1
21108 27454 1
21108 27932 1
21108 28372 1
21108 28736 2
21108 32190 1
21108 32524 1
21108 34976 1
23667 18396 1
23667 18402 1
23667 20519 1
23667 21108 1
23667 27449 1
23667 27454 1
23667 27932 1
23667 28372 1
23667 28736 1
23667 32190 1
23667 32524 1
23667 34976 1
27449 18396 1
27449 18402 1
27449 20519 1
27449 21108 1
27449 23667 1
27449 27447 1
27449 27448 1
27449 27450 1
27449 27451 1
27449 27452 1
27449 27453 1
27449 27454 2
27449 27455 1
27449 27456 1
27449 27457 1
27449 27458 1
27449 27932 1
27449 28372 2
27449 28736 1
27449 32190 1
27449 32439 1
27449 32524 1
27449 34976 1
27449 55050 1
27449 122060 1
27454 16670 1
27454 18396 1
27454 18402 1
27454 20519 1
27454 21108 1
27454 23667 1
27454 27447 1
27454 27448 1
27454 27449 2
27454 27450 1
27454 27451 1
27454 27452 1
27454 27453 1
27454 27455 1
27454 27456 2
27454 27457 1
27454 27458 1
27454 27932 1
27454 28372 1
27454 28736 1
27454 32190 1
27454 32524 1
27454 34976 1
27454 39240 1
27454 41849 1
27454 55050 1
27932 10694 1
27932 18396 2
27932 18402 1
27932 20519 1
27932 21108 1
27932 23667 1
27932 27449 1
27932 27454 1
27932 28372 2
27932 28736 1
27932 30087 1
27932 30090 2
27932 32190 1
27932 32438 1
27932 32524 1
27932 32633 2
27932 34974 1
27932 34976 2
27932 45026 1
27932 90918 1
28736 10769 1
28736 11064 1
28736 13713 1
28736 18396 1
28736 18402 1
28736 20426 1
28736 20519 1
28736 21108 2
28736 23119 1
28736 23666 1
28736 23667 1
28736 27449 1
28736 27454 1
28736 27456 1
28736 27932 1
28736 28372 1
28736 29000 1
28736 29717 1
28736 32190 1
28736 32524 1
28736 32526 1
28736 32632 1
28736 32633 2
28736 33407 1
28736 34976 1
28736 41849 1
28736 90918 1
32190 18396 1
32190 18402 1
32190 20519 1
32190 21108 1
32190 23667 1
32190 27449 1
32190 27454 1
32190 27932 1
32190 28372 1
32190 28736 1
32190 32524 1
32190 34976 1
32439 13713 1
32439 18831 1
32439 20426 2
32439 21794 1
32439 22124 1
32439 23119 1
32439 27449 1
32439 27458 1
32439 28372 1
32439 30883 1
32439 32438 3
32439 32632 1
32439 34976 1
32439 45026 1
32439 122060 2
32524 4033 1
32524 18396 1
32524 18402 1
32524 20519 1
32524 21108 1
32524 23667 1
32524 27449 1
32524 27454 1
32524 27932 1
32524 28372 1
32524 28736 1
32524 32190 1
32524 32526 1
32524 34976 1
34976 18396 2
34976 18402 1
34976 20426 1
34976 20519 1
34976 21108 1
34976 23667 1
34976 27449 1
34976 27454 1
34976 27932 2
34976 28372 1
34976 28736 1
34976 30090 1
34976 32190 1
34976 32438 1
34976 32439 1
34976 32524 1
34976 32633 1
34976 34974 1
34976 45026 2
34976 90918 1
122060 18831 1
122060 27404 1
122060 27449 1
122060 28372 1
122060 30883 1
122060 32438 1
122060 32439 2
122060 39798 3
1106 1095 1
1106 1100 1
1106 16776 1
1106 18013 1
1106 22124 1
1106 22681 1
1106 27160 1
1106 29405 1
1106 30454 1
1106 31424 1
1106 39696 1
2044 1095 1
2044 7557 1
2044 7576 1
2044 29405 1
2044 32593 1
2044 34770 1
2145 1095 1
2145 12374 1
2145 13965 1
2145 23801 1
2145 27096 1
2145 29745 1
2145 30812 1
2145 30857 1
2145 47152 1
3817 1095 1
3817 3820 1
3817 13561 1
3817 15628 1
3817 15874 1
3817 16725 1
3817 23545 1
3817 29153 1
3817 29376 1
3817 31020 1
3820 1095 1
3820 3817 1
3820 13561 1
3820 15628 1
3820 15874 1
3820 16725 1
3820 23545 1
3820 29153 1
3820 29376 1
3820 31020 1
6521 1095 1
6521 11591 1
6521 20123 1
6521 20534 1
6521 20699 1
6521 22693 1
6521 23077 1
6521 23085 1
6521 26865 1
6521 27071 1
6521 27972 1
6521 29375 1
6521 38522 1
6521 38703 1
6521 41538 1
7217 1095 1
7217 8325 1
7217 11533 1
7217 11610 1
7217 16357 1
7217 17285 1
7217 18450 1
7217 19940 1
7217 21190 1
7217 21560 1
7217 26419 1
7557 1095 1
7557 2044 1
7557 7576 1
7557 29405 1
7557 32593 1
7557 34770 1
7576 1095 1
7576 2044 1
7576 7557 1
7576 10116 1
7576 29405 1
7576 32593 1
7576 34770 1
8325 1095 1
8325 7217 1
8325 11533 1
8325 11610 1
8325 16357 1
8325 17285 1
8325 18450 1
8325 21190 1
8325 21560 1
8325 26419 1
11533 1095 1
11533 4496 1
11533 7217 1
11533 8325 1
11533 10950 1
11533 11610 1
11533 16357 1
11533 17285 1
11533 18450 1
11533 21190 1
11533 21560 1
11533 26419 1
11591 1095 1
11591 6521 1
11591 20123 1
11591 27071 1
11610 1095 1
11610 7217 1
11610 8325 1
11610 11533 1
11610 16357 1
11610 17285 1
11610 18450 1
11610 21190 2
11610 21560 1
11610 26419 1
11694 1095 1
11694 13923 1
11694 23855 1
11694 24823 1
11694 25408 1
11694 25778 1
11694 27096 1
11694 27188 1
11694 33861 1
11694 39649 1
12374 1095 1
12374 2145 1
12374 13965 1
12374 23801 1
12374 27096 1
12374 29745 1
12374 30812 1
12374 30857 1
12374 47152 1
13561 1095 1
13561 3817 1
13561 3820 1
13561 15628 1
13561 15874 1
13561 16725 1
13561 20235 1
13561 23545 1
13561 29153 1
13561 29376 1
13561 31020 1
13923 1095 1
13923 11694 1
13923 23855 1
13923 24823 1
13923 25408 1
13923 26460 1
13923 27188 1
13923 27866 1
13923 28838 1
13923 46591 1
13965 1095 1
13965 2145 1
13965 12374 1
13965 23801 1
13965 27096 1
13965 29745 1
13965 30812 1
13965 30857 1
13965 47152 1
15628 1095 1
15628 3817 1
15628 3820 1
15628 13561 1
15628 15874 1
15628 16725 1
15628 23545 1
15628 29153 1
15628 29376 1
15628 31020 1
15861 1095 1
15861 18445 1
15861 20378 1
15861 25965 1
15874 1095 1
15874 1100 1
15874 3817 1
15874 3820 1
15874 7197 1
15874 13561 1
15874 15628 1
15874 16725 1
15874 21829 1
15874 23526 1
15874 23545 1
15874 24982 1
15874 29153 1
15874 29376 1
15874 31020 1
15874 39240 1
16357 1095 1
16357 7217 1
16357 8325 1
16357 11533 1
16357 11610 1
16357 17285 1
16357 18450 1
16357 21190 1
16357 21560 1
16357 26419 1
16660 1095 1
16660 7375 1
16660 10504 1
16660 10697 1
16660 18831 1
16660 20234 1
16660 21130 1
16660 21299 1
16660 22124 1
16660 24316 1
16660 26391 1
16660 28462 1
16660 28467 1
16660 28831 1
16660 29405 1
16660 31449 1
16660 32942 1
16660 33679 1
16660 40516 1
16725 1095 1
16725 3817 1
16725 3820 1
16725 13561 1
16725 15628 1
16725 15874 1
16725 23545 1
16725 29153 1
16725 29376 1
16725 31020 1
16776 1095 1
16776 1106 1
16776 6434 1
16776 11811 1
16776 15774 1
16776 18013 1
16776 22124 1
16776 25869 1
16776 27160 1
16776 28261 1
16776 30454 1
16776 31424 1
16776 39696 1
16824 1095 1
17285 1095 1
17285 2033 1
17285 4451 1
17285 7195 1
17285 7217 1
17285 8325 1
17285 11533 1
17285 11610 1
17285 16357 1
17285 18450 1
17285 21190 1
17285 21560 1
17285 26419 1
18013 1095 1
18013 1106 1
18013 16776 1
18013 22124 1
18013 27160 1
18013 30454 1
18013 31424 1
18013 39696 1
18445 1095 1
18445 15861 1
18445 20378 1
18445 25965 1
18450 1095 1
18450 7217 1
18450 8325 1
18450 11533 1
18450 11610 1
18450 16357 1
18450 17285 1
18450 21190 1
18450 21560 1
18450 26419 1
18831 1095 1
18831 16660 1
18831 22124 1
18831 28831 1
18831 30883 1
18831 32438 1
18831 32439 1
18831 40516 1
18831 122060 1
20123 1095 1
20123 6521 1
20123 10106 1
20123 11591 1
20123 18933 1
20123 22673 1
20123 24694 1
20123 26309 1
20123 27071 1
20378 1095 1
20378 12531 1
20378 15861 1
20378 18445 1
20378 18661 1
20378 22645 1
20378 24472 1
20378 25965 1
20378 27393 1
20463 1095 1
20463 20914 1
21190 1095 1
21190 7217 1
21190 8325 1
21190 11533 1
21190 11610 2
21190 16357 1
21190 17285 1
21190 18450 1
21190 21560 1
21190 26419 1
21560 1095 1
21560 7217 1
21560 8325 1
21560 11533 1
21560 11610 1
21560 16357 1
21560 17285 1
21560 18450 1
21560 21190 1
21560 26419 1
22124 1095 2
22124 1106 1
22124 16660 1
22124 16776 1
22124 18013 1
22124 18831 1
22124 27160 1
22124 28831 1
22124 30454 1
22124 31424 1
22124 32439 1
22124 39696 1
22124 40516 1
23545 1095 1
23545 3817 1
23545 3820 1
23545 13561 1
23545 14595 1
23545 15628 1
23545 15874 1
23545 16725 1
23545 18933 2
23545 20115 1
23545 22673 1
23545 29153 2
23545 29376 1
23545 31020 1
23545 32944 1
23545 35649 1
23545 39212 1
23545 39649 1
23801 1095 1
23801 2145 1
23801 12374 1
23801 13965 1
23801 15403 1
23801 16203 1
23801 27096 1
23801 29745 1
23801 30812 1
23801 30857 1
23801 47152 1
23855 1095 1
23855 11694 1
23855 13923 1
23855 24823 1
23855 25408 1
23855 27188 1
24823 1095 1
24823 11694 1
24823 13923 1
24823 23855 1
24823 25408 1
24823 27188 1
24982 1095 1
24982 13713 1
24982 13714 1
24982 15874 1
24982 24860 1
24982 27741 1
24982 34948 1
24982 39240 1
25408 1095 1
25408 10703 1
25408 11694 1
25408 12156 1
25408 13923 1
25408 19912 1
25408 23855 1
25408 24823 1
25408 26915 1
25408 27188 1
25965 1095 1
25965 15861 1
25965 18445 1
25965 20378 1
25965 29369 1
25965 30356 1
26419 1095 1
26419 7217 1
26419 8325 1
26419 10820 1
26419 11533 1
26419 11610 1
26419 16357 1
26419 17285 1
26419 18450 1
26419 21190 1
26419 21560 1
26419 22016 1
27071 1095 1
27071 6521 1
27071 11591 1
27071 13609 1
27071 20123 1
27071 42092 1
27071 96643 1
27071 115325 1
27096 1095 1
27096 1100 1
27096 2145 1
27096 10702 1
27096 11694 1
27096 12374 1
27096 13965 1
27096 16977 1
27096 17844 1
27096 19621 1
27096 23662 1
27096 23801 1
27096 29375 1
27096 29745 1
27096 30812 1
27096 30857 1
27096 31917 1
27096 37260 1
27096 40977 1
27096 47152 1
27160 1095 1
27160 1106 1
27160 7197 1
27160 16776 1
27160 18013 1
27160 19163 1
27160 22124 1
27160 25212 3
27160 30454 2
27160 31025 1
27160 31424 1
27160 32592 1
27160 34774 1
27160 38710 1
27160 39696 1
27188 1095 1
27188 11694 1
27188 13923 1
27188 23855 1
27188 24823 1
27188 25408 1
27188 29369 1
28831 1095 1
28831 16660 1
28831 18831 1
28831 22124 1
28831 40516 1
29153 1095 1
29153 3817 1
29153 3820 1
29153 13561 1
29153 15628 1
29153 15874 1
29153 16725 1
29153 23545 2
29153 29376 1
29153 31020 1
29376 1095 1
29376 3817 1
29376 3820 1
29376 10509 1
29376 13561 1
29376 15628 1
29376 15874 1
29376 16725 1
29376 23079 1
29376 23545 1
29376 29153 1
29376 31020 1
29376 36803 1
29376 39394 1
29405 1095 1
29405 1106 1
29405 2044 1
29405 7557 1
29405 7576 1
29405 16648 1
29405 16660 1
29405 32593 1
29405 33950 1
29405 34770 1
29745 1095 1
29745 2145 1
29745 12374 1
29745 13965 1
29745 23801 1
29745 27096 1
29745 30812 1
29745 30857 1
29745 47152 1
30454 1095 1
30454 1106 1
30454 16776 1
30454 18013 1
30454 21539 1
30454 22124 1
30454 27160 2
30454 31424 1
30454 39696 1
30812 1095 1
30812 2145 1
30812 12374 1
30812 13965 1
30812 23801 1
30812 27096 1
30812 29745 1
30812 30857 1
30812 47152 1
30857 1095 1
30857 2145 1
30857 12374 1
30857 13965 1
30857 14695 1
30857 18848 1
30857 21125 1
30857 23801 1
30857 27096 1
30857 29745 1
30857 29931 1
30857 30812 1
30857 39240 1
30857 41103 1
30857 47152 1
31424 1095 1
31424 1106 1
31424 16776 1
31424 18013 1
31424 22124 1
31424 22693 1
31424 23100 1
31424 27160 1
31424 27572 1
31424 30454 1
31424 39696 1
32593 1095 1
32593 2044 1
32593 7557 1
32593 7576 1
32593 29405 1
32593 34770 1
34770 1095 1
34770 2044 1
34770 7557 1
34770 7576 1
34770 29405 1
34770 32593 1
39696 1095 1
39696 1106 1
39696 16776 1
39696 18013 1
39696 22124 1
39696 27160 1
39696 30454 1
39696 31424 1
39696 32587 1
40516 1095 1
40516 16660 1
40516 18831 1
40516 22124 1
40516 23959 1
40516 28831 1
40516 43176 1
47152 1095 1
47152 2145 1
47152 12374 1
47152 13965 1
47152 23801 1
47152 24446 1
47152 27096 1
47152 29745 1
47152 30812 1
47152 30857 1
47152 39240 1
88668 1095 1
13714 7197 1
13714 13713 2
13714 16455 1
13714 18396 1
13714 21133 1
13714 23114 1
13714 24982 1
13714 25404 1
13714 30090 1
13714 34948 4
13714 34974 1
13714 50903 1
16455 7197 1
16455 13714 1
16455 18396 1
16455 21133 1
16455 23114 1
16455 25404 1
16455 30090 1
16455 34948 1
16455 34974 1
19163 7197 1
19163 22673 1
19163 27160 1
19163 31025 1
19163 32592 1
21133 7197 1
21133 13714 1
21133 16455 1
21133 18396 1
21133 23114 1
21133 25404 1
21133 30090 1
21133 32587 1
21133 33253 1
21133 33861 1
21133 34948 1
21133 34974 1
21829 7197 1
21829 15874 1
23114 7197 1
23114 9605 1
23114 13714 1
23114 16455 1
23114 18396 1
23114 21133 1
23114 23951 1
23114 25404 1
23114 25573 1
23114 25778 1
23114 30090 1
23114 33950 1
23114 34948 1
23114 34974 1
23114 37245 1
25404 5763 1
25404 7197 1
25404 10973 1
25404 13714 1
25404 16455 1
25404 18396 1
25404 21133 1
25404 23114 1
25404 30090 1
25404 30392 1
25404 34948 1
25404 34974 1
30090 7197 2
30090 10694 1
30090 13713 1
30090 13714 1
30090 14400 1
30090 14695 1
30090 16455 1
30090 16790 1
30090 18396 2
30090 20426 1
30090 21133 1
30090 21290 1
30090 23114 1
30090 23127 1
30090 25404 1
30090 27932 2
30090 28585 1
30090 30087 1
30090 31518 2
30090 32633 1
30090 34621 2
30090 34948 1
30090 34974 3
30090 34976 1
30090 45026 1
30090 90918 1
31025 7197 1
31025 19163 1
31025 21357 2
31025 22409 1
31025 27160 1
31025 28461 1
31025 30356 1
31025 32592 1
32129 7197 1
32193 7197 1
32193 32587 1
32193 39149 1
32193 40977 1
32395 7197 1
32587 7197 1
32587 21133 1
32587 28281 1
32587 32193 1
32587 39149 1
32587 39696 1
32587 40977 1
32592 615 1
32592 1860 1
32592 4107 1
32592 7197 1
32592 19163 1
32592 23048 1
32592 24540 1
32592 27160 1
32592 28599 1
32592 29799 1
32592 31025 1
32592 45816 1
34948 7197 1
34948 13713 2
34948 13714 4
34948 16455 1
34948 18396 1
34948 21133 1
34948 23114 1
34948 24982 1
34948 25404 1
34948 30090 1
34948 34974 1
34948 50903 1
34974 7197 1
34974 13714 1
34974 16455 1
34974 18396 2
34974 21133 1
34974 23114 1
34974 25404 1
34974 27932 1
34974 30090 3
34974 32633 1
34974 34948 1
34974 34976 1
34974 45026 2
34974 90918 1
39149 7197 1
39149 32193 1
39149 32587 1
39149 40977 1
40977 7197 1
40977 27096 1
40977 32193 1
40977 32587 1
40977 39149 1
4625 4626 1
4625 9605 1
4625 9771 1
4625 14400 1
4625 21653 1
4625 25149 1
4625 25893 1
4625 33407 1
12959 9605 1
12959 21838 1
12959 26587 1
12959 27820 1
12959 29484 1
12959 31917 1
12959 34079 1
12959 34362 1
12959 43447 1
12959 46061 1
12959 46442 1
12959 46866 1
14400 4625 1
14400 9605 1
14400 16248 1
14400 20495 1
14400 20959 1
14400 21130 1
14400 21653 1
14400 22693 1
14400 25149 1
14400 25778 1
14400 25893 1
14400 27390 1
14400 28585 1
14400 28934 1
14400 30090 1
14400 33407 1
14400 34079 1
14400 35649 1
14400 42798 1
21653 4625 1
21653 9605 1
21653 14400 1
21653 25149 1
21653 25893 1
21653 33407 1
21838 9605 1
21838 12959 1
21838 26587 1
21838 27820 1
21838 29484 1
21838 31917 1
21838 34079 1
21838 34362 1
21838 43447 1
21838 46061 1
21838 46442 1
21838 46866 1
23951 9605 1
23951 23114 1
23951 25573 1
23951 25778 1
23951 33950 1
23951 37245 1
25149 4625 1
25149 9605 1
25149 14400 1
25149 21653 1
25149 25893 1
25149 33407 1
25573 9605 1
25573 11472 1
25573 12231 1
25573 21357 1
25573 23114 1
25573 23951 1
25573 25734 1
25573 25778 1
25573 30750 1
25573 33950 1
25573 37245 1
25778 9605 1
25778 11694 1
25778 13682 1
25778 14400 1
25778 23114 1
25778 23951 1
25778 25573 1
25778 27210 1
25778 33861 1
25778 33950 1
25778 36775 1
25778 37245 1
25778 39649 1
25778 43386 1
25893 4625 1
25893 9605 1
25893 14400 1
25893 16506 1
25893 20844 1
25893 21653 1
25893 25149 1
25893 27242 1
25893 29931 1
25893 33407 1
25893 39970 1
26587 7467 1
26587 9605 1
26587 12959 1
26587 21838 1
26587 27820 1
26587 29484 1
26587 31917 1
26587 34079 1
26587 34362 1
26587 43447 1
26587 46061 1
26587 46442 1
26587 46866 1
27820 9605 1
27820 12959 1
27820 21838 1
27820 26587 1
27820 29484 1
27820 31917 1
27820 34079 1
27820 34362 1
27820 43447 1
27820 46061 1
27820 46442 1
27820 46866 1
29484 9605 1
29484 12959 1
29484 21838 1
29484 26587 1
29484 27820 1
29484 31917 1
29484 34079 1
29484 34362 1
29484 43447 1
29484 46061 1
29484 46442 1
29484 46866 1
31224 9605 1
31224 25892 1
31917 9605 1
31917 12959 1
31917 21838 1
31917 26587 1
31917 27096 1
31917 27820 1
31917 29484 1
31917 34079 1
31917 34362 1
31917 43447 1
31917 46061 1
31917 46442 1
31917 46866 1
33407 4625 1
33407 9605 1
33407 11064 1
33407 14400 1
33407 20426 1
33407 21653 1
33407 25149 1
33407 25893 1
33407 27456 1
33407 28736 1
33407 32526 1
33407 41849 1
33407 90918 1
33950 9605 1
33950 23114 1
33950 23951 1
33950 25573 1
33950 25778 1
33950 29405 1
33950 37245 1
34079 9605 1
34079 12959 1
34079 14400 1
34079 21838 1
34079 21927 1
34079 26587 1
34079 27820 1
34079 28206 1
34079 29484 1
34079 31917 1
34079 34362 1
34079 42798 1
34079 43447 1
34079 46061 1
34079 46442 1
34079 46866 1
34362 9605 1
34362 12959 1
34362 17844 1
34362 21838 1
34362 26587 1
34362 27820 1
34362 29484 1
34362 31917 1
34362 34079 1
34362 43447 1
34362 46061 1
34362 46442 1
34362 46866 1
37245 9605 1
37245 23114 1
37245 23951 1
37245 25573 1
37245 25778 1
37245 33950 1
43447 9605 1
43447 12959 1
43447 21838 1
43447 26587 1
43447 27820 1
43447 29484 1
43447 31917 1
43447 34079 1
43447 34362 1
43447 46061 1
43447 46442 1
43447 46866 1
46061 9605 1
46061 11896 1
46061 12959 1
46061 19630 1
46061 21838 1
46061 22094 1
46061 26587 1
46061 27820 1
46061 29484 1
46061 31917 1
46061 34079 1
46061 34362 1
46061 43447 1
46061 46442 1
46061 46866 1
46442 9605 1
46442 12959 1
46442 21838 1
46442 26587 1
46442 27820 1
46442 29484 1
46442 31917 1
46442 34079 1
46442 34362 1
46442 43447 1
46442 46061 1
46442 46866 1
46866 9605 1
46866 12959 1
46866 21838 1
46866 26587 1
46866 27820 1
46866 29484 1
46866 31917 1
46866 34079 1
46866 34362 1
46866 43447 1
46866 46061 1
46866 46442 1
16238 10105 1
16238 16254 1
16238 17844 1
16238 19432 1
16238 20235 1
16238 24431 1
16238 27597 1
16238 28208 1
16238 29587 1
16238 35287 1
16238 35297 1
16254 10105 1
16254 16238 1
16254 17844 1
16254 19432 1
16254 24431 1
16254 27597 1
16254 28208 1
16254 29587 1
16254 35287 1
16254 35297 1
17844 10105 1
17844 16221 1
17844 16238 1
17844 16254 1
17844 19432 1
17844 20190 1
17844 24431 1
17844 27096 1
17844 27597 1
17844 28208 1
17844 29587 1
17844 34362 1
17844 35287 1
17844 35297 1
19432 10105 1
19432 16238 1
19432 16254 1
19432 17844 1
19432 24431 1
19432 27597 1
19432 28208 1
19432 29587 1
19432 35287 1
19432 35297 1
27597 10105 1
27597 16238 1
27597 16254 1
27597 16345 1
27597 17844 1
27597 19432 1
27597 24431 1
27597 28208 1
27597 29587 1
27597 32292 1
27597 35287 1
27597 35297 1
28208 10105 1
28208 16238 1
28208 16254 1
28208 17844 1
28208 19432 1
28208 24431 1
28208 27597 1
28208 29587 1
28208 35287 1
28208 35297 1
29587 10105 1
29587 16238 1
29587 16254 1
29587 17844 1
29587 19432 1
29587 24431 1
29587 27597 1
29587 28208 1
29587 35287 1
29587 35297 1
35287 1100 1
35287 5048 1
35287 10105 1
35287 11609 1
35287 16238 1
35287 16254 1
35287 17816 1
35287 17844 1
35287 19432 1
35287 23882 1
35287 24431 1
35287 25273 1
35287 25333 1
35287 26590 1
35287 27256 1
35287 27597 1
35287 28208 1
35287 29587 1
35287 31020 1
35287 31170 1
35287 33904 1
35287 35297 5
35287 35649 1
35287 36100 1
35287 37260 1
35287 37829 1
35287 38710 1
35287 39240 1
35287 39579 1
35287 41538 1
35287 42798 1
35297 10105 1
35297 16238 1
35297 16254 1
35297 17844 1
35297 19432 1
35297 24431 1
35297 27597 1
35297 28098 1
35297 28208 1
35297 29587 1
35297 34705 1
35297 35287 5
21286 14053 1
22094 11896 1
22094 14053 1
22094 20115 1
22094 31016 2
22094 46061 1
23662 14053 1
23662 26604 1
23662 27096 1
23662 30711 1
26604 14053 1
26604 23662 1
26604 30711 1
30711 14053 1
30711 23662 1
30711 26604 1
1633 14975 1
1633 21456 1
1633 25273 1
1633 26890 1
1633 33275 1
1633 33904 1
1633 34196 1
1633 34655 1
1633 34658 1
1633 37089 1
1633 37260 1
1633 37769 1
1633 37829 1
1633 38925 1
1633 39649 1
1633 42798 1
4121 14975 1
4121 16200 1
4121 16269 1
4121 17925 1
4121 20497 1
4121 21795 1
4121 22943 1
4121 23314 1
4121 28217 1
16200 4121 1
16200 14975 1
16200 16269 1
16200 17925 1
16200 20497 1
16200 21795 1
16200 22943 1
16200 23314 1
16200 28217 1
16269 4121 1
16269 14975 1
16269 16200 1
16269 17925 1
16269 20497 1
16269 21795 1
16269 22943 1
16269 23314 1
16269 28217 1
17925 4121 1
17925 14975 1
17925 16200 1
17925 16269 1
17925 20497 1
17925 21795 1
17925 22943 1
17925 23314 1
17925 28217 1
20497 4121 1
20497 14975 1
20497 16200 1
20497 16269 1
20497 17925 1
20497 21795 1
20497 22943 1
20497 23314 1
20497 28217 1
21456 1633 1
21456 14975 1
21456 25273 1
21456 26890 1
21456 33275 1
21456 33904 1
21456 34196 1
21456 34655 1
21456 34658 1
21456 37089 1
21456 37260 1
21456 37769 1
21456 37829 1
21456 38925 1
21456 39649 1
21456 42798 1
21795 4121 1
21795 14975 1
21795 16200 1
21795 16269 1
21795 17925 1
21795 20497 1
21795 22943 1
21795 23314 1
21795 28217 1
22943 4121 1
22943 14975 1
22943 16200 1
22943 16269 1
22943 17925 1
22943 20497 1
22943 21795 1
22943 23314 1
22943 28217 1
22943 35296 1
23314 4121 1
23314 14975 1
23314 16200 1
23314 16269 1
23314 17925 1
23314 20497 1
23314 21795 1
23314 22943 1
23314 28217 1
25273 1633 1
25273 14963 1
25273 14975 1
25273 21456 1
25273 26890 1
25273 33275 1
25273 33904 2
25273 34196 1
25273 34655 1
25273 34658 1
25273 35287 1
25273 37089 1
25273 37260 2
25273 37769 2
25273 37829 1
25273 38925 1
25273 39649 1
25273 42798 2
26890 1633 1
26890 14975 1
26890 21456 1
26890 25273 1
26890 33275 1
26890 33904 1
26890 34196 1
26890 34655 1
26890 34658 1
26890 37089 1
26890 37260 2
26890 37769 1
26890 37829 1
26890 38925 1
26890 39649 1
26890 42798 1
28217 4121 1
28217 14975 1
28217 16200 1
28217 16269 1
28217 17925 1
28217 20497 1
28217 21795 1
28217 22943 1
28217 23314 1
33275 1633 1
33275 14975 1
33275 21456 1
33275 25273 1
33275 26890 1
33275 33904 1
33275 34196 1
33275 34655 1
33275 34658 1
33275 37089 1
33275 37260 1
33275 37769 1
33275 37829 1
33275 38925 1
33275 39649 1
33275 42798 1
33904 1633 1
33904 14975 1
33904 21456 1
33904 25273 2
33904 26890 1
33904 33275 1
33904 34196 1
33904 34655 1
33904 34658 1
33904 35287 1
33904 37089 1
33904 37260 2
33904 37769 1
33904 37829 1
33904 38925 1
33904 39649 1
33904 42798 3
33904 43769 1
34196 1633 1
34196 9367 1
34196 14975 1
34196 19999 1
34196 21456 1
34196 25273 1
34196 26890 1
34196 33275 1
34196 33904 1
34196 34655 1
34196 34658 1
34196 37089 1
34196 37260 1
34196 37686 1
34196 37687 1
34196 37769 1
34196 37829 1
34196 38925 1
34196 39649 1
34196 42798 1
34655 1633 1
34655 14975 1
34655 21456 1
34655 25273 1
34655 26890 1
34655 33275 1
34655 33904 1
34655 34196 1
34655 34657 1
34655 34658 1
34655 35289 1
34655 37089 1
34655 37260 1
34655 37769 1
34655 37829 1
34655 38925 2
34655 39649 1
34655 42798 1
34658 1633 1
34658 14975 1
34658 21456 1
34658 25273 1
34658 26890 1
34658 33275 1
34658 33904 1
34658 34196 1
34658 34655 1
34658 37089 1
34658 37260 1
34658 37769 1
34658 37829 1
34658 38925 1
34658 39649 1
34658 42798 1
37089 1633 1
37089 14975 1
37089 21456 1
37089 25273 1
37089 26890 1
37089 33275 1
37089 33904 1
37089 34196 1
37089 34655 1
37089 34658 1
37089 37260 1
37089 37769 1
37089 37829 1
37089 38925 1
37089 39649 1
37089 42798 1
37260 1633 1
37260 14975 1
37260 16977 1
37260 21125 1
37260 21456 1
37260 25273 2
37260 26890 2
37260 27096 1
37260 33275 1
37260 33904 2
37260 34196 1
37260 34282 1
37260 34655 1
37260 34658 1
37260 35287 1
37260 37089 1
37260 37769 1
37260 37829 1
37260 38925 1
37260 39649 1
37260 42798 2
37769 1633 1
37769 14975 1
37769 21456 1
37769 25273 2
37769 26890 1
37769 33275 1
37769 33904 1
37769 34196 1
37769 34655 1
37769 34658 1
37769 37089 1
37769 37260 1
37769 37829 1
37769 38925 1
37769 39649 1
37769 42798 1
37829 1633 1
37829 14975 1
37829 20505 1
37829 21456 1
37829 25273 1
37829 26890 1
37829 33275 1
37829 33904 1
37829 34196 1
37829 34655 1
37829 34658 1
37829 35287 1
37829 37089 1
37829 37260 1
37829 37769 1
37829 38925 1
37829 39649 2
37829 42798 1
38925 1633 1
38925 14975 1
38925 21456 1
38925 25273 1
38925 26890 1
38925 29934 1
38925 33275 1
38925 33904 1
38925 34196 1
38925 34655 2
38925 34658 1
38925 36402 1
38925 37089 1
38925 37260 1
38925 37769 1
38925 37829 1
38925 39649 1
38925 42798 1
39649 1633 1
39649 11694 1
39649 14975 1
39649 21456 1
39649 23545 1
39649 25273 1
39649 25778 1
39649 26890 1
39649 32707 1
39649 33275 1
39649 33861 1
39649 33904 1
39649 34196 1
39649 34655 1
39649 34658 1
39649 37089 1
39649 37260 1
39649 37769 1
39649 37829 2
39649 38925 1
39649 39240 1
39649 42798 1
42798 1633 1
42798 14400 1
42798 14975 1
42798 21456 1
42798 25273 2
42798 26890 1
42798 33275 1
42798 33904 3
42798 34079 1
42798 34196 1
42798 34655 1
42798 34658 1
42798 35287 1
42798 37089 1
42798 37260 2
42798 37769 1
42798 37829 1
42798 38925 1
42798 39649 1
6243 15180 1
6243 22132 1
6243 22833 1
6243 27233 1
6243 31016 1
6243 33196 1
6243 34508 1
13627 15180 1
13627 35649 1
13627 46330 1
20002 5165 1
20002 7713 1
20002 8613 1
20002 15180 1
20002 19999 1
20002 20009 4
20002 23136 1
20009 5165 1
20009 7713 1
20009 8613 1
20009 15180 1
20009 20002 4
22132 6243 1
22132 15180 1
22132 19655 1
22132 22833 1
22132 27233 1
22132 31016 1
22132 33196 1
22132 34508 1
22833 6243 1
22833 15180 1
22833 22132 1
22833 27233 1
22833 31016 1
22833 33196 1
22833 34508 1
27233 6243 1
27233 15180 1
27233 22132 1
27233 22833 1
27233 31016 1
27233 33196 1
27233 34508 1
33196 6243 1
33196 15180 1
33196 22132 1
33196 22833 1
33196 27233 1
33196 31016 1
33196 34508 1
34508 6243 1
34508 15180 1
34508 22132 1
34508 22833 1
34508 27233 1
34508 31016 1
34508 33196 1
46330 13627 1
46330 15180 1
72101 15180 1
15153 1100 1
15153 16373 1
15153 16648 1
15153 21539 1
15153 32366 1
16648 11072 1
16648 15153 1
16648 16373 1
16648 21539 1
16648 29405 1
16648 31708 1
21539 1100 1
21539 10317 1
21539 15153 1
21539 16373 1
21539 16648 1
21539 22085 1
21539 30454 1
21539 31708 1
21539 33861 1
21539 34351 1
21539 36429 1
4033 4216 1
4033 11811 1
4033 16670 1
4033 32524 1
4033 32526 1
4216 4033 1
4216 16670 1
11413 16670 1
11413 17485 1
11413 19682 1
11413 22016 1
11413 25437 1
11413 31450 1
17485 11413 1
17485 12379 1
17485 16670 1
17485 19682 1
17485 22016 1
17485 25437 1
17485 27256 1
17485 31450 1
17485 32366 1
17595 16670 1
17595 38386 1
19682 11413 1
19682 12205 1
19682 15876 1
19682 16670 1
19682 17485 1
19682 22016 1
19682 25370 1
19682 25437 1
19682 28319 1
19682 28797 1
19682 31450 1
22016 10820 1
22016 11413 1
22016 16670 1
22016 17163 1
22016 17485 1
22016 19682 1
22016 25437 1
22016 26419 1
22016 31450 1
25437 11413 1
25437 16670 1
25437 17485 1
25437 19682 1
25437 22016 1
25437 31450 1
30356 16670 1
30356 25965 1
30356 29369 1
30356 31025 1
30356 31708 1
31450 11413 1
31450 16670 1
31450 17485 1
31450 19682 1
31450 22016 1
31450 25437 1
31450 31161 1
31708 8500 1
31708 16648 1
31708 16670 1
31708 16704 1
31708 18260 1
31708 19454 1
31708 19646 1
31708 21539 1
31708 21768 1
31708 22505 1
31708 24495 1
31708 24630 1
31708 24637 1
31708 24924 1
31708 24925 1
31708 24927 1
31708 30356 1
38386 16670 1
38386 17595 1
38386 21357 1
39240 1100 1
39240 5048 1
39240 11609 1
39240 15874 1
39240 16670 1
39240 17666 1
39240 17816 1
39240 23882 1
39240 24446 1
39240 24982 1
39240 25333 1
39240 26590 1
39240 27210 1
39240 27256 1
39240 27454 1
39240 30857 1
39240 31020 1
39240 31170 1
39240 32707 1
39240 35287 1
39240 36100 1
39240 39579 1
39240 39649 1
39240 47152 1
12915 18933 1
14398 18483 1
14398 18933 1
14398 21357 1
14398 22455 2
14398 22564 2
14398 26309 1
14398 26570 1
14398 27736 1
14398 29369 1
14398 29370 1
14398 65024 1
14398 79599 1
14595 18933 1
14595 23545 1
14595 39212 1
18483 14398 1
18483 18933 1
18483 21357 1
18483 22455 1
18483 22564 1
18483 26309 1
18483 26570 1
18483 27736 1
18483 29369 1
18483 29370 1
18483 65024 1
18483 79599 1
18676 18933 1
18676 22071 1
18676 22903 1
18676 23136 1
18676 24393 1
18676 29063 1
18676 30212 1
20115 18933 1
20115 22094 1
20115 22673 1
20115 23545 1
20115 28585 1
20115 31016 1
20115 32944 1
20235 1100 1
20235 7048 1
20235 9816 1
20235 13561 1
20235 16136 1
20235 16238 1
20235 17823 1
20235 18933 1
20235 19071 1
20235 19223 1
20235 19621 1
20235 22900 1
20235 23079 1
20235 23182 1
20235 23526 6
20235 24431 1
20235 25140 1
20235 43386 1
21357 11472 1
21357 12231 1
21357 14398 1
21357 18483 1
21357 18933 1
21357 22455 1
21357 22564 1
21357 25573 1
21357 25734 1
21357 26309 1
21357 26570 1
21357 27736 1
21357 29369 1
21357 29370 1
21357 30750 1
21357 31025 2
21357 38386 1
21357 65024 1
21357 79599 1
21357 103627 1
22071 18676 1
22071 18933 1
22071 22903 1
22071 23136 1
22071 24393 1
22071 29063 1
22071 30212 1
22455 14398 2
22455 18483 1
22455 18933 1
22455 21357 1
22455 22564 2
22455 26309 1
22455 26570 1
22455 27736 1
22455 29369 1
22455 29370 1
22455 65024 1
22455 79599 1
22564 14398 2
22564 18483 1
22564 18933 1
22564 21357 1
22564 22455 2
22564 26309 1
22564 26570 1
22564 27736 1
22564 29369 1
22564 29370 1
22564 65024 1
22564 79599 1
22673 1098 1
22673 18933 1
22673 19163 1
22673 20115 1
22673 20123 1
22673 21625 1
22673 23545 1
22673 32944 1
22900 18933 1
22900 20235 1
22900 23079 1
22900 26570 1
22900 43386 1
22903 18676 1
22903 18933 1
22903 22071 1
22903 23136 1
22903 24393 1
22903 29063 1
22903 30212 1
23079 14705 1
23079 18933 1
23079 20235 1
23079 22900 1
23079 29376 1
23079 30883 1
23079 43386 1
23136 18676 1
23136 18933 1
23136 20002 1
23136 22071 1
23136 22903 1
23136 24393 1
23136 29063 1
23136 30212 1
24393 18676 1
24393 18933 1
24393 22071 1
24393 22903 1
24393 23136 1
24393 29063 1
24393 30212 1
26309 14398 1
26309 18483 1
26309 18933 1
26309 20123 1
26309 21357 1
26309 22455 1
26309 22564 1
26309 26570 1
26309 27736 1
26309 29369 1
26309 29370 1
26309 65024 1
26309 79599 1
26570 14398 1
26570 18483 1
26570 18933 1
26570 21357 1
26570 22455 1
26570 22564 1
26570 22900 1
26570 26309 1
26570 27736 1
26570 29369 1
26570 29370 1
26570 65024 1
26570 79599 1
27736 14398 1
27736 18483 1
27736 18933 1
27736 21357 1
27736 22455 1
27736 22564 1
27736 23553 1
27736 26309 1
27736 26570 1
27736 29369 1
27736 29370 1
27736 41622 1
27736 65024 1
27736 79599 1
28412 18933 1
29063 14950 1
29063 16244 1
29063 18676 1
29063 18933 1
29063 20485 1
29063 21925 1
29063 22071 1
29063 22081 1
29063 22903 1
29063 23136 1
29063 24393 1
29063 28205 1
29063 30212 1
29063 33045 1
29063 37583 1
29063 63750 1
29369 14398 1
29369 18483 1
29369 18933 1
29369 21357 1
29369 22455 1
29369 22564 1
29369 25965 1
29369 26309 1
29369 26570 1
29369 27188 1
29369 27736 1
29369 29370 1
29369 30356 1
29369 65024 1
29369 79599 1
29370 14398 1
29370 18483 1
29370 18933 1
29370 21357 1
29370 22455 1
29370 22564 1
29370 26309 1
29370 26570 1
29370 27736 1
29370 29369 1
29370 65024 1
29370 79599 1
30212 18676 1
30212 18933 1
30212 22071 1
30212 22903 1
30212 23136 1
30212 24393 1
30212 29063 1
30419 18933 1
30419 33543 1
30419 33861 1
30419 41342 1
32944 18933 1
32944 20115 1
32944 22673 1
32944 23545 1
33543 18933 1
33543 30419 1
33543 33542 1
33543 33544 1
33543 33861 1
33543 41342 1
33861 11694 1
33861 18933 1
33861 21133 1
33861 21539 1
33861 25778 1
33861 30419 1
33861 30989 1
33861 33253 1
33861 33543 1
33861 39649 1
33861 41342 1
33861 45401 1
39212 14595 1
39212 18933 1
39212 23545 1
41342 7195 1
41342 18933 1
41342 30419 1
41342 33543 1
41342 33861 1
43386 18933 1
43386 20235 1
43386 22900 1
43386 23079 1
43386 25778 1
65024 14398 1
65024 18483 1
65024 18933 1
65024 21357 1
65024 22455 1
65024 22564 1
65024 26309 1
65024 26570 1
65024 27736 1
65024 29369 1
65024 29370 1
65024 79599 1
79599 14398 1
79599 18483 1
79599 18933 1
79599 21357 1
79599 22455 1
79599 22564 1
79599 26309 1
79599 26570 1
79599 27736 1
79599 29369 1
79599 29370 1
79599 40988 1
79599 65024 1
1092 2033 1
1092 3052 1
1092 4451 1
1092 7195 1
1092 8055 1
1092 9822 1
1092 11668 1
1092 11896 1
1092 13223 1
1092 17149 1
1092 19066 1
1092 19697 1
1092 20901 1
1092 21635 1
1092 23208 1
1092 23526 1
1092 25039 1
1092 35096 1
2033 1092 1
2033 4451 2
2033 7195 2
2033 9822 1
2033 11896 1
2033 17285 1
2033 19066 1
2033 19697 1
2033 25039 1
2033 35096 1
4451 1092 1
4451 2033 2
4451 6410 1
4451 7195 2
4451 9822 1
4451 11896 1
4451 17285 1
4451 19066 1
4451 19697 1
4451 25039 1
4451 35096 1
7195 1092 1
7195 2033 2
7195 4451 2
7195 9822 1
7195 11896 1
7195 12050 1
7195 17285 1
7195 19066 1
7195 19697 1
7195 25039 1
7195 35096 1
7195 41342 1
7219 19066 1
7219 24392 1
7219 30159 1
7219 52242 1
9822 1092 1
9822 2033 1
9822 4451 1
9822 7195 1
9822 11896 1
9822 19066 1
9822 19697 1
9822 21186 1
9822 25039 1
9822 35096 1
11896 1092 1
11896 2033 1
11896 4451 1
11896 7195 1
11896 9822 1
11896 19066 1
11896 19697 1
11896 22094 1
11896 25039 1
11896 35096 1
11896 46061 1
19697 1092 1
19697 2033 1
19697 4451 1
19697 7195 1
19697 9822 1
19697 11896 1
19697 19066 1
19697 25039 1
19697 35096 1
24392 7219 1
24392 19066 1
24392 30159 1
24392 52242 1
25039 1092 1
25039 2033 1
25039 4451 1
25039 7195 1
25039 9822 1
25039 11896 1
25039 19066 1
25039 19697 1
25039 35096 1
30159 7219 1
30159 19066 1
30159 24392 1
30159 52242 1
35096 1092 1
35096 2033 1
35096 4451 1
35096 7195 1
35096 9822 1
35096 11896 1
35096 19066 1
35096 19697 1
35096 25039 1
52242 7219 1
52242 19066 1
52242 24392 1
52242 30159 1
11064 11051 1
11064 20426 1
11064 27456 1
11064 28736 1
11064 32526 1
11064 33407 1
11064 41849 1
11064 90918 1
13713 13714 2
13713 20426 1
13713 21794 1
13713 24982 1
13713 27458 1
13713 28736 1
13713 30090 1
13713 32439 1
13713 34948 2
14695 13659 1
14695 16790 1
14695 20426 1
14695 24595 1
14695 26744 1
14695 28585 1
14695 30090 1
14695 30857 1
16790 14695 1
16790 20426 1
16790 28585 1
16790 30090 1
21794 13713 1
21794 20426 1
21794 27458 1
21794 32439 1
27456 11064 1
27456 20426 1
27456 27447 1
27456 27448 1
27456 27449 1
27456 27450 1
27456 27451 1
27456 27452 1
27456 27453 1
27456 27454 2
27456 27455 1
27456 27457 1
27456 27458 1
27456 28736 1
27456 32526 1
27456 33407 1
27456 41849 2
27456 55050 1
27456 90918 1
27458 13713 1
27458 20426 1
27458 21794 1
27458 27447 1
27458 27448 1
27458 27449 1
27458 27450 1
27458 27451 1
27458 27452 1
27458 27453 1
27458 27454 1
27458 27455 1
27458 27456 1
27458 27457 1
27458 32439 1
27458 55050 1
28585 8408 1
28585 14400 1
28585 14695 1
28585 16790 1
28585 20115 1
28585 20426 1
28585 30090 1
32526 4033 1
32526 11064 1
32526 20426 1
32526 27456 1
32526 28736 1
32526 32524 1
32526 33407 1
32526 41849 2
32526 90918 1
41849 11064 1
41849 20426 1
41849 27454 1
41849 27456 2
41849 28736 1
41849 29717 1
41849 32526 2
41849 33407 1
41849 41848 1
41849 90918 1
45026 18396 1
45026 20426 1
45026 27932 1
45026 30090 1
45026 32438 1
45026 32439 1
45026 32633 1
45026 34974 2
45026 34976 2
45026 90918 1
90918 11064 1
90918 18396 1
90918 20426 1
90918 21290 1
90918 27456 1
90918 27932 1
90918 28736 1
90918 29717 1
90918 30087 1
90918 30090 1
90918 32526 1
90918 32633 1
90918 33407 1
90918 34974 1
90918 34976 1
90918 41849 1
90918 45026 1
19621 1100 1
19621 20235 1
19621 20534 1
19621 22843 1
19621 25869 1
19621 27096 1
20699 6521 1
20699 20534 1
20699 22693 1
20699 23077 1
20699 23085 1
20699 26865 1
20699 27972 1
20699 29375 3
20699 38522 1
20699 38703 1
20699 41538 1
22693 899 1
22693 6521 1
22693 14400 1
22693 20534 1
22693 20699 1
22693 21130 1
22693 23077 1
22693 23085 1
22693 26865 1
22693 27972 1
22693 29375 1
22693 30388 1
22693 31424 1
22693 38522 1
22693 38703 1
22693 41538 1
22843 11609 1
22843 19621 1
22843 20534 1
23077 6521 1
23077 20534 1
23077 20699 1
23077 22693 1
23077 23085 1
23077 26865 1
23077 27972 1
23077 29375 1
23077 38522 1
23077 38703 1
23077 41538 1
23085 4894 1
23085 6521 1
23085 20534 1
23085 20699 1
23085 22693 1
23085 23077 1
23085 26865 1
23085 27972 1
23085 29375 1
23085 38522 1
23085 38703 1
23085 41538 1
26865 6521 1
26865 20534 1
26865 20699 1
26865 22693 1
26865 23077 1
26865 23085 1
26865 27972 1
26865 29375 1
26865 38522 1
26865 38703 1
26865 41538 1
29375 6521 1
29375 14827 1
29375 16144 1
29375 19340 1
29375 20534 1
29375 20699 3
29375 22693 1
29375 23077 1
29375 23085 1
29375 24506 1
29375 26865 1
29375 27077 1
29375 27096 1
29375 27972 1
29375 28952 1
29375 31048 1
29375 32953 1
29375 34182 1
29375 38522 1
29375 38703 1
29375 41538 1
38522 6521 1
38522 20534 1
38522 20699 1
38522 22693 1
38522 23077 1
38522 23085 1
38522 26865 1
38522 27972 1
38522 29375 1
38522 36782 1
38522 38703 1
38522 41538 1
38703 6521 1
38703 20534 1
38703 20699 1
38703 22693 1
38703 23077 1
38703 23085 1
38703 26865 1
38703 27972 1
38703 29375 1
38703 38522 1
38703 41538 1
41538 6521 1
41538 20534 1
41538 20699 1
41538 22693 1
41538 23077 1
41538 23085 1
41538 23311 1
41538 26865 1
41538 27972 1
41538 29375 1
41538 35287 1
41538 38522 1
41538 38703 1
41538 42016 1
41538 43768 1
986 4294 1
986 16235 1
986 16462 1
986 21299 1
986 21382 1
986 23471 1
986 27572 1
986 29243 1
986 31918 1
4294 986 1
4294 16235 1
4294 16462 1
4294 21299 1
4294 21382 1
4294 23471 1
4294 27572 1
4294 29243 1
4294 31918 1
4294 40338 1
7543 7542 1
7543 21299 1
7543 26539 1
7543 28073 1
9642 13854 1
9642 16143 1
9642 20128 1
9642 21299 1
9642 21488 1
9642 22444 1
9642 27210 1
9642 29398 1
10504 16660 1
10504 21130 1
10504 21299 1
10504 24316 1
10504 26391 1
10504 28462 1
10504 28467 1
10504 31449 1
10504 32942 1
10504 33679 1
13854 9642 1
13854 16143 1
13854 20128 1
13854 21299 1
13854 21488 1
13854 22444 1
13854 27210 1
13854 29398 1
16143 9642 1
16143 13854 1
16143 20128 1
16143 21299 1
16143 21488 1
16143 22444 1
16143 27210 1
16143 29398 1
16235 986 1
16235 4294 1
16235 16462 1
16235 21299 1
16235 21382 1
16235 23471 1
16235 27572 1
16235 29243 1
16235 31918 1
16462 986 1
16462 4294 1
16462 16235 1
16462 21299 1
16462 21382 1
16462 23471 1
16462 27572 1
16462 29243 1
16462 31918 1
17666 21299 1
17666 27468 1
17666 30671 1
17666 39240 1
19924 21299 1
19924 28461 1
20128 9642 1
20128 13854 1
20128 16143 1
20128 21299 1
20128 21488 1
20128 22444 1
20128 27210 1
20128 29398 1
21130 10504 1
21130 14400 1
21130 16660 1
21130 21299 1
21130 22693 1
21130 22966 1
21130 24316 1
21130 26391 1
21130 28462 1
21130 28467 1
21130 29503 1
21130 31449 1
21130 32613 1
21130 32942 1
21130 33679 1
21382 986 1
21382 4294 1
21382 16235 1
21382 16462 1
21382 21299 1
21382 23471 1
21382 27572 1
21382 29243 1
21382 31918 1
21488 9642 1
21488 13854 1
21488 16143 1
21488 20128 1
21488 21299 1
21488 22444 1
21488 27210 1
21488 29398 1
22444 9642 1
22444 13854 1
22444 16143 1
22444 20128 1
22444 21299 1
22444 21488 1
22444 22445 1
22444 27210 1
22444 29398 1
22444 29658 1
23100 21299 1
23100 25233 1
23100 25892 1
23100 27572 1
23100 28281 1
23100 29150 1
23100 29152 1
23100 31424 1
23100 32613 1
23100 39465 1
23471 986 1
23471 4294 1
23471 16235 1
23471 16462 1
23471 20926 1
23471 21299 1
23471 21382 1
23471 27572 1
23471 29243 1
23471 31918 1
24316 10504 1
24316 16660 1
24316 21130 1
24316 21299 1
24316 26391 1
24316 28462 1
24316 28467 1
24316 31449 1
24316 32942 1
24316 33679 1
25892 21299 1
25892 23100 1
25892 28281 1
25892 29150 1
25892 29152 2
25892 31224 1
25892 32613 1
26391 10504 1
26391 16660 1
26391 21130 1
26391 21299 1
26391 24316 1
26391 28462 1
26391 28467 1
26391 31449 1
26391 32942 1
26391 33679 1
26539 6556 1
26539 6575 1
26539 7543 1
26539 21299 1
26539 28073 1
27210 9642 1
27210 13854 1
27210 16143 1
27210 20128 1
27210 21299 1
27210 21488 1
27210 22444 1
27210 25778 1
27210 29152 1
27210 29398 1
27210 39240 1
27468 17666 1
27468 21299 1
27468 30671 1
27572 986 1
27572 4294 1
27572 16235 1
27572 16462 1
27572 21299 1
27572 21382 1
27572 23100 1
27572 23471 1
27572 29243 1
27572 31424 1
27572 31918 1
28073 7543 1
28073 21299 1
28073 26539 1
28281 21299 1
28281 23100 1
28281 25892 1
28281 29150 1
28281 29152 1
28281 32587 1
28281 32613 1
28461 19924 1
28461 21299 1
28461 31025 1
28462 1100 1
28462 10504 1
28462 16660 1
28462 21130 1
28462 21299 1
28462 24316 1
28462 26391 1
28462 28467 1
28462 31449 1
28462 32942 2
28462 33679 1
28467 10504 1
28467 16660 1
28467 21130 1
28467 21299 1
28467 24316 1
28467 26391 1
28467 28462 1
28467 31449 1
28467 32942 1
28467 33679 1
29150 21299 1
29150 23100 1
29150 25892 1
29150 28281 1
29150 29152 1
29150 32613 1
29152 21299 1
29152 23100 1
29152 25892 2
29152 27210 1
29152 28281 1
29152 29150 1
29152 32613 1
29152 35649 1
29152 43970 1
29243 986 1
29243 4294 1
29243 16235 1
29243 16462 1
29243 21299 1
29243 21382 1
29243 23471 1
29243 27572 1
29243 31918 1
29398 9642 1
29398 13854 1
29398 16143 1
29398 20128 1
29398 21299 1
29398 21488 1
29398 22444 1
29398 27210 1
29398 39227 1
30671 17666 1
30671 21299 1
30671 27468 1
31449 10504 1
31449 16660 1
31449 21130 1
31449 21299 1
31449 24316 1
31449 26391 1
31449 28462 1
31449 28467 1
31449 32942 1
31449 33679 1
31918 986 1
31918 4294 1
31918 16235 1
31918 16462 1
31918 21299 1
31918 21382 1
31918 23471 1
31918 27572 1
31918 29243 1
32613 18953 1
32613 21130 1
32613 21299 1
32613 22568 1
32613 22966 1
32613 23100 1
32613 25522 1
32613 25892 1
32613 28281 1
32613 28319 1
32613 28579 1
32613 29150 1
32613 29152 1
32942 10504 1
32942 16660 1
32942 21130 1
32942 21299 1
32942 24316 1
32942 26391 1
32942 28462 2
32942 28467 1
32942 31449 1
32942 33679 1
33679 10504 1
33679 16660 1
33679 21130 1
33679 21299 1
33679 24316 1
33679 26391 1
33679 28462 1
33679 28467 1
33679 31449 1
33679 32942 1
10769 23119 1
10769 23127 1
10769 23666 1
10769 28736 1
10769 29000 1
10769 32632 1
10769 32633 1
10769 34623 1
10769 35055 1
23119 1013 1
23119 10769 1
23119 23666 1
23119 28736 1
23119 29000 1
23119 32439 1
23119 32632 2
23119 32633 1
29000 10769 1
29000 23119 1
29000 23666 1
29000 27744 1
29000 28736 1
29000 28999 1
29000 30997 1
29000 32632 1
29000 32633 1
29000 33740 1
32632 10769 1
32632 23119 2
32632 23666 1
32632 28736 1
32632 29000 1
32632 32439 1
32632 32633 3
9816 20235 1
9816 23526 1
9816 24431 1
21524 12231 1
21524 24431 1
21524 24508 1
21524 30191 1
21524 31839 1
23526 1092 1
23526 1100 1
23526 3052 1
23526 8055 1
23526 9816 1
23526 11668 1
23526 13223 1
23526 15874 1
23526 16159 1
23526 16441 1
23526 17149 1
23526 18548 1
23526 18714 1
23526 20235 6
23526 20901 1
23526 23208 1
23526 23582 1
23526 24431 1
24508 21376 1
24508 21524 1
24508 24431 1
24508 31839 1
31839 21524 1
31839 24431 1
31839 24508 1
9920 9921 1
9920 9922 1
9920 24436 1
9921 9920 1
9921 9922 1
9921 24436 1
9922 9920 1
9922 9921 1
9922 24436 1
10693 25342 1
10693 33905 1
10693 33906 1
33905 10693 1
33905 25342 1
33905 33906 1
33906 10693 1
33906 25342 1
33906 33905 1
1114 10966 1
1114 10967 1
1114 11431 1
1114 12231 1
1114 25479 1
1114 27564 1
1114 30993 1
1114 31498 1
1114 34590 1
10966 1114 1
10966 10967 1
10966 11431 1
10966 12231 1
10966 25479 1
10966 27564 1
10966 30993 1
10966 31498 1
10966 34590 1
10967 1114 1
10967 10966 1
10967 11431 1
10967 12231 1
10967 21108 1
10967 25479 1
10967 27564 1
10967 30993 1
10967 31498 1
10967 34590 1
11431 1114 1
11431 10966 1
11431 10967 1
11431 12231 1
11431 25479 1
11431 27564 1
11431 30993 1
11431 31498 1
11431 34590 1
12231 1114 1
12231 10963 1
12231 10966 1
12231 10967 1
12231 11431 1
12231 11472 1
12231 21357 1
12231 21524 1
12231 25479 1
12231 25573 1
12231 25734 1
12231 27564 1
12231 28319 1
12231 30191 1
12231 30750 1
12231 30993 1
12231 31498 1
12231 34590 1
16518 17345 1
16518 17346 1
16518 17360 1
16518 25479 1
16518 26114 1
16518 32707 1
16518 33268 1
17345 16518 1
17345 17346 2
17345 17352 1
17345 17360 2
17345 25479 1
17345 26114 1
17345 32707 1
17345 33268 1
17346 16518 1
17346 17345 2
17346 17352 1
17346 17360 1
17346 25479 1
17346 26114 1
17346 32707 1
17346 33268 1
17360 16518 1
17360 17345 2
17360 17346 1
17360 25479 1
17360 26114 1
17360 32707 1
17360 33268 1
22104 22222 1
22104 22638 1
22104 22966 1
22104 25479 1
22104 25489 1
22104 27555 1
22104 34046 1
22104 36402 1
22222 1100 1
22222 18565 1
22222 22104 1
22222 22966 1
22222 25479 1
22222 25489 1
22222 27555 1
22222 27587 1
22222 36402 1
22966 21130 1
22966 22104 1
22966 22222 1
22966 25479 1
22966 25489 1
22966 27555 1
22966 32613 1
22966 36402 1
25489 22104 1
25489 22222 1
25489 22966 1
25489 25479 1
25489 27555 1
25489 36402 1
25522 25479 1
25522 27414 1
25522 32613 1
25522 36530 1
26114 6537 1
26114 16518 1
26114 17345 1
26114 17346 1
26114 17360 1
26114 25479 1
26114 26747 1
26114 31464 1
26114 32707 1
26114 33268 1
27414 173 2
27414 25479 1
27414 25522 1
27414 27411 1
27414 27412 2
27414 34113 2
27414 36530 1
27414 37584 1
27555 22104 1
27555 22222 1
27555 22966 1
27555 25479 1
27555 25489 1
27555 36402 1
27564 1114 1
27564 10966 1
27564 10967 1
27564 11431 1
27564 12231 1
27564 25479 1
27564 30993 1
27564 31498 1
27564 34590 1
30872 25327 1
30872 25479 1
30872 39076 1
30993 1114 1
30993 5178 1
30993 10966 1
30993 10967 1
30993 11431 1
30993 11553 1
30993 12231 1
30993 15091 1
30993 22105 1
30993 22681 1
30993 25047 1
30993 25140 1
30993 25479 1
30993 25500 1
30993 25501 1
30993 25502 1
30993 25503 1
30993 27466 1
30993 27503 1
30993 27564 1
30993 31498 1
30993 34590 1
30993 74428 1
31498 1114 1
31498 10966 1
31498 10967 1
31498 11431 1
31498 12231 1
31498 25479 1
31498 27564 1
31498 30993 1
31498 34590 1
32707 16518 1
32707 17345 1
32707 17346 1
32707 17360 1
32707 25479 1
32707 26114 1
32707 33268 1
32707 39240 1
32707 39649 1
33268 16518 1
33268 17345 1
33268 17346 1
33268 17360 1
33268 25479 1
33268 26114 1
33268 32707 1
34590 1114 1
34590 10966 1
34590 10967 1
34590 11431 1
34590 12231 1
34590 25479 1
34590 27564 1
34590 30993 1
34590 31498 1
36402 22104 1
36402 22222 1
36402 22966 1
36402 25479 1
36402 25489 1
36402 27555 1
36402 38925 1
36530 25479 1
36530 25522 1
36530 27414 1
39076 13229 1
39076 25479 1
39076 27372 1
39076 30872 1
5178 11553 1
5178 15091 1
5178 22105 1
5178 22681 1
5178 25047 1
5178 25140 1
5178 25500 1
5178 25501 1
5178 25502 1
5178 25503 1
5178 27466 1
5178 27503 1
5178 30993 1
5178 74428 1
11553 5178 1
11553 15091 1
11553 22105 1
11553 22681 1
11553 25047 1
11553 25140 1
11553 25500 1
11553 25501 1
11553 25502 1
11553 25503 1
11553 27466 1
11553 27503 1
11553 30993 1
11553 74428 1
15091 5178 1
15091 11553 1
15091 22105 1
15091 22681 1
15091 25047 1
15091 25140 1
15091 25500 1
15091 25501 1
15091 25502 1
15091 25503 1
15091 27466 1
15091 27503 1
15091 30993 1
15091 74428 1
22105 5178 1
22105 11553 1
22105 15091 1
22105 22681 1
22105 25047 1
22105 25140 1
22105 25500 1
22105 25501 1
22105 25502 1
22105 25503 1
22105 27466 1
22105 27503 1
22105 30993 1
22105 74428 1
22681 1100 1
22681 1106 1
22681 5178 1
22681 11553 1
22681 15091 1
22681 18167 1
22681 20723 1
22681 22105 1
22681 22446 1
22681 25047 1
22681 25140 1
22681 25500 1
22681 25501 1
22681 25502 1
22681 25503 1
22681 27466 1
22681 27503 1
22681 30993 1
22681 74428 1
25047 5178 1
25047 11553 1
25047 15091 1
25047 22105 1
25047 22681 1
25047 25140 1
25047 25500 1
25047 25501 1
25047 25502 1
25047 25503 1
25047 27466 1
25047 27503 1
25047 30993 1
25047 74428 1
25140 5178 1
25140 11553 1
25140 15091 1
25140 20235 1
25140 22105 1
25140 22681 1
25140 25047 1
25140 25500 1
25140 25501 1
25140 25502 1
25140 25503 1
25140 26883 1
25140 27466 2
25140 27503 1
25140 30993 1
25140 74428 1
25500 5178 1
25500 11553 1
25500 15091 1
25500 22105 1
25500 22681 1
25500 25047 1
25500 25140 1
25500 25501 1
25500 25502 1
25500 25503 1
25500 27466 1
25500 27503 1
25500 30993 1
25500 74428 1
25501 5178 1
25501 11553 1
25501 15091 1
25501 22105 1
25501 22681 1
25501 25047 1
25501 25140 1
25501 25500 1
25501 25502 1
25501 25503 1
25501 27466 1
25501 27503 1
25501 30993 1
25501 74428 1
25502 5178 1
25502 11553 1
25502 15091 1
25502 22105 1
25502 22681 1
25502 25047 1
25502 25140 1
25502 25500 1
25502 25501 1
25502 25503 1
25502 27466 1
25502 27503 1
25502 30993 1
25502 74428 1
25502 119806 1
27466 5178 1
27466 11553 1
27466 15091 1
27466 22105 1
27466 22681 1
27466 25047 1
27466 25140 2
27466 25500 1
27466 25501 1
27466 25502 1
27466 25503 1
27466 26883 1
27466 27503 1
27466 30993 1
27466 74428 1
27503 5178 1
27503 11553 1
27503 15091 1
27503 22105 1
27503 22681 1
27503 25047 1
27503 25140 1
27503 25500 1
27503 25501 1
27503 25502 1
27503 25503 1
27503 27466 1
27503 30993 1
27503 74428 1
74428 5178 1
74428 11553 1
74428 15091 1
74428 22105 1
74428 22681 1
74428 25047 1
74428 25140 1
74428 25500 1
74428 25501 1
74428 25502 1
74428 25503 1
74428 27466 1
74428 27503 1
74428 30993 1
17849 19421 1
17849 19454 1
17849 19483 1
17849 21458 1
17849 26251 1
17849 26721 1
17849 26722 1
17849 29934 1
17849 34502 1
17849 34503 1
19421 17849 1
19421 19454 1
19421 19483 1
19421 21458 1
19421 26251 1
19421 26721 1
19421 26722 1
19421 29934 1
19421 34502 1
19421 34503 1
19454 8500 1
19454 17849 1
19454 18260 1
19454 19421 1
19454 19483 1
19454 21458 1
19454 24495 1
19454 24637 1
19454 26251 1
19454 26721 1
19454 26722 1
19454 28067 1
19454 29934 1
19454 31708 1
19454 34502 1
19454 34503 1
19483 17849 1
19483 19421 1
19483 19454 1
19483 21458 1
19483 26251 1
19483 26721 1
19483 26722 1
19483 29934 1
19483 34502 1
19483 34503 1
21458 17849 1
21458 19421 1
21458 19454 1
21458 19483 1
21458 26251 1
21458 26721 1
21458 26722 1
21458 29934 1
21458 34502 1
21458 34503 1
22076 26251 1
22076 28508 1
26721 17849 1
26721 19421 1
26721 19454 1
26721 19483 1
26721 21458 1
26721 26251 1
26721 26722 5
26721 29934 1
26721 34277 4
26721 34502 1
26721 34503 1
26721 60109 1
26722 17849 1
26722 19421 1
26722 19454 1
26722 19483 1
26722 21458 1
26722 26251 1
26722 26721 5
26722 29934 1
26722 34277 4
26722 34502 1
26722 34503 1
26722 60109 1
28319 12231 1
28319 14698 1
28319 18953 1
28319 19682 1
28319 22568 1
28319 26251 1
28319 28579 1
28319 32613 1
28508 22076 1
28508 26251 1
29934 17849 1
29934 19421 1
29934 19454 1
29934 19483 1
29934 21458 1
29934 26251 1
29934 26721 1
29934 26722 1
29934 34502 1
29934 34503 1
29934 38925 1
34502 17849 1
34502 19421 1
34502 19454 1
34502 19483 1
34502 21458 1
34502 26251 1
34502 26721 1
34502 26722 1
34502 29934 1
34502 34503 2
34503 17849 1
34503 19421 1
34503 19454 1
34503 19483 1
34503 21458 1
34503 26251 1
34503 26721 1
34503 26722 1
34503 29934 1
34503 34502 2
1100 1106 1
1100 5048 1
1100 11609 1
1100 15153 1
1100 15874 1
1100 17816 1
1100 18565 1
1100 19621 1
1100 20235 1
1100 21539 1
1100 22222 1
1100 22681 1
1100 23526 1
1100 23882 1
1100 25333 1
1100 26590 1
1100 27096 1
1100 27256 1
1100 27587 1
1100 28462 1
1100 31020 1
1100 31170 1
1100 35287 1
1100 36100 1
1100 39240 1
1100 39579 1
5048 1100 1
5048 11609 1
5048 17816 1
5048 23882 1
5048 25333 1
5048 26590 1
5048 27256 1
5048 31020 1
5048 31170 1
5048 35287 1
5048 36100 1
5048 39240 1
5048 39579 1
7532 936 1
7532 7838 1
7532 10426 1
7532 12011 1
7532 16082 1
7532 17478 1
7532 18549 1
7532 18678 1
7532 19092 1
7532 26991 1
7532 27256 1
7532 122243 1
11609 1100 1
11609 5048 1
11609 17816 1
11609 22843 1
11609 23882 1
11609 25333 1
11609 26590 1
11609 27256 1
11609 31020 1
11609 31170 1
11609 32366 1
11609 35287 1
11609 36100 1
11609 39240 1
11609 39579 1
12379 17485 1
12379 27256 1
12379 32366 1
14963 25273 1
14963 27256 1
16082 7532 1
16082 17478 1
16082 18678 1
16082 26991 1
16082 27256 1
16082 122243 1
17478 7532 1
17478 16082 1
17478 18678 1
17478 26991 1
17478 27256 1
17478 122243 1
17816 1100 1
17816 5048 1
17816 11609 1
17816 23882 1
17816 25333 1
17816 26590 1
17816 27256 1
17816 31020 1
17816 31170 1
17816 35287 1
17816 36100 1
17816 39240 1
17816 39579 1
18678 7532 1
18678 16082 1
18678 17478 1
18678 26991 1
18678 27256 1
18678 122243 1
18914 20138 1
18914 20160 1
18914 21211 1
18914 27256 1
23882 1100 1
23882 5048 1
23882 11609 1
23882 17816 1
23882 23879 1
23882 23880 1
23882 25333 1
23882 26590 1
23882 27256 1
23882 31020 1
23882 31170 1
23882 35287 1
23882 36100 1
23882 39240 1
23882 39579 1
25333 1100 1
25333 5048 1
25333 11609 1
25333 17816 1
25333 23882 1
25333 26590 1
25333 27256 1
25333 31020 1
25333 31170 1
25333 32489 1
25333 35287 1
25333 36100 1
25333 39240 1
25333 39579 1
26590 1100 1
26590 5048 1
26590 11609 1
26590 17816 1
26590 22717 1
26590 23882 1
26590 25333 1
26590 27256 1
26590 31020 1
26590 31170 1
26590 35287 1
26590 36100 1
26590 39240 1
26590 39579 1
26991 7532 1
26991 16082 1
26991 17478 1
26991 18678 1
26991 27256 1
26991 122243 1
31170 1100 1
31170 5048 1
31170 11609 1
31170 17816 1
31170 23882 1
31170 25333 1
31170 26590 1
31170 27256 1
31170 31020 1
31170 35287 1
31170 36100 1
31170 39240 1
31170 39579 1
32366 11609 1
32366 12379 1
32366 15153 1
32366 17485 1
32366 27256 1
35649 13627 1
35649 14400 1
35649 23545 1
35649 27256 1
35649 29152 1
35649 33790 1
35649 35287 1
35649 43970 1
36100 1100 1
36100 5048 1
36100 11609 1
36100 17816 1
36100 21478 1
36100 21482 1
36100 23882 1
36100 25333 1
36100 26590 1
36100 27256 1
36100 27743 1
36100 30073 1
36100 31020 1
36100 31170 1
36100 34253 1
36100 34277 1
36100 35240 1
36100 35287 1
36100 39240 1
36100 39579 1
36100 40095 1
39579 1100 1
39579 5048 1
39579 11609 1
39579 17816 1
39579 23882 1
39579 25333 1
39579 26590 1
39579 27256 1
39579 31020 1
39579 31170 1
39579 32582 1
39579 35287 1
39579 36100 1
39579 39240 1
39579 46076 1
39579 59399 1
122243 3678 1
122243 7532 1
122243 8427 1
122243 16082 1
122243 17301 1
122243 17478 1
122243 18678 1
122243 26991 1
122243 27256 1
122243 122260 1
122243 127646 1
122243 127647 1
27447 27448 1
27447 27449 1
27447 27450 1
27447 27451 1
27447 27452 1
27447 27453 1
27447 27454 1
27447 27455 1
27447 27456 1
27447 27457 1
27447 27458 1
27447 55050 1
27448 27447 1
27448 27449 1
27448 27450 1
27448 27451 1
27448 27452 1
27448 27453 1
27448 27454 1
27448 27455 1
27448 27456 1
27448 27457 1
27448 27458 1
27448 55050 1
27450 27447 1
27450 27448 1
27450 27449 1
27450 27451 1
27450 27452 1
27450 27453 1
27450 27454 1
27450 27455 1
27450 27456 1
27450 27457 1
27450 27458 1
27450 55050 1
27451 27447 1
27451 27448 1
27451 27449 1
27451 27450 1
27451 27452 1
27451 27453 1
27451 27454 1
27451 27455 1
27451 27456 1
27451 27457 1
27451 27458 1
27451 55050 1
27452 27447 1
27452 27448 1
27452 27449 1
27452 27450 1
27452 27451 1
27452 27453 1
27452 27454 1
27452 27455 1
27452 27456 1
27452 27457 1
27452 27458 1
27452 55050 1
27453 27447 1
27453 27448 1
27453 27449 1
27453 27450 1
27453 27451 1
27453 27452 1
27453 27454 1
27453 27455 1
27453 27456 1
27453 27457 1
27453 27458 1
27453 55050 1
27455 27447 1
27455 27448 1
27455 27449 1
27455 27450 1
27455 27451 1
27455 27452 1
27455 27453 1
27455 27454 1
27455 27456 1
27455 27457 1
27455 27458 1
27455 55050 1
30139 4492 1
30139 27457 1
30139 30138 1
55050 27447 1
55050 27448 1
55050 27449 1
55050 27450 1
55050 27451 1
55050 27452 1
55050 27453 1
55050 27454 1
55050 27455 1
55050 27456 1
55050 27457 1
55050 27458 1
27744 21290 1
27744 27745 1
27744 29000 1
27744 122061 1
122061 27744 1
122061 27745 1
6434 11811 1
6434 16776 1
6434 25869 1
6434 28261 1
10550 15774 2
10550 17661 1
10550 28261 1
11811 4033 1
11811 4494 1
11811 6434 1
11811 16776 1
11811 25869 1
11811 28261 1
15774 10550 2
15774 16776 1
15774 17661 1
15774 28261 1
17661 10550 1
17661 15774 1
17661 28261 1
25869 6434 1
25869 11811 1
25869 16776 1
25869 19621 1
25869 28261 1
9973 10702 1
9973 14056 1
9973 16929 1
9973 18442 1
9973 20629 1
9973 21125 1
9973 23851 1
9973 28297 1
9973 29820 1
9973 32489 1
9973 35283 1
10702 9973 1
10702 14056 1
10702 16929 1
10702 20629 1
10702 21125 1
10702 23851 1
10702 27096 1
10702 28297 1
10702 29820 1
10702 32489 1
10702 35283 1
14056 9973 1
14056 10702 1
14056 16929 1
14056 20629 1
14056 21125 1
14056 23851 1
14056 28297 1
14056 29820 1
14056 32489 1
14056 35283 1
16929 9973 1
16929 10702 1
16929 14056 1
16929 20629 1
16929 21125 1
16929 23851 1
16929 28297 1
16929 29820 1
16929 32489 1
16929 35283 1
20629 9973 1
20629 10702 1
20629 14056 1
20629 16442 1
20629 16929 1
20629 21125 1
20629 23851 1
20629 28297 1
20629 29820 1
20629 32489 1
20629 35283 1
21125 2223 1
21125 2454 1
21125 7375 1
21125 9973 1
21125 10702 1
21125 14056 1
21125 16929 1
21125 20629 1
21125 21633 1
21125 22735 1
21125 23760 1
21125 23851 1
21125 28297 1
21125 28587 1
21125 29820 1
21125 30857 1
21125 30883 1
21125 32489 1
21125 35283 1
21125 37260 1
23851 9973 1
23851 10702 1
23851 14056 1
23851 16929 1
23851 20629 1
23851 21125 1
23851 28297 1
23851 29820 1
23851 32489 1
23851 35283 1
29820 9973 1
29820 10702 1
29820 14056 1
29820 16929 1
29820 20629 1
29820 21125 1
29820 23851 1
29820 28297 1
29820 32489 1
29820 35283 1
32489 9973 1
32489 10702 1
32489 14056 1
32489 16929 1
32489 20629 1
32489 21125 1
32489 23851 1
32489 25333 1
32489 28297 1
32489 29820 1
32489 35283 1
35283 9973 1
35283 10702 1
35283 14056 1
35283 16929 1
35283 20629 1
35283 21125 1
35283 23851 1
35283 28297 1
35283 29820 1
35283 32489 1
7375 1297 1
7375 3451 1
7375 3834 1
7375 14373 1
7375 15860 1
7375 16660 1
7375 19606 1
7375 19609 1
7375 19611 1
7375 21125 1
7375 22609 1
7375 28587 1
9842 10971 1
9842 14203 1
9842 28587 1
10971 9842 1
10971 14203 1
10971 28587 1
14203 9842 1
14203 10971 1
14203 28587 1
4100 27961 1
4100 29537 1
4100 29930 1
4100 30388 1
27961 4100 1
27961 29537 1
27961 29930 1
27961 30388 1
29537 4100 1
29537 27961 1
29537 29930 1
29537 30388 1
29930 4100 1
29930 27961 1
29930 29537 1
29930 30388 1
21148 30883 1
43232 31177 1
50164 45401 1
23127 10769 1
23127 21290 1
23127 30087 1
23127 30090 1
23127 31518 1
23127 34621 1
31518 21290 1
31518 23127 1
31518 30087 1
31518 30090 2
31518 34621 2
34621 21290 1
34621 23127 1
34621 30087 1
34621 30090 2
34621 31518 2
13125 26945 1
13125 28146 1
13125 38710 1
26945 13125 1
26945 28146 1
26945 38710 1
37468 28146 1
37468 38710 1
37426 38710 1
51163 38710 1
10694 27932 1
10694 30090 1
27404 27402 1
27404 37766 1
27404 122060 1
39798 122060 3
19940 7217 1
10116 7576 1
4496 10950 1
4496 11533 1
10950 4496 1
10950 11533 1
26460 13923 1
27866 13923 1
27866 46591 1
28838 13923 1
46591 13923 1
46591 27866 1
10697 16660 1
10697 20234 1
20234 10697 1
20234 16660 1
10106 20123 1
10106 24694 1
24694 10106 1
24694 20123 1
12531 18661 1
12531 20378 1
12531 22645 1
12531 24472 1
12531 27393 1
18661 12531 1
18661 20378 1
18661 22645 1
18661 24472 1
18661 27393 1
22645 12531 1
22645 18661 1
22645 20378 1
22645 24472 1
22645 27393 1
24472 12531 1
24472 18661 1
24472 20378 1
24472 22645 1
24472 27393 1
27393 12531 1
27393 18661 1
27393 20378 1
27393 22645 1
27393 24472 1
20914 20463 1
15403 16203 1
15403 23801 1
16203 15403 1
16203 23801 1
24860 24982 1
24860 27741 1
27741 24860 1
27741 24982 1
10703 12156 1
10703 19912 1
10703 25408 1
10703 26915 1
12156 10703 1
12156 19912 1
12156 25408 1
12156 26915 1
19912 10703 1
19912 12156 1
19912 25408 1
19912 26915 1
26915 10703 1
26915 12156 1
26915 19912 1
26915 25408 1
10820 22016 1
10820 26419 1
13609 27071 1
13609 96643 1
13609 115325 1
42092 27071 1
96643 13609 1
96643 27071 1
96643 115325 5
115325 13609 1
115325 27071 1
115325 96643 5
16977 10832 1
16977 27096 1
16977 37260 1
10509 29376 1
36803 29376 1
36803 39394 1
39394 29376 1
39394 36803 1
18848 30857 1
29931 16506 1
29931 20844 1
29931 25893 1
29931 27242 1
29931 30857 1
29931 39970 1
29931 41103 1
41103 29931 1
41103 30857 1
23959 40516 1
43176 40516 1
24446 39240 1
24446 47152 1
50903 13714 1
50903 34948 1
33253 21133 1
33253 33861 1
5763 10973 1
5763 25404 1
5763 30392 1
10973 5763 1
10973 25404 1
10973 30392 1
30392 5763 1
30392 10973 1
30392 25404 1
22409 31025 1
615 1860 1
615 28599 1
615 29799 1
615 32592 1
615 45816 1
1860 615 1
1860 28599 1
1860 29799 1
1860 32592 1
1860 45816 1
4107 23048 1
4107 24540 1
4107 32592 1
23048 4107 1
23048 24540 1
23048 24600 1
23048 32592 1
23048 34982 1
24540 4107 1
24540 23048 1
24540 32592 1
28599 615 1
28599 1860 1
28599 29799 1
28599 32592 1
28599 45816 1
29799 615 1
29799 1860 1
29799 28599 1
29799 32592 1
29799 45816 1
45816 615 1
45816 1860 1
45816 28599 1
45816 29799 1
45816 32592 1
4626 4625 1
4626 9771 1
9771 4625 1
9771 4626 1
16248 14400 1
16248 20495 1
16248 20959 1
16248 28934 1
20495 14400 1
20495 16248 1
20495 20959 1
20495 28934 1
20959 14400 1
20959 16248 1
20959 20495 1
20959 28934 1
27390 14400 1
28934 14400 1
28934 16248 1
28934 20495 1
28934 20959 1
11472 12231 1
11472 21357 1
11472 25573 1
11472 25734 1
11472 30750 1
25734 11472 1
25734 12231 1
25734 21357 1
25734 25573 1
25734 30750 1
30750 11472 1
30750 12231 1
30750 21357 1
30750 25573 1
30750 25734 1
13682 25778 1
13682 36775 1
36775 13682 1
36775 25778 1
16506 20844 1
16506 25893 1
16506 27242 1
16506 29931 1
16506 39970 1
20844 16506 1
20844 25893 1
20844 27242 1
20844 29931 1
20844 39970 1
27242 16506 1
27242 20844 1
27242 25893 1
27242 29931 1
27242 39970 1
39970 16506 1
39970 20844 1
39970 25893 1
39970 27242 1
39970 29931 1
7467 26587 1
21927 34079 1
28206 34079 1
19630 46061 1
16221 17844 1
20190 17844 1
16345 27597 1
16345 32292 1
32292 16345 1
32292 27597 1
28098 35297 1
34705 35297 1
35296 22943 1
43769 33904 1
9367 34196 1
9367 37686 1
9367 37687 1
19999 20002 1
19999 34196 1
37686 9367 1
37686 34196 1
37686 37687 1
37687 9367 1
37687 34196 1
37687 37686 1
34657 34655 1
34657 35289 1
35289 34655 1
35289 34657 1
34282 37260 1
20505 37829 1
5165 7713 1
5165 8613 1
5165 20002 1
5165 20009 1
7713 5165 1
7713 8613 1
7713 20002 1
7713 20009 1
8613 5165 1
8613 7713 1
8613 20002 1
8613 20009 1
19655 22132 1
11072 16648 1
10317 21539 1
10317 22085 1
10317 34351 1
22085 10317 1
22085 21539 1
22085 34351 1
34351 10317 1
34351 11568 1
34351 15905 1
34351 21539 1
34351 22085 1
36429 21539 1
12205 15876 1
12205 19682 1
12205 25370 1
12205 28797 1
15876 12205 1
15876 19682 1
15876 25370 1
15876 28797 1
25370 12205 1
25370 15876 1
25370 19682 1
25370 28797 1
28797 12205 1
28797 15876 1
28797 19682 1
28797 25370 1
17163 22016 1
17163 28579 1
8500 18260 1
8500 19454 1
8500 24495 1
8500 24637 1
8500 31708 1
16704 19646 1
16704 21768 1
16704 22505 1
16704 31708 1
18260 8500 1
18260 19454 1
18260 24495 1
18260 24637 1
18260 31708 1
19646 16704 1
19646 21768 1
19646 22505 1
19646 31708 1
21768 16704 1
21768 19646 1
21768 22505 1
21768 31708 1
22505 16704 1
22505 19646 1
22505 21768 1
22505 31708 1
22505 121119 1
24495 8500 1
24495 18260 1
24495 19454 1
24495 24637 1
24495 31708 1
24630 24924 2
24630 24925 2
24630 24927 2
24630 31708 1
24637 8500 1
24637 18260 1
24637 19454 1
24637 24495 1
24637 31708 1
24924 24630 2
24924 24925 2
24924 24927 2
24924 31708 1
24925 24630 2
24925 24924 2
24925 24927 2
24925 31708 1
24927 24630 2
24927 24924 2
24927 24925 2
24927 31708 1
7048 20235 1
16136 17823 1
16136 19071 1
16136 19223 1
16136 20235 1
17823 16136 1
17823 19071 1
17823 19223 1
17823 20235 1
19071 16136 1
19071 17823 1
19071 19223 1
19071 20235 1
19223 16136 1
19223 17823 1
19223 19071 1
19223 20235 1
23182 20235 1
103627 21357 1
1098 22673 1
21625 22673 1
14705 23079 1
23553 27736 1
23553 41622 1
41622 23553 1
41622 27736 1
14950 29063 1
16244 20485 1
16244 21925 1
16244 22081 1
16244 28205 1
16244 29063 1
16244 33045 1
16244 37583 1
16244 63750 1
20485 16244 1
20485 21925 1
20485 22081 1
20485 28205 1
20485 29063 1
20485 33045 1
20485 37583 1
20485 63750 1
21925 16244 1
21925 20485 1
21925 22081 1
21925 28205 1
21925 29063 1
21925 33045 1
21925 37583 1
21925 63750 1
22081 16244 1
22081 20485 1
22081 21925 1
22081 28205 1
22081 29063 1
22081 33045 1
22081 37583 1
22081 63750 1
28205 16244 1
28205 20485 1
28205 21925 1
28205 22081 1
28205 29063 1
28205 33045 1
28205 37583 1
28205 63750 1
33045 16244 1
33045 20485 1
33045 21925 1
33045 22081 1
33045 28205 1
33045 29063 1
33045 37583 1
33045 63750 1
37583 16244 1
37583 20485 1
37583 21925 1
37583 22081 1
37583 28205 1
37583 29063 1
37583 33045 1
37583 63750 1
63750 16244 1
63750 20485 1
63750 21925 1
63750 22081 1
63750 28205 1
63750 29063 1
63750 33045 1
63750 37583 1
33542 33543 1
33542 33544 1
33544 33542 1
33544 33543 1
30989 33861 1
40988 79599 1
3052 1092 1
3052 4316 1
3052 8055 1
3052 11668 1
3052 13223 1
3052 17149 1
3052 20901 1
3052 23208 1
3052 23526 1
8055 1092 1
8055 3052 1
8055 11668 1
8055 13223 1
8055 17149 1
8055 20901 1
8055 23208 1
8055 23526 1
11668 1092 1
11668 3052 1
11668 8055 1
11668 13223 1
11668 17149 1
11668 20901 1
11668 23208 1
11668 23526 1
13223 1092 1
13223 3052 1
13223 8055 1
13223 11668 1
13223 17149 1
13223 20901 1
13223 23208 1
13223 23526 1
17149 1092 1
17149 3052 1
17149 8055 1
17149 11668 1
17149 13223 1
17149 20901 1
17149 23208 1
17149 23526 1
20901 1092 1
20901 3052 1
20901 8055 1
20901 11668 1
20901 13223 1
20901 17149 1
20901 23208 1
20901 23526 1
21635 1092 1
23208 1092 1
23208 3052 1
23208 8055 1
23208 11668 1
23208 13223 1
23208 17149 1
23208 20901 1
23208 23526 1
6410 4451 1
12050 7195 1
21186 9822 1
11051 11064 1
13659 14695 1
13659 24595 1
13659 26744 1
24595 13659 1
24595 14695 1
24595 26744 1
26744 13659 1
26744 14695 1
26744 19153 1
26744 24595 1
8408 28585 1
41848 41849 1
899 22693 1
4894 23085 1
14827 16144 1
14827 19340 1
14827 24506 1
14827 27077 1
14827 28952 1
14827 29375 1
16144 14827 1
16144 19340 1
16144 24506 1
16144 27077 1
16144 28952 1
16144 29375 1
19340 14827 1
19340 16144 1
19340 24506 1
19340 27077 1
19340 28952 1
19340 29375 1
24506 14827 1
24506 16144 1
24506 19340 1
24506 27077 1
24506 28952 1
24506 29375 1
27077 14827 1
27077 16144 1
27077 19340 1
27077 24506 1
27077 28952 1
27077 29375 1
28952 14827 1
28952 16144 1
28952 19340 1
28952 24506 1
28952 27077 1
28952 29375 1
31048 29375 1
31048 32953 1
31048 34182 1
32953 29375 1
32953 31048 1
32953 34182 1
34182 29375 1
34182 31048 1
34182 32953 1
36782 38522 1
23311 41538 1
23311 43768 1
43768 23311 1
43768 41538 1
40338 4294 1
7542 7543 1
7542 8274 1
29503 21130 1
22445 22444 1
22445 29658 1
29658 22444 1
29658 22445 1
25233 23100 1
25233 27811 1
25233 49104 1
39465 23100 1
20926 23471 1
6556 6575 1
6556 26539 1
6575 6556 1
6575 26539 1
43970 29152 1
43970 35649 1
39227 29398 1
18953 22568 1
18953 28319 1
18953 28579 1
18953 32613 1
22568 18953 1
22568 28319 1
22568 28579 1
22568 32613 1
28579 17163 1
28579 18953 1
28579 22568 1
28579 28319 1
28579 32613 1
34623 10769 1
34623 35055 1
35055 10769 1
35055 34623 1
1013 23119 1
28999 29000 1
28999 30997 1
30997 28999 1
30997 29000 1
33740 29000 1
30191 12231 1
30191 21524 1
16159 16441 1
16159 18548 1
16159 18714 1
16159 23526 1
16159 23582 1
16441 16159 1
16441 18548 1
16441 18714 1
16441 23526 1
16441 23582 1
18548 16159 1
18548 16441 1
18548 18714 1
18548 23526 1
18548 23582 1
18714 16159 1
18714 16441 1
18714 18548 1
18714 23526 1
18714 23582 1
23582 16159 1
23582 16441 1
23582 18548 1
23582 18714 1
23582 23526 1
21376 24508 1
10963 12231 1
17352 17345 1
17352 17346 1
22638 22104 1
22638 34046 1
34046 22104 1
34046 22638 1
18565 1100 1
18565 22222 1
18565 27587 1
27587 1100 1
27587 18565 1
27587 22222 1
6537 3129 1
6537 26114 1
6537 26747 1
6537 31464 1
26747 6537 1
26747 26114 1
26747 31464 1
31464 6537 1
31464 26114 1
31464 26747 1
173 27411 1
173 27412 2
173 27414 2
173 34113 2
173 37584 1
27411 173 1
27411 27412 1
27411 27414 1
27411 34113 1
27411 37584 1
27412 173 2
27412 27411 1
27412 27414 2
27412 34113 2
27412 37584 1
34113 173 2
34113 27411 1
34113 27412 2
34113 27414 2
34113 37584 1
37584 173 1
37584 27411 1
37584 27412 1
37584 27414 1
37584 34113 1
25327 30872 1
13229 39076 1
27372 39076 1
18167 22446 1
18167 22681 1
20723 22681 1
22446 18167 1
22446 22681 1
26883 25140 1
26883 27466 1
119806 25502 1
28067 19454 1
34277 21478 1
34277 21482 1
34277 26721 4
34277 26722 4
34277 34253 1
34277 35240 1
34277 36100 1
34277 40095 1
34277 60109 1
60109 26721 1
60109 26722 1
60109 34277 1
14698 28319 1
936 7532 1
936 7838 1
936 10426 1
936 12011 1
936 18549 1
936 19092 1
7838 936 1
7838 7532 1
7838 10426 1
7838 12011 1
7838 18549 1
7838 19092 1
10426 936 1
10426 7532 1
10426 7838 1
10426 12011 1
10426 18549 1
10426 19092 1
12011 936 1
12011 7532 1
12011 7838 1
12011 10426 1
12011 18549 1
12011 19092 1
18549 936 1
18549 7532 1
18549 7838 1
18549 10426 1
18549 12011 1
18549 19092 1
19092 936 1
19092 7532 1
19092 7838 1
19092 10426 1
19092 12011 1
19092 18549 1
20138 8895 1
20138 16215 1
20138 16216 1
20138 18914 1
20138 20160 2
20138 20161 1
20138 20338 1
20138 21211 1
20138 23895 1
20160 8895 1
20160 16215 1
20160 16216 1
20160 18914 1
20160 20138 2
20160 20161 1
20160 20338 1
20160 21211 1
20160 23895 1
21211 18914 1
21211 20138 1
21211 20160 1
23879 23880 1
23879 23882 1
23880 23879 1
23880 23882 1
22717 26590 1
33790 35649 1
21478 21482 1
21478 34253 1
21478 34277 1
21478 35240 1
21478 36100 1
21478 40095 1
21482 21478 1
21482 34253 1
21482 34277 1
21482 35240 1
21482 36100 1
21482 40095 1
27743 30073 1
27743 36100 1
30073 27743 1
30073 36100 1
34253 21478 1
34253 21482 1
34253 34277 1
34253 35240 1
34253 36100 1
34253 40095 1
35240 21478 1
35240 21482 1
35240 34253 1
35240 34277 1
35240 36100 1
35240 40095 1
40095 21478 1
40095 21482 1
40095 34253 1
40095 34277 1
40095 35240 1
40095 36100 1
32582 39579 1
46076 39579 1
46076 59399 1
59399 39579 1
59399 46076 1
3678 8427 1
3678 17301 1
3678 122243 1
3678 122260 1
8427 3282 1
8427 3678 1
8427 17301 1
8427 122243 1
8427 122260 1
17301 3678 1
17301 8427 1
17301 122243 1
17301 122260 1
122260 3678 1
122260 8427 1
122260 10233 1
122260 17301 1
122260 122243 1
127646 122243 1
127646 127647 3
127647 122243 1
127647 127646 3
4492 30139 1
4494 11811 1
18442 9973 1
16442 20629 1
2223 21125 1
2223 23760 1
2454 21125 1
2454 22735 1
21633 21125 1
22735 2454 1
22735 21125 1
23760 2223 1
23760 21125 1
1297 3834 1
1297 7375 1
1297 14373 1
1297 15860 1
1297 19606 1
1297 19609 1
1297 19611 1
3451 7375 1
3451 22609 1
3834 1297 1
3834 7375 1
3834 14373 1
3834 15860 1
3834 19606 1
3834 19609 1
3834 19611 1
14373 1297 1
14373 3834 1
14373 7375 1
14373 15860 1
14373 19606 1
14373 19609 1
14373 19611 1
15860 1297 1
15860 3834 1
15860 7375 1
15860 14373 1
15860 19606 1
15860 19609 1
15860 19611 1
19606 1297 1
19606 3834 1
19606 7375 1
19606 14373 1
19606 15860 1
19606 19609 1
19606 19611 1
19609 1297 1
19609 3834 1
19609 7375 1
19609 14373 1
19609 15860 1
19609 19606 1
19609 19611 1
19611 1297 1
19611 3834 1
19611 7375 1
19611 14373 1
19611 15860 1
19611 19606 1
19611 19609 1
22609 3451 1
22609 7375 1
3282 8427 1
3282 16709 1
3282 119807 1
10233 122260 1
8895 16215 1
8895 16216 1
8895 20138 1
8895 20160 1
8895 20161 1
8895 20338 1
8895 23895 1
16215 8895 1
16215 16216 1
16215 20138 1
16215 20160 1
16215 20161 1
16215 20338 1
16215 23895 1
16216 8895 1
16216 16215 1
16216 20138 1
16216 20160 1
16216 20161 1
16216 20338 1
16216 23895 1
20161 8895 1
20161 16215 1
20161 16216 1
20161 20138 1
20161 20160 1
20161 20338 1
20161 23895 1
20338 8895 1
20338 16215 1
20338 16216 1
20338 20138 1
20338 20160 1
20338 20161 1
20338 23895 1
23895 8895 1
23895 16215 1
23895 16216 1
23895 20138 1
23895 20160 1
23895 20161 1
23895 20338 1
3129 6537 1
4316 3052 1
27811 25233 1
27811 49104 1
49104 25233 1
49104 27811 1
8274 7542 1
19153 26744 1
121119 22505 1
11568 34351 1
15905 34351 1
10832 16977 1
24600 23048 1
24600 34982 1
34982 23048 1
34982 24600 1
27402 27404 1
37766 27404 1
16709 3282 1
16709 119807 1
119807 3282 1
119807 16709 1
