6547 6569 2
6569 433 1
6569 843 1
6569 2961 1
6569 3363 1
6569 4223 1
6569 4817 1
6569 5256 1
6569 5489 1
6569 5556 1
6569 6531 1
6569 6547 2
6569 6549 1
6569 6560 1
6569 6570 1
6569 6861 1
6569 7083 1
6569 7657 1
6569 9051 1
6569 9149 1
6569 9735 1
6569 10144 1
6569 10487 1
6569 10576 1
6569 11551 1
6569 11933 1
6569 12634 1
6569 13538 1
6569 13619 1
6569 15314 1
6569 15520 1
6569 15580 1
6569 15611 1
6569 15923 1
6569 18443 1
6569 18451 1
6569 18455 1
6569 19358 1
6569 19757 1
6569 19802 1
6569 19953 1
6569 20183 1
6569 20195 1
6569 21364 1
6569 26592 1
6569 34695 1
6569 35225 1
6569 53676 1
6569 55035 1
6569 117296 1
433 6531 1
433 6569 1
433 11551 1
433 12634 1
433 13538 1
433 13807 1
433 15923 1
433 18443 1
433 18451 1
433 18455 1
433 19802 1
433 21364 1
843 5556 1
843 6549 1
843 6569 1
843 9051 1
843 15520 1
2961 2445 1
2961 2752 1
2961 3333 1
2961 3335 1
2961 3593 1
2961 4223 1
2961 4919 1
2961 6569 1
2961 7022 1
2961 7083 1
2961 7314 1
2961 7436 1
2961 7438 1
2961 9012 1
2961 9735 1
2961 10576 1
2961 13247 1
2961 13619 1
2961 13976 1
2961 15049 1
2961 15314 1
2961 15396 1
2961 16326 1
2961 16923 1
2961 17293 1
2961 17678 1
2961 18534 2
2961 19757 2
2961 19806 1
2961 22625 1
2961 22631 1
2961 22632 1
2961 23699 1
2961 125751 1
3363 852 1
3363 1603 1
3363 2475 1
3363 3386 1
3363 3543 1
3363 4482 1
3363 4493 1
3363 4817 1
3363 4917 1
3363 6569 1
3363 7788 1
3363 8310 1
3363 9228 1
3363 11605 1
3363 11933 1
3363 13451 1
3363 13789 1
3363 14736 1
3363 14974 1
3363 14984 1
3363 15544 1
3363 15849 1
3363 16673 1
3363 17135 1
3363 17263 1
3363 18925 1
4223 2961 1
4223 6569 1
4223 7083 1
4223 9735 1
4223 10576 1
4223 13619 1
4223 15314 1
4817 3363 1
4817 3365 1
4817 6569 1
4817 6881 1
4817 7538 1
4817 9449 1
4817 9465 1
4817 9717 1
4817 11933 1
4817 19917 1
4817 24556 1
4817 31037 1
4817 34029 1
5256 944 1
5256 1188 1
5256 1661 1
5256 2979 1
5256 2980 1
5256 5961 1
5256 6569 1
5256 10487 1
5256 11379 1
5256 14146 1
5256 15580 1
5256 16595 1
5256 16854 1
5256 17249 1
5256 19757 2
5489 5468 1
5489 6569 1
5489 6570 1
5489 6861 1
5489 7657 1
5489 10144 1
5489 15611 1
5556 843 1
5556 4760 1
5556 5565 1
5556 5567 1
5556 6264 1
5556 6539 1
5556 6549 1
5556 6569 1
5556 6876 1
5556 9051 1
5556 15520 1
6531 433 1
6531 4137 1
6531 6569 1
6531 7745 1
6531 9045 1
6531 9141 1
6531 11551 1
6531 12634 1
6531 13538 1
6531 15483 1
6531 15485 1
6531 15923 1
6531 16595 1
6531 16651 1
6531 17720 1
6531 18443 1
6531 18451 1
6531 18455 1
6531 19802 1
6531 19950 1
6531 21364 1
6531 23072 1
6549 843 1
6549 1972 1
6549 5556 1
6549 6551 1
6549 6560 1
6549 6561 1
6549 6566 1
6549 6568 1
6549 6569 1
6549 9051 1
6549 9231 1
6549 10034 1
6549 15520 1
6549 33210 1
6549 33452 1
6549 50711 1
6549 53854 1
6560 3406 1
6560 6546 1
6560 6549 1
6560 6554 1
6560 6555 1
6560 6562 1
6560 6566 1
6560 6568 1
6560 6569 1
6560 6574 1
6560 6589 1
6560 20183 1
6570 5489 1
6570 6561 1
6570 6569 1
6570 6861 1
6570 7657 1
6570 10144 1
6570 15611 1
6861 5489 1
6861 6569 1
6861 6570 1
6861 7657 1
6861 10144 1
6861 15611 1
7083 2961 1
7083 4223 1
7083 6569 1
7083 9735 1
7083 10576 1
7083 13619 1
7083 15314 1
7657 5489 1
7657 6569 1
7657 6570 1
7657 6861 1
7657 10144 1
7657 15611 1
9051 843 1
9051 3813 1
9051 5556 1
9051 6549 1
9051 6569 1
9051 7310 1
9051 7827 1
9051 9036 1
9051 9037 1
9051 9042 1
9051 10945 1
9051 13943 1
9051 13976 1
9051 13977 1
9051 14974 1
9051 15069 1
9051 15520 1
9051 16541 1
9051 16542 1
9051 17584 1
9051 18592 1
9051 19838 1
9149 943 1
9149 6569 1
9149 8658 1
9149 12655 1
9149 14771 1
9149 16078 1
9149 17031 1
9149 121868 1
9735 2172 1
9735 2751 1
9735 2752 1
9735 2961 1
9735 4223 1
9735 6569 1
9735 7083 1
9735 10576 1
9735 13018 1
9735 13619 1
9735 15056 1
9735 15314 1
9735 17299 1
10144 5489 1
10144 6569 1
10144 6570 1
10144 6861 1
10144 7657 1
10144 15611 1
10487 5256 1
10487 6288 1
10487 6569 1
10487 7611 1
10487 9934 1
10487 12714 1
10487 14713 1
10487 15580 1
10487 19052 1
10487 19757 1
10576 2536 1
10576 2961 1
10576 4223 1
10576 6569 1
10576 7083 1
10576 9735 1
10576 13619 1
10576 15314 1
11551 433 1
11551 6531 1
11551 6569 1
11551 7771 1
11551 8989 1
11551 11204 1
11551 11543 1
11551 11544 1
11551 11546 1
11551 11547 1
11551 11548 1
11551 11549 1
11551 11552 1
11551 11841 1
11551 12634 1
11551 13538 1
11551 15547 1
11551 15923 1
11551 18443 1
11551 18451 1
11551 18455 1
11551 19802 1
11551 21364 1
11933 3363 1
11933 4817 1
11933 6569 1
12634 433 1
12634 915 1
12634 981 1
12634 2962 1
12634 3547 2
12634 3658 1
12634 4136 1
12634 6412 1
12634 6531 1
12634 6569 1
12634 7580 1
12634 7603 1
12634 8044 1
12634 8994 1
12634 9238 1
12634 10292 1
12634 10477 1
12634 10486 1
12634 11551 1
12634 12533 1
12634 12601 1
12634 13073 1
12634 13538 1
12634 13874 1
12634 14088 1
12634 14653 1
12634 14807 1
12634 15115 1
12634 15573 1
12634 15580 1
12634 15923 1
12634 16262 1
12634 16716 1
12634 17581 1
12634 17644 1
12634 17916 1
12634 18443 1
12634 18451 1
12634 18455 1
12634 18910 1
12634 19417 1
12634 19738 1
12634 19802 1
12634 20116 1
12634 21109 1
12634 21193 1
12634 21364 1
12634 22441 1
12634 24319 1
12634 25301 1
12634 27977 1
12634 45531 1
13538 433 1
13538 6531 1
13538 6569 1
13538 11551 1
13538 12634 1
13538 15923 1
13538 18443 1
13538 18451 1
13538 18455 1
13538 19802 1
13538 21364 1
13619 2961 1
13619 4223 1
13619 6569 1
13619 7083 1
13619 9735 1
13619 10576 1
13619 15314 1
15314 2961 1
15314 4223 1
15314 4308 1
15314 6569 1
15314 7083 1
15314 9196 1
15314 9735 1
15314 10576 1
15314 13619 1
15314 15315 1
15314 15330 1
15314 17732 1
15314 17733 1
15314 17734 1
15314 45606 1
15520 843 1
15520 3230 1
15520 4296 1
15520 5556 1
15520 6549 1
15520 6569 1
15520 6669 1
15520 6996 1
15520 9051 1
15520 10294 1
15520 13025 1
15520 13065 1
15520 13455 1
15520 14421 1
15520 14469 1
15520 14477 1
15520 14573 1
15520 15541 2
15520 16297 1
15520 17315 1
15520 17720 1
15520 18631 1
15580 1938 1
15580 2562 1
15580 3547 1
15580 5256 1
15580 6569 1
15580 7580 1
15580 8668 1
15580 8712 1
15580 8713 1
15580 9537 1
15580 10487 1
15580 11822 1
15580 12518 1
15580 12634 1
15580 14807 1
15580 15573 1
15580 16262 1
15580 17585 1
15580 19417 1
15580 19757 1
15580 20116 1
15580 20335 1
15580 24319 1
15580 24838 1
15580 27977 1
15611 1560 1
15611 3831 1
15611 5489 1
15611 6569 1
15611 6570 1
15611 6861 1
15611 7657 1
15611 8314 1
15611 10144 1
15611 13736 1
15611 13975 1
15611 15573 1
15611 15626 1
15611 17342 1
15611 23275 1
15611 25009 1
15611 38696 1
15923 433 1
15923 6531 1
15923 6569 1
15923 11551 1
15923 12634 1
15923 13538 1
15923 18443 1
15923 18451 1
15923 18455 1
15923 19802 1
15923 21364 1
18443 433 1
18443 3377 1
18443 4935 1
18443 6531 1
18443 6569 1
18443 6669 1
18443 7400 1
18443 11184 1
18443 11551 1
18443 12634 1
18443 12708 1
18443 13538 1
18443 15923 1
18443 18451 1
18443 18455 1
18443 19802 1
18443 21364 1
18451 433 1
18451 6531 1
18451 6569 1
18451 11551 1
18451 12634 1
18451 13538 1
18451 15923 1
18451 18443 1
18451 18455 1
18451 19802 1
18451 21364 1
18455 433 1
18455 1148 1
18455 6531 1
18455 6569 1
18455 8012 1
18455 11551 1
18455 12255 1
18455 12634 1
18455 13538 1
18455 13768 1
18455 13790 1
18455 14146 1
18455 15145 1
18455 15923 1
18455 16819 1
18455 17362 1
18455 18443 1
18455 18451 1
18455 19051 1
18455 19757 1
18455 19802 1
18455 21364 1
19358 6569 1
19358 34695 1
19358 35225 1
19358 53676 1
19358 55035 1
19757 419 1
19757 944 1
19757 1148 1
19757 1155 1
19757 1186 1
19757 1198 1
19757 1708 1
19757 1842 1
19757 2227 1
19757 2436 1
19757 2445 1
19757 2465 1
19757 2748 1
19757 2752 1
19757 2961 2
19757 2979 1
19757 2980 1
19757 3223 1
19757 3333 1
19757 3335 1
19757 3386 1
19757 3577 1
19757 3593 1
19757 3915 1
19757 4240 1
19757 4321 1
19757 4734 1
19757 4800 1
19757 4919 1
19757 4979 1
19757 5243 1
19757 5256 2
19757 5266 1
19757 5342 1
19757 5813 1
19757 6569 1
19757 6618 1
19757 6619 1
19757 6920 1
19757 6930 1
19757 7022 1
19757 7314 1
19757 7436 1
19757 7438 1
19757 7635 1
19757 7790 1
19757 8012 1
19757 8480 2
19757 8650 1
19757 8662 1
19757 8675 1
19757 8727 1
19757 9012 1
19757 9114 1
19757 9213 1
19757 9315 1
19757 9784 1
19757 9902 1
19757 10178 1
19757 10245 1
19757 10487 1
19757 11152 1
19757 11205 1
19757 11477 1
19757 11508 1
19757 11761 1
19757 12255 1
19757 12434 2
19757 12616 1
19757 12920 1
19757 13019 1
19757 13071 1
19757 13157 2
19757 13728 1
19757 13768 1
19757 13790 1
19757 13976 1
19757 14091 1
19757 14096 1
19757 14146 1
19757 14329 1
19757 14330 1
19757 14447 1
19757 14458 1
19757 14461 1
19757 14636 1
19757 14807 1
19757 14810 1
19757 15145 1
19757 15330 1
19757 15396 1
19757 15546 1
19757 15580 1
19757 16326 1
19757 16595 1
19757 16819 1
19757 16854 1
19757 16859 1
19757 16923 1
19757 17249 1
19757 17293 1
19757 17362 1
19757 17678 1
19757 17779 1
19757 18455 1
19757 18476 1
19757 18534 2
19757 19051 1
19757 19413 1
19757 19485 1
19757 19755 1
19757 19756 1
19757 19758 1
19757 19806 1
19757 20370 1
19757 20477 1
19757 20806 1
19757 21166 1
19757 22625 1
19757 22631 1
19757 22632 1
19757 22842 1
19757 23359 1
19757 23699 1
19757 23706 1
19757 23958 1
19757 24474 1
19757 26737 1
19757 28306 1
19757 31938 1
19802 433 1
19802 6531 1
19802 6569 1
19802 11551 1
19802 12634 1
19802 13538 1
19802 15923 1
19802 18443 1
19802 18451 1
19802 18455 1
19802 21364 1
19953 5359 1
19953 6569 1
19953 11988 1
19953 17443 1
19953 19891 1
19953 19949 1
19953 19952 1
19953 19957 1
19953 19960 1
19953 20451 1
20183 2563 1
20183 6560 1
20183 6569 1
20183 8712 1
20183 8713 1
20183 13660 1
20195 987 1
20195 1666 1
20195 3309 1
20195 6569 1
20195 8863 1
20195 10244 1
20195 14832 1
20195 14962 1
20195 18447 1
20195 18646 1
20195 18653 1
20195 18838 1
20195 23956 1
20195 24220 1
20195 26575 1
20195 26592 1
20195 27014 1
20195 27140 1
20195 27291 1
20195 27391 1
20195 27600 1
20195 29247 1
20195 29315 1
20195 29412 1
20195 29425 1
20195 29471 1
20195 31563 1
20195 34178 1
20195 36456 1
20195 40994 1
20195 117296 1
21364 433 1
21364 6531 1
21364 6569 1
21364 8862 1
21364 9841 1
21364 11551 1
21364 12160 1
21364 12634 1
21364 13538 1
21364 15923 1
21364 18443 1
21364 18451 1
21364 18455 1
21364 19195 1
21364 19802 1
21364 19844 1
21364 20733 2
21364 23351 1
21364 25163 1
21364 27977 1
21364 28574 1
21364 28686 1
21364 31046 1
21364 31251 1
21364 32415 1
21364 33251 1
21364 33310 1
21364 41378 1
21364 59389 1
26592 6569 1
26592 20195 1
26592 23548 1
26592 23961 1
26592 25115 1
26592 25775 1
26592 25781 1
26592 26333 1
26592 27018 1
26592 27942 1
26592 27944 1
26592 28921 1
26592 29742 1
26592 30439 1
26592 31492 1
26592 32134 1
26592 35052 1
26592 55492 1
26592 117296 1
34695 1200 1
34695 6569 1
34695 9138 1
34695 19358 1
34695 21849 1
34695 22282 1
34695 29173 1
34695 35225 1
34695 37218 1
34695 38682 1
34695 40718 1
34695 41725 1
34695 45533 1
34695 45534 1
34695 53676 1
34695 55035 1
35225 6569 1
35225 18843 1
35225 19358 1
35225 34695 1
35225 35224 1
35225 36135 1
35225 41239 1
35225 44022 1
35225 44104 1
35225 46119 1
35225 50235 1
35225 53676 1
35225 55035 1
53676 6569 1
53676 19358 1
53676 34695 1
53676 35225 1
53676 52962 1
53676 52963 1
53676 55035 1
53676 57184 1
55035 4813 1
55035 5031 1
55035 6569 1
55035 13407 1
55035 13834 1
55035 14609 1
55035 14610 1
55035 17350 1
55035 19358 1
55035 19498 1
55035 19499 1
55035 20135 1
55035 22377 1
55035 26556 1
55035 26602 1
55035 34695 1
55035 35225 1
55035 36850 1
55035 47303 1
55035 47304 1
55035 47305 1
55035 51959 1
55035 53676 1
55035 55033 1
55035 55034 1
55035 55036 1
55035 57378 1
55035 63631 1
55035 63632 1
55035 68995 1
117296 6569 1
117296 20195 1
117296 26592 1
13807 433 1
13807 4034 1
13807 8034 1
13807 9469 1
2445 1603 1
2445 2751 1
2445 2752 1
2445 2961 1
2445 3593 1
2445 4919 1
2445 9012 1
2445 13893 1
2445 14372 1
2445 16326 1
2445 16718 1
2445 17678 1
2445 19060 1
2445 19757 1
2445 19806 1
2752 2172 1
2752 2445 1
2752 2751 1
2752 2961 1
2752 3593 1
2752 4919 1
2752 9012 1
2752 9735 1
2752 12704 1
2752 13018 1
2752 15056 1
2752 16326 1
2752 17299 1
2752 17678 1
2752 19757 1
2752 19806 1
3333 2961 1
3333 3335 1
3333 7022 1
3333 7314 1
3333 7436 1
3333 7438 1
3333 13976 1
3333 15396 1
3333 16923 1
3333 17293 1
3333 17294 1
3333 18534 1
3333 19745 1
3333 19757 1
3333 22625 1
3333 22631 1
3333 22632 1
3333 23434 1
3333 23699 1
3335 2961 1
3335 3333 1
3335 7022 1
3335 7314 1
3335 7436 1
3335 7438 1
3335 13976 1
3335 15396 1
3335 16923 1
3335 17293 1
3335 18534 1
3335 19757 1
3335 22625 1
3335 22631 1
3335 22632 1
3335 23699 1
3593 2445 1
3593 2642 1
3593 2752 1
3593 2961 1
3593 4919 1
3593 9012 1
3593 12655 1
3593 15362 1
3593 16326 1
3593 17678 1
3593 19757 1
3593 19806 1
4919 2445 1
4919 2752 1
4919 2961 1
4919 3593 1
4919 8727 1
4919 9012 1
4919 13843 1
4919 14278 1
4919 16326 1
4919 16819 1
4919 17678 1
4919 19757 1
4919 19806 1
7022 2961 1
7022 3333 1
7022 3335 1
7022 7011 1
7022 7314 1
7022 7436 1
7022 7438 1
7022 13943 1
7022 13976 1
7022 15396 1
7022 16542 1
7022 16923 1
7022 17293 1
7022 18469 1
7022 18534 1
7022 19757 1
7022 22625 1
7022 22631 1
7022 22632 1
7022 23699 1
7314 2961 1
7314 3333 1
7314 3335 1
7314 7022 1
7314 7436 1
7314 7438 1
7314 13976 1
7314 15396 1
7314 16923 1
7314 17293 1
7314 18534 1
7314 19757 1
7314 22625 1
7314 22631 1
7314 22632 1
7314 23699 1
7436 2961 1
7436 3333 1
7436 3335 1
7436 7022 1
7436 7314 1
7436 7438 1
7436 13976 1
7436 15396 1
7436 16923 1
7436 17293 1
7436 18534 1
7436 19757 1
7436 22625 1
7436 22631 1
7436 22632 1
7436 23699 1
7438 2961 1
7438 3230 1
7438 3332 1
7438 3333 1
7438 3335 1
7438 3337 1
7438 7022 1
7438 7314 1
7438 7436 1
7438 7480 1
7438 13941 1
7438 13956 1
7438 13976 2
7438 15396 1
7438 16542 1
7438 16923 1
7438 17293 1
7438 18471 1
7438 18534 1
7438 19757 1
7438 20719 1
7438 22625 1
7438 22631 1
7438 22632 1
7438 23699 1
7438 25786 1
9012 2445 1
9012 2752 1
9012 2961 1
9012 3593 1
9012 4919 1
9012 16326 1
9012 17678 1
9012 19757 1
9012 19806 1
13247 2961 1
13247 15049 1
13247 125751 1
13976 2961 1
13976 3230 1
13976 3333 1
13976 3335 1
13976 3813 1
13976 7022 1
13976 7310 1
13976 7314 1
13976 7436 1
13976 7438 2
13976 7827 1
13976 9036 1
13976 9037 1
13976 9042 1
13976 9051 1
13976 10945 1
13976 13941 1
13976 13943 1
13976 13956 1
13976 13977 1
13976 14974 1
13976 15069 1
13976 15396 1
13976 16541 1
13976 16542 2
13976 16923 1
13976 17293 1
13976 17584 1
13976 18534 1
13976 18592 1
13976 19757 1
13976 19838 1
13976 22625 1
13976 22631 1
13976 22632 1
13976 23699 1
15049 1399 1
15049 2961 1
15049 7611 1
15049 13247 1
15049 125751 1
15396 2961 1
15396 3333 1
15396 3335 1
15396 7022 1
15396 7314 1
15396 7436 1
15396 7438 1
15396 13976 1
15396 16923 1
15396 17293 1
15396 18534 1
15396 19757 1
15396 22625 1
15396 22631 1
15396 22632 1
15396 23699 1
16326 2445 1
16326 2752 1
16326 2961 1
16326 3593 1
16326 4919 1
16326 6619 1
16326 9012 1
16326 17678 1
16326 19757 1
16326 19806 1
16923 2961 1
16923 3333 1
16923 3335 1
16923 7022 1
16923 7314 1
16923 7436 1
16923 7438 1
16923 13976 1
16923 15396 1
16923 17293 1
16923 18534 1
16923 19757 1
16923 22625 1
16923 22631 1
16923 22632 1
16923 23699 1
16923 32969 1
16923 33548 1
17293 2961 1
17293 3333 1
17293 3335 1
17293 7022 1
17293 7314 1
17293 7436 1
17293 7438 1
17293 9145 1
17293 13976 1
17293 15396 1
17293 16923 1
17293 18534 1
17293 19460 1
17293 19757 1
17293 22625 1
17293 22631 1
17293 22632 1
17293 23435 1
17293 23699 1
17678 2445 1
17678 2752 1
17678 2961 1
17678 3593 1
17678 4919 1
17678 9012 1
17678 16326 1
17678 19757 1
17678 19806 1
18534 419 2
18534 1603 1
18534 2961 2
18534 3333 1
18534 3335 1
18534 5813 1
18534 7022 1
18534 7314 1
18534 7436 1
18534 7438 1
18534 12434 1
18534 13976 1
18534 15145 1
18534 15396 1
18534 16923 1
18534 17293 1
18534 19757 2
18534 21752 1
18534 22625 1
18534 22631 1
18534 22632 1
18534 23699 1
18534 23706 1
19806 2445 1
19806 2752 1
19806 2961 1
19806 3593 1
19806 4919 1
19806 9012 1
19806 16326 1
19806 17678 1
19806 19757 1
22625 2961 1
22625 3333 1
22625 3335 1
22625 7022 1
22625 7314 1
22625 7436 1
22625 7438 1
22625 13976 1
22625 15396 1
22625 16923 1
22625 17293 1
22625 18534 1
22625 19757 1
22625 22631 1
22625 22632 1
22625 23699 1
22631 2961 1
22631 3333 1
22631 3335 1
22631 7022 1
22631 7314 1
22631 7436 1
22631 7438 1
22631 13976 1
22631 15396 1
22631 16923 1
22631 17293 1
22631 18534 1
22631 19757 1
22631 22625 1
22631 22632 1
22631 23699 1
22632 2961 1
22632 3333 1
22632 3335 1
22632 7022 1
22632 7314 1
22632 7436 1
22632 7438 1
22632 13976 1
22632 15396 1
22632 16923 1
22632 17293 1
22632 18534 1
22632 19757 1
22632 22625 1
22632 22631 1
22632 23699 1
23699 2961 1
23699 3333 1
23699 3335 1
23699 7022 1
23699 7314 1
23699 7436 1
23699 7438 1
23699 13976 1
23699 15396 1
23699 16923 1
23699 17293 1
23699 18534 1
23699 18653 1
23699 19757 1
23699 22625 1
23699 22631 1
23699 22632 1
125751 2961 1
125751 13247 1
125751 15049 1
852 3363 1
852 8310 1
852 9228 1
852 13789 1
852 14736 1
852 15849 1
852 16673 1
852 17135 1
852 17263 1
852 18925 1
1603 2445 1
1603 2475 1
1603 3363 1
1603 3543 1
1603 4917 1
1603 7788 1
1603 11605 1
1603 13451 1
1603 14974 1
1603 14984 1
1603 15544 1
1603 18534 1
2475 1603 1
2475 3363 1
2475 3543 1
2475 4917 1
2475 7788 1
2475 11605 1
2475 13451 1
2475 14974 1
2475 14984 1
2475 15544 1
3386 2227 1
3386 3363 1
3386 3377 1
3386 4482 1
3386 4493 1
3386 7635 1
3386 9315 1
3386 13071 1
3386 13728 2
3386 14636 1
3386 19757 1
3543 1603 1
3543 2475 1
3543 3363 1
3543 4917 1
3543 7788 1
3543 11605 1
3543 13451 1
3543 14974 1
3543 14984 1
3543 15544 1
4482 3363 1
4482 3386 1
4482 4493 1
4493 3363 1
4493 3386 1
4493 4482 1
4917 1603 1
4917 2475 1
4917 3363 1
4917 3543 1
4917 7788 1
4917 11605 1
4917 13451 1
4917 14974 1
4917 14984 1
4917 15544 1
7788 1603 1
7788 2475 1
7788 3363 1
7788 3543 1
7788 4917 1
7788 11605 1
7788 13451 1
7788 14974 1
7788 14984 1
7788 15544 1
8310 852 1
8310 3363 1
8310 9228 1
8310 9975 1
8310 13499 1
8310 13789 1
8310 14736 1
8310 15849 1
8310 16673 1
8310 17135 1
8310 17263 1
8310 18925 1
9228 852 1
9228 3363 1
9228 4759 1
9228 8310 1
9228 11148 1
9228 12598 1
9228 13789 1
9228 14736 1
9228 15849 1
9228 16673 1
9228 17135 1
9228 17263 1
9228 18102 1
9228 18925 1
9228 22627 1
11605 1603 1
11605 2475 1
11605 3363 1
11605 3543 1
11605 4917 1
11605 7788 1
11605 13451 1
11605 14974 1
11605 14984 1
11605 15544 1
13451 1603 1
13451 2475 1
13451 3363 1
13451 3543 1
13451 4917 1
13451 6889 1
13451 7788 1
13451 8177 1
13451 11605 1
13451 12644 1
13451 12645 1
13451 14711 1
13451 14712 1
13451 14974 1
13451 14984 1
13451 15544 1
13451 17476 1
13451 20137 1
13789 852 1
13789 3363 1
13789 8310 1
13789 9228 1
13789 14736 1
13789 15849 1
13789 16673 1
13789 17135 1
13789 17263 1
13789 18925 1
14736 852 1
14736 3363 1
14736 8310 1
14736 9228 1
14736 13789 1
14736 15849 1
14736 16673 1
14736 17135 1
14736 17263 1
14736 18925 1
14974 1603 1
14974 2475 1
14974 3363 1
14974 3543 1
14974 3813 1
14974 4917 1
14974 7310 1
14974 7788 1
14974 7827 1
14974 9036 1
14974 9037 1
14974 9042 1
14974 9051 1
14974 10945 1
14974 11605 1
14974 13451 1
14974 13943 1
14974 13976 1
14974 13977 1
14974 14984 1
14974 15069 1
14974 15544 1
14974 16541 1
14974 16542 1
14974 17584 1
14974 18592 1
14974 19838 1
14984 1603 1
14984 2475 1
14984 3363 1
14984 3543 1
14984 4917 1
14984 7788 1
14984 11605 1
14984 13451 1
14984 14974 1
14984 15544 1
15544 1603 1
15544 2475 1
15544 3363 1
15544 3543 1
15544 4917 1
15544 7788 1
15544 11605 1
15544 13451 1
15544 14974 1
15544 14984 1
15849 852 1
15849 3363 1
15849 8310 1
15849 9228 1
15849 13789 1
15849 14736 1
15849 16673 1
15849 17135 1
15849 17263 1
15849 18925 1
16673 852 1
16673 3363 1
16673 8310 1
16673 9228 1
16673 13789 1
16673 14736 1
16673 15849 1
16673 17135 2
16673 17263 1
16673 18925 1
16673 20335 1
17135 852 1
17135 3363 1
17135 8310 1
17135 9228 1
17135 13789 1
17135 14736 1
17135 15849 1
17135 16673 2
17135 17263 1
17135 18925 1
17135 20335 1
17263 852 1
17263 3363 1
17263 8310 1
17263 9228 1
17263 13789 1
17263 14736 1
17263 15849 1
17263 16673 1
17263 16965 1
17263 17135 1
17263 18925 1
18925 852 1
18925 3363 1
18925 8310 1
18925 9228 1
18925 13789 1
18925 14736 1
18925 15849 1
18925 16673 1
18925 17135 1
18925 17263 1
3365 4790 1
3365 4817 1
3365 9449 1
3365 9465 1
3365 9717 1
3365 19917 1
3365 24556 1
6881 1938 1
6881 1972 1
6881 4817 1
6881 7538 1
6881 31037 1
6881 34029 1
7538 2619 1
7538 2631 1
7538 2698 1
7538 2876 1
7538 4817 1
7538 4873 1
7538 6006 1
7538 6881 1
7538 31037 1
7538 34029 1
9449 3365 1
9449 4817 1
9449 9465 1
9449 9717 1
9449 14851 1
9449 19917 1
9449 24556 1
9465 3365 1
9465 4817 1
9465 9449 1
9465 9717 1
9465 19917 1
9465 24556 1
9717 2829 1
9717 3365 1
9717 4817 1
9717 5481 1
9717 9449 1
9717 9465 1
9717 19917 1
9717 24556 1
19917 3365 1
19917 4817 1
19917 9449 1
19917 9465 1
19917 9717 1
19917 19894 1
19917 24556 1
24556 3365 1
24556 4817 1
24556 9449 1
24556 9465 1
24556 9717 1
24556 19917 1
31037 4817 1
31037 6881 1
31037 7538 1
31037 34029 1
31037 88645 1
31037 122718 2
34029 4817 1
34029 6881 1
34029 7538 1
34029 31037 1
944 924 1
944 1992 1
944 2979 1
944 2980 1
944 5256 1
944 16595 1
944 16854 1
944 17249 1
944 19757 1
1188 1661 1
1188 5256 1
1188 5961 1
1188 11379 1
1661 1188 1
1661 5256 1
1661 5961 1
1661 11379 1
2979 944 1
2979 2980 1
2979 5256 1
2979 16595 1
2979 16854 1
2979 17249 1
2979 19757 1
2980 944 1
2980 2979 1
2980 5256 1
2980 16595 1
2980 16854 1
2980 17249 1
2980 19757 1
5961 1188 1
5961 1661 1
5961 5256 1
5961 11379 1
11379 1188 1
11379 1661 1
11379 5256 1
11379 5961 1
14146 1148 2
14146 5256 1
14146 5816 1
14146 8012 1
14146 8355 1
14146 12255 1
14146 13512 1
14146 13768 1
14146 13790 1
14146 15145 1
14146 16551 1
14146 16819 1
14146 17362 2
14146 18455 1
14146 19051 1
14146 19757 1
14146 19910 1
14146 121868 1
16595 944 1
16595 2979 1
16595 2980 1
16595 4137 1
16595 5256 1
16595 6531 1
16595 7745 1
16595 9045 1
16595 9141 1
16595 15483 1
16595 15485 1
16595 16651 1
16595 16854 1
16595 17249 1
16595 17720 1
16595 19757 1
16595 19950 1
16595 23072 1
16854 944 1
16854 2979 1
16854 2980 1
16854 5256 1
16854 16595 1
16854 17249 1
16854 19757 1
17249 944 1
17249 2979 1
17249 2980 1
17249 5256 1
17249 16595 1
17249 16854 1
17249 19757 1
5468 5489 1
4760 5556 1
4760 6539 1
4760 6876 1
5565 5556 1
5565 5567 1
5565 6264 1
5567 5556 1
5567 5565 1
5567 5721 1
5567 6264 1
5567 6674 1
5567 7811 1
5567 9477 1
6264 5556 1
6264 5565 1
6264 5567 1
6539 4760 1
6539 5556 1
6539 6876 1
6876 4760 1
6876 5556 1
6876 6539 1
6876 12409 1
4137 6531 1
4137 7745 1
4137 8044 1
4137 9045 1
4137 9141 1
4137 14096 1
4137 15483 1
4137 15485 1
4137 16595 1
4137 16651 1
4137 17720 1
4137 18726 1
4137 19950 1
4137 23072 1
7745 4137 1
7745 6531 1
7745 7744 1
7745 8133 1
7745 9034 1
7745 9045 1
7745 9141 2
7745 15483 1
7745 15485 1
7745 16595 1
7745 16651 1
7745 17720 1
7745 18233 1
7745 19663 1
7745 19950 1
7745 20142 1
7745 20143 1
7745 23072 1
9045 4137 1
9045 6531 1
9045 7745 1
9045 9141 1
9045 9382 1
9045 14261 1
9045 14744 1
9045 15483 1
9045 15485 1
9045 16595 1
9045 16651 1
9045 17300 1
9045 17720 1
9045 19950 1
9045 23072 1
9141 4137 1
9141 6531 1
9141 7745 2
9141 9045 1
9141 15483 1
9141 15485 1
9141 16595 1
9141 16651 1
9141 17720 1
9141 19663 1
9141 19950 1
9141 23072 1
15483 3458 1
15483 4137 1
15483 6531 1
15483 7745 1
15483 9045 1
15483 9141 1
15483 15485 1
15483 16595 1
15483 16651 1
15483 17720 1
15483 19950 1
15483 23072 1
15485 4137 1
15485 6531 1
15485 7745 1
15485 9045 1
15485 9141 1
15485 9213 1
15485 15483 1
15485 16595 1
15485 16651 1
15485 17720 1
15485 19950 1
15485 23072 1
16651 4137 1
16651 6531 1
16651 7745 1
16651 9045 1
16651 9141 1
16651 15483 1
16651 15485 1
16651 16595 1
16651 17720 1
16651 19950 1
16651 23072 1
17720 3230 1
17720 4137 1
17720 6531 1
17720 6669 1
17720 6996 1
17720 7745 1
17720 9045 1
17720 9141 1
17720 10294 1
17720 13455 1
17720 13620 1
17720 13626 1
17720 15483 1
17720 15485 1
17720 15520 1
17720 16297 1
17720 16595 1
17720 16651 1
17720 17315 1
17720 18631 1
17720 19593 1
17720 19950 1
17720 23072 1
19950 4137 1
19950 6531 1
19950 7745 1
19950 9045 1
19950 9141 1
19950 15483 1
19950 15485 1
19950 16595 1
19950 16651 1
19950 17720 1
19950 23072 1
23072 4137 1
23072 6531 1
23072 7745 1
23072 9045 1
23072 9141 1
23072 15483 1
23072 15485 1
23072 16595 1
23072 16651 1
23072 17720 1
23072 19950 1
1972 1938 3
1972 6288 1
1972 6549 1
1972 6551 1
1972 6561 1
1972 6881 1
1972 9231 1
6551 1972 1
6551 6549 1
6551 6561 1
6551 9231 1
6561 1194 1
6561 1972 1
6561 6549 1
6561 6551 1
6561 6566 1
6561 6567 1
6561 6568 1
6561 6570 1
6561 9231 1
6566 6549 1
6566 6560 1
6566 6561 1
6566 6563 1
6566 6567 2
6566 6568 2
6566 6589 1
6568 6549 1
6568 6560 1
6568 6561 1
6568 6566 2
6568 6567 1
9231 1972 1
9231 6549 1
9231 6551 1
9231 6561 1
9231 11761 1
9231 19949 1
10034 6549 1
10034 6677 1
33210 6549 1
33210 50711 1
33210 53854 1
33452 6549 1
50711 6549 1
50711 33210 1
50711 53854 1
53854 6549 1
53854 33210 1
53854 50711 1
3406 3408 1
3406 6546 1
3406 6560 1
3406 6574 1
3406 8868 1
3406 14656 1
3406 14734 1
3406 16601 1
3406 22578 1
6546 3406 1
6546 6548 1
6546 6560 1
6546 6573 1
6546 6574 1
6554 6555 2
6554 6558 1
6554 6560 1
6554 6562 1
6554 6589 1
6555 6554 2
6555 6558 1
6555 6560 1
6555 6562 1
6555 6589 1
6562 6554 1
6562 6555 1
6562 6560 1
6562 6589 1
6574 3406 1
6574 6546 1
6574 6560 1
6589 6554 1
6589 6555 1
6589 6560 1
6589 6562 1
6589 6563 1
6589 6566 1
6589 6567 1
3813 7310 1
3813 7827 1
3813 9036 1
3813 9037 1
3813 9042 1
3813 9051 1
3813 10945 1
3813 13943 1
3813 13976 1
3813 13977 1
3813 14974 1
3813 15069 1
3813 16541 1
3813 16542 1
3813 17584 1
3813 18592 1
3813 19838 1
7310 2542 1
7310 3813 1
7310 4235 1
7310 4304 1
7310 5240 1
7310 6893 1
7310 7827 1
7310 9036 1
7310 9037 1
7310 9042 1
7310 9051 1
7310 10945 1
7310 11103 1
7310 13836 1
7310 13943 1
7310 13976 1
7310 13977 1
7310 14974 1
7310 15053 1
7310 15069 1
7310 15546 1
7310 16541 1
7310 16542 1
7310 16864 1
7310 16868 1
7310 17584 1
7310 18592 1
7310 18910 1
7310 19838 1
7827 3813 1
7827 7310 1
7827 9036 1
7827 9037 1
7827 9042 1
7827 9051 1
7827 10945 1
7827 13943 1
7827 13976 1
7827 13977 1
7827 14974 1
7827 15069 1
7827 16541 1
7827 16542 1
7827 17584 1
7827 18592 1
7827 19838 1
9036 3813 1
9036 7310 1
9036 7827 1
9036 9037 1
9036 9042 1
9036 9051 1
9036 10945 1
9036 13943 1
9036 13976 1
9036 13977 1
9036 14974 1
9036 15069 1
9036 16541 1
9036 16542 1
9036 17584 1
9036 18592 1
9036 19838 1
9037 3813 1
9037 7310 1
9037 7827 1
9037 9036 1
9037 9042 1
9037 9051 1
9037 10945 1
9037 13943 1
9037 13976 1
9037 13977 1
9037 14974 1
9037 15069 1
9037 16541 1
9037 16542 1
9037 17584 1
9037 18592 1
9037 19838 1
9042 3813 1
9042 7310 1
9042 7827 1
9042 9036 1
9042 9037 1
9042 9051 1
9042 10945 1
9042 13943 1
9042 13976 1
9042 13977 1
9042 14974 1
9042 15069 1
9042 16541 1
9042 16542 1
9042 17584 1
9042 18592 1
9042 19838 1
10945 3813 1
10945 6662 1
10945 7310 1
10945 7827 1
10945 9036 1
10945 9037 1
10945 9042 1
10945 9051 1
10945 11508 1
10945 13943 1
10945 13976 1
10945 13977 1
10945 14462 1
10945 14974 1
10945 15069 1
10945 16541 1
10945 16542 1
10945 17584 1
10945 18592 1
10945 19838 1
13943 3813 1
13943 7022 1
13943 7310 1
13943 7827 1
13943 9036 1
13943 9037 1
13943 9042 1
13943 9051 1
13943 10945 1
13943 13976 1
13943 13977 1
13943 14974 1
13943 15069 1
13943 16541 1
13943 16542 2
13943 17584 1
13943 18592 1
13943 19838 1
13977 2227 1
13977 3813 1
13977 4589 1
13977 6113 1
13977 7310 1
13977 7827 1
13977 9036 1
13977 9037 1
13977 9042 1
13977 9051 1
13977 9468 1
13977 9720 1
13977 10945 1
13977 12033 1
13977 13943 1
13977 13976 1
13977 14974 1
13977 15069 1
13977 16541 1
13977 16542 1
13977 17584 1
13977 18592 1
13977 19838 1
15069 1708 1
15069 3813 1
15069 7310 1
15069 7827 1
15069 9036 1
15069 9037 1
15069 9042 1
15069 9051 1
15069 10945 1
15069 12920 1
15069 13943 1
15069 13976 1
15069 13977 1
15069 14421 1
15069 14974 1
15069 16541 1
15069 16542 1
15069 17584 1
15069 18592 1
15069 19838 1
16541 3813 1
16541 7310 1
16541 7827 1
16541 9036 1
16541 9037 1
16541 9042 1
16541 9051 1
16541 10945 1
16541 13940 1
16541 13943 1
16541 13976 1
16541 13977 1
16541 14974 1
16541 15069 1
16541 16542 1
16541 17584 1
16541 18592 1
16541 19838 1
16542 2536 1
16542 3230 1
16542 3813 1
16542 7022 1
16542 7310 1
16542 7438 1
16542 7827 1
16542 9036 1
16542 9037 1
16542 9042 1
16542 9051 1
16542 10945 1
16542 13157 1
16542 13941 1
16542 13943 2
16542 13956 1
16542 13976 2
16542 13977 1
16542 14974 1
16542 15069 1
16542 16541 1
16542 17584 1
16542 18592 1
16542 19838 1
17584 3813 1
17584 7082 1
17584 7310 1
17584 7827 1
17584 9036 1
17584 9037 1
17584 9042 1
17584 9051 1
17584 10945 1
17584 13943 1
17584 13976 1
17584 13977 1
17584 14974 1
17584 15069 1
17584 16541 1
17584 16542 1
17584 18592 1
17584 19838 1
18592 3813 1
18592 7310 1
18592 7827 1
18592 9036 1
18592 9037 1
18592 9042 1
18592 9051 1
18592 10945 1
18592 13943 1
18592 13976 1
18592 13977 1
18592 14974 1
18592 15069 1
18592 16541 1
18592 16542 1
18592 17584 1
18592 19838 1
19838 3813 1
19838 7310 1
19838 7827 1
19838 9036 1
19838 9037 1
19838 9042 1
19838 9051 1
19838 10945 1
19838 13943 1
19838 13976 1
19838 13977 1
19838 14974 1
19838 15069 1
19838 16541 1
19838 16542 1
19838 17584 1
19838 18592 1
943 933 1
943 5662 1
943 5980 1
943 7771 1
943 8658 1
943 9149 1
943 9878 1
943 12655 1
943 14771 1
943 16078 1
943 17031 1
943 22097 1
943 121868 1
8658 943 1
8658 8192 1
8658 8662 1
8658 9149 1
8658 9753 1
8658 10594 1
8658 12655 1
8658 14771 1
8658 16078 1
8658 17031 1
8658 121868 1
12655 943 1
12655 3593 1
12655 3651 1
12655 3694 1
12655 8658 1
12655 9149 1
12655 14771 1
12655 16078 1
12655 17031 1
12655 18286 1
12655 121868 1
14771 943 1
14771 4229 1
14771 4250 1
14771 4374 1
14771 8252 1
14771 8658 1
14771 8662 1
14771 9149 1
14771 11364 1
14771 12655 1
14771 13728 1
14771 13953 1
14771 16078 3
14771 17031 1
14771 19790 1
14771 19906 1
14771 121868 1
16078 943 1
16078 3468 1
16078 4800 1
16078 7581 1
16078 8658 1
16078 8662 1
16078 9149 1
16078 9776 1
16078 11761 1
16078 12655 1
16078 13728 1
16078 14466 1
16078 14664 1
16078 14771 3
16078 17031 1
16078 18521 1
16078 121868 1
17031 943 1
17031 8658 1
17031 9149 1
17031 12655 1
17031 14771 1
17031 16078 1
17031 121868 1
121868 943 1
121868 8658 1
121868 9149 1
121868 12655 1
121868 14146 1
121868 14771 1
121868 16078 1
121868 17031 1
2172 2751 1
2172 2752 1
2172 9735 1
2172 13018 1
2172 15056 1
2172 17299 1
2751 2172 1
2751 2445 1
2751 2752 1
2751 9735 1
2751 13018 1
2751 15056 1
2751 17299 1
13018 2172 1
13018 2751 1
13018 2752 1
13018 9735 1
13018 13019 1
13018 15056 1
13018 17299 1
15056 2172 1
15056 2748 1
15056 2751 1
15056 2752 1
15056 6867 1
15056 9735 1
15056 13018 1
15056 16819 1
15056 17299 1
17299 1224 1
17299 2087 1
17299 2172 1
17299 2623 1
17299 2751 1
17299 2752 1
17299 5030 1
17299 5123 1
17299 7384 1
17299 9545 1
17299 9546 1
17299 9735 1
17299 10494 1
17299 13018 1
17299 13209 1
17299 15056 1
17299 16540 1
17299 16907 1
17299 18777 1
17299 19596 1
17299 19949 1
17299 96367 1
6288 1972 1
6288 9934 1
6288 10487 1
6288 12714 1
7611 1399 1
7611 10487 1
7611 14713 1
7611 15049 1
7611 19052 1
9934 1148 1
9934 6288 1
9934 10487 1
9934 12714 1
12714 6288 1
12714 9934 1
12714 10487 1
14713 3462 1
14713 7611 1
14713 10487 1
14713 15401 1
14713 19052 1
19052 7611 1
19052 10487 1
19052 14713 1
2536 877 1
2536 4045 1
2536 9382 1
2536 10576 1
2536 16542 1
2536 19055 1
7771 933 1
7771 943 1
7771 5662 1
7771 5980 1
7771 8989 1
7771 9878 1
7771 11204 1
7771 11543 1
7771 11544 1
7771 11546 1
7771 11547 1
7771 11548 1
7771 11549 1
7771 11551 1
7771 11552 1
7771 11622 1
7771 11841 1
7771 15547 1
8989 7771 1
8989 11204 1
8989 11543 1
8989 11544 1
8989 11546 1
8989 11547 1
8989 11548 1
8989 11549 1
8989 11551 1
8989 11552 1
8989 11841 1
8989 15547 1
11204 7771 1
11204 8989 1
11204 11543 1
11204 11544 1
11204 11546 1
11204 11547 1
11204 11548 1
11204 11549 1
11204 11551 1
11204 11552 1
11204 11841 1
11204 15547 1
11543 7771 1
11543 8989 1
11543 11204 1
11543 11544 1
11543 11546 1
11543 11547 1
11543 11548 1
11543 11549 1
11543 11551 1
11543 11552 1
11543 11841 1
11543 15547 1
11544 7771 1
11544 8989 1
11544 11204 1
11544 11543 1
11544 11546 1
11544 11547 1
11544 11548 1
11544 11549 1
11544 11551 1
11544 11552 1
11544 11841 1
11544 12322 1
11544 15547 1
11546 7771 1
11546 8989 1
11546 11204 1
11546 11543 1
11546 11544 1
11546 11547 1
11546 11548 1
11546 11549 1
11546 11551 1
11546 11552 1
11546 11841 1
11546 15547 1
11547 7771 1
11547 8989 1
11547 11204 1
11547 11543 1
11547 11544 1
11547 11546 1
11547 11548 1
11547 11549 1
11547 11551 1
11547 11552 1
11547 11841 1
11547 15547 1
11548 7771 1
11548 8989 1
11548 11204 1
11548 11543 1
11548 11544 1
11548 11546 1
11548 11547 1
11548 11549 1
11548 11551 1
11548 11552 1
11548 11841 1
11548 15547 1
11549 7771 1
11549 8989 1
11549 11204 1
11549 11543 1
11549 11544 1
11549 11546 1
11549 11547 1
11549 11548 1
11549 11551 1
11549 11552 1
11549 11841 1
11549 15547 1
11552 7771 1
11552 8989 1
11552 11204 1
11552 11543 1
11552 11544 1
11552 11546 1
11552 11547 1
11552 11548 1
11552 11549 1
11552 11551 1
11552 11841 1
11552 15547 1
11841 7771 1
11841 8989 1
11841 11204 1
11841 11543 1
11841 11544 1
11841 11546 1
11841 11547 1
11841 11548 1
11841 11549 1
11841 11551 1
11841 11552 1
11841 15547 1
15547 7771 1
15547 8989 1
15547 11204 1
15547 11543 1
15547 11544 1
15547 11546 1
15547 11547 1
15547 11548 1
15547 11549 1
15547 11551 1
15547 11552 1
15547 11841 1
915 1248 1
915 2962 1
915 11562 1
915 12129 1
915 12601 1
915 12634 1
915 17581 1
915 17644 1
915 17916 1
981 3547 1
981 9238 1
981 10292 1
981 10486 1
981 12533 1
981 12634 1
981 13874 1
981 14088 1
981 16716 1
981 19738 1
981 21109 1
981 21193 1
981 25301 1
2962 915 1
2962 12601 1
2962 12634 1
2962 17581 1
2962 17644 1
2962 17916 1
3547 981 1
3547 7580 1
3547 9238 1
3547 10292 1
3547 10486 1
3547 12533 1
3547 12634 2
3547 13874 1
3547 14088 1
3547 14807 1
3547 15573 1
3547 15580 1
3547 16262 1
3547 16716 1
3547 18447 1
3547 19417 1
3547 19738 1
3547 20116 1
3547 21109 1
3547 21193 1
3547 24319 1
3547 25301 1
3547 27977 1
3658 4136 1
3658 6412 1
3658 8044 1
3658 10477 1
3658 12634 1
4136 3658 1
4136 6412 1
4136 8044 1
4136 10477 1
4136 12634 1
6412 3658 1
6412 4136 1
6412 8044 1
6412 10477 1
6412 12634 1
7580 3547 1
7580 12634 1
7580 14807 1
7580 15573 1
7580 15580 1
7580 16262 1
7580 19417 1
7580 20116 1
7580 24319 1
7580 27977 1
7603 2991 1
7603 6708 1
7603 7589 1
7603 7592 1
7603 7612 1
7603 11370 1
7603 12054 1
7603 12580 1
7603 12634 1
7603 14810 1
7603 15115 1
7603 17923 1
8044 3658 1
8044 4136 1
8044 4137 1
8044 6412 1
8044 10477 1
8044 12634 1
8044 16521 1
8994 12634 1
9238 981 1
9238 3547 1
9238 10292 1
9238 10486 1
9238 12533 1
9238 12634 1
9238 13874 1
9238 14088 1
9238 16716 1
9238 19738 1
9238 21109 1
9238 21193 1
9238 25301 1
10292 981 1
10292 3547 1
10292 9238 1
10292 10486 1
10292 12533 1
10292 12634 1
10292 13874 1
10292 14088 1
10292 16716 1
10292 19738 1
10292 21109 1
10292 21193 1
10292 25301 1
10477 3658 1
10477 4136 1
10477 6412 1
10477 8044 1
10477 12634 1
10486 981 1
10486 3547 1
10486 9238 1
10486 10292 1
10486 12533 1
10486 12634 1
10486 13045 1
10486 13874 1
10486 14088 1
10486 16716 1
10486 17024 1
10486 19738 1
10486 20375 1
10486 21109 1
10486 21193 1
10486 25301 1
12533 981 1
12533 3547 1
12533 9238 1
12533 10292 1
12533 10486 1
12533 12634 1
12533 13874 1
12533 14088 1
12533 16716 1
12533 19738 1
12533 21109 1
12533 21193 1
12533 25301 1
12601 915 1
12601 2962 1
12601 12634 1
12601 17581 1
12601 17644 1
12601 17916 1
13073 12634 1
13073 18910 1
13874 981 1
13874 3547 1
13874 9238 1
13874 10292 1
13874 10486 1
13874 12533 1
13874 12634 1
13874 13614 1
13874 14088 1
13874 16716 1
13874 19738 1
13874 21109 1
13874 21193 1
13874 25301 1
14088 981 1
14088 3547 1
14088 9238 1
14088 10292 1
14088 10486 1
14088 12533 1
14088 12634 1
14088 13874 1
14088 16716 1
14088 19738 1
14088 21109 1
14088 21193 1
14088 25301 1
14653 12634 1
14653 14536 1
14653 22441 1
14653 45531 1
14807 1186 1
14807 1198 1
14807 3547 1
14807 5266 1
14807 7580 1
14807 8650 1
14807 11205 1
14807 12634 1
14807 15573 1
14807 15580 1
14807 16262 1
14807 19417 1
14807 19757 1
14807 20116 1
14807 24319 1
14807 27977 1
15115 184 1
15115 5662 1
15115 7603 1
15115 8362 1
15115 8479 1
15115 9525 1
15115 12634 1
15573 1560 1
15573 3547 1
15573 3831 1
15573 7580 1
15573 8314 1
15573 12634 1
15573 13736 1
15573 14807 1
15573 15580 1
15573 15611 1
15573 15626 1
15573 16262 1
15573 17342 1
15573 19417 1
15573 20116 1
15573 24319 1
15573 25009 1
15573 27977 1
16262 3547 1
16262 7580 1
16262 12634 1
16262 14807 1
16262 15573 1
16262 15580 1
16262 19417 1
16262 20116 1
16262 24319 1
16262 27977 1
16716 981 1
16716 3547 1
16716 9238 1
16716 10292 1
16716 10486 1
16716 12533 1
16716 12634 1
16716 13025 1
16716 13874 1
16716 14088 1
16716 19738 1
16716 21109 1
16716 21193 1
16716 25301 1
17581 915 1
17581 2962 1
17581 12601 1
17581 12634 1
17581 17644 1
17581 17916 1
17644 915 1
17644 2962 1
17644 12601 1
17644 12634 1
17644 17581 1
17644 17916 1
17916 915 1
17916 1557 1
17916 2962 1
17916 7757 1
17916 12093 1
17916 12601 1
17916 12634 1
17916 17581 1
17916 17644 1
17916 17929 1
18910 7310 1
18910 10605 1
18910 12634 1
18910 13073 1
18910 15546 1
18910 16567 1
18910 18536 1
19417 3547 1
19417 7580 1
19417 11988 1
19417 12634 1
19417 12708 1
19417 14807 1
19417 15573 1
19417 15580 1
19417 16262 1
19417 20116 1
19417 24319 1
19417 27977 1
19738 981 1
19738 3547 1
19738 9238 1
19738 10292 1
19738 10486 1
19738 12533 1
19738 12634 1
19738 13874 1
19738 14088 1
19738 16716 1
19738 21109 1
19738 21193 1
19738 25301 1
19738 29425 1
20116 3547 1
20116 7580 1
20116 12634 1
20116 14807 1
20116 15573 1
20116 15580 1
20116 16262 1
20116 18653 1
20116 19417 1
20116 19471 1
20116 20625 1
20116 24319 1
20116 27018 1
20116 27977 1
20116 29169 1
20116 29170 1
20116 33792 1
21109 981 1
21109 3547 1
21109 5986 1
21109 6298 1
21109 9238 1
21109 10292 1
21109 10486 1
21109 12255 1
21109 12533 1
21109 12634 1
21109 13874 1
21109 14088 1
21109 14140 1
21109 16716 1
21109 18256 1
21109 19354 1
21109 19738 1
21109 21193 1
21109 25301 1
21193 981 1
21193 2528 1
21193 3547 1
21193 9238 1
21193 10292 1
21193 10486 1
21193 12533 1
21193 12634 1
21193 13874 1
21193 14088 1
21193 15415 1
21193 16716 1
21193 16909 1
21193 17312 1
21193 17585 1
21193 19499 1
21193 19738 1
21193 21109 1
21193 21616 1
21193 22200 1
21193 25301 1
22441 12634 1
22441 14653 1
22441 29351 1
22441 31046 1
22441 38137 1
22441 45531 1
24319 1888 1
24319 3547 1
24319 7580 1
24319 12634 1
24319 14388 1
24319 14807 1
24319 15573 1
24319 15580 1
24319 16262 1
24319 17811 1
24319 19417 1
24319 20116 1
24319 27977 1
24319 29146 1
25301 981 1
25301 3547 1
25301 9238 1
25301 10292 1
25301 10486 1
25301 12533 1
25301 12634 1
25301 13874 1
25301 14088 1
25301 16716 1
25301 19738 1
25301 21109 1
25301 21193 1
27977 3547 1
27977 7580 1
27977 12634 1
27977 14807 1
27977 15573 1
27977 15580 1
27977 16262 1
27977 19417 1
27977 20116 1
27977 21364 1
27977 24319 1
27977 32415 1
45531 12634 1
45531 14653 1
45531 18462 1
45531 21285 1
45531 22441 1
4308 15314 1
4308 15330 1
9196 15314 1
9196 15315 1
9196 17732 1
9196 17733 1
9196 17734 1
9196 45606 1
15315 9196 1
15315 15314 1
15315 17732 1
15315 17733 1
15315 17734 1
15315 45606 1
15330 4308 1
15330 15314 1
15330 19757 1
17732 9196 1
17732 15314 1
17732 15315 1
17732 17733 1
17732 17734 1
17732 45606 1
17733 9196 1
17733 15314 1
17733 15315 1
17733 17732 1
17733 17734 1
17733 45606 1
17733 46421 1
17734 9196 1
17734 15314 1
17734 15315 1
17734 17732 1
17734 17733 1
17734 32310 1
17734 45606 1
45606 9196 1
45606 15314 1
45606 15315 1
45606 17732 1
45606 17733 1
45606 17734 1
3230 6669 1
3230 6996 1
3230 7438 1
3230 10294 1
3230 13455 1
3230 13941 1
3230 13956 1
3230 13976 1
3230 15520 1
3230 16297 1
3230 16542 1
3230 17315 1
3230 17720 1
3230 18631 1
4296 13025 1
4296 13065 1
4296 14421 1
4296 14469 1
4296 14477 1
4296 14573 1
4296 15520 1
4296 15541 1
6669 3230 1
6669 3377 1
6669 4935 1
6669 5342 1
6669 6996 1
6669 7400 1
6669 10294 1
6669 11184 1
6669 12708 1
6669 13455 1
6669 15520 1
6669 16297 1
6669 17315 1
6669 17720 1
6669 18443 1
6669 18631 1
6996 3230 1
6996 6669 1
6996 10294 1
6996 13455 1
6996 15520 1
6996 16297 2
6996 17315 1
6996 17720 1
6996 18631 1
10294 3230 1
10294 6669 1
10294 6996 1
10294 13455 1
10294 15520 1
10294 16297 1
10294 17315 1
10294 17720 1
10294 18631 1
13025 4296 1
13025 13065 1
13025 14421 1
13025 14469 1
13025 14477 1
13025 14573 1
13025 15520 1
13025 15541 1
13025 16716 1
13065 4296 1
13065 13025 1
13065 14421 1
13065 14469 1
13065 14477 1
13065 14573 1
13065 15520 1
13065 15541 1
13455 3230 1
13455 6669 1
13455 6996 1
13455 7252 1
13455 10294 1
13455 13403 1
13455 13439 1
13455 13440 2
13455 13441 2
13455 13447 1
13455 13449 1
13455 13450 1
13455 13454 1
13455 13456 1
13455 15520 1
13455 16297 1
13455 16333 1
13455 17315 1
13455 17720 1
13455 18631 1
14421 1708 1
14421 4296 1
14421 12920 1
14421 13025 1
14421 13065 1
14421 14469 1
14421 14477 1
14421 14573 1
14421 15069 1
14421 15520 1
14421 15541 1
14469 4296 1
14469 13025 1
14469 13065 1
14469 14421 1
14469 14477 1
14469 14573 1
14469 15520 1
14469 15541 1
14477 2627 1
14477 2641 1
14477 2644 1
14477 4296 1
14477 13025 1
14477 13065 1
14477 14421 1
14477 14469 1
14477 14573 1
14477 15520 1
14477 15541 1
14477 15797 1
14573 4296 1
14573 13025 1
14573 13065 1
14573 14421 1
14573 14469 1
14573 14477 1
14573 15520 1
14573 15541 1
15541 4296 1
15541 9145 1
15541 13025 1
15541 13065 1
15541 14421 1
15541 14469 1
15541 14477 1
15541 14573 1
15541 15520 2
16297 3230 1
16297 4697 1
16297 6519 1
16297 6530 1
16297 6669 1
16297 6996 2
16297 10294 1
16297 13455 1
16297 15520 1
16297 17315 1
16297 17720 1
16297 18631 1
17315 3230 1
17315 6669 1
17315 6996 1
17315 10294 1
17315 13455 1
17315 15520 1
17315 16297 1
17315 17720 1
17315 18631 1
18631 3230 1
18631 6669 1
18631 6996 1
18631 10294 1
18631 13455 1
18631 13579 1
18631 13618 1
18631 15520 1
18631 16297 1
18631 17315 1
18631 17720 1
18631 18634 1
18631 19593 1
18631 22602 1
18631 22603 1
18631 22605 1
1938 1972 3
1938 2562 1
1938 6881 1
1938 8668 1
1938 8712 1
1938 8713 1
1938 9537 1
1938 11822 1
1938 12518 1
1938 15580 1
1938 17585 1
1938 20335 1
1938 24838 1
2562 1938 1
2562 8668 1
2562 8712 1
2562 8713 1
2562 9537 1
2562 11822 1
2562 12518 1
2562 15580 1
2562 17585 1
2562 20335 1
2562 24838 1
8668 1938 1
8668 2562 1
8668 8712 1
8668 8713 1
8668 9537 1
8668 11822 1
8668 12518 1
8668 15580 1
8668 17585 1
8668 20335 1
8668 24838 1
8712 1938 1
8712 2562 1
8712 2563 4
8712 2799 1
8712 3651 1
8712 5686 1
8712 8668 1
8712 8713 16
8712 9537 1
8712 11822 1
8712 12518 1
8712 12532 1
8712 13660 1
8712 15580 1
8712 17585 1
8712 20183 1
8712 20335 1
8712 24838 1
8713 1938 1
8713 2562 1
8713 2563 4
8713 2799 1
8713 3651 1
8713 5686 1
8713 8668 1
8713 8712 16
8713 9537 1
8713 11822 1
8713 12518 1
8713 12532 1
8713 13660 1
8713 15580 1
8713 17585 1
8713 20183 1
8713 20335 1
8713 24838 1
9537 1938 1
9537 2562 1
9537 8668 1
9537 8712 1
9537 8713 1
9537 11822 1
9537 12518 1
9537 15580 1
9537 17585 1
9537 20335 1
9537 24838 1
11822 1938 1
11822 2562 1
11822 8668 1
11822 8712 1
11822 8713 1
11822 9537 1
11822 12518 1
11822 15580 1
11822 17585 1
11822 20335 1
11822 24838 1
12518 1938 1
12518 2562 1
12518 8668 1
12518 8712 1
12518 8713 1
12518 9537 1
12518 11822 1
12518 15580 1
12518 17585 1
12518 20335 1
12518 24838 1
17585 1938 1
17585 2528 1
17585 2562 1
17585 8668 1
17585 8712 1
17585 8713 1
17585 9537 1
17585 11822 1
17585 12518 1
17585 15415 1
17585 15580 1
17585 16909 1
17585 17312 1
17585 19499 1
17585 20335 1
17585 21193 1
17585 21616 1
17585 22200 1
17585 24838 1
20335 1938 1
20335 2562 1
20335 8668 1
20335 8712 1
20335 8713 1
20335 9537 1
20335 11822 1
20335 12518 1
20335 15580 1
20335 16673 1
20335 17135 1
20335 17585 1
20335 17929 1
20335 24838 1
24838 1938 1
24838 2562 1
24838 8668 1
24838 8712 1
24838 8713 1
24838 9537 1
24838 11822 1
24838 12518 1
24838 15580 1
24838 17585 1
24838 20335 1
1560 3831 1
1560 8314 1
1560 13736 1
1560 15573 1
1560 15611 1
1560 15626 1
1560 17342 1
1560 25009 1
3831 1560 1
3831 8314 1
3831 13736 1
3831 15573 1
3831 15611 1
3831 15626 1
3831 17342 1
3831 25009 1
8314 1560 1
8314 3831 1
8314 13736 1
8314 15573 1
8314 15611 1
8314 15626 1
8314 17342 1
8314 25009 1
13736 1560 1
13736 3831 1
13736 8314 1
13736 15573 1
13736 15611 1
13736 15626 1
13736 17342 1
13736 25009 1
13975 8740 1
13975 8850 1
13975 11075 1
13975 15611 1
13975 16745 1
13975 23275 1
13975 38696 1
15626 1560 1
15626 3831 1
15626 5030 1
15626 7036 1
15626 7306 1
15626 8314 1
15626 9730 1
15626 13736 1
15626 15573 1
15626 15611 1
15626 17342 1
15626 19613 1
15626 25009 1
17342 1560 1
17342 3831 1
17342 8314 1
17342 13157 1
17342 13736 1
17342 15573 1
17342 15611 1
17342 15626 1
17342 25009 1
23275 13975 1
23275 15611 1
23275 38696 1
25009 1560 1
25009 3831 1
25009 8314 1
25009 13736 1
25009 15573 1
25009 15611 1
25009 15626 1
25009 17342 1
25009 22282 1
38696 13975 1
38696 15611 1
38696 23275 1
3377 3386 1
3377 4935 1
3377 6669 1
3377 7400 1
3377 11184 1
3377 12708 1
3377 13071 1
3377 13728 1
3377 18443 1
4935 3377 1
4935 6669 1
4935 7400 1
4935 11184 1
4935 12708 1
4935 18443 1
7400 3377 1
7400 4935 1
7400 6669 1
7400 10120 1
7400 11184 1
7400 12708 1
7400 17894 1
7400 18443 1
11184 3377 1
11184 4935 1
11184 6669 1
11184 7400 1
11184 12708 1
11184 18443 1
12708 3377 1
12708 4935 1
12708 6669 1
12708 7400 1
12708 11184 1
12708 11988 1
12708 18443 1
12708 19417 1
1148 8012 1
1148 9934 1
1148 12255 1
1148 13768 1
1148 13790 1
1148 14146 2
1148 15145 1
1148 16819 1
1148 17362 1
1148 18455 1
1148 19051 1
1148 19757 1
8012 1148 1
8012 12255 1
8012 13768 1
8012 13790 1
8012 14146 1
8012 15145 1
8012 16819 1
8012 17362 1
8012 18455 1
8012 19051 1
8012 19757 1
12255 1148 1
12255 5986 1
12255 6298 1
12255 8012 1
12255 13768 1
12255 13790 1
12255 14140 1
12255 14146 1
12255 15145 1
12255 16819 1
12255 17362 1
12255 18256 1
12255 18455 1
12255 19051 1
12255 19354 1
12255 19757 1
12255 21109 1
13768 1148 1
13768 5028 1
13768 8012 1
13768 10222 1
13768 12255 1
13768 13790 1
13768 14146 1
13768 15145 1
13768 15633 1
13768 16819 1
13768 17362 1
13768 18455 1
13768 18496 1
13768 19051 1
13768 19757 1
13790 1148 1
13790 8012 1
13790 12126 1
13790 12255 1
13790 13768 1
13790 14146 1
13790 15145 1
13790 16819 1
13790 17362 1
13790 18455 1
13790 19051 1
13790 19757 1
15145 1148 1
15145 8012 1
15145 12255 1
15145 13768 1
15145 13790 1
15145 14146 1
15145 16819 1
15145 17362 1
15145 18455 1
15145 18534 1
15145 19051 1
15145 19757 1
16819 1148 1
16819 2748 1
16819 4919 1
16819 6867 1
16819 8012 1
16819 12255 1
16819 13768 1
16819 13790 1
16819 14146 1
16819 15056 1
16819 15145 1
16819 17362 1
16819 18455 1
16819 19051 1
16819 19757 1
17362 1148 1
17362 8012 1
17362 12255 1
17362 13768 1
17362 13790 1
17362 14146 2
17362 15145 1
17362 16819 1
17362 18455 1
17362 19051 1
17362 19757 1
19051 1148 1
19051 8012 1
19051 12255 1
19051 13768 1
19051 13790 1
19051 14146 1
19051 15145 1
19051 16819 1
19051 17362 1
19051 18455 1
19051 19757 1
419 5813 1
419 12434 1
419 18534 2
419 19757 1
419 21752 1
419 23706 1
1155 1842 1
1155 10245 1
1155 19757 1
1155 20477 1
1186 583 1
1186 1198 1
1186 4879 1
1186 4887 1
1186 5266 1
1186 8599 1
1186 8602 1
1186 8650 1
1186 11205 1
1186 14807 1
1186 19757 1
1198 196 1
1198 1186 1
1198 2433 1
1198 5227 1
1198 5266 1
1198 8650 1
1198 9319 1
1198 11205 1
1198 13531 1
1198 14807 1
1198 19757 1
1708 3577 1
1708 4979 1
1708 6619 1
1708 6930 1
1708 8675 1
1708 9784 1
1708 12920 2
1708 14091 1
1708 14096 1
1708 14421 1
1708 14447 1
1708 15069 1
1708 16859 1
1708 18476 1
1708 19413 1
1708 19485 1
1708 19757 1
1842 1155 1
1842 10245 1
1842 13436 1
1842 19757 1
1842 20477 1
1842 21798 1
1842 22429 1
1842 23961 1
1842 28306 1
1842 95281 1
2227 2465 1
2227 2748 1
2227 3386 1
2227 4589 1
2227 4800 1
2227 6113 1
2227 9468 1
2227 9720 1
2227 11761 1
2227 12033 1
2227 13019 1
2227 13977 1
2227 14458 1
2227 14810 1
2227 19757 1
2436 3915 1
2436 4240 1
2436 5243 1
2436 6618 1
2436 8480 1
2436 8727 1
2436 9902 1
2436 14329 1
2436 14330 1
2436 15546 1
2436 19757 1
2436 21166 1
2465 2227 1
2465 2748 1
2465 4800 1
2465 11761 1
2465 13019 1
2465 14458 1
2465 14810 1
2465 19757 1
2748 2227 1
2748 2465 1
2748 4800 1
2748 6867 1
2748 11761 1
2748 13019 1
2748 14458 1
2748 14810 1
2748 15056 1
2748 16819 1
2748 19757 1
3223 3340 1
3223 7790 1
3223 8342 1
3223 9213 1
3223 11152 1
3223 14140 1
3223 17181 1
3223 17182 1
3223 17183 1
3223 19757 1
3223 19792 1
3223 20806 1
3577 1708 1
3577 4979 1
3577 6619 1
3577 6930 1
3577 8675 1
3577 9784 1
3577 12920 1
3577 14091 1
3577 14096 1
3577 14447 1
3577 16859 1
3577 18476 1
3577 19413 1
3577 19485 1
3577 19757 1
3915 2436 1
3915 4240 1
3915 5243 1
3915 6618 1
3915 6810 1
3915 8480 1
3915 8727 1
3915 9336 1
3915 9902 1
3915 14329 1
3915 14330 1
3915 15546 1
3915 17857 1
3915 19757 1
3915 21166 1
3915 23961 1
4240 2436 1
4240 3915 1
4240 5243 1
4240 6618 1
4240 8480 1
4240 8727 1
4240 9902 1
4240 14329 1
4240 14330 1
4240 15546 1
4240 19757 1
4240 21166 1
4321 4734 1
4321 6920 1
4321 8480 1
4321 10178 1
4321 12616 1
4321 13157 1
4321 14461 1
4321 16513 1
4321 19757 1
4734 4321 1
4734 6920 1
4734 10178 1
4734 12616 1
4734 13157 1
4734 14461 1
4734 19757 1
4800 2227 1
4800 2465 1
4800 2748 1
4800 3468 1
4800 7581 1
4800 9776 1
4800 11761 2
4800 13019 1
4800 14458 1
4800 14466 1
4800 14664 1
4800 14810 1
4800 16078 1
4800 18521 1
4800 19757 1
4979 1708 1
4979 3577 1
4979 6619 1
4979 6930 1
4979 8675 1
4979 9784 1
4979 12920 1
4979 14091 1
4979 14096 1
4979 14447 1
4979 14609 1
4979 16859 1
4979 18476 1
4979 19413 1
4979 19485 1
4979 19757 1
5243 2436 1
5243 3915 1
5243 4240 1
5243 6618 1
5243 8480 1
5243 8727 1
5243 9902 1
5243 14329 1
5243 14330 1
5243 15546 1
5243 19757 1
5243 21166 1
5266 1186 1
5266 1198 1
5266 8650 1
5266 11205 1
5266 14807 1
5266 19757 1
5342 6669 1
5342 8662 1
5342 17779 1
5342 19757 1
5813 419 1
5813 12434 1
5813 18534 1
5813 19757 1
5813 23706 1
6618 2436 1
6618 3915 1
6618 4240 1
6618 5243 1
6618 8480 1
6618 8727 1
6618 9902 1
6618 14329 1
6618 14330 1
6618 15546 1
6618 19757 1
6618 21166 1
6619 1708 1
6619 3577 1
6619 4361 1
6619 4979 1
6619 6930 1
6619 8675 1
6619 9784 1
6619 12920 1
6619 14091 1
6619 14096 1
6619 14447 1
6619 16326 1
6619 16859 1
6619 18476 1
6619 19413 1
6619 19485 1
6619 19757 1
6920 177 1
6920 4321 1
6920 4734 1
6920 4931 1
6920 6115 1
6920 10178 1
6920 12616 1
6920 13157 1
6920 14461 1
6920 19757 1
6930 1708 1
6930 3577 1
6930 4979 1
6930 6619 1
6930 8675 1
6930 9784 1
6930 12920 1
6930 14091 1
6930 14096 1
6930 14447 1
6930 16859 1
6930 18476 1
6930 19413 1
6930 19485 1
6930 19757 1
7635 3386 1
7635 9315 1
7635 13728 1
7635 14636 1
7635 19757 1
7790 3223 1
7790 9213 1
7790 11152 1
7790 19757 1
7790 20806 1
8480 2436 1
8480 3362 1
8480 3915 1
8480 4240 1
8480 4321 1
8480 5243 1
8480 6618 1
8480 8727 1
8480 9902 1
8480 11508 1
8480 12602 1
8480 14329 1
8480 14330 1
8480 15546 1
8480 16513 1
8480 19757 2
8480 20370 1
8480 21166 1
8650 1186 1
8650 1198 1
8650 5266 1
8650 11205 1
8650 14807 1
8650 19757 1
8662 5342 1
8662 8658 1
8662 13728 1
8662 14771 1
8662 16078 1
8662 17779 1
8662 19757 1
8675 1708 1
8675 3577 1
8675 4979 1
8675 6619 1
8675 6930 1
8675 9784 1
8675 12920 1
8675 14091 1
8675 14096 1
8675 14447 1
8675 16859 1
8675 18476 1
8675 19413 1
8675 19485 1
8675 19757 1
8727 2436 1
8727 3915 1
8727 4240 1
8727 4919 1
8727 5243 1
8727 6618 1
8727 8480 1
8727 9902 1
8727 13843 1
8727 14278 1
8727 14329 1
8727 14330 1
8727 15546 1
8727 19757 1
8727 21166 1
9114 19757 1
9213 3223 1
9213 7790 1
9213 11152 1
9213 15485 1
9213 19757 1
9213 20806 1
9315 3386 1
9315 7635 1
9315 13728 1
9315 14636 1
9315 19757 1
9784 1708 1
9784 3577 1
9784 4979 1
9784 6619 1
9784 6930 1
9784 8675 1
9784 12920 1
9784 14091 1
9784 14096 1
9784 14447 1
9784 16859 1
9784 18476 1
9784 19413 1
9784 19485 1
9784 19757 1
9902 2436 1
9902 3915 1
9902 4240 1
9902 5243 1
9902 6618 1
9902 8480 1
9902 8727 1
9902 14329 1
9902 14330 1
9902 15546 1
9902 19757 1
9902 21166 1
10178 4321 1
10178 4734 1
10178 6920 1
10178 12616 1
10178 13157 1
10178 14461 1
10178 19757 1
10245 1093 1
10245 1155 1
10245 1842 1
10245 10253 1
10245 16663 1
10245 19757 1
10245 20477 1
10245 30732 1
11152 3223 1
11152 7790 1
11152 9213 1
11152 19757 1
11152 20806 1
11205 1186 1
11205 1198 1
11205 5266 1
11205 8650 1
11205 14807 1
11205 16859 1
11205 19757 1
11477 12434 1
11477 13157 1
11477 19755 1
11477 19756 1
11477 19757 1
11477 19758 1
11477 22842 1
11477 23359 1
11477 23958 1
11477 24474 1
11477 26737 1
11477 31938 1
11508 6662 1
11508 8480 1
11508 10945 1
11508 14462 1
11508 19757 1
11508 20370 1
11761 2227 1
11761 2465 1
11761 2748 1
11761 3468 1
11761 4800 2
11761 7581 1
11761 9231 1
11761 9776 1
11761 13019 1
11761 14458 1
11761 14466 1
11761 14664 1
11761 14810 1
11761 16078 1
11761 18521 1
11761 19757 1
11761 19949 1
12434 419 1
12434 5813 1
12434 11477 1
12434 13157 1
12434 18534 1
12434 19755 1
12434 19756 1
12434 19757 2
12434 19758 1
12434 22842 1
12434 23359 1
12434 23706 1
12434 23958 1
12434 24474 1
12434 26737 1
12434 31938 1
12616 4321 1
12616 4734 1
12616 6920 1
12616 10178 1
12616 13157 1
12616 14461 1
12616 19757 1
12920 1708 2
12920 3577 1
12920 4361 1
12920 4979 1
12920 5839 1
12920 6619 1
12920 6930 1
12920 8675 1
12920 9784 1
12920 10537 1
12920 14043 1
12920 14091 1
12920 14096 1
12920 14421 1
12920 14447 1
12920 15069 1
12920 15636 1
12920 16859 1
12920 18476 1
12920 19413 1
12920 19485 1
12920 19757 1
12920 24467 1
13019 2227 1
13019 2465 1
13019 2748 1
13019 4800 1
13019 5278 1
13019 7408 1
13019 11761 1
13019 13018 1
13019 14458 1
13019 14810 1
13019 19757 1
13071 3377 1
13071 3386 1
13071 13728 1
13071 15824 1
13071 19757 1
13071 28306 1
13157 4321 1
13157 4734 1
13157 6920 1
13157 10178 1
13157 11477 1
13157 12434 1
13157 12616 1
13157 14461 1
13157 16542 1
13157 17342 1
13157 19755 1
13157 19756 1
13157 19757 2
13157 19758 1
13157 22842 1
13157 23359 1
13157 23958 1
13157 24474 1
13157 26737 1
13157 31938 1
13728 1292 1
13728 1293 1
13728 1569 1
13728 3377 1
13728 3386 2
13728 4712 1
13728 4746 1
13728 6103 1
13728 7635 1
13728 8312 1
13728 8662 1
13728 9315 1
13728 9557 1
13728 10358 1
13728 13071 1
13728 13393 1
13728 14636 1
13728 14771 1
13728 16078 1
13728 19757 1
14091 1708 1
14091 3577 1
14091 4979 1
14091 5469 1
14091 6619 1
14091 6626 1
14091 6930 1
14091 8675 1
14091 9784 1
14091 12920 1
14091 14096 1
14091 14447 1
14091 16859 1
14091 18476 1
14091 19413 1
14091 19485 1
14091 19757 1
14096 1708 1
14096 3577 1
14096 4137 1
14096 4979 1
14096 6619 1
14096 6930 1
14096 8675 1
14096 9784 1
14096 12920 1
14096 14091 1
14096 14447 1
14096 16859 1
14096 18476 1
14096 18726 1
14096 19413 1
14096 19485 1
14096 19757 1
14329 2436 1
14329 3915 1
14329 4240 1
14329 5243 1
14329 6618 1
14329 8480 1
14329 8727 1
14329 9902 1
14329 14330 1
14329 15546 1
14329 19757 1
14329 21166 1
14330 2436 1
14330 3915 1
14330 4240 1
14330 5243 1
14330 6618 1
14330 8480 1
14330 8727 1
14330 9902 1
14330 14329 1
14330 15546 1
14330 19757 1
14330 21166 1
14447 1708 1
14447 3577 1
14447 4979 1
14447 6619 1
14447 6930 1
14447 8675 1
14447 9733 1
14447 9784 1
14447 12920 1
14447 14091 1
14447 14096 1
14447 16859 1
14447 18476 1
14447 19413 1
14447 19485 1
14447 19757 1
14458 2227 1
14458 2465 1
14458 2748 1
14458 3523 1
14458 4800 1
14458 11761 1
14458 13019 1
14458 14810 1
14458 15539 1
14458 19757 1
14461 4321 1
14461 4734 1
14461 6920 1
14461 10178 1
14461 12616 1
14461 13157 1
14461 19757 1
14636 3386 1
14636 7635 1
14636 9315 1
14636 13728 1
14636 19757 1
14810 2227 1
14810 2465 1
14810 2748 1
14810 4800 1
14810 6708 1
14810 7589 1
14810 7592 1
14810 7603 1
14810 7612 1
14810 11761 1
14810 12054 1
14810 13019 1
14810 13346 1
14810 13836 1
14810 14458 1
14810 16516 1
14810 17923 1
14810 19757 1
15546 2436 1
15546 3915 1
15546 4056 1
15546 4240 1
15546 5243 1
15546 5358 1
15546 6618 1
15546 7310 1
15546 8480 1
15546 8727 1
15546 9902 1
15546 14329 1
15546 14330 1
15546 18910 1
15546 19757 1
15546 21166 1
16859 1708 1
16859 3577 1
16859 4979 1
16859 6619 1
16859 6930 1
16859 8675 1
16859 9784 1
16859 11205 1
16859 12920 1
16859 14091 1
16859 14096 1
16859 14447 1
16859 18476 1
16859 19413 1
16859 19485 1
16859 19757 1
17779 5342 1
17779 8662 1
17779 19757 1
18476 1708 1
18476 3577 1
18476 4979 1
18476 6619 1
18476 6930 1
18476 8675 1
18476 9784 1
18476 12920 1
18476 14091 1
18476 14096 1
18476 14447 1
18476 16859 1
18476 19413 1
18476 19485 1
18476 19757 1
19413 1708 1
19413 3577 1
19413 4979 1
19413 6619 1
19413 6930 1
19413 8675 1
19413 9784 1
19413 12920 1
19413 14091 1
19413 14096 1
19413 14447 1
19413 16859 1
19413 18476 1
19413 19485 1
19413 19757 1
19485 1708 1
19485 3577 1
19485 4979 1
19485 6619 1
19485 6930 1
19485 8675 1
19485 9784 1
19485 12920 1
19485 14091 1
19485 14096 1
19485 14447 1
19485 16859 1
19485 18476 1
19485 19413 1
19485 19757 1
19755 11477 1
19755 12434 1
19755 13157 1
19755 19756 1
19755 19757 1
19755 19758 1
19755 22842 1
19755 23359 1
19755 23958 1
19755 24474 1
19755 26737 1
19755 31938 1
19756 11477 1
19756 12434 1
19756 13157 1
19756 19755 1
19756 19757 1
19756 19758 1
19756 22842 1
19756 23359 1
19756 23958 1
19756 24474 1
19756 26737 1
19756 31938 1
19758 11477 1
19758 12434 1
19758 13157 1
19758 19755 1
19758 19756 1
19758 19757 1
19758 22842 1
19758 23359 1
19758 23958 1
19758 24474 1
19758 26737 1
19758 31938 1
20370 8480 1
20370 11508 1
20370 18869 1
20370 19739 1
20370 19757 1
20477 1155 1
20477 1842 1
20477 10245 1
20477 19757 1
20806 3223 1
20806 7790 1
20806 7960 1
20806 9213 1
20806 11152 1
20806 19757 1
21166 2436 1
21166 3915 1
21166 4240 1
21166 5243 1
21166 6618 1
21166 8480 1
21166 8727 1
21166 9902 1
21166 11788 1
21166 12957 1
21166 14329 1
21166 14330 1
21166 15468 1
21166 15546 1
21166 17642 1
21166 19757 1
21166 22199 1
21166 22200 1
22842 11477 1
22842 12434 1
22842 13157 1
22842 19755 1
22842 19756 1
22842 19757 1
22842 19758 1
22842 23359 1
22842 23958 1
22842 24474 1
22842 26737 1
22842 31938 1
23359 11477 1
23359 12434 1
23359 13157 1
23359 19755 1
23359 19756 1
23359 19757 1
23359 19758 1
23359 22842 1
23359 23958 1
23359 24474 1
23359 26737 1
23359 31938 1
23706 419 1
23706 5813 1
23706 12434 1
23706 18534 1
23706 19757 1
23706 20194 1
23706 20783 1
23958 11477 1
23958 12434 1
23958 13157 1
23958 19755 1
23958 19756 1
23958 19757 1
23958 19758 1
23958 22842 1
23958 23359 1
23958 24474 1
23958 26737 1
23958 31938 1
24474 11477 1
24474 12434 1
24474 13157 1
24474 19755 1
24474 19756 1
24474 19757 1
24474 19758 1
24474 22842 1
24474 23359 1
24474 23958 1
24474 26737 1
24474 31938 1
26737 11477 1
26737 12434 1
26737 13157 1
26737 19755 1
26737 19756 1
26737 19757 1
26737 19758 1
26737 22842 1
26737 23359 1
26737 23958 1
26737 24474 1
26737 31938 1
28306 1842 1
28306 13071 1
28306 19757 1
28306 23961 2
31938 11477 1
31938 12434 1
31938 13157 1
31938 19755 1
31938 19756 1
31938 19757 1
31938 19758 1
31938 22842 1
31938 23359 1
31938 23958 1
31938 24474 1
31938 26737 1
31938 126716 1
31938 126726 1
5359 11988 1
5359 15815 1
5359 17443 1
5359 19891 1
5359 19949 1
5359 19952 1
5359 19953 1
5359 19957 1
5359 19960 1
5359 20451 1
11988 5359 1
11988 12708 1
11988 17443 1
11988 19417 1
11988 19891 1
11988 19949 1
11988 19952 1
11988 19953 1
11988 19957 1
11988 19960 1
11988 20451 1
17443 5359 1
17443 8182 1
17443 8410 1
17443 11988 1
17443 19891 1
17443 19949 1
17443 19952 1
17443 19953 1
17443 19957 1
17443 19960 1
17443 20451 1
19891 5359 1
19891 11988 1
19891 17443 1
19891 19949 1
19891 19952 1
19891 19953 1
19891 19957 1
19891 19960 1
19891 20451 1
19949 5030 1
19949 5359 1
19949 7078 1
19949 9231 1
19949 11761 1
19949 11988 1
19949 13209 1
19949 14743 1
19949 17299 1
19949 17443 1
19949 19891 1
19949 19952 1
19949 19953 1
19949 19957 1
19949 19960 1
19949 20451 1
19952 5359 1
19952 11988 1
19952 17443 1
19952 19891 1
19952 19949 1
19952 19953 1
19952 19957 1
19952 19960 1
19952 20451 1
19957 5359 1
19957 11988 1
19957 13949 1
19957 17443 1
19957 19891 1
19957 19949 1
19957 19952 1
19957 19953 1
19957 19960 1
19957 20451 1
19960 5359 1
19960 11988 1
19960 17443 1
19960 19891 1
19960 19949 1
19960 19952 1
19960 19953 1
19960 19957 1
19960 20451 1
20451 5359 1
20451 11988 1
20451 17443 1
20451 19891 1
20451 19949 1
20451 19952 1
20451 19953 1
20451 19957 1
20451 19960 1
20451 20433 1
20451 20440 1
2563 5686 1
2563 8712 4
2563 8713 4
2563 12532 1
2563 13660 1
2563 20183 1
13660 2563 1
13660 8712 1
13660 8713 1
13660 16236 1
13660 20183 1
13660 23956 1
987 18653 1
987 20195 1
987 26794 1
987 27014 1
987 27140 1
987 27391 1
987 27600 1
987 29247 1
987 29315 1
1666 3309 1
1666 8863 1
1666 14962 1
1666 20195 1
1666 29425 1
1666 34178 1
3309 1666 1
3309 8863 1
3309 14962 1
3309 20195 1
3309 29425 1
3309 34178 1
8863 1666 1
8863 3309 1
8863 14962 1
8863 20195 1
8863 29425 1
8863 34178 1
10244 14832 1
10244 18447 1
10244 18838 1
10244 20195 1
10244 23956 1
10244 23961 1
10244 24220 1
10244 27291 1
10244 29471 1
10244 31563 1
10244 36456 1
10244 40994 1
14832 10244 1
14832 18447 1
14832 18838 1
14832 20195 1
14832 23956 1
14832 24220 1
14832 27291 1
14832 29471 1
14832 31563 1
14832 36456 1
14832 40994 1
14962 1666 1
14962 3309 1
14962 8863 1
14962 20195 1
14962 29425 1
14962 34178 1
18447 3547 1
18447 10121 1
18447 10244 1
18447 14832 1
18447 18838 1
18447 20195 1
18447 23956 1
18447 24220 1
18447 27291 1
18447 29471 1
18447 31563 1
18447 36456 1
18447 40994 1
18646 20195 1
18653 987 1
18653 14341 1
18653 19844 1
18653 20116 1
18653 20195 1
18653 23142 1
18653 23699 1
18653 27014 1
18653 27018 1
18653 27140 1
18653 27391 1
18653 27600 1
18653 29247 1
18653 29315 1
18653 33536 1
18838 10244 1
18838 14832 1
18838 18447 1
18838 20195 1
18838 23956 1
18838 24220 1
18838 27291 1
18838 29471 1
18838 31563 1
18838 36456 1
18838 40994 1
23956 9232 1
23956 10244 1
23956 13660 1
23956 14832 1
23956 18306 1
23956 18447 1
23956 18838 1
23956 20195 1
23956 23957 1
23956 24220 1
23956 27291 1
23956 29471 1
23956 31563 1
23956 36456 1
23956 40994 1
24220 10244 1
24220 14832 1
24220 18447 1
24220 18838 1
24220 20195 1
24220 23956 1
24220 27291 1
24220 29471 1
24220 31563 1
24220 36456 1
24220 40994 1
26575 10837 1
26575 19936 1
26575 20195 1
26575 27728 1
26575 29412 1
26575 36746 1
27014 987 1
27014 18653 1
27014 20195 1
27014 27140 1
27014 27391 1
27014 27600 1
27014 29247 1
27014 29315 1
27140 987 1
27140 18653 1
27140 20195 1
27140 27014 1
27140 27391 1
27140 27600 1
27140 29247 1
27140 29315 1
27291 10244 1
27291 13413 1
27291 14832 1
27291 18447 1
27291 18838 1
27291 20195 1
27291 23956 1
27291 24220 1
27291 29471 1
27291 31563 1
27291 36456 1
27291 40994 1
27391 987 1
27391 18653 1
27391 20195 1
27391 27014 1
27391 27140 1
27391 27600 1
27391 29247 1
27391 29315 1
27600 987 1
27600 18653 1
27600 20195 1
27600 25775 1
27600 27014 1
27600 27140 1
27600 27391 1
27600 29247 1
27600 29315 1
29247 987 1
29247 18653 1
29247 20195 1
29247 27014 1
29247 27140 1
29247 27391 1
29247 27600 1
29247 29315 1
29315 987 1
29315 18653 1
29315 18717 1
29315 18721 1
29315 20195 1
29315 21832 1
29315 26021 1
29315 27014 1
29315 27140 1
29315 27189 1
29315 27391 1
29315 27600 1
29315 27683 1
29315 29145 1
29315 29247 1
29315 35899 1
29315 36454 1
29315 36456 1
29412 20195 1
29412 26575 1
29425 1666 1
29425 3309 1
29425 8863 1
29425 10289 1
29425 14962 1
29425 19738 1
29425 20195 1
29425 34178 1
29471 10244 1
29471 14832 1
29471 18447 1
29471 18838 1
29471 20195 1
29471 23956 1
29471 24220 1
29471 27291 1
29471 31563 1
29471 36456 1
29471 40994 1
31563 10244 1
31563 14832 1
31563 18447 1
31563 18838 1
31563 20195 1
31563 23956 1
31563 24220 1
31563 27291 1
31563 29471 1
31563 36456 1
31563 40994 1
34178 1666 1
34178 3309 1
34178 8863 1
34178 13614 1
34178 14962 1
34178 17114 1
34178 20195 1
34178 29425 1
36456 10244 1
36456 14832 1
36456 18447 1
36456 18838 1
36456 20195 1
36456 22415 1
36456 23956 1
36456 24220 1
36456 27291 1
36456 28921 1
36456 29315 1
36456 29471 1
36456 31563 1
36456 40994 1
40994 10244 1
40994 14832 1
40994 18447 1
40994 18838 1
40994 20195 1
40994 20675 1
40994 23956 1
40994 24220 1
40994 27291 1
40994 29471 1
40994 31563 1
40994 36188 1
40994 36456 1
40994 41345 1
8862 12160 1
8862 21364 1
8862 23351 1
8862 28574 1
8862 32415 1
8862 33251 1
8862 33310 1
9841 19195 1
9841 19844 1
9841 20733 1
9841 21364 1
9841 28686 1
9841 31046 1
9841 31251 1
9841 59389 1
12160 8862 1
12160 21364 1
12160 23351 1
12160 28574 1
12160 32415 1
12160 33251 1
12160 33310 1
19195 9841 1
19195 19844 1
19195 20733 1
19195 21364 1
19195 28686 1
19195 31046 1
19195 31251 1
19195 59389 1
19844 9841 1
19844 18653 1
19844 19195 1
19844 20733 1
19844 21364 1
19844 28686 1
19844 31046 1
19844 31251 1
19844 59389 1
20733 8046 1
20733 8820 1
20733 9841 1
20733 11416 1
20733 13892 1
20733 19195 1
20733 19844 1
20733 21364 2
20733 22942 1
20733 24216 1
20733 28686 1
20733 31046 1
20733 31251 1
20733 31716 1
20733 59389 1
23351 8862 1
23351 12160 1
23351 21364 1
23351 28574 1
23351 32415 1
23351 33251 1
23351 33310 1
25163 21364 1
28574 8862 1
28574 12160 1
28574 14659 1
28574 21364 1
28574 23351 1
28574 23452 1
28574 32415 1
28574 33251 1
28574 33310 1
28686 9841 1
28686 19195 1
28686 19844 1
28686 20733 1
28686 21364 1
28686 31046 1
28686 31251 1
28686 59389 1
31046 9841 1
31046 19195 1
31046 19844 1
31046 20733 1
31046 21364 1
31046 22441 1
31046 28686 1
31046 29742 1
31046 31251 1
31046 59389 1
31251 9841 1
31251 19195 1
31251 19844 1
31251 20733 1
31251 21364 1
31251 28686 1
31251 31046 1
31251 59389 1
32415 8862 1
32415 12160 1
32415 21364 1
32415 23351 1
32415 27944 1
32415 27977 1
32415 28574 1
32415 33251 1
32415 33310 1
32415 40089 1
33251 6149 1
33251 8862 1
33251 12160 1
33251 21364 1
33251 23351 1
33251 28574 1
33251 32415 1
33251 33310 1
33310 8862 1
33310 12160 1
33310 21364 1
33310 23351 1
33310 28574 1
33310 32415 1
33310 33251 1
41378 21364 1
59389 9841 1
59389 19195 1
59389 19844 1
59389 20733 1
59389 21364 1
59389 24444 1
59389 28686 1
59389 31046 1
59389 31251 1
23548 23961 1
23548 25775 1
23548 25781 1
23548 26333 1
23548 26592 1
23548 27942 1
23548 27944 1
23548 28921 1
23548 29742 1
23548 30439 2
23548 31492 1
23548 32134 1
23961 1842 1
23961 3915 1
23961 6810 1
23961 9336 1
23961 10244 1
23961 17857 1
23961 23548 1
23961 25775 1
23961 25781 1
23961 26333 1
23961 26592 1
23961 27942 1
23961 27944 1
23961 28306 2
23961 28921 1
23961 29742 1
23961 30439 1
23961 31492 1
23961 32134 1
25115 9138 1
25115 11701 1
25115 12765 1
25115 19919 1
25115 20725 1
25115 20995 1
25115 23530 1
25115 24498 1
25115 25922 1
25115 26002 1
25115 26592 1
25115 55492 1
25775 23548 1
25775 23961 1
25775 25781 1
25775 26333 1
25775 26592 1
25775 27600 1
25775 27651 1
25775 27942 1
25775 27944 1
25775 28921 1
25775 29742 1
25775 30439 1
25775 31492 1
25775 32134 1
25781 23548 1
25781 23961 1
25781 24437 1
25781 25775 1
25781 26333 1
25781 26592 1
25781 27942 1
25781 27944 1
25781 28921 1
25781 29742 1
25781 30439 1
25781 31492 1
25781 32134 1
26333 23548 1
26333 23961 1
26333 25775 1
26333 25781 1
26333 26592 1
26333 27942 1
26333 27944 1
26333 28921 1
26333 29742 1
26333 30439 1
26333 31492 1
26333 32134 1
26333 45361 1
27018 18653 1
27018 20116 1
27018 26592 1
27942 23548 1
27942 23961 1
27942 25775 1
27942 25781 1
27942 26333 1
27942 26592 1
27942 27944 1
27942 28921 1
27942 29742 1
27942 30439 1
27942 31492 1
27942 32134 1
27944 23548 1
27944 23961 1
27944 25775 1
27944 25781 1
27944 26333 1
27944 26592 1
27944 27942 1
27944 28921 1
27944 29742 1
27944 30439 1
27944 31492 1
27944 32134 1
27944 32415 1
28921 23548 1
28921 23961 1
28921 25775 1
28921 25781 1
28921 26333 1
28921 26592 1
28921 27942 1
28921 27944 1
28921 29742 1
28921 30439 1
28921 31492 1
28921 32134 1
28921 36456 1
29742 16775 1
29742 16806 1
29742 23548 1
29742 23961 1
29742 25775 1
29742 25781 1
29742 26333 1
29742 26592 1
29742 27942 1
29742 27944 1
29742 28921 1
29742 30439 1
29742 31046 1
29742 31492 1
29742 32134 1
29742 32301 1
30439 23548 2
30439 23961 1
30439 25775 1
30439 25781 1
30439 26333 1
30439 26592 1
30439 27942 1
30439 27944 1
30439 28921 1
30439 29742 1
30439 31492 1
30439 32134 2
31492 23548 1
31492 23961 1
31492 25775 1
31492 25781 1
31492 26333 1
31492 26592 1
31492 27942 1
31492 27944 1
31492 28921 1
31492 29742 1
31492 30439 1
31492 32134 1
32134 23548 1
32134 23961 1
32134 25775 1
32134 25781 1
32134 26333 1
32134 26592 1
32134 27942 1
32134 27944 1
32134 28921 1
32134 29742 1
32134 30439 2
32134 31492 1
35052 26592 1
35052 29801 1
55492 25115 1
55492 26592 1
1200 9138 1
1200 29173 1
1200 34695 1
9138 1200 1
9138 6447 1
9138 18253 1
9138 25115 1
9138 25286 1
9138 29173 1
9138 34695 1
21849 22282 1
21849 34695 1
21849 36135 1
21849 37218 1
21849 38682 1
21849 40718 1
21849 41725 1
21849 45533 1
21849 45534 1
22282 21849 1
22282 25009 1
22282 30209 1
22282 34695 1
22282 37218 1
22282 38682 1
22282 40718 1
22282 41725 1
22282 45533 1
22282 45534 1
29173 1200 1
29173 9138 1
29173 34695 1
37218 18182 1
37218 21849 1
37218 22282 1
37218 26307 1
37218 27094 1
37218 34695 1
37218 38682 1
37218 40718 1
37218 41725 1
37218 45533 1
37218 45534 1
38682 21849 1
38682 22282 1
38682 34695 1
38682 37218 1
38682 40718 1
38682 41725 1
38682 45533 1
38682 45534 1
40718 21849 1
40718 22282 1
40718 34695 1
40718 37218 1
40718 38682 1
40718 41725 1
40718 45533 1
40718 45534 1
41725 21849 1
41725 22282 1
41725 34695 1
41725 37218 1
41725 38682 1
41725 40718 1
41725 45533 1
41725 45534 2
45533 21849 1
45533 22282 1
45533 34695 1
45533 37218 1
45533 38682 1
45533 40718 1
45533 41725 1
45533 45534 1
45534 4807 1
45534 21849 1
45534 22282 1
45534 34695 1
45534 37218 1
45534 38682 1
45534 40718 1
45534 41725 2
45534 45533 1
18843 20704 1
18843 35225 1
18843 36135 1
18843 43687 1
18843 44022 1
18843 46119 1
18843 50235 1
35224 35225 1
36135 18843 1
36135 21849 1
36135 27168 1
36135 35225 1
36135 44022 1
36135 46119 1
36135 50235 1
41239 21323 1
41239 26761 1
41239 35225 1
41239 36249 1
41239 44104 1
44022 18843 1
44022 35225 1
44022 36135 1
44022 46119 2
44022 50235 1
44104 35225 1
44104 41239 1
46119 18843 1
46119 35225 1
46119 36135 1
46119 44022 2
46119 50235 1
50235 18843 1
50235 35225 1
50235 36135 1
50235 44022 1
50235 46119 1
52962 52963 1
52962 53676 1
52962 57184 1
52963 52962 1
52963 53676 1
52963 57184 1
57184 52962 1
57184 52963 1
57184 53676 1
4813 13407 1
4813 13834 1
4813 14609 1
4813 14610 1
4813 17350 1
4813 55035 1
5031 19498 1
5031 19499 1
5031 55035 1
13407 4813 1
13407 13834 1
13407 14609 1
13407 14610 1
13407 17350 1
13407 55035 1
13834 4813 1
13834 13407 1
13834 14609 1
13834 14610 1
13834 17350 1
13834 55035 1
14609 4813 1
14609 4979 1
14609 13407 1
14609 13834 1
14609 14610 1
14609 17350 1
14609 55035 1
14610 4813 1
14610 13407 1
14610 13834 1
14610 13877 1
14610 14609 1
14610 17350 1
14610 55035 1
17350 4813 1
17350 13407 1
17350 13834 1
17350 14609 1
17350 14610 1
17350 55035 1
19498 5031 1
19498 18293 1
19498 19499 1
19498 30357 1
19498 55035 1
19499 550 1
19499 2528 1
19499 3627 1
19499 3633 1
19499 5031 1
19499 8147 1
19499 14144 1
19499 15415 1
19499 16909 1
19499 16997 1
19499 17312 1
19499 17585 1
19499 19498 1
19499 21193 1
19499 21616 1
19499 22200 1
19499 55035 1
20135 22377 1
20135 55035 1
22377 20135 1
22377 55035 1
22377 123862 1
26556 26602 1
26556 36850 1
26556 55035 1
26602 26556 1
26602 36850 1
26602 45105 1
26602 55035 1
36850 26556 1
36850 26602 1
36850 55035 1
36850 55881 1
47303 47304 1
47303 47305 1
47303 55035 1
47304 47303 1
47304 47305 1
47304 55035 1
47305 47303 1
47305 47304 1
47305 55035 1
51959 55035 1
51959 76324 1
55033 55034 1
55033 55035 1
55033 55036 1
55034 52252 1
55034 55033 1
55034 55035 1
55034 55036 1
55034 75490 1
55036 55033 1
55036 55034 1
55036 55035 1
57378 55035 1
63631 55035 1
63631 63632 1
63632 55035 1
63632 63631 1
68995 55035 1
4034 8034 1
4034 9469 1
4034 13807 1
8034 4034 1
8034 9469 1
8034 13807 1
9469 4034 1
9469 8034 1
9469 8342 1
9469 13807 1
9469 17337 1
13893 2445 1
14372 2445 1
14372 16718 1
14372 19060 1
16718 2445 1
16718 14372 1
16718 19060 1
19060 2445 1
19060 14372 1
19060 16718 1
12704 2752 1
17294 3333 1
17294 19745 1
17294 23434 1
19745 3333 1
19745 17294 1
19745 23434 1
23434 3333 1
23434 17294 1
23434 19745 1
2642 3593 1
15362 3593 1
13843 4919 1
13843 8727 1
13843 14278 1
14278 4919 1
14278 8727 1
14278 13843 1
7011 7022 1
7011 18469 1
18469 7011 1
18469 7022 1
18469 12033 1
18469 20719 1
3332 3337 1
3332 7438 1
3332 7480 1
3332 18471 1
3332 20719 1
3332 25786 1
3337 3332 1
3337 7438 1
3337 7480 1
3337 18471 1
3337 20719 1
3337 25786 1
7480 3332 1
7480 3337 1
7480 7438 1
7480 18471 1
7480 20719 1
7480 25786 1
13941 3230 1
13941 7438 1
13941 13956 1
13941 13976 1
13941 16542 1
13956 3230 1
13956 7438 1
13956 13941 1
13956 13976 1
13956 16542 1
18471 3332 1
18471 3337 1
18471 7438 1
18471 7480 1
18471 20719 1
18471 25786 1
20719 3332 1
20719 3337 1
20719 7438 1
20719 7480 1
20719 18469 1
20719 18471 1
20719 25786 1
25786 3332 1
25786 3337 1
25786 7438 1
25786 7480 1
25786 18471 1
25786 20719 1
25786 25785 1
25786 25787 1
1399 7611 1
1399 15049 1
32969 16923 1
32969 33548 1
33548 16923 1
33548 32969 1
9145 15541 1
9145 17293 1
19460 17293 1
19460 23435 1
23435 17293 1
23435 19460 1
21752 419 1
21752 18534 1
9975 8310 1
9975 13499 1
13499 8310 1
13499 9975 1
4759 9228 1
4759 12598 1
4759 18102 1
11148 9228 1
11148 22627 1
12598 4759 1
12598 9228 1
12598 18102 1
18102 4759 1
18102 9228 1
18102 12598 1
18102 18101 1
18102 18118 1
22627 9228 1
22627 11148 1
6889 8177 1
6889 12644 1
6889 12645 1
6889 13451 1
6889 14711 1
6889 14712 1
6889 17476 1
6889 20137 1
8177 6889 1
8177 12644 1
8177 12645 1
8177 13451 1
8177 14711 1
8177 14712 1
8177 17476 1
8177 20137 1
12644 6889 1
12644 8177 1
12644 12645 1
12644 13451 1
12644 14711 1
12644 14712 1
12644 17476 1
12644 20137 1
12645 6889 1
12645 8177 1
12645 12644 1
12645 13451 1
12645 14711 1
12645 14712 1
12645 17476 1
12645 20137 1
14711 6889 1
14711 8177 1
14711 12644 1
14711 12645 1
14711 13451 1
14711 14712 1
14711 17476 1
14711 20137 1
14712 6889 1
14712 8177 1
14712 12644 1
14712 12645 1
14712 13451 1
14712 14711 1
14712 17476 1
14712 20137 1
17476 6889 1
17476 8177 1
17476 12644 1
17476 12645 1
17476 13451 1
17476 14711 1
17476 14712 1
17476 20137 1
20137 6889 1
20137 8177 1
20137 12644 1
20137 12645 1
20137 13451 1
20137 14711 1
20137 14712 1
20137 17476 1
16965 17263 1
4790 3365 1
2619 2631 1
2619 2876 1
2619 4873 1
2619 6006 1
2619 7538 1
2631 2619 1
2631 2876 1
2631 4873 1
2631 6006 1
2631 7538 1
2698 7538 1
2876 2619 1
2876 2631 1
2876 4873 1
2876 6006 1
2876 7538 1
4873 2619 1
4873 2631 1
4873 2876 1
4873 6006 1
4873 7538 1
6006 2619 1
6006 2631 1
6006 2876 1
6006 4873 1
6006 7538 1
14851 9449 1
2829 5481 1
2829 9717 1
5481 2829 1
5481 9717 1
19894 19917 1
88645 31037 1
122718 31037 2
924 944 1
924 1992 1
1992 924 1
1992 944 1
5816 8355 1
5816 13512 1
5816 14146 1
5816 16551 1
8355 5816 1
8355 13512 1
8355 14146 1
8355 16551 1
13512 5816 1
13512 8355 1
13512 14146 1
13512 16551 1
16551 5816 1
16551 8355 1
16551 13512 1
16551 14146 1
19910 14146 1
5721 5567 1
5721 6674 1
5721 7811 1
5721 8879 1
5721 9477 1
6674 5567 1
6674 5721 1
6674 7811 1
6674 9477 1
7811 5567 1
7811 5721 1
7811 6674 1
7811 9477 1
9477 5567 1
9477 5721 1
9477 6674 1
9477 7811 1
12409 6876 1
18726 4137 1
18726 14096 1
7744 7745 1
7744 8133 1
7744 9034 1
7744 18233 1
7744 20142 1
7744 20143 1
8133 7744 1
8133 7745 1
8133 9034 1
8133 18233 1
8133 20142 1
8133 20143 1
9034 7744 1
9034 7745 1
9034 8133 1
9034 18233 1
9034 20142 1
9034 20143 1
18233 7744 1
18233 7745 1
18233 8133 1
18233 9034 1
18233 20142 1
18233 20143 1
19663 7745 1
19663 9141 1
20142 7744 1
20142 7745 1
20142 8133 1
20142 9034 1
20142 18233 1
20142 20143 1
20143 7744 1
20143 7745 1
20143 8133 1
20143 9034 1
20143 18233 1
20143 20142 1
9382 877 1
9382 2536 1
9382 4045 1
9382 9045 1
9382 19055 1
14261 9045 1
14261 14744 1
14261 17300 1
14744 9045 1
14744 14261 1
14744 17300 1
17300 9045 1
17300 14261 1
17300 14744 1
3458 15483 1
13620 17720 1
13626 17720 1
13626 19593 1
19593 13579 1
19593 13618 1
19593 13626 1
19593 17720 1
19593 18631 1
19593 18634 1
19593 22602 1
1194 6561 1
1194 15625 1
6567 6561 1
6567 6563 1
6567 6566 2
6567 6568 1
6567 6589 1
6563 6566 1
6563 6567 1
6563 6589 1
6677 10034 1
3408 3406 1
3408 8868 1
3408 14656 1
3408 14734 1
3408 16601 1
3408 22578 1
8868 3406 1
8868 3408 1
8868 14656 1
8868 14734 1
8868 16601 1
8868 22578 1
14656 3406 1
14656 3408 1
14656 8868 1
14656 14734 1
14656 16601 1
14656 22578 1
14734 3406 1
14734 3408 1
14734 8868 1
14734 14656 1
14734 16601 1
14734 22578 1
16601 3406 1
16601 3408 1
16601 8868 1
16601 14656 1
16601 14734 1
16601 22578 1
22578 3406 1
22578 3408 1
22578 8868 1
22578 14656 1
22578 14734 1
22578 16601 1
6548 6546 1
6548 6573 1
6573 6546 1
6573 6548 1
6558 6554 1
6558 6555 1
2542 4235 1
2542 4304 1
2542 5240 1
2542 6893 1
2542 7310 1
2542 11103 1
2542 13836 1
2542 15053 1
2542 16864 1
2542 16868 1
4235 2542 1
4235 4304 1
4235 5240 1
4235 6893 1
4235 7310 1
4235 11103 1
4235 13836 1
4235 15053 1
4235 16864 1
4235 16868 1
4304 2542 1
4304 4235 1
4304 5240 1
4304 6893 1
4304 7310 1
4304 11103 1
4304 13836 1
4304 15053 1
4304 16864 1
4304 16868 1
5240 2542 1
5240 4235 1
5240 4304 1
5240 6893 1
5240 7310 1
5240 11103 1
5240 13836 1
5240 15053 1
5240 16864 1
5240 16868 1
6893 2542 1
6893 4235 1
6893 4304 1
6893 5240 1
6893 7310 1
6893 11103 1
6893 13836 1
6893 15053 1
6893 16864 1
6893 16868 1
11103 2542 1
11103 4235 1
11103 4304 1
11103 5240 1
11103 6893 1
11103 7310 1
11103 13836 1
11103 15053 1
11103 16864 1
11103 16868 1
13836 2542 1
13836 4235 1
13836 4304 1
13836 5240 1
13836 6893 1
13836 7078 1
13836 7082 1
13836 7310 1
13836 11103 1
13836 13346 1
13836 14810 1
13836 15053 1
13836 16516 1
13836 16864 1
13836 16868 1
15053 2542 1
15053 4235 1
15053 4304 1
15053 5240 1
15053 6893 1
15053 7310 1
15053 11103 1
15053 13836 1
15053 16864 1
15053 16868 1
16864 2542 1
16864 4235 1
16864 4304 1
16864 5240 1
16864 6893 1
16864 7310 1
16864 11103 1
16864 13836 1
16864 15053 1
16864 16868 1
16868 2542 1
16868 4235 1
16868 4304 1
16868 5240 1
16868 6893 1
16868 7310 1
16868 11103 1
16868 13836 1
16868 15053 1
16868 16864 1
6662 10945 1
6662 11508 1
6662 14462 1
14462 6662 1
14462 10945 1
14462 11508 1
4589 2227 1
4589 6113 1
4589 9468 1
4589 9720 1
4589 12033 1
4589 13977 1
6113 2227 1
6113 4226 1
6113 4589 1
6113 4899 1
6113 9468 1
6113 9720 1
6113 12033 1
6113 13977 1
6113 125591 1
9468 2227 1
9468 4589 1
9468 6113 1
9468 9720 1
9468 12033 1
9468 13977 1
9720 2227 1
9720 4589 1
9720 6113 1
9720 9468 1
9720 12033 1
9720 13977 1
12033 2227 1
12033 3093 1
12033 4589 1
12033 6113 1
12033 6126 1
12033 9468 1
12033 9720 1
12033 13977 1
12033 18469 1
13940 16541 1
7082 7078 1
7082 13836 1
7082 17584 1
933 943 1
933 5662 1
933 5980 1
933 7771 1
933 9878 1
5662 933 1
5662 943 1
5662 5980 1
5662 7771 1
5662 9525 1
5662 9878 1
5662 15115 1
5980 933 1
5980 943 1
5980 5662 1
5980 7771 1
5980 9878 1
9878 933 1
9878 943 1
9878 5662 1
9878 5980 1
9878 7771 1
9878 9907 1
22097 943 1
8192 8658 1
8192 9753 1
8192 10594 1
9753 8192 1
9753 8658 1
9753 10594 1
10594 8192 1
10594 8658 1
10594 9753 1
3651 2799 1
3651 3694 1
3651 8712 1
3651 8713 1
3651 12655 1
3651 18286 1
3694 3651 1
3694 12655 1
3694 18286 1
18286 3651 1
18286 3694 1
18286 12655 1
4229 4250 1
4229 4374 1
4229 8252 1
4229 11364 1
4229 14771 1
4250 4229 1
4250 4374 1
4250 8252 1
4250 11364 1
4250 14771 1
4374 4229 1
4374 4250 1
4374 4380 1
4374 4602 1
4374 8252 1
4374 11364 1
4374 14771 1
8252 4229 1
8252 4250 1
8252 4374 1
8252 11364 1
8252 14771 1
11364 4229 1
11364 4250 1
11364 4374 1
11364 8252 1
11364 14771 1
13953 14771 1
13953 19790 1
19790 13953 1
19790 14771 1
19906 14771 1
3468 4800 1
3468 7581 1
3468 8806 1
3468 9776 1
3468 11761 1
3468 14466 1
3468 14664 1
3468 16078 1
3468 18521 1
7581 3468 1
7581 4800 1
7581 9776 1
7581 11761 1
7581 14466 1
7581 14664 1
7581 16078 1
7581 16513 1
7581 18521 1
9776 3468 1
9776 4800 1
9776 7581 1
9776 11761 1
9776 14466 1
9776 14664 1
9776 16078 1
9776 18521 1
14466 3468 1
14466 4800 1
14466 7581 1
14466 9776 1
14466 11761 1
14466 14664 1
14466 16078 1
14466 18521 1
14664 3468 1
14664 4800 1
14664 7581 1
14664 9776 1
14664 11761 1
14664 14466 1
14664 16078 1
14664 18521 1
18521 201 1
18521 3468 1
18521 4800 1
18521 7581 1
18521 9776 1
18521 11761 1
18521 14466 1
18521 14664 1
18521 16078 1
6867 2748 1
6867 15056 1
6867 16819 1
1224 2623 1
1224 5123 1
1224 9545 1
1224 9546 1
1224 17299 1
1224 96367 1
2087 10494 1
2087 17299 1
2087 18777 1
2623 1224 1
2623 5123 1
2623 9545 1
2623 9546 1
2623 17299 1
2623 96367 1
5030 7036 1
5030 7306 1
5030 9730 1
5030 13209 1
5030 15626 1
5030 17299 1
5030 19613 1
5030 19949 1
5123 196 1
5123 1224 1
5123 2623 1
5123 9545 1
5123 9546 1
5123 17299 1
5123 96367 2
7384 16540 1
7384 16907 1
7384 17299 1
7384 19596 1
9545 1224 1
9545 2623 1
9545 5123 1
9545 9546 1
9545 17299 1
9545 96367 1
9546 1224 1
9546 2623 1
9546 5123 1
9546 9545 1
9546 17299 1
9546 96367 1
10494 2087 1
10494 17299 1
10494 18777 1
13209 5030 1
13209 17299 1
13209 19949 1
16540 7384 1
16540 16907 1
16540 17299 1
16540 19596 1
16907 7384 1
16907 16540 1
16907 17299 1
16907 19596 1
18777 2087 1
18777 10494 1
18777 17299 1
19596 7384 1
19596 16540 1
19596 16907 1
19596 17299 1
96367 196 1
96367 1224 1
96367 2623 1
96367 5123 2
96367 9545 1
96367 9546 1
96367 17299 1
3462 14713 1
3462 15401 1
15401 3462 1
15401 14713 1
877 2536 1
877 4045 1
877 4697 1
877 9382 1
877 19055 1
4045 877 1
4045 2536 1
4045 9382 1
4045 19055 1
19055 877 1
19055 2536 1
19055 4045 1
19055 9382 1
11622 7771 1
12322 11544 1
1248 915 1
11562 915 1
11562 17338 1
11562 18134 1
12129 915 1
2991 7603 1
2991 12580 1
6708 7589 1
6708 7592 1
6708 7603 1
6708 7612 1
6708 12054 1
6708 14810 1
6708 17923 1
7589 6708 1
7589 7592 1
7589 7603 1
7589 7612 1
7589 12054 1
7589 14810 1
7589 17923 1
7592 6708 1
7592 7589 1
7592 7603 1
7592 7612 1
7592 12054 1
7592 14810 1
7592 17923 1
7612 6708 1
7612 7589 1
7612 7592 1
7612 7603 1
7612 12054 1
7612 14810 1
7612 17923 1
11370 7603 1
11370 10600 1
12054 6708 1
12054 7589 1
12054 7592 1
12054 7603 1
12054 7612 1
12054 14810 1
12054 17923 1
12580 2991 1
12580 7603 1
17923 6708 1
17923 7589 1
17923 7592 1
17923 7603 1
17923 7612 1
17923 12054 1
17923 14810 1
16521 8044 1
13045 10486 1
13045 17024 1
13045 20375 1
17024 10486 1
17024 13045 1
17024 20375 1
20375 10486 1
20375 13045 1
20375 17024 1
13614 13874 1
13614 34178 1
14536 14653 1
184 8362 1
184 8479 1
184 15115 1
8362 184 1
8362 8479 1
8362 15115 1
8479 184 1
8479 8362 1
8479 15115 1
9525 5662 1
9525 15115 1
1557 7757 1
1557 12093 1
1557 17916 1
1557 17929 1
7757 1557 1
7757 12093 1
7757 17916 1
7757 17929 1
12093 1557 1
12093 7757 1
12093 17916 1
12093 17929 1
17929 1557 1
17929 7757 1
17929 12093 1
17929 17916 1
17929 20335 1
10605 18910 1
16567 18910 1
18536 18910 1
19471 20116 1
19471 29169 1
19471 29170 1
20625 20116 1
29169 19471 1
29169 20116 1
29169 29170 1
29170 19471 1
29170 20116 1
29170 29169 1
33792 20116 1
5986 6298 1
5986 12255 1
5986 14140 1
5986 18256 1
5986 19354 1
5986 21109 1
6298 5986 1
6298 12255 1
6298 14140 1
6298 18256 1
6298 19354 1
6298 21109 1
14140 3223 1
14140 3340 1
14140 5986 1
14140 6298 1
14140 8342 1
14140 12255 1
14140 17181 1
14140 17182 1
14140 17183 1
14140 18256 1
14140 19354 1
14140 19792 1
14140 21109 1
18256 5986 1
18256 6298 1
18256 12255 1
18256 14140 1
18256 19354 1
18256 21109 1
19354 5986 1
19354 6298 1
19354 12255 1
19354 14140 1
19354 18256 1
19354 21109 1
2528 15415 1
2528 16909 1
2528 17312 1
2528 17585 1
2528 19499 1
2528 21193 1
2528 21616 1
2528 22200 1
15415 2528 1
15415 16909 1
15415 17312 1
15415 17585 1
15415 19499 1
15415 21193 1
15415 21616 1
15415 22200 1
16909 2528 1
16909 15415 1
16909 17312 1
16909 17585 1
16909 19499 1
16909 21193 1
16909 21616 1
16909 22200 1
17312 2528 1
17312 15415 1
17312 16909 1
17312 17585 1
17312 19499 1
17312 21193 1
17312 21616 1
17312 22200 1
21616 2528 1
21616 15415 1
21616 16909 1
21616 17312 1
21616 17585 1
21616 19499 1
21616 21193 1
21616 22200 1
22200 2528 1
22200 11788 1
22200 12957 1
22200 15415 1
22200 15468 1
22200 16909 1
22200 17312 1
22200 17585 1
22200 17642 1
22200 19499 1
22200 21166 1
22200 21193 1
22200 21616 1
22200 22199 1
29351 22441 1
38137 22441 1
1888 24319 1
14388 24319 1
17811 24319 1
17811 29146 1
29146 17811 1
29146 24319 1
18462 15463 1
18462 45531 1
21285 45531 1
46421 17733 1
32310 17734 1
7252 13439 1
7252 13440 1
7252 13441 1
7252 13454 1
7252 13455 1
7252 13456 1
7252 16333 1
13403 13440 1
13403 13441 1
13403 13447 1
13403 13449 1
13403 13450 1
13403 13455 1
13439 7252 1
13439 13440 1
13439 13441 1
13439 13454 1
13439 13455 1
13439 13456 1
13439 16333 1
13440 7252 1
13440 13403 1
13440 13439 1
13440 13441 2
13440 13447 1
13440 13449 1
13440 13450 1
13440 13454 1
13440 13455 2
13440 13456 1
13440 16333 1
13441 7252 1
13441 13403 1
13441 13439 1
13441 13440 2
13441 13447 1
13441 13449 1
13441 13450 1
13441 13454 1
13441 13455 2
13441 13456 1
13441 16333 1
13447 13403 1
13447 13440 1
13447 13441 1
13447 13449 2
13447 13450 2
13447 13455 1
13449 13403 1
13449 13440 1
13449 13441 1
13449 13447 2
13449 13450 2
13449 13455 1
13450 13403 1
13450 13440 1
13450 13441 1
13450 13447 2
13450 13449 2
13450 13455 1
13454 7252 1
13454 13439 1
13454 13440 1
13454 13441 1
13454 13455 1
13454 13456 1
13454 16333 1
13456 7252 1
13456 13439 1
13456 13440 1
13456 13441 1
13456 13454 1
13456 13455 1
13456 16333 1
16333 7252 1
16333 13439 1
16333 13440 1
16333 13441 1
16333 13454 1
16333 13455 1
16333 13456 1
2627 2641 1
2627 2644 1
2627 9383 1
2627 14477 1
2627 15797 1
2641 2627 1
2641 2644 1
2641 14477 1
2641 15797 1
2644 2599 1
2644 2627 1
2644 2641 1
2644 14477 1
2644 15797 1
15797 2627 1
15797 2641 1
15797 2644 1
15797 14477 1
4697 877 1
4697 4546 1
4697 4685 1
4697 6519 1
4697 6530 1
4697 16297 1
6519 4697 1
6519 6530 1
6519 16297 1
6530 4697 1
6530 6519 1
6530 16297 1
13579 13618 1
13579 18631 1
13579 18634 1
13579 19593 1
13618 13579 1
13618 18631 1
13618 18634 1
13618 19593 1
18634 13579 1
18634 13618 1
18634 18631 1
18634 19593 1
22602 18631 1
22602 19593 1
22602 22603 1
22602 22605 1
22603 18631 1
22603 22602 1
22603 22605 1
22605 18631 1
22605 22602 1
22605 22603 1
2799 3651 1
2799 8712 1
2799 8713 1
5686 2563 1
5686 8712 1
5686 8713 1
12532 2563 1
12532 8712 1
12532 8713 1
8740 8850 1
8740 11075 1
8740 13975 1
8740 16745 1
8850 8740 1
8850 11075 1
8850 13975 1
8850 16745 1
11075 8740 1
11075 8850 1
11075 13975 1
11075 16745 1
16745 8740 1
16745 8850 1
16745 11075 1
16745 13975 1
7036 5030 1
7036 7306 1
7036 9730 1
7036 15626 1
7036 19613 1
7306 5030 1
7306 7036 1
7306 9730 1
7306 15626 1
7306 19613 1
9730 5030 1
9730 7036 1
9730 7306 1
9730 7869 1
9730 15626 1
9730 19613 1
19613 5030 1
19613 7036 1
19613 7306 1
19613 9730 1
19613 15626 1
10120 7400 1
10120 17894 1
17894 7400 1
17894 10120 1
5028 10222 1
5028 13768 1
5028 15633 1
5028 18496 1
10222 5028 1
10222 13768 1
10222 15633 1
10222 18496 1
15633 5028 1
15633 10222 1
15633 13768 1
15633 18496 1
18496 5028 1
18496 10222 1
18496 13768 1
18496 15633 1
12126 13790 1
583 581 1
583 1186 1
583 9106 1
4879 1186 1
4879 4887 1
4879 8599 1
4879 8602 1
4887 1186 1
4887 4879 1
4887 8599 1
4887 8602 1
8599 1186 1
8599 4879 1
8599 4887 1
8599 8602 1
8602 1186 1
8602 4879 1
8602 4887 1
8602 8599 1
196 1198 1
196 2433 1
196 5123 1
196 5227 1
196 9319 1
196 96367 1
2433 196 1
2433 1198 1
2433 5227 1
2433 9319 1
5227 196 1
5227 1198 1
5227 2433 1
5227 9319 1
9319 196 1
9319 1198 1
9319 2433 1
9319 5227 1
13531 1198 1
13531 20453 1
13436 1842 1
13436 95281 1
21798 1842 1
21798 22429 1
22429 1842 1
22429 21798 1
95281 1842 1
95281 13436 1
3340 3223 1
3340 8342 1
3340 14140 1
3340 17181 1
3340 17182 1
3340 17183 1
3340 19792 1
8342 3223 1
8342 3340 1
8342 9469 1
8342 14140 1
8342 17181 1
8342 17182 1
8342 17183 1
8342 19792 1
17181 3223 1
17181 3340 1
17181 8342 1
17181 14140 1
17181 17182 1
17181 17183 1
17181 19792 1
17182 3223 1
17182 3340 1
17182 8342 1
17182 14140 1
17182 17181 1
17182 17183 1
17182 19792 1
17183 3223 1
17183 3340 1
17183 8342 1
17183 14140 1
17183 17181 1
17183 17182 1
17183 19792 1
19792 3223 1
19792 3340 1
19792 8342 1
19792 10635 1
19792 14140 1
19792 17181 1
19792 17182 1
19792 17183 1
6810 3915 1
6810 9336 1
6810 17857 1
6810 23961 1
9336 3915 1
9336 6810 1
9336 17857 1
9336 23961 1
17857 3915 1
17857 6810 1
17857 9336 1
17857 23961 1
16513 4321 1
16513 7581 1
16513 8480 1
4361 5839 1
4361 6619 1
4361 10537 1
4361 12920 1
4361 14043 1
4361 15636 1
4361 24467 1
177 4931 1
177 6115 1
177 6920 1
4931 177 1
4931 6115 1
4931 6920 1
6115 177 1
6115 4931 1
6115 6920 1
3362 8480 1
3362 12602 1
12602 3362 1
12602 8480 1
1093 10245 1
1093 10253 1
1093 16663 1
1093 30732 1
10253 1093 1
10253 10245 1
10253 16663 1
10253 30732 1
16663 1093 1
16663 10245 1
16663 10253 1
16663 30732 1
30732 1093 1
30732 10245 1
30732 10253 1
30732 16663 1
5839 4361 1
5839 10537 1
5839 12920 1
5839 14043 1
5839 15636 1
5839 24467 1
10537 4361 1
10537 5839 1
10537 12920 1
10537 14043 1
10537 15636 1
10537 24467 1
14043 4361 1
14043 5839 1
14043 10537 1
14043 12920 1
14043 15636 1
14043 24467 1
15636 4361 1
15636 5839 1
15636 10537 1
15636 12920 1
15636 14043 1
15636 24467 1
24467 4361 1
24467 5839 1
24467 10537 1
24467 12920 1
24467 14043 1
24467 15636 1
5278 7408 1
5278 13019 1
7408 5278 1
7408 5279 1
7408 13019 1
15824 13071 1
15824 16588 1
1292 1293 1
1292 13728 1
1293 1292 1
1293 13728 1
1569 4712 1
1569 4746 1
1569 6103 1
1569 9557 1
1569 13393 1
1569 13728 1
4712 1569 1
4712 4746 1
4712 6103 1
4712 9557 1
4712 13393 1
4712 13728 1
4746 1569 1
4746 4712 1
4746 6103 1
4746 9557 1
4746 13393 1
4746 13728 1
6103 1569 1
6103 4712 1
6103 4746 1
6103 9557 1
6103 13393 1
6103 13728 1
8312 10358 1
8312 13728 1
9557 1569 1
9557 4712 1
9557 4746 1
9557 6103 1
9557 13393 1
9557 13728 1
10358 8312 1
10358 13728 1
13393 1569 1
13393 4712 1
13393 4746 1
13393 6103 1
13393 9557 1
13393 13728 1
5469 6626 1
5469 14091 1
6626 5469 1
6626 14091 1
9733 2063 1
9733 3013 1
9733 11663 1
9733 14447 1
3523 14458 1
3523 15539 1
15539 3523 1
15539 14458 1
13346 13836 1
13346 14810 1
13346 16516 1
16516 13346 1
16516 13836 1
16516 14810 1
4056 15546 1
5358 15546 1
18869 19739 1
18869 20370 1
19739 18869 1
19739 20370 1
7960 20806 1
11788 12957 1
11788 15468 1
11788 17642 1
11788 21166 1
11788 22199 1
11788 22200 1
12957 11788 1
12957 15468 1
12957 17642 1
12957 21166 1
12957 22199 1
12957 22200 1
15468 11788 1
15468 12957 1
15468 17642 1
15468 21166 1
15468 22199 1
15468 22200 1
17642 11788 1
17642 12957 1
17642 15468 1
17642 21166 1
17642 22199 1
17642 22200 1
22199 11788 1
22199 12957 1
22199 15468 1
22199 17642 1
22199 21166 1
22199 22200 1
20194 23706 1
20783 23706 1
126716 31938 1
126716 126726 1
126726 31938 1
126726 126716 1
15815 5359 1
8182 17443 1
8410 17443 1
7078 7082 1
7078 13836 1
7078 14743 1
7078 19949 1
14743 7078 1
14743 19949 1
13949 19957 1
20433 20440 1
20433 20451 1
20440 20433 1
20440 20451 1
16236 13660 1
26794 987 1
10121 18447 1
14341 18653 1
23142 18653 1
23142 33536 1
33536 18653 1
33536 23142 1
9232 18306 1
9232 23956 1
9232 23957 1
18306 9232 1
18306 23956 1
18306 23957 1
23957 9232 1
23957 18306 1
23957 23956 1
10837 26575 1
19936 26575 1
27728 26575 1
27728 36746 1
36746 26575 1
36746 27728 1
13413 27291 1
18717 18721 1
18717 21832 1
18717 26021 1
18717 27189 1
18717 27683 1
18717 29145 1
18717 29315 1
18721 18717 1
18721 21832 1
18721 26021 1
18721 27189 1
18721 27683 1
18721 29145 1
18721 29315 1
21832 18717 1
21832 18721 1
21832 26021 1
21832 27189 1
21832 27683 1
21832 29145 1
21832 29315 1
26021 18717 1
26021 18721 1
26021 21832 1
26021 27189 1
26021 27683 1
26021 29145 1
26021 29315 1
27189 18717 1
27189 18721 1
27189 21832 1
27189 26021 1
27189 27683 1
27189 29145 1
27189 29315 1
27683 18717 1
27683 18721 1
27683 21832 1
27683 26021 1
27683 27189 1
27683 29145 1
27683 29315 1
29145 18717 1
29145 18721 1
29145 21832 1
29145 26021 1
29145 27189 1
29145 27683 1
29145 29315 1
35899 29315 1
36454 29315 1
10289 19662 1
10289 29425 1
17114 34178 1
22415 36456 1
20675 36188 1
20675 40994 1
20675 41345 1
36188 20675 1
36188 25878 1
36188 40994 1
36188 41345 1
41345 20675 1
41345 36188 1
41345 40994 1
8046 7289 1
8046 13892 1
8046 20733 1
8820 20733 1
8820 22942 1
8820 24216 1
8820 31716 1
11416 20733 1
13892 8046 1
13892 20733 1
22942 8820 1
22942 20733 1
22942 24216 1
22942 31716 1
24216 8820 1
24216 20733 1
24216 22942 1
24216 31716 1
31716 8820 1
31716 20733 1
31716 22942 1
31716 24216 1
14659 23452 1
14659 28574 1
23452 14659 1
23452 28574 1
40089 32415 1
6149 33251 1
24444 59389 1
11701 19919 1
11701 25115 1
12765 20725 1
12765 20995 1
12765 23530 1
12765 24498 1
12765 25115 1
12765 25922 1
12765 26002 1
19919 11701 1
19919 25115 1
20725 12765 1
20725 20995 1
20725 23530 1
20725 24498 1
20725 25115 1
20725 25922 1
20725 26002 1
20995 12765 1
20995 20725 1
20995 23530 1
20995 24498 1
20995 25115 1
20995 25922 1
20995 26002 1
23530 12765 1
23530 20725 1
23530 20995 1
23530 24498 1
23530 25115 1
23530 25922 1
23530 26002 1
24498 12765 1
24498 20725 1
24498 20995 1
24498 23530 1
24498 25115 1
24498 25922 1
24498 26002 1
25922 12765 1
25922 20725 1
25922 20995 1
25922 23530 1
25922 24498 1
25922 25115 1
25922 26002 1
26002 12765 1
26002 20725 1
26002 20995 1
26002 23530 1
26002 24498 1
26002 25115 1
26002 25922 1
27651 25775 1
24437 25781 1
45361 26333 1
16775 16806 1
16775 29742 1
16775 32301 1
16806 16775 1
16806 29742 1
16806 32301 1
32301 16775 1
32301 16806 1
32301 29742 1
29801 35052 1
6447 9138 1
18253 9138 1
18253 25286 1
25286 9138 1
25286 18253 1
30209 22282 1
18182 5765 1
18182 9363 1
18182 26307 1
18182 27094 1
18182 37218 1
26307 18182 1
26307 27094 1
26307 37218 1
27094 18182 1
27094 26307 1
27094 37218 1
4807 45534 1
20704 18843 1
20704 43687 1
43687 18843 1
43687 20704 1
27168 36135 1
21323 41239 1
26761 25251 1
26761 26735 1
26761 36249 1
26761 41239 1
36249 26761 1
36249 41239 1
13877 14610 1
18293 19498 1
18293 30357 1
30357 18293 1
30357 19498 1
550 3627 1
550 3633 1
550 14144 1
550 16997 1
550 19499 1
3627 550 1
3627 3633 1
3627 14144 1
3627 16997 1
3627 19499 1
3633 550 1
3633 3627 1
3633 14144 1
3633 16997 1
3633 19499 1
8147 19499 1
8147 39164 1
14144 550 1
14144 3627 1
14144 3633 1
14144 16997 1
14144 19499 1
16997 550 1
16997 3627 1
16997 3633 1
16997 14144 1
16997 19499 1
123862 22377 1
123862 37404 1
45105 26602 1
55881 36850 1
76324 51959 1
52252 55034 1
52252 75490 1
75490 52252 1
75490 55034 1
75490 75491 1
75491 75490 1
37404 123862 1
39164 8147 1
25251 26735 1
25251 26761 1
26735 25251 1
26735 26761 1
5765 9363 1
5765 18182 1
9363 5765 1
9363 18182 1
7289 8046 1
25878 36188 1
19662 10289 1
2063 9733 1
3013 9733 1
3013 11663 1
11663 3013 1
11663 9733 1
16588 15824 1
5279 7408 1
8806 3468 1
201 18521 1
10635 19792 1
4226 4899 1
4226 6113 1
4226 125591 1
4899 4226 1
4899 6113 1
4899 125591 1
125591 4226 1
125591 4899 1
125591 6113 1
3093 6126 1
3093 12033 1
6126 3093 1
6126 12033 1
20453 13531 1
581 583 1
581 9106 1
9106 581 1
9106 583 1
7869 9730 1
4546 4685 1
4546 4697 1
4685 4546 1
4685 4697 1
9383 2627 1
2599 2644 1
15463 18462 1
10600 11370 1
17338 11562 1
17338 18134 1
18134 11562 1
18134 17338 1
9907 9878 1
4380 4237 1
4380 4374 1
4380 4602 1
4602 4374 1
4602 4380 1
15625 1194 1
8879 5721 1
18101 18102 1
18101 18118 1
18118 18101 1
18118 18102 1
25785 25786 1
25785 25787 1
25787 25785 1
25787 25786 1
17337 9469 1
4237 4380 1
