23860 32514 1
32514 23860 1
32514 36949 1
36949 32514 1
36949 34209 1
36949 36934 1
36949 36955 1
36949 36962 1
36949 41442 1
36949 42434 1
36949 43294 1
36949 44983 1
36949 45346 1
36949 45638 1
36949 49830 1
36949 50276 1
36949 54051 1
34209 36927 1
34209 36934 1
34209 36949 1
34209 36955 1
34209 36962 1
34209 36970 1
34209 42295 1
34209 42429 1
34209 42434 1
34209 43294 1
34209 45346 1
34209 45638 1
34209 50276 1
34209 51191 1
34209 54051 1
36934 34209 1
36934 36949 1
36934 36955 1
36934 36962 1
36934 42434 1
36934 43294 1
36934 45346 1
36934 45638 1
36934 50276 1
36934 54051 1
36955 33823 1
36955 34209 1
36955 36934 1
36955 36940 1
36955 36949 1
36955 36962 1
36955 36964 1
36955 37197 1
36955 37648 1
36955 42422 1
36955 42434 1
36955 43294 1
36955 45346 1
36955 45638 1
36955 49039 1
36955 50276 1
36955 54051 1
36962 32687 1
36962 34209 1
36962 36934 1
36962 36949 1
36962 36955 1
36962 38214 1
36962 38472 1
36962 39270 1
36962 39275 1
36962 41953 1
36962 42073 1
36962 42434 1
36962 43294 1
36962 45346 1
36962 45638 1
36962 49183 1
36962 50276 1
36962 54051 1
36962 55996 1
41442 36949 1
41442 36968 1
41442 38172 1
41442 41441 1
41442 44983 1
41442 49040 2
41442 52568 1
42434 34209 1
42434 36934 1
42434 36949 1
42434 36955 1
42434 36962 1
42434 43294 1
42434 45346 1
42434 45638 1
42434 50276 1
42434 54051 1
43294 34209 1
43294 36934 1
43294 36949 1
43294 36955 1
43294 36962 1
43294 42434 1
43294 45346 1
43294 45638 1
43294 50276 1
43294 54051 1
44983 31676 1
44983 35390 1
44983 36201 1
44983 36949 1
44983 37436 1
44983 38560 1
44983 39133 1
44983 41442 1
44983 42430 1
44983 44735 1
44983 45000 1
44983 46250 1
44983 49036 1
44983 49400 1
44983 49890 1
44983 52294 1
44983 52295 1
44983 52296 1
44983 52523 1
44983 53899 1
44983 55087 1
44983 55814 1
44983 57993 1
44983 62225 1
44983 62926 1
44983 64652 1
44983 65747 1
44983 65768 1
44983 71476 1
44983 72836 1
44983 73309 1
44983 73693 1
44983 77675 1
44983 78578 1
44983 85736 1
44983 123251 1
44983 124185 1
44983 125225 1
45346 24085 1
45346 24517 1
45346 30401 1
45346 34209 1
45346 35390 1
45346 36934 1
45346 36949 1
45346 36950 1
45346 36955 1
45346 36962 1
45346 36964 1
45346 36996 1
45346 39744 1
45346 42391 1
45346 42434 1
45346 43294 1
45346 44840 1
45346 44841 1
45346 44842 1
45346 45638 1
45346 46585 1
45346 49892 1
45346 50021 1
45346 50264 1
45346 50276 1
45346 52259 1
45346 54051 1
45346 54118 1
45346 56430 1
45346 57886 1
45346 60900 1
45346 62225 1
45346 66819 1
45346 68276 1
45346 94036 1
45346 121827 1
45638 30697 1
45638 32074 1
45638 33677 1
45638 34209 1
45638 36177 1
45638 36934 1
45638 36949 1
45638 36955 1
45638 36962 1
45638 42099 1
45638 42390 1
45638 42391 1
45638 42392 1
45638 42393 1
45638 42394 1
45638 42395 1
45638 42434 1
45638 43294 1
45638 45336 1
45638 45346 1
45638 46597 1
45638 48649 1
45638 50276 1
45638 51172 1
45638 52443 1
45638 54051 1
49830 27251 1
49830 36949 1
49830 40178 1
49830 43979 1
49830 46627 1
49830 47621 1
49830 49027 1
49830 50585 1
49830 51094 1
49830 53863 1
49830 57885 1
49830 59863 1
49830 60991 1
49830 61880 1
49830 64097 1
49830 69651 1
49830 71168 1
49830 73047 1
49830 73716 1
49830 81681 1
49830 95945 1
50276 34209 1
50276 36934 1
50276 36949 1
50276 36955 1
50276 36962 1
50276 42434 1
50276 43294 1
50276 45346 1
50276 45638 1
50276 54051 1
54051 29971 1
54051 34209 1
54051 36934 1
54051 36939 1
54051 36949 1
54051 36955 1
54051 36962 1
54051 36967 1
54051 39477 1
54051 40703 1
54051 42434 1
54051 43294 1
54051 45346 1
54051 45638 1
54051 46997 1
54051 47179 1
54051 47693 1
54051 50276 1
54051 52283 1
54051 53705 1
36927 28729 1
36927 28907 1
36927 29036 1
36927 30185 1
36927 31379 1
36927 31652 1
36927 33556 1
36927 34209 1
36927 36983 1
36927 37003 1
36927 37010 1
36927 37633 1
36927 37744 1
36927 42277 1
36927 46989 1
36927 54294 1
36927 57231 1
36927 60088 1
36927 63779 1
36927 65757 1
36927 65782 1
36927 66516 1
36927 68165 1
36927 71132 1
36927 75928 1
36970 30526 1
36970 32062 1
36970 32520 1
36970 34209 1
36970 35390 1
36970 36971 1
36970 41955 1
36970 45944 1
36970 47077 1
36970 54664 1
36970 55097 2
36970 61908 1
42295 12222 1
42295 34209 1
42295 42429 1
42295 42436 1
42295 44998 1
42295 50373 1
42429 18605 1
42429 34209 1
42429 39744 1
42429 42295 1
42429 52100 1
51191 34209 1
33823 35394 1
33823 36940 1
33823 36955 1
33823 36964 1
33823 37197 1
33823 37648 1
33823 42422 1
33823 48293 1
33823 49039 1
33823 52637 1
36940 33823 1
36940 36955 1
36940 36964 1
36940 37197 1
36940 37648 1
36940 42422 2
36940 43298 1
36940 44982 1
36940 46723 1
36940 49039 1
36940 50269 1
36940 50278 1
36940 52100 1
36940 122266 1
36964 24085 1
36964 24517 1
36964 30401 1
36964 33823 1
36964 36940 1
36964 36955 1
36964 37197 1
36964 37648 1
36964 42422 1
36964 44840 1
36964 44841 1
36964 44842 1
36964 45346 1
36964 46585 1
36964 49039 1
36964 49892 1
36964 50021 1
36964 50261 1
36964 52259 1
36964 54118 1
37197 33823 1
37197 36940 1
37197 36955 1
37197 36964 1
37197 37648 1
37197 42422 1
37197 49039 1
37648 33823 1
37648 36940 1
37648 36955 1
37648 36964 1
37648 37197 1
37648 42422 1
37648 49039 1
42422 33823 1
42422 36940 2
42422 36955 1
42422 36964 1
42422 37197 1
42422 37648 1
42422 45817 1
42422 47954 1
42422 49039 1
49039 32073 1
49039 33823 1
49039 36940 1
49039 36955 1
49039 36964 1
49039 37197 1
49039 37648 1
49039 42422 1
49039 42787 1
49039 42788 1
49039 52363 1
49039 52443 1
49039 59136 1
49039 65764 1
49039 66798 1
49039 66866 1
49039 69589 1
49039 69590 1
49039 69611 1
49039 74844 1
49039 74862 1
49039 85684 1
32687 36962 1
32687 38214 1
32687 38472 1
32687 39270 1
32687 39275 1
32687 41953 1
32687 42073 1
32687 42277 1
32687 49183 1
32687 55996 1
38214 32687 1
38214 36962 1
38214 38472 1
38214 39270 1
38214 39275 1
38214 41953 1
38214 42073 1
38214 49183 1
38214 55996 1
38472 30176 1
38472 31635 1
38472 32687 1
38472 36962 1
38472 38214 1
38472 39270 1
38472 39275 1
38472 40032 1
38472 41953 1
38472 42073 1
38472 42297 1
38472 49183 1
38472 55996 1
39270 32687 1
39270 36962 1
39270 38214 1
39270 38472 1
39270 39275 1
39270 41953 1
39270 42073 1
39270 49183 1
39270 55996 1
39275 5072 1
39275 29029 1
39275 31387 1
39275 32061 1
39275 32687 1
39275 35381 1
39275 35497 1
39275 36962 1
39275 38214 1
39275 38472 1
39275 39270 1
39275 41011 1
39275 41953 1
39275 42073 1
39275 42421 1
39275 42862 1
39275 45341 1
39275 49183 1
39275 55996 1
41953 29033 1
41953 32687 1
41953 36962 1
41953 38214 1
41953 38472 1
41953 39270 1
41953 39275 1
41953 41951 1
41953 41956 1
41953 42073 1
41953 42751 1
41953 42753 1
41953 49183 1
41953 55996 1
42073 32687 1
42073 36962 1
42073 38214 1
42073 38472 1
42073 39270 1
42073 39275 1
42073 41953 1
42073 49183 1
42073 55996 1
49183 32687 1
49183 36962 1
49183 38214 1
49183 38472 1
49183 39270 1
49183 39275 1
49183 41953 1
49183 42073 1
49183 55996 1
55996 19244 1
55996 32687 1
55996 36962 1
55996 38214 1
55996 38472 1
55996 39270 1
55996 39275 1
55996 39740 1
55996 41953 1
55996 42073 1
55996 46724 1
55996 47844 1
55996 49183 1
55996 64548 1
55996 68172 1
55996 73411 1
55996 74027 1
36968 35374 1
36968 36960 1
36968 36967 2
36968 37436 1
36968 37642 1
36968 40769 1
36968 41442 1
36968 42333 1
36968 44896 1
36968 44986 1
36968 46251 1
36968 47691 1
36968 49092 1
36968 51172 1
36968 51909 1
36968 52120 1
36968 52227 1
36968 52568 1
36968 53050 1
36968 53622 1
36968 56684 1
36968 57023 1
36968 65782 1
36968 67345 1
36968 68381 1
38172 19185 1
38172 41441 1
38172 41442 1
38172 49040 1
41441 6579 1
41441 38172 1
41441 41442 1
41441 49040 1
49040 28749 1
49040 33177 1
49040 36700 1
49040 38172 1
49040 41441 1
49040 41442 2
49040 42377 1
49040 45357 2
49040 46606 1
49040 46881 1
49040 47954 1
49040 50145 1
49040 55814 1
49040 56682 1
52568 30682 1
52568 35383 1
52568 36939 1
52568 36968 1
52568 41442 1
52568 42301 1
52568 48929 1
52568 48930 1
52568 49890 1
52568 50306 1
52568 50444 1
52568 50445 1
52568 53710 1
31676 27470 1
31676 38560 1
31676 39133 1
31676 44983 1
31676 49036 1
31676 55814 1
31676 62225 1
35390 30526 1
35390 32062 1
35390 32520 1
35390 35382 1
35390 36201 1
35390 36950 1
35390 36970 1
35390 36996 1
35390 37011 1
35390 37436 1
35390 39744 1
35390 41955 1
35390 42391 1
35390 42430 1
35390 44983 1
35390 45136 1
35390 45346 1
35390 45944 1
35390 47560 1
35390 48929 1
35390 48930 1
35390 49234 1
35390 50264 1
35390 51199 1
35390 53166 1
35390 54664 1
35390 55087 1
35390 55097 1
35390 56430 1
35390 56682 1
35390 57570 1
35390 57833 1
35390 57886 1
35390 60086 1
35390 60415 1
35390 60900 1
35390 61908 1
35390 62225 1
35390 63004 1
35390 65747 1
35390 65768 1
35390 66819 1
35390 68276 1
35390 71476 1
35390 73309 1
35390 94036 1
35390 121827 1
36201 35390 1
36201 37436 1
36201 42430 1
36201 44983 1
36201 47011 1
36201 50005 1
36201 53229 1
36201 54444 1
36201 55087 1
36201 60482 1
36201 65747 1
36201 65768 1
36201 66416 1
36201 67402 1
36201 69911 1
36201 69972 1
36201 70385 1
36201 70996 1
36201 71476 1
36201 72972 1
36201 73309 1
36201 73325 1
36201 79641 1
36201 82547 1
36201 106504 1
37436 35390 1
37436 36201 1
37436 36968 1
37436 42430 1
37436 44983 1
37436 50901 1
37436 54626 1
37436 55087 1
37436 57247 1
37436 58094 1
37436 65747 1
37436 65768 1
37436 66516 1
37436 69126 1
37436 70195 1
37436 71474 1
37436 71475 1
37436 71476 2
37436 73309 1
37436 74591 1
37436 86698 1
37436 115280 1
38560 3180 1
38560 18672 1
38560 18673 1
38560 20879 1
38560 27095 1
38560 27097 1
38560 29155 1
38560 31676 1
38560 35391 1
38560 35393 1
38560 38072 1
38560 39133 1
38560 40828 1
38560 40829 1
38560 43295 1
38560 44983 1
38560 45863 1
38560 47557 1
38560 48477 1
38560 49036 1
38560 50279 1
38560 50287 1
38560 50370 1
38560 50444 1
38560 55814 1
38560 55912 1
38560 56002 1
38560 56683 1
38560 57897 1
38560 58025 1
38560 58567 1
38560 59353 1
38560 60900 1
38560 61908 1
38560 62225 1
38560 62350 1
38560 64248 1
38560 64249 1
38560 64250 1
38560 64254 1
38560 64255 1
38560 64256 1
38560 64257 1
38560 64347 1
38560 64792 1
38560 65297 3
38560 65845 1
38560 66517 2
38560 71769 1
38560 72614 1
38560 73435 1
38560 73880 1
38560 76439 1
38560 80841 1
38560 81950 1
38560 83241 1
38560 99555 1
38560 121827 1
39133 31676 1
39133 38560 1
39133 44983 1
39133 49036 1
39133 55814 1
39133 62225 1
42430 32684 1
42430 35390 1
42430 36201 1
42430 36937 1
42430 37436 1
42430 44983 1
42430 49572 1
42430 52296 1
42430 54664 1
42430 55087 1
42430 65747 1
42430 65768 1
42430 69746 1
42430 69750 1
42430 71476 1
42430 73309 1
42430 87972 1
42430 113857 1
44735 24526 1
44735 39723 1
44735 40142 1
44735 41998 1
44735 42309 1
44735 44983 1
44735 45819 1
44735 46446 1
44735 46629 1
44735 49236 1
44735 50016 1
44735 50847 1
44735 53414 1
44735 55819 1
44735 60509 1
44735 61786 1
44735 62315 1
44735 62481 1
44735 62926 1
44735 64652 1
44735 65107 1
44735 65731 1
44735 65845 1
44735 68517 1
44735 68600 1
44735 69911 1
44735 72836 1
44735 73693 1
44735 77675 1
44735 78578 1
44735 123251 1
44735 124185 1
44735 125225 1
45000 36928 1
45000 42077 1
45000 42791 1
45000 44842 1
45000 44983 1
45000 46250 1
45000 49400 1
45000 49890 1
45000 52294 1
45000 52295 1
45000 52296 1
45000 52523 1
45000 53899 1
45000 53900 1
45000 54118 1
45000 57993 1
45000 85736 1
46250 44983 1
46250 45000 1
46250 49400 1
46250 49890 1
46250 52294 1
46250 52295 1
46250 52296 1
46250 52523 1
46250 53899 1
46250 57993 1
46250 85736 1
49036 31676 1
49036 35923 1
49036 38560 1
49036 39133 1
49036 39733 1
49036 42787 1
49036 42788 1
49036 42794 1
49036 44983 1
49036 53233 1
49036 55083 1
49036 55814 1
49036 57245 1
49036 62225 1
49400 28695 1
49400 30007 1
49400 30550 1
49400 37007 1
49400 42332 1
49400 44983 1
49400 45000 1
49400 46250 1
49400 49401 1
49400 49402 1
49400 49890 1
49400 52294 1
49400 52295 1
49400 52296 1
49400 52439 1
49400 52523 1
49400 53177 1
49400 53899 1
49400 57993 1
49400 85736 1
49890 36939 1
49890 44983 1
49890 45000 1
49890 46250 1
49890 48929 1
49890 48930 1
49890 49400 1
49890 52294 1
49890 52295 1
49890 52296 1
49890 52523 1
49890 52568 1
49890 53899 1
49890 57993 1
49890 85736 1
52294 43298 1
52294 44982 1
52294 44983 1
52294 45000 1
52294 45629 1
52294 46250 1
52294 46577 1
52294 49400 1
52294 49890 1
52294 52295 1
52294 52296 1
52294 52523 1
52294 53899 1
52294 57993 1
52294 85736 1
52295 44983 1
52295 45000 1
52295 46250 1
52295 49400 1
52295 49890 1
52295 52294 1
52295 52296 1
52295 52523 1
52295 53899 1
52295 57993 1
52295 85736 1
52296 32684 1
52296 36937 1
52296 42430 1
52296 44983 1
52296 45000 1
52296 46250 1
52296 49400 1
52296 49572 1
52296 49890 1
52296 52294 1
52296 52295 1
52296 52523 1
52296 53899 1
52296 54664 1
52296 57993 1
52296 69746 1
52296 69750 1
52296 85736 1
52296 87972 1
52296 113857 1
52523 35394 1
52523 44983 1
52523 45000 1
52523 46250 1
52523 46926 1
52523 49400 1
52523 49890 1
52523 50258 1
52523 52294 1
52523 52295 1
52523 52296 1
52523 53899 1
52523 55308 1
52523 57220 1
52523 57666 1
52523 57993 1
52523 61351 1
52523 64572 1
52523 64573 1
52523 71012 1
52523 71836 1
52523 72111 1
52523 73101 1
52523 80365 1
52523 85736 1
53899 32450 1
53899 36167 1
53899 36937 1
53899 36978 1
53899 37003 1
53899 38069 1
53899 38503 1
53899 40702 1
53899 41247 1
53899 42299 1
53899 42791 1
53899 44983 1
53899 45000 1
53899 46250 1
53899 46723 1
53899 47007 1
53899 47916 1
53899 48930 1
53899 49400 1
53899 49890 1
53899 50150 1
53899 50264 1
53899 51779 1
53899 51909 1
53899 51910 1
53899 51911 1
53899 52294 1
53899 52295 1
53899 52296 1
53899 52442 1
53899 52523 1
53899 53896 1
53899 53897 1
53899 53898 1
53899 53900 1
53899 54374 1
53899 55783 1
53899 56682 1
53899 57905 1
53899 57993 1
53899 58022 1
53899 60419 1
53899 60807 1
53899 68167 1
53899 74612 1
53899 80841 1
53899 85736 1
55087 35386 1
55087 35390 1
55087 36201 1
55087 37436 1
55087 42430 1
55087 44983 1
55087 49237 1
55087 54275 1
55087 55091 1
55087 56602 1
55087 58096 1
55087 60633 1
55087 60634 1
55087 62932 1
55087 65747 1
55087 65768 1
55087 71476 1
55087 73309 1
55814 6834 1
55814 18605 1
55814 28749 1
55814 31676 1
55814 33177 1
55814 34096 1
55814 36700 1
55814 38560 1
55814 39133 1
55814 41109 1
55814 42377 1
55814 44983 1
55814 45357 1
55814 46454 1
55814 46606 1
55814 46724 1
55814 47954 1
55814 49036 1
55814 49040 1
55814 49236 1
55814 50145 1
55814 56682 1
55814 57123 1
55814 58104 1
55814 59864 1
55814 62225 1
55814 64556 1
55814 70180 1
55814 72043 1
55814 73716 1
55814 77101 1
55814 122506 1
57993 42078 1
57993 44983 1
57993 45000 1
57993 46250 1
57993 49400 1
57993 49890 1
57993 50376 1
57993 52291 1
57993 52292 1
57993 52293 1
57993 52294 1
57993 52295 1
57993 52296 1
57993 52523 1
57993 53899 1
57993 54269 1
57993 54987 1
57993 54988 1
57993 54989 1
57993 60991 1
57993 85736 1
62225 31676 1
62225 35390 1
62225 36950 1
62225 36996 1
62225 38560 1
62225 39133 1
62225 39744 1
62225 42391 1
62225 44983 1
62225 45346 1
62225 49036 1
62225 50264 1
62225 55814 1
62225 55819 1
62225 55822 1
62225 56430 1
62225 57886 1
62225 60900 1
62225 62222 1
62225 62223 1
62225 62224 1
62225 62227 1
62225 62228 1
62225 62229 1
62225 62230 1
62225 62231 1
62225 64556 1
62225 66819 1
62225 68276 1
62225 94036 1
62225 121827 1
62926 18622 1
62926 29639 1
62926 35391 1
62926 37633 1
62926 42053 1
62926 42758 1
62926 44735 1
62926 44983 1
62926 50828 1
62926 59111 1
62926 64652 1
62926 65031 1
62926 65698 1
62926 66517 1
62926 72836 1
62926 73693 1
62926 77675 1
62926 78578 1
62926 123251 1
62926 124185 1
62926 125225 1
64652 44735 1
64652 44983 1
64652 54118 1
64652 60088 1
64652 62926 1
64652 72836 1
64652 73693 1
64652 77675 1
64652 78578 1
64652 123251 1
64652 124185 1
64652 125225 1
65747 35390 1
65747 36201 1
65747 36983 1
65747 37436 1
65747 42430 1
65747 44983 1
65747 55087 1
65747 62932 1
65747 65768 1
65747 71476 1
65747 73309 1
65747 123251 1
65768 35390 1
65768 36201 1
65768 37436 1
65768 42430 1
65768 44983 1
65768 55087 1
65768 57123 1
65768 57886 1
65768 60991 1
65768 65747 1
65768 71476 1
65768 73309 1
71476 35390 1
71476 36201 1
71476 37436 2
71476 42430 1
71476 44983 1
71476 54626 1
71476 55087 1
71476 65747 1
71476 65768 1
71476 71474 1
71476 71475 1
71476 73309 1
71476 86698 1
72836 44735 1
72836 44983 1
72836 62926 1
72836 64652 1
72836 68167 1
72836 73693 1
72836 77675 1
72836 78578 1
72836 123251 1
72836 124185 1
72836 125225 1
73309 35390 1
73309 36201 1
73309 37436 1
73309 42430 1
73309 44983 1
73309 55087 1
73309 65747 1
73309 65768 1
73309 71476 1
73693 44735 1
73693 44983 1
73693 62926 1
73693 64652 1
73693 72836 1
73693 77675 1
73693 78578 1
73693 123251 1
73693 124185 1
73693 125225 1
77675 44735 1
77675 44983 1
77675 62926 1
77675 64652 1
77675 72836 1
77675 73693 1
77675 78578 1
77675 123251 1
77675 124185 1
77675 125225 1
78578 44735 1
78578 44983 1
78578 62926 1
78578 64652 1
78578 72836 1
78578 73693 1
78578 75720 1
78578 77675 1
78578 123251 1
78578 124185 1
78578 125225 1
85736 44983 1
85736 45000 1
85736 46250 1
85736 49400 1
85736 49890 1
85736 52294 1
85736 52295 1
85736 52296 1
85736 52523 1
85736 53899 1
85736 57993 1
123251 36983 1
123251 37642 1
123251 44735 1
123251 44983 1
123251 45136 1
123251 57898 1
123251 57905 1
123251 58094 1
123251 62926 1
123251 64652 1
123251 65747 1
123251 72836 1
123251 73693 1
123251 77675 1
123251 78578 1
123251 79641 1
123251 124185 1
123251 125225 1
124185 18622 1
124185 44735 1
124185 44983 1
124185 62926 1
124185 64554 1
124185 64652 1
124185 67402 1
124185 72836 1
124185 73693 1
124185 77675 1
124185 78578 1
124185 123251 1
124185 125225 1
125225 44735 1
125225 44983 1
125225 62926 1
125225 64652 1
125225 72836 1
125225 73693 1
125225 77675 1
125225 78578 1
125225 123251 1
125225 124185 1
24085 24517 1
24085 30401 1
24085 36964 1
24085 44840 1
24085 44841 1
24085 44842 1
24085 45346 1
24085 46585 1
24085 49892 1
24085 50021 1
24085 52259 1
24085 54118 1
24517 24085 1
24517 30401 1
24517 36964 1
24517 44840 1
24517 44841 1
24517 44842 1
24517 45346 1
24517 46585 1
24517 49892 1
24517 50021 1
24517 52259 1
24517 54118 1
30401 24085 1
30401 24517 1
30401 36964 1
30401 44840 1
30401 44841 1
30401 44842 1
30401 45346 1
30401 46585 1
30401 49892 1
30401 50021 1
30401 52259 1
30401 54118 1
30401 77282 1
36950 35390 1
36950 35391 1
36950 36996 1
36950 37003 1
36950 39744 1
36950 40702 1
36950 42252 1
36950 42391 1
36950 45346 1
36950 47007 1
36950 50264 1
36950 50373 1
36950 50445 1
36950 56430 1
36950 57886 1
36950 60900 1
36950 62225 1
36950 66819 1
36950 68276 1
36950 71012 1
36950 76439 1
36950 94036 1
36950 121827 1
36996 35390 1
36996 36950 1
36996 39744 1
36996 42391 1
36996 45346 1
36996 50264 1
36996 56430 1
36996 57886 1
36996 60900 1
36996 62225 1
36996 66819 1
36996 68276 1
36996 68517 1
36996 75928 1
36996 94036 1
36996 121827 1
39744 18605 1
39744 35383 1
39744 35390 1
39744 36950 1
39744 36996 1
39744 42299 1
39744 42391 1
39744 42429 1
39744 45346 1
39744 45817 1
39744 50264 1
39744 52100 1
39744 55097 1
39744 56430 1
39744 57886 1
39744 60900 1
39744 62225 1
39744 66819 1
39744 68276 1
39744 94036 1
39744 121827 1
42391 35390 1
42391 36950 1
42391 36996 1
42391 39744 1
42391 42390 1
42391 42392 1
42391 42393 1
42391 42394 1
42391 42395 1
42391 45336 1
42391 45346 1
42391 45638 1
42391 46597 1
42391 48649 1
42391 50264 1
42391 56430 1
42391 57886 1
42391 60900 1
42391 62225 1
42391 66819 1
42391 68276 1
42391 94036 1
42391 121827 1
44840 24085 1
44840 24517 1
44840 30401 1
44840 36964 1
44840 44841 1
44840 44842 1
44840 45346 1
44840 46585 1
44840 49892 1
44840 50021 1
44840 52259 1
44840 54118 1
44841 24085 1
44841 24517 1
44841 30401 1
44841 36964 1
44841 44840 1
44841 44842 1
44841 45346 1
44841 46585 1
44841 49892 1
44841 50021 1
44841 52259 1
44841 54118 1
44842 24085 1
44842 24517 1
44842 30401 1
44842 36928 1
44842 36964 1
44842 42077 1
44842 42791 1
44842 44840 1
44842 44841 1
44842 45000 1
44842 45346 1
44842 46585 1
44842 49892 1
44842 50021 1
44842 52259 1
44842 54118 2
46585 24085 1
46585 24517 1
46585 30401 1
46585 36964 1
46585 44840 1
46585 44841 1
46585 44842 1
46585 45346 1
46585 49892 1
46585 50021 1
46585 52259 1
46585 54118 1
49892 24085 1
49892 24517 1
49892 30401 1
49892 36964 1
49892 44840 1
49892 44841 1
49892 44842 1
49892 45346 1
49892 46585 1
49892 50021 1
49892 52120 1
49892 52259 1
49892 54118 1
49892 66516 1
50021 24085 1
50021 24517 1
50021 30401 1
50021 36964 1
50021 44840 1
50021 44841 1
50021 44842 1
50021 45346 1
50021 46585 1
50021 49892 1
50021 52259 1
50021 54118 1
50264 35390 1
50264 36167 1
50264 36950 1
50264 36996 1
50264 37003 1
50264 38069 1
50264 39744 1
50264 40702 1
50264 42391 1
50264 45346 1
50264 47007 1
50264 51779 1
50264 53899 1
50264 56430 1
50264 56682 1
50264 57886 1
50264 58022 1
50264 60807 1
50264 60900 1
50264 62225 1
50264 66819 1
50264 68276 1
50264 94036 1
50264 121827 1
52259 24085 1
52259 24517 1
52259 30401 1
52259 36964 1
52259 44840 1
52259 44841 1
52259 44842 1
52259 45346 1
52259 46585 1
52259 49892 1
52259 50021 1
52259 54118 1
54118 24085 1
54118 24517 1
54118 30401 1
54118 36928 1
54118 36964 1
54118 42077 1
54118 42791 1
54118 44840 1
54118 44841 1
54118 44842 2
54118 45000 1
54118 45346 1
54118 46585 1
54118 49892 1
54118 50021 1
54118 52259 1
54118 53921 1
54118 60088 1
54118 64652 1
56430 35390 1
56430 36950 1
56430 36996 1
56430 39744 1
56430 42391 1
56430 45346 1
56430 50264 1
56430 57886 1
56430 60900 1
56430 62225 1
56430 66819 1
56430 68276 1
56430 94036 1
56430 121827 1
57886 35390 1
57886 36950 1
57886 36996 1
57886 39744 1
57886 42391 1
57886 45346 1
57886 50264 1
57886 56430 1
57886 57123 1
57886 60900 1
57886 62225 1
57886 65768 1
57886 66819 1
57886 68276 1
57886 94036 1
57886 121827 1
60900 20879 1
60900 35390 1
60900 36950 1
60900 36996 1
60900 38072 1
60900 38560 1
60900 39744 1
60900 42391 1
60900 43295 1
60900 45346 1
60900 50264 1
60900 50370 1
60900 50444 1
60900 56430 1
60900 57886 1
60900 62225 1
60900 66819 1
60900 68276 1
60900 94036 1
60900 121827 1
66819 35390 1
66819 36950 1
66819 36996 1
66819 39744 1
66819 42391 1
66819 45346 1
66819 50264 1
66819 56430 1
66819 57886 1
66819 60900 1
66819 62225 1
66819 68276 2
66819 94036 1
66819 121827 1
68276 35390 1
68276 36950 1
68276 36996 1
68276 39744 1
68276 42391 1
68276 45346 1
68276 50264 1
68276 56430 1
68276 57886 1
68276 60900 1
68276 62225 1
68276 66819 2
68276 94036 1
68276 121827 1
94036 35390 1
94036 36950 1
94036 36996 1
94036 39744 1
94036 42391 1
94036 45346 1
94036 50264 1
94036 56430 1
94036 57886 1
94036 60900 1
94036 62225 1
94036 66819 1
94036 68276 1
94036 69590 1
94036 73101 1
94036 121827 1
121827 35390 1
121827 36950 1
121827 36996 1
121827 38560 1
121827 39744 1
121827 42391 1
121827 45346 1
121827 46454 1
121827 50264 1
121827 53233 1
121827 55912 1
121827 56430 1
121827 56683 1
121827 57886 1
121827 60900 1
121827 62225 1
121827 66517 1
121827 66819 1
121827 68276 1
121827 94036 1
30697 32074 1
30697 36177 1
30697 42099 1
30697 45638 1
30697 51172 1
30697 52443 1
32074 30697 1
32074 36177 1
32074 42099 1
32074 45638 1
32074 51172 1
32074 52443 1
33677 45638 1
36177 30697 1
36177 32074 1
36177 35393 1
36177 42099 1
36177 45638 1
36177 51172 1
36177 52293 1
36177 52443 1
36177 54987 1
36177 54988 1
36177 54989 1
42099 30697 1
42099 32074 1
42099 36177 1
42099 45638 1
42099 46454 1
42099 51172 1
42099 52443 1
42390 42391 1
42390 42392 1
42390 42393 1
42390 42394 1
42390 42395 1
42390 45336 1
42390 45638 1
42390 46597 1
42390 48649 1
42392 42390 1
42392 42391 1
42392 42393 1
42392 42394 1
42392 42395 1
42392 45336 1
42392 45638 1
42392 46597 1
42392 48649 1
42392 73101 1
42393 6505 1
42393 35387 1
42393 42390 1
42393 42391 1
42393 42392 1
42393 42394 1
42393 42395 1
42393 42794 1
42393 45336 1
42393 45638 1
42393 46597 1
42393 47560 1
42393 48649 1
42394 42390 1
42394 42391 1
42394 42392 1
42394 42393 1
42394 42395 1
42394 45336 1
42394 45638 1
42394 46597 1
42394 48649 1
42394 54269 1
42395 18622 1
42395 37744 1
42395 42390 1
42395 42391 1
42395 42392 1
42395 42393 1
42395 42394 1
42395 45336 1
42395 45638 1
42395 46597 1
42395 48649 1
42395 52167 1
42395 55999 1
42395 63004 1
45336 18622 1
45336 36978 1
45336 42390 1
45336 42391 1
45336 42392 1
45336 42393 1
45336 42394 1
45336 42395 1
45336 45638 1
45336 46597 1
45336 48649 1
45336 49402 1
45336 55083 1
45336 57123 1
45336 57349 1
45336 60482 1
45336 73047 1
46597 42390 1
46597 42391 1
46597 42392 1
46597 42393 1
46597 42394 1
46597 42395 1
46597 45336 1
46597 45638 1
46597 48649 1
48649 42299 1
48649 42390 1
48649 42391 1
48649 42392 1
48649 42393 1
48649 42394 1
48649 42395 1
48649 45336 1
48649 45638 1
48649 46597 1
51172 30697 1
51172 32074 1
51172 36177 1
51172 36960 1
51172 36967 1
51172 36968 1
51172 42099 1
51172 42333 1
51172 44896 1
51172 45638 1
51172 52443 1
52443 30697 1
52443 32074 1
52443 36177 1
52443 42099 1
52443 45638 1
52443 49039 1
52443 51172 1
52443 52363 1
52443 65764 1
52443 66798 1
52443 66866 1
52443 69589 1
52443 69590 1
52443 69611 1
52443 74844 1
52443 74862 1
52443 85684 1
27251 40178 1
27251 43979 1
27251 47621 1
27251 49027 1
27251 49830 1
27251 50585 1
27251 51094 1
27251 53863 1
27251 61880 1
27251 64097 1
27251 95945 1
40178 27251 1
40178 43979 1
40178 47621 1
40178 49027 1
40178 49830 1
40178 50585 1
40178 51094 1
40178 53863 1
40178 61880 1
40178 64097 1
40178 95945 1
43979 27251 1
43979 40178 1
43979 41258 1
43979 47621 1
43979 49027 1
43979 49830 1
43979 50585 1
43979 51094 1
43979 53863 1
43979 61880 1
43979 64097 1
43979 95945 1
46627 49830 1
46627 57885 1
46627 73047 1
46627 81681 1
47621 27251 1
47621 40178 1
47621 43979 1
47621 49027 1
47621 49830 1
47621 50585 1
47621 51094 1
47621 53863 1
47621 61880 1
47621 64097 1
47621 95945 1
49027 27251 1
49027 40178 1
49027 43979 1
49027 47621 1
49027 49830 1
49027 50585 1
49027 51094 1
49027 53863 1
49027 61880 1
49027 64097 1
49027 95945 1
50585 27251 1
50585 40178 1
50585 43979 1
50585 47621 1
50585 49027 1
50585 49830 1
50585 51094 1
50585 53863 1
50585 61880 1
50585 64097 1
50585 95945 1
51094 27251 1
51094 40178 1
51094 43979 1
51094 47621 1
51094 49027 1
51094 49830 1
51094 50585 1
51094 53863 1
51094 61880 1
51094 64097 1
51094 95945 1
53863 27251 1
53863 40178 1
53863 43979 1
53863 47621 1
53863 49027 1
53863 49830 1
53863 50585 1
53863 51094 1
53863 61880 1
53863 64097 1
53863 95945 1
57885 46627 1
57885 49830 1
57885 73047 1
57885 81681 1
59863 49830 1
59863 60991 1
59863 69651 1
59863 73716 1
60991 42078 1
60991 49830 1
60991 52291 1
60991 52292 1
60991 52293 1
60991 54987 1
60991 54988 1
60991 54989 1
60991 57993 1
60991 59863 1
60991 65768 1
60991 69651 1
60991 73716 1
61880 27251 1
61880 40178 1
61880 43979 1
61880 47621 1
61880 49027 1
61880 49830 1
61880 50585 1
61880 51094 1
61880 53863 1
61880 64097 1
61880 95945 1
64097 27251 1
64097 36709 1
64097 40178 1
64097 43979 1
64097 47621 1
64097 49027 1
64097 49830 1
64097 50585 1
64097 51094 1
64097 53863 1
64097 61880 1
64097 95945 1
69651 49830 1
69651 59863 1
69651 60991 1
69651 73716 1
71168 49830 1
73047 36978 1
73047 45336 1
73047 46627 1
73047 49402 1
73047 49830 1
73047 57349 1
73047 57885 1
73047 58104 1
73047 62319 1
73047 77101 1
73047 81681 1
73716 41109 1
73716 46724 1
73716 49236 1
73716 49830 1
73716 55814 1
73716 58104 1
73716 59863 1
73716 59864 1
73716 60991 1
73716 64556 1
73716 68517 1
73716 69651 1
73716 69911 1
73716 70180 1
73716 72043 1
73716 77101 1
73716 122506 1
81681 46627 1
81681 49830 1
81681 57885 1
81681 66866 1
81681 73047 1
95945 27251 1
95945 40178 1
95945 43979 1
95945 47621 1
95945 49027 1
95945 49830 1
95945 50585 1
95945 51094 1
95945 53863 1
95945 61880 1
95945 64097 1
29971 40703 1
29971 46997 1
29971 53705 1
29971 54051 1
29971 57319 1
36939 39477 1
36939 47179 1
36939 47693 1
36939 48929 1
36939 48930 1
36939 49890 1
36939 52283 1
36939 52363 1
36939 52568 1
36939 54051 1
36967 36960 1
36967 36968 2
36967 42333 1
36967 44896 1
36967 51172 1
36967 54051 1
36967 56684 1
39477 36939 1
39477 47179 1
39477 47693 1
39477 52283 2
39477 54051 1
40703 29971 1
40703 46606 1
40703 46997 1
40703 53050 1
40703 53705 1
40703 54051 1
40703 55097 1
46997 29971 1
46997 40703 1
46997 53705 1
46997 54051 1
47179 36939 1
47179 39477 1
47179 47693 1
47179 52283 1
47179 54051 1
47693 36939 1
47693 39477 1
47693 47179 1
47693 52283 1
47693 54051 1
52283 28752 1
52283 29029 1
52283 30550 2
52283 36939 1
52283 39477 2
52283 41951 1
52283 47179 1
52283 47693 1
52283 54051 1
53705 29971 1
53705 40703 1
53705 46997 1
53705 54051 1
28729 36927 1
28729 37633 1
28729 47011 1
28729 57235 1
28729 63779 1
28729 75928 1
28907 29036 1
28907 30185 1
28907 31379 1
28907 31652 1
28907 36927 1
28907 42277 1
28907 46989 1
28907 60088 1
28907 65757 1
28907 65782 1
28907 66516 1
29036 28907 1
29036 30185 1
29036 31379 1
29036 31652 1
29036 36927 1
29036 42277 1
29036 46989 1
29036 60088 1
29036 65757 1
29036 65782 1
29036 66516 1
30185 28907 1
30185 29036 1
30185 31379 1
30185 31652 1
30185 36927 1
30185 42277 1
30185 46989 1
30185 51199 1
30185 55083 1
30185 56002 1
30185 60088 1
30185 65757 1
30185 65782 1
30185 66516 1
31379 28907 1
31379 29036 1
31379 30185 1
31379 31652 1
31379 36927 1
31379 42277 1
31379 46989 1
31379 60088 1
31379 65757 1
31379 65782 1
31379 66516 1
31652 28907 1
31652 29036 1
31652 30185 1
31652 31379 1
31652 36927 1
31652 42277 1
31652 46989 1
31652 60088 1
31652 65757 1
31652 65782 1
31652 66516 1
33556 36927 1
33556 37003 1
33556 37010 1
33556 37744 1
33556 54294 1
33556 57231 1
36983 36927 1
36983 65747 1
36983 69762 1
36983 123251 1
37003 33556 1
37003 36167 2
37003 36927 1
37003 36950 1
37003 37010 1
37003 37744 1
37003 38069 1
37003 38503 2
37003 40702 1
37003 47007 2
37003 50264 1
37003 51779 1
37003 53899 1
37003 54294 1
37003 56682 1
37003 57152 1
37003 57231 1
37003 58022 1
37003 59136 2
37003 60807 1
37010 33556 1
37010 36927 1
37010 37003 1
37010 37744 1
37010 54294 1
37010 57231 1
37633 18622 1
37633 28729 1
37633 29639 1
37633 36927 1
37633 50828 1
37633 62926 1
37633 63779 1
37633 65031 1
37633 75928 1
37744 18622 1
37744 33556 1
37744 36927 1
37744 36937 1
37744 37003 1
37744 37010 1
37744 42395 1
37744 52167 1
37744 54269 1
37744 54275 1
37744 54294 1
37744 54664 1
37744 55999 1
37744 57231 1
37744 63004 1
42277 28907 1
42277 29036 1
42277 30185 1
42277 31379 1
42277 31652 1
42277 32687 1
42277 36927 1
42277 46989 1
42277 60088 1
42277 65757 1
42277 65782 1
42277 66516 1
46989 28907 1
46989 29036 1
46989 30185 1
46989 31379 1
46989 31652 1
46989 36927 1
46989 42277 1
46989 42333 1
46989 53166 1
46989 54664 1
46989 60088 1
46989 65757 1
46989 65782 1
46989 66516 1
54294 33556 1
54294 36927 1
54294 37003 1
54294 37010 1
54294 37744 1
54294 57231 1
57231 33556 1
57231 36927 1
57231 37003 1
57231 37010 1
57231 37744 1
57231 38069 1
57231 51199 1
57231 54294 1
57231 58104 1
60088 28907 1
60088 29036 1
60088 30185 1
60088 31379 1
60088 31652 1
60088 36927 1
60088 42277 1
60088 46989 1
60088 54118 1
60088 60086 1
60088 64652 1
60088 65757 1
60088 65782 1
60088 66516 1
63779 28729 1
63779 36927 1
63779 37633 1
63779 65297 1
63779 65298 1
63779 75928 2
65757 28907 1
65757 29036 1
65757 30185 1
65757 31379 1
65757 31652 1
65757 36927 1
65757 42277 1
65757 46989 1
65757 60088 1
65757 65782 1
65757 66516 1
65782 28907 1
65782 29036 1
65782 30185 1
65782 31379 1
65782 31652 1
65782 32515 1
65782 35391 1
65782 36927 1
65782 36968 1
65782 42277 1
65782 46251 2
65782 46989 1
65782 53050 1
65782 60088 1
65782 65757 1
65782 65786 1
65782 66516 1
65782 68381 1
66516 28907 1
66516 29036 1
66516 30185 1
66516 31379 1
66516 31652 1
66516 36927 1
66516 37436 1
66516 42277 1
66516 46989 1
66516 49892 1
66516 52120 1
66516 60088 1
66516 65757 1
66516 65782 1
66516 66517 1
68165 36927 1
68165 47798 1
68165 62007 1
68165 71132 1
71132 36927 1
71132 68165 1
75928 28729 1
75928 36927 1
75928 36996 1
75928 37633 1
75928 63779 2
30526 32062 1
30526 32520 1
30526 35390 1
30526 36970 1
30526 41955 1
30526 45944 1
30526 50370 1
30526 51923 1
30526 54664 2
30526 55097 1
30526 56002 1
30526 57570 1
30526 61908 1
30526 66517 1
32062 30526 1
32062 32520 1
32062 35390 1
32062 36970 1
32062 41955 1
32062 45944 1
32062 50376 1
32062 54664 1
32062 55097 1
32062 56002 1
32062 61908 1
32520 30526 1
32520 32062 1
32520 35390 1
32520 36970 1
32520 41955 1
32520 45944 1
32520 54664 1
32520 55097 1
32520 59033 1
32520 59796 1
32520 61908 1
36971 36970 1
36971 41951 1
36971 47077 1
36971 55097 1
36971 56002 1
36971 57570 1
36971 60415 1
36971 66798 1
41955 30526 1
41955 32062 1
41955 32520 1
41955 35390 1
41955 36970 1
41955 45944 1
41955 54664 1
41955 55097 1
41955 61908 1
45944 30526 1
45944 32062 1
45944 32520 1
45944 35390 1
45944 36970 1
45944 41955 1
45944 54664 1
45944 55097 1
45944 61908 1
47077 36970 1
47077 36971 1
47077 55097 1
47077 56683 1
47077 59136 1
54664 30526 2
54664 32062 1
54664 32520 1
54664 32684 1
54664 35390 1
54664 36937 2
54664 36960 1
54664 36970 1
54664 37744 1
54664 41955 1
54664 42430 1
54664 45944 1
54664 46989 1
54664 49572 1
54664 51923 1
54664 52296 1
54664 54275 1
54664 55097 1
54664 56002 1
54664 57570 1
54664 60086 1
54664 61908 1
54664 66517 1
54664 69746 1
54664 69750 1
54664 87972 1
54664 113857 1
55097 30526 1
55097 32062 1
55097 32520 1
55097 35383 1
55097 35390 1
55097 36970 2
55097 36971 1
55097 37011 1
55097 39744 1
55097 40703 1
55097 41955 1
55097 42299 1
55097 45817 1
55097 45944 1
55097 47077 1
55097 52120 1
55097 54664 1
55097 61908 1
61908 30526 1
61908 32062 1
61908 32520 1
61908 35390 1
61908 35393 1
61908 36970 1
61908 38560 1
61908 40828 1
61908 40829 1
61908 41955 1
61908 45863 1
61908 45944 1
61908 50279 1
61908 50370 1
61908 54664 1
61908 55097 1
61908 56002 1
61908 56683 1
61908 57897 1
61908 58567 1
61908 59353 1
61908 60807 1
61908 65297 1
12222 42295 1
12222 42436 1
12222 44998 1
12222 45002 1
12222 50373 1
42436 12222 1
42436 42295 1
42436 44998 1
42436 50373 1
44998 12222 1
44998 39284 1
44998 42295 1
44998 42436 1
44998 50373 1
44998 52442 1
50373 12222 1
50373 30523 1
50373 32043 1
50373 36698 1
50373 36950 1
50373 38473 1
50373 40702 1
50373 42295 1
50373 42436 1
50373 44998 1
50373 49769 1
50373 49828 1
50373 50297 1
50373 52120 1
50373 57123 1
50373 64572 1
18605 6834 1
18605 34096 1
18605 39744 1
18605 42429 1
18605 46454 1
18605 52100 1
18605 55814 1
18605 57123 1
52100 18605 1
52100 36940 1
52100 39744 1
52100 42429 1
52100 46723 1
52100 50278 1
52100 122266 1
35394 33823 1
35394 46724 1
35394 48293 1
35394 50445 1
35394 52523 1
35394 52637 1
35394 54444 1
35394 61351 1
48293 33823 1
48293 35394 1
48293 52637 1
52637 33823 1
52637 35394 1
52637 48293 1
52637 64572 1
52637 82547 1
43298 36940 1
43298 44982 1
43298 45629 1
43298 46577 1
43298 52294 1
44982 36940 1
44982 43298 1
44982 45629 1
44982 46577 1
44982 52294 1
46723 32450 1
46723 36937 1
46723 36940 1
46723 41247 1
46723 42299 1
46723 42791 1
46723 50150 1
46723 50278 1
46723 51909 1
46723 51910 1
46723 51911 1
46723 52100 1
46723 53899 1
46723 54374 1
46723 60419 1
46723 122266 1
50269 36940 1
50269 57666 1
50278 36940 1
50278 46723 1
50278 52100 1
50278 122266 1
122266 36940 1
122266 46723 1
122266 50278 1
122266 52100 1
50261 36964 1
45817 29029 1
45817 35383 1
45817 39744 1
45817 42299 1
45817 42422 1
45817 45819 1
45817 55097 1
47954 28749 1
47954 33177 1
47954 36700 1
47954 42377 1
47954 42422 1
47954 45357 1
47954 46606 1
47954 49040 1
47954 50145 1
47954 55814 1
47954 56682 1
32073 42787 1
32073 42788 1
32073 49039 1
32073 59136 1
42787 32073 1
42787 42788 2
42787 42794 1
42787 49036 1
42787 49039 1
42787 59136 1
42788 32073 1
42788 42787 2
42788 42794 1
42788 49036 1
42788 49039 1
42788 59136 1
52363 35387 1
52363 36939 1
52363 49039 1
52363 51898 1
52363 52443 1
52363 65764 1
52363 66798 1
52363 66866 1
52363 69589 1
52363 69590 1
52363 69611 1
52363 74844 1
52363 74862 1
52363 85684 1
59136 29639 1
59136 32073 1
59136 37003 2
59136 42787 1
59136 42788 1
59136 47077 1
59136 49039 1
59136 56683 1
59136 66517 1
65764 49039 1
65764 52363 1
65764 52443 1
65764 66798 1
65764 66866 1
65764 69589 1
65764 69590 1
65764 69611 1
65764 74844 1
65764 74862 1
65764 85684 1
66798 36971 1
66798 41951 1
66798 49039 1
66798 49234 1
66798 52363 1
66798 52443 1
66798 65764 1
66798 66866 1
66798 69589 1
66798 69590 1
66798 69611 1
66798 74844 1
66798 74862 1
66798 85684 1
66866 49039 1
66866 52363 1
66866 52443 1
66866 65764 1
66866 66798 1
66866 69589 1
66866 69590 1
66866 69611 1
66866 69746 1
66866 74844 1
66866 74862 1
66866 81681 1
66866 85684 1
69589 49039 1
69589 52363 1
69589 52443 1
69589 65764 1
69589 66798 1
69589 66866 1
69589 69590 1
69589 69611 2
69589 74844 1
69589 74862 1
69589 85684 1
69590 49039 1
69590 52363 1
69590 52443 1
69590 65764 1
69590 66798 1
69590 66866 1
69590 69589 1
69590 69611 2
69590 73101 1
69590 74844 1
69590 74862 1
69590 85684 1
69590 94036 1
69611 49039 1
69611 52363 1
69611 52443 1
69611 65764 1
69611 66798 1
69611 66866 1
69611 69589 2
69611 69590 2
69611 74844 1
69611 74862 1
69611 85684 1
74844 49039 1
74844 52363 1
74844 52443 1
74844 65764 1
74844 66798 1
74844 66866 1
74844 69589 1
74844 69590 1
74844 69611 1
74844 74862 1
74844 85684 1
74862 49039 1
74862 52363 1
74862 52443 1
74862 65764 1
74862 66798 1
74862 66866 1
74862 69589 1
74862 69590 1
74862 69611 1
74862 74844 1
74862 85684 1
85684 49039 1
85684 52363 1
85684 52443 1
85684 65764 1
85684 66798 1
85684 66866 1
85684 69589 1
85684 69590 1
85684 69611 1
85684 74844 1
85684 74862 1
30176 31635 1
30176 38472 1
30176 40032 1
30176 42297 1
31635 30176 1
31635 31634 1
31635 38472 1
31635 40032 1
31635 42297 1
31635 47007 1
40032 30176 1
40032 31635 1
40032 38472 1
40032 42297 1
42297 30176 1
42297 31635 1
42297 38472 1
42297 40032 1
5072 29029 1
5072 31387 1
5072 32061 1
5072 35381 1
5072 35497 1
5072 39275 1
5072 41011 1
5072 42421 1
5072 42862 1
5072 45341 1
5072 47681 1
5072 50444 1
29029 5072 1
29029 31387 1
29029 32061 1
29029 35381 1
29029 35497 1
29029 39275 1
29029 41011 1
29029 41951 1
29029 42421 1
29029 42862 1
29029 45341 1
29029 45817 1
29029 52283 1
31387 5072 1
31387 29029 1
31387 32061 1
31387 35381 1
31387 35497 1
31387 39275 1
31387 41011 1
31387 42421 1
31387 42862 1
31387 45341 1
32061 5072 1
32061 29029 1
32061 31387 1
32061 35381 1
32061 35497 1
32061 39275 1
32061 41011 1
32061 42421 1
32061 42862 1
32061 45341 1
35381 5072 1
35381 29029 1
35381 31387 1
35381 32061 1
35381 35497 1
35381 37011 1
35381 39275 1
35381 41011 1
35381 42421 1
35381 42862 1
35381 45341 1
35381 53050 1
35497 5072 1
35497 29029 1
35497 31387 1
35497 32061 1
35497 35381 1
35497 39275 1
35497 41011 1
35497 42421 1
35497 42862 1
35497 45341 1
41011 5072 1
41011 29029 1
41011 31387 1
41011 32061 1
41011 35381 1
41011 35497 1
41011 39275 1
41011 42421 1
41011 42862 1
41011 45341 1
42421 5072 1
42421 29029 1
42421 31387 1
42421 32061 1
42421 35381 1
42421 35497 1
42421 39275 1
42421 41011 1
42421 42862 1
42421 45341 1
42862 5072 1
42862 29029 1
42862 31387 1
42862 32061 1
42862 35381 1
42862 35497 1
42862 39275 1
42862 41011 1
42862 42421 1
42862 45341 1
45341 5072 1
45341 29029 1
45341 31387 1
45341 32061 1
45341 35381 1
45341 35497 1
45341 36937 1
45341 37007 1
45341 39275 1
45341 41011 1
45341 42421 1
45341 42862 1
45341 48380 1
29033 41951 1
29033 41953 1
29033 41956 1
29033 42751 1
29033 42753 1
41951 29029 1
41951 29033 1
41951 36971 1
41951 41953 1
41951 41956 1
41951 42751 1
41951 42753 1
41951 50444 1
41951 52283 1
41951 66798 1
41956 29033 1
41956 41951 1
41956 41953 1
41956 42751 1
41956 42753 1
42751 29033 1
42751 41951 1
42751 41953 1
42751 41956 1
42751 42753 1
42751 62913 1
42753 29033 1
42753 41951 1
42753 41953 1
42753 41956 1
42753 42751 1
42753 42752 1
19244 55996 1
39740 46724 1
39740 47844 1
39740 55996 1
39740 64548 1
39740 68172 1
39740 73411 1
39740 74027 1
46724 35394 1
46724 39740 1
46724 41109 1
46724 47844 1
46724 49236 1
46724 50445 1
46724 55814 1
46724 55996 1
46724 58104 1
46724 59864 1
46724 64548 1
46724 64556 1
46724 68172 1
46724 70180 1
46724 72043 1
46724 73411 1
46724 73716 1
46724 74027 1
46724 77101 1
46724 122506 1
47844 39740 1
47844 46724 1
47844 55996 1
47844 64548 1
47844 68172 1
47844 69126 1
47844 73411 1
47844 74027 1
64548 39740 1
64548 46724 1
64548 47844 1
64548 55996 1
64548 68172 1
64548 73411 1
64548 74027 1
68172 39740 1
68172 46724 1
68172 47844 1
68172 55996 1
68172 64548 1
68172 68167 1
68172 73411 1
68172 74027 1
73411 39740 1
73411 46724 1
73411 47844 1
73411 55996 1
73411 64548 1
73411 68172 1
73411 74027 1
74027 39740 1
74027 46724 1
74027 47844 1
74027 55996 1
74027 64548 1
74027 68172 1
74027 73411 1
35374 36968 1
35374 37642 1
35374 40769 1
35374 44986 1
35374 47691 1
35374 49092 1
35374 52227 1
35374 53622 1
35374 57023 1
35374 67345 1
36960 36967 1
36960 36968 1
36960 42077 1
36960 42333 1
36960 44896 1
36960 51172 1
36960 54664 1
36960 60086 1
37642 35374 1
37642 36968 1
37642 40769 1
37642 44986 1
37642 47691 1
37642 49092 1
37642 52227 1
37642 53622 1
37642 57023 1
37642 67345 1
37642 79641 1
37642 123251 1
40769 35374 1
40769 36968 1
40769 37642 1
40769 44986 1
40769 47691 1
40769 49092 1
40769 52227 1
40769 53622 1
40769 57023 1
40769 67345 1
42333 36960 1
42333 36967 1
42333 36968 1
42333 44896 1
42333 46989 1
42333 51172 1
42333 53166 1
44896 36960 1
44896 36967 1
44896 36968 1
44896 42333 1
44896 51172 1
44986 35374 1
44986 36968 1
44986 37642 1
44986 40769 1
44986 47691 1
44986 49092 1
44986 52227 1
44986 53622 1
44986 57023 1
44986 67345 1
46251 36968 1
46251 53050 1
46251 65782 2
46251 68381 1
47691 35374 1
47691 36968 1
47691 37642 1
47691 40769 1
47691 44986 1
47691 49092 1
47691 52227 1
47691 53622 1
47691 57023 1
47691 67345 1
49092 35374 1
49092 36968 1
49092 37642 1
49092 40769 1
49092 44986 1
49092 47691 1
49092 52227 1
49092 53622 1
49092 57023 1
49092 67345 1
51909 32450 1
51909 36937 1
51909 36968 1
51909 41247 1
51909 42299 1
51909 42791 1
51909 45863 1
51909 46723 1
51909 50150 1
51909 51910 1
51909 51911 1
51909 52120 1
51909 53899 1
51909 54374 1
51909 60419 1
51909 70195 1
52120 36968 1
52120 49892 1
52120 50373 1
52120 51909 1
52120 55028 1
52120 55097 1
52120 66516 1
52227 35374 1
52227 36968 1
52227 37642 1
52227 40769 1
52227 44986 1
52227 47691 1
52227 49092 1
52227 53622 1
52227 57023 2
52227 67345 1
52227 122506 1
53050 35381 1
53050 36928 1
53050 36968 1
53050 40703 1
53050 46251 1
53050 46606 1
53050 47011 1
53050 50370 2
53050 54989 1
53050 65782 1
53050 68381 1
53622 35374 1
53622 36968 1
53622 37642 1
53622 40769 1
53622 44986 1
53622 47691 1
53622 49092 1
53622 52227 1
53622 57023 1
53622 67345 1
56684 36967 1
56684 36968 1
56684 56002 1
56684 56682 1
56684 56683 1
56684 58025 1
57023 35374 1
57023 36928 1
57023 36968 1
57023 37642 1
57023 40769 1
57023 44986 1
57023 47691 1
57023 49092 1
57023 52227 2
57023 53622 1
57023 58598 1
57023 67345 1
67345 35374 1
67345 36968 1
67345 37642 1
67345 40769 1
67345 42077 1
67345 44986 1
67345 47691 1
67345 49092 1
67345 52227 1
67345 53622 1
67345 57023 1
68381 36968 1
68381 46251 1
68381 46626 1
68381 46926 1
68381 53050 1
68381 56602 1
68381 65782 1
19185 38172 1
6579 41441 1
6579 53698 1
28749 28704 1
28749 32043 1
28749 33177 1
28749 36700 1
28749 42377 1
28749 45357 1
28749 46606 1
28749 47954 1
28749 49040 1
28749 50145 1
28749 55814 1
28749 56682 1
33177 28749 1
33177 36700 1
33177 36701 1
33177 41999 1
33177 42377 1
33177 45357 1
33177 46606 1
33177 47954 1
33177 49040 1
33177 50145 1
33177 53414 1
33177 55814 1
33177 56682 1
36700 28749 1
36700 33177 1
36700 42377 1
36700 45357 1
36700 46606 1
36700 47954 1
36700 49040 1
36700 50145 1
36700 55814 1
36700 56682 1
42377 28749 1
42377 33177 1
42377 36700 1
42377 38069 1
42377 45357 1
42377 46606 1
42377 47954 1
42377 49040 1
42377 50145 1
42377 55814 1
42377 56682 1
45357 28749 1
45357 33177 1
45357 36700 1
45357 42377 1
45357 46606 1
45357 47954 1
45357 48668 1
45357 49040 2
45357 50145 1
45357 55814 1
45357 56682 1
46606 28749 1
46606 33177 1
46606 36700 1
46606 40703 1
46606 42377 1
46606 45357 1
46606 47954 1
46606 49040 1
46606 49537 1
46606 50145 1
46606 53050 1
46606 55814 1
46606 56682 1
46606 65107 1
46881 49040 1
50145 28749 1
50145 33177 1
50145 36700 1
50145 42377 1
50145 45357 1
50145 46606 1
50145 47954 1
50145 49040 1
50145 55814 1
50145 56682 1
56682 28749 1
56682 33177 1
56682 35390 1
56682 36167 1
56682 36698 1
56682 36700 1
56682 36701 1
56682 37003 1
56682 38069 1
56682 40702 1
56682 42078 1
56682 42377 1
56682 45136 1
56682 45357 1
56682 46606 1
56682 47007 1
56682 47954 1
56682 48929 1
56682 48930 1
56682 49040 1
56682 49234 1
56682 50145 1
56682 50264 1
56682 51779 1
56682 53899 1
56682 55814 1
56682 56002 1
56682 56683 1
56682 56684 1
56682 57570 2
56682 58022 1
56682 58025 1
56682 60086 2
56682 60807 1
56682 63004 1
30682 35383 1
30682 42301 1
30682 50306 1
30682 50444 1
30682 50445 1
30682 52568 1
30682 53710 1
35383 30682 1
35383 39744 1
35383 42299 1
35383 42301 1
35383 45817 1
35383 50306 1
35383 50444 1
35383 50445 1
35383 52568 1
35383 53710 1
35383 55097 1
42301 30682 1
42301 35383 1
42301 37007 1
42301 50306 1
42301 50444 1
42301 50445 1
42301 52568 1
42301 53710 1
42301 57833 1
42301 62481 1
48929 35390 1
48929 36939 1
48929 45136 1
48929 48930 2
48929 49234 1
48929 49890 1
48929 52568 1
48929 56682 1
48929 57570 1
48929 60086 1
48929 63004 1
48930 35390 1
48930 36939 1
48930 36978 1
48930 38503 1
48930 45136 1
48930 47916 1
48930 48929 2
48930 49234 1
48930 49890 1
48930 52442 1
48930 52568 1
48930 53896 1
48930 53897 1
48930 53898 1
48930 53899 1
48930 53900 1
48930 55783 1
48930 56682 1
48930 57570 1
48930 57905 1
48930 60086 1
48930 63004 1
48930 68167 1
48930 74612 1
48930 80841 1
50306 30682 1
50306 35383 1
50306 42301 1
50306 50444 1
50306 50445 1
50306 52568 1
50306 53710 1
50444 5072 1
50444 20879 1
50444 30523 1
50444 30682 1
50444 35383 1
50444 38072 1
50444 38560 1
50444 41951 1
50444 42301 1
50444 43295 1
50444 47681 1
50444 50306 1
50444 50445 1
50444 52568 1
50444 53710 1
50444 60900 1
50445 30682 1
50445 35383 1
50445 35394 1
50445 36950 1
50445 42301 1
50445 46724 1
50445 50306 1
50445 50444 1
50445 52568 1
50445 53710 1
53710 30682 1
53710 35383 1
53710 42301 1
53710 50306 1
53710 50444 1
53710 50445 1
53710 52568 1
27470 31676 1
35382 35390 1
35382 37011 1
35382 53166 1
35382 57833 1
37011 35381 1
37011 35382 1
37011 35390 1
37011 53166 1
37011 55097 1
37011 57833 1
37011 80841 1
45136 35390 1
45136 48929 1
45136 48930 1
45136 49234 1
45136 56682 1
45136 57570 1
45136 57898 1
45136 60086 1
45136 63004 1
45136 123251 1
47560 6505 1
47560 35387 1
47560 35390 1
47560 42393 1
47560 42794 1
47560 51199 1
47560 60415 1
49234 35390 1
49234 45136 1
49234 48929 1
49234 48930 1
49234 56682 1
49234 57570 1
49234 60086 1
49234 63004 1
49234 66798 1
51199 30185 1
51199 35390 1
51199 47560 1
51199 55083 1
51199 57231 1
51199 60415 1
53166 35382 1
53166 35390 1
53166 37011 1
53166 42333 1
53166 46989 1
53166 57833 1
57570 30526 1
57570 35390 1
57570 36971 1
57570 45136 1
57570 48929 1
57570 48930 1
57570 49234 1
57570 51923 1
57570 54664 1
57570 56002 2
57570 56682 2
57570 60086 1
57570 60415 1
57570 63004 1
57570 66517 1
57833 35382 1
57833 35390 1
57833 37007 1
57833 37011 1
57833 42301 1
57833 53166 1
57833 62481 1
60086 35390 1
60086 36960 1
60086 42078 1
60086 45136 1
60086 48929 1
60086 48930 1
60086 49234 1
60086 54664 1
60086 56682 2
60086 57570 1
60086 60088 1
60086 63004 1
60415 35390 1
60415 36971 1
60415 47560 1
60415 51199 1
60415 56002 1
60415 57570 1
63004 18622 1
63004 35390 1
63004 37744 1
63004 42395 1
63004 45136 1
63004 48929 1
63004 48930 1
63004 49234 1
63004 52167 1
63004 55999 1
63004 56682 1
63004 57570 1
63004 60086 1
63004 60419 1
47011 28729 1
47011 36201 1
47011 53050 1
47011 54444 1
47011 67402 1
47011 69972 1
47011 70996 1
47011 72972 1
47011 73325 1
47011 79641 1
47011 82547 1
47011 106504 1
50005 36201 1
50005 53229 1
50005 66416 1
50005 69911 1
50005 70385 1
53229 36201 1
53229 50005 1
53229 65297 1
53229 66416 1
53229 69911 1
53229 70385 1
53229 80365 1
54444 35394 1
54444 36201 1
54444 47011 1
54444 67402 1
54444 69972 1
54444 70996 1
54444 72972 1
54444 73325 1
54444 79641 1
54444 82547 1
54444 106504 1
60482 35369 1
60482 36201 1
60482 39724 1
60482 42416 1
60482 42792 1
60482 45336 1
60482 55083 1
60482 79641 1
66416 36201 1
66416 50005 1
66416 53229 1
66416 69911 1
66416 70385 1
67402 18622 1
67402 36201 1
67402 47011 1
67402 54444 1
67402 69972 1
67402 70996 1
67402 72972 1
67402 73325 1
67402 79641 1
67402 82547 1
67402 106504 1
67402 124185 1
69911 36201 1
69911 44735 1
69911 50005 1
69911 53229 1
69911 65107 1
69911 66416 1
69911 68517 2
69911 70385 1
69911 73716 1
69972 36201 1
69972 47011 1
69972 54444 1
69972 67402 1
69972 70996 1
69972 72972 1
69972 73325 1
69972 79641 1
69972 80841 1
69972 82547 1
69972 106504 1
70385 36201 1
70385 50005 1
70385 53229 1
70385 66416 1
70385 69911 1
70996 36201 1
70996 47011 1
70996 54444 1
70996 67402 1
70996 69972 1
70996 72972 1
70996 73325 1
70996 79641 1
70996 82547 1
70996 106504 1
72972 36201 1
72972 47011 1
72972 54444 1
72972 67402 1
72972 69972 1
72972 70996 1
72972 73325 1
72972 79641 1
72972 82547 1
72972 106504 1
73325 36201 1
73325 47011 1
73325 54444 1
73325 67402 1
73325 69972 1
73325 70996 1
73325 72972 1
73325 79641 1
73325 82547 1
73325 106504 1
79641 36201 1
79641 37642 1
79641 47011 1
79641 54444 1
79641 60482 1
79641 67402 1
79641 69972 1
79641 70996 1
79641 72972 1
79641 73325 1
79641 82547 1
79641 106504 1
79641 123251 1
82547 36201 1
82547 47011 1
82547 52637 1
82547 54444 1
82547 67402 1
82547 69972 1
82547 70996 1
82547 72972 1
82547 73325 1
82547 79641 1
82547 106504 1
106504 36201 1
106504 47011 1
106504 54444 1
106504 67402 1
106504 69972 1
106504 70996 1
106504 72972 1
106504 73325 1
106504 79641 1
106504 82547 1
50901 37436 1
50901 58094 1
50901 74591 1
50901 115280 1
54626 37436 1
54626 71474 1
54626 71475 1
54626 71476 1
54626 86698 1
57247 37436 1
57247 57666 1
57247 70195 1
58094 37436 1
58094 50901 1
58094 74591 1
58094 115280 1
58094 123251 1
69126 37436 1
69126 47844 1
69126 71012 1
70195 37436 1
70195 51909 1
70195 57247 1
71474 37436 1
71474 54626 1
71474 71475 1
71474 71476 1
71474 86698 1
71475 37436 1
71475 54626 1
71475 71474 1
71475 71476 1
71475 86698 1
74591 37436 1
74591 47905 1
74591 50287 1
74591 50901 1
74591 58094 1
74591 115280 1
86698 37436 1
86698 54626 1
86698 71474 1
86698 71475 1
86698 71476 1
115280 37436 1
115280 50901 1
115280 58094 1
115280 74591 1
3180 18672 1
3180 18673 1
3180 27095 1
3180 27097 1
3180 29155 1
3180 38560 1
3180 48477 1
3180 71769 1
18672 3180 1
18672 18673 1
18672 27095 1
18672 27097 1
18672 29155 1
18672 38560 1
18672 48477 1
18672 71769 1
18673 3180 1
18673 18672 1
18673 27095 1
18673 27097 1
18673 29155 1
18673 38560 1
18673 48477 1
18673 71769 1
20879 37627 1
20879 38072 1
20879 38560 1
20879 43295 1
20879 50444 1
20879 60900 1
27095 3180 1
27095 18672 1
27095 18673 1
27095 27097 1
27095 29155 1
27095 38560 1
27095 48477 1
27095 71769 1
27097 983 1
27097 3180 1
27097 9179 1
27097 9185 1
27097 9331 1
27097 12001 1
27097 18672 1
27097 18673 1
27097 21422 1
27097 23288 1
27097 27095 1
27097 29155 1
27097 30668 1
27097 33876 1
27097 38560 1
27097 39593 1
27097 48477 1
27097 71769 1
29155 3180 1
29155 18672 1
29155 18673 1
29155 27095 1
29155 27097 1
29155 38560 1
29155 48477 1
29155 71769 1
35391 36950 1
35391 38560 1
35391 42053 1
35391 42758 1
35391 59111 1
35391 62926 1
35391 65698 1
35391 65782 1
35391 66517 2
35391 80841 1
35393 36177 1
35393 38560 1
35393 40828 1
35393 40829 1
35393 45863 1
35393 50279 1
35393 50370 1
35393 56002 1
35393 56683 1
35393 57897 1
35393 58567 1
35393 59353 1
35393 61908 1
35393 65297 1
38072 20879 1
38072 38560 1
38072 43295 1
38072 50444 1
38072 60900 1
40828 35393 1
40828 38560 1
40828 40829 1
40828 45863 1
40828 50279 1
40828 50370 1
40828 56002 1
40828 56683 1
40828 57897 1
40828 58567 1
40828 59353 1
40828 61908 1
40828 65297 1
40829 35393 1
40829 38560 1
40829 40828 1
40829 45863 1
40829 50279 1
40829 50370 1
40829 56002 1
40829 56683 1
40829 57897 1
40829 58567 1
40829 59353 1
40829 61908 1
40829 65297 1
43295 20879 1
43295 38072 1
43295 38560 1
43295 50444 1
43295 60900 1
45863 35393 1
45863 38560 1
45863 40828 1
45863 40829 1
45863 50279 2
45863 50370 1
45863 51909 1
45863 56002 1
45863 56683 1
45863 57897 1
45863 58567 1
45863 59353 1
45863 61908 1
45863 65297 1
47557 38560 1
47557 64347 1
47557 64792 1
48477 3180 1
48477 18672 1
48477 18673 1
48477 27095 1
48477 27097 1
48477 29155 1
48477 38560 1
48477 48478 1
48477 71769 1
50279 35393 1
50279 38560 1
50279 38569 1
50279 40828 1
50279 40829 1
50279 45863 2
50279 50370 1
50279 56002 1
50279 56683 1
50279 57897 1
50279 58567 1
50279 59353 1
50279 61908 1
50279 65297 1
50287 38560 1
50287 47905 1
50287 74591 1
50370 30526 1
50370 35393 1
50370 36928 1
50370 38560 1
50370 40828 1
50370 40829 1
50370 45863 1
50370 50279 1
50370 53050 2
50370 56002 1
50370 56683 1
50370 57897 1
50370 58567 1
50370 59353 1
50370 60900 1
50370 61908 1
50370 65297 1
55912 38560 1
55912 66517 1
55912 121827 1
56002 30185 1
56002 30526 1
56002 32062 1
56002 35393 1
56002 36971 1
56002 38560 1
56002 40828 1
56002 40829 1
56002 45863 1
56002 50279 1
56002 50370 1
56002 51923 1
56002 54664 1
56002 56682 1
56002 56683 2
56002 56684 1
56002 57570 2
56002 57897 1
56002 58025 1
56002 58567 1
56002 59353 1
56002 60415 1
56002 60807 1
56002 61908 1
56002 65297 1
56002 66517 1
56683 35393 1
56683 38560 1
56683 40828 1
56683 40829 1
56683 45863 1
56683 47077 1
56683 50279 1
56683 50370 1
56683 56002 2
56683 56682 1
56683 56684 1
56683 57897 1
56683 58025 1
56683 58567 1
56683 59136 1
56683 59353 1
56683 61908 1
56683 65297 1
56683 121827 1
57897 35393 1
57897 38560 1
57897 40828 1
57897 40829 1
57897 45863 1
57897 50279 1
57897 50370 1
57897 56002 1
57897 56683 1
57897 58567 1
57897 59353 1
57897 61908 1
57897 65297 1
58025 38560 1
58025 56002 1
58025 56682 1
58025 56683 1
58025 56684 1
58567 35393 1
58567 38560 1
58567 40828 1
58567 40829 1
58567 45863 1
58567 50279 1
58567 50370 1
58567 56002 1
58567 56683 1
58567 57897 1
58567 59353 1
58567 61908 1
58567 65297 1
59353 35393 1
59353 38560 1
59353 40828 1
59353 40829 1
59353 45863 1
59353 50279 1
59353 50370 1
59353 56002 1
59353 56683 1
59353 57897 1
59353 58567 1
59353 61908 1
59353 63680 1
59353 65297 1
62350 38560 1
62350 64254 1
62350 64255 1
62350 64256 1
62350 64257 3
62350 72614 1
62350 73435 2
62350 73880 2
62350 81950 1
62350 83241 1
64248 38560 1
64248 64249 1
64248 64250 1
64248 99555 1
64249 38560 1
64249 64248 1
64249 64250 1
64249 99555 1
64250 38560 1
64250 64248 1
64250 64249 1
64250 99555 1
64254 38560 1
64254 62350 1
64254 64255 1
64254 64256 1
64254 64257 1
64254 72614 1
64254 73435 1
64254 73880 1
64254 81950 1
64254 83241 1
64255 38560 1
64255 62350 1
64255 64254 1
64255 64256 1
64255 64257 1
64255 72614 1
64255 73435 1
64255 73880 1
64255 81950 1
64255 83241 1
64256 38560 1
64256 62350 1
64256 64254 1
64256 64255 1
64256 64257 1
64256 72614 1
64256 73435 1
64256 73880 1
64256 81950 1
64256 83241 1
64257 38560 1
64257 62350 3
64257 64254 1
64257 64255 1
64257 64256 1
64257 72614 1
64257 73435 4
64257 73880 2
64257 81950 1
64257 83241 1
64347 38560 1
64347 47557 1
64347 64792 1
64792 38560 1
64792 47557 1
64792 55822 1
64792 64347 1
64792 65698 1
64792 68600 1
65297 35393 1
65297 38560 3
65297 40828 1
65297 40829 1
65297 45863 1
65297 50279 1
65297 50370 1
65297 53229 1
65297 56002 1
65297 56683 1
65297 57897 1
65297 58567 1
65297 59353 1
65297 61908 1
65297 63779 1
65297 65298 1
65297 65845 1
65845 38560 1
65845 39723 1
65845 40142 1
65845 44735 1
65845 45819 1
65845 46629 1
65845 49236 1
65845 55819 1
65845 60573 1
65845 61786 1
65845 62315 1
65845 62481 1
65845 65297 1
65845 65731 1
65845 68600 1
66517 30526 1
66517 35391 2
66517 38560 2
66517 42053 1
66517 42758 1
66517 51923 1
66517 54664 1
66517 55912 1
66517 56002 1
66517 57570 1
66517 59111 1
66517 59136 1
66517 62926 1
66517 65698 1
66517 66516 1
66517 71012 1
66517 80841 1
66517 121827 1
71769 3180 1
71769 18672 1
71769 18673 1
71769 27095 1
71769 27097 1
71769 29155 1
71769 38560 1
71769 48477 1
72614 38560 1
72614 62350 1
72614 64254 1
72614 64255 1
72614 64256 1
72614 64257 1
72614 73435 1
72614 73880 1
72614 81950 1
72614 83241 1
73435 38560 1
73435 62350 2
73435 64254 1
73435 64255 1
73435 64256 1
73435 64257 4
73435 72614 1
73435 73880 1
73435 81950 1
73435 83241 1
73880 38560 1
73880 62350 2
73880 64254 1
73880 64255 1
73880 64256 1
73880 64257 2
73880 65704 1
73880 65705 1
73880 69667 1
73880 72614 1
73880 73435 1
73880 81950 1
73880 82526 2
73880 83241 1
76439 36950 1
76439 38560 1
80841 35391 1
80841 36978 1
80841 37011 1
80841 38503 1
80841 38560 1
80841 47916 1
80841 48930 1
80841 52442 1
80841 53896 1
80841 53897 1
80841 53898 1
80841 53899 1
80841 53900 1
80841 55783 4
80841 57905 1
80841 66517 1
80841 68167 1
80841 69972 1
80841 74612 2
81950 38560 1
81950 62350 1
81950 64254 1
81950 64255 1
81950 64256 1
81950 64257 1
81950 72614 1
81950 73435 1
81950 73880 1
81950 83241 1
83241 38560 1
83241 62350 1
83241 64254 1
83241 64255 1
83241 64256 1
83241 64257 1
83241 72614 1
83241 73435 1
83241 73880 1
83241 81950 1
99555 38560 1
99555 64248 1
99555 64249 1
99555 64250 1
32684 30946 1
32684 36937 1
32684 42430 1
32684 49572 1
32684 52296 1
32684 54664 1
32684 69746 1
32684 69750 1
32684 87972 1
32684 113857 1
36937 28718 1
36937 29629 1
36937 32450 1
36937 32684 1
36937 37007 1
36937 37744 1
36937 41247 1
36937 42087 1
36937 42299 1
36937 42430 1
36937 42791 1
36937 45341 1
36937 45351 1
36937 46723 1
36937 49572 1
36937 50150 1
36937 51909 1
36937 51910 1
36937 51911 1
36937 52296 1
36937 53899 1
36937 54275 1
36937 54374 1
36937 54664 2
36937 60419 1
36937 69746 1
36937 69750 1
36937 87972 1
36937 113857 1
49572 32684 1
49572 36937 1
49572 42430 1
49572 52296 1
49572 54664 1
49572 69746 1
49572 69750 1
49572 75413 1
49572 87972 1
49572 113857 1
69746 32684 1
69746 36937 1
69746 42430 1
69746 49572 1
69746 52296 1
69746 54664 1
69746 60263 1
69746 66866 1
69746 69750 1
69746 87972 1
69746 113857 1
69750 32684 1
69750 36937 1
69750 42430 1
69750 49572 1
69750 52296 1
69750 54664 1
69750 69746 1
69750 87972 1
69750 113857 1
87972 32684 1
87972 36937 1
87972 42430 1
87972 49572 1
87972 52296 1
87972 54664 1
87972 57666 1
87972 69746 1
87972 69750 1
87972 113857 1
113857 32684 1
113857 36937 1
113857 42430 1
113857 49572 1
113857 52296 1
113857 54664 1
113857 69746 1
113857 69750 1
113857 87972 1
24526 42309 1
24526 44735 1
39723 40142 1
39723 44735 1
39723 45819 1
39723 46629 1
39723 49236 1
39723 55819 1
39723 61786 1
39723 62315 1
39723 62481 1
39723 65731 1
39723 65845 1
39723 68600 1
40142 39723 1
40142 44735 1
40142 45819 1
40142 46629 1
40142 49236 1
40142 55819 1
40142 61786 1
40142 62315 1
40142 62481 1
40142 65731 1
40142 65845 1
40142 68600 1
41998 44735 1
41998 46446 1
41998 50847 1
41998 53414 1
42309 24526 1
42309 44735 1
45819 39136 1
45819 39723 1
45819 40142 1
45819 44735 1
45819 45817 1
45819 46629 1
45819 49236 1
45819 55819 1
45819 61786 1
45819 62315 1
45819 62481 1
45819 65731 1
45819 65845 1
45819 68600 1
46446 41998 1
46446 44735 1
46446 50847 1
46446 53414 1
46629 39723 1
46629 40142 1
46629 44735 1
46629 45819 1
46629 49236 1
46629 55819 1
46629 61786 1
46629 62315 1
46629 62481 1
46629 65731 1
46629 65845 1
46629 68600 1
49236 39723 1
49236 40142 1
49236 41109 1
49236 44735 1
49236 45819 1
49236 46629 1
49236 46724 1
49236 55814 1
49236 55819 1
49236 58104 1
49236 59864 1
49236 61786 1
49236 62315 1
49236 62481 1
49236 64556 1
49236 65731 1
49236 65845 1
49236 68600 1
49236 70180 1
49236 72043 1
49236 73716 1
49236 77101 1
49236 122506 1
50016 44735 1
50016 60509 1
50847 41998 1
50847 44735 1
50847 46446 1
50847 53414 1
53414 33177 1
53414 41998 1
53414 44735 1
53414 46446 1
53414 50847 1
55819 39723 1
55819 40142 1
55819 44735 1
55819 45819 1
55819 46629 1
55819 49236 1
55819 55822 1
55819 61786 1
55819 62222 1
55819 62223 1
55819 62224 1
55819 62225 1
55819 62227 1
55819 62228 1
55819 62229 1
55819 62230 1
55819 62231 1
55819 62315 1
55819 62481 1
55819 64556 1
55819 65731 1
55819 65845 1
55819 68600 1
60509 44735 1
60509 50016 1
61786 39723 1
61786 40142 1
61786 44735 1
61786 45819 1
61786 46629 1
61786 49236 1
61786 55819 1
61786 62315 1
61786 62481 1
61786 65731 1
61786 65845 1
61786 68600 1
62315 39723 1
62315 40142 1
62315 44735 1
62315 45819 1
62315 46629 1
62315 49236 1
62315 55819 1
62315 61786 1
62315 62481 1
62315 65731 1
62315 65845 1
62315 68600 1
62481 37007 1
62481 39723 1
62481 40142 1
62481 42301 1
62481 44735 1
62481 45819 1
62481 46629 1
62481 49236 1
62481 50376 1
62481 52291 1
62481 55819 1
62481 56727 1
62481 57833 1
62481 61786 1
62481 62315 1
62481 65731 1
62481 65845 1
62481 68600 1
65107 44735 1
65107 46606 1
65107 68517 1
65107 69911 1
65731 39723 1
65731 40142 1
65731 44735 1
65731 45819 1
65731 46629 1
65731 49236 1
65731 55819 1
65731 61786 1
65731 62315 1
65731 62481 1
65731 65845 1
65731 68600 1
65731 71868 1
68517 36996 1
68517 44735 1
68517 65107 1
68517 69911 2
68517 73716 1
68600 39723 1
68600 40142 1
68600 44735 1
68600 45819 1
68600 46629 1
68600 49236 1
68600 55819 1
68600 55822 1
68600 61786 1
68600 62315 1
68600 62481 1
68600 64792 1
68600 65698 1
68600 65731 1
68600 65845 1
36928 42077 1
36928 42791 1
36928 44842 1
36928 45000 1
36928 50370 1
36928 53050 1
36928 54118 1
36928 57023 1
42077 10768 1
42077 36928 1
42077 36960 1
42077 42791 1
42077 44842 1
42077 45000 1
42077 54118 1
42077 56196 1
42077 67345 1
42791 32450 1
42791 36928 1
42791 36937 1
42791 41247 1
42791 42077 1
42791 42299 1
42791 44842 1
42791 45000 1
42791 46583 1
42791 46723 1
42791 50150 1
42791 51909 1
42791 51910 1
42791 51911 1
42791 53899 1
42791 54118 1
42791 54374 1
42791 60419 1
53900 36978 1
53900 38503 1
53900 45000 1
53900 47916 1
53900 48930 1
53900 52442 1
53900 53896 1
53900 53897 1
53900 53898 1
53900 53899 1
53900 54988 1
53900 55783 1
53900 57905 1
53900 68167 1
53900 74612 1
53900 80841 1
35923 39733 1
35923 49036 1
35923 53233 1
35923 55083 1
35923 57245 1
39733 35923 1
39733 49036 1
39733 53233 1
39733 55083 1
39733 57245 1
42794 6505 1
42794 35387 1
42794 42393 1
42794 42787 1
42794 42788 1
42794 47560 1
42794 49036 1
53233 35923 1
53233 39733 1
53233 49036 1
53233 55083 1
53233 57245 1
53233 121827 1
55083 30185 1
55083 35923 1
55083 39733 1
55083 45336 1
55083 49036 1
55083 51199 1
55083 53233 1
55083 57245 1
55083 60482 1
57245 35923 1
57245 39733 1
57245 49036 1
57245 53233 1
57245 55083 1
28695 30007 1
28695 30550 1
28695 37007 1
28695 42332 1
28695 49400 1
28695 49401 1
28695 49402 1
28695 52439 1
28695 53177 1
30007 28695 1
30007 30550 1
30007 37007 1
30007 42332 1
30007 49400 1
30007 49401 1
30007 49402 1
30007 52439 1
30007 53177 1
30550 28695 1
30550 30007 1
30550 37007 1
30550 42332 1
30550 49400 1
30550 49401 1
30550 49402 1
30550 52283 2
30550 52439 1
30550 53177 1
37007 28695 1
37007 29274 1
37007 30007 1
37007 30550 1
37007 31672 1
37007 32043 1
37007 32052 1
37007 32058 1
37007 35083 1
37007 36937 1
37007 41416 1
37007 42301 1
37007 42332 1
37007 44333 1
37007 45341 1
37007 49400 1
37007 49401 1
37007 49402 1
37007 52439 1
37007 53177 1
37007 57833 1
37007 62481 1
42332 28695 1
42332 30007 1
42332 30550 1
42332 37007 1
42332 41247 1
42332 49233 1
42332 49400 1
42332 49401 1
42332 49402 1
42332 52439 1
42332 53177 1
49401 28695 1
49401 30007 1
49401 30550 1
49401 37007 1
49401 42332 1
49401 49400 1
49401 49402 1
49401 52439 1
49401 53177 1
49402 28695 1
49402 30007 1
49402 30550 1
49402 36978 1
49402 37007 1
49402 42332 1
49402 45336 1
49402 49400 1
49402 49401 1
49402 52439 1
49402 53177 1
49402 57349 1
49402 73047 1
52439 28695 1
52439 30007 1
52439 30550 1
52439 37007 1
52439 42332 1
52439 49400 1
52439 49401 1
52439 49402 1
52439 53177 1
53177 28695 1
53177 30007 1
53177 30550 1
53177 37007 1
53177 42332 1
53177 49400 1
53177 49401 1
53177 49402 1
53177 52439 1
45629 43298 1
45629 44982 1
45629 46577 1
45629 52294 1
46577 35168 1
46577 43298 1
46577 44982 1
46577 45629 1
46577 52294 1
46577 55999 1
46577 71754 1
46926 52523 1
46926 55308 1
46926 64572 1
46926 64573 1
46926 68381 1
46926 71012 1
46926 73101 1
50258 52523 1
50258 57220 1
50258 80365 1
55308 46926 1
55308 52523 1
55308 64572 1
55308 64573 1
55308 71012 1
55308 73101 1
57220 50258 1
57220 52523 1
57220 68167 1
57220 74612 1
57220 80365 1
57666 4701 1
57666 47363 1
57666 47364 1
57666 47365 1
57666 47366 1
57666 47367 1
57666 50269 1
57666 52523 1
57666 57247 1
57666 87972 1
61351 35394 1
61351 52523 1
64572 46926 1
64572 50373 1
64572 52523 1
64572 52637 1
64572 55308 1
64572 57123 1
64572 64573 1
64572 71012 1
64572 72043 1
64572 73101 1
64573 46926 1
64573 52523 1
64573 55308 1
64573 64572 1
64573 71012 1
64573 73101 1
71012 36950 1
71012 45019 1
71012 46926 1
71012 52523 1
71012 55308 1
71012 58904 1
71012 64572 1
71012 64573 1
71012 66517 1
71012 69126 1
71012 73101 1
71836 47000 1
71836 52523 1
71836 72111 1
72111 52523 1
72111 71836 1
73101 42392 1
73101 46926 1
73101 52523 1
73101 55308 1
73101 64572 1
73101 64573 1
73101 69590 1
73101 71012 1
73101 94036 1
80365 50258 1
80365 52523 1
80365 53229 1
80365 57220 1
32450 36937 1
32450 41247 1
32450 42299 1
32450 42791 1
32450 46723 1
32450 50150 1
32450 51909 1
32450 51910 1
32450 51911 1
32450 53899 1
32450 54374 1
32450 58022 1
32450 60419 1
36167 37003 2
36167 38069 1
36167 38503 1
36167 40702 1
36167 47007 1
36167 50264 1
36167 51779 1
36167 53899 1
36167 56682 1
36167 58022 1
36167 60807 1
36978 38503 1
36978 45336 1
36978 47916 1
36978 48930 1
36978 49402 1
36978 52442 1
36978 53896 1
36978 53897 1
36978 53898 1
36978 53899 1
36978 53900 1
36978 55783 1
36978 57349 1
36978 57905 1
36978 68167 1
36978 73047 1
36978 74612 1
36978 80841 1
38069 36167 1
38069 37003 1
38069 40702 1
38069 42377 1
38069 47007 1
38069 50264 1
38069 51779 1
38069 53899 1
38069 56682 1
38069 57231 1
38069 58022 1
38069 60807 1
38503 36167 1
38503 36978 1
38503 37003 2
38503 47916 1
38503 48930 1
38503 52442 1
38503 53896 1
38503 53897 1
38503 53898 1
38503 53899 1
38503 53900 1
38503 55783 1
38503 57152 1
38503 57905 2
38503 68167 1
38503 74612 1
38503 80841 1
40702 36167 1
40702 36950 1
40702 37003 1
40702 38069 1
40702 47007 1
40702 50264 1
40702 50373 1
40702 51779 1
40702 53899 1
40702 56682 1
40702 58022 1
40702 60807 1
41247 32450 1
41247 36937 1
41247 42299 1
41247 42332 1
41247 42791 1
41247 46723 1
41247 49233 1
41247 50150 1
41247 51909 1
41247 51910 1
41247 51911 1
41247 53899 1
41247 54374 1
41247 60419 1
42299 32450 1
42299 35383 1
42299 36937 1
42299 39744 1
42299 41247 1
42299 42791 1
42299 45817 1
42299 46723 1
42299 48649 1
42299 50150 1
42299 51909 1
42299 51910 1
42299 51911 1
42299 53899 1
42299 54374 1
42299 55097 1
42299 60419 1
47007 31634 1
47007 31635 1
47007 36167 1
47007 36950 1
47007 37003 2
47007 38069 1
47007 40702 1
47007 50264 1
47007 51779 1
47007 53899 1
47007 56682 1
47007 58022 1
47007 60807 1
47916 36978 1
47916 38503 1
47916 48930 1
47916 52442 1
47916 53896 1
47916 53897 1
47916 53898 1
47916 53899 1
47916 53900 1
47916 55783 2
47916 57905 1
47916 68167 1
47916 74612 1
47916 80841 1
50150 32450 1
50150 36937 1
50150 41247 1
50150 42299 1
50150 42791 1
50150 46723 1
50150 51909 1
50150 51910 1
50150 51911 1
50150 53899 1
50150 54374 1
50150 60419 1
51779 36167 1
51779 37003 1
51779 38069 1
51779 40702 1
51779 47007 1
51779 50264 1
51779 51775 1
51779 51776 1
51779 53899 1
51779 56682 1
51779 58022 1
51779 60807 1
51779 94011 1
51910 32450 1
51910 36937 1
51910 41247 1
51910 42299 1
51910 42791 1
51910 46723 1
51910 50150 1
51910 51909 1
51910 51911 1
51910 53899 1
51910 54374 1
51910 60419 1
51911 32450 1
51911 36937 1
51911 41247 1
51911 42299 1
51911 42791 1
51911 46723 1
51911 50150 1
51911 51909 1
51911 51910 1
51911 53899 1
51911 54374 1
51911 60419 1
52442 36978 1
52442 38503 1
52442 39284 1
52442 44998 1
52442 47916 1
52442 48930 1
52442 53896 1
52442 53897 1
52442 53898 1
52442 53899 1
52442 53900 1
52442 55783 1
52442 57905 1
52442 68167 1
52442 74612 1
52442 80841 1
53896 36978 1
53896 38503 1
53896 47916 1
53896 48930 1
53896 52442 1
53896 53897 1
53896 53898 1
53896 53899 1
53896 53900 1
53896 55783 1
53896 57905 1
53896 68167 1
53896 74612 1
53896 80841 1
53897 36978 1
53897 38503 1
53897 47916 1
53897 48930 1
53897 52442 1
53897 53896 1
53897 53898 1
53897 53899 1
53897 53900 1
53897 55783 1
53897 57905 1
53897 68167 1
53897 74612 1
53897 80841 1
53898 36978 1
53898 38503 1
53898 47916 1
53898 48930 1
53898 52442 1
53898 53896 1
53898 53897 1
53898 53899 1
53898 53900 1
53898 55783 1
53898 57905 1
53898 68167 1
53898 74612 1
53898 80841 1
54374 32450 1
54374 36937 1
54374 41247 1
54374 42299 1
54374 42791 1
54374 46723 1
54374 50150 1
54374 51909 1
54374 51910 1
54374 51911 1
54374 53899 1
54374 60419 1
55783 36978 1
55783 38503 1
55783 47916 2
55783 48930 1
55783 52442 1
55783 53896 1
55783 53897 1
55783 53898 1
55783 53899 1
55783 53900 1
55783 57905 1
55783 68167 1
55783 74612 1
55783 80841 4
57905 36978 1
57905 38503 2
57905 47916 1
57905 48930 1
57905 52442 1
57905 53896 1
57905 53897 1
57905 53898 1
57905 53899 1
57905 53900 1
57905 55783 1
57905 68167 1
57905 74612 1
57905 80841 1
57905 123251 1
58022 32450 1
58022 36167 1
58022 37003 1
58022 38069 1
58022 40702 1
58022 47007 1
58022 50264 1
58022 51779 1
58022 53899 1
58022 56682 1
58022 60807 1
60419 32450 1
60419 36937 1
60419 41247 1
60419 42299 1
60419 42791 1
60419 46723 1
60419 50150 1
60419 51909 1
60419 51910 1
60419 51911 1
60419 53899 1
60419 54374 1
60419 63004 1
60807 36167 1
60807 37003 1
60807 38069 1
60807 40702 1
60807 47007 1
60807 50264 1
60807 51779 1
60807 53899 1
60807 56002 1
60807 56682 1
60807 58022 1
60807 61908 1
68167 36978 1
68167 38503 1
68167 47916 1
68167 48930 1
68167 52442 1
68167 53896 1
68167 53897 1
68167 53898 1
68167 53899 1
68167 53900 1
68167 55783 1
68167 57220 1
68167 57905 1
68167 68172 1
68167 72836 1
68167 74612 1
68167 80841 1
74612 36978 1
74612 38503 1
74612 47916 1
74612 48930 1
74612 52442 1
74612 53896 1
74612 53897 1
74612 53898 1
74612 53899 1
74612 53900 1
74612 55783 1
74612 57220 1
74612 57905 1
74612 68167 1
74612 80841 2
35386 55087 1
35386 55091 1
35386 56602 1
35386 58096 1
35386 62932 1
49237 54275 1
49237 55087 1
49237 60633 1
49237 60634 1
54275 36937 1
54275 37744 1
54275 49237 1
54275 54664 1
54275 55087 1
54275 60633 1
54275 60634 1
55091 35386 1
55091 55087 1
55091 56602 1
55091 58096 1
55091 62932 1
56602 35386 1
56602 55087 1
56602 55091 1
56602 58096 1
56602 62932 1
56602 68381 1
58096 35386 1
58096 55087 1
58096 55091 1
58096 56602 1
58096 62932 1
60633 49237 1
60633 54275 1
60633 55087 1
60633 60634 1
60634 49237 1
60634 54275 1
60634 55087 1
60634 60633 1
62932 35386 1
62932 55087 1
62932 55091 1
62932 56602 1
62932 58096 1
62932 65747 1
6834 18605 1
6834 34096 1
6834 46454 1
6834 55814 1
6834 57123 1
34096 6834 1
34096 18605 1
34096 46454 1
34096 55814 1
34096 57123 1
41109 46724 1
41109 49236 1
41109 55814 1
41109 58104 1
41109 59864 1
41109 64556 1
41109 70180 1
41109 72043 1
41109 73716 1
41109 77101 1
41109 122506 1
46454 6834 1
46454 18605 1
46454 34096 1
46454 42099 1
46454 55814 1
46454 57123 1
46454 121827 1
57123 6834 1
57123 18605 1
57123 34096 1
57123 45336 1
57123 46454 1
57123 50373 1
57123 55814 1
57123 57886 1
57123 64572 1
57123 65768 1
58104 41109 1
58104 46724 1
58104 49236 1
58104 55814 1
58104 57231 1
58104 59864 1
58104 64556 1
58104 70180 1
58104 72043 1
58104 73047 1
58104 73716 1
58104 77101 2
58104 122506 1
59864 41109 1
59864 46724 1
59864 49236 1
59864 55814 1
59864 58104 1
59864 64556 1
59864 70180 1
59864 72043 1
59864 73716 1
59864 77101 1
59864 122506 1
64556 41109 1
64556 46724 1
64556 49236 1
64556 55814 1
64556 55819 1
64556 55822 2
64556 58104 1
64556 59864 1
64556 62222 1
64556 62223 1
64556 62224 1
64556 62225 1
64556 62227 1
64556 62228 1
64556 62229 1
64556 62230 1
64556 62231 1
64556 70180 1
64556 72043 1
64556 73716 1
64556 77101 1
64556 122506 1
70180 41109 1
70180 46724 1
70180 49236 1
70180 55814 1
70180 58104 1
70180 59864 1
70180 64556 1
70180 72043 1
70180 73716 1
70180 77101 1
70180 122506 1
72043 41109 1
72043 46724 1
72043 49236 1
72043 55814 1
72043 58104 1
72043 59864 1
72043 64556 1
72043 64572 1
72043 70180 1
72043 73716 1
72043 77101 1
72043 122506 1
77101 41109 1
77101 46724 1
77101 49236 1
77101 55814 1
77101 58104 2
77101 59864 1
77101 64556 1
77101 70180 1
77101 72043 1
77101 73047 1
77101 73716 1
77101 122506 1
122506 41109 1
122506 46724 1
122506 49236 1
122506 52227 1
122506 55814 1
122506 58104 1
122506 59864 1
122506 64556 1
122506 70180 1
122506 72043 1
122506 73716 1
122506 77101 1
42078 52291 1
42078 52292 1
42078 52293 1
42078 54987 1
42078 54988 1
42078 54989 1
42078 56682 1
42078 57993 1
42078 60086 1
42078 60991 1
50376 32062 1
50376 52291 1
50376 55775 1
50376 56727 1
50376 57993 1
50376 62481 1
52291 42078 1
52291 50376 1
52291 52292 1
52291 52293 1
52291 54987 1
52291 54988 1
52291 54989 1
52291 56727 1
52291 57993 1
52291 60991 1
52291 62481 1
52292 42078 1
52292 52291 1
52292 52293 1
52292 54987 1
52292 54988 1
52292 54989 1
52292 57993 1
52292 60991 1
52292 65698 1
52293 36177 1
52293 42078 1
52293 52291 1
52293 52292 1
52293 54987 3
52293 54988 2
52293 54989 2
52293 57993 1
52293 60991 1
54269 37009 1
54269 37744 1
54269 42394 1
54269 57993 1
54987 36177 1
54987 42078 1
54987 52291 1
54987 52292 1
54987 52293 3
54987 54988 2
54987 54989 2
54987 57993 1
54987 60991 1
54988 36177 1
54988 42078 1
54988 52291 1
54988 52292 1
54988 52293 2
54988 53900 1
54988 54987 2
54988 54989 2
54988 57993 1
54988 60991 1
54989 36177 1
54989 42078 1
54989 52291 1
54989 52292 1
54989 52293 2
54989 53050 1
54989 54987 2
54989 54988 2
54989 57993 1
54989 60991 1
55822 55819 1
55822 62222 1
55822 62223 1
55822 62224 1
55822 62225 1
55822 62227 1
55822 62228 1
55822 62229 1
55822 62230 1
55822 62231 1
55822 64556 2
55822 64792 1
55822 65698 1
55822 68600 1
62222 55819 1
62222 55822 1
62222 62223 1
62222 62224 1
62222 62225 1
62222 62227 1
62222 62228 1
62222 62229 1
62222 62230 1
62222 62231 1
62222 64556 1
62223 55819 1
62223 55822 1
62223 62222 1
62223 62224 1
62223 62225 1
62223 62227 1
62223 62228 1
62223 62229 1
62223 62230 1
62223 62231 1
62223 64556 1
62224 55819 1
62224 55822 1
62224 62222 1
62224 62223 1
62224 62225 1
62224 62227 1
62224 62228 1
62224 62229 1
62224 62230 1
62224 62231 1
62224 64556 1
62227 55819 1
62227 55822 1
62227 62222 1
62227 62223 1
62227 62224 1
62227 62225 1
62227 62228 1
62227 62229 1
62227 62230 1
62227 62231 1
62227 64556 1
62228 55819 1
62228 55822 1
62228 62222 1
62228 62223 1
62228 62224 1
62228 62225 1
62228 62227 1
62228 62229 1
62228 62230 1
62228 62231 1
62228 64556 1
62229 55819 1
62229 55822 1
62229 62222 1
62229 62223 1
62229 62224 1
62229 62225 1
62229 62227 1
62229 62228 1
62229 62230 1
62229 62231 1
62229 64556 1
62230 55819 1
62230 55822 1
62230 62222 1
62230 62223 1
62230 62224 1
62230 62225 1
62230 62227 1
62230 62228 1
62230 62229 1
62230 62231 1
62230 64556 1
62231 39276 1
62231 48653 1
62231 55819 1
62231 55822 1
62231 62222 1
62231 62223 1
62231 62224 1
62231 62225 1
62231 62227 1
62231 62228 1
62231 62229 1
62231 62230 1
62231 64556 1
18622 29639 1
18622 37633 1
18622 37744 1
18622 42395 1
18622 45336 1
18622 50828 1
18622 51975 1
18622 52167 1
18622 55999 1
18622 57580 1
18622 57779 1
18622 62926 1
18622 63004 1
18622 65031 2
18622 67402 1
18622 68294 1
18622 124185 1
29639 18622 1
29639 37633 1
29639 50828 1
29639 59136 1
29639 62926 1
29639 65031 1
42053 35391 1
42053 42758 1
42053 59111 1
42053 62926 1
42053 65698 1
42053 66517 1
42758 35391 1
42758 42053 1
42758 59111 1
42758 62926 1
42758 65698 1
42758 66517 1
50828 18622 1
50828 29639 1
50828 37633 1
50828 62926 1
50828 65031 1
59111 35391 1
59111 42053 1
59111 42758 1
59111 62926 1
59111 65698 1
59111 66517 1
65031 18622 2
65031 29639 1
65031 37633 1
65031 50828 1
65031 51975 1
65031 57580 1
65031 57779 1
65031 62926 1
65031 68294 1
65698 35391 1
65698 42053 1
65698 42758 1
65698 52292 1
65698 55822 1
65698 59111 1
65698 62926 1
65698 64792 1
65698 66517 1
65698 68600 1
75720 78578 1
57898 45136 1
57898 123251 1
64554 124185 1
77282 30401 1
42252 36950 1
53921 54118 1
6505 35387 1
6505 42393 1
6505 42794 1
6505 47560 1
35387 6505 1
35387 42393 1
35387 42794 1
35387 47560 1
35387 52363 1
52167 18622 1
52167 37744 1
52167 42395 1
52167 55999 1
52167 63004 1
55999 18622 1
55999 35168 1
55999 37744 1
55999 42395 1
55999 46577 1
55999 52167 1
55999 63004 1
55999 71754 1
57349 36978 1
57349 45336 1
57349 49402 1
57349 73047 1
41258 43979 1
36709 64097 1
62319 73047 1
57319 29971 1
28752 52283 1
57235 28729 1
69762 36983 1
57152 37003 1
57152 38503 1
65298 63779 1
65298 65297 1
32515 65782 1
65786 65782 1
47798 62007 1
47798 68165 1
62007 47798 1
62007 68165 1
51923 30526 1
51923 54664 1
51923 56002 1
51923 57570 1
51923 66517 1
59033 32520 1
59033 59796 1
59796 32520 1
59796 59033 1
45002 12222 1
39284 44998 1
39284 52442 1
30523 32043 1
30523 36698 1
30523 38473 1
30523 49769 1
30523 49828 1
30523 50297 1
30523 50373 1
30523 50444 1
32043 28704 1
32043 28749 1
32043 29274 1
32043 30523 1
32043 31672 1
32043 32052 1
32043 32058 1
32043 35083 1
32043 36698 1
32043 37007 1
32043 38473 1
32043 41416 1
32043 44333 1
32043 49769 1
32043 49828 1
32043 50297 1
32043 50373 1
36698 30523 1
36698 32043 1
36698 36701 1
36698 38473 1
36698 49769 1
36698 49828 1
36698 50297 1
36698 50373 1
36698 56682 1
36698 127423 1
38473 30523 1
38473 32043 1
38473 36698 1
38473 49769 1
38473 49828 1
38473 50297 1
38473 50373 1
49769 30523 1
49769 32043 1
49769 36698 1
49769 38473 1
49769 49828 1
49769 50297 1
49769 50373 1
49828 30523 1
49828 32043 1
49828 36698 1
49828 38473 1
49828 49769 1
49828 50297 1
49828 50373 1
50297 30523 1
50297 32043 1
50297 36698 1
50297 38473 1
50297 49769 1
50297 49828 1
50297 50373 1
51898 52363 1
31634 30164 1
31634 30166 1
31634 31380 1
31634 31553 1
31634 31635 1
31634 32045 1
31634 32513 1
31634 35085 1
31634 35357 1
31634 36174 1
31634 41416 1
31634 47007 1
47681 5072 1
47681 50444 1
48380 45341 1
62913 42751 1
42752 42753 1
55028 52120 1
58598 57023 1
46626 68381 1
53698 6579 1
28704 28749 1
28704 32043 1
36701 33177 1
36701 36698 1
36701 56682 1
41999 33177 1
48668 45357 1
49537 46606 1
35369 39724 1
35369 42416 1
35369 42792 1
35369 60482 1
39724 35369 1
39724 42416 1
39724 42792 1
39724 60482 1
42416 35369 1
42416 39724 1
42416 42792 1
42416 60482 1
42792 35369 1
42792 39724 1
42792 42416 1
42792 60482 1
47905 50287 1
47905 74591 1
37627 20879 1
983 9185 1
983 27097 1
983 30668 1
9179 6713 1
9179 9331 1
9179 12001 1
9179 27097 1
9179 39593 1
9185 983 1
9185 27097 1
9185 30668 1
9331 9179 1
9331 12001 1
9331 27097 1
9331 39593 1
12001 9179 1
12001 9331 1
12001 27097 1
12001 39593 1
21422 23288 1
21422 27097 1
21422 33876 1
21422 36768 1
23288 21422 1
23288 27097 1
23288 33876 1
30668 983 1
30668 9185 1
30668 27097 1
33876 21422 1
33876 23288 1
33876 27097 1
39593 9179 1
39593 9331 1
39593 12001 1
39593 27097 1
48478 48477 1
38569 50279 1
63680 59353 1
60573 65845 1
65704 65705 1
65704 73880 1
65704 82526 1
65705 65704 1
65705 73880 1
65705 82526 2
69667 73880 1
69667 82526 1
82526 65704 1
82526 65705 2
82526 69667 1
82526 73880 2
30946 32684 1
28718 29629 1
28718 36937 1
28718 42087 1
28718 45351 1
29629 28718 1
29629 36937 1
29629 42087 1
29629 45351 1
42087 28718 1
42087 29629 1
42087 36937 1
42087 45351 1
45351 28718 1
45351 29629 1
45351 36937 1
45351 42087 1
75413 49572 1
75413 70517 1
60263 45019 1
60263 69746 1
39136 45819 1
56727 50376 1
56727 52291 1
56727 62481 1
71868 65731 1
10768 42077 1
10768 56196 1
56196 10768 1
56196 42077 1
46583 42791 1
29274 31672 1
29274 32043 1
29274 32052 1
29274 32058 1
29274 35083 1
29274 37007 1
29274 41416 1
29274 44333 1
31672 29274 1
31672 32043 1
31672 32052 1
31672 32058 1
31672 35083 1
31672 37007 1
31672 41416 1
31672 44333 1
32052 29274 1
32052 31672 1
32052 32043 1
32052 32058 1
32052 35083 1
32052 37007 1
32052 41416 1
32052 44333 1
32058 29274 1
32058 31672 1
32058 32043 1
32058 32052 1
32058 35083 1
32058 37007 1
32058 41416 1
32058 44333 1
35083 29274 1
35083 31672 1
35083 32043 1
35083 32052 1
35083 32058 1
35083 37007 1
35083 41416 1
35083 44333 1
41416 29274 1
41416 30164 1
41416 30166 1
41416 31380 1
41416 31553 1
41416 31634 1
41416 31672 1
41416 32043 1
41416 32045 1
41416 32052 1
41416 32058 1
41416 32513 1
41416 35083 1
41416 35085 1
41416 35357 1
41416 36174 1
41416 37007 1
41416 44333 1
44333 29274 1
44333 31672 1
44333 32043 1
44333 32052 1
44333 32058 1
44333 35083 1
44333 37007 1
44333 41416 1
49233 41247 1
49233 42332 1
35168 46577 1
35168 55999 1
35168 71754 1
71754 35168 1
71754 46577 1
71754 55999 1
4701 7104 1
4701 47363 1
4701 47364 1
4701 47365 1
4701 47366 1
4701 47367 1
4701 57666 1
47363 4701 1
47363 47364 1
47363 47365 1
47363 47366 1
47363 47367 1
47363 57666 1
47364 4701 1
47364 47363 1
47364 47365 1
47364 47366 1
47364 47367 1
47364 57666 1
47365 4701 1
47365 47363 1
47365 47364 1
47365 47366 1
47365 47367 1
47365 57666 1
47366 4701 1
47366 47363 1
47366 47364 1
47366 47365 1
47366 47367 1
47366 57666 1
47367 4701 1
47367 47363 1
47367 47364 1
47367 47365 1
47367 47366 1
47367 57666 1
45019 58904 1
45019 60263 1
45019 71012 1
58904 45019 1
58904 71012 1
47000 71836 1
51775 51776 1
51775 51779 1
51776 51775 1
51776 51779 1
94011 51779 1
55775 50376 1
37009 227 1
37009 54269 1
39276 48653 1
39276 62231 1
48653 39276 1
48653 62231 1
51975 18622 1
51975 57580 1
51975 57779 1
51975 65031 1
51975 68294 1
57580 18622 1
57580 51975 1
57580 57779 1
57580 65031 1
57580 68294 1
57779 18622 1
57779 51975 1
57779 57580 1
57779 65031 1
57779 68294 1
68294 18622 1
68294 51975 1
68294 57580 1
68294 57779 1
68294 65031 1
227 37009 1
30164 30166 1
30164 31380 1
30164 31553 1
30164 31634 1
30164 32045 1
30164 32513 1
30164 35085 1
30164 35357 1
30164 36174 1
30164 41416 1
30166 30164 1
30166 31380 1
30166 31553 1
30166 31634 1
30166 32045 1
30166 32513 1
30166 35085 1
30166 35357 1
30166 36174 1
30166 41416 1
31380 30164 1
31380 30166 1
31380 31553 1
31380 31634 1
31380 32045 1
31380 32513 1
31380 35085 1
31380 35357 1
31380 36174 1
31380 41416 1
31553 30164 1
31553 30166 1
31553 31380 1
31553 31634 1
31553 32045 1
31553 32513 1
31553 35085 1
31553 35357 1
31553 36174 1
31553 41416 1
32045 30164 1
32045 30166 1
32045 31380 1
32045 31553 1
32045 31634 1
32045 32513 1
32045 35085 1
32045 35357 1
32045 36174 1
32045 41416 1
32513 30164 1
32513 30166 1
32513 31380 1
32513 31553 1
32513 31634 1
32513 32045 1
32513 35085 1
32513 35357 1
32513 36174 1
32513 41416 1
35085 30164 1
35085 30166 1
35085 31380 1
35085 31553 1
35085 31634 1
35085 32045 1
35085 32513 1
35085 35357 1
35085 36174 1
35085 41416 1
35357 30164 1
35357 30166 1
35357 31380 1
35357 31553 1
35357 31634 1
35357 32045 1
35357 32513 1
35357 35085 1
35357 36174 1
35357 41416 1
36174 30164 1
36174 30166 1
36174 31380 1
36174 31553 1
36174 31634 1
36174 32045 1
36174 32513 1
36174 35085 1
36174 35357 1
36174 41416 1
7104 4701 1
70517 75413 1
6713 9179 1
36768 21422 1
127423 29961 1
127423 36698 1
29961 127423 1
