33736 20317 1
20317 33736 1
20317 55150 1
20317 56907 1
20317 59666 1
20317 60662 1
20317 80638 1
20317 109718 1
55150 20317 1
55150 43783 1
55150 49341 1
55150 50809 1
55150 54942 1
55150 56907 1
55150 57485 1
55150 59666 1
55150 60662 1
55150 61150 1
55150 62404 1
55150 62766 1
55150 66699 1
55150 70391 1
55150 73660 1
55150 76248 1
55150 80638 1
55150 84319 1
55150 89430 1
55150 90171 1
55150 92930 1
55150 94527 1
55150 95124 1
55150 100974 1
55150 101850 1
55150 109718 1
55150 126479 1
56907 20317 1
56907 33718 1
56907 47326 1
56907 47553 1
56907 49322 1
56907 55150 1
56907 57956 1
56907 59666 1
56907 60662 1
56907 61528 1
56907 62782 1
56907 65427 1
56907 71757 1
56907 72263 1
56907 72265 1
56907 72266 1
56907 72267 1
56907 72268 1
56907 72569 1
56907 73626 1
56907 76236 1
56907 77991 1
56907 80638 1
56907 89927 1
56907 98185 1
56907 109718 1
59666 20317 1
59666 52587 1
59666 55150 1
59666 56907 1
59666 59673 2
59666 60662 1
59666 64429 1
59666 73654 1
59666 76032 1
59666 80638 1
59666 81696 1
59666 85480 1
59666 85481 1
59666 109718 1
60662 20317 1
60662 55150 1
60662 56907 1
60662 59666 1
60662 80638 1
60662 109718 1
80638 20317 1
80638 39924 1
80638 55150 1
80638 56907 1
80638 57722 1
80638 57723 1
80638 57783 1
80638 59283 1
80638 59666 1
80638 60662 1
80638 60754 1
80638 62551 1
80638 63993 1
80638 65359 1
80638 77177 1
80638 80637 1
80638 81310 1
80638 86494 1
80638 96501 1
80638 109718 1
80638 109942 1
80638 114200 1
109718 20317 1
109718 55150 1
109718 56907 1
109718 59666 1
109718 60662 1
109718 62799 1
109718 63724 1
109718 76106 1
109718 80638 1
109718 81061 1
109718 85546 1
109718 86024 1
109718 87514 1
109718 99176 1
109718 100095 1
109718 109495 1
109718 111400 1
109718 114989 1
43783 29584 1
43783 33698 1
43783 37039 2
43783 43014 1
43783 43782 1
43783 49341 1
43783 51930 2
43783 55150 1
43783 57485 1
43783 59355 1
43783 59698 1
43783 60670 2
43783 61150 1
43783 61488 1
43783 62404 1
43783 63766 1
49341 16162 1
49341 43783 1
49341 44354 1
49341 48464 1
49341 49342 2
49341 53081 1
49341 54784 1
49341 54785 1
49341 55150 1
49341 57485 1
49341 58952 1
49341 59162 1
49341 59655 1
49341 60660 1
49341 61150 1
49341 61963 1
49341 62404 1
49341 63285 1
50809 55150 1
50809 66699 1
50809 70391 1
50809 73660 1
50809 92930 1
50809 95124 1
50809 100974 1
50809 101850 1
50809 102072 1
50809 102866 1
54942 54971 1
54942 55150 1
54942 62209 1
54942 62766 1
54942 76248 1
54942 84319 1
54942 88321 1
54942 89310 1
54942 89430 1
54942 107782 1
57485 5640 1
57485 14758 1
57485 20293 1
57485 32840 1
57485 33089 1
57485 35874 1
57485 37041 1
57485 37696 1
57485 40398 1
57485 43783 1
57485 44813 1
57485 44830 1
57485 45864 1
57485 48221 1
57485 48457 1
57485 49341 1
57485 51791 1
57485 54328 1
57485 55150 1
57485 57227 1
57485 57481 1
57485 58582 1
57485 60666 1
57485 61150 1
57485 62404 1
57485 65351 1
57485 65995 1
57485 68477 1
57485 72808 1
57485 76149 1
57485 87455 1
57485 124304 1
61150 30244 1
61150 35109 1
61150 43783 1
61150 44861 1
61150 46064 1
61150 49341 1
61150 49922 1
61150 49925 1
61150 53084 1
61150 54722 1
61150 55150 1
61150 57485 1
61150 60516 1
61150 62404 1
61150 79187 1
62404 26246 1
62404 43783 1
62404 49341 1
62404 55150 1
62404 55647 1
62404 57485 1
62404 59184 1
62404 59185 1
62404 59186 1
62404 61150 1
62766 54942 1
62766 55150 1
62766 76248 1
62766 84319 1
62766 89430 1
62766 92834 1
62766 98739 1
62766 98740 1
62766 98742 1
62766 98743 1
62766 108001 1
62766 115213 1
66699 42003 1
66699 50809 1
66699 54955 1
66699 55150 1
66699 61438 1
66699 65199 1
66699 70391 1
66699 73654 1
66699 73660 1
66699 74446 1
66699 87049 1
66699 90172 1
66699 92924 1
66699 92930 1
66699 93072 1
66699 94981 1
66699 95124 1
66699 95430 1
66699 100974 1
66699 101850 1
66699 108306 1
70391 50809 1
70391 55150 1
70391 66699 1
70391 73660 1
70391 74320 1
70391 75549 1
70391 75550 1
70391 76150 1
70391 79535 1
70391 81006 1
70391 92930 1
70391 95124 1
70391 100974 1
70391 101850 1
73660 30556 1
73660 43021 1
73660 50809 1
73660 52527 1
73660 54438 1
73660 55150 1
73660 55643 1
73660 55661 1
73660 56256 1
73660 59318 1
73660 63367 1
73660 64244 1
73660 64402 1
73660 65664 1
73660 66699 1
73660 68920 1
73660 70391 1
73660 71354 1
73660 73862 1
73660 73865 1
73660 76245 1
73660 79256 1
73660 79807 1
73660 80492 1
73660 81696 1
73660 84226 2
73660 84248 1
73660 85241 1
73660 85418 1
73660 87616 1
73660 90066 1
73660 92930 1
73660 95124 1
73660 98358 1
73660 100974 1
73660 101850 1
73660 101858 1
73660 102062 1
73660 104141 1
73660 106943 1
73660 106952 1
73660 106955 1
73660 109177 1
73660 109991 1
73660 110857 1
73660 116762 1
73660 122179 1
73660 125833 1
73660 126523 1
76248 39934 1
76248 54880 1
76248 54942 1
76248 55150 1
76248 59152 1
76248 62766 1
76248 73461 1
76248 76022 1
76248 80637 1
76248 81098 1
76248 84319 1
76248 85239 1
76248 87109 1
76248 89430 1
76248 96840 1
76248 101687 1
76248 103931 1
76248 104505 1
76248 106835 1
76248 106965 1
76248 114242 1
84319 54942 1
84319 55150 1
84319 62766 1
84319 66705 1
84319 75358 1
84319 75680 1
84319 76248 1
84319 89430 1
89430 54942 1
89430 55150 1
89430 59282 1
89430 62766 1
89430 76248 1
89430 78969 1
89430 84319 1
89430 91981 1
89430 91982 1
89430 91983 1
89430 91984 1
89430 95430 1
89430 101006 1
89430 106960 1
89430 107677 1
89430 109991 1
89430 114624 1
89430 114625 1
90171 55150 1
90171 66612 1
90171 79874 1
90171 90167 1
90171 90168 1
90171 90169 1
90171 90170 1
90171 90172 1
90171 90173 1
90171 90174 1
90171 90175 1
90171 90177 1
92930 162 1
92930 47472 1
92930 50809 1
92930 54360 1
92930 55150 1
92930 60467 1
92930 65382 1
92930 66699 1
92930 70391 1
92930 73660 1
92930 79767 1
92930 81006 1
92930 83008 1
92930 85241 1
92930 88691 1
92930 94050 1
92930 95124 1
92930 95815 1
92930 97131 1
92930 100974 1
92930 101850 1
92930 108430 1
94527 48234 1
94527 55150 1
94527 57695 1
94527 71833 1
94527 75547 1
94527 75549 1
94527 75550 1
94527 75683 1
94527 79306 1
94527 89318 1
94527 89705 1
94527 90319 1
94527 94528 1
94527 97486 1
94527 102241 1
94527 102749 1
94527 103282 1
94527 109819 1
94527 110736 1
94527 126479 1
95124 50809 1
95124 55150 1
95124 57446 1
95124 66699 1
95124 70391 1
95124 73408 1
95124 73660 1
95124 74351 1
95124 74983 1
95124 75552 1
95124 81707 1
95124 92930 1
95124 93072 1
95124 93073 1
95124 95122 1
95124 95123 1
95124 100974 1
95124 101850 1
100974 50809 1
100974 55150 1
100974 55677 1
100974 66162 1
100974 66699 1
100974 70391 1
100974 73660 1
100974 76257 1
100974 81666 1
100974 81667 1
100974 89315 1
100974 92930 1
100974 95090 1
100974 95124 1
100974 101850 1
100974 106865 1
100974 108377 1
100974 116887 1
100974 116996 1
100974 127100 1
101850 50809 1
101850 54324 1
101850 54955 1
101850 55150 1
101850 59149 1
101850 59153 1
101850 60408 1
101850 62209 1
101850 62760 1
101850 66523 1
101850 66699 1
101850 67666 1
101850 70391 1
101850 71506 1
101850 73660 1
101850 76265 1
101850 79093 1
101850 81700 1
101850 81705 1
101850 83003 1
101850 83011 1
101850 84213 1
101850 91976 1
101850 92930 1
101850 94987 1
101850 95124 1
101850 99059 1
101850 99060 1
101850 99061 1
101850 99198 1
101850 99311 1
101850 99313 1
101850 99974 2
101850 99975 2
101850 99977 1
101850 99978 2
101850 99981 1
101850 100512 1
101850 100974 1
101850 101492 1
101850 101852 1
101850 105387 1
101850 114744 1
101850 124309 1
126479 44947 1
126479 53498 1
126479 55150 1
126479 65199 1
126479 66615 1
126479 71449 1
126479 71757 1
126479 76582 1
126479 77261 1
126479 77494 1
126479 78141 1
126479 78142 1
126479 78143 1
126479 80187 1
126479 80279 1
126479 80281 1
126479 80477 1
126479 82149 1
126479 82150 1
126479 82405 1
126479 82507 1
126479 83040 3
126479 83041 5
126479 83366 1
126479 87049 1
126479 94527 1
126479 102913 1
126479 125055 3
126479 125056 1
33718 56907 1
33718 61528 1
33718 65427 1
33718 72263 1
33718 72265 1
33718 72266 1
33718 72267 1
33718 72268 1
33718 72569 1
33718 73626 1
33718 89927 1
47326 54042 1
47326 56907 1
47326 58336 1
47326 60799 1
47326 63710 1
47326 71757 1
47326 73711 1
47326 73838 1
47326 79772 1
47326 84653 1
47326 87162 1
47326 89315 1
47326 89933 1
47326 89963 3
47326 89964 2
47326 94528 1
47326 96538 1
47326 98185 1
47326 98740 1
47326 106333 1
47326 114194 1
47326 127652 1
47553 44823 1
47553 46750 1
47553 49322 1
47553 51918 1
47553 54814 1
47553 56907 1
47553 61488 1
47553 62782 1
47553 65148 1
47553 74174 1
47553 74786 1
47553 76236 1
47553 77991 1
47553 82507 1
49322 33096 1
49322 47553 1
49322 48222 1
49322 49319 2
49322 49508 1
49322 56907 1
49322 58968 2
49322 60293 1
49322 61964 1
49322 62782 1
49322 63281 1
49322 63388 1
49322 67272 1
49322 71333 1
49322 74167 1
49322 75357 1
49322 76236 1
49322 77991 1
57956 53481 1
57956 56907 1
57956 57695 1
57956 66418 1
57956 68751 1
57956 79218 1
57956 83819 1
57956 85733 1
57956 124565 1
61528 31107 1
61528 33718 1
61528 52668 1
61528 56907 1
61528 61516 1
61528 65427 1
61528 70433 1
61528 72263 1
61528 72265 1
61528 72266 1
61528 72267 1
61528 72268 1
61528 72569 1
61528 73626 1
61528 76038 1
61528 84144 1
61528 85237 1
61528 87056 1
61528 89927 1
61528 94043 1
61528 104196 1
62782 47553 1
62782 49322 1
62782 56907 1
62782 76236 1
62782 77991 1
65427 33718 1
65427 55154 1
65427 55397 1
65427 56907 1
65427 61528 1
65427 63721 1
65427 72263 1
65427 72265 1
65427 72266 1
65427 72267 1
65427 72268 1
65427 72569 1
65427 73626 1
65427 73631 1
65427 89927 1
65427 94984 1
65427 101019 1
65427 112371 1
65427 115134 1
65427 115135 1
65427 121403 1
71757 3207 1
71757 44947 1
71757 47326 1
71757 56907 1
71757 62433 1
71757 62774 1
71757 63348 1
71757 76582 1
71757 78141 1
71757 78142 1
71757 80187 1
71757 83366 1
71757 98185 1
71757 126479 1
72263 33718 1
72263 47510 1
72263 47522 1
72263 56907 1
72263 61528 1
72263 65427 1
72263 72265 1
72263 72266 1
72263 72267 1
72263 72268 1
72263 72569 1
72263 73626 1
72263 89927 1
72265 33718 1
72265 56907 1
72265 61528 1
72265 65427 1
72265 72263 1
72265 72266 1
72265 72267 1
72265 72268 1
72265 72569 1
72265 73626 1
72265 89927 1
72266 33718 1
72266 56907 1
72266 61528 1
72266 64959 1
72266 65427 1
72266 70184 1
72266 72263 1
72266 72265 1
72266 72267 1
72266 72268 1
72266 72569 1
72266 73626 1
72266 87454 1
72266 89927 1
72266 90990 1
72266 92288 1
72266 108302 1
72267 33718 1
72267 56907 1
72267 61528 1
72267 65427 1
72267 72263 1
72267 72265 1
72267 72266 1
72267 72268 1
72267 72569 1
72267 73626 1
72267 89927 1
72268 33718 1
72268 56907 1
72268 61528 1
72268 65427 1
72268 72263 1
72268 72265 1
72268 72266 1
72268 72267 1
72268 72569 1
72268 73626 1
72268 89927 1
72268 123279 1
72268 124540 1
72569 33718 1
72569 56907 1
72569 61528 1
72569 65427 1
72569 72263 1
72569 72265 1
72569 72266 1
72569 72267 1
72569 72268 1
72569 73626 1
72569 89927 1
73626 33718 1
73626 56907 1
73626 61528 1
73626 65427 1
73626 70677 1
73626 72263 1
73626 72265 1
73626 72266 1
73626 72267 1
73626 72268 1
73626 72569 1
73626 84249 1
73626 89927 1
76236 47553 1
76236 49319 1
76236 49322 1
76236 56907 1
76236 58570 1
76236 62782 1
76236 74065 1
76236 76237 1
76236 77991 1
76236 85964 1
77991 41519 1
77991 41736 1
77991 47553 1
77991 48229 1
77991 48362 1
77991 49322 1
77991 49535 1
77991 50727 1
77991 52111 1
77991 53498 1
77991 56907 1
77991 57332 1
77991 59423 1
77991 62054 1
77991 62782 1
77991 67111 1
77991 70679 1
77991 70680 1
77991 73711 1
77991 73801 1
77991 76236 1
77991 77261 1
77991 82318 1
77991 83508 1
77991 95442 1
77991 95815 1
77991 99045 1
89927 33718 1
89927 56907 1
89927 61528 1
89927 65427 1
89927 72263 1
89927 72265 1
89927 72266 1
89927 72267 1
89927 72268 1
89927 72569 1
89927 73626 1
89927 114384 1
98185 47326 1
98185 54883 1
98185 55355 1
98185 56907 1
98185 59191 1
98185 71757 1
98185 74171 1
98185 76025 1
98185 76461 1
98185 79710 1
98185 80786 1
98185 83086 1
98185 86887 1
98185 88319 1
98185 89316 1
98185 91155 1
98185 92286 1
98185 92834 1
98185 94080 1
98185 94532 1
98185 95098 1
98185 98183 1
98185 98358 1
98185 99044 1
98185 99045 1
98185 99048 1
98185 101304 1
98185 106943 1
98185 108635 1
98185 112193 1
98185 112364 1
98185 113089 1
52587 22048 1
52587 31911 1
52587 37175 1
52587 43091 1
52587 44831 1
52587 58968 1
52587 59666 1
52587 93073 1
59673 59666 2
59673 64429 1
59673 73654 1
59673 76032 1
59673 81696 1
59673 85480 1
59673 85481 1
59673 98358 1
64429 59666 1
64429 59673 1
64429 73654 1
64429 76032 1
64429 76461 1
64429 79772 1
64429 81696 1
64429 84226 1
64429 85480 1
64429 85481 1
64429 88321 1
64429 95442 1
73654 54955 1
73654 58968 1
73654 59666 1
73654 59673 1
73654 61438 1
73654 64429 1
73654 66699 1
73654 76032 1
73654 81696 1
73654 85480 1
73654 85481 1
73654 85733 1
73654 90172 1
73654 92924 1
73654 93072 1
73654 94981 1
73654 95430 1
73654 108306 1
76032 59666 1
76032 59673 1
76032 64429 1
76032 73654 1
76032 81696 1
76032 85480 1
76032 85481 1
81696 59666 1
81696 59673 1
81696 63367 1
81696 64429 1
81696 73654 1
81696 73660 1
81696 76032 1
81696 84226 1
81696 85480 1
81696 85481 1
81696 87616 1
81696 104141 1
85480 59666 1
85480 59673 1
85480 64429 1
85480 73654 1
85480 76032 1
85480 81696 1
85480 85481 1
85481 59666 1
85481 59673 1
85481 64429 1
85481 73654 1
85481 76032 1
85481 81696 1
85481 85480 1
39924 65359 1
39924 80637 1
39924 80638 1
57722 57723 3
57722 59283 1
57722 65359 1
57722 80638 1
57722 96501 1
57723 57722 3
57723 59283 1
57723 65359 1
57723 80638 1
57723 96501 1
57783 62551 1
57783 63993 1
57783 80638 1
57783 81310 1
59283 57722 1
59283 57723 1
59283 65359 1
59283 80638 1
59283 89310 1
59283 96501 1
60754 54783 1
60754 54785 1
60754 60660 1
60754 80638 1
60754 112364 1
62551 57783 1
62551 63993 1
62551 80638 1
62551 81310 1
63993 57783 1
63993 62551 1
63993 80638 1
63993 81310 1
65359 39924 1
65359 57722 1
65359 57723 1
65359 59283 1
65359 80638 1
65359 87049 1
65359 96501 1
77177 61963 1
77177 76149 1
77177 80638 1
77177 87049 1
80637 39924 1
80637 39934 1
80637 54880 1
80637 59152 1
80637 73461 1
80637 76022 1
80637 76248 1
80637 80638 1
80637 81098 1
80637 87109 1
80637 101687 1
80637 106835 1
81310 57783 1
81310 62551 1
81310 63993 1
81310 80638 1
81310 96501 1
86494 80638 1
86494 96686 1
86494 104193 1
86494 109942 1
86494 114200 1
96501 57722 1
96501 57723 1
96501 59283 1
96501 65359 1
96501 80638 1
96501 81310 1
109942 80638 1
109942 86494 1
109942 114200 1
114200 80638 1
114200 86494 1
114200 109942 1
62799 85546 1
62799 87514 1
62799 99176 1
62799 109718 1
63724 109495 1
63724 109718 1
63724 114989 1
76106 81061 1
76106 100095 1
76106 109718 1
81061 76106 1
81061 100095 1
81061 109718 1
85546 62799 1
85546 84707 1
85546 87514 2
85546 88321 1
85546 99176 1
85546 109718 1
86024 64403 1
86024 109718 1
86024 111400 1
87514 62799 1
87514 85546 2
87514 99176 1
87514 109718 1
99176 62799 1
99176 85546 1
99176 87514 1
99176 99977 1
99176 109718 1
99176 114384 1
100095 71506 1
100095 76106 1
100095 81061 1
100095 109718 1
109495 63724 1
109495 99981 1
109495 109718 1
109495 114989 1
111400 81066 1
111400 86024 1
111400 109718 1
114989 63724 1
114989 99059 1
114989 109495 1
114989 109718 1
29584 43783 1
29584 51930 1
29584 57481 1
29584 59355 1
29584 59698 1
33698 43014 1
33698 43783 1
33698 59355 1
33698 63766 1
37039 43783 2
37039 48457 1
37039 51930 1
37039 60670 2
37039 61488 1
37039 71833 1
37039 75550 1
37039 76150 1
37039 106952 1
43014 16851 1
43014 22032 1
43014 33698 1
43014 43783 1
43014 51077 1
43014 59355 1
43014 63766 1
43782 43783 1
51930 29584 1
51930 37039 1
51930 43783 2
51930 47510 1
51930 57481 1
51930 59698 1
51930 60670 1
51930 87049 1
51930 99061 1
59355 29584 1
59355 33698 1
59355 43014 1
59355 43783 1
59355 57227 1
59355 57481 1
59355 63766 1
59698 29584 1
59698 43783 1
59698 51930 1
60670 37039 2
60670 43783 2
60670 49328 1
60670 51930 1
60670 61488 1
61488 37039 1
61488 43783 1
61488 46750 1
61488 47553 1
61488 54814 1
61488 60660 1
61488 60670 1
61488 63285 1
61488 65148 1
61488 74174 1
61488 74786 1
61488 82507 1
63766 33698 1
63766 43014 1
63766 43783 1
63766 51918 1
63766 52475 1
63766 59355 1
63766 60666 1
16162 40398 1
16162 44354 1
16162 49341 1
16162 52248 1
16162 53081 1
16162 54784 1
16162 54785 1
16162 58952 1
16162 59162 1
16162 59655 1
16162 60660 1
44354 16162 1
44354 49341 1
44354 53081 1
44354 54784 1
44354 54785 1
44354 58952 1
44354 59162 1
44354 59655 1
44354 60660 1
48464 49341 1
49342 49341 2
49342 54814 1
49342 63285 1
53081 16162 1
53081 44354 1
53081 49341 1
53081 54784 1
53081 54785 1
53081 58952 1
53081 59162 1
53081 59655 1
53081 60660 1
54784 16162 1
54784 44354 1
54784 49341 1
54784 53081 1
54784 54785 1
54784 58952 1
54784 59162 1
54784 59655 1
54784 60660 1
54785 16162 1
54785 44354 1
54785 49341 1
54785 53081 1
54785 54784 1
54785 58952 1
54785 59162 1
54785 59655 1
54785 60660 1
54785 60754 1
58952 16162 1
58952 44354 1
58952 49341 1
58952 53081 1
58952 54784 1
58952 54785 1
58952 59162 1
58952 59655 1
58952 60660 1
59162 16162 1
59162 44354 1
59162 49341 1
59162 53081 1
59162 54784 1
59162 54785 1
59162 58952 1
59162 59655 1
59162 60660 1
59655 16162 1
59655 44354 1
59655 49341 1
59655 53081 1
59655 54784 1
59655 54785 1
59655 58952 1
59655 59162 1
59655 60660 1
60660 16162 1
60660 44354 1
60660 49341 1
60660 53081 1
60660 54784 1
60660 54785 1
60660 58952 1
60660 59162 1
60660 59655 1
60660 60754 1
60660 61488 1
61963 49341 1
61963 54094 1
61963 76149 1
61963 77177 1
63285 49341 1
63285 49342 1
63285 61488 1
102072 50809 1
102072 70433 1
102072 91984 1
102072 110736 1
102072 113089 1
102866 50809 1
54971 30244 1
54971 54942 1
54971 54972 1
54971 89310 1
54971 107782 1
62209 54942 1
62209 59149 1
62209 60408 1
62209 62760 1
62209 66523 1
62209 81700 1
62209 83003 1
62209 84213 1
62209 101850 1
88321 54942 1
88321 60408 1
88321 64429 1
88321 73631 1
88321 76461 1
88321 84213 1
88321 85546 1
88321 95442 1
89310 54942 1
89310 54971 1
89310 59283 1
89310 91976 1
89310 95815 1
89310 107782 1
89310 124561 1
107782 54942 1
107782 54971 1
107782 76257 1
107782 89310 1
107782 110736 1
5640 20293 1
5640 32840 1
5640 35874 1
5640 37696 1
5640 40398 1
5640 57485 1
14758 57485 1
20293 5640 1
20293 32840 1
20293 35874 1
20293 37696 1
20293 40398 1
20293 57485 1
32840 5640 1
32840 20293 1
32840 35874 1
32840 37696 1
32840 40398 1
32840 57485 1
33089 44813 1
33089 44830 1
33089 45162 1
33089 48221 1
33089 48457 1
33089 51791 1
33089 54328 1
33089 57227 1
33089 57485 1
33089 58582 1
33089 59026 1
33089 65351 1
33089 65995 1
33089 68477 1
35874 5640 1
35874 20293 1
35874 32840 1
35874 37696 1
35874 40398 1
35874 57485 1
37041 57485 1
37041 64402 1
37696 5640 1
37696 20293 1
37696 32840 1
37696 35874 1
37696 40398 1
37696 57485 1
40398 5640 1
40398 16162 1
40398 20293 1
40398 32840 1
40398 35874 1
40398 37696 1
40398 43323 1
40398 57485 1
44813 33089 1
44813 44830 1
44813 48221 1
44813 48457 1
44813 51791 1
44813 54328 1
44813 57227 1
44813 57485 1
44813 58582 1
44813 65351 1
44813 65995 1
44813 68477 1
44830 33089 1
44830 44813 1
44830 48221 1
44830 48457 1
44830 51791 1
44830 54328 1
44830 57227 1
44830 57485 1
44830 58582 1
44830 65351 1
44830 65995 1
44830 68477 1
45864 57485 1
45864 60666 1
45864 124304 1
48221 33089 1
48221 44813 1
48221 44830 1
48221 48457 1
48221 51791 1
48221 54328 1
48221 57227 1
48221 57485 1
48221 58582 1
48221 65351 1
48221 65995 1
48221 68477 1
48457 33089 1
48457 37039 1
48457 44813 1
48457 44830 1
48457 48221 1
48457 51791 1
48457 54328 1
48457 57227 1
48457 57485 1
48457 58582 1
48457 65351 1
48457 65995 1
48457 68477 1
48457 71833 1
48457 75550 1
48457 76150 1
48457 106952 1
51791 33089 1
51791 44813 1
51791 44830 1
51791 48221 1
51791 48457 1
51791 54328 1
51791 57227 1
51791 57485 1
51791 58582 1
51791 65351 1
51791 65995 1
51791 68477 1
54328 33089 1
54328 44813 1
54328 44830 1
54328 48221 1
54328 48457 1
54328 51791 1
54328 57227 1
54328 57485 1
54328 58582 1
54328 65351 1
54328 65995 1
54328 68477 1
57227 33089 1
57227 40291 1
57227 44813 1
57227 44830 1
57227 46923 1
57227 48221 1
57227 48457 1
57227 51791 1
57227 54328 1
57227 57485 1
57227 58582 1
57227 59355 1
57227 65351 1
57227 65995 1
57227 68477 1
57481 29584 1
57481 51930 1
57481 57485 1
57481 59355 1
57481 83040 1
58582 33089 1
58582 44813 1
58582 44830 1
58582 48221 1
58582 48457 1
58582 51791 1
58582 54328 1
58582 57227 1
58582 57485 1
58582 65351 1
58582 65995 1
58582 68477 1
60666 45864 1
60666 57485 1
60666 63766 1
60666 124304 1
65351 33089 1
65351 44813 1
65351 44830 1
65351 48221 1
65351 48457 1
65351 51791 1
65351 54328 1
65351 57227 1
65351 57485 1
65351 58582 1
65351 65995 1
65351 68477 1
65995 33089 1
65995 44813 1
65995 44830 1
65995 48221 1
65995 48457 1
65995 51791 1
65995 54328 1
65995 57227 1
65995 57485 1
65995 58582 1
65995 65351 1
65995 68477 1
65995 71449 1
68477 33089 1
68477 44813 1
68477 44830 1
68477 48221 1
68477 48457 1
68477 51791 1
68477 54328 1
68477 57227 1
68477 57485 1
68477 58582 1
68477 65351 1
68477 65995 1
72808 57485 1
76149 53498 1
76149 57485 1
76149 58570 1
76149 61963 1
76149 63348 1
76149 69861 1
76149 75683 1
76149 76582 1
76149 77177 1
76149 79309 1
76149 121586 1
87455 57485 1
87455 87454 1
87455 95098 1
87455 98358 1
124304 45864 1
124304 57485 1
124304 60666 1
30244 54722 1
30244 54971 1
30244 54972 1
30244 61150 1
30244 62774 1
30244 79187 1
35109 32169 1
35109 44861 1
35109 46064 1
35109 49922 1
35109 49925 1
35109 53084 1
35109 60516 1
35109 61150 1
44861 35109 1
44861 46064 1
44861 49922 1
44861 49925 1
44861 53084 1
44861 60516 1
44861 61150 1
46064 35109 1
46064 44861 1
46064 49922 1
46064 49925 1
46064 53084 1
46064 60516 1
46064 61150 1
49922 35109 1
49922 44861 1
49922 46064 1
49922 49925 1
49922 53084 1
49922 60516 1
49922 60800 1
49922 61150 1
49922 64244 1
49922 70184 1
49925 35109 1
49925 44861 1
49925 46064 1
49925 49922 1
49925 53084 1
49925 60516 1
49925 61150 1
53084 35109 1
53084 44861 1
53084 46064 1
53084 49922 1
53084 49925 1
53084 60516 1
53084 61150 1
54722 30244 1
54722 61150 1
54722 79187 1
60516 35109 1
60516 44861 1
60516 46064 1
60516 49922 1
60516 49925 1
60516 53084 1
60516 61150 1
60516 63067 1
60516 76292 1
79187 30244 1
79187 33096 1
79187 54722 1
79187 61150 1
26246 55647 1
26246 59184 1
26246 59185 1
26246 59186 1
26246 62404 1
55647 26246 1
55647 59184 1
55647 59185 1
55647 59186 1
55647 62404 1
59184 26246 1
59184 55647 1
59184 59185 1
59184 59186 1
59184 62404 1
59185 26246 1
59185 55647 1
59185 59184 1
59185 59186 1
59185 62404 1
59186 26246 1
59186 55647 1
59186 59184 1
59186 59185 1
59186 62404 1
92834 62766 1
92834 98185 1
92834 98739 1
92834 98740 1
92834 98742 1
92834 98743 1
92834 108001 1
92834 108635 1
92834 115213 1
98739 62766 1
98739 92834 1
98739 98740 3
98739 98742 1
98739 98743 1
98739 108001 1
98739 115213 1
98740 47326 1
98740 58336 1
98740 60799 1
98740 62766 1
98740 63710 1
98740 73711 1
98740 79772 1
98740 87162 1
98740 89315 1
98740 89933 1
98740 89963 1
98740 89964 1
98740 92834 1
98740 98739 3
98740 98742 2
98740 98743 2
98740 106333 1
98740 108001 2
98740 114194 1
98740 115213 2
98740 127652 1
98742 62766 1
98742 92834 1
98742 98739 1
98742 98740 2
98742 98743 2
98742 108001 2
98742 115213 2
98743 62766 1
98743 92834 1
98743 98739 1
98743 98740 2
98743 98742 2
98743 108001 2
98743 115213 2
108001 62766 1
108001 92834 1
108001 98739 1
108001 98740 2
108001 98742 2
108001 98743 2
108001 115213 2
115213 62766 1
115213 92834 1
115213 98739 1
115213 98740 2
115213 98742 2
115213 98743 2
115213 108001 2
42003 58961 1
42003 60467 1
42003 65199 1
42003 66699 1
42003 74446 2
42003 82405 1
42003 83040 1
42003 87049 1
54955 61438 1
54955 66699 1
54955 73654 1
54955 90172 1
54955 92924 1
54955 93072 1
54955 94981 1
54955 95430 1
54955 101850 1
54955 101852 1
54955 108306 1
61438 54955 1
61438 61436 1
61438 66699 1
61438 73654 1
61438 90172 1
61438 92924 1
61438 93072 1
61438 94981 1
61438 95430 1
61438 108306 1
65199 42003 1
65199 66699 1
65199 74446 1
65199 78141 1
65199 83040 1
65199 86994 1
65199 87049 2
65199 125055 1
65199 126479 1
74446 42003 2
74446 65199 1
74446 66699 1
74446 87049 1
87049 42003 1
87049 51930 1
87049 63367 1
87049 65199 2
87049 65359 1
87049 66615 1
87049 66699 1
87049 71449 1
87049 74446 1
87049 76582 1
87049 77177 1
87049 77261 2
87049 82149 1
87049 82150 1
87049 92300 1
87049 98358 1
87049 99061 1
87049 126479 1
90172 54955 1
90172 61438 1
90172 66612 1
90172 66699 1
90172 73654 1
90172 79874 1
90172 90167 1
90172 90168 1
90172 90169 1
90172 90170 1
90172 90171 1
90172 90173 1
90172 90174 1
90172 90175 1
90172 90177 1
90172 92924 1
90172 93072 1
90172 94981 1
90172 95430 1
90172 108306 1
92924 54955 1
92924 61438 1
92924 66699 1
92924 73654 1
92924 90172 1
92924 93072 1
92924 94981 1
92924 95430 1
92924 108306 1
93072 54955 1
93072 61438 1
93072 66699 1
93072 73654 1
93072 74351 1
93072 75357 1
93072 90172 1
93072 90177 1
93072 92924 1
93072 93073 1
93072 94981 1
93072 95124 1
93072 95430 1
93072 99977 1
93072 108306 1
94981 54955 1
94981 61438 1
94981 66699 1
94981 73654 1
94981 90172 1
94981 92924 1
94981 93072 1
94981 95430 1
94981 108306 1
95430 54955 1
95430 58182 1
95430 58183 1
95430 58185 1
95430 61438 1
95430 66699 1
95430 73654 1
95430 89430 1
95430 90172 1
95430 92924 1
95430 93072 1
95430 94981 1
95430 106943 1
95430 108306 1
108306 54955 1
108306 61438 1
108306 66699 1
108306 70433 1
108306 73654 1
108306 90172 1
108306 92924 1
108306 93072 1
108306 94981 1
108306 95430 1
74320 70391 1
74320 75549 1
74320 75550 1
74320 76150 1
74320 79535 1
74320 81006 1
74320 83884 1
75549 70391 1
75549 71833 2
75549 74320 1
75549 75547 1
75549 75550 3
75549 75683 1
75549 76150 1
75549 79164 1
75549 79306 1
75549 79535 2
75549 81006 1
75549 94527 1
75549 110736 1
75550 37039 1
75550 48457 1
75550 70391 1
75550 71833 2
75550 74320 1
75550 75547 1
75550 75549 3
75550 75552 1
75550 75683 1
75550 76150 2
75550 79164 1
75550 79306 2
75550 79535 3
75550 81006 1
75550 94527 1
75550 106952 1
75550 110736 1
76150 37039 1
76150 48457 1
76150 70391 1
76150 71833 2
76150 74320 1
76150 75549 1
76150 75550 2
76150 75552 1
76150 75683 1
76150 79535 2
76150 81006 1
76150 106952 1
79535 70391 1
79535 71833 2
79535 74320 1
79535 75549 2
79535 75550 3
79535 75552 1
79535 75683 1
79535 76150 2
79535 79164 1
79535 81006 1
79535 116996 1
81006 54360 1
81006 60467 1
81006 70391 1
81006 74320 1
81006 75549 1
81006 75550 1
81006 76150 1
81006 79535 1
81006 83008 1
81006 88691 1
81006 92930 1
30556 49319 1
30556 68920 1
30556 73660 1
30556 76245 1
30556 84248 1
30556 85241 1
43021 50754 1
43021 54103 1
43021 73660 1
43021 79256 1
52527 73660 1
54438 73660 1
54438 101858 1
55643 71354 1
55643 73660 1
55661 73660 1
55661 123456 1
55661 126523 1
56256 73660 1
56256 106952 1
56256 106955 1
56256 109177 1
59318 64244 1
59318 73660 1
59318 73862 1
59318 73865 1
59318 79108 2
59318 80492 1
59318 90066 1
63367 73660 1
63367 81696 1
63367 84226 1
63367 87049 1
63367 87616 1
63367 98358 1
63367 104141 1
64244 49922 1
64244 54814 1
64244 59318 1
64244 73660 1
64244 73862 1
64244 73865 1
64244 77494 1
64244 80492 2
64244 82507 1
64244 90066 1
64402 37041 1
64402 56313 1
64402 73660 1
64402 77696 1
64402 84226 1
65664 52667 1
65664 73660 1
68920 30556 1
68920 73660 1
68920 76245 1
68920 84248 1
68920 85241 1
68920 103282 1
71354 55643 1
71354 73660 1
73862 52119 1
73862 59318 1
73862 64244 1
73862 66612 1
73862 73660 1
73862 73865 4
73862 74351 1
73862 80492 1
73862 90066 1
73865 59318 1
73865 64244 1
73865 66612 1
73865 73660 1
73865 73862 4
73865 74351 1
73865 80492 1
73865 90066 1
76245 30556 1
76245 44831 1
76245 49668 1
76245 57301 1
76245 68920 1
76245 73660 1
76245 84248 1
76245 85241 1
79256 43021 1
79256 73660 1
79807 73660 1
79807 106943 1
80492 54814 1
80492 59318 1
80492 64244 2
80492 73660 1
80492 73711 1
80492 73862 1
80492 73865 1
80492 77494 2
80492 82507 1
80492 84213 1
80492 90066 1
84226 63367 1
84226 64402 1
84226 64429 1
84226 73660 2
84226 76038 1
84226 79772 1
84226 81696 1
84226 87616 1
84226 104141 1
84248 30556 1
84248 68920 1
84248 73660 1
84248 76245 1
84248 85241 1
84248 104505 1
85241 162 1
85241 30556 1
85241 47472 1
85241 65382 1
85241 68920 1
85241 73660 1
85241 76245 1
85241 79767 1
85241 84248 1
85241 85237 1
85241 85239 1
85241 92930 1
85241 94987 1
85418 73660 1
85418 98358 1
85418 106943 1
87616 63367 1
87616 66162 1
87616 73660 1
87616 81696 1
87616 84226 1
87616 104141 1
90066 59318 1
90066 64244 1
90066 73660 1
90066 73862 1
90066 73865 1
90066 80492 1
98358 55355 1
98358 59673 1
98358 62433 1
98358 63367 1
98358 73660 1
98358 74171 1
98358 85418 1
98358 87049 1
98358 87455 1
98358 94984 1
98358 95098 1
98358 98183 1
98358 98185 1
98358 101304 1
98358 112193 1
101858 54438 1
101858 73660 1
101858 124492 1
102062 73660 1
104141 63367 1
104141 73660 1
104141 81696 1
104141 84226 1
104141 87616 1
106943 64604 1
106943 73631 1
106943 73660 1
106943 79807 1
106943 85418 1
106943 91976 1
106943 95430 1
106943 98185 1
106943 113089 1
106943 125833 1
106952 37039 1
106952 48457 1
106952 56256 1
106952 71833 1
106952 73660 1
106952 75550 1
106952 76150 1
106952 106955 3
106952 109177 1
106955 56256 1
106955 73660 1
106955 106952 3
106955 109177 1
109177 56256 1
109177 73660 1
109177 106952 1
109177 106955 1
109991 59282 1
109991 73660 1
109991 78969 1
109991 89430 1
109991 91981 1
109991 91982 1
109991 91983 1
109991 91984 1
109991 109992 1
110857 73660 1
116762 73660 1
122179 73660 1
122179 78141 1
122179 84253 1
125833 73660 1
125833 106943 1
126523 55661 1
126523 73660 1
39934 54880 1
39934 59152 1
39934 73461 1
39934 76022 1
39934 76248 1
39934 80637 1
39934 81098 1
39934 87109 1
39934 101687 1
39934 106835 1
54880 39934 1
54880 59152 1
54880 73461 1
54880 76022 1
54880 76248 1
54880 80637 1
54880 81098 1
54880 87109 1
54880 101687 1
54880 106835 1
59152 39934 1
59152 54880 1
59152 73461 1
59152 76022 1
59152 76248 1
59152 80637 1
59152 81098 1
59152 87109 1
59152 101687 1
59152 106835 1
73461 39934 1
73461 54880 1
73461 59152 1
73461 76022 1
73461 76248 1
73461 80637 1
73461 81098 1
73461 87109 1
73461 101687 1
73461 106835 1
76022 39934 1
76022 54880 1
76022 59152 1
76022 73461 1
76022 76248 1
76022 80637 1
76022 81098 1
76022 87109 1
76022 101687 1
76022 106835 1
81098 39934 1
81098 54880 1
81098 59152 1
81098 73461 1
81098 76022 1
81098 76248 1
81098 80637 1
81098 87109 1
81098 101687 1
81098 106835 1
85239 76248 1
85239 85237 1
85239 85241 1
85239 94987 1
85239 96840 1
85239 99977 1
85239 103931 1
85239 104505 1
85239 106965 1
85239 114242 1
85239 116887 1
87109 39934 1
87109 54880 1
87109 59152 1
87109 73461 1
87109 76022 1
87109 76248 1
87109 80637 1
87109 81098 1
87109 101687 1
87109 106835 1
96840 76248 1
96840 85239 1
96840 103931 1
96840 104505 1
96840 106965 1
96840 114242 1
101687 39934 1
101687 54880 1
101687 59152 1
101687 73461 1
101687 76022 1
101687 76248 1
101687 80637 1
101687 81098 1
101687 87109 1
101687 106835 1
103931 76248 1
103931 85239 1
103931 96840 1
103931 104505 1
103931 106965 1
103931 114242 1
104505 76248 1
104505 84248 1
104505 85239 1
104505 96840 1
104505 103931 1
104505 106965 1
104505 114242 1
106835 39934 1
106835 54880 1
106835 59152 1
106835 73461 1
106835 76022 1
106835 76248 1
106835 80637 1
106835 81098 1
106835 87109 1
106835 101687 1
106965 76248 1
106965 85239 1
106965 96840 1
106965 103931 1
106965 104505 1
106965 108302 1
106965 114242 1
114242 76248 1
114242 85239 1
114242 96840 1
114242 103931 1
114242 104505 1
114242 106965 1
66705 75358 1
66705 75680 1
66705 84319 1
75358 66705 1
75358 75680 1
75358 84319 1
75358 95099 1
75358 108430 1
75680 66705 1
75680 75358 1
75680 84319 1
59282 78969 1
59282 89430 1
59282 91981 1
59282 91982 1
59282 91983 1
59282 91984 1
59282 109991 1
78969 59282 1
78969 89430 1
78969 91981 1
78969 91982 1
78969 91983 1
78969 91984 1
78969 109991 1
91981 59282 1
91981 78969 1
91981 89430 1
91981 91982 1
91981 91983 1
91981 91984 1
91981 109991 1
91982 59282 1
91982 78969 1
91982 89430 1
91982 91981 1
91982 91983 1
91982 91984 1
91982 109991 1
91983 59282 1
91983 78969 1
91983 79903 1
91983 89430 1
91983 91981 1
91983 91982 1
91983 91984 1
91983 109991 1
91984 59282 1
91984 78969 1
91984 89430 1
91984 91981 1
91984 91982 1
91984 91983 1
91984 102072 1
91984 109991 1
101006 89430 1
101006 106960 1
101006 107677 1
101006 114624 1
101006 114625 1
106960 89430 1
106960 101006 1
106960 107677 1
106960 114624 1
106960 114625 1
107677 87523 1
107677 89430 1
107677 101006 1
107677 106960 1
107677 114624 1
107677 114625 1
114624 89430 1
114624 101006 1
114624 106960 1
114624 107677 1
114624 114625 1
114625 70677 1
114625 89430 1
114625 101006 1
114625 106960 1
114625 107677 1
114625 112364 1
114625 114624 1
66612 73862 1
66612 73865 1
66612 74351 1
66612 76239 1
66612 79874 1
66612 90167 1
66612 90168 1
66612 90169 1
66612 90170 1
66612 90171 1
66612 90172 1
66612 90173 1
66612 90174 1
66612 90175 1
66612 90177 1
66612 91155 1
66612 101492 1
79874 66612 1
79874 90167 1
79874 90168 1
79874 90169 1
79874 90170 1
79874 90171 1
79874 90172 1
79874 90173 1
79874 90174 1
79874 90175 1
79874 90177 1
90167 66612 1
90167 79874 1
90167 90168 1
90167 90169 1
90167 90170 1
90167 90171 1
90167 90172 1
90167 90173 1
90167 90174 1
90167 90175 1
90167 90177 1
90168 66612 1
90168 79874 1
90168 90167 1
90168 90169 1
90168 90170 1
90168 90171 1
90168 90172 1
90168 90173 1
90168 90174 1
90168 90175 1
90168 90177 1
90168 92382 2
90169 66612 1
90169 79874 1
90169 90167 1
90169 90168 1
90169 90170 1
90169 90171 1
90169 90172 1
90169 90173 1
90169 90174 1
90169 90175 1
90169 90177 1
90170 66612 1
90170 79874 1
90170 90167 1
90170 90168 1
90170 90169 1
90170 90171 1
90170 90172 1
90170 90173 1
90170 90174 1
90170 90175 1
90170 90177 1
90173 66612 1
90173 79874 1
90173 90167 1
90173 90168 1
90173 90169 1
90173 90170 1
90173 90171 1
90173 90172 1
90173 90174 1
90173 90175 1
90173 90177 1
90174 66612 1
90174 79874 1
90174 90167 1
90174 90168 1
90174 90169 1
90174 90170 1
90174 90171 1
90174 90172 1
90174 90173 1
90174 90175 1
90174 90177 1
90174 113160 1
90175 66612 1
90175 79874 1
90175 90167 1
90175 90168 1
90175 90169 1
90175 90170 1
90175 90171 1
90175 90172 1
90175 90173 1
90175 90174 1
90175 90177 1
90177 66612 1
90177 79874 1
90177 90167 1
90177 90168 1
90177 90169 1
90177 90170 1
90177 90171 1
90177 90172 1
90177 90173 1
90177 90174 1
90177 90175 1
90177 93072 1
162 47472 1
162 65382 1
162 79767 1
162 85241 1
162 92930 1
47472 162 1
47472 65382 1
47472 79767 1
47472 85241 1
47472 92930 1
54360 60467 1
54360 81006 1
54360 83008 1
54360 88691 1
54360 92930 1
60467 42003 1
60467 54360 1
60467 81006 1
60467 83008 1
60467 88691 1
60467 92930 1
65382 162 1
65382 47472 1
65382 47547 1
65382 79767 1
65382 85241 1
65382 92930 1
79767 162 1
79767 47472 1
79767 65382 1
79767 83008 1
79767 85241 1
79767 85964 1
79767 92930 1
79767 103282 1
83008 54360 1
83008 60467 1
83008 79767 1
83008 81006 1
83008 83011 1
83008 88691 1
83008 92930 1
88691 54360 1
88691 60467 1
88691 81006 1
88691 83008 1
88691 92930 1
94050 71833 1
94050 92930 1
95815 41736 1
95815 48229 1
95815 53498 1
95815 66523 1
95815 73711 1
95815 77991 1
95815 78141 1
95815 89310 1
95815 89705 1
95815 92930 1
95815 99045 1
97131 62760 1
97131 63710 1
97131 77261 1
97131 89705 1
97131 92930 1
97131 108430 1
108430 75358 1
108430 92930 1
108430 97131 1
108430 108128 1
108430 114431 1
108430 126317 1
48234 54814 1
48234 77261 1
48234 94527 1
48234 102241 1
48234 112364 1
57695 31255 1
57695 53481 1
57695 57956 1
57695 66418 1
57695 68751 1
57695 79218 1
57695 83819 1
57695 85733 1
57695 94527 1
57695 109819 1
57695 124565 1
71833 37039 1
71833 48457 1
71833 75547 1
71833 75549 2
71833 75550 2
71833 75552 1
71833 75683 2
71833 76150 2
71833 79164 1
71833 79306 1
71833 79535 2
71833 94050 1
71833 94527 1
71833 106952 1
71833 110736 1
75547 25686 1
75547 71833 1
75547 75549 1
75547 75550 1
75547 75683 1
75547 79306 1
75547 94527 1
75547 110736 1
75683 71833 2
75683 75547 1
75683 75549 1
75683 75550 1
75683 75552 1
75683 76149 1
75683 76150 1
75683 79306 1
75683 79309 1
75683 79535 1
75683 94527 1
75683 110736 1
79306 71833 1
79306 75547 1
79306 75549 1
79306 75550 2
79306 75552 1
79306 75683 1
79306 94527 1
79306 110736 1
89318 76582 1
89318 91976 1
89318 94527 1
89318 103282 2
89705 62760 1
89705 63710 1
89705 77261 1
89705 90319 1
89705 94527 1
89705 94528 1
89705 95815 1
89705 97131 1
89705 97486 1
89705 102749 1
90319 73631 1
90319 89705 1
90319 94527 1
90319 94528 1
90319 97486 1
90319 102749 1
94528 47326 1
94528 89705 1
94528 89963 1
94528 90319 1
94528 94527 1
94528 97486 1
94528 102749 1
97486 89705 1
97486 90319 1
97486 94527 1
97486 94528 1
97486 97487 1
97486 97488 1
97486 102749 1
102241 48234 1
102241 83493 1
102241 94527 1
102749 89705 1
102749 90319 1
102749 94527 1
102749 94528 1
102749 97486 1
103282 68920 1
103282 79767 1
103282 89318 2
103282 94527 1
109819 57695 1
109819 94527 1
110736 70433 1
110736 71833 1
110736 75547 1
110736 75549 1
110736 75550 1
110736 75683 1
110736 79306 1
110736 94527 1
110736 102072 1
110736 107782 1
57446 75552 1
57446 78622 1
57446 81707 1
57446 95124 1
73408 74983 1
73408 95124 1
74351 66612 1
74351 73862 1
74351 73865 1
74351 93072 1
74351 93073 1
74351 95124 1
74983 73408 1
74983 79108 1
74983 83366 1
74983 95124 1
75552 57446 1
75552 71833 1
75552 75550 1
75552 75683 1
75552 76150 1
75552 79306 1
75552 79535 1
75552 81707 1
75552 84249 1
75552 95124 1
81707 57446 1
81707 75552 1
81707 95124 1
93073 22048 1
93073 31911 1
93073 37175 1
93073 43091 1
93073 44831 1
93073 52587 1
93073 74351 1
93073 93072 1
93073 95124 1
95122 95123 1
95122 95124 1
95123 95122 1
95123 95124 1
55677 66162 1
55677 91976 1
55677 100974 1
55677 116887 1
55677 116996 1
66162 49508 1
66162 55677 1
66162 73631 1
66162 87616 1
66162 100974 1
66162 115657 1
66162 116887 1
66162 116996 1
66162 119723 1
76257 81666 1
76257 81667 1
76257 89315 1
76257 95090 1
76257 100974 1
76257 106865 1
76257 107782 1
76257 108377 1
76257 127100 1
81666 76257 1
81666 81667 2
81666 89315 1
81666 95090 1
81666 100974 1
81666 106865 1
81666 108377 1
81666 127100 1
81667 76257 1
81667 81666 2
81667 89315 1
81667 95090 1
81667 100974 1
81667 106865 1
81667 108377 1
81667 127100 1
89315 47326 1
89315 58336 1
89315 60799 1
89315 63710 1
89315 73711 1
89315 76257 1
89315 79772 1
89315 81666 1
89315 81667 1
89315 87162 1
89315 87454 1
89315 89933 1
89315 89963 1
89315 89964 1
89315 95090 1
89315 98740 1
89315 100974 1
89315 106333 1
89315 106865 1
89315 108377 1
89315 114194 1
89315 127100 1
89315 127652 1
95090 76257 1
95090 81666 1
95090 81667 1
95090 89315 1
95090 100974 1
95090 106865 1
95090 108377 1
95090 127100 1
106865 76257 1
106865 81666 1
106865 81667 1
106865 89315 1
106865 95090 1
106865 100974 1
106865 108377 1
106865 127100 1
108377 76257 1
108377 81666 1
108377 81667 1
108377 89315 1
108377 95090 1
108377 100974 1
108377 106865 1
108377 108302 1
108377 127100 1
116887 55677 1
116887 66162 1
116887 85239 1
116887 100974 1
116887 116996 1
116996 55677 1
116996 66162 1
116996 79535 1
116996 100974 1
116996 114384 1
116996 116887 1
127100 76257 1
127100 81666 1
127100 81667 1
127100 89315 1
127100 95090 1
127100 100974 1
127100 106865 1
127100 108377 1
54324 83011 1
54324 94987 1
54324 99974 1
54324 99975 1
54324 99978 1
54324 101850 1
54324 105387 1
54324 124309 1
59149 60408 1
59149 62209 1
59149 62760 1
59149 66523 1
59149 81700 1
59149 83003 1
59149 84213 1
59149 101850 1
59153 71506 1
59153 76265 1
59153 99059 1
59153 99060 2
59153 99061 1
59153 99974 1
59153 99975 1
59153 99977 1
59153 99978 1
59153 99981 1
59153 101850 1
59153 114744 1
60408 59149 1
60408 62209 1
60408 62760 1
60408 66523 1
60408 66588 1
60408 81700 1
60408 83003 1
60408 84213 1
60408 88321 1
60408 101850 1
62760 59149 1
62760 60408 1
62760 62209 1
62760 63710 1
62760 66523 1
62760 77261 1
62760 81700 1
62760 83003 1
62760 84213 1
62760 89705 1
62760 97131 1
62760 101850 1
66523 59149 1
66523 60408 1
66523 62209 1
66523 62760 1
66523 81700 1
66523 83003 1
66523 84213 1
66523 95815 1
66523 101850 1
67666 79093 1
67666 81705 1
67666 91976 1
67666 99198 1
67666 99311 1
67666 99313 1
67666 101850 1
71506 59153 1
71506 76265 1
71506 79093 1
71506 99059 1
71506 99060 1
71506 99061 1
71506 99974 1
71506 99975 1
71506 99977 1
71506 99978 1
71506 99981 1
71506 100095 1
71506 101850 1
71506 114744 1
76265 55154 1
76265 59153 1
76265 71506 1
76265 99059 1
76265 99060 1
76265 99061 1
76265 99974 1
76265 99975 1
76265 99977 1
76265 99978 1
76265 99981 1
76265 101850 1
76265 114744 1
79093 37175 1
79093 67666 1
79093 71506 1
79093 81705 1
79093 91976 1
79093 99198 1
79093 99311 1
79093 99313 1
79093 101850 1
81700 59149 1
81700 60408 1
81700 62209 1
81700 62760 1
81700 66523 1
81700 83003 1
81700 84213 1
81700 101850 1
81705 67666 1
81705 79093 1
81705 91976 1
81705 99198 1
81705 99311 1
81705 99313 1
81705 101850 1
83003 59149 1
83003 60408 1
83003 62209 1
83003 62760 1
83003 66523 1
83003 81700 1
83003 84213 1
83003 101850 1
83011 54324 1
83011 83008 1
83011 94987 1
83011 99974 1
83011 99975 1
83011 99978 1
83011 101850 1
83011 105387 1
83011 124309 1
84213 59149 1
84213 60408 1
84213 62209 1
84213 62760 1
84213 66523 1
84213 73711 1
84213 80492 1
84213 81700 1
84213 83003 1
84213 88321 1
84213 101850 1
91976 55677 1
91976 67666 1
91976 76582 1
91976 79093 1
91976 81705 1
91976 89310 1
91976 89318 1
91976 99198 1
91976 99311 1
91976 99313 1
91976 101850 1
91976 106943 1
94987 54324 1
94987 83011 1
94987 85237 1
94987 85239 1
94987 85241 1
94987 99974 1
94987 99975 1
94987 99978 1
94987 101850 1
94987 105387 1
94987 124309 1
99059 59153 1
99059 71506 1
99059 76265 1
99059 99060 1
99059 99061 1
99059 99974 1
99059 99975 1
99059 99977 1
99059 99978 1
99059 99981 1
99059 101850 1
99059 114744 1
99059 114989 1
99060 59153 2
99060 71506 1
99060 76265 1
99060 99059 1
99060 99061 1
99060 99974 1
99060 99975 1
99060 99977 1
99060 99978 1
99060 99981 1
99060 101850 1
99060 114744 1
99061 51930 1
99061 59153 1
99061 71506 1
99061 76265 1
99061 87049 1
99061 99059 1
99061 99060 1
99061 99974 1
99061 99975 1
99061 99977 1
99061 99978 1
99061 99981 1
99061 101850 1
99061 114744 1
99198 67666 1
99198 79093 1
99198 81705 1
99198 91976 1
99198 99311 1
99198 99313 1
99198 101850 1
99311 67666 1
99311 79093 1
99311 81705 1
99311 91976 1
99311 99198 1
99311 99313 1
99311 101850 1
99313 67666 1
99313 79093 1
99313 81705 1
99313 91976 1
99313 99198 1
99313 99311 1
99313 101850 1
99974 54324 1
99974 59153 1
99974 71506 1
99974 76265 1
99974 83011 1
99974 94987 1
99974 99059 1
99974 99060 1
99974 99061 1
99974 99975 2
99974 99977 1
99974 99978 2
99974 99981 1
99974 101850 2
99974 105387 1
99974 114744 1
99974 124309 1
99975 54324 1
99975 59153 1
99975 71506 1
99975 76265 1
99975 83011 1
99975 94987 1
99975 99059 1
99975 99060 1
99975 99061 1
99975 99974 2
99975 99977 1
99975 99978 2
99975 99981 1
99975 101850 2
99975 105387 1
99975 114744 1
99975 124309 1
99977 59153 1
99977 71506 1
99977 76265 1
99977 85239 1
99977 93072 1
99977 99059 1
99977 99060 1
99977 99061 1
99977 99176 1
99977 99974 1
99977 99975 1
99977 99978 1
99977 99981 1
99977 100512 1
99977 101850 1
99977 114384 1
99977 114744 1
99978 54324 1
99978 59153 1
99978 71506 1
99978 76265 1
99978 83011 1
99978 94987 1
99978 99059 1
99978 99060 1
99978 99061 1
99978 99974 2
99978 99975 2
99978 99977 1
99978 99981 1
99978 101850 2
99978 105387 1
99978 114744 1
99978 124309 1
99981 59153 1
99981 71506 1
99981 76265 1
99981 99059 1
99981 99060 1
99981 99061 1
99981 99974 1
99981 99975 1
99981 99977 1
99981 99978 1
99981 101850 1
99981 109495 1
99981 114384 1
99981 114744 1
100512 99977 1
100512 101850 1
101492 66612 1
101492 101850 1
101852 54955 1
101852 101850 1
105387 54324 1
105387 83011 1
105387 94987 1
105387 99974 1
105387 99975 1
105387 99978 1
105387 101850 1
105387 124309 1
114744 59153 1
114744 71506 1
114744 76265 1
114744 80786 1
114744 99059 1
114744 99060 1
114744 99061 1
114744 99974 1
114744 99975 1
114744 99977 1
114744 99978 1
114744 99981 1
114744 101850 1
124309 54324 1
124309 74355 1
124309 83011 1
124309 94987 1
124309 99974 1
124309 99975 1
124309 99978 1
124309 101850 1
124309 105387 1
44947 71757 1
44947 76582 1
44947 78141 1
44947 78142 1
44947 80187 1
44947 83366 1
44947 126479 1
53498 41736 1
53498 48229 2
53498 73711 1
53498 74786 1
53498 76149 1
53498 77261 1
53498 77991 1
53498 95815 1
53498 99045 1
53498 125055 1
53498 126479 1
66615 71449 1
66615 77261 1
66615 82149 1
66615 82150 1
66615 87049 1
66615 126479 1
71449 58574 1
71449 65995 1
71449 66615 1
71449 77261 1
71449 82149 1
71449 82150 1
71449 87049 1
71449 126479 1
76582 44947 1
76582 47454 1
76582 71757 1
76582 76149 1
76582 77261 1
76582 78141 3
76582 78142 2
76582 78143 1
76582 80187 1
76582 83366 1
76582 87049 1
76582 89318 1
76582 91976 1
76582 126479 1
77261 44831 1
77261 48229 1
77261 48234 1
77261 48362 1
77261 53498 1
77261 57332 1
77261 62054 1
77261 62760 1
77261 63710 1
77261 66615 1
77261 71449 1
77261 76582 1
77261 77991 1
77261 78141 2
77261 82149 1
77261 82150 1
77261 83041 1
77261 83508 1
77261 87049 2
77261 89705 1
77261 95442 1
77261 97131 1
77261 126479 1
77494 54814 1
77494 64244 1
77494 80492 2
77494 82507 4
77494 125056 1
77494 126479 1
78141 44947 1
78141 62433 1
78141 65199 1
78141 71757 1
78141 76582 3
78141 77261 2
78141 78142 4
78141 78143 1
78141 80187 1
78141 80279 1
78141 80281 1
78141 82149 1
78141 82150 1
78141 83040 1
78141 83366 1
78141 85964 1
78141 95815 1
78141 122179 1
78141 125055 2
78141 126479 1
78142 44947 1
78142 71757 1
78142 76582 2
78142 78141 4
78142 78143 1
78142 80187 1
78142 80279 1
78142 82149 1
78142 82150 1
78142 83366 1
78142 87162 1
78142 125055 1
78142 126479 1
78143 76582 1
78143 78141 1
78143 78142 1
78143 82150 1
78143 83040 1
78143 83041 2
78143 125055 1
78143 125056 1
78143 126479 1
80187 44947 1
80187 58570 1
80187 71757 1
80187 76582 1
80187 78141 1
80187 78142 1
80187 83366 1
80187 126479 1
80279 78141 1
80279 78142 1
80279 80281 2
80279 80477 1
80279 82405 1
80279 83040 1
80279 87162 1
80279 125055 1
80279 126479 1
80281 78141 1
80281 80279 2
80281 82405 2
80281 83040 1
80281 125055 1
80281 126479 1
80477 58968 1
80477 80279 1
80477 80476 1
80477 80479 1
80477 83040 1
80477 126479 1
82149 58968 1
82149 66615 1
82149 71449 1
82149 77261 1
82149 78141 1
82149 78142 1
82149 82150 3
82149 87049 1
82149 126479 1
82150 58968 1
82150 66615 1
82150 71449 1
82150 77261 1
82150 78141 1
82150 78142 1
82150 78143 1
82150 82149 3
82150 87049 1
82150 126479 1
82405 42003 1
82405 67272 1
82405 80279 1
82405 80281 2
82405 83040 1
82405 126479 1
82507 46750 1
82507 47553 1
82507 54814 2
82507 61488 1
82507 64244 1
82507 65148 1
82507 74174 1
82507 74786 1
82507 77494 4
82507 80492 1
82507 83366 1
82507 126479 1
83040 42003 1
83040 57481 1
83040 65199 1
83040 78141 1
83040 78143 1
83040 80279 1
83040 80281 1
83040 80477 1
83040 82405 1
83040 83041 1
83040 125055 4
83040 125056 1
83040 126479 3
83041 77261 1
83041 78143 2
83041 83040 1
83041 125055 1
83041 125056 1
83041 126479 5
83366 44947 1
83366 71757 1
83366 74983 1
83366 76582 1
83366 78141 1
83366 78142 1
83366 80187 1
83366 82507 1
83366 126479 1
102913 126479 1
125055 53498 1
125055 65199 1
125055 78141 2
125055 78142 1
125055 78143 1
125055 80279 1
125055 80281 1
125055 83040 4
125055 83041 1
125055 125056 3
125055 126479 3
125056 77494 1
125056 78143 1
125056 83040 1
125056 83041 1
125056 125055 3
125056 126479 1
54042 47326 1
54042 73838 1
54042 84653 1
54042 96538 1
58336 47326 1
58336 54356 1
58336 60799 1
58336 63710 1
58336 73711 1
58336 79772 1
58336 87162 1
58336 89315 1
58336 89933 1
58336 89963 1
58336 89964 1
58336 98740 1
58336 106333 1
58336 114194 1
58336 127652 1
60799 47326 1
60799 58336 1
60799 63710 1
60799 73711 1
60799 79772 1
60799 87162 1
60799 89315 1
60799 89933 1
60799 89963 1
60799 89964 1
60799 98740 1
60799 106333 1
60799 114194 1
60799 127652 1
63710 47326 1
63710 58336 1
63710 60799 1
63710 62760 1
63710 73711 1
63710 77261 1
63710 79772 1
63710 87162 1
63710 89315 1
63710 89705 1
63710 89933 1
63710 89963 1
63710 89964 1
63710 97131 1
63710 98740 1
63710 106333 1
63710 114194 1
63710 127652 1
73711 41736 1
73711 47326 1
73711 48229 1
73711 53498 1
73711 58336 1
73711 60799 1
73711 63710 1
73711 77991 1
73711 79772 1
73711 80492 1
73711 84213 1
73711 85964 1
73711 87162 1
73711 89315 1
73711 89933 1
73711 89963 1
73711 89964 1
73711 95815 1
73711 98740 1
73711 99045 1
73711 106333 1
73711 114194 1
73711 127652 1
73838 47326 1
73838 54042 1
73838 84653 1
73838 96538 1
79772 47326 1
79772 58336 1
79772 60799 1
79772 63710 1
79772 64429 1
79772 73711 1
79772 84226 1
79772 87162 1
79772 89315 1
79772 89933 1
79772 89963 1
79772 89964 1
79772 98740 1
79772 106333 1
79772 114194 1
79772 127652 1
84653 47326 1
84653 54042 1
84653 73838 1
84653 96538 1
87162 47326 1
87162 58336 1
87162 60799 1
87162 63710 1
87162 73711 1
87162 78142 1
87162 79772 1
87162 80279 1
87162 87454 1
87162 89315 1
87162 89933 1
87162 89963 1
87162 89964 1
87162 98740 1
87162 101304 1
87162 106333 1
87162 114194 1
87162 127652 1
89933 47326 1
89933 58336 1
89933 60799 1
89933 63710 1
89933 73711 1
89933 79772 1
89933 87162 1
89933 89315 1
89933 89963 1
89933 89964 1
89933 98740 1
89933 106333 1
89933 114194 1
89933 127652 1
89963 47326 3
89963 58336 1
89963 60799 1
89963 63710 1
89963 73711 1
89963 79772 1
89963 87162 1
89963 89315 1
89963 89933 1
89963 89964 3
89963 94528 1
89963 98740 1
89963 106333 1
89963 114194 2
89963 117412 1
89963 127652 1
89964 47326 2
89964 58336 1
89964 60799 1
89964 63710 1
89964 73711 1
89964 79772 1
89964 87162 1
89964 89315 1
89964 89933 1
89964 89963 3
89964 98740 1
89964 106333 1
89964 114194 2
89964 127652 1
96538 47326 1
96538 54042 1
96538 73838 1
96538 84653 1
106333 47326 1
106333 58336 1
106333 60799 1
106333 63710 1
106333 73711 1
106333 79772 1
106333 87162 1
106333 89315 1
106333 89933 1
106333 89963 1
106333 89964 1
106333 98740 1
106333 114194 1
106333 127652 1
114194 47326 1
114194 58336 1
114194 60799 1
114194 63710 1
114194 73711 1
114194 79772 1
114194 87162 1
114194 89315 1
114194 89933 1
114194 89963 2
114194 89964 2
114194 98740 1
114194 106333 1
114194 117412 1
114194 127652 1
127652 47326 1
127652 58336 1
127652 60799 1
127652 63710 1
127652 73711 1
127652 79772 1
127652 87162 1
127652 89315 1
127652 89933 1
127652 89963 1
127652 89964 1
127652 98740 1
127652 106333 1
127652 114194 1
44823 47553 1
46750 47553 1
46750 54814 1
46750 61488 1
46750 65148 1
46750 74174 1
46750 74786 1
46750 82507 1
51918 19329 1
51918 39387 1
51918 47553 1
51918 52475 1
51918 63766 1
54814 46750 1
54814 47553 1
54814 48234 1
54814 49342 1
54814 61488 1
54814 64244 1
54814 65148 1
54814 74174 1
54814 74786 1
54814 77494 1
54814 80492 1
54814 82507 2
65148 46750 1
65148 47553 1
65148 54814 1
65148 61488 1
65148 74174 1
65148 74786 1
65148 82507 1
74174 46750 1
74174 47553 1
74174 54814 1
74174 61488 1
74174 65148 1
74174 74786 1
74174 82507 1
74786 46750 1
74786 47553 1
74786 53498 1
74786 54814 1
74786 61488 1
74786 65148 1
74786 74174 1
74786 82507 1
33096 49322 1
33096 61964 1
33096 79187 1
48222 49322 1
48222 53953 1
48222 58968 1
48222 60472 1
48222 75357 1
49319 30556 1
49319 49322 2
49319 58570 1
49319 58968 1
49319 74065 1
49319 76236 1
49319 76237 1
49319 85964 1
49508 49322 1
49508 60293 1
49508 63281 1
49508 63388 1
49508 66162 1
49508 67272 1
49508 71333 1
49508 74167 1
58968 48222 1
58968 49319 1
58968 49322 2
58968 52587 1
58968 73654 1
58968 75357 1
58968 80477 1
58968 82149 1
58968 82150 1
60293 49322 1
60293 49508 1
60293 63281 1
60293 63388 1
60293 67272 1
60293 71333 1
60293 74167 1
61964 33096 1
61964 49322 1
63281 49322 1
63281 49508 1
63281 60293 1
63281 63388 1
63281 67272 1
63281 71333 1
63281 74167 1
63388 49322 1
63388 49508 1
63388 60293 1
63388 63281 1
63388 67272 1
63388 71333 1
63388 74167 1
67272 49322 1
67272 49508 1
67272 60293 1
67272 63281 1
67272 63388 1
67272 71333 1
67272 74167 1
67272 82405 1
71333 49322 1
71333 49508 1
71333 60293 1
71333 63281 1
71333 63388 1
71333 67272 1
71333 74167 1
74167 49322 1
74167 49508 1
74167 60293 1
74167 63281 1
74167 63388 1
74167 67272 1
74167 71333 1
75357 48222 1
75357 49322 1
75357 58968 1
75357 93072 1
53481 57695 1
53481 57956 1
53481 66418 1
53481 68751 1
53481 79218 1
53481 83819 1
53481 85733 1
53481 124565 1
66418 53481 1
66418 57695 1
66418 57956 1
66418 68751 1
66418 79218 1
66418 83819 1
66418 85733 1
66418 124565 1
68751 53481 1
68751 57695 1
68751 57956 1
68751 66418 1
68751 79218 1
68751 83819 1
68751 85733 1
68751 124565 1
79218 53481 1
79218 57695 1
79218 57956 1
79218 66418 1
79218 68751 1
79218 83819 1
79218 85733 1
79218 124565 1
83819 53481 1
83819 57695 1
83819 57956 1
83819 66418 1
83819 68751 1
83819 79218 1
83819 85733 1
83819 124565 1
85733 53481 1
85733 57695 1
85733 57956 1
85733 66418 1
85733 68751 1
85733 73654 1
85733 79218 1
85733 83819 1
85733 124565 1
124565 53481 1
124565 57695 1
124565 57956 1
124565 66418 1
124565 68751 1
124565 79218 1
124565 83819 1
124565 85733 1
31107 52668 1
31107 61516 1
31107 61528 1
31107 70433 1
31107 76038 1
31107 84144 1
31107 87056 1
52668 31107 1
52668 61516 1
52668 61528 1
52668 70433 1
52668 76038 1
52668 84144 1
52668 87056 1
61516 31107 1
61516 52668 1
61516 61528 1
61516 70433 1
61516 76038 1
61516 84144 1
61516 87056 1
70433 31107 1
70433 44831 1
70433 52668 1
70433 54097 1
70433 61516 1
70433 61528 1
70433 76038 1
70433 84144 1
70433 87056 1
70433 102072 1
70433 108306 1
70433 110736 1
76038 31107 1
76038 52668 1
76038 61516 1
76038 61528 1
76038 70433 1
76038 84144 1
76038 84226 1
76038 87056 1
84144 31107 1
84144 52668 1
84144 61516 1
84144 61528 1
84144 70433 1
84144 76038 1
84144 87056 1
85237 61528 1
85237 85239 1
85237 85241 1
85237 94043 1
85237 94987 1
85237 104196 1
87056 31107 1
87056 52668 1
87056 61516 1
87056 61528 1
87056 70433 1
87056 76038 1
87056 84144 1
94043 61528 1
94043 85237 1
94043 104196 1
104196 61528 1
104196 85237 1
104196 94043 1
55154 55397 1
55154 63721 1
55154 65427 1
55154 76265 1
55154 112371 1
55397 55154 1
55397 63721 1
55397 65427 1
55397 112371 1
63721 55154 1
63721 55397 1
63721 65427 1
63721 112371 1
73631 65427 1
73631 66162 1
73631 88321 1
73631 90319 1
73631 94984 1
73631 101019 1
73631 106943 1
73631 115134 1
73631 115135 1
73631 121403 1
94984 65427 1
94984 73631 1
94984 98358 1
94984 101019 1
94984 115134 1
94984 115135 1
94984 121403 1
101019 65427 1
101019 73631 1
101019 94984 1
101019 115134 1
101019 115135 1
101019 121403 1
112371 55154 1
112371 55397 1
112371 63721 1
112371 65427 1
115134 65427 1
115134 73631 1
115134 94984 1
115134 101019 1
115134 115135 1
115134 121403 1
115135 65427 1
115135 73631 1
115135 94984 1
115135 101019 1
115135 115134 1
115135 121403 1
121403 65427 1
121403 73631 1
121403 94984 1
121403 101019 1
121403 115134 1
121403 115135 1
3207 22032 1
3207 53461 1
3207 62433 1
3207 62774 1
3207 63348 1
3207 71757 1
62433 3207 1
62433 62774 1
62433 63348 1
62433 71757 1
62433 78141 1
62433 85964 1
62433 98358 1
62774 3207 1
62774 30244 1
62774 62433 1
62774 63348 1
62774 71757 1
63348 3207 1
63348 62433 1
63348 62774 1
63348 71757 1
63348 76149 1
47510 47522 1
47510 51930 1
47510 72263 1
47522 47510 1
47522 72263 1
64959 70184 1
64959 72266 1
64959 87454 1
64959 90990 1
64959 92288 1
64959 108302 1
70184 22048 1
70184 49922 1
70184 60800 1
70184 64959 1
70184 72266 1
70184 87454 1
70184 90990 1
70184 92288 1
70184 108302 1
87454 64959 1
87454 70184 1
87454 72266 1
87454 82528 1
87454 87162 1
87454 87455 1
87454 89315 1
87454 90990 1
87454 92288 1
87454 108302 1
90990 64959 1
90990 70184 1
90990 72266 1
90990 87454 1
90990 92288 1
90990 108302 1
92288 62535 1
92288 64959 1
92288 70184 1
92288 72266 1
92288 87454 1
92288 90990 1
92288 108302 1
108302 64959 1
108302 70184 1
108302 72266 1
108302 87454 1
108302 90990 1
108302 92288 1
108302 106965 1
108302 108377 1
123279 49325 1
123279 58579 1
123279 72268 1
123279 83493 1
123279 124540 1
124540 72268 1
124540 123279 1
70677 73626 1
70677 84249 1
70677 114625 1
84249 70677 1
84249 73626 1
84249 75552 1
58570 49319 1
58570 74065 1
58570 76149 1
58570 76236 1
58570 76237 1
58570 80187 1
58570 85964 1
74065 49319 1
74065 58570 1
74065 76236 1
74065 76237 1
74065 85964 1
76237 49319 1
76237 58570 1
76237 74065 1
76237 76236 1
76237 85964 1
85964 49319 1
85964 58570 1
85964 62433 1
85964 73711 1
85964 74065 1
85964 76236 1
85964 76237 1
85964 78141 1
85964 79767 1
41519 49535 1
41519 50727 1
41519 52111 1
41519 59423 1
41519 67111 1
41519 70679 1
41519 70680 1
41519 73801 1
41519 77991 1
41519 82318 1
41736 48229 1
41736 53498 1
41736 73711 1
41736 77991 1
41736 95815 1
41736 99045 1
48229 41736 1
48229 53498 2
48229 73711 1
48229 77261 1
48229 77991 1
48229 95815 1
48229 99045 1
48362 57332 1
48362 62054 1
48362 77261 1
48362 77991 1
48362 83508 1
48362 95442 1
49535 41519 1
49535 50727 1
49535 52111 1
49535 59423 1
49535 67111 1
49535 70679 1
49535 70680 1
49535 73801 1
49535 77991 1
49535 82318 1
50727 41519 1
50727 49535 1
50727 52111 1
50727 59423 1
50727 67111 1
50727 70679 1
50727 70680 1
50727 73801 1
50727 77991 1
50727 82318 1
52111 41519 1
52111 49535 1
52111 50727 1
52111 59423 1
52111 67111 1
52111 70679 1
52111 70680 1
52111 73801 1
52111 77991 1
52111 82318 1
57332 48362 1
57332 62054 1
57332 77261 1
57332 77991 1
57332 83508 1
57332 95442 1
59423 41519 1
59423 49535 1
59423 50727 1
59423 52111 1
59423 67111 1
59423 70679 1
59423 70680 1
59423 73801 1
59423 77991 1
59423 82318 1
62054 48362 1
62054 57332 1
62054 77261 1
62054 77991 1
62054 83508 1
62054 95442 1
67111 41519 1
67111 49535 1
67111 50727 1
67111 52111 1
67111 59423 1
67111 70679 1
67111 70680 1
67111 73801 1
67111 77991 1
67111 82318 1
70679 41519 1
70679 49535 1
70679 50727 1
70679 52111 1
70679 59423 1
70679 67111 1
70679 70680 1
70679 73801 1
70679 77991 1
70679 82318 1
70680 41519 1
70680 49535 1
70680 50727 1
70680 52111 1
70680 59423 1
70680 67111 1
70680 70679 1
70680 73801 1
70680 77991 1
70680 82318 1
73801 41519 1
73801 49535 1
73801 50727 1
73801 52111 1
73801 59423 1
73801 60353 1
73801 67111 1
73801 70679 1
73801 70680 1
73801 73802 1
73801 77991 1
73801 82318 1
82318 29570 1
82318 41519 1
82318 49535 1
82318 50727 1
82318 52111 1
82318 59423 1
82318 64555 1
82318 67111 1
82318 70679 1
82318 70680 1
82318 73801 1
82318 77991 1
83508 48362 1
83508 57332 1
83508 62054 1
83508 77261 1
83508 77991 1
83508 95442 1
95442 48362 1
95442 57332 1
95442 62054 1
95442 64429 1
95442 76461 1
95442 77261 1
95442 77991 1
95442 83508 1
95442 88321 1
99045 41736 1
99045 48229 1
99045 53498 1
99045 73711 1
99045 77991 1
99045 95815 1
99045 98185 1
114384 89927 1
114384 99176 1
114384 99977 1
114384 99981 1
114384 116996 1
54883 59191 1
54883 76025 1
54883 79710 1
54883 83086 1
54883 86887 1
54883 89316 1
54883 91155 1
54883 94080 1
54883 98185 1
55355 74171 1
55355 95098 1
55355 98183 1
55355 98185 1
55355 98358 1
55355 101304 1
55355 112193 1
59191 54883 1
59191 76025 1
59191 79710 1
59191 83086 1
59191 86887 1
59191 89316 1
59191 91155 1
59191 94080 1
59191 98185 1
74171 55355 1
74171 95098 1
74171 98183 1
74171 98185 1
74171 98358 1
74171 101304 1
74171 112193 1
76025 54883 1
76025 59191 1
76025 79710 1
76025 83086 1
76025 86887 1
76025 89316 1
76025 91155 1
76025 94080 1
76025 98185 1
76461 64429 1
76461 80786 1
76461 88321 1
76461 95442 1
76461 98185 1
76461 99044 1
79710 54883 1
79710 59191 1
79710 76025 1
79710 83086 1
79710 86887 1
79710 89316 1
79710 91155 1
79710 94080 1
79710 98185 1
80786 76461 1
80786 98185 1
80786 99044 1
80786 114744 1
83086 54883 1
83086 59191 1
83086 76025 1
83086 79710 1
83086 86887 1
83086 89316 1
83086 91155 1
83086 94080 1
83086 98185 1
86887 54883 1
86887 59191 1
86887 76025 1
86887 79710 1
86887 83086 1
86887 89316 1
86887 91155 1
86887 94080 1
86887 98185 1
88319 98185 1
89316 54883 1
89316 59191 1
89316 76025 1
89316 79710 1
89316 83086 1
89316 86887 1
89316 91155 1
89316 94080 1
89316 98185 1
91155 54883 1
91155 59191 1
91155 66612 1
91155 76025 1
91155 76459 1
91155 79710 1
91155 83086 1
91155 86887 1
91155 89316 1
91155 94080 1
91155 98185 1
92286 94532 1
92286 98185 1
94080 54883 1
94080 59191 1
94080 76025 1
94080 79710 1
94080 83086 1
94080 86887 1
94080 89316 1
94080 91155 1
94080 98185 1
94532 92286 1
94532 98185 1
95098 55355 1
95098 56956 1
95098 74171 1
95098 87455 1
95098 98183 1
95098 98185 1
95098 98358 1
95098 101304 1
95098 112193 2
98183 55355 1
98183 74171 1
98183 95098 1
98183 98185 1
98183 98358 1
98183 101304 1
98183 112193 1
99044 76461 1
99044 80786 1
99044 98185 1
99048 98185 1
99048 109105 1
101304 55355 1
101304 74171 1
101304 76108 1
101304 87162 1
101304 95098 1
101304 98183 1
101304 98185 1
101304 98358 1
101304 112193 3
101304 112194 1
108635 92834 1
108635 98185 1
112193 55355 1
112193 74171 1
112193 76108 1
112193 95098 2
112193 98183 1
112193 98185 1
112193 98358 1
112193 101304 3
112193 112194 1
112364 48234 1
112364 60754 1
112364 98185 1
112364 114625 1
113089 98185 1
113089 102072 1
113089 106943 1
22048 31911 1
22048 37175 1
22048 43091 1
22048 44831 1
22048 52587 1
22048 70184 1
22048 93073 1
31911 22048 1
31911 37175 1
31911 43091 1
31911 44831 1
31911 52587 1
31911 93073 1
37175 22048 1
37175 31911 1
37175 43091 1
37175 44831 1
37175 52587 1
37175 79093 1
37175 93073 1
43091 22048 1
43091 31911 1
43091 37175 1
43091 44831 1
43091 52587 1
43091 93073 1
44831 22048 1
44831 31911 1
44831 37175 1
44831 43091 1
44831 52587 1
44831 70433 1
44831 76245 1
44831 77261 1
44831 93073 1
54783 60754 1
96686 86494 1
96686 104193 1
104193 86494 1
104193 96686 1
84707 85546 1
64403 86024 1
81066 111400 1
16851 22032 1
16851 43014 1
16851 51077 1
22032 3207 1
22032 16851 1
22032 43014 1
22032 51077 1
22032 53461 1
51077 16851 1
51077 22032 1
51077 43014 1
49328 60670 1
52475 51918 1
52475 63766 1
52248 16162 1
54094 61963 1
54972 30244 1
54972 54971 1
124561 89310 1
45162 33089 1
45162 59026 1
59026 33089 1
59026 45162 1
43323 40398 1
40291 46923 1
40291 57227 1
46923 40291 1
46923 57227 1
69861 76149 1
69861 121586 1
79309 75683 1
79309 76149 1
121586 69861 1
121586 76149 1
32169 35109 1
60800 49922 1
60800 70184 1
63067 60516 1
76292 60516 1
58961 42003 1
61436 61438 1
86994 65199 1
92300 87049 1
58182 58183 1
58182 58185 1
58182 95430 1
58183 58182 1
58183 58185 1
58183 95430 1
58185 58182 1
58185 58183 1
58185 95430 1
83884 74320 1
79164 71833 1
79164 75549 1
79164 75550 1
79164 79535 1
50754 43021 1
50754 54103 1
54103 43021 1
54103 50754 1
123456 55661 1
79108 59318 2
79108 74983 1
56313 64402 1
77696 64402 1
52667 65664 1
52119 73862 1
49668 57301 1
49668 76245 1
57301 49668 1
57301 57302 1
57301 76245 1
124492 101858 1
64604 106943 1
109992 109991 1
84253 83174 1
84253 122179 1
95099 75358 1
79903 91983 1
87523 107677 1
76239 66612 1
92382 90168 2
113160 90174 1
47547 65382 1
108128 108430 1
114431 108430 1
114431 126317 1
126317 108430 1
126317 114431 1
31255 57695 1
25686 75547 1
97487 97486 1
97487 97488 1
97488 97486 1
97488 97487 1
83493 102241 1
83493 123279 1
78622 57446 1
115657 66162 1
119723 66162 1
66588 60408 1
74355 124309 1
58574 71449 1
47454 76582 1
80476 80477 1
80476 80479 1
80479 80476 1
80479 80477 1
54356 58336 1
117412 89963 1
117412 114194 1
19329 39387 1
19329 51918 1
39387 19329 1
39387 51918 1
53953 48222 1
53953 60472 1
60472 48222 1
60472 53953 1
54097 70433 1
53461 3207 1
53461 22032 1
82528 87454 1
62535 92288 1
49325 58579 1
49325 123279 1
58579 49325 1
58579 123279 1
60353 73801 1
73802 73801 1
29570 64555 1
29570 82318 1
64555 29570 1
64555 82318 1
76459 91155 1
56956 95098 1
109105 99048 1
76108 101304 1
76108 112193 1
76108 112194 1
112194 76108 1
112194 101304 1
112194 112193 1
83174 84253 1
57302 57301 1
