114990 114991 1
114991 114990 1
114991 116666 1
114991 116668 1
116666 65160 1
116666 101181 1
116666 103420 1
116666 106676 1
116666 114991 1
116666 116667 1
116666 116668 1
116668 114991 1
116668 116666 1
65160 65159 1
65160 65161 1
65160 73188 1
65160 73195 1
65160 80411 1
65160 81400 1
65160 82541 1
65160 85556 1
65160 86770 1
65160 104254 1
65160 106676 1
65160 114374 1
65160 114620 1
65160 114874 1
65160 116666 1
65160 119004 1
101181 101178 1
101181 101179 1
101181 101180 1
101181 101182 1
101181 103415 1
101181 103420 1
101181 116187 1
101181 116666 1
101181 116667 1
101181 117744 1
103420 59223 1
103420 61650 1
103420 62103 1
103420 67683 1
103420 74150 1
103420 78037 1
103420 80287 1
103420 91873 1
103420 92576 1
103420 93937 1
103420 95814 1
103420 100216 1
103420 101181 1
103420 102894 1
103420 103153 1
103420 103416 1
103420 103417 1
103420 103528 1
103420 107316 1
103420 107605 1
103420 111470 1
103420 114321 1
103420 114917 1
103420 115409 1
103420 116666 1
103420 116667 1
103420 118779 1
103420 119016 1
106676 65160 1
106676 96672 1
106676 116666 1
116667 65161 1
116667 65787 1
116667 73203 1
116667 101181 1
116667 103420 1
116667 114527 1
116667 116666 1
65159 35948 1
65159 35949 1
65159 50452 1
65159 58228 2
65159 58636 1
65159 59195 1
65159 60155 1
65159 60606 1
65159 61769 2
65159 62041 1
65159 62042 1
65159 62044 1
65159 65160 1
65159 65161 1
65159 65162 1
65159 70428 1
65159 74912 1
65159 81400 2
65159 82541 1
65159 83979 1
65159 85556 1
65159 86770 1
65159 86771 1
65159 93593 1
65159 94632 1
65159 104221 1
65159 104254 1
65159 106649 1
65159 119897 1
65159 124842 1
65161 39491 1
65161 65159 1
65161 65160 1
65161 75365 1
65161 81400 1
65161 85556 1
65161 86770 1
65161 93644 2
65161 96672 1
65161 100108 1
65161 100109 1
65161 104254 2
65161 108525 1
65161 109383 1
65161 114319 1
65161 116667 1
65161 117990 2
65161 117991 1
65161 118581 1
65161 118693 1
73188 45199 1
73188 65160 1
73188 68059 1
73188 75365 1
73188 80411 1
73188 82541 1
73188 101471 1
73188 101689 1
73188 105106 1
73188 114374 1
73188 119004 1
73188 124644 1
73195 35943 1
73195 52636 1
73195 62042 1
73195 65160 1
73195 68059 1
73195 68190 1
73195 73196 1
73195 82541 1
73195 83979 1
73195 85274 1
73195 89541 1
73195 91760 1
73195 96598 1
73195 100110 1
73195 104403 1
73195 108175 1
73195 114318 1
73195 115514 1
73195 122595 1
73195 126005 1
80411 58235 1
80411 65160 1
80411 65162 1
80411 67315 1
80411 73188 1
80411 73866 1
80411 81303 1
80411 81402 1
80411 82541 1
80411 83575 1
80411 87869 1
80411 100125 1
80411 101250 1
80411 109268 1
80411 109269 1
80411 114374 1
81400 35945 1
81400 58228 1
81400 58635 1
81400 59023 1
81400 61769 1
81400 65159 2
81400 65160 1
81400 65161 1
81400 67315 1
81400 67317 1
81400 67319 1
81400 68478 1
81400 68482 1
81400 68483 1
81400 74912 1
81400 75365 1
81400 80277 1
81400 81399 1
81400 81401 1
81400 81402 2
81400 81404 1
81400 82545 1
81400 82946 1
81400 83575 1
81400 83978 1
81400 83979 1
81400 85556 1
81400 86770 1
81400 87012 1
81400 93280 1
81400 97628 1
81400 100125 1
81400 104254 1
81400 104403 1
81400 108175 1
81400 108527 1
81400 123829 1
82541 32663 1
82541 32664 1
82541 34518 1
82541 35871 1
82541 35947 1
82541 38102 1
82541 45199 1
82541 58635 1
82541 58636 1
82541 60155 2
82541 60606 1
82541 61769 1
82541 65159 1
82541 65160 1
82541 67311 2
82541 67312 1
82541 68190 2
82541 73188 1
82541 73195 1
82541 75365 1
82541 80411 1
82541 82545 1
82541 84660 1
82541 92512 1
82541 93593 1
82541 94632 1
82541 96465 1
82541 100125 1
82541 104004 1
82541 114374 1
82541 126005 1
85556 65159 1
85556 65160 1
85556 65161 1
85556 67311 1
85556 71429 1
85556 81400 1
85556 82946 1
85556 85555 1
85556 86770 1
85556 104254 1
86770 65159 1
86770 65160 1
86770 65161 1
86770 67312 1
86770 69184 1
86770 75365 1
86770 75367 1
86770 81400 1
86770 85556 1
86770 86771 1
86770 86772 1
86770 97628 1
86770 100549 1
86770 101353 1
86770 104254 1
86770 109268 1
86770 114844 1
86770 123268 1
104254 39491 1
104254 61152 1
104254 65159 1
104254 65160 1
104254 65161 2
104254 75365 1
104254 81400 1
104254 85556 1
104254 86770 1
104254 87303 1
104254 88558 1
104254 88567 1
104254 96672 1
104254 101471 1
104254 108175 1
104254 108527 1
104254 110860 1
104254 111482 1
104254 111483 1
104254 117224 1
114374 65160 1
114374 73188 1
114374 80411 1
114374 82541 1
114374 96373 1
114374 96721 1
114374 105492 1
114620 65160 1
114620 83975 1
114620 117950 1
114874 65160 1
114874 67315 1
114874 109486 1
119004 65160 1
119004 67315 1
119004 73188 1
119004 80413 1
119004 80414 1
119004 80415 1
119004 88562 1
119004 91779 1
119004 93594 1
119004 97928 1
119004 101471 1
119004 106261 1
119004 108237 1
119004 110856 1
119004 113649 1
119004 115729 1
119004 117327 1
101178 48347 1
101178 55831 1
101178 57748 1
101178 58039 1
101178 76485 1
101178 82605 1
101178 88723 1
101178 88928 1
101178 91557 1
101178 93202 1
101178 93203 1
101178 94658 1
101178 96474 1
101178 96677 1
101178 101179 1
101178 101180 1
101178 101181 1
101178 101182 1
101178 103260 1
101178 103415 1
101178 105162 1
101178 105477 1
101178 106500 1
101178 114091 1
101178 116187 1
101178 117744 1
101178 117976 1
101178 124914 1
101178 125660 1
101178 126534 1
101179 101178 1
101179 101180 1
101179 101181 1
101179 101182 1
101179 103415 1
101179 116187 1
101179 117744 1
101180 101178 1
101180 101179 1
101180 101181 1
101180 101182 1
101180 103415 1
101180 111005 1
101180 116130 1
101180 116187 1
101180 117744 1
101182 101178 1
101182 101179 1
101182 101180 1
101182 101181 1
101182 103415 1
101182 116187 1
101182 117744 1
103415 59845 1
103415 63427 1
103415 64197 1
103415 64343 1
103415 67584 1
103415 68569 1
103415 72167 1
103415 72168 1
103415 74437 1
103415 76550 1
103415 77174 1
103415 79888 1
103415 79889 1
103415 82491 1
103415 87330 1
103415 88438 1
103415 88770 1
103415 88771 1
103415 94816 1
103415 94911 1
103415 96014 1
103415 97914 1
103415 98352 1
103415 98762 1
103415 101178 1
103415 101179 1
103415 101180 1
103415 101181 1
103415 101182 1
103415 101489 1
103415 105034 1
103415 105093 1
103415 105094 1
103415 105095 1
103415 105096 1
103415 106709 1
103415 106745 1
103415 107035 1
103415 107874 1
103415 108106 1
103415 110309 1
103415 111091 1
103415 112571 1
103415 116187 1
103415 116510 1
103415 117744 1
103415 124913 1
103415 127428 1
116187 101178 1
116187 101179 1
116187 101180 1
116187 101181 1
116187 101182 1
116187 103415 1
116187 117744 1
117744 50555 1
117744 50559 2
117744 50575 1
117744 51133 1
117744 63386 1
117744 67244 1
117744 71787 1
117744 72157 1
117744 74965 1
117744 75489 1
117744 76484 3
117744 78627 1
117744 81937 1
117744 83032 1
117744 83712 1
117744 88158 1
117744 88765 1
117744 88977 1
117744 90491 1
117744 90552 1
117744 91216 1
117744 91567 1
117744 91833 1
117744 92976 1
117744 94816 1
117744 96090 1
117744 97337 1
117744 98761 1
117744 99678 3
117744 99679 1
117744 99681 1
117744 99989 1
117744 100027 2
117744 100028 1
117744 101178 1
117744 101179 1
117744 101180 1
117744 101181 1
117744 101182 1
117744 101334 1
117744 101940 1
117744 102456 1
117744 103415 1
117744 103434 1
117744 103721 1
117744 104892 1
117744 105175 1
117744 105422 1
117744 105423 1
117744 105424 1
117744 105425 1
117744 106441 1
117744 106745 1
117744 106860 1
117744 107037 2
117744 107912 1
117744 108105 1
117744 108238 1
117744 109525 1
117744 111497 1
117744 112717 1
117744 113343 1
117744 113915 1
117744 114326 1
117744 114487 1
117744 114759 2
117744 115266 1
117744 116187 1
117744 116577 1
117744 117222 1
117744 117541 1
117744 117703 2
117744 117745 1
117744 122505 1
117744 127202 2
59223 17256 1
59223 41182 1
59223 44486 1
59223 45349 1
59223 48793 1
59223 49904 1
59223 54457 1
59223 54748 1
59223 58129 1
59223 61650 1
59223 68362 1
59223 71330 1
59223 71485 1
59223 72447 1
59223 73815 1
59223 73869 1
59223 74150 1
59223 74885 1
59223 75026 1
59223 77808 1
59223 81269 1
59223 82334 1
59223 82810 1
59223 87173 1
59223 91731 1
59223 95805 1
59223 97116 1
59223 97117 1
59223 99024 1
59223 102894 1
59223 103420 1
59223 105266 1
61650 51479 1
61650 59223 1
61650 74150 2
61650 76466 1
61650 102894 1
61650 103420 1
62103 67683 1
62103 103416 1
62103 103417 1
62103 103420 1
62103 115409 1
67683 62103 1
67683 103416 1
67683 103417 1
67683 103420 1
67683 115409 1
74150 51038 1
74150 51421 1
74150 51479 1
74150 52507 1
74150 54460 1
74150 59223 1
74150 61650 2
74150 63435 1
74150 67654 1
74150 69088 1
74150 75223 1
74150 76466 1
74150 77349 1
74150 79677 1
74150 81612 1
74150 88539 1
74150 91689 1
74150 102894 1
74150 103420 1
78037 41713 1
78037 43872 1
78037 45714 1
78037 49847 1
78037 56577 1
78037 81286 1
78037 85312 1
78037 87709 1
78037 92155 1
78037 92697 1
78037 95876 1
78037 97123 1
78037 103420 1
78037 107903 1
80287 75397 1
80287 87225 1
80287 89892 1
80287 98187 1
80287 98189 1
80287 103420 1
91873 67092 1
91873 68686 1
91873 84543 1
91873 89082 1
91873 93937 2
91873 95775 1
91873 95805 1
91873 95814 1
91873 97441 1
91873 100216 1
91873 100463 1
91873 101100 1
91873 102508 1
91873 103420 1
91873 107316 1
91873 107605 1
91873 109762 1
91873 111341 1
91873 112304 1
91873 114321 1
91873 116715 1
92576 65580 1
92576 66719 1
92576 70237 1
92576 71933 1
92576 73492 1
92576 75908 1
92576 77384 1
92576 82716 1
92576 84632 2
92576 86104 1
92576 87382 1
92576 97580 1
92576 103420 1
92576 106786 1
92576 118779 1
92576 119016 1
93937 51087 1
93937 56398 1
93937 56555 1
93937 61577 1
93937 61955 1
93937 64183 1
93937 67184 1
93937 67668 1
93937 67685 1
93937 68709 1
93937 70855 1
93937 71240 1
93937 71917 1
93937 72033 1
93937 72034 1
93937 76367 1
93937 77914 1
93937 77950 1
93937 81286 1
93937 83635 1
93937 87382 1
93937 87622 1
93937 87625 1
93937 89082 1
93937 89701 1
93937 91744 1
93937 91835 1
93937 91873 2
93937 91876 1
93937 93938 1
93937 93939 1
93937 94144 1
93937 94829 1
93937 95814 1
93937 98408 1
93937 100216 1
93937 101034 1
93937 101908 1
93937 101909 1
93937 103420 1
93937 103935 1
93937 105679 1
93937 107316 1
93937 107605 1
93937 108755 1
93937 110200 1
93937 112424 1
93937 113625 1
93937 114321 1
93937 114701 1
93937 114702 1
93937 115404 1
93937 116715 1
95814 67391 1
95814 74245 1
95814 75380 1
95814 77381 1
95814 91873 1
95814 93937 1
95814 100216 1
95814 103420 1
95814 107316 1
95814 107605 1
95814 114321 1
95814 114707 1
100216 76734 1
100216 91873 1
100216 93937 1
100216 95814 1
100216 100215 1
100216 102508 1
100216 103420 1
100216 104232 1
100216 107316 1
100216 107605 1
100216 110335 1
100216 114321 1
102894 38802 1
102894 43030 1
102894 59223 1
102894 61650 1
102894 63013 1
102894 63443 1
102894 67344 1
102894 71927 1
102894 72343 1
102894 72757 1
102894 74150 1
102894 78045 1
102894 81613 1
102894 81773 1
102894 103420 1
103153 38187 1
103153 44165 1
103153 56398 1
103153 69105 1
103153 71240 1
103153 71616 1
103153 73525 1
103153 76043 1
103153 76367 1
103153 78483 1
103153 79076 1
103153 82160 1
103153 87621 1
103153 87622 1
103153 87625 1
103153 90780 1
103153 91842 1
103153 93939 1
103153 94567 1
103153 97056 1
103153 97552 1
103153 101991 1
103153 102092 1
103153 102508 1
103153 103152 1
103153 103420 1
103153 104799 1
103153 114917 1
103153 118779 1
103416 62103 1
103416 67683 1
103416 103417 1
103416 103420 1
103416 115409 1
103417 53040 1
103417 57035 1
103417 62103 1
103417 67683 1
103417 78282 1
103417 85085 2
103417 89282 1
103417 94272 1
103417 97719 1
103417 103416 1
103417 103420 1
103417 115409 1
103417 122939 1
103528 103420 1
107316 91873 1
107316 93937 1
107316 95814 1
107316 100216 1
107316 103420 1
107316 107605 1
107316 114321 1
107605 91873 1
107605 93937 1
107605 95814 1
107605 100216 1
107605 103420 1
107605 107316 1
107605 114321 1
111470 103420 1
114321 64183 1
114321 66719 1
114321 87388 1
114321 87390 1
114321 91245 1
114321 91833 1
114321 91873 1
114321 93937 1
114321 95814 1
114321 100216 1
114321 103420 1
114321 104799 1
114321 107316 1
114321 107605 1
114917 103153 1
114917 103420 1
115409 62103 1
115409 67683 1
115409 103416 1
115409 103417 1
115409 103420 1
118779 67668 1
118779 71240 1
118779 78483 1
118779 92576 1
118779 97056 1
118779 97552 1
118779 103153 1
118779 103420 1
118779 104799 1
118779 106786 1
118779 119016 1
119016 88539 1
119016 92576 1
119016 103420 1
119016 103935 1
119016 118779 1
96672 39491 1
96672 65161 1
96672 67311 1
96672 68190 1
96672 73196 1
96672 80277 1
96672 81303 1
96672 82946 1
96672 88567 1
96672 104254 1
96672 106676 1
65787 73203 1
65787 114527 1
65787 116667 1
73203 65787 1
73203 114527 1
73203 116667 1
114527 65787 1
114527 73203 1
114527 116667 1
35948 58636 1
35948 60155 1
35948 61769 1
35948 62041 1
35948 62042 1
35948 62044 1
35948 65159 1
35948 82946 1
35948 83979 1
35948 94632 1
35949 50452 1
35949 58636 1
35949 65159 1
35949 81303 1
35949 86771 1
50452 32664 1
50452 35949 1
50452 45199 1
50452 58636 2
50452 65159 1
50452 85555 1
50452 86771 1
50452 94632 1
58228 58241 1
58228 61769 3
58228 65159 2
58228 81400 1
58228 83975 2
58228 85274 1
58636 32664 1
58636 35947 1
58636 35948 1
58636 35949 1
58636 39491 1
58636 45199 2
58636 50452 2
58636 58635 1
58636 60155 1
58636 61152 1
58636 65159 1
58636 73196 2
58636 75365 1
58636 82541 1
58636 82946 2
58636 84660 1
58636 86771 1
58636 87869 1
58636 94632 2
58636 100125 1
59195 65159 1
59195 65162 1
59195 93593 1
59195 104221 1
59195 119897 1
59195 124842 1
60155 32663 1
60155 32664 1
60155 34518 2
60155 35871 1
60155 35943 1
60155 35948 1
60155 38102 1
60155 58635 1
60155 58636 1
60155 65159 1
60155 82541 2
60606 65159 1
60606 67311 1
60606 67312 1
60606 70428 1
60606 74912 1
60606 81303 1
60606 82541 1
60606 93593 1
60606 106649 1
61769 35947 1
61769 35948 1
61769 58228 3
61769 61770 1
61769 65159 2
61769 81400 1
61769 82541 1
61769 82946 1
61769 100125 1
62041 35948 1
62041 62042 1
62041 62044 1
62041 65159 1
62041 83979 1
62041 94632 1
62042 35948 1
62042 58235 1
62042 62041 1
62042 62044 1
62042 65159 1
62042 73195 1
62042 83979 1
62042 94632 1
62042 100110 1
62042 104403 1
62044 35948 1
62044 62041 1
62044 62042 1
62044 65159 1
62044 83979 1
62044 94632 1
65162 59195 1
65162 65159 1
65162 80411 1
65162 87869 1
65162 93593 1
65162 104221 1
65162 119897 1
65162 124842 1
70428 58635 1
70428 60606 1
70428 65159 1
70428 68483 1
70428 74912 1
70428 106649 1
74912 60606 1
74912 65159 1
74912 69184 1
74912 70428 1
74912 73196 1
74912 74910 1
74912 81400 1
74912 82545 1
74912 106649 1
83979 35948 1
83979 58635 1
83979 59023 1
83979 62041 1
83979 62042 1
83979 62044 1
83979 65159 1
83979 68478 1
83979 68482 1
83979 68483 1
83979 73195 1
83979 81303 1
83979 81400 1
83979 83975 1
83979 83978 1
83979 94632 1
83979 96598 1
83979 106649 1
83979 108175 1
83979 108527 1
83979 114318 1
83979 122595 1
83979 123829 1
86771 35949 1
86771 50452 1
86771 58636 1
86771 65159 1
86771 86770 1
86771 86772 1
86771 100549 1
93593 59195 1
93593 60606 1
93593 65159 1
93593 65162 1
93593 67311 1
93593 67312 1
93593 82541 1
93593 93594 1
93593 104221 1
93593 110860 1
93593 119897 1
93593 124842 1
94632 32664 1
94632 35948 1
94632 45199 2
94632 50452 1
94632 58636 2
94632 62041 1
94632 62042 1
94632 62044 1
94632 65159 1
94632 68059 1
94632 73196 1
94632 75365 1
94632 80277 1
94632 82541 1
94632 83975 1
94632 83979 1
94632 85274 1
94632 110856 1
104221 59195 1
104221 65159 1
104221 65162 1
104221 93593 1
104221 119897 1
104221 124842 1
106649 60606 1
106649 65159 1
106649 70428 1
106649 74912 1
106649 75365 1
106649 83979 1
106649 85274 1
119897 59195 1
119897 65159 1
119897 65162 1
119897 93593 1
119897 104221 1
119897 119898 1
119897 124842 1
124842 59195 1
124842 65159 1
124842 65162 1
124842 93593 1
124842 104221 1
124842 119897 1
39491 58636 1
39491 61152 1
39491 65161 1
39491 67315 1
39491 82545 1
39491 82946 1
39491 96672 1
39491 104254 1
75365 45199 1
75365 52636 1
75365 58636 1
75365 61152 1
75365 65161 1
75365 67312 1
75365 73188 1
75365 75367 1
75365 80277 1
75365 81400 1
75365 82541 1
75365 85274 1
75365 86770 1
75365 87303 1
75365 94632 1
75365 96465 1
75365 96598 1
75365 101471 1
75365 104254 1
75365 106649 1
75365 108175 1
75365 109268 1
75365 123268 1
93644 65161 2
93644 109383 1
93644 114319 1
93644 117990 2
93644 117991 1
93644 118581 1
93644 118693 1
100108 65161 1
100108 100109 1
100109 65161 1
100109 100108 1
108525 65161 1
109383 65161 1
109383 93644 1
109383 114319 1
109383 117990 1
109383 117991 1
114319 65161 1
114319 93644 1
114319 109383 1
114319 117990 1
114319 117991 1
117990 65161 2
117990 93644 2
117990 109383 1
117990 114319 1
117990 117989 1
117990 117991 1
117990 118581 1
117990 118693 1
117991 65161 1
117991 93644 1
117991 109383 1
117991 114319 1
117991 117990 1
118581 65161 1
118581 69184 1
118581 93644 1
118581 110860 1
118581 117990 1
118581 118693 1
118693 58235 1
118693 65161 1
118693 93644 1
118693 117990 1
118693 118581 1
45199 32664 1
45199 50452 1
45199 58636 2
45199 73188 1
45199 75365 1
45199 82541 1
45199 94632 2
45199 101471 1
45199 101689 1
68059 73188 1
68059 73195 1
68059 73196 2
68059 80277 1
68059 91760 1
68059 94632 1
68059 108175 1
68059 124644 1
101471 45199 1
101471 61152 1
101471 67311 1
101471 67315 1
101471 73188 1
101471 75365 1
101471 80413 1
101471 80414 1
101471 80415 1
101471 87303 1
101471 88562 1
101471 91779 1
101471 93280 1
101471 93594 2
101471 101689 1
101471 104254 1
101471 106261 1
101471 108175 1
101471 119004 1
101689 45199 1
101689 73188 1
101689 101471 1
101689 108527 1
101689 109268 1
105106 73188 1
105106 101353 1
105106 114318 1
124644 68059 1
124644 73188 1
35943 34518 1
35943 35871 1
35943 60155 1
35943 73195 1
52636 73195 1
52636 75365 1
52636 115514 1
68190 67311 1
68190 73195 1
68190 81303 1
68190 82541 2
68190 88567 1
68190 96672 1
68190 126005 1
73196 58636 2
73196 68059 2
73196 69184 1
73196 73195 1
73196 74912 1
73196 80277 1
73196 84660 1
73196 91760 1
73196 94632 1
73196 96672 1
73196 100125 1
73196 108175 1
85274 58228 1
85274 67311 1
85274 67312 1
85274 73195 1
85274 75365 1
85274 83975 1
85274 94632 1
85274 106649 1
89541 73195 1
91760 68059 1
91760 73195 1
91760 73196 1
91760 108175 1
96598 73195 1
96598 75365 1
96598 83979 1
96598 114318 1
96598 122595 1
100110 62042 1
100110 73195 1
100110 104403 1
104403 62042 1
104403 67315 1
104403 73195 1
104403 81400 1
104403 87012 1
104403 100110 1
104403 100125 1
104403 104404 1
108175 58635 1
108175 59023 1
108175 61152 1
108175 68059 1
108175 68478 1
108175 68482 1
108175 68483 1
108175 73195 1
108175 73196 1
108175 75365 1
108175 81400 1
108175 83979 1
108175 87303 1
108175 91760 1
108175 101471 1
108175 104254 1
108175 108527 1
108175 123829 1
114318 73195 1
114318 83979 1
114318 96598 1
114318 105106 1
114318 122595 1
115514 52636 1
115514 73195 1
115514 86772 1
122595 73195 1
122595 81402 1
122595 83979 1
122595 93594 1
122595 96598 1
122595 114318 1
126005 68190 1
126005 73195 1
126005 82541 1
58235 62042 1
58235 80411 1
58235 118693 1
67315 39491 1
67315 61152 1
67315 73866 1
67315 80411 1
67315 80413 1
67315 80414 1
67315 80415 1
67315 81303 1
67315 81400 1
67315 81402 1
67315 83575 1
67315 87012 1
67315 88562 1
67315 91779 1
67315 93594 1
67315 100125 2
67315 101250 1
67315 101471 1
67315 104403 1
67315 106261 1
67315 109486 1
67315 114874 1
67315 119004 1
73866 67315 1
73866 68478 1
73866 80411 1
73866 81303 2
73866 81402 1
73866 82545 1
73866 83575 2
73866 100125 1
73866 101250 1
81303 35949 1
81303 60606 1
81303 67311 1
81303 67315 1
81303 68190 1
81303 68478 1
81303 73866 2
81303 80411 1
81303 81402 1
81303 83575 1
81303 83979 1
81303 85950 1
81303 88567 1
81303 96672 1
81303 100125 1
81303 101250 1
81402 67315 1
81402 67317 1
81402 67319 1
81402 73866 1
81402 80411 1
81402 81303 1
81402 81399 1
81402 81400 2
81402 81401 1
81402 82946 1
81402 83575 1
81402 83978 1
81402 93594 1
81402 100125 1
81402 101250 1
81402 122595 1
83575 67315 1
83575 73866 2
83575 80411 1
83575 81303 1
83575 81400 1
83575 81402 1
83575 81404 1
83575 82545 1
83575 97628 1
83575 100125 1
83575 101250 1
87869 58636 1
87869 65162 1
87869 67311 1
87869 80411 1
87869 82946 1
100125 32664 1
100125 35947 1
100125 58636 1
100125 61769 1
100125 67315 2
100125 68189 1
100125 73196 1
100125 73866 1
100125 80411 1
100125 81303 1
100125 81400 1
100125 81402 1
100125 82541 1
100125 83575 1
100125 87012 1
100125 93280 1
100125 101250 1
100125 104403 1
101250 67315 1
101250 73866 1
101250 80411 1
101250 81303 1
101250 81402 1
101250 83575 1
101250 100125 1
109268 67312 1
109268 75365 1
109268 75367 1
109268 80411 1
109268 86770 1
109268 101689 1
109268 109269 1
109268 123268 1
109269 80411 1
109269 109268 1
35945 81400 1
35945 93280 1
58635 32663 1
58635 32664 1
58635 34518 1
58635 35871 1
58635 38102 1
58635 58636 1
58635 59023 1
58635 60155 1
58635 68478 1
58635 68482 1
58635 68483 2
58635 70428 1
58635 81400 1
58635 82541 1
58635 83979 1
58635 108175 1
58635 108527 1
58635 123829 1
59023 58635 1
59023 68478 1
59023 68482 1
59023 68483 1
59023 81400 1
59023 83979 1
59023 108175 1
59023 108527 1
59023 123829 1
67317 67319 1
67317 81400 1
67317 81402 1
67317 82946 1
67317 83978 1
67319 67317 1
67319 70429 1
67319 81400 1
67319 81402 1
67319 82946 1
67319 83978 1
68478 35871 1
68478 58635 1
68478 59023 1
68478 68482 1
68478 68483 1
68478 73866 1
68478 81303 1
68478 81400 1
68478 83979 1
68478 108175 1
68478 108527 1
68478 123829 1
68482 58635 1
68482 59023 1
68482 68478 1
68482 68483 1
68482 81400 1
68482 83979 1
68482 108175 1
68482 108527 1
68482 123829 1
68483 58635 2
68483 59023 1
68483 68478 1
68483 68482 1
68483 70428 1
68483 81400 1
68483 83979 1
68483 108175 1
68483 108527 1
68483 123829 1
80277 68059 1
80277 73196 1
80277 75365 1
80277 81400 1
80277 82946 2
80277 94632 1
80277 96672 1
81399 81400 1
81399 81401 1
81399 81402 1
81401 81399 1
81401 81400 1
81401 81402 1
81404 69184 1
81404 81400 1
81404 83575 1
81404 97628 1
82545 39491 1
82545 73866 1
82545 74912 1
82545 81400 1
82545 82541 1
82545 83575 1
82946 35947 1
82946 35948 1
82946 39491 1
82946 58636 2
82946 61152 1
82946 61769 1
82946 67311 1
82946 67317 1
82946 67319 1
82946 71429 1
82946 80277 2
82946 81400 1
82946 81402 1
82946 83978 1
82946 85556 1
82946 87869 1
82946 96672 1
83978 67317 1
83978 67319 1
83978 81400 1
83978 81402 1
83978 82946 1
83978 83975 1
83978 83979 1
87012 67315 1
87012 81400 1
87012 100125 1
87012 104403 1
93280 35945 1
93280 81400 1
93280 93594 1
93280 100125 1
93280 101471 1
97628 81400 1
97628 81404 1
97628 83575 1
97628 86770 1
108527 58635 1
108527 59023 1
108527 68478 1
108527 68482 1
108527 68483 1
108527 75367 1
108527 81400 1
108527 83979 1
108527 88558 1
108527 88567 1
108527 101689 1
108527 104254 1
108527 108175 1
108527 123829 1
123829 58635 1
123829 59023 1
123829 68478 1
123829 68482 1
123829 68483 1
123829 81400 1
123829 83979 1
123829 108175 1
123829 108527 1
123829 123827 1
32663 32664 1
32663 34518 1
32663 35871 1
32663 38102 2
32663 58635 1
32663 60155 1
32663 82541 1
32664 32663 1
32664 34518 1
32664 35871 1
32664 38102 1
32664 45199 1
32664 50452 1
32664 58635 1
32664 58636 1
32664 60155 1
32664 82541 1
32664 94632 1
32664 100125 1
34518 8643 1
34518 12669 1
34518 12670 1
34518 32663 1
34518 32664 1
34518 35854 1
34518 35871 3
34518 35943 1
34518 38102 1
34518 58635 1
34518 60155 2
34518 61152 1
34518 82541 1
35871 32663 1
35871 32664 1
35871 34518 3
35871 35943 1
35871 38102 1
35871 58635 1
35871 60155 1
35871 68478 1
35871 82541 1
35947 57171 1
35947 58636 1
35947 61152 1
35947 61769 1
35947 82541 1
35947 82946 1
35947 100125 1
38102 32663 2
38102 32664 1
38102 34518 1
38102 35871 1
38102 58635 1
38102 60155 1
38102 82541 1
67311 60606 1
67311 67312 2
67311 68190 1
67311 69184 1
67311 71429 1
67311 81303 1
67311 82541 2
67311 82946 1
67311 85274 1
67311 85556 1
67311 87869 1
67311 88567 1
67311 93593 1
67311 96672 1
67311 101471 1
67312 60606 1
67312 67311 2
67312 75365 1
67312 75367 1
67312 82541 1
67312 85274 1
67312 86770 1
67312 93593 1
67312 109268 1
67312 123268 1
84660 58636 1
84660 73196 1
84660 82541 1
92512 82541 1
92512 96465 1
92512 104004 1
96465 75365 1
96465 82541 1
96465 92512 1
96465 104004 1
104004 82541 1
104004 92512 1
104004 96465 1
104004 117327 1
71429 67311 1
71429 82946 1
71429 85556 1
85555 50452 1
85555 85556 1
69184 67311 1
69184 73196 1
69184 74912 1
69184 81404 1
69184 86770 1
69184 118581 1
75367 67312 1
75367 75365 1
75367 86770 1
75367 108527 1
75367 109268 1
75367 123268 1
86772 86770 1
86772 86771 1
86772 100549 1
86772 115514 1
100549 86770 1
100549 86771 1
100549 86772 1
101353 86770 1
101353 105106 1
114844 86770 1
114844 111483 1
123268 67312 1
123268 75365 1
123268 75367 1
123268 86770 1
123268 109268 1
61152 34518 1
61152 35947 1
61152 39491 1
61152 58636 1
61152 67315 1
61152 75365 1
61152 82946 1
61152 87303 1
61152 101471 1
61152 104254 1
61152 108175 1
87303 61152 1
87303 75365 1
87303 101471 1
87303 104254 1
87303 108175 1
88558 88567 1
88558 104254 1
88558 108527 1
88567 67311 1
88567 68190 1
88567 81303 1
88567 88558 1
88567 96672 1
88567 104254 1
88567 108527 1
110860 93593 1
110860 104254 1
110860 111482 1
110860 111483 1
110860 117224 1
110860 118581 1
111482 104254 1
111482 110860 1
111482 111483 1
111482 117224 1
111483 104254 1
111483 110860 1
111483 111482 1
111483 114780 2
111483 114844 1
111483 117224 1
117224 104254 1
117224 110860 1
117224 111482 1
117224 111483 1
96373 96721 1
96373 105492 1
96373 114374 1
96721 96373 1
96721 105492 1
96721 114374 1
105492 96373 1
105492 96721 1
105492 114374 1
83975 58228 2
83975 83978 1
83975 83979 1
83975 85274 1
83975 94632 1
83975 110856 1
83975 114620 1
117950 114620 1
109486 67315 1
109486 114874 1
80413 67315 1
80413 80414 1
80413 80415 1
80413 88562 1
80413 91779 1
80413 93594 1
80413 101471 1
80413 106261 1
80413 119004 1
80414 67315 1
80414 80413 1
80414 80415 1
80414 88562 1
80414 91779 1
80414 93594 1
80414 101471 1
80414 106261 1
80414 119004 1
80415 67315 1
80415 80413 1
80415 80414 1
80415 88562 1
80415 91779 1
80415 93594 1
80415 101471 1
80415 106261 1
80415 119004 1
88562 67315 1
88562 80413 1
88562 80414 1
88562 80415 1
88562 91779 1
88562 93594 1
88562 101471 1
88562 106261 1
88562 119004 1
91779 67315 1
91779 80413 1
91779 80414 1
91779 80415 1
91779 88562 1
91779 93594 1
91779 101471 1
91779 106261 1
91779 119004 1
93594 67315 1
93594 80413 1
93594 80414 1
93594 80415 1
93594 81402 1
93594 88562 1
93594 91779 1
93594 93280 1
93594 93593 1
93594 101471 2
93594 106261 1
93594 119004 1
93594 122595 1
97928 108237 1
97928 113649 1
97928 119004 1
106261 67315 1
106261 80413 1
106261 80414 1
106261 80415 1
106261 88562 1
106261 91779 1
106261 93594 1
106261 101471 1
106261 119004 1
108237 97928 1
108237 113649 1
108237 119004 1
110856 83975 1
110856 94632 1
110856 117327 1
110856 119004 1
113649 97928 1
113649 108237 1
113649 119004 1
115729 119004 1
117327 104004 1
117327 110856 1
117327 119004 1
48347 88723 1
48347 94658 1
48347 101178 1
48347 125660 1
55831 63386 1
55831 82605 1
55831 88723 1
55831 91557 1
55831 96474 1
55831 96677 1
55831 101178 1
55831 101489 1
55831 103260 1
55831 103721 1
55831 110309 1
55831 112717 1
55831 126534 1
57748 58039 1
57748 76485 1
57748 88928 1
57748 93202 1
57748 93203 1
57748 98762 1
57748 101178 1
57748 105162 1
57748 105477 1
57748 106500 1
57748 110309 1
57748 114091 1
57748 117976 1
58039 57748 1
58039 76485 1
58039 88928 1
58039 93202 1
58039 93203 1
58039 101178 1
58039 105162 1
58039 105477 1
58039 106500 1
58039 114091 1
58039 117976 1
76485 57748 1
76485 58039 1
76485 88928 1
76485 93202 1
76485 93203 1
76485 101178 1
76485 105162 1
76485 105477 1
76485 106441 1
76485 106500 1
76485 114091 1
76485 117976 1
82605 55831 1
82605 88438 1
82605 91557 1
82605 96677 1
82605 101178 1
82605 103260 1
82605 126534 1
88723 48347 1
88723 55831 1
88723 75489 1
88723 77174 1
88723 94658 1
88723 98761 1
88723 101178 1
88723 105093 1
88723 111497 1
88723 125660 1
88928 57748 1
88928 58039 1
88928 76485 1
88928 93202 1
88928 93203 1
88928 100027 1
88928 101178 1
88928 105162 1
88928 105477 1
88928 106500 1
88928 114091 1
88928 117976 1
91557 55831 1
91557 63427 1
91557 74437 1
91557 82605 1
91557 88765 1
91557 90552 1
91557 96677 1
91557 101178 1
91557 105477 1
91557 113915 1
91557 124914 1
93202 57748 1
93202 58039 1
93202 72157 1
93202 76485 1
93202 88928 1
93202 93203 1
93202 101178 1
93202 105162 1
93202 105477 1
93202 106500 1
93202 114091 1
93202 117976 1
93203 57748 1
93203 58039 1
93203 68569 1
93203 76485 1
93203 88928 1
93203 93202 1
93203 101178 1
93203 105093 1
93203 105162 1
93203 105477 1
93203 106500 1
93203 114091 1
93203 117976 1
93203 125660 1
94658 48347 1
94658 88723 1
94658 96014 1
94658 101178 1
94658 125660 1
96474 55831 1
96474 101178 1
96474 125660 1
96677 55831 1
96677 82605 1
96677 87330 1
96677 88765 1
96677 91557 1
96677 101178 1
96677 103260 1
96677 106441 1
96677 126534 1
103260 55831 1
103260 82605 1
103260 96677 1
103260 101178 1
103260 126534 1
105162 57748 1
105162 58039 1
105162 76485 1
105162 88928 1
105162 93202 1
105162 93203 1
105162 101178 1
105162 105477 1
105162 106500 1
105162 114091 1
105162 117976 1
105477 57748 1
105477 58039 1
105477 76485 1
105477 88928 1
105477 90552 1
105477 91557 1
105477 93202 1
105477 93203 1
105477 101178 1
105477 101489 1
105477 105162 1
105477 106500 1
105477 114091 1
105477 117976 1
106500 57748 1
106500 58039 1
106500 76485 1
106500 88928 1
106500 93202 1
106500 93203 1
106500 94816 1
106500 101178 1
106500 105162 1
106500 105477 1
106500 106499 1
106500 114091 1
106500 117976 1
114091 57748 1
114091 58039 1
114091 76485 1
114091 88928 1
114091 93202 1
114091 93203 1
114091 101178 1
114091 105162 1
114091 105477 1
114091 106500 1
114091 117976 1
117976 57748 1
117976 58039 1
117976 76485 1
117976 88928 1
117976 93202 1
117976 93203 1
117976 101178 1
117976 105162 1
117976 105477 1
117976 106500 1
117976 114091 1
124914 91557 1
124914 101178 1
124914 105175 1
124914 117222 1
125660 48347 1
125660 88723 1
125660 93203 1
125660 94658 1
125660 96474 1
125660 101178 1
126534 55831 1
126534 82605 1
126534 96677 1
126534 101178 1
126534 103260 1
111005 67584 1
111005 101180 1
111005 105175 1
111005 111497 1
116130 101180 1
59845 67584 1
59845 68569 1
59845 79888 1
59845 79889 1
59845 94911 1
59845 96014 1
59845 103415 1
59845 105034 1
59845 106709 1
59845 112571 1
59845 116510 1
59845 124913 1
59845 127428 1
63427 72157 1
63427 74437 1
63427 88438 1
63427 91557 1
63427 99678 1
63427 103415 1
63427 111091 1
64197 77174 1
64197 88771 1
64197 97914 1
64197 103415 1
64197 107035 1
64343 72168 1
64343 87330 1
64343 94816 1
64343 103415 1
67584 59845 1
67584 68569 1
67584 72157 1
67584 79888 1
67584 79889 1
67584 94911 2
67584 96014 1
67584 103415 1
67584 105034 1
67584 106709 1
67584 111005 1
67584 112571 1
67584 116510 1
67584 124913 1
67584 127428 1
68569 59845 1
68569 67584 1
68569 79888 1
68569 79889 2
68569 88765 1
68569 93203 1
68569 94911 2
68569 96014 2
68569 103415 1
68569 105034 1
68569 105093 1
68569 106709 1
68569 108105 1
68569 112571 1
68569 116510 1
68569 124913 1
68569 127428 1
72167 90491 1
72167 98762 1
72167 103415 1
72167 105093 1
72167 105094 1
72167 105095 1
72167 105096 1
72167 106745 1
72168 55837 1
72168 64343 1
72168 87330 1
72168 94816 1
72168 103415 1
72168 110309 1
72168 117222 1
74437 63427 1
74437 74965 1
74437 88438 1
74437 91557 1
74437 103415 1
74437 111091 1
76550 103415 1
77174 64197 1
77174 75489 1
77174 88723 1
77174 98761 1
77174 103415 1
77174 105095 1
77174 111497 1
77174 116510 1
79888 59845 1
79888 67584 1
79888 68569 1
79888 79889 1
79888 94911 1
79888 96014 1
79888 103415 1
79888 104892 1
79888 105034 1
79888 106709 1
79888 112571 1
79888 116510 1
79888 124913 1
79888 127428 1
79889 59845 1
79889 67584 1
79889 68569 2
79889 79888 1
79889 88771 1
79889 94911 3
79889 96014 2
79889 103415 1
79889 105034 1
79889 106709 2
79889 112571 1
79889 116510 2
79889 124913 1
79889 127428 1
82491 103415 1
82491 110309 1
87330 50575 1
87330 64343 1
87330 72168 1
87330 74965 1
87330 94816 1
87330 96677 1
87330 98761 1
87330 103415 1
87330 106441 1
87330 106745 1
87330 113915 1
88438 63427 1
88438 74437 1
88438 82605 1
88438 83032 1
88438 103415 1
88438 111091 1
88770 98352 1
88770 101489 1
88770 103415 1
88770 107874 1
88770 108106 1
88771 64197 1
88771 72157 1
88771 76484 1
88771 79889 1
88771 97914 1
88771 103415 1
88771 107035 1
88771 110309 1
88771 114326 1
88771 116510 1
94816 63386 1
94816 64343 1
94816 67244 1
94816 72168 1
94816 87330 1
94816 91216 1
94816 98761 1
94816 101334 1
94816 101940 1
94816 103415 1
94816 105095 1
94816 105422 1
94816 105423 1
94816 105424 1
94816 105425 1
94816 106500 1
94816 107035 1
94816 107912 1
94816 114326 1
94816 117744 1
94911 59845 1
94911 67584 2
94911 68569 2
94911 79888 1
94911 79889 3
94911 96014 2
94911 103415 1
94911 105034 1
94911 106709 2
94911 112571 1
94911 116510 1
94911 124913 2
94911 127428 2
96014 59845 1
96014 67584 1
96014 68569 2
96014 79888 1
96014 79889 2
96014 94658 1
96014 94911 2
96014 103415 1
96014 105034 1
96014 106709 1
96014 112571 1
96014 116510 1
96014 124913 1
96014 127428 1
97914 64197 1
97914 88765 1
97914 88771 1
97914 98762 2
97914 103415 1
97914 105095 4
97914 107035 1
97914 116510 1
98352 88770 1
98352 101489 1
98352 103415 1
98352 107874 1
98352 108106 1
98762 57748 1
98762 72167 1
98762 97914 2
98762 103415 1
98762 105093 1
98762 105094 1
98762 105095 5
98762 105096 1
98762 106441 1
98762 106745 1
101489 55831 1
101489 88770 1
101489 98352 1
101489 103415 1
101489 103721 1
101489 105477 1
101489 107874 1
101489 108106 1
105034 59845 1
105034 67584 1
105034 68569 1
105034 79888 1
105034 79889 1
105034 94911 1
105034 96014 1
105034 103415 1
105034 106709 1
105034 112571 1
105034 116510 1
105034 124913 1
105034 127428 1
105093 68569 1
105093 72167 1
105093 88723 1
105093 93203 1
105093 98762 1
105093 103415 1
105093 105094 1
105093 105095 1
105093 105096 1
105093 106745 1
105093 111497 1
105094 72167 1
105094 98762 1
105094 103415 1
105094 105093 1
105094 105095 1
105094 105096 1
105094 106745 1
105095 72167 1
105095 77174 1
105095 94816 1
105095 97914 4
105095 98762 5
105095 103415 1
105095 105093 1
105095 105094 1
105095 105096 2
105095 106745 1
105095 113915 1
105095 116510 1
105096 72167 1
105096 98762 1
105096 103415 1
105096 105093 1
105096 105094 1
105096 105095 2
105096 106745 1
105096 108105 1
106709 59845 1
106709 67584 1
106709 68569 1
106709 79888 1
106709 79889 2
106709 94911 2
106709 96014 1
106709 103415 1
106709 105034 1
106709 112571 1
106709 116510 1
106709 124913 3
106709 127428 3
106745 50559 1
106745 50575 1
106745 72167 1
106745 76484 1
106745 81937 1
106745 83712 1
106745 87330 1
106745 88977 1
106745 90491 1
106745 96090 1
106745 98762 1
106745 99681 1
106745 100027 1
106745 103415 1
106745 105093 1
106745 105094 1
106745 105095 1
106745 105096 1
106745 108105 1
106745 113343 1
106745 113915 1
106745 117744 1
107035 64197 1
107035 88771 1
107035 94816 1
107035 97914 1
107035 103415 1
107035 109248 1
107035 114326 1
107874 57942 1
107874 74742 1
107874 79290 1
107874 88770 1
107874 98352 1
107874 101489 1
107874 103415 1
107874 108106 1
108106 88770 1
108106 98352 1
108106 101489 1
108106 103415 1
108106 107874 1
110309 55831 1
110309 57748 1
110309 63386 1
110309 72157 1
110309 72168 1
110309 76484 1
110309 82491 1
110309 88771 1
110309 103415 1
111091 63427 1
111091 72157 1
111091 74437 1
111091 82806 1
111091 88438 1
111091 98721 1
111091 103415 1
111091 105423 1
112571 59845 1
112571 67584 1
112571 68569 1
112571 79888 1
112571 79889 1
112571 94911 1
112571 96014 1
112571 103415 1
112571 105034 1
112571 106709 1
112571 116510 2
112571 124913 1
112571 127428 1
116510 50555 1
116510 59845 1
116510 67584 1
116510 68569 1
116510 76484 1
116510 77174 1
116510 79888 1
116510 79889 2
116510 88771 1
116510 94911 1
116510 96014 1
116510 97914 1
116510 103415 1
116510 105034 1
116510 105095 1
116510 106709 1
116510 112571 2
116510 124913 1
116510 127428 1
124913 59845 1
124913 67584 1
124913 68569 1
124913 79888 1
124913 79889 1
124913 94911 2
124913 96014 1
124913 103415 1
124913 105034 1
124913 106709 3
124913 112571 1
124913 116510 1
124913 127428 1
127428 59845 1
127428 67584 1
127428 68569 1
127428 79888 1
127428 79889 1
127428 94911 2
127428 96014 1
127428 103415 1
127428 105034 1
127428 106709 3
127428 112571 1
127428 116510 1
127428 124913 1
50555 72157 1
50555 90491 1
50555 99678 1
50555 105175 1
50555 107037 1
50555 114759 1
50555 116510 1
50555 117744 1
50555 127202 1
50559 50575 1
50559 76484 1
50559 81937 1
50559 83712 1
50559 88977 2
50559 90491 1
50559 96090 1
50559 99681 1
50559 100027 1
50559 106745 1
50559 108105 1
50559 113343 1
50559 114759 1
50559 117744 2
50575 50559 1
50575 74965 1
50575 76484 1
50575 81937 1
50575 83712 1
50575 87330 1
50575 88977 1
50575 90491 1
50575 96090 1
50575 98761 1
50575 99681 1
50575 100027 1
50575 106745 1
50575 108105 1
50575 113343 1
50575 117744 1
51133 75489 1
51133 76484 1
51133 88765 1
51133 97337 1
51133 108238 1
51133 117744 1
63386 55831 1
63386 67244 1
63386 74158 1
63386 91216 1
63386 94816 1
63386 98761 1
63386 101334 1
63386 101940 1
63386 105422 1
63386 105423 1
63386 105424 1
63386 105425 1
63386 107912 1
63386 110309 1
63386 114326 1
63386 117744 1
67244 63386 1
67244 91216 1
67244 94816 1
67244 98761 1
67244 101334 1
67244 101940 1
67244 105422 1
67244 105423 1
67244 105424 1
67244 105425 2
67244 107912 1
67244 114326 1
67244 117744 1
71787 113915 1
71787 117744 1
72157 50555 1
72157 63427 1
72157 67584 1
72157 88771 1
72157 90491 1
72157 91567 1
72157 93202 1
72157 99678 1
72157 100027 1
72157 105175 1
72157 105423 1
72157 110309 1
72157 111091 1
72157 114759 1
72157 117744 1
72157 127202 1
74965 50575 1
74965 74437 1
74965 87330 1
74965 88158 1
74965 90491 1
74965 91567 1
74965 98761 2
74965 102456 1
74965 117744 1
75489 51133 1
75489 76484 1
75489 77174 1
75489 78627 1
75489 88723 1
75489 88765 1
75489 90552 1
75489 97337 1
75489 98761 1
75489 106441 1
75489 108105 2
75489 108238 1
75489 117744 1
76484 50559 1
76484 50575 1
76484 51133 1
76484 75489 1
76484 81937 1
76484 83712 1
76484 88765 1
76484 88771 1
76484 88977 1
76484 90491 1
76484 96090 1
76484 97337 1
76484 99678 1
76484 99681 1
76484 100027 2
76484 100028 1
76484 106745 1
76484 107037 1
76484 108105 1
76484 108238 1
76484 110309 1
76484 111497 1
76484 113343 1
76484 116510 1
76484 117703 1
76484 117744 3
76484 122505 1
76484 127202 1
78627 75489 1
78627 88977 1
78627 103434 1
78627 105175 1
78627 105423 1
78627 106441 1
78627 106860 1
78627 111497 1
78627 117222 1
78627 117744 1
81937 50559 1
81937 50575 1
81937 76484 1
81937 83712 1
81937 88977 1
81937 90491 1
81937 96090 1
81937 99681 1
81937 100027 1
81937 106745 1
81937 108105 1
81937 113343 1
81937 117744 1
83032 56622 1
83032 88158 1
83032 88438 1
83032 90491 1
83032 105175 1
83032 117222 1
83032 117744 1
83032 117745 1
83032 122505 1
83712 50559 1
83712 50575 1
83712 76484 1
83712 81937 1
83712 88977 1
83712 90491 1
83712 96090 1
83712 99681 1
83712 100027 1
83712 106745 1
83712 108105 1
83712 113343 1
83712 117744 1
88158 74965 1
88158 83032 1
88158 117744 1
88158 122505 2
88765 51133 1
88765 68569 1
88765 75489 1
88765 76484 1
88765 91557 1
88765 96677 1
88765 97337 1
88765 97914 1
88765 108105 1
88765 108238 1
88765 112717 1
88765 117744 1
88977 50559 2
88977 50575 1
88977 76484 1
88977 78627 1
88977 81937 1
88977 83712 1
88977 90491 1
88977 96090 1
88977 99681 1
88977 100027 1
88977 105423 1
88977 106745 1
88977 108105 1
88977 113343 1
88977 117744 1
90491 50555 1
90491 50559 1
90491 50575 1
90491 72157 1
90491 72167 1
90491 74965 1
90491 76484 1
90491 81937 1
90491 83032 1
90491 83712 1
90491 88977 1
90491 91833 1
90491 96090 1
90491 99681 1
90491 100027 1
90491 100028 1
90491 106745 1
90491 107037 1
90491 108105 1
90491 113343 1
90491 117222 1
90491 117541 1
90491 117744 1
90552 75489 1
90552 91557 1
90552 105477 1
90552 108105 1
90552 113343 1
90552 117744 1
91216 63386 1
91216 67244 1
91216 94816 1
91216 98761 1
91216 101334 1
91216 101940 1
91216 105422 1
91216 105423 1
91216 105424 1
91216 105425 1
91216 107912 1
91216 114326 1
91216 117744 1
91567 72157 1
91567 74965 1
91567 98761 1
91567 99678 1
91567 99679 1
91567 100027 1
91567 100028 1
91567 105175 1
91567 116577 1
91567 117703 1
91567 117744 1
91833 67344 1
91833 71240 1
91833 90491 1
91833 103434 1
91833 113343 1
91833 114321 1
91833 114487 1
91833 117744 1
91833 119145 1
92976 115157 1
92976 117541 1
92976 117744 1
96090 50559 1
96090 50575 1
96090 76484 1
96090 81937 1
96090 83712 1
96090 88977 1
96090 90491 1
96090 99681 1
96090 100027 1
96090 106745 1
96090 108105 1
96090 113343 1
96090 117744 1
97337 51133 1
97337 75489 1
97337 76484 1
97337 88765 1
97337 108238 1
97337 114326 1
97337 117744 1
98761 50575 1
98761 63386 1
98761 67244 1
98761 74965 2
98761 75489 1
98761 77174 1
98761 87330 1
98761 88723 1
98761 91216 1
98761 91567 1
98761 94816 1
98761 101334 1
98761 101940 1
98761 102456 1
98761 105422 1
98761 105423 1
98761 105424 1
98761 105425 1
98761 107912 1
98761 108105 1
98761 114326 1
98761 117744 1
99678 50555 1
99678 63427 1
99678 72157 1
99678 76484 1
99678 91567 1
99678 99679 2
99678 99680 1
99678 100027 1
99678 100028 1
99678 104892 1
99678 107037 1
99678 114759 2
99678 116577 1
99678 117541 1
99678 117703 6
99678 117744 3
99678 122505 1
99678 127202 4
99679 91567 1
99679 99678 2
99679 116577 1
99679 117703 2
99679 117744 1
99681 50559 1
99681 50575 1
99681 76484 1
99681 81937 1
99681 83712 1
99681 88977 1
99681 90491 1
99681 96090 1
99681 100027 1
99681 106745 1
99681 108105 1
99681 113343 1
99681 117744 1
99989 117744 1
100027 50559 1
100027 50575 1
100027 72157 1
100027 76484 2
100027 81937 1
100027 83712 1
100027 88928 1
100027 88977 1
100027 90491 1
100027 91567 1
100027 96090 1
100027 99678 1
100027 99681 1
100027 100028 2
100027 106745 1
100027 107037 1
100027 108105 1
100027 113343 1
100027 117541 1
100027 117703 2
100027 117744 2
100027 122505 1
100027 127202 1
100028 76484 1
100028 90491 1
100028 91567 1
100028 99678 1
100028 100027 2
100028 107037 1
100028 117703 1
100028 117744 1
100028 122505 1
100028 127202 1
101334 63386 1
101334 67244 1
101334 91216 1
101334 94816 1
101334 98761 1
101334 101940 1
101334 105422 1
101334 105423 1
101334 105424 1
101334 105425 1
101334 107912 1
101334 114326 1
101334 117744 1
101940 63386 1
101940 67244 1
101940 91216 1
101940 94816 1
101940 98761 1
101940 101334 1
101940 102456 1
101940 105422 1
101940 105423 1
101940 105424 1
101940 105425 1
101940 107912 1
101940 114326 1
101940 117744 1
102456 74965 1
102456 98761 1
102456 101940 1
102456 108105 1
102456 117744 1
103434 78627 1
103434 91833 1
103434 114487 1
103434 117744 1
103721 55831 1
103721 101489 1
103721 112717 1
103721 113915 1
103721 117744 1
104892 79888 1
104892 99678 1
104892 114759 3
104892 117744 1
105175 50555 1
105175 72157 1
105175 78627 1
105175 83032 1
105175 91567 1
105175 105423 1
105175 107037 1
105175 111005 1
105175 111497 1
105175 117541 1
105175 117703 1
105175 117744 1
105175 117745 1
105175 124914 1
105422 63386 1
105422 67244 1
105422 91216 1
105422 94816 1
105422 98761 1
105422 101334 1
105422 101940 1
105422 105423 1
105422 105424 1
105422 105425 1
105422 107912 1
105422 114326 1
105422 117744 1
105423 63386 1
105423 67244 1
105423 72157 1
105423 78627 1
105423 88977 1
105423 91216 1
105423 94816 1
105423 98761 1
105423 101334 1
105423 101940 1
105423 105175 1
105423 105422 1
105423 105424 1
105423 105425 1
105423 107912 1
105423 111091 1
105423 114326 1
105423 117744 1
105424 63386 1
105424 67244 1
105424 91216 1
105424 94816 1
105424 98761 1
105424 101334 1
105424 101940 1
105424 105422 1
105424 105423 1
105424 105425 1
105424 107912 1
105424 114326 1
105424 117744 1
105425 63386 1
105425 67244 2
105425 91216 1
105425 94816 1
105425 98761 1
105425 101334 1
105425 101940 1
105425 105422 1
105425 105423 1
105425 105424 1
105425 107912 1
105425 114326 1
105425 117222 1
105425 117744 1
106441 75489 1
106441 76485 1
106441 78627 1
106441 87330 1
106441 96677 1
106441 98762 1
106441 111497 1
106441 112717 1
106441 117744 1
106860 78627 1
106860 111497 1
106860 114081 1
106860 117222 1
106860 117541 1
106860 117744 1
107037 50555 1
107037 76484 1
107037 84845 1
107037 90491 1
107037 99678 1
107037 100027 1
107037 100028 1
107037 105175 1
107037 117703 1
107037 117744 2
107037 122505 1
107037 127202 1
107912 63386 1
107912 67244 1
107912 91216 1
107912 94816 1
107912 98761 1
107912 101334 1
107912 101940 1
107912 105422 1
107912 105423 1
107912 105424 1
107912 105425 1
107912 114326 1
107912 117744 1
108105 50559 1
108105 50575 1
108105 68569 1
108105 75489 2
108105 76484 1
108105 81937 1
108105 83712 1
108105 88765 1
108105 88977 1
108105 90491 1
108105 90552 1
108105 96090 1
108105 98761 1
108105 99681 1
108105 100027 1
108105 102456 1
108105 105096 1
108105 106745 1
108105 113343 1
108105 117744 1
108238 51133 1
108238 75489 1
108238 76484 1
108238 88765 1
108238 97337 1
108238 117744 1
109525 101128 1
109525 112740 1
109525 117744 1
111497 76484 1
111497 77174 1
111497 78627 1
111497 88723 1
111497 105093 1
111497 105175 1
111497 106441 1
111497 106860 1
111497 111005 1
111497 117222 1
111497 117744 1
112717 55831 1
112717 88765 1
112717 103721 1
112717 106441 1
112717 117744 1
113343 50559 1
113343 50575 1
113343 76484 1
113343 81937 1
113343 83712 1
113343 88977 1
113343 90491 1
113343 90552 1
113343 91833 1
113343 96090 1
113343 99681 1
113343 100027 1
113343 106745 1
113343 108105 1
113343 117703 1
113343 117744 1
113915 71787 1
113915 87330 1
113915 91557 1
113915 103721 1
113915 105095 1
113915 106745 1
113915 117744 1
114326 63386 1
114326 67244 1
114326 88771 1
114326 91216 1
114326 94816 1
114326 97337 1
114326 98761 1
114326 101334 1
114326 101940 1
114326 105422 1
114326 105423 1
114326 105424 1
114326 105425 1
114326 107035 1
114326 107912 1
114326 117744 1
114487 91833 1
114487 103434 1
114487 117744 1
114759 50555 1
114759 50559 1
114759 72157 1
114759 99678 2
114759 104892 3
114759 117744 2
114759 127202 1
115266 117744 1
116577 91567 1
116577 99678 1
116577 99679 1
116577 117703 1
116577 117744 1
117222 72168 1
117222 78627 1
117222 83032 1
117222 90491 1
117222 105425 1
117222 106860 1
117222 111497 1
117222 117744 1
117222 124914 1
117541 90491 1
117541 92976 1
117541 99678 1
117541 100027 1
117541 105175 1
117541 106860 1
117541 117703 2
117541 117744 1
117703 76484 1
117703 91567 1
117703 99678 6
117703 99679 2
117703 99680 1
117703 100027 2
117703 100028 1
117703 105175 1
117703 107037 1
117703 113343 1
117703 116577 1
117703 117541 2
117703 117744 2
117703 122505 1
117703 127202 2
117745 83032 1
117745 105175 1
117745 117744 1
122505 76484 1
122505 83032 1
122505 88158 2
122505 99678 1
122505 100027 1
122505 100028 1
122505 107037 1
122505 117703 1
122505 117744 1
122505 127202 1
127202 50555 1
127202 72157 1
127202 76484 1
127202 99678 4
127202 100027 1
127202 100028 1
127202 107037 1
127202 114759 1
127202 117703 2
127202 117744 2
127202 122505 1
17256 44486 1
17256 48793 1
17256 59223 1
17256 71330 1
41182 59223 1
41182 68362 1
41182 81269 1
44486 17256 1
44486 48793 1
44486 59223 1
44486 71330 1
45349 54457 1
45349 58129 1
45349 59223 1
48793 17256 1
48793 44486 1
48793 59223 1
48793 71330 1
49904 43030 1
49904 59223 1
49904 72447 1
54457 45349 1
54457 58129 1
54457 59223 1
54457 81613 1
54748 59223 1
54748 74885 1
54748 105266 1
58129 45349 1
58129 54457 1
58129 59223 1
68362 41182 1
68362 59223 1
68362 81269 1
71330 17256 1
71330 44486 1
71330 48793 1
71330 59223 1
71485 59223 1
71485 82810 1
71485 91731 1
71485 99024 1
72447 49904 1
72447 59223 1
72447 72757 1
73815 59223 1
73815 73868 1
73815 82334 1
73815 90615 1
73869 59223 1
73869 77808 1
73869 87173 1
73869 95805 1
74885 54748 1
74885 59223 1
74885 105266 1
75026 59223 1
77808 59223 1
77808 73869 1
77808 74245 1
77808 87173 1
77808 95805 1
81269 41182 1
81269 59223 1
81269 68362 1
82334 59223 1
82334 68686 1
82334 73815 1
82810 59223 1
82810 71485 1
82810 91731 1
82810 99024 1
87173 59223 1
87173 66719 1
87173 73869 1
87173 77808 1
87173 82716 1
87173 95805 1
87173 102508 1
87173 103935 1
91731 54460 1
91731 59223 1
91731 71485 1
91731 72343 1
91731 73492 1
91731 82810 1
91731 99024 1
95805 59223 1
95805 67092 1
95805 68686 1
95805 73869 1
95805 77808 1
95805 84543 1
95805 87173 1
95805 91873 1
95805 95775 1
95805 97441 1
95805 101100 1
95805 102508 1
95805 112304 1
97116 59223 1
97116 97117 1
97117 59223 1
97117 97116 1
99024 59223 1
99024 71485 1
99024 82810 1
99024 91731 1
105266 54748 1
105266 59223 1
105266 74885 1
105266 84543 1
105266 91744 1
105266 92155 1
105266 104799 1
51479 61650 1
51479 74150 1
51479 76466 1
76466 51479 1
76466 61650 1
76466 74150 1
51038 49847 1
51038 69088 1
51038 74150 1
51038 81613 1
51038 84543 1
51038 88539 1
51421 74150 1
51421 88539 1
52507 56398 1
52507 63435 1
52507 67654 1
52507 72757 1
52507 74150 1
52507 79677 1
54460 73492 1
54460 74150 1
54460 91731 1
63435 48456 1
63435 52507 1
63435 67344 1
63435 67654 1
63435 68686 1
63435 74150 1
63435 79677 1
67654 52507 1
67654 63435 1
67654 74150 1
67654 79677 1
69088 51038 1
69088 74150 1
75223 74150 1
75223 77349 1
75223 81612 1
75223 88539 1
77349 74150 1
77349 75223 1
77349 81612 1
77349 88539 1
79677 52507 1
79677 63435 1
79677 67654 1
79677 74150 1
81612 74150 1
81612 75223 1
81612 77349 1
81612 81613 1
81612 88539 1
88539 51038 1
88539 51421 1
88539 74150 1
88539 75223 1
88539 77349 1
88539 81612 1
88539 116715 2
88539 119016 1
91689 74150 1
41713 43872 1
41713 54461 1
41713 78037 1
41713 87709 1
41713 97123 1
43872 41713 1
43872 78037 1
43872 87709 1
43872 97123 1
45714 56577 1
45714 78037 1
45714 85312 1
45714 92697 1
45714 95876 1
45714 107903 1
49847 51038 1
49847 78037 1
49847 81286 1
49847 92155 1
56577 45714 1
56577 78037 1
56577 85312 1
56577 92697 1
56577 95876 1
56577 107903 1
81286 49847 1
81286 78037 1
81286 87622 1
81286 89701 1
81286 92155 1
81286 93937 1
81286 112424 1
85312 45714 1
85312 56577 1
85312 78037 1
85312 92697 1
85312 95876 1
85312 107903 1
87709 41713 1
87709 43872 1
87709 78037 1
87709 97123 1
92155 49847 1
92155 65580 1
92155 78037 1
92155 81286 1
92155 84543 1
92155 105266 1
92697 45714 1
92697 56577 1
92697 78037 1
92697 85312 1
92697 95876 1
92697 107903 1
95876 45714 1
95876 56577 1
95876 78037 1
95876 85312 1
95876 92697 1
95876 107903 1
97123 41713 1
97123 43872 1
97123 78037 1
97123 87709 1
107903 45714 1
107903 56577 1
107903 78037 1
107903 85312 1
107903 92697 1
107903 95876 1
75397 80287 1
75397 87225 1
75397 89892 1
75397 98187 1
75397 98189 1
87225 75397 1
87225 80287 1
87225 89892 1
87225 98187 1
87225 98189 1
89892 75397 1
89892 80287 1
89892 87225 1
89892 98187 1
89892 98189 1
98187 75397 1
98187 80287 1
98187 87225 1
98187 89892 1
98187 94293 1
98187 98189 4
98189 75397 1
98189 80287 1
98189 87225 1
98189 89892 1
98189 98187 4
67092 65580 1
67092 68686 1
67092 84543 1
67092 91873 1
67092 95775 1
67092 95805 1
67092 97441 1
67092 101100 1
67092 102508 1
67092 106786 1
67092 112304 1
68686 63013 1
68686 63435 1
68686 67092 1
68686 82334 1
68686 84543 1
68686 91873 1
68686 95775 1
68686 95805 1
68686 97441 1
68686 101100 1
68686 102508 1
68686 112304 1
84543 51038 1
84543 67092 1
84543 68686 1
84543 87382 1
84543 91873 1
84543 92155 1
84543 95775 1
84543 95805 1
84543 97441 1
84543 101100 1
84543 102508 1
84543 105266 1
84543 112304 1
89082 90780 1
89082 91873 1
89082 93937 1
89082 97056 1
89082 97552 1
89082 100463 1
89082 109762 1
95775 64183 1
95775 67092 1
95775 68686 1
95775 73525 1
95775 84543 1
95775 91873 1
95775 95805 1
95775 97441 1
95775 101100 1
95775 102508 1
95775 112304 1
97441 67092 1
97441 68686 1
97441 84543 1
97441 91873 1
97441 95775 1
97441 95805 1
97441 101100 1
97441 102508 1
97441 112304 1
97441 122501 1
100463 86835 1
100463 89082 1
100463 91873 1
100463 97056 1
100463 102092 1
101100 67092 1
101100 68686 1
101100 84543 1
101100 91873 1
101100 95775 1
101100 95805 1
101100 97441 1
101100 102508 1
101100 112304 1
102508 67092 1
102508 68686 1
102508 72034 1
102508 82716 1
102508 84543 1
102508 87173 1
102508 91873 1
102508 95775 1
102508 95805 1
102508 97441 1
102508 100215 1
102508 100216 1
102508 101100 1
102508 103153 1
102508 103935 1
102508 104232 1
102508 112304 1
109762 89082 1
109762 91873 1
111341 91873 1
112304 67092 1
112304 68686 1
112304 84543 1
112304 91873 1
112304 95775 1
112304 95805 1
112304 97441 1
112304 101100 1
112304 102508 1
116715 88539 2
116715 91873 1
116715 93937 1
116715 116714 1
65580 67092 1
65580 92155 1
65580 92576 1
66719 56555 1
66719 70237 1
66719 71933 1
66719 73492 3
66719 77384 1
66719 84632 1
66719 86104 1
66719 87173 1
66719 92576 1
66719 97580 1
66719 106786 1
66719 114321 1
70237 66719 1
70237 67344 1
70237 71933 1
70237 73492 1
70237 77384 1
70237 84632 1
70237 86104 1
70237 92576 1
70237 97580 1
70237 106786 1
71933 66719 1
71933 70237 1
71933 73492 1
71933 77102 1
71933 77384 1
71933 78841 1
71933 84632 1
71933 86104 1
71933 92576 1
71933 97580 1
71933 106786 1
73492 54460 1
73492 66719 3
73492 70237 1
73492 71933 1
73492 77384 1
73492 84632 1
73492 86104 1
73492 91731 1
73492 92576 1
73492 97580 1
73492 106786 1
75908 92576 1
77384 66719 1
77384 70237 1
77384 71933 1
77384 73492 1
77384 84632 1
77384 86104 1
77384 92576 1
77384 97580 1
77384 106786 1
82716 71616 1
82716 87173 1
82716 87382 1
82716 92576 1
82716 102508 1
82716 103935 1
82716 118185 1
84632 66719 1
84632 70237 1
84632 71933 1
84632 73492 1
84632 77384 1
84632 86104 1
84632 92576 2
84632 97580 1
84632 106786 1
86104 66719 1
86104 70237 1
86104 71933 1
86104 73492 1
86104 77384 1
86104 84632 1
86104 92576 1
86104 97580 1
86104 106786 1
87382 67685 1
87382 68709 1
87382 72343 1
87382 82716 1
87382 83635 1
87382 84543 1
87382 91876 1
87382 92576 1
87382 93937 1
87382 101034 1
87382 110200 1
87382 114701 1
87382 114702 1
97580 66719 1
97580 70237 1
97580 71933 1
97580 73492 1
97580 77384 1
97580 84632 1
97580 86104 1
97580 92576 1
97580 106786 1
106786 66719 1
106786 67092 1
106786 70237 1
106786 71933 1
106786 73492 1
106786 77381 1
106786 77384 1
106786 84632 1
106786 86104 1
106786 91835 1
106786 92576 1
106786 97580 1
106786 110200 1
106786 118779 1
51087 93937 1
56398 38187 1
56398 52507 1
56398 56555 1
56398 63443 1
56398 69105 1
56398 70855 1
56398 72033 1
56398 72034 1
56398 72757 1
56398 76043 1
56398 79076 1
56398 93937 1
56398 103153 1
56555 56398 1
56555 64183 1
56555 66719 1
56555 70855 1
56555 72033 1
56555 72034 1
56555 74245 1
56555 93937 1
61577 67184 1
61577 68709 1
61577 71917 1
61577 93937 1
61577 93938 1
61577 93939 1
61577 101909 1
61577 114701 1
61577 114702 1
61955 77950 1
61955 91744 1
61955 91835 1
61955 93937 1
61955 98408 1
61955 101908 1
61955 103935 1
64183 56555 1
64183 81613 1
64183 93937 1
64183 95775 1
64183 97056 1
64183 108755 1
64183 113625 1
64183 114321 1
67184 61577 1
67184 68709 1
67184 71917 1
67184 93937 1
67184 93938 1
67184 93939 1
67184 101909 1
67184 114701 1
67184 114702 1
67668 71240 1
67668 93937 1
67668 118779 1
67685 83635 1
67685 87382 1
67685 91876 2
67685 93937 1
67685 101034 1
67685 110200 1
68709 61577 1
68709 67184 1
68709 71917 1
68709 87382 1
68709 93937 1
68709 93938 1
68709 93939 1
68709 101909 1
68709 114701 2
68709 114702 2
70855 56398 1
70855 56555 1
70855 59367 1
70855 72033 1
70855 72034 1
70855 93937 1
71240 67668 1
71240 78483 1
71240 81548 1
71240 81549 1
71240 81550 1
71240 91833 1
71240 93937 1
71240 97056 1
71240 97552 1
71240 103153 1
71240 118779 1
71240 123404 1
71917 61577 1
71917 67184 1
71917 68709 1
71917 91842 1
71917 93937 1
71917 93938 1
71917 93939 1
71917 101909 1
71917 114701 1
71917 114702 1
72033 56398 1
72033 56555 1
72033 70855 1
72033 72034 1
72033 93937 1
72034 56398 1
72034 56555 1
72034 70855 1
72034 72033 1
72034 93937 1
72034 102508 1
76367 73525 1
76367 87621 2
76367 87622 1
76367 87625 1
76367 93937 1
76367 94144 2
76367 101034 1
76367 103153 1
77914 93937 1
77950 61955 1
77950 91744 1
77950 91835 1
77950 93937 1
77950 98408 1
77950 101908 1
77950 103935 1
83635 67685 1
83635 87382 1
83635 91876 1
83635 93937 1
83635 101034 1
83635 110200 1
87622 73525 1
87622 76367 1
87622 81286 1
87622 87621 1
87622 87625 1
87622 89701 1
87622 93937 1
87622 103153 1
87622 112424 1
87625 73525 1
87625 76367 1
87625 87621 1
87625 87622 1
87625 93937 1
87625 103153 1
89701 81286 1
89701 87622 1
89701 93937 1
89701 112424 1
91744 61955 1
91744 77950 1
91744 91835 1
91744 93937 1
91744 98408 1
91744 101908 1
91744 103935 1
91744 104799 1
91744 105266 1
91835 61955 1
91835 77950 1
91835 91744 1
91835 93937 1
91835 98408 1
91835 101908 1
91835 103935 1
91835 104799 1
91835 106786 1
91876 67685 2
91876 83635 1
91876 87382 1
91876 93937 1
91876 101034 1
91876 110200 1
93938 61577 1
93938 67184 1
93938 68709 1
93938 71917 1
93938 93937 1
93938 93939 1
93938 101909 1
93938 114701 1
93938 114702 1
93939 61577 1
93939 67184 1
93939 68709 1
93939 71616 1
93939 71917 1
93939 91842 1
93939 93937 1
93939 93938 1
93939 101909 1
93939 101991 1
93939 102092 1
93939 103152 1
93939 103153 1
93939 114701 1
93939 114702 1
94144 76367 2
94144 87621 1
94144 93937 1
94829 93937 1
94829 104799 1
94829 105679 2
98408 61955 1
98408 77950 1
98408 91744 1
98408 91835 1
98408 93937 1
98408 101908 1
98408 103935 1
101034 67685 1
101034 76367 1
101034 76734 1
101034 83635 1
101034 87382 1
101034 91876 1
101034 93937 1
101034 101991 2
101034 110200 1
101908 61955 1
101908 77950 1
101908 91744 1
101908 91835 1
101908 93937 1
101908 98408 1
101908 103935 1
101909 61577 1
101909 67184 1
101909 68709 1
101909 71917 1
101909 93937 1
101909 93938 1
101909 93939 1
101909 114701 1
101909 114702 1
103935 61955 1
103935 77950 1
103935 82716 1
103935 87173 1
103935 91744 1
103935 91835 1
103935 93937 1
103935 98408 1
103935 101908 1
103935 102508 1
103935 113494 1
103935 119016 1
105679 93937 1
105679 94829 2
108755 64183 1
108755 93937 1
110200 67685 1
110200 83635 1
110200 87382 1
110200 91876 1
110200 93937 1
110200 101034 1
110200 106786 1
112424 81286 1
112424 87622 1
112424 89701 1
112424 93937 1
113625 64183 1
113625 93937 1
113625 115404 1
114701 61577 1
114701 67184 1
114701 68709 2
114701 71917 1
114701 87382 1
114701 93937 1
114701 93938 1
114701 93939 1
114701 101909 1
114701 114702 4
114702 61577 1
114702 67184 1
114702 68709 2
114702 71917 1
114702 87382 1
114702 93937 1
114702 93938 1
114702 93939 1
114702 101909 1
114702 114701 4
115404 93937 1
115404 113625 1
67391 74245 1
67391 75380 1
67391 77381 1
67391 95814 1
67391 114707 1
74245 56555 1
74245 67391 1
74245 75380 1
74245 77381 1
74245 77808 1
74245 95814 1
74245 114707 1
75380 67391 1
75380 74245 1
75380 77381 1
75380 95814 1
75380 114707 1
77381 67391 1
77381 74245 1
77381 75380 1
77381 95814 1
77381 106786 1
77381 114707 1
114707 67391 1
114707 74245 1
114707 75380 1
114707 77381 1
114707 95814 1
76734 100216 1
76734 101034 1
76734 110335 1
100215 100216 1
100215 102508 1
100215 104232 1
104232 100215 1
104232 100216 1
104232 102508 1
110335 76734 1
110335 100216 1
38802 43030 1
38802 63443 1
38802 67344 1
38802 72343 1
38802 78045 1
38802 81613 1
38802 102894 1
43030 38802 1
43030 49904 1
43030 63443 1
43030 67344 1
43030 72343 1
43030 78045 1
43030 81613 1
43030 102894 1
63013 61926 1
63013 68686 1
63013 71927 1
63013 72757 1
63013 78045 1
63013 102894 1
63443 38802 1
63443 43030 1
63443 56398 1
63443 67344 1
63443 72343 1
63443 72757 1
63443 78045 1
63443 81613 1
63443 102894 1
67344 38802 1
67344 43030 1
67344 63435 1
67344 63443 1
67344 70237 1
67344 72343 1
67344 78045 1
67344 81613 1
67344 91833 1
67344 102894 1
71927 63013 1
71927 72757 1
71927 102894 1
72343 38802 1
72343 43030 1
72343 63443 1
72343 67344 1
72343 74706 1
72343 78045 1
72343 81613 1
72343 87382 1
72343 91731 1
72343 97552 1
72343 102894 1
72757 52507 1
72757 56398 1
72757 63013 1
72757 63443 1
72757 71927 1
72757 72447 1
72757 102894 1
78045 38802 1
78045 43030 1
78045 56570 1
78045 63013 1
78045 63443 1
78045 67344 1
78045 72343 1
78045 81613 1
78045 102894 1
81613 38802 1
81613 43030 1
81613 51038 1
81613 54457 1
81613 63443 1
81613 64183 1
81613 67344 1
81613 72343 1
81613 78045 1
81613 81612 1
81613 102894 1
81773 102894 1
38187 56398 1
38187 69105 1
38187 76043 1
38187 79076 1
38187 103153 1
44165 103153 1
69105 38187 1
69105 56398 1
69105 76043 1
69105 79076 1
69105 103153 1
71616 82716 1
71616 91842 1
71616 93939 1
71616 101991 1
71616 102092 1
71616 103152 1
71616 103153 1
73525 76367 1
73525 87621 1
73525 87622 1
73525 87625 1
73525 95775 1
73525 103153 1
76043 38187 1
76043 56398 1
76043 69105 1
76043 79076 1
76043 103153 1
78483 71240 1
78483 97056 1
78483 97552 1
78483 103153 1
78483 118779 1
79076 38187 1
79076 56398 1
79076 69105 1
79076 76043 1
79076 103153 1
82160 90780 1
82160 103153 1
87621 73525 1
87621 76367 2
87621 87622 1
87621 87625 1
87621 94144 1
87621 103153 1
90780 82160 1
90780 89082 1
90780 103153 1
91842 71616 1
91842 71917 1
91842 93939 1
91842 101991 1
91842 102092 1
91842 102845 1
91842 103152 1
91842 103153 1
94567 103153 1
97056 64183 1
97056 71240 1
97056 78483 1
97056 89082 1
97056 97552 1
97056 100463 1
97056 103153 1
97056 104799 1
97056 118779 1
97552 71240 1
97552 72343 1
97552 78483 1
97552 89082 1
97552 97056 1
97552 103153 1
97552 118779 1
101991 71616 1
101991 91842 1
101991 93939 1
101991 101034 2
101991 102092 1
101991 103152 1
101991 103153 1
102092 71616 1
102092 91842 1
102092 93939 1
102092 100463 1
102092 101991 1
102092 103152 1
102092 103153 1
103152 71616 1
103152 91842 1
103152 93939 1
103152 101991 1
103152 102092 1
103152 103153 1
104799 91744 1
104799 91835 1
104799 94829 1
104799 97056 1
104799 103153 1
104799 105266 1
104799 114321 1
104799 118779 1
53040 78282 1
53040 103417 1
53040 117293 1
57035 85085 2
57035 103417 1
78282 53040 1
78282 103417 1
78282 111549 1
85085 57035 2
85085 89282 1
85085 97719 1
85085 103417 2
89282 85085 1
89282 97719 1
89282 103417 1
94272 103417 1
97719 85085 1
97719 89282 1
97719 103417 1
122939 103417 1
87388 87390 1
87388 91245 1
87388 114321 1
87390 87388 1
87390 91245 1
87390 114321 1
91245 87388 1
91245 87390 1
91245 114321 1
58241 58228 1
61770 61769 1
74910 74912 1
119898 119897 1
117989 117990 1
104404 104403 1
85950 81303 1
68189 100125 1
70429 67319 1
123827 123829 1
8643 7722 1
8643 8638 1
8643 8639 2
8643 8640 1
8643 8645 2
8643 8646 1
8643 8647 2
8643 12669 1
8643 12670 1
8643 16948 1
8643 16949 1
8643 20538 1
8643 34518 1
12669 8643 1
12669 12670 1
12669 34518 1
12670 8643 1
12670 12669 1
12670 34518 1
35854 34518 1
57171 35947 1
114780 111483 2
106499 106500 1
55837 72168 1
109248 107035 1
109248 109247 1
57942 79290 1
57942 107874 1
74742 107874 1
79290 57942 1
79290 107874 1
82806 98721 1
82806 111091 1
98721 82806 1
98721 111091 1
74158 63386 1
56622 83032 1
119145 91833 1
119145 124738 1
115157 92976 1
99680 99678 1
99680 117703 1
114081 106860 1
84845 107037 1
101128 109525 1
112740 109525 1
73868 73815 1
73868 90615 1
90615 73815 1
90615 73868 1
48456 63435 1
54461 41713 1
94293 98187 1
122501 97441 1
86835 100463 1
116714 116715 1
77102 71933 1
77102 78841 1
78841 71933 1
78841 77102 1
118185 82716 1
59367 70855 1
81548 71240 1
81548 81549 1
81548 81550 1
81548 123404 1
81549 71240 1
81549 81548 1
81549 81550 1
81549 112954 1
81549 112955 1
81549 123404 1
81550 71240 1
81550 81548 1
81550 81549 1
81550 112956 1
81550 123404 1
123404 71240 1
123404 81548 1
123404 81549 1
123404 81550 1
113494 103935 1
61926 59269 1
61926 63013 1
74706 72343 1
56570 78045 1
102845 91842 1
117293 53040 1
111549 78282 1
59269 61926 1
112954 81549 1
112954 112955 1
112955 81549 1
112955 112954 1
112956 81550 1
124738 119145 1
109247 109248 1
7722 8638 1
7722 8639 1
7722 8640 1
7722 8643 1
7722 8645 1
7722 8646 1
7722 8647 1
7722 16948 1
7722 20538 1
8638 7722 1
8638 8639 1
8638 8640 1
8638 8643 1
8638 8645 1
8638 8646 1
8638 8647 1
8638 16948 1
8638 20538 1
8639 7722 1
8639 8638 1
8639 8640 2
8639 8643 2
8639 8645 1
8639 8646 1
8639 8647 1
8639 16948 1
8639 20538 1
8640 7722 1
8640 8638 1
8640 8639 2
8640 8643 1
8640 8645 2
8640 8646 1
8640 8647 1
8640 16948 1
8640 20538 1
8645 7722 1
8645 8638 1
8645 8639 1
8645 8640 2
8645 8643 2
8645 8646 1
8645 8647 1
8645 16948 1
8645 16949 1
8645 20538 1
8646 7722 1
8646 8638 1
8646 8639 1
8646 8640 1
8646 8643 1
8646 8645 1
8646 8647 2
8646 16948 1
8646 20538 1
8647 7722 1
8647 8638 1
8647 8639 1
8647 8640 1
8647 8643 2
8647 8645 1
8647 8646 2
8647 16948 1
8647 20538 1
16948 7722 1
16948 8638 1
16948 8639 1
16948 8640 1
16948 8643 1
16948 8645 1
16948 8646 1
16948 8647 1
16948 20538 1
16949 8643 1
16949 8645 1
20538 7722 1
20538 8638 1
20538 8639 1
20538 8640 1
20538 8643 1
20538 8645 1
20538 8646 1
20538 8647 1
20538 16948 1
