85940 108668 1
108668 76741 1
108668 85940 1
108668 108666 1
76741 52740 1
76741 89293 1
76741 108668 1
108666 82285 1
108666 95487 1
108666 101543 1
108666 108668 1
108666 116993 1
52740 37721 1
52740 52776 1
52740 76741 1
52740 86329 1
52740 100657 1
89293 76741 1
89293 96645 1
82285 58349 1
82285 99999 1
82285 101300 1
82285 101543 1
82285 108666 1
82285 112283 1
95487 72856 1
95487 74243 1
95487 108666 1
101543 50345 2
101543 70875 1
101543 82285 1
101543 93117 1
101543 108666 1
116993 108666 1
37721 31966 1
37721 51125 1
37721 52740 1
52776 52740 1
52776 80430 1
52776 86329 1
86329 51515 1
86329 52740 1
86329 52776 1
86329 69465 1
86329 70475 1
86329 72860 1
86329 75972 1
86329 83665 1
86329 86499 1
86329 87856 1
86329 95384 1
86329 102658 1
86329 106307 1
86329 110227 1
100657 52740 1
100657 78302 1
100657 100656 2
100657 104237 1
100657 105064 4
100657 108121 1
96645 89293 1
96645 89752 1
96645 97467 1
96645 97468 1
96645 97469 1
96645 97470 1
96645 103715 1
58349 82285 1
58349 112283 1
99999 58515 1
99999 82285 1
101300 82285 1
101300 101710 1
101300 107109 1
101300 108529 1
112283 58349 1
112283 82285 1
112283 112118 1
112283 117827 1
112283 117959 1
112283 118003 1
72856 51400 1
72856 72860 1
72856 95487 1
72856 108061 1
74243 95487 1
50345 101543 2
50345 105982 1
50345 112144 1
70875 101543 1
93117 82636 1
93117 89264 1
93117 97621 1
93117 101543 1
31966 37721 1
31966 51125 1
51125 31966 1
51125 37721 1
51125 47390 1
51125 47793 1
51125 47914 1
51125 52462 1
51125 68547 1
51125 68549 1
51125 68551 1
51125 68552 1
51125 68553 1
51125 76538 1
80430 52331 1
80430 52776 1
80430 63942 1
80430 63943 1
51515 72860 1
51515 86329 1
51515 102658 1
51515 106307 1
51515 107103 1
51515 115497 1
69465 86329 1
69465 123460 1
70475 52904 1
70475 61665 1
70475 64735 1
70475 75972 1
70475 79060 1
70475 86329 1
70475 86499 1
72860 51400 1
72860 51515 1
72860 72856 1
72860 86329 1
72860 89071 1
72860 102658 1
72860 106307 1
72860 114090 1
72860 118651 1
75972 50921 1
75972 64737 1
75972 70475 1
75972 71750 1
75972 72749 1
75972 79062 1
75972 86329 1
75972 86499 1
83665 86329 1
83665 87856 1
86499 48869 1
86499 70475 1
86499 73335 1
86499 75218 1
86499 75972 1
86499 86329 1
86499 110705 1
87856 75275 1
87856 83665 1
87856 86329 1
87856 110023 1
95384 86329 1
102658 51515 1
102658 72831 1
102658 72860 1
102658 86329 1
102658 106307 1
106307 51515 1
106307 72860 1
106307 86329 1
106307 102658 1
106307 106532 1
106307 108531 1
110227 86329 1
78302 100656 1
78302 100657 1
100656 78302 1
100656 100657 2
100656 100658 1
100656 103453 1
100656 106067 1
104237 100657 1
104237 105489 1
105064 100657 4
108121 100657 1
108121 115088 1
89752 96645 1
89752 96982 1
89752 97467 1
89752 97468 1
89752 97469 1
89752 97470 1
89752 103715 1
97467 89752 1
97467 96645 1
97467 97468 1
97467 97469 1
97467 97470 1
97467 103715 1
97467 122485 1
97468 66572 1
97468 89752 1
97468 96645 1
97468 96944 1
97468 97467 1
97468 97469 1
97468 97470 1
97468 103715 1
97468 124271 1
97469 89752 1
97469 96645 1
97469 97467 1
97469 97468 1
97469 97470 1
97469 103715 1
97470 67364 1
97470 89752 1
97470 90014 1
97470 96431 1
97470 96645 1
97470 97467 1
97470 97468 1
97470 97469 1
97470 98085 1
97470 103715 1
103715 89752 1
103715 96645 1
103715 97467 1
103715 97468 1
103715 97469 1
103715 97470 1
58515 99999 1
101710 71977 1
101710 89156 1
101710 101300 1
101710 105068 1
101710 105129 1
107109 101300 1
107109 108529 1
108529 101300 1
108529 107109 1
108529 107143 1
112118 112283 1
112118 118003 1
117827 112283 1
117827 117959 1
117959 58393 1
117959 103451 1
117959 112283 1
117959 117827 1
118003 109749 1
118003 112118 1
118003 112283 1
51400 72856 1
51400 72860 1
51400 76528 1
51400 91603 1
51400 92596 1
51400 113898 1
108061 72856 1
108061 108062 1
108061 119043 1
105982 50345 1
105982 91100 1
112144 50345 1
82636 82637 1
82636 93117 1
89264 75189 1
89264 93117 1
89264 97621 1
89264 113416 1
97621 89264 1
97621 93117 1
47390 51125 1
47390 52462 1
47793 32436 1
47793 46170 1
47793 47914 1
47793 51125 1
47793 51739 1
47793 62306 1
47793 67026 1
47793 76538 1
47914 47793 1
47914 51125 1
47914 76538 1
52462 47390 1
52462 51125 1
52462 67056 1
68547 51125 1
68547 68549 1
68547 68551 1
68547 68552 1
68547 68553 1
68549 51125 1
68549 68547 1
68549 68551 1
68549 68552 1
68549 68553 1
68551 51125 1
68551 68547 1
68551 68549 1
68551 68552 1
68551 68553 1
68552 40635 1
68552 44876 1
68552 50779 1
68552 51125 1
68552 53425 1
68552 57901 1
68552 57902 1
68552 60017 1
68552 67026 1
68552 68547 1
68552 68549 1
68552 68551 1
68552 68553 1
68552 69863 1
68552 71530 1
68553 44324 1
68553 51125 1
68553 68547 1
68553 68549 1
68553 68551 1
68553 68552 1
76538 47793 1
76538 47914 1
76538 51125 1
52331 63942 1
52331 63943 1
52331 80430 1
63942 52331 1
63942 63943 1
63942 80430 1
63943 52331 1
63943 63942 1
63943 80430 1
107103 51515 1
107103 59960 1
107103 106882 1
107103 115497 1
115497 51515 1
115497 98174 1
115497 107103 1
123460 69465 1
52904 19275 1
52904 19276 1
52904 19277 1
52904 19531 1
52904 61665 1
52904 64735 1
52904 70475 1
52904 79060 1
52904 79534 1
52904 91124 1
61665 12838 1
61665 34193 1
61665 52904 1
61665 62729 1
61665 64735 1
61665 69500 1
61665 70475 1
61665 76528 1
61665 79060 1
61665 85752 1
61665 87255 1
64735 52904 1
64735 61665 1
64735 70475 1
64735 79060 1
79060 47341 1
79060 52800 1
79060 52904 1
79060 61665 1
79060 64735 1
79060 70475 1
79060 83662 1
79060 90250 1
89071 51388 1
89071 69337 1
89071 72860 1
89071 118651 1
114090 51453 1
114090 72860 1
114090 75234 1
114090 100956 1
114090 103925 1
118651 72860 1
118651 89071 1
50921 64737 1
50921 71750 1
50921 72749 1
50921 75972 1
50921 79062 1
64737 50921 1
64737 71750 1
64737 72749 1
64737 75972 1
64737 79062 1
71750 50921 1
71750 64737 1
71750 72749 1
71750 75972 1
71750 79062 1
72749 50921 1
72749 64737 1
72749 71750 1
72749 75972 1
72749 79062 1
79062 50921 1
79062 64737 1
79062 71750 1
79062 72749 1
79062 75972 1
48869 86499 1
73335 59964 1
73335 86499 1
73335 110705 1
75218 86499 1
75218 100341 1
110705 73335 1
110705 86499 1
75275 87856 1
75275 96035 1
75275 96333 1
75275 109534 1
110023 87856 1
110023 100143 1
110023 115489 1
72831 58334 1
72831 63931 1
72831 91813 1
72831 102658 1
106532 106307 1
106532 108531 1
108531 66134 1
108531 106307 1
108531 106532 1
108531 118247 1
100658 100656 1
100658 103453 1
100658 106067 1
103453 100656 1
103453 100658 1
103453 106067 1
103453 108353 1
106067 75074 1
106067 98686 1
106067 100656 1
106067 100658 1
106067 103453 1
106067 106069 1
106067 107967 1
106067 108353 1
105489 86426 1
105489 92485 1
105489 104237 1
115088 101359 1
115088 108121 1
96982 89752 1
122485 97467 1
66572 96944 1
66572 97468 1
66572 98980 1
66572 124271 1
96944 66572 1
96944 96945 1
96944 97468 1
96944 124271 1
124271 66572 1
124271 96944 1
124271 97468 1
124271 116706 1
124271 120898 1
67364 67353 1
67364 67354 1
67364 97470 1
67364 98433 1
67364 118106 1
90014 97470 1
90014 98085 1
96431 97470 1
96431 120898 1
96431 121089 1
98085 90014 1
98085 97470 1
98085 101592 1
71977 89156 1
71977 101710 1
71977 105068 1
89156 71977 1
89156 101710 1
89156 105068 1
105068 69334 1
105068 71977 1
105068 89156 1
105068 101710 1
105129 101710 1
107143 73475 1
107143 93275 1
107143 106670 1
107143 107563 1
107143 108529 1
107143 114892 1
58393 117959 1
103451 83126 1
103451 84180 1
103451 95259 3
103451 116220 1
103451 117959 1
103451 119107 4
109749 62727 1
109749 100426 1
109749 118003 1
76528 34193 1
76528 46036 1
76528 50336 1
76528 50535 1
76528 51400 1
76528 56970 1
76528 61665 1
76528 69500 1
76528 74838 1
76528 81408 1
76528 100024 1
91603 23042 1
91603 51400 1
91603 61163 1
91603 113898 1
92596 51400 1
92596 66634 1
92596 87358 1
92596 91914 1
92596 94996 1
92596 96689 1
92596 114894 1
113898 51400 1
113898 91603 1
113898 91605 1
108062 108061 1
108062 119043 1
119043 108061 1
119043 108062 1
119043 119042 1
91100 105982 1
82637 82636 1
75189 79657 1
75189 89264 1
75189 92405 1
113416 76752 1
113416 78410 1
113416 84475 1
113416 89264 1
113416 109276 1
32436 33602 1
32436 46170 1
32436 47793 1
32436 47912 1
32436 51739 1
32436 66559 1
32436 71530 1
32436 73959 1
46170 32436 1
46170 47793 1
46170 51739 1
51739 32436 1
51739 46170 1
51739 47793 1
51739 50613 1
51739 63375 1
51739 65280 1
62306 42203 1
62306 42310 1
62306 43361 1
62306 46225 1
62306 47793 1
62306 48546 1
62306 57738 1
62306 65456 1
62306 69000 1
62306 72592 1
62306 76518 1
62306 125843 1
67026 44876 1
67026 47793 1
67026 50779 1
67026 57901 1
67026 57902 1
67026 60017 1
67026 68552 1
67026 69863 1
67056 52462 1
40635 53425 1
40635 55954 1
40635 63677 1
40635 68552 1
44876 50779 1
44876 57901 1
44876 57902 1
44876 60017 1
44876 62963 1
44876 67026 1
44876 68552 1
44876 69863 1
50779 44876 1
50779 57901 1
50779 57902 1
50779 60017 1
50779 67026 1
50779 68552 1
50779 69863 1
53425 40635 1
53425 60712 1
53425 66930 1
53425 68552 1
57901 44876 1
57901 50779 1
57901 57902 1
57901 60017 1
57901 67026 1
57901 68552 1
57901 69863 1
57902 44876 1
57902 50779 1
57902 57901 1
57902 57914 1
57902 60017 1
57902 67026 1
57902 68552 1
57902 69863 1
57902 71308 1
60017 44876 1
60017 50779 1
60017 57901 1
60017 57902 1
60017 67026 1
60017 68552 1
60017 69862 1
60017 69863 1
69863 44876 1
69863 50779 1
69863 57901 1
69863 57902 1
69863 60017 1
69863 67026 1
69863 68552 1
71530 32436 1
71530 33602 1
71530 47912 1
71530 66559 1
71530 68552 1
71530 73959 1
44324 44326 1
44324 50250 1
44324 68553 1
59960 106882 1
59960 107103 1
106882 59960 1
106882 107103 1
98174 98173 1
98174 98646 1
98174 115497 1
19275 19276 1
19275 19277 1
19275 19531 1
19275 52904 1
19276 19275 1
19276 19277 1
19276 19531 2
19276 52904 1
19277 19275 1
19277 19276 1
19277 19531 1
19277 52904 1
19531 19275 1
19531 19276 2
19531 19277 1
19531 52904 1
79534 43700 1
79534 52904 1
79534 70473 1
79534 80904 1
91124 52904 1
12838 41001 1
12838 61665 1
12838 85752 1
34193 45170 1
34193 55588 1
34193 60363 1
34193 61665 1
34193 61798 1
34193 66226 1
34193 69500 1
34193 76528 1
34193 80725 1
34193 87693 1
34193 88999 1
62729 41543 1
62729 49061 1
62729 61665 1
62729 66265 1
62729 68289 1
62729 81500 1
69500 8761 1
69500 23927 1
69500 25336 1
69500 34193 1
69500 61665 1
69500 76528 1
69500 80661 1
69500 80743 1
85752 12838 1
85752 61665 1
87255 56474 1
87255 61665 1
87255 75093 1
87255 82321 1
87255 99956 1
87255 101508 1
47341 21093 1
47341 50359 1
47341 58525 1
47341 79060 1
47341 83662 1
52800 79060 1
52800 90250 1
83662 47341 1
83662 79060 1
83662 80439 1
83662 83127 1
90250 52800 1
90250 79060 1
90250 93388 1
51388 69337 1
51388 89071 1
51388 118257 1
69337 51388 1
69337 89071 1
51453 102453 1
51453 114090 1
75234 92116 1
75234 94765 1
75234 100956 1
75234 114090 1
100956 41029 1
100956 60484 1
100956 75234 1
100956 114090 1
103925 75971 1
103925 78410 1
103925 109539 1
103925 114090 1
103925 118082 1
59964 73335 1
59964 91299 1
100341 44147 1
100341 75218 1
100341 93443 1
100341 109013 1
100341 113373 1
96035 75275 1
96333 75275 1
96333 109534 1
109534 63951 1
109534 75275 1
109534 81478 1
109534 96333 1
109534 96694 1
100143 82536 1
100143 90786 1
100143 97737 1
100143 102943 1
100143 110023 1
115489 51340 1
115489 91605 1
115489 110023 1
58334 72831 1
58334 126056 1
63931 67416 1
63931 72831 1
63931 96689 1
63931 97624 1
63931 115575 1
91813 72831 1
91813 77303 1
91813 99267 1
91813 112527 1
66134 108531 1
118247 108531 1
108353 103453 1
108353 106067 1
108353 106069 1
108353 107967 1
75074 98686 1
75074 106067 1
98686 75074 1
98686 98687 1
98686 106067 1
98686 111954 1
98686 113300 1
98686 119205 1
98686 119206 1
98686 123641 1
106069 106067 1
106069 107967 1
106069 108353 1
107967 106067 1
107967 106069 1
107967 108353 1
86426 105489 1
92485 105489 1
101359 78543 1
101359 88150 1
101359 95790 2
101359 103845 1
101359 106217 1
101359 115088 1
98980 66572 1
98980 90509 1
96945 96944 1
116706 88494 1
116706 120898 1
116706 124271 1
120898 96431 1
120898 116706 1
120898 121089 1
120898 124271 1
67353 67364 1
67353 98433 1
67354 67364 1
67354 118106 1
98433 22374 1
98433 50693 1
98433 54065 1
98433 60821 1
98433 67353 1
98433 67364 1
98433 96424 6
118106 67354 1
118106 67364 1
121089 52650 1
121089 82494 1
121089 82495 1
121089 96427 1
121089 96431 1
121089 99582 1
121089 109300 1
121089 110290 1
121089 120898 1
121089 121393 2
101592 50694 1
101592 58174 1
101592 80139 1
101592 81798 1
101592 98085 1
69334 73836 1
69334 84832 1
69334 90786 1
69334 105068 1
69334 109888 1
73475 56147 1
73475 56387 1
73475 79056 1
73475 91889 1
73475 97920 1
73475 106568 1
73475 107143 1
73475 107563 1
93275 48892 1
93275 70777 1
93275 72586 1
93275 78356 1
93275 90901 1
93275 91536 1
93275 92687 1
93275 100427 1
93275 106175 1
93275 106756 1
93275 107143 1
93275 114892 1
93275 118430 1
106670 107143 1
106670 118373 1
107563 54420 4
107563 73475 1
107563 107143 1
107563 107593 1
107563 118373 1
114892 93275 1
114892 107143 1
114892 109344 1
114892 110943 1
83126 87033 1
83126 98291 1
83126 103451 1
84180 90605 1
84180 103451 1
84180 119107 1
95259 74486 1
95259 85873 1
95259 88109 1
95259 103451 3
95259 111904 1
95259 119107 2
116220 103451 1
116220 106215 1
116220 119107 1
119107 84180 1
119107 95259 2
119107 103451 4
119107 116220 1
119107 119106 1
62727 109749 1
100426 109749 1
46036 36471 1
46036 44471 1
46036 48171 1
46036 58689 1
46036 61827 1
46036 76528 1
50336 76528 1
50535 76528 1
56970 74838 1
56970 76528 1
56970 100024 1
74838 56970 1
74838 76528 1
74838 100024 1
81408 76528 1
100024 56970 1
100024 74838 1
100024 76528 1
23042 61163 1
23042 91603 1
61163 23042 1
61163 55554 1
61163 69379 1
61163 72199 1
61163 77152 1
61163 81783 1
61163 91603 1
61163 107485 1
66634 92596 1
66634 114894 1
87358 65234 1
87358 69355 1
87358 92596 1
87358 95707 2
87358 96689 1
87358 109293 1
91914 54170 1
91914 59649 1
91914 92596 1
94996 79133 1
94996 79204 1
94996 79615 1
94996 80661 1
94996 84640 1
94996 90028 1
94996 92596 1
94996 101844 1
96689 63931 1
96689 79574 1
96689 87358 1
96689 92596 1
96689 97624 1
96689 115575 1
114894 62730 1
114894 66634 1
114894 92596 1
114894 114893 1
91605 90477 1
91605 112977 1
91605 113898 1
91605 115105 1
91605 115489 1
119042 119043 1
79657 69276 1
79657 75189 1
79657 79133 1
79657 99512 1
92405 36180 1
92405 57295 2
92405 75189 1
92405 98291 1
92405 105624 1
76752 35677 1
76752 55433 1
76752 71950 1
76752 83409 1
76752 97300 1
76752 112135 1
76752 113416 1
78410 29394 1
78410 45967 1
78410 51575 1
78410 66936 1
78410 91283 1
78410 103925 1
78410 104548 1
78410 108897 1
78410 109539 1
78410 113416 1
78410 115458 1
84475 66068 1
84475 76207 1
84475 90373 1
84475 97941 1
84475 106686 1
84475 113416 1
109276 113416 1
33602 32436 1
33602 47912 1
33602 66559 1
33602 71530 1
33602 73959 1
47912 32436 1
47912 33602 1
47912 53165 1
47912 53741 1
47912 66559 1
47912 66930 1
47912 67208 1
47912 69809 1
47912 71530 1
47912 73959 1
47912 84782 1
66559 32436 1
66559 33602 1
66559 47912 1
66559 71530 1
66559 73959 1
73959 30510 1
73959 32436 1
73959 33602 1
73959 38709 1
73959 47912 1
73959 55841 1
73959 58674 1
73959 62308 1
73959 65765 1
73959 66559 1
73959 71530 1
73959 71873 1
73959 75941 1
50613 51739 1
50613 63375 1
50613 65280 1
63375 32523 1
63375 32525 1
63375 41227 1
63375 50613 1
63375 51739 1
63375 65280 1
65280 50613 1
65280 51739 1
65280 63375 1
42203 43361 1
42203 46225 1
42203 62306 1
42203 69000 1
42203 122789 1
42203 125843 1
42310 62306 1
42310 72592 1
43361 42203 1
43361 46225 1
43361 46561 1
43361 62306 1
43361 63095 1
43361 68431 1
43361 69000 1
43361 77847 1
43361 125843 1
46225 42203 1
46225 43361 1
46225 62306 1
46225 69000 1
46225 88719 1
46225 125843 1
48546 62306 1
57738 35637 1
57738 41679 1
57738 46522 1
57738 46545 1
57738 58070 1
57738 62306 1
57738 76518 1
65456 62306 1
69000 42203 1
69000 43361 1
69000 46225 1
69000 62306 1
69000 125843 1
72592 42310 1
72592 62306 1
76518 57738 1
76518 62306 1
76518 68431 1
76518 79560 1
125843 42203 1
125843 43361 1
125843 46225 1
125843 50291 1
125843 62306 1
125843 69000 1
55954 40635 1
55954 52104 1
63677 40635 1
62963 44876 1
62963 64768 1
62963 81258 1
60712 53425 1
60712 66930 1
66930 47912 1
66930 53425 1
66930 60712 1
57914 57902 1
57914 71308 1
71308 57902 1
71308 57914 1
69862 60017 1
44326 44324 1
44326 53743 1
50250 41677 1
50250 44324 1
50250 54372 1
50250 66175 1
98173 98174 1
98173 98646 1
98646 67935 1
98646 69366 1
98646 89845 1
98646 98173 1
98646 98174 1
43700 70473 1
43700 79534 1
43700 80904 1
70473 43700 1
70473 79534 1
70473 80904 1
80904 43700 1
80904 70473 1
80904 79534 1
41001 12838 1
45170 34193 1
45170 55588 1
45170 60363 1
45170 80725 1
45170 87693 1
55588 34193 1
55588 45170 1
55588 60363 1
55588 80486 1
55588 80487 1
55588 80725 1
55588 87693 1
55588 99595 1
60363 34193 1
60363 45170 1
60363 55588 1
60363 80725 1
60363 87693 1
61798 34193 1
66226 34193 1
66226 72246 1
66226 85837 1
66226 85848 2
66226 96569 1
80725 34193 1
80725 45170 1
80725 51264 1
80725 51308 1
80725 55588 1
80725 60363 1
80725 87316 1
80725 87693 1
80725 87716 1
80725 102956 1
87693 34193 1
87693 45170 1
87693 55588 1
87693 60363 1
87693 66928 1
87693 69358 1
87693 80725 1
87693 87036 1
88999 34193 1
41543 49061 1
41543 62729 1
41543 66265 1
49061 41543 1
49061 62729 1
49061 66265 1
66265 21335 1
66265 41543 1
66265 49061 1
66265 62729 1
68289 62729 1
68289 81500 1
81500 62729 1
81500 68289 1
8761 25336 1
8761 69500 1
23927 69500 1
25336 8761 1
25336 69500 1
80661 69500 1
80661 80743 1
80661 90028 1
80661 94996 1
80743 69500 1
80743 80661 1
56474 75093 1
56474 87255 1
75093 56474 1
75093 87255 1
82321 87255 1
99956 87255 1
101508 87255 1
21093 47341 1
50359 47341 1
50359 58525 1
58525 47341 1
58525 50359 1
80439 83127 1
80439 83662 1
83127 80439 1
83127 83662 1
93388 90250 1
118257 51388 1
102453 51453 1
92116 75234 1
92116 94765 1
94765 75234 1
94765 92116 1
41029 60484 1
41029 100956 1
60484 41029 1
60484 100956 1
75971 103925 1
109539 78410 1
109539 103925 1
118082 103925 1
91299 59964 1
44147 100341 1
93443 100341 1
109013 100341 1
113373 100341 1
63951 81478 2
63951 96694 1
63951 107740 1
63951 109534 1
81478 63951 2
81478 96694 1
81478 107740 1
81478 109534 1
96694 63951 1
96694 81478 1
96694 109534 1
82536 57295 1
82536 90786 1
82536 98291 1
82536 100143 1
90786 69334 1
90786 79615 1
90786 82536 1
90786 100143 1
90786 109888 1
97737 100143 1
97737 102943 1
102943 97737 1
102943 100143 1
102943 101844 1
51340 115489 1
126056 58334 1
67416 63931 1
97624 63931 1
97624 96689 1
97624 115575 1
115575 63931 1
115575 96689 1
115575 97624 1
77303 91813 1
77303 99267 1
77303 112527 1
99267 77303 1
99267 91813 1
99267 108401 1
99267 112527 1
112527 77303 1
112527 91813 1
112527 99267 1
98687 98686 1
111954 98686 1
111954 113300 1
111954 119205 1
111954 119206 1
111954 123641 1
113300 98686 1
113300 111954 1
113300 119205 1
113300 119206 1
113300 123641 1
119205 98686 1
119205 111954 1
119205 113300 1
119205 119106 1
119205 119206 3
119205 123641 1
119206 98686 1
119206 111954 1
119206 113300 1
119206 119205 3
119206 123641 1
123641 98686 1
123641 111954 1
123641 113300 1
123641 119205 1
123641 119206 1
78543 101359 1
88150 95790 1
88150 101359 1
95790 88150 1
95790 101359 2
95790 106217 1
103845 101359 1
106217 95790 1
106217 101359 1
90509 98980 1
88494 116706 1
22374 96424 1
22374 98433 1
50693 54065 1
50693 60821 1
50693 96424 1
50693 98433 1
54065 50693 1
54065 60821 1
54065 96424 1
54065 98433 1
60821 50693 1
60821 54065 1
60821 96424 1
60821 98433 1
96424 22374 1
96424 50693 1
96424 54065 1
96424 58174 1
96424 60821 1
96424 98433 6
52650 121089 1
52650 121393 1
82494 82495 1
82494 121089 1
82495 82494 1
82495 121089 1
96427 99582 1
96427 121089 1
99582 96427 1
99582 121089 1
109300 121089 1
110290 121089 1
121393 52650 1
121393 121089 2
50694 80139 1
50694 101592 1
58174 81798 1
58174 96424 1
58174 101592 1
80139 50694 1
80139 101592 1
81798 58174 1
81798 101592 1
73836 69334 1
84832 69334 1
109888 69334 1
109888 90786 1
56147 73475 1
56387 73475 1
56387 106568 1
79056 73475 1
79056 97920 1
91889 73475 1
97920 73475 1
97920 79056 1
106568 56387 1
106568 73475 1
48892 92687 1
48892 93275 1
48892 106756 1
48892 118430 2
70777 90901 1
70777 93275 1
72586 78356 1
72586 93275 1
72586 100427 1
78356 72586 1
78356 93275 1
78356 100427 1
90901 70777 1
90901 93275 1
91536 93275 1
91536 106175 1
92687 48892 1
92687 93275 1
92687 100904 1
92687 106756 1
92687 118430 2
100427 72586 1
100427 78356 1
100427 93275 1
106175 91536 1
106175 93275 1
106756 48892 1
106756 92687 1
106756 93275 1
106756 118430 1
118430 48892 2
118430 92687 2
118430 93275 1
118430 106756 1
118373 54420 1
118373 106670 1
118373 107563 1
118373 107593 1
54420 107563 4
54420 107593 1
54420 118373 1
107593 54420 1
107593 107563 1
107593 118373 1
109344 114892 1
110943 114892 1
87033 83126 1
98291 57295 1
98291 82536 1
98291 83126 1
98291 92405 1
90605 84180 1
74486 85873 1
74486 88109 1
74486 95259 1
74486 104955 2
74486 111904 1
74486 117331 1
74486 117332 1
85873 61827 1
85873 74486 1
85873 81566 1
85873 88109 1
85873 95259 1
85873 111904 1
88109 74486 1
88109 85873 1
88109 95259 1
88109 111904 1
111904 74486 1
111904 85873 1
111904 88109 1
111904 95259 1
106215 116220 1
119106 119107 1
119106 119205 1
36471 46036 1
36471 58689 1
36471 61827 1
44471 46036 1
44471 48171 1
48171 44471 1
48171 46036 1
58689 36471 1
58689 46036 1
58689 61827 1
61827 36471 1
61827 46036 1
61827 58689 1
61827 81566 1
61827 85873 1
55554 55433 1
55554 61163 1
69379 61163 1
69379 72199 1
69379 107485 1
69379 123387 1
72199 61163 1
72199 69379 1
72199 107485 1
77152 61163 1
77152 81783 1
81783 61163 1
81783 77152 1
107485 61163 1
107485 69379 1
107485 72199 1
65234 87358 1
65234 95707 1
69355 87358 1
95707 65234 1
95707 87358 2
109293 87358 1
54170 59649 1
54170 91914 1
59649 54170 1
59649 91914 1
79133 79657 1
79133 94996 1
79133 99512 1
79204 94996 1
79615 90786 1
79615 94996 1
84640 94996 1
90028 80661 1
90028 94996 1
101844 73940 1
101844 94996 1
101844 102943 1
79574 96689 1
62730 114893 1
62730 114894 1
114893 62730 1
114893 114894 1
90477 36348 1
90477 83125 1
90477 91605 1
90477 112977 1
90477 115105 1
112977 90477 1
112977 91605 1
112977 115105 1
115105 90477 1
115105 91605 1
115105 112977 1
69276 79657 1
99512 79133 1
99512 79657 1
36180 92405 1
36180 105624 1
57295 82536 1
57295 92405 2
57295 98291 1
105624 36180 1
105624 92405 1
35677 76752 1
35677 83409 1
35677 90373 1
55433 55554 1
55433 76752 1
55433 112135 1
71950 76752 1
71950 97300 1
83409 35677 1
83409 76752 1
97300 71950 1
97300 76752 1
112135 55433 1
112135 76752 1
29394 78410 1
29394 115458 1
45967 78410 1
45967 104548 1
51575 66936 1
51575 78410 1
51575 91283 1
66936 51575 1
66936 78410 1
91283 51575 1
91283 78410 1
104548 45967 1
104548 78410 1
108897 78410 1
115458 29394 1
115458 78410 1
66068 84475 1
66068 97941 1
76207 84475 1
90373 35677 1
90373 84475 1
90373 97941 1
97941 66068 1
97941 84475 1
97941 90373 1
106686 84475 1
53165 47912 1
53165 76350 1
53165 84782 1
53165 101283 1
53741 47912 1
53741 67208 1
67208 47912 1
67208 53741 1
69809 47912 1
84782 47912 1
84782 53165 1
30510 71873 1
30510 73959 1
38709 55841 1
38709 58674 1
38709 62308 1
38709 65765 1
38709 73959 1
38709 75941 1
55841 38709 1
55841 58674 1
55841 62308 1
55841 65765 1
55841 73959 1
55841 75941 1
58674 38709 1
58674 55841 1
58674 62308 1
58674 65765 1
58674 73959 1
58674 75941 1
62308 38709 1
62308 55841 1
62308 58674 1
62308 65765 1
62308 73959 1
62308 75941 1
65765 38709 1
65765 55841 1
65765 58674 1
65765 62308 1
65765 73959 1
65765 75941 1
71873 30510 1
71873 73959 1
75941 38709 1
75941 55841 1
75941 58674 1
75941 62308 1
75941 65765 1
75941 73959 1
32523 32525 1
32523 41227 1
32523 63375 1
32525 32523 1
32525 41227 1
32525 63375 1
41227 32523 1
41227 32525 1
41227 63375 1
122789 42203 1
46561 43361 1
46561 63095 1
46561 68431 1
46561 77847 1
63095 43361 1
63095 46561 1
63095 68431 1
63095 77847 1
68431 43361 1
68431 46561 1
68431 63095 1
68431 76518 1
68431 77847 1
77847 43361 1
77847 46561 1
77847 63095 1
77847 68431 1
88719 46225 1
35637 41679 1
35637 46522 1
35637 46545 1
35637 57738 1
35637 58070 1
41679 35637 1
41679 46522 1
41679 46545 1
41679 57738 1
41679 58070 1
46522 35637 1
46522 41679 1
46522 46545 1
46522 57738 1
46522 58070 1
46545 35637 1
46545 41679 1
46545 46522 1
46545 57738 1
46545 58070 1
58070 35637 1
58070 41679 1
58070 46522 1
58070 46545 1
58070 57738 1
79560 76518 1
50291 125843 1
52104 55954 1
64768 62963 1
64768 81258 1
81258 62963 1
81258 64768 1
53743 44326 1
41677 50250 1
41677 54372 2
41677 66175 1
54372 41677 2
54372 50250 1
54372 66175 1
66175 41677 1
66175 50250 1
66175 54372 1
67935 98646 1
69366 89845 1
69366 98646 1
89845 69366 1
89845 98646 1
80486 55588 1
80486 80487 1
80486 99595 1
80487 55588 1
80487 80486 1
80487 99595 1
99595 55588 1
99595 80486 1
99595 80487 1
72246 66226 1
72246 85848 1
72246 96569 1
85837 66226 1
85848 66226 2
85848 72246 1
85848 96569 1
96569 66226 1
96569 72246 1
96569 85848 1
51264 51308 1
51264 80725 1
51264 102956 1
51308 51264 1
51308 80725 1
51308 102956 1
87316 80725 1
87316 87716 1
87716 80725 1
87716 87316 1
102956 51264 1
102956 51308 1
102956 80725 1
66928 69358 1
66928 87693 1
69358 66928 1
69358 87693 1
87036 87693 1
21335 66265 1
107740 63951 1
107740 81478 1
108401 99267 1
100904 92687 1
104955 74486 2
104955 117331 1
104955 117332 1
117331 74486 1
117331 104955 1
117331 117332 1
117332 74486 1
117332 104955 1
117332 117331 1
81566 61827 1
81566 85873 1
123387 69379 1
73940 101844 1
36348 83125 1
36348 90477 1
83125 36348 1
83125 90477 1
76350 53165 1
76350 101283 1
101283 53165 1
101283 76350 1
