14478 1257 1
1257 1211 1
1257 2230 1
1257 2527 1
1257 2532 1
1257 4171 1
1257 5354 1
1257 5962 1
1257 7981 1
1257 8745 1
1257 9311 1
1257 10020 1
1257 10436 1
1257 11240 1
1257 11876 1
1257 11910 1
1257 11911 1
1257 11912 1
1257 11913 1
1257 11981 1
1257 12715 1
1257 12797 1
1257 13397 1
1257 13494 1
1257 14478 1
1257 15455 1
1257 21630 1
1257 23798 1
1211 1182 1
1211 1257 1
1211 8308 1
1211 13244 1
1211 15455 1
1211 22155 1
1211 122654 1
2230 1208 1
2230 1215 1
2230 1228 1
2230 1257 1
2230 1264 1
2230 1285 1
2230 2527 1
2230 2532 1
2230 5354 1
2230 8745 1
2230 8816 1
2230 9200 1
2230 10436 1
2230 11981 1
2230 11986 1
2230 12715 1
2230 15602 1
2230 17001 1
2230 20353 1
2230 20354 1
2230 20658 1
2230 21630 1
2230 23798 1
2230 25789 1
2230 26448 1
2527 1231 1
2527 1257 1
2527 1300 1
2527 2230 1
2527 2532 1
2527 3343 1
2527 5354 1
2527 8482 1
2527 8745 1
2527 10113 1
2527 10436 1
2527 11377 1
2527 11981 1
2527 12715 1
2527 15411 1
2527 17178 1
2527 21630 1
2527 23798 1
2532 1257 1
2532 2230 1
2532 2527 1
2532 5354 1
2532 8745 1
2532 10436 1
2532 11981 1
2532 12715 1
2532 21630 1
2532 23798 1
4171 1257 1
4171 5962 1
4171 7981 1
4171 9311 1
4171 10020 1
4171 11240 1
4171 11876 1
4171 11910 1
4171 11911 1
4171 11912 1
4171 11913 1
4171 12797 1
4171 13397 1
4171 13494 1
5354 1257 1
5354 2230 1
5354 2527 1
5354 2532 1
5354 4239 1
5354 5788 1
5354 8745 1
5354 10436 1
5354 10984 1
5354 11981 1
5354 12715 1
5354 12726 1
5354 12902 1
5354 16572 1
5354 21630 1
5354 23798 1
5354 32616 1
5354 36635 1
5962 25 1
5962 1257 1
5962 4171 1
5962 7981 1
5962 8442 1
5962 8444 1
5962 9311 1
5962 9660 1
5962 10020 1
5962 11240 1
5962 11876 1
5962 11910 1
5962 11911 1
5962 11912 1
5962 11913 1
5962 12797 1
5962 13397 1
5962 13494 1
5962 125209 1
7981 396 1
7981 1257 1
7981 4171 1
7981 5962 1
7981 6306 1
7981 6369 1
7981 6405 1
7981 7803 1
7981 9311 1
7981 9423 1
7981 9660 1
7981 10016 1
7981 10020 1
7981 10376 1
7981 10377 1
7981 10521 1
7981 10522 1
7981 11240 1
7981 11876 1
7981 11910 1
7981 11911 2
7981 11912 1
7981 11913 1
7981 12006 1
7981 12270 1
7981 12365 1
7981 12527 1
7981 12797 1
7981 13219 1
7981 13397 1
7981 13494 1
7981 15171 1
7981 106795 1
8745 1257 1
8745 2230 1
8745 2527 1
8745 2532 1
8745 3444 1
8745 5354 1
8745 6658 1
8745 10094 1
8745 10436 1
8745 11109 1
8745 11981 1
8745 12715 1
8745 12818 1
8745 21630 1
8745 23798 1
8745 66931 1
9311 399 1
9311 1257 1
9311 2869 1
9311 4171 1
9311 5962 1
9311 7981 1
9311 9308 1
9311 9309 1
9311 9310 1
9311 9489 1
9311 10020 2
9311 11240 1
9311 11876 1
9311 11878 1
9311 11910 1
9311 11911 1
9311 11912 1
9311 11913 1
9311 12797 1
9311 13397 1
9311 13494 1
10020 399 1
10020 1257 1
10020 2869 1
10020 4171 1
10020 5962 1
10020 7981 1
10020 9308 1
10020 9309 1
10020 9310 1
10020 9311 2
10020 9489 1
10020 11240 1
10020 11876 1
10020 11878 1
10020 11910 1
10020 11911 1
10020 11912 1
10020 11913 1
10020 12797 1
10020 13397 1
10020 13494 1
10436 1257 1
10436 2230 1
10436 2527 1
10436 2532 1
10436 5354 1
10436 6652 1
10436 8745 1
10436 11981 1
10436 12715 1
10436 15845 1
10436 21630 1
10436 23798 1
11240 1257 1
11240 4171 1
11240 5962 1
11240 7981 1
11240 9311 1
11240 10020 1
11240 11876 1
11240 11910 1
11240 11911 1
11240 11912 1
11240 11913 1
11240 12797 1
11240 13397 1
11240 13494 1
11876 1257 1
11876 1671 1
11876 4171 1
11876 4390 1
11876 5241 1
11876 5962 1
11876 7981 1
11876 8303 1
11876 9311 1
11876 10020 1
11876 10431 1
11876 11240 1
11876 11910 1
11876 11911 1
11876 11912 1
11876 11913 1
11876 12503 1
11876 12797 1
11876 13397 1
11876 13494 1
11876 13813 1
11876 16860 1
11910 1257 1
11910 4171 1
11910 5962 1
11910 7981 1
11910 9311 1
11910 10020 1
11910 11240 1
11910 11876 1
11910 11911 1
11910 11912 1
11910 11913 1
11910 12797 1
11910 13397 1
11910 13494 1
11911 1257 1
11911 4171 1
11911 5962 1
11911 6307 1
11911 7981 2
11911 9311 1
11911 10020 1
11911 10510 1
11911 11240 1
11911 11876 1
11911 11910 1
11911 11912 1
11911 11913 1
11911 12797 1
11911 13219 1
11911 13397 1
11911 13494 1
11912 1246 1
11912 1257 1
11912 2253 1
11912 2364 1
11912 2373 1
11912 3226 1
11912 4171 1
11912 4597 1
11912 4997 1
11912 5295 1
11912 5962 1
11912 6873 1
11912 6875 1
11912 7028 1
11912 7057 1
11912 7805 1
11912 7981 1
11912 9112 1
11912 9311 1
11912 9659 1
11912 9660 1
11912 9716 1
11912 10020 1
11912 11221 1
11912 11240 1
11912 11868 1
11912 11876 1
11912 11910 1
11912 11911 1
11912 11913 1
11912 12797 1
11912 13397 1
11912 13494 1
11912 125209 1
11912 126689 1
11913 1257 1
11913 3844 1
11913 4171 1
11913 4428 1
11913 4429 1
11913 4430 1
11913 4747 1
11913 5962 1
11913 7692 1
11913 7707 1
11913 7708 1
11913 7981 1
11913 9059 1
11913 9311 1
11913 10020 1
11913 11240 1
11913 11876 1
11913 11910 1
11913 11911 1
11913 11912 1
11913 12797 1
11913 13397 1
11913 13494 1
11981 1257 1
11981 2230 1
11981 2527 1
11981 2532 1
11981 5354 1
11981 6989 1
11981 6990 1
11981 8745 1
11981 10117 1
11981 10436 1
11981 11982 1
11981 12715 1
11981 15776 1
11981 20528 1
11981 20529 1
11981 21630 1
11981 23798 1
12715 1257 1
12715 2230 1
12715 2527 1
12715 2532 1
12715 5354 1
12715 8745 1
12715 10436 1
12715 11981 1
12715 21630 1
12715 23798 1
12797 1257 1
12797 4171 1
12797 5697 1
12797 5962 1
12797 7236 1
12797 7629 1
12797 7821 1
12797 7981 1
12797 9311 1
12797 10020 1
12797 11240 1
12797 11876 1
12797 11910 1
12797 11911 1
12797 11912 1
12797 11913 1
12797 13397 1
12797 13494 1
12797 14018 1
12797 14671 1
12797 15545 1
12797 16327 1
12797 17178 1
12797 18410 1
13397 1257 1
13397 4171 1
13397 5962 1
13397 7981 1
13397 9311 1
13397 10020 1
13397 11240 1
13397 11876 1
13397 11910 1
13397 11911 1
13397 11912 1
13397 11913 1
13397 12797 1
13397 13494 1
13494 942 1
13494 1257 1
13494 3217 1
13494 4171 1
13494 5962 1
13494 6615 1
13494 7981 1
13494 8748 1
13494 9311 1
13494 9493 1
13494 10020 1
13494 11240 1
13494 11876 1
13494 11910 1
13494 11911 1
13494 11912 1
13494 11913 1
13494 12797 1
13494 13397 1
13494 13529 1
13494 13785 1
15455 1097 1
15455 1138 1
15455 1211 1
15455 1257 1
15455 4495 1
15455 4775 1
15455 6616 1
15455 7457 1
15455 7706 1
15455 9314 1
15455 10080 1
15455 11596 1
15455 12044 1
15455 12451 2
15455 12654 1
15455 12682 1
15455 12686 1
15455 12930 1
15455 13605 1
15455 14210 1
15455 14530 1
15455 14809 1
15455 14817 1
15455 14997 1
15455 16650 1
15455 17374 1
15455 17407 1
15455 18038 1
15455 19357 1
15455 19887 1
15455 19901 1
15455 20464 1
15455 21169 1
15455 21251 1
15455 21672 1
15455 22164 1
15455 22661 1
15455 22684 1
15455 24656 1
15455 26574 1
15455 32038 1
21630 1257 1
21630 2230 1
21630 2527 1
21630 2532 1
21630 5354 1
21630 8745 1
21630 10436 1
21630 11981 1
21630 12715 1
21630 23798 1
23798 1257 1
23798 1641 1
23798 2230 1
23798 2527 1
23798 2532 1
23798 5354 1
23798 8745 1
23798 10436 1
23798 11981 1
23798 12715 1
23798 14815 1
23798 21630 1
1182 441 1
1182 560 1
1182 1180 1
1182 1181 1
1182 1183 2
1182 1211 1
1182 5014 1
1182 6150 1
1182 7325 1
1182 7842 1
1182 8027 1
1182 8028 1
1182 8243 1
1182 8308 1
1182 8456 1
1182 8457 1
1182 8673 1
1182 8717 1
1182 9943 1
1182 11856 1
1182 13244 1
1182 14023 1
1182 22155 1
1182 122654 1
8308 1182 1
8308 1211 1
8308 8303 1
8308 13244 1
8308 22155 1
8308 122654 1
13244 1182 1
13244 1211 1
13244 2755 1
13244 6210 1
13244 7294 1
13244 8139 1
13244 8308 1
13244 13585 1
13244 13639 1
13244 16671 1
13244 17029 1
13244 19916 1
13244 22155 1
13244 122654 1
22155 69 1
22155 1182 1
22155 1211 1
22155 2028 1
22155 5780 1
22155 8308 1
22155 9206 1
22155 12932 1
22155 13244 1
22155 14714 1
22155 17067 1
22155 17090 1
22155 18692 1
22155 18693 1
22155 18694 1
22155 18695 1
22155 20172 1
22155 20238 1
22155 20443 1
22155 20454 1
22155 23453 1
22155 23454 1
22155 23455 1
22155 25407 1
22155 122654 1
122654 1182 1
122654 1211 1
122654 8308 1
122654 13244 1
122654 22155 1
122654 122653 1
1208 1215 1
1208 1228 1
1208 1264 1
1208 1285 1
1208 2230 1
1208 8816 1
1208 9200 1
1208 11986 1
1208 15602 1
1208 17001 1
1208 20353 1
1208 20354 1
1208 20658 1
1208 25789 1
1208 26448 1
1215 1208 1
1215 1228 1
1215 1264 1
1215 1285 1
1215 2230 1
1215 8816 1
1215 9200 1
1215 11986 1
1215 15602 1
1215 17001 1
1215 20353 1
1215 20354 1
1215 20658 1
1215 25789 1
1215 26448 1
1228 1208 1
1228 1215 1
1228 1264 1
1228 1285 1
1228 2230 1
1228 8816 1
1228 9200 1
1228 11986 1
1228 15602 1
1228 17001 1
1228 20353 1
1228 20354 1
1228 20658 1
1228 25789 1
1228 26448 1
1264 1208 1
1264 1215 1
1264 1228 1
1264 1285 1
1264 2230 1
1264 8816 1
1264 9200 1
1264 11986 1
1264 15602 1
1264 17001 1
1264 20353 1
1264 20354 1
1264 20658 1
1264 25789 1
1264 26448 1
1285 1208 1
1285 1215 1
1285 1228 1
1285 1264 1
1285 2230 1
1285 8816 1
1285 9200 1
1285 10051 1
1285 11986 1
1285 15602 1
1285 16488 1
1285 17001 1
1285 20353 1
1285 20354 1
1285 20425 1
1285 20658 1
1285 25789 1
1285 26448 1
8816 1190 1
8816 1208 1
8816 1215 1
8816 1228 1
8816 1264 1
8816 1285 1
8816 2230 1
8816 2719 1
8816 7024 1
8816 8507 1
8816 9200 2
8816 11195 1
8816 11986 1
8816 12106 1
8816 13198 1
8816 13788 1
8816 13900 1
8816 15602 1
8816 15847 1
8816 16547 1
8816 17001 1
8816 17058 1
8816 17214 1
8816 17498 1
8816 18319 1
8816 20353 1
8816 20354 1
8816 20658 1
8816 25789 1
8816 26448 1
9200 1190 1
9200 1208 1
9200 1215 1
9200 1228 1
9200 1264 1
9200 1285 1
9200 2230 1
9200 2719 1
9200 7024 1
9200 8507 1
9200 8816 2
9200 11195 1
9200 11986 1
9200 12106 1
9200 13198 1
9200 13788 1
9200 13900 1
9200 15602 1
9200 15847 1
9200 16547 1
9200 17001 1
9200 17058 1
9200 17214 1
9200 17498 1
9200 18319 1
9200 20353 1
9200 20354 1
9200 20658 1
9200 25789 1
9200 26448 1
11986 1208 1
11986 1215 1
11986 1228 1
11986 1264 1
11986 1285 1
11986 1638 1
11986 2230 1
11986 2508 1
11986 4518 1
11986 4535 1
11986 7429 1
11986 8816 1
11986 9200 1
11986 11990 1
11986 15602 1
11986 15816 1
11986 17001 1
11986 17429 1
11986 17432 1
11986 18577 1
11986 19461 1
11986 19963 1
11986 19970 1
11986 19973 1
11986 20159 1
11986 20353 1
11986 20354 1
11986 20609 1
11986 20658 1
11986 21611 1
11986 25789 1
11986 26112 1
11986 26448 1
11986 34080 1
15602 1208 1
15602 1215 1
15602 1228 1
15602 1264 1
15602 1285 1
15602 2230 1
15602 4524 1
15602 8816 1
15602 9200 1
15602 11985 1
15602 11986 1
15602 17001 1
15602 19781 1
15602 20353 1
15602 20354 1
15602 20658 1
15602 21303 1
15602 25789 1
15602 26448 1
17001 1208 1
17001 1215 1
17001 1228 1
17001 1264 1
17001 1285 1
17001 2230 1
17001 8816 1
17001 9200 1
17001 11986 1
17001 14754 1
17001 15602 1
17001 16938 1
17001 16939 1
17001 17002 1
17001 20353 1
17001 20354 1
17001 20658 1
17001 22264 1
17001 25789 1
17001 26448 1
20353 1208 1
20353 1215 1
20353 1228 1
20353 1264 1
20353 1285 1
20353 2230 1
20353 3638 1
20353 8816 1
20353 9200 1
20353 10999 1
20353 11986 1
20353 12733 1
20353 12897 1
20353 13174 1
20353 15602 1
20353 16023 1
20353 17001 1
20353 20354 1
20353 20658 1
20353 25789 1
20353 25977 1
20353 26205 1
20353 26448 1
20353 27706 1
20353 29591 1
20353 30235 1
20353 31400 1
20353 43743 1
20353 53851 1
20354 1208 1
20354 1215 1
20354 1228 1
20354 1264 1
20354 1285 1
20354 2230 1
20354 8816 1
20354 9200 1
20354 11986 1
20354 15602 1
20354 17001 1
20354 20353 1
20354 20658 1
20354 25789 1
20354 26448 1
20658 1208 1
20658 1215 1
20658 1228 1
20658 1264 1
20658 1285 1
20658 2230 1
20658 6955 1
20658 8467 1
20658 8471 1
20658 8816 1
20658 9118 1
20658 9200 1
20658 10994 1
20658 11986 1
20658 12674 1
20658 12784 1
20658 15110 1
20658 15111 1
20658 15112 1
20658 15113 1
20658 15114 1
20658 15602 1
20658 17001 1
20658 17002 1
20658 17153 1
20658 17455 1
20658 17456 1
20658 17982 1
20658 18737 1
20658 19555 1
20658 20353 1
20658 20354 1
20658 20659 1
20658 24578 1
20658 25789 1
20658 26448 1
20658 125240 1
20658 127708 1
25789 1208 1
25789 1215 1
25789 1228 1
25789 1264 1
25789 1285 1
25789 2113 1
25789 2230 1
25789 8816 1
25789 9200 1
25789 9923 1
25789 11986 1
25789 12853 1
25789 12949 1
25789 14905 1
25789 15602 1
25789 17001 1
25789 18894 1
25789 20353 1
25789 20354 1
25789 20658 1
25789 20928 1
25789 23999 1
25789 26448 1
25789 28602 1
25789 29649 1
25789 29679 1
25789 30030 1
25789 30272 1
25789 32733 1
25789 33657 1
25789 39899 1
25789 43592 1
26448 1208 1
26448 1215 1
26448 1228 1
26448 1264 1
26448 1285 1
26448 2230 1
26448 8816 1
26448 9200 1
26448 11986 1
26448 12844 1
26448 14882 1
26448 15602 1
26448 17001 1
26448 20353 1
26448 20354 1
26448 20658 1
26448 23622 1
26448 23623 1
26448 23624 1
26448 23625 1
26448 23626 1
26448 23627 1
26448 25789 1
26448 27110 1
26448 27524 1
1231 1300 1
1231 2527 1
1231 2606 1
1231 3598 1
1231 7373 1
1231 8725 1
1231 8729 1
1231 8733 1
1231 9250 1
1231 9251 1
1231 9255 1
1231 10113 1
1231 12045 1
1231 12112 1
1231 13501 1
1231 15411 1
1231 16710 1
1231 16711 1
1231 16714 1
1231 16730 1
1231 17179 1
1300 1231 1
1300 2527 1
1300 7199 1
1300 10113 1
1300 15411 1
3343 2527 1
3343 8482 1
3343 11377 1
3343 15800 1
3343 17178 1
8482 62 1
8482 63 1
8482 2527 1
8482 3269 1
8482 3270 1
8482 3271 1
8482 3272 1
8482 3343 1
8482 5172 1
8482 6984 1
8482 8711 1
8482 9422 1
8482 11377 1
8482 17178 1
10113 1231 1
10113 1258 1
10113 1259 1
10113 1282 1
10113 1300 1
10113 2527 1
10113 11377 1
10113 12654 1
10113 15411 1
11377 1258 1
11377 1259 1
11377 1282 1
11377 2527 1
11377 3343 1
11377 8482 1
11377 10113 1
11377 12654 1
11377 17178 1
15411 1231 1
15411 1300 1
15411 2527 1
15411 10113 1
17178 2527 1
17178 3343 1
17178 5697 1
17178 7236 1
17178 7629 1
17178 7821 1
17178 8482 1
17178 11377 1
17178 12797 1
17178 14018 1
17178 14671 1
17178 15545 1
17178 16327 1
17178 18410 1
4239 1417 1
4239 1667 1
4239 2147 1
4239 3077 1
4239 3479 1
4239 3666 1
4239 5354 1
4239 5788 2
4239 7550 1
4239 9298 1
4239 10161 1
4239 10456 1
4239 10476 1
4239 10984 1
4239 12364 1
4239 12726 1
4239 12902 1
4239 12995 1
4239 13470 1
4239 16572 1
4239 17239 1
4239 19846 1
4239 20486 1
4239 32616 1
4239 36635 1
4239 36761 1
5788 4239 2
5788 5354 1
5788 8440 1
5788 9692 1
5788 9826 1
5788 10984 1
5788 11603 1
5788 12314 1
5788 12726 1
5788 12902 1
5788 14041 1
5788 16572 1
5788 17143 1
5788 21580 1
5788 32616 1
5788 36635 1
10984 4239 1
10984 5354 1
10984 5788 1
10984 12726 1
10984 12902 1
10984 16572 1
10984 32616 1
10984 36635 1
12726 4239 1
12726 5354 1
12726 5788 1
12726 10984 1
12726 12727 1
12726 12902 1
12726 12951 1
12726 14760 1
12726 14767 1
12726 15336 1
12726 16572 1
12726 18188 1
12726 18890 1
12726 19823 1
12726 21269 1
12726 22257 1
12726 22979 1
12726 25458 1
12726 25656 1
12726 26344 1
12726 26412 1
12726 26431 1
12726 28401 1
12726 29494 1
12726 30094 1
12726 30323 1
12726 31270 1
12726 31300 1
12726 32003 1
12726 32616 1
12726 33503 1
12726 33919 1
12726 35680 1
12726 36222 1
12726 36635 1
12726 36921 1
12726 37838 1
12726 43036 1
12726 43037 1
12726 43993 1
12726 49263 1
12726 50519 1
12726 53825 1
12902 1103 1
12902 4239 1
12902 5354 1
12902 5788 1
12902 10984 1
12902 12726 1
12902 16572 1
12902 18851 1
12902 23373 1
12902 26033 1
12902 27654 1
12902 27655 1
12902 27656 1
12902 27657 1
12902 27658 1
12902 27659 1
12902 32616 1
12902 36635 1
12902 38577 1
16572 4239 1
16572 5354 1
16572 5788 1
16572 9187 1
16572 10984 1
16572 12726 1
16572 12902 1
16572 17998 1
16572 23108 1
16572 32616 1
16572 36635 1
32616 4239 1
32616 5354 1
32616 5522 1
32616 5788 1
32616 7527 1
32616 10984 1
32616 11833 1
32616 12726 1
32616 12902 1
32616 13667 1
32616 14853 1
32616 16572 1
32616 21271 1
32616 29860 1
32616 30722 1
32616 31301 1
32616 31541 1
32616 31912 1
32616 32354 1
32616 32617 2
32616 32879 1
32616 36377 1
32616 36635 1
32616 53859 1
32616 56082 1
32616 123715 1
32616 124986 1
36635 4239 1
36635 5354 1
36635 5788 1
36635 10984 1
36635 12726 1
36635 12902 1
36635 16572 1
36635 32616 1
25 24 1
25 26 1
25 27 1
25 260 1
25 345 1
25 391 1
25 401 1
25 420 1
25 587 1
25 729 1
25 835 1
25 862 1
25 1207 1
25 1447 1
25 1448 1
25 1449 1
25 1450 1
25 2564 1
25 2632 1
25 2689 1
25 3094 1
25 3118 1
25 3654 2
25 3665 1
25 4236 1
25 4939 1
25 5029 1
25 5118 1
25 5119 1
25 5120 1
25 5785 1
25 5962 1
25 6775 1
25 7373 1
25 9769 1
25 11658 1
25 14774 1
25 15046 1
8442 2880 1
8442 5962 1
8442 8444 2
8442 9660 1
8442 125209 1
8444 5962 1
8444 8442 2
8444 9660 1
8444 125209 1
9660 396 1
9660 1246 1
9660 2253 1
9660 3224 1
9660 3226 1
9660 3236 1
9660 5962 1
9660 6306 1
9660 7803 1
9660 7981 1
9660 8442 1
9660 8444 1
9660 9659 1
9660 10016 1
9660 10376 1
9660 10377 1
9660 10521 1
9660 10522 1
9660 11912 1
9660 12270 2
9660 12527 1
9660 19053 1
9660 125209 1
9660 126689 1
125209 4597 1
125209 4997 1
125209 5295 1
125209 5962 1
125209 7533 1
125209 7805 1
125209 8442 1
125209 8444 1
125209 9660 1
125209 9716 1
125209 11221 1
125209 11912 1
125209 12667 1
396 6306 1
396 7803 1
396 7981 1
396 9309 1
396 9660 1
396 10016 1
396 10376 1
396 10377 1
396 10521 1
396 10522 1
396 12270 1
396 12527 1
6306 396 1
6306 6307 1
6306 7803 1
6306 7981 1
6306 9660 1
6306 10016 1
6306 10376 1
6306 10377 1
6306 10521 1
6306 10522 1
6306 12270 1
6306 12527 1
6306 12542 1
6369 6405 1
6369 7024 1
6369 7981 1
6369 9423 1
6369 12006 1
6369 12365 1
6369 15171 1
6369 106795 1
6405 6369 1
6405 7981 1
6405 9423 1
6405 12006 1
6405 12365 1
6405 15171 1
6405 19889 1
6405 37937 1
6405 106795 1
7803 396 1
7803 3254 1
7803 6306 1
7803 7818 1
7803 7981 1
7803 9410 1
7803 9660 1
7803 10016 1
7803 10376 1
7803 10377 1
7803 10521 1
7803 10522 1
7803 12270 1
7803 12510 1
7803 12527 1
7803 12775 1
9423 6369 1
9423 6405 1
9423 7981 1
9423 12006 1
9423 12365 1
9423 15171 1
9423 17728 1
9423 106795 1
10016 396 1
10016 2332 1
10016 3253 1
10016 4168 1
10016 5497 1
10016 6028 1
10016 6306 1
10016 7803 1
10016 7981 1
10016 9310 1
10016 9660 1
10016 10376 1
10016 10377 1
10016 10521 1
10016 10522 1
10016 12270 1
10016 12527 1
10376 396 1
10376 6306 1
10376 7803 1
10376 7981 1
10376 9660 1
10376 10016 1
10376 10377 1
10376 10521 1
10376 10522 1
10376 12270 1
10376 12527 1
10377 396 1
10377 6306 1
10377 7803 1
10377 7981 1
10377 9660 1
10377 10016 1
10377 10376 1
10377 10521 1
10377 10522 1
10377 12270 1
10377 12527 1
10521 396 1
10521 2364 1
10521 6306 1
10521 7803 1
10521 7981 1
10521 9660 1
10521 10016 1
10521 10376 1
10521 10377 1
10521 10522 4
10521 12270 1
10521 12527 1
10522 396 1
10522 2364 1
10522 2844 1
10522 6306 1
10522 6990 1
10522 7803 1
10522 7981 1
10522 9659 1
10522 9660 1
10522 10016 1
10522 10376 1
10522 10377 1
10522 10521 4
10522 12270 1
10522 12527 1
10522 17179 1
12006 3226 1
12006 6369 1
12006 6405 1
12006 7981 1
12006 9423 1
12006 12365 1
12006 15171 1
12006 106795 1
12270 396 1
12270 6306 1
12270 7803 1
12270 7981 1
12270 9660 2
12270 10016 1
12270 10376 1
12270 10377 1
12270 10521 1
12270 10522 1
12270 12527 1
12365 6369 1
12365 6405 1
12365 7981 1
12365 9423 1
12365 12006 1
12365 12106 1
12365 13130 1
12365 15171 1
12365 32343 1
12365 106795 1
12527 396 1
12527 6306 1
12527 7803 1
12527 7981 1
12527 9660 1
12527 10016 1
12527 10376 1
12527 10377 1
12527 10521 1
12527 10522 1
12527 12270 1
13219 7981 1
13219 11911 1
15171 6369 1
15171 6405 1
15171 7981 1
15171 9423 1
15171 12006 1
15171 12365 1
15171 106795 1
106795 6353 1
106795 6369 1
106795 6405 1
106795 7981 1
106795 9423 1
106795 12006 1
106795 12365 1
106795 15171 1
3444 3464 1
3444 6082 1
3444 6658 1
3444 8745 1
3444 9320 1
3444 10094 1
3444 11109 1
3444 12818 1
3444 13729 1
3444 18523 1
3444 66931 1
6658 2407 1
6658 2437 1
6658 3444 1
6658 8745 1
6658 10094 1
6658 11109 1
6658 12070 1
6658 12818 1
6658 66931 1
10094 738 1
10094 3444 1
10094 3682 1
10094 4114 1
10094 4362 1
10094 6658 1
10094 8745 1
10094 10091 1
10094 10092 1
10094 10093 1
10094 10097 1
10094 10209 1
10094 11109 1
10094 12818 1
10094 66931 1
11109 199 1
11109 525 1
11109 540 1
11109 1655 1
11109 3444 1
11109 6658 1
11109 8745 1
11109 9667 1
11109 10094 1
11109 12818 1
11109 20004 1
11109 20952 1
11109 23791 1
11109 66931 1
12818 3444 1
12818 6658 1
12818 8745 1
12818 10094 1
12818 11109 1
12818 66931 1
66931 3444 1
66931 6658 1
66931 8745 1
66931 10094 1
66931 11109 1
66931 12818 1
399 2869 1
399 9308 1
399 9309 1
399 9310 1
399 9311 1
399 9489 1
399 10020 1
399 10161 1
399 11878 1
399 30854 1
2869 399 1
2869 9308 1
2869 9309 1
2869 9310 1
2869 9311 1
2869 9489 1
2869 10020 1
2869 11878 1
9308 399 1
9308 2869 1
9308 9309 1
9308 9310 1
9308 9311 1
9308 9489 1
9308 10020 1
9308 11878 1
9309 396 1
9309 399 1
9309 2869 1
9309 9308 1
9309 9310 1
9309 9311 1
9309 9489 1
9309 10020 1
9309 11878 1
9310 399 1
9310 2869 1
9310 9308 1
9310 9309 1
9310 9311 1
9310 9489 1
9310 10016 1
9310 10020 1
9310 11878 1
9489 399 1
9489 2869 1
9489 9308 1
9489 9309 1
9489 9310 1
9489 9311 1
9489 10020 1
9489 11878 1
11878 399 1
11878 2869 1
11878 9308 1
11878 9309 1
11878 9310 1
11878 9311 1
11878 9489 1
11878 10020 1
6652 8725 1
6652 10436 1
6652 15845 1
6652 20337 1
6652 24932 1
15845 1204 1
15845 6652 1
15845 10436 1
15845 15847 1
1671 2358 1
1671 4390 1
1671 5241 1
1671 7472 1
1671 8303 1
1671 10431 1
1671 11373 1
1671 11876 1
1671 12503 1
1671 13813 1
1671 16860 1
4390 1671 1
4390 3944 1
4390 4990 1
4390 5241 1
4390 6806 1
4390 8303 1
4390 9323 1
4390 10431 1
4390 11876 1
4390 12503 1
4390 13813 1
4390 16860 1
5241 114 1
5241 1671 1
5241 4390 1
5241 8303 1
5241 10431 1
5241 11876 1
5241 12503 1
5241 13813 1
5241 16860 1
5241 21191 1
8303 1671 1
8303 4390 1
8303 5241 1
8303 8308 1
8303 10431 1
8303 11876 1
8303 12503 1
8303 13813 1
8303 16860 1
10431 1671 1
10431 4390 1
10431 5241 1
10431 8303 1
10431 11868 1
10431 11876 1
10431 12503 1
10431 13813 1
10431 16860 1
12503 1671 1
12503 4390 1
12503 5241 1
12503 8303 1
12503 10431 1
12503 11876 1
12503 13813 1
12503 16860 1
13813 1671 1
13813 4390 1
13813 5241 1
13813 8303 1
13813 10411 1
13813 10431 1
13813 11876 1
13813 12503 1
13813 16860 1
16860 1671 1
16860 4390 1
16860 5241 1
16860 8303 1
16860 9255 1
16860 10431 1
16860 11876 1
16860 12503 1
16860 13813 1
6307 1246 1
6307 4585 1
6307 6306 1
6307 10510 1
6307 11911 1
10510 908 1
10510 6307 1
10510 6761 1
10510 8431 1
10510 11911 1
1246 2253 1
1246 3226 1
1246 6307 1
1246 9659 1
1246 9660 1
1246 11912 1
1246 126689 1
2253 1246 1
2253 3226 1
2253 9659 1
2253 9660 1
2253 11912 1
2253 126689 1
2364 2373 1
2364 2426 1
2364 6873 1
2364 6875 1
2364 7028 1
2364 7057 1
2364 9112 1
2364 10521 1
2364 10522 1
2364 11868 1
2364 11912 1
2373 2364 1
2373 6873 1
2373 6875 1
2373 7028 1
2373 7057 1
2373 9112 1
2373 11868 1
2373 11912 1
3226 1246 1
3226 2253 1
3226 3228 1
3226 9659 1
3226 9660 1
3226 11912 1
3226 12006 1
3226 17305 1
3226 126689 1
4597 4997 1
4597 5295 1
4597 7805 1
4597 9716 1
4597 11221 1
4597 11912 1
4597 14018 1
4597 14671 1
4597 125209 1
4997 4597 1
4997 5295 1
4997 7805 1
4997 9716 1
4997 11221 1
4997 11912 1
4997 125209 1
5295 4597 1
5295 4997 1
5295 7805 1
5295 9659 1
5295 9716 1
5295 11221 1
5295 11912 1
5295 125209 1
6873 2364 1
6873 2373 1
6873 6875 1
6873 7028 1
6873 7057 1
6873 9112 1
6873 11868 1
6873 11912 1
6875 2364 1
6875 2373 1
6875 6873 1
6875 6874 1
6875 7028 1
6875 7057 1
6875 9112 1
6875 11868 1
6875 11912 1
6875 12119 1
7028 2364 1
7028 2373 1
7028 6873 1
7028 6875 1
7028 7057 1
7028 9112 1
7028 11868 1
7028 11912 1
7057 2364 1
7057 2373 1
7057 6772 1
7057 6775 1
7057 6873 1
7057 6875 1
7057 7028 1
7057 9112 1
7057 11868 1
7057 11912 1
7805 4597 1
7805 4997 1
7805 5295 1
7805 9716 1
7805 11221 1
7805 11912 1
7805 125209 1
9112 2364 1
9112 2373 1
9112 6873 1
9112 6875 1
9112 7028 1
9112 7057 1
9112 11868 1
9112 11912 1
9659 1246 1
9659 2253 1
9659 2844 1
9659 3226 1
9659 5295 1
9659 6990 1
9659 9660 1
9659 10522 1
9659 11912 1
9659 126689 1
9716 4597 1
9716 4997 1
9716 5295 1
9716 7805 1
9716 11221 1
9716 11912 1
9716 125209 1
11221 4597 1
11221 4997 1
11221 5295 1
11221 7805 1
11221 9716 1
11221 11912 1
11221 125209 1
11868 2364 1
11868 2373 1
11868 6873 1
11868 6875 1
11868 7028 1
11868 7057 1
11868 9112 1
11868 10431 1
11868 11912 1
126689 1246 1
126689 2177 1
126689 2253 1
126689 3226 1
126689 4629 1
126689 9659 1
126689 9660 1
126689 11192 1
126689 11912 1
3844 3099 1
3844 4428 1
3844 4429 1
3844 4430 1
3844 4747 1
3844 7692 1
3844 7707 1
3844 7708 1
3844 9059 1
3844 11913 1
4428 3844 1
4428 4429 1
4428 4430 1
4428 4747 1
4428 7692 1
4428 7707 1
4428 7708 1
4428 9059 1
4428 11913 1
4429 3844 1
4429 4428 1
4429 4430 1
4429 4747 1
4429 7692 1
4429 7707 1
4429 7708 1
4429 9059 1
4429 11913 1
4430 3844 1
4430 4428 1
4430 4429 1
4430 4747 1
4430 7692 1
4430 7707 1
4430 7708 1
4430 9059 1
4430 11913 1
4747 3844 1
4747 4428 1
4747 4429 1
4747 4430 1
4747 7426 1
4747 7428 1
4747 7429 1
4747 7430 1
4747 7431 1
4747 7468 1
4747 7692 1
4747 7707 1
4747 7708 1
4747 9059 1
4747 11913 1
4747 15809 1
4747 15810 1
4747 17452 1
7692 3844 1
7692 4428 1
7692 4429 1
7692 4430 1
7692 4747 1
7692 7707 1
7692 7708 1
7692 9059 1
7692 11913 1
7707 3844 1
7707 4428 1
7707 4429 1
7707 4430 1
7707 4747 1
7707 7692 1
7707 7708 1
7707 9059 1
7707 11913 1
7708 3844 1
7708 4428 1
7708 4429 1
7708 4430 1
7708 4747 1
7708 7692 1
7708 7707 1
7708 9059 1
7708 11913 1
9059 2148 1
9059 2688 1
9059 2711 1
9059 3737 1
9059 3844 1
9059 4150 1
9059 4151 1
9059 4154 1
9059 4428 1
9059 4429 1
9059 4430 1
9059 4747 1
9059 6670 1
9059 6672 1
9059 7692 1
9059 7707 1
9059 7708 1
9059 7718 1
9059 8033 1
9059 11913 1
9059 19414 1
6989 6990 2
6989 10117 1
6989 11981 1
6989 11982 1
6989 15776 1
6989 20528 1
6989 20529 1
6990 2844 1
6990 6989 2
6990 9251 1
6990 9659 1
6990 9756 1
6990 10117 1
6990 10522 1
6990 11519 1
6990 11981 1
6990 11982 1
6990 15776 1
6990 20528 1
6990 20529 1
10117 2529 1
10117 4708 1
10117 5724 1
10117 6989 1
10117 6990 1
10117 9146 1
10117 9147 1
10117 9251 1
10117 10203 1
10117 11981 1
10117 11982 1
10117 14774 1
10117 15776 1
10117 20528 1
10117 20529 1
11982 6989 1
11982 6990 1
11982 10117 1
11982 11981 1
11982 15776 1
11982 20528 1
11982 20529 1
15776 6989 1
15776 6990 1
15776 10117 1
15776 11981 1
15776 11982 1
15776 16682 1
15776 20528 1
15776 20529 1
20528 6989 1
20528 6990 1
20528 10117 1
20528 11981 1
20528 11982 1
20528 15776 1
20528 20527 1
20528 20529 2
20529 6989 1
20529 6990 1
20529 10117 1
20529 11981 1
20529 11982 1
20529 15776 1
20529 20527 1
20529 20528 2
5697 7236 1
5697 7629 1
5697 7821 1
5697 12797 1
5697 14018 1
5697 14671 1
5697 15545 1
5697 16327 1
5697 17178 1
5697 18410 1
7236 5697 1
7236 7629 1
7236 7821 1
7236 12797 1
7236 14018 1
7236 14671 1
7236 15545 1
7236 16327 1
7236 17178 1
7236 18410 1
7629 5697 1
7629 7236 1
7629 7821 1
7629 12797 1
7629 14018 1
7629 14671 1
7629 15545 1
7629 16327 1
7629 17178 1
7629 18410 1
7821 5697 1
7821 7236 1
7821 7629 1
7821 10794 1
7821 12797 1
7821 14018 1
7821 14671 1
7821 15545 1
7821 16327 1
7821 17178 1
7821 18410 1
14018 4597 1
14018 5697 1
14018 7236 1
14018 7629 1
14018 7821 1
14018 12797 1
14018 14671 2
14018 15545 1
14018 16327 1
14018 17178 1
14018 18410 1
14671 4597 1
14671 5697 1
14671 7236 1
14671 7629 1
14671 7821 1
14671 12797 1
14671 14018 2
14671 15545 1
14671 16327 1
14671 17178 1
14671 18410 1
15545 5697 1
15545 7236 1
15545 7629 1
15545 7821 1
15545 12797 1
15545 14018 1
15545 14671 1
15545 16327 1
15545 16873 1
15545 17178 1
15545 18410 1
16327 5697 1
16327 7236 1
16327 7629 1
16327 7821 1
16327 12797 1
16327 14018 1
16327 14671 1
16327 15545 1
16327 17178 1
16327 18410 1
18410 5697 1
18410 7236 1
18410 7629 1
18410 7821 1
18410 12797 1
18410 14018 1
18410 14671 1
18410 15545 1
18410 16327 1
18410 17178 1
942 3217 1
942 4431 1
942 6550 1
942 6615 1
942 8748 1
942 9493 1
942 11944 1
942 12667 1
942 13386 1
942 13494 1
942 13529 1
942 13785 1
942 18472 1
3217 942 1
3217 6615 1
3217 8748 1
3217 9493 1
3217 13494 1
3217 13529 1
3217 13785 1
6615 942 1
6615 3217 1
6615 8748 1
6615 9493 1
6615 13494 1
6615 13529 1
6615 13785 1
8748 942 1
8748 3217 1
8748 6615 1
8748 9493 1
8748 13494 1
8748 13529 1
8748 13785 1
9493 942 1
9493 3217 1
9493 6615 1
9493 8748 1
9493 13494 1
9493 13529 1
9493 13785 1
13529 942 1
13529 3217 1
13529 6615 1
13529 8748 1
13529 9493 1
13529 13494 1
13529 13785 1
13785 937 1
13785 942 1
13785 3217 1
13785 6615 1
13785 8748 1
13785 9493 1
13785 13494 1
13785 13529 1
1097 1138 1
1097 4495 2
1097 4775 1
1097 7706 1
1097 9314 1
1097 9835 1
1097 10080 1
1097 12682 1
1097 12686 1
1097 15455 1
1097 18323 1
1097 30335 1
1097 31447 1
1097 32752 1
1138 1097 1
1138 4495 1
1138 4775 1
1138 7440 1
1138 7706 1
1138 9314 1
1138 10080 1
1138 12682 1
1138 12686 1
1138 13860 1
1138 15455 1
1138 16155 1
1138 19420 1
4495 1097 2
4495 1138 1
4495 4775 1
4495 7706 1
4495 9314 1
4495 10080 1
4495 12682 1
4495 12686 1
4495 15455 1
4775 1097 1
4775 1138 1
4775 4495 1
4775 7706 1
4775 9314 1
4775 10080 1
4775 12682 1
4775 12686 1
4775 15455 1
6616 11596 1
6616 12044 1
6616 12451 1
6616 12930 1
6616 13605 1
6616 14210 1
6616 14530 1
6616 14997 1
6616 15455 1
6616 16650 1
6616 17374 1
6616 19357 1
6616 21169 1
6616 21251 1
6616 22661 1
6616 22684 1
6616 24656 1
6616 26574 1
7457 12451 1
7457 12654 1
7457 14809 1
7457 14817 1
7457 15455 1
7457 17407 1
7457 18038 1
7457 19887 1
7457 19901 1
7457 20464 1
7457 21672 1
7457 22164 1
7457 32038 1
7706 1097 1
7706 1138 1
7706 4495 1
7706 4775 1
7706 9314 1
7706 10080 1
7706 12682 1
7706 12686 1
7706 15455 1
9314 1097 1
9314 1138 1
9314 4495 1
9314 4775 1
9314 7706 1
9314 10080 1
9314 12682 1
9314 12686 1
9314 15455 1
10080 1097 1
10080 1138 1
10080 4495 1
10080 4775 1
10080 7706 1
10080 9314 1
10080 12682 1
10080 12686 1
10080 15455 1
10080 19135 1
11596 6616 1
11596 12044 1
11596 12451 1
11596 12930 1
11596 13605 1
11596 14210 1
11596 14530 1
11596 14997 1
11596 15455 1
11596 16650 1
11596 17374 1
11596 19357 1
11596 21169 1
11596 21251 1
11596 22661 1
11596 22684 1
11596 24656 1
11596 26574 1
12044 6616 1
12044 11596 1
12044 12451 1
12044 12930 1
12044 13605 1
12044 14210 1
12044 14530 1
12044 14808 1
12044 14997 1
12044 15414 1
12044 15455 1
12044 16650 1
12044 17374 1
12044 19357 1
12044 21169 1
12044 21251 1
12044 22661 1
12044 22684 1
12044 24656 1
12044 26574 1
12451 6616 1
12451 7457 1
12451 11596 1
12451 12044 1
12451 12654 1
12451 12930 1
12451 13605 1
12451 14210 1
12451 14530 1
12451 14809 1
12451 14817 1
12451 14997 1
12451 15455 2
12451 16650 1
12451 17374 1
12451 17407 1
12451 18038 1
12451 19357 1
12451 19887 1
12451 19901 1
12451 20464 1
12451 21169 1
12451 21251 1
12451 21672 1
12451 22164 1
12451 22661 1
12451 22684 1
12451 24656 1
12451 26574 1
12451 32038 1
12654 405 1
12654 1258 1
12654 1259 1
12654 1282 1
12654 5855 1
12654 7457 1
12654 8723 1
12654 9043 1
12654 9761 1
12654 10113 1
12654 11377 1
12654 11825 1
12654 12451 1
12654 12603 1
12654 13968 1
12654 14809 1
12654 14817 1
12654 15455 1
12654 17407 1
12654 17547 1
12654 18038 1
12654 18501 1
12654 19887 1
12654 19901 1
12654 20464 1
12654 21672 1
12654 22164 1
12654 22520 1
12654 32038 1
12682 1097 1
12682 1138 1
12682 2809 1
12682 4495 1
12682 4775 1
12682 5187 1
12682 7706 1
12682 9314 1
12682 10080 1
12682 10089 1
12682 12545 1
12682 12686 1
12682 15455 1
12682 15800 1
12682 17438 1
12686 1097 1
12686 1138 1
12686 4495 1
12686 4775 1
12686 7706 1
12686 9314 1
12686 10080 1
12686 12682 1
12686 15455 1
12930 6616 1
12930 11596 1
12930 12044 1
12930 12451 1
12930 13605 1
12930 14210 1
12930 14530 1
12930 14997 1
12930 15455 1
12930 16650 1
12930 17374 1
12930 19357 1
12930 21169 1
12930 21251 1
12930 22661 1
12930 22684 1
12930 24656 1
12930 26574 1
13605 2233 1
13605 6261 1
13605 6616 1
13605 9503 1
13605 11596 1
13605 12044 1
13605 12451 1
13605 12930 1
13605 13630 1
13605 13635 1
13605 14210 1
13605 14530 1
13605 14997 1
13605 15455 1
13605 16650 1
13605 17374 1
13605 19357 1
13605 19592 1
13605 20036 1
13605 21169 1
13605 21251 1
13605 22604 1
13605 22661 1
13605 22684 1
13605 24656 1
13605 26574 1
14210 6616 1
14210 11596 1
14210 12044 1
14210 12451 1
14210 12930 1
14210 13605 1
14210 14530 1
14210 14997 1
14210 15455 1
14210 16650 1
14210 17374 1
14210 19357 1
14210 21169 1
14210 21251 1
14210 22661 1
14210 22684 1
14210 24656 1
14210 26574 1
14530 6616 1
14530 11144 1
14530 11596 1
14530 12044 1
14530 12451 1
14530 12930 1
14530 13605 1
14530 14210 1
14530 14997 1
14530 15455 1
14530 16650 1
14530 17374 1
14530 19357 1
14530 21169 1
14530 21251 1
14530 22661 1
14530 22684 1
14530 24656 1
14530 26574 1
14809 7457 1
14809 12451 1
14809 12654 1
14809 14817 1
14809 15455 1
14809 17407 1
14809 18038 1
14809 19887 1
14809 19901 1
14809 20464 1
14809 21672 1
14809 22164 1
14809 32038 1
14817 7457 1
14817 12451 1
14817 12654 1
14817 14809 1
14817 15455 1
14817 17407 1
14817 18038 1
14817 19887 1
14817 19901 1
14817 20464 1
14817 21672 1
14817 22164 1
14817 32038 1
14997 6616 1
14997 11596 1
14997 12044 1
14997 12451 1
14997 12930 1
14997 13605 1
14997 14210 1
14997 14530 1
14997 15455 1
14997 16650 1
14997 17374 1
14997 19357 1
14997 21169 1
14997 21251 1
14997 22661 1
14997 22684 1
14997 24656 1
14997 26574 1
16650 6616 1
16650 11596 1
16650 12044 1
16650 12451 1
16650 12930 1
16650 13605 1
16650 14210 1
16650 14530 1
16650 14997 1
16650 15455 1
16650 17374 1
16650 19357 1
16650 21169 1
16650 21251 1
16650 22661 1
16650 22684 1
16650 24656 1
16650 26574 1
17374 6616 1
17374 11596 1
17374 12044 1
17374 12451 1
17374 12930 1
17374 13605 1
17374 14210 1
17374 14530 1
17374 14997 1
17374 15455 1
17374 16650 1
17374 19357 1
17374 21169 1
17374 21251 1
17374 22661 1
17374 22684 1
17374 24656 1
17374 26574 1
17407 4254 1
17407 7457 1
17407 9146 1
17407 9147 1
17407 12451 1
17407 12654 1
17407 14809 1
17407 14817 1
17407 15455 1
17407 18038 1
17407 19887 1
17407 19901 1
17407 20464 1
17407 21672 1
17407 22164 1
17407 32038 1
18038 7457 1
18038 12451 1
18038 12654 1
18038 14809 1
18038 14817 1
18038 15455 1
18038 17407 1
18038 19887 1
18038 19901 1
18038 20464 1
18038 21672 1
18038 22164 1
18038 32038 1
19357 6616 1
19357 11596 1
19357 12044 1
19357 12451 1
19357 12930 1
19357 13605 1
19357 14210 1
19357 14530 1
19357 14997 1
19357 15455 1
19357 16650 1
19357 17374 1
19357 21169 1
19357 21251 1
19357 22661 1
19357 22684 1
19357 24656 1
19357 26574 1
19887 7457 1
19887 12451 1
19887 12654 1
19887 14809 1
19887 14817 1
19887 15455 1
19887 17407 1
19887 18038 1
19887 19901 1
19887 20464 1
19887 21672 1
19887 22164 1
19887 32038 1
19901 7457 1
19901 12451 1
19901 12654 1
19901 14809 1
19901 14817 1
19901 15455 1
19901 17407 1
19901 18038 1
19901 19887 1
19901 20464 1
19901 21672 1
19901 22164 1
19901 32038 1
20464 2339 1
20464 7457 1
20464 7842 1
20464 12451 1
20464 12654 1
20464 14449 1
20464 14809 1
20464 14817 1
20464 15357 1
20464 15358 1
20464 15455 1
20464 16175 1
20464 17407 1
20464 18038 1
20464 19887 1
20464 19901 1
20464 20436 1
20464 21672 1
20464 22164 1
20464 32038 1
21169 6616 1
21169 11596 1
21169 12044 1
21169 12451 1
21169 12930 1
21169 13605 1
21169 14210 1
21169 14530 1
21169 14997 1
21169 15455 1
21169 16650 1
21169 17374 1
21169 19357 1
21169 21251 1
21169 22661 1
21169 22684 1
21169 24656 1
21169 26574 1
21251 6616 1
21251 7287 1
21251 11596 1
21251 12044 1
21251 12451 1
21251 12930 1
21251 13605 1
21251 14210 1
21251 14530 1
21251 14997 1
21251 15455 1
21251 16650 1
21251 17374 1
21251 17726 1
21251 19357 1
21251 21169 1
21251 22661 1
21251 22684 1
21251 24656 1
21251 26574 1
21672 7457 1
21672 12451 1
21672 12654 1
21672 14809 1
21672 14817 1
21672 15455 1
21672 17407 1
21672 18038 1
21672 19887 1
21672 19901 1
21672 20464 1
21672 22164 1
21672 32038 1
22164 7457 1
22164 9663 1
22164 12451 1
22164 12654 1
22164 14809 1
22164 14817 1
22164 15455 1
22164 17407 1
22164 17902 1
22164 18038 1
22164 19887 1
22164 19901 1
22164 20464 1
22164 21672 1
22164 32038 1
22661 1205 1
22661 2687 1
22661 6616 1
22661 11596 1
22661 12044 1
22661 12451 1
22661 12930 1
22661 13605 1
22661 14210 1
22661 14530 1
22661 14997 1
22661 15455 1
22661 16650 1
22661 17374 1
22661 18902 1
22661 18991 1
22661 18992 1
22661 18993 1
22661 18994 1
22661 18995 1
22661 19357 1
22661 21169 1
22661 21251 1
22661 22684 1
22661 23044 1
22661 24656 1
22661 26574 1
22661 27912 1
22684 6616 1
22684 11596 1
22684 12044 1
22684 12451 1
22684 12930 1
22684 13605 1
22684 14210 1
22684 14530 1
22684 14997 1
22684 15455 1
22684 16650 1
22684 17374 1
22684 19357 1
22684 21169 1
22684 21251 1
22684 22661 1
22684 24656 1
22684 26574 1
24656 6616 1
24656 9835 1
24656 11596 1
24656 11706 1
24656 12044 1
24656 12451 1
24656 12590 1
24656 12930 1
24656 13605 1
24656 14210 1
24656 14530 1
24656 14997 1
24656 15455 1
24656 16650 1
24656 17067 1
24656 17374 1
24656 17490 1
24656 19357 1
24656 20734 1
24656 21169 1
24656 21251 1
24656 21308 1
24656 22661 1
24656 22684 1
24656 26574 1
26574 3660 1
26574 6616 1
26574 11596 1
26574 12044 1
26574 12451 1
26574 12563 1
26574 12930 1
26574 13605 1
26574 13873 1
26574 14210 1
26574 14530 1
26574 14997 1
26574 15455 1
26574 16650 1
26574 17374 1
26574 19357 1
26574 21169 1
26574 21251 1
26574 22209 1
26574 22620 1
26574 22661 1
26574 22684 1
26574 23742 1
26574 24656 1
26574 26681 1
26574 29417 1
32038 7457 1
32038 12451 1
32038 12654 1
32038 14809 1
32038 14817 1
32038 15455 1
32038 17407 1
32038 18038 1
32038 19887 1
32038 19901 1
32038 20464 1
32038 21672 1
32038 22164 1
32038 23340 1
32038 27847 1
32038 27907 1
32038 28016 1
32038 30240 1
1641 14815 1
1641 23798 1
14815 1641 1
14815 23798 1
441 560 1
441 1180 1
441 1181 1
441 1182 1
441 1183 1
441 7325 1
441 8027 1
441 8028 1
441 8456 1
441 8457 1
441 8673 1
441 8717 1
441 9943 1
441 11856 1
560 441 1
560 1180 1
560 1181 1
560 1182 1
560 1183 1
560 7325 1
560 8027 1
560 8028 1
560 8456 1
560 8457 1
560 8673 1
560 8717 1
560 9943 1
560 11856 1
1180 441 1
1180 560 1
1180 1181 1
1180 1182 1
1180 1183 1
1180 7325 1
1180 8027 1
1180 8028 1
1180 8456 1
1180 8457 1
1180 8673 1
1180 8717 1
1180 9943 1
1180 11856 1
1181 441 1
1181 560 1
1181 1180 1
1181 1182 1
1181 1183 1
1181 7325 1
1181 8027 1
1181 8028 1
1181 8456 1
1181 8457 1
1181 8673 1
1181 8717 1
1181 9943 1
1181 11856 1
1183 441 1
1183 560 1
1183 1180 1
1183 1181 1
1183 1182 2
1183 5014 1
1183 6150 1
1183 7325 1
1183 7842 1
1183 8027 1
1183 8028 1
1183 8243 1
1183 8456 1
1183 8457 1
1183 8673 1
1183 8717 1
1183 9943 1
1183 11856 1
1183 12778 1
5014 1182 1
5014 1183 1
5014 6150 1
5014 7842 1
5014 8243 1
6150 1178 1
6150 1182 1
6150 1183 1
6150 5014 1
6150 7842 1
6150 8243 1
6150 12778 1
7325 441 1
7325 560 1
7325 1180 1
7325 1181 1
7325 1182 1
7325 1183 1
7325 8027 1
7325 8028 1
7325 8456 1
7325 8457 1
7325 8673 1
7325 8717 1
7325 9943 1
7325 11856 1
7842 1182 1
7842 1183 1
7842 2339 1
7842 5014 1
7842 6150 1
7842 8243 1
7842 14449 1
7842 15357 1
7842 15358 1
7842 16175 1
7842 20436 1
7842 20464 1
8027 441 1
8027 560 1
8027 1180 1
8027 1181 1
8027 1182 1
8027 1183 1
8027 1528 1
8027 7325 1
8027 8028 1
8027 8456 1
8027 8457 1
8027 8673 1
8027 8717 1
8027 9943 1
8027 11856 1
8028 441 1
8028 560 1
8028 1180 1
8028 1181 1
8028 1182 1
8028 1183 1
8028 7325 1
8028 8027 1
8028 8456 1
8028 8457 1
8028 8673 1
8028 8717 1
8028 9943 1
8028 11856 1
8243 1182 1
8243 1183 1
8243 1584 1
8243 3417 1
8243 3487 1
8243 3492 1
8243 4621 1
8243 5014 1
8243 6150 1
8243 7842 1
8456 441 1
8456 560 1
8456 1180 1
8456 1181 1
8456 1182 1
8456 1183 1
8456 7325 1
8456 8027 1
8456 8028 1
8456 8457 1
8456 8673 1
8456 8717 1
8456 9943 1
8456 10182 1
8456 11856 1
8457 441 1
8457 560 1
8457 1180 1
8457 1181 1
8457 1182 1
8457 1183 1
8457 7325 1
8457 8027 1
8457 8028 1
8457 8456 1
8457 8673 1
8457 8717 1
8457 9943 1
8457 11856 1
8673 441 1
8673 560 1
8673 1180 1
8673 1181 1
8673 1182 1
8673 1183 1
8673 1982 1
8673 2933 1
8673 7325 1
8673 8027 1
8673 8028 1
8673 8456 1
8673 8457 1
8673 8717 1
8673 9728 1
8673 9943 2
8673 11856 1
8673 12621 1
8673 26412 1
8717 441 1
8717 560 1
8717 1180 1
8717 1181 1
8717 1182 1
8717 1183 1
8717 7325 1
8717 8027 1
8717 8028 1
8717 8456 1
8717 8457 1
8717 8673 1
8717 9943 1
8717 11856 1
9943 441 1
9943 560 1
9943 1180 1
9943 1181 1
9943 1182 1
9943 1183 1
9943 3892 1
9943 7325 1
9943 8027 1
9943 8028 1
9943 8456 1
9943 8457 1
9943 8673 2
9943 8717 1
9943 11856 1
11856 441 1
11856 560 1
11856 1180 1
11856 1181 1
11856 1182 1
11856 1183 1
11856 7325 1
11856 8027 1
11856 8028 1
11856 8456 1
11856 8457 1
11856 8673 1
11856 8717 1
11856 9943 1
14023 1182 1
2755 6210 1
2755 7294 1
2755 8139 1
2755 8729 1
2755 13244 1
2755 13585 1
2755 13639 1
2755 16352 1
2755 16671 1
2755 17029 1
2755 19916 1
6210 2755 1
6210 7294 1
6210 8139 1
6210 13244 1
6210 13585 1
6210 13639 1
6210 16671 1
6210 17029 1
6210 19916 1
7294 2755 1
7294 6210 1
7294 7283 1
7294 8139 1
7294 9869 1
7294 10007 1
7294 10543 1
7294 13244 1
7294 13585 1
7294 13639 1
7294 16671 1
7294 17029 1
7294 19916 1
8139 2755 1
8139 2873 1
8139 6210 1
8139 7294 1
8139 7772 1
8139 11749 1
8139 11750 1
8139 13244 1
8139 13245 1
8139 13585 1
8139 13639 1
8139 13804 1
8139 16671 1
8139 17029 1
8139 19916 1
8139 20486 1
13585 2755 1
13585 6210 1
13585 7294 1
13585 8139 1
13585 13244 1
13585 13639 1
13585 16671 1
13585 17029 1
13585 19916 1
13639 2755 1
13639 6210 1
13639 6261 1
13639 7294 1
13639 8139 1
13639 13244 1
13639 13585 1
13639 15622 1
13639 16671 1
13639 17029 1
13639 18390 1
13639 18633 1
13639 19041 1
13639 19047 1
13639 19916 1
16671 2755 1
16671 6210 1
16671 7294 1
16671 8139 1
16671 13244 1
16671 13585 1
16671 13639 1
16671 17029 1
16671 19916 1
17029 2755 1
17029 6210 1
17029 7294 1
17029 8139 1
17029 13244 1
17029 13585 1
17029 13639 1
17029 16671 1
17029 19916 1
19916 2755 1
19916 6210 1
19916 7294 1
19916 8139 1
19916 13244 1
19916 13585 1
19916 13639 1
19916 16671 1
19916 17029 1
69 5862 1
69 7479 1
69 7752 1
69 9139 1
69 17023 1
69 18692 1
69 18693 1
69 18694 1
69 18695 1
69 22155 1
2028 1663 1
2028 2088 1
2028 2517 1
2028 9206 1
2028 12720 1
2028 17090 1
2028 19963 1
2028 22155 1
5780 14714 1
5780 17067 1
5780 22155 1
9206 2028 1
9206 17090 1
9206 22155 1
12932 20172 1
12932 20443 1
12932 20454 1
12932 22155 1
12932 23453 1
12932 23454 1
12932 23455 1
12932 25407 1
14714 5780 1
14714 17067 1
14714 22155 1
17067 5780 1
17067 14714 1
17067 22155 1
17067 24656 1
17090 2028 1
17090 9206 1
17090 22155 1
18692 69 1
18692 18693 1
18692 18694 1
18692 18695 3
18692 22155 1
18693 69 1
18693 18692 1
18693 18694 1
18693 18695 1
18693 20126 1
18693 22155 1
18694 69 1
18694 18692 1
18694 18693 1
18694 18695 1
18694 22155 1
18695 69 1
18695 18692 3
18695 18693 1
18695 18694 1
18695 22155 1
20172 12932 1
20172 13241 1
20172 20443 1
20172 20454 1
20172 22155 1
20172 23453 1
20172 23454 1
20172 23455 1
20172 23584 1
20172 25407 1
20238 22155 1
20238 24638 1
20443 12932 1
20443 20172 1
20443 20454 1
20443 22155 1
20443 23453 1
20443 23454 1
20443 23455 1
20443 25407 1
20454 12932 1
20454 20172 1
20454 20443 1
20454 22155 1
20454 23453 1
20454 23454 1
20454 23455 1
20454 25407 1
23453 1966 1
23453 5857 1
23453 12932 1
23453 20172 1
23453 20443 1
23453 20454 1
23453 22155 1
23453 23454 4
23453 23455 4
23453 25407 1
23453 30410 1
23454 1966 1
23454 12932 1
23454 20172 1
23454 20443 1
23454 20454 1
23454 22155 1
23454 23453 4
23454 23455 4
23454 25407 1
23455 5857 1
23455 12932 1
23455 20172 1
23455 20443 1
23455 20454 1
23455 22155 1
23455 23453 4
23455 23454 4
23455 25407 1
23455 30410 1
25407 12932 1
25407 16141 1
25407 20172 1
25407 20443 1
25407 20454 1
25407 22155 1
25407 23453 1
25407 23454 1
25407 23455 1
122653 122654 1
10051 1285 1
10051 16488 1
10051 20425 1
16488 1285 1
16488 9731 1
16488 10051 1
16488 13442 1
16488 19352 1
16488 20425 1
20425 1285 1
20425 7978 1
20425 10051 1
20425 16488 1
1190 2719 1
1190 7024 1
1190 8507 1
1190 8816 1
1190 9200 1
1190 11195 1
1190 12106 1
1190 13198 1
1190 13788 1
1190 13900 1
1190 15847 1
1190 16547 1
1190 17058 1
1190 17214 1
1190 17498 1
1190 18319 1
2719 1190 1
2719 7024 1
2719 8507 1
2719 8816 1
2719 9200 1
2719 11195 1
2719 12106 1
2719 13198 1
2719 13788 1
2719 13900 1
2719 15847 1
2719 16547 1
2719 17058 1
2719 17214 1
2719 17498 1
2719 18319 1
7024 1190 1
7024 2719 1
7024 6369 1
7024 8507 1
7024 8816 1
7024 9200 1
7024 11195 1
7024 12106 1
7024 13198 1
7024 13788 1
7024 13900 1
7024 15847 1
7024 16547 1
7024 17058 1
7024 17214 1
7024 17498 1
7024 18319 1
8507 1190 1
8507 2719 1
8507 7024 1
8507 8816 1
8507 9200 1
8507 10793 1
8507 11195 1
8507 12106 1
8507 13198 1
8507 13788 1
8507 13900 1
8507 15847 1
8507 16547 1
8507 17058 1
8507 17214 1
8507 17498 1
8507 18319 1
8507 20187 1
11195 1190 1
11195 2719 1
11195 7024 1
11195 8507 1
11195 8816 1
11195 9200 1
11195 12106 1
11195 13198 1
11195 13788 1
11195 13900 1
11195 15847 1
11195 16547 1
11195 17058 1
11195 17214 1
11195 17498 1
11195 18319 1
12106 1190 1
12106 2719 1
12106 7024 1
12106 8507 1
12106 8816 1
12106 9200 1
12106 11195 1
12106 12365 1
12106 13198 1
12106 13788 1
12106 13900 1
12106 15847 1
12106 16547 1
12106 17058 1
12106 17214 1
12106 17498 1
12106 18319 1
13198 1190 1
13198 2719 1
13198 4564 1
13198 6164 1
13198 7024 1
13198 8026 1
13198 8507 1
13198 8816 1
13198 9200 1
13198 11195 1
13198 12106 1
13198 13788 1
13198 13900 1
13198 15847 1
13198 16547 1
13198 17058 1
13198 17214 1
13198 17498 1
13198 18319 1
13788 1190 1
13788 2719 1
13788 7024 1
13788 8507 1
13788 8816 1
13788 9200 1
13788 11195 1
13788 12106 1
13788 13198 1
13788 13900 1
13788 15847 1
13788 16547 1
13788 17058 1
13788 17214 1
13788 17498 1
13788 18319 1
13900 1190 1
13900 2719 1
13900 7024 1
13900 8507 1
13900 8816 1
13900 9200 1
13900 11195 1
13900 12106 1
13900 13198 1
13900 13788 1
13900 15847 1
13900 16547 1
13900 17058 1
13900 17214 1
13900 17498 1
13900 18319 1
15847 1190 1
15847 2719 1
15847 7024 1
15847 8507 1
15847 8816 1
15847 9200 1
15847 11195 1
15847 12106 1
15847 13198 1
15847 13788 1
15847 13900 1
15847 15845 1
15847 16547 1
15847 17058 1
15847 17214 1
15847 17498 1
15847 18319 1
16547 1190 1
16547 2719 1
16547 7024 1
16547 8507 1
16547 8816 1
16547 9200 1
16547 11195 1
16547 12106 1
16547 13198 1
16547 13788 1
16547 13900 1
16547 15847 1
16547 17058 1
16547 17214 1
16547 17498 1
16547 18319 1
16547 20179 1
17058 1190 1
17058 2719 1
17058 7024 1
17058 8507 1
17058 8816 1
17058 9200 1
17058 11195 1
17058 12106 1
17058 13198 1
17058 13788 1
17058 13900 1
17058 15847 1
17058 16547 1
17058 17214 1
17058 17498 1
17058 18319 1
17214 1190 1
17214 2719 1
17214 7024 1
17214 8507 1
17214 8816 1
17214 9200 1
17214 11195 1
17214 12106 1
17214 13198 1
17214 13788 1
17214 13900 1
17214 15847 1
17214 16547 1
17214 17058 1
17214 17498 1
17214 18319 1
17498 1190 1
17498 2719 1
17498 7024 1
17498 8507 1
17498 8816 1
17498 9200 1
17498 11195 1
17498 12106 1
17498 13198 1
17498 13788 1
17498 13900 1
17498 15847 1
17498 16547 1
17498 17058 1
17498 17214 1
17498 18319 1
18319 1190 1
18319 2719 1
18319 7024 1
18319 8507 1
18319 8816 1
18319 9200 1
18319 11195 1
18319 12106 1
18319 13198 1
18319 13788 1
18319 13900 1
18319 15847 1
18319 16547 1
18319 17058 1
18319 17214 1
18319 17498 1
1638 2508 1
1638 4518 1
1638 7429 1
1638 11986 1
1638 15816 1
1638 18577 1
1638 19461 1
1638 20159 1
1638 26112 1
2508 1638 1
2508 4518 1
2508 7429 1
2508 11986 1
2508 15816 1
2508 18577 1
2508 19446 1
2508 19461 1
2508 19494 1
2508 20159 1
2508 26112 1
4518 1638 1
4518 2508 1
4518 7429 1
4518 11986 1
4518 15816 1
4518 18577 1
4518 19461 1
4518 20159 1
4518 26112 1
4535 4524 1
4535 11986 1
4535 17429 1
4535 17432 1
4535 19963 1
4535 19970 1
4535 19973 1
4535 20609 1
4535 21611 1
4535 34080 1
7429 1638 1
7429 2508 1
7429 4518 1
7429 4747 1
7429 7426 1
7429 7428 1
7429 7430 1
7429 7431 1
7429 7468 1
7429 11986 1
7429 15809 1
7429 15810 1
7429 15816 1
7429 17452 1
7429 18577 1
7429 19461 1
7429 20159 1
7429 26112 1
11990 11985 1
11990 11986 1
11990 17429 1
11990 19877 1
15816 1638 1
15816 2508 1
15816 4518 1
15816 7429 1
15816 11986 1
15816 18577 1
15816 19461 1
15816 20159 1
15816 26112 1
17429 3560 1
17429 4535 1
17429 5936 1
17429 8024 1
17429 11985 1
17429 11986 1
17429 11990 1
17429 17432 1
17429 19877 1
17429 19888 1
17429 19963 1
17429 19970 1
17429 19973 1
17429 20609 1
17429 21611 1
17429 34080 1
17432 4535 1
17432 11986 1
17432 17429 1
17432 19963 1
17432 19970 1
17432 19973 1
17432 20609 1
17432 21611 1
17432 34080 1
18577 1638 1
18577 2508 1
18577 4518 1
18577 7429 1
18577 11986 1
18577 15816 1
18577 19461 1
18577 20159 1
18577 26112 1
19461 1638 1
19461 2508 1
19461 4518 1
19461 7429 1
19461 11986 1
19461 15816 1
19461 16051 1
19461 18577 1
19461 20159 1
19461 26112 1
19963 2028 1
19963 4535 1
19963 11986 1
19963 17429 1
19963 17432 1
19963 19970 1
19963 19973 1
19963 20609 1
19963 21611 1
19963 34080 1
19970 4535 1
19970 11986 1
19970 17429 1
19970 17432 1
19970 17451 1
19970 19963 1
19970 19973 1
19970 20609 1
19970 21611 1
19970 34080 1
19973 4535 1
19973 11986 1
19973 17429 1
19973 17432 1
19973 19963 1
19973 19970 1
19973 20609 1
19973 21611 1
19973 34080 1
20159 1638 1
20159 2508 1
20159 4518 1
20159 7429 1
20159 11986 1
20159 15816 1
20159 18577 1
20159 19461 1
20159 26112 1
20609 4535 1
20609 11986 1
20609 17429 1
20609 17432 1
20609 19963 1
20609 19970 1
20609 19973 1
20609 20608 1
20609 21611 1
20609 34080 1
21611 4535 1
21611 11986 1
21611 17429 1
21611 17432 1
21611 19963 1
21611 19970 1
21611 19973 1
21611 20609 1
21611 34080 2
26112 1638 1
26112 2508 1
26112 4518 1
26112 7429 1
26112 11986 1
26112 15816 1
26112 18577 1
26112 19461 1
26112 20159 1
34080 4535 1
34080 11986 1
34080 17429 1
34080 17432 1
34080 19963 1
34080 19970 1
34080 19973 1
34080 20609 1
34080 21611 2
34080 24172 1
4524 4535 1
4524 11985 1
4524 15602 1
4524 19781 1
4524 21303 1
11985 4524 1
11985 11990 1
11985 15602 1
11985 17429 1
11985 19781 1
11985 19877 1
11985 21303 1
19781 4524 1
19781 11985 1
19781 15602 1
19781 21303 1
21303 4524 1
21303 11985 1
21303 15602 1
21303 19781 1
14754 5353 1
14754 14753 1
14754 15124 1
14754 16938 1
14754 16939 1
14754 17001 1
14754 17002 1
14754 22264 1
16938 3638 1
16938 14754 1
16938 16939 2
16938 17001 1
16938 17002 1
16938 22264 1
16938 127708 1
16939 12674 1
16939 14754 1
16939 16938 2
16939 17001 1
16939 17002 1
16939 17456 1
16939 22264 1
17002 6955 1
17002 12674 1
17002 14754 1
17002 16938 1
17002 16939 1
17002 17001 1
17002 17153 1
17002 17455 1
17002 17456 1
17002 17982 1
17002 18737 1
17002 20658 1
17002 22264 1
17002 24578 1
17002 127708 1
22264 14754 1
22264 16938 1
22264 16939 1
22264 17001 1
22264 17002 1
22264 23624 1
3638 10999 1
3638 12733 1
3638 12897 1
3638 13174 1
3638 16938 1
3638 20353 1
3638 25977 2
3638 26205 1
3638 27706 1
3638 53851 1
3638 127708 1
10999 3638 1
10999 12733 1
10999 12897 1
10999 13174 1
10999 20353 1
10999 25977 1
10999 26205 1
10999 27706 1
10999 53851 1
12733 3638 1
12733 10999 1
12733 12897 1
12733 13174 1
12733 20353 1
12733 25977 1
12733 26205 1
12733 27706 1
12733 53851 1
12897 3638 1
12897 10999 1
12897 12733 1
12897 13174 1
12897 20353 1
12897 25977 1
12897 26205 2
12897 27706 1
12897 32006 1
12897 53851 1
13174 3638 1
13174 10999 1
13174 12733 1
13174 12897 1
13174 20353 1
13174 25656 1
13174 25977 1
13174 26205 1
13174 27706 1
13174 53851 1
16023 20353 1
16023 29591 1
16023 30235 1
16023 31400 1
16023 43743 1
25977 3638 2
25977 10999 1
25977 12733 1
25977 12897 1
25977 13174 1
25977 20353 1
25977 26205 1
25977 26344 1
25977 27706 1
25977 53851 1
26205 3638 1
26205 10999 1
26205 12733 1
26205 12897 2
26205 13174 1
26205 20353 1
26205 25977 1
26205 27706 1
26205 53851 1
27706 3638 1
27706 10999 1
27706 12733 1
27706 12897 1
27706 13174 1
27706 20353 1
27706 25977 1
27706 26205 1
27706 53851 1
29591 15154 1
29591 16023 1
29591 20353 1
29591 30235 1
29591 31400 1
29591 33919 1
29591 43743 1
30235 16023 1
30235 20353 1
30235 29591 1
30235 31400 1
30235 43743 1
31400 15451 1
31400 16023 1
31400 20353 1
31400 26571 1
31400 28391 1
31400 29591 1
31400 30235 1
31400 43743 1
43743 16023 1
43743 20353 1
43743 29591 1
43743 30235 1
43743 31400 1
53851 3638 1
53851 10999 1
53851 12733 1
53851 12897 1
53851 12949 1
53851 13174 1
53851 20353 1
53851 25977 1
53851 26205 1
53851 27706 1
53851 30323 1
53851 32617 1
6955 12674 1
6955 17002 1
6955 17153 1
6955 17455 1
6955 17456 1
6955 17982 1
6955 18737 1
6955 20658 1
6955 24578 1
6955 127708 1
8467 8468 1
8467 8471 1
8467 9118 1
8467 10994 1
8467 19555 1
8467 20658 1
8467 20659 1
8471 8467 1
8471 9118 1
8471 10994 1
8471 19555 1
8471 20658 1
8471 20659 1
9118 8149 1
9118 8467 1
9118 8471 1
9118 10994 1
9118 11665 1
9118 12115 1
9118 13287 1
9118 14822 1
9118 19555 1
9118 20412 1
9118 20658 1
9118 20659 1
10994 8467 1
10994 8471 1
10994 9118 1
10994 19555 1
10994 20658 1
10994 20659 1
12674 6955 1
12674 16939 1
12674 17002 1
12674 17153 1
12674 17455 1
12674 17456 2
12674 17982 1
12674 18737 1
12674 20658 1
12674 24578 1
12674 127708 1
12784 15110 1
12784 15111 1
12784 15112 1
12784 15113 1
12784 15114 1
12784 20658 1
12784 125240 1
15110 12784 1
15110 15111 1
15110 15112 1
15110 15113 1
15110 15114 1
15110 20658 1
15110 125240 1
15111 12784 1
15111 15110 1
15111 15112 1
15111 15113 1
15111 15114 1
15111 20658 1
15111 125240 1
15112 12784 1
15112 15110 1
15112 15111 1
15112 15113 1
15112 15114 1
15112 20658 1
15112 125240 1
15113 12784 1
15113 15110 1
15113 15111 1
15113 15112 1
15113 15114 1
15113 20658 1
15113 125240 1
15114 12784 1
15114 15110 1
15114 15111 1
15114 15112 1
15114 15113 1
15114 20658 1
15114 125240 1
17153 6955 1
17153 12674 1
17153 17002 1
17153 17455 1
17153 17456 1
17153 17982 1
17153 18737 1
17153 20658 1
17153 24578 1
17153 127708 1
17455 6955 1
17455 12674 1
17455 17002 1
17455 17153 1
17455 17456 1
17455 17982 1
17455 18737 1
17455 20658 1
17455 24578 1
17455 127708 1
17456 6955 1
17456 12674 2
17456 14905 1
17456 16939 1
17456 17002 1
17456 17153 1
17456 17455 1
17456 17982 1
17456 18737 1
17456 20658 1
17456 24578 1
17456 127708 1
17982 6955 1
17982 12674 1
17982 17002 1
17982 17153 1
17982 17455 1
17982 17456 1
17982 18737 1
17982 20658 1
17982 24578 1
17982 127708 1
18737 6955 1
18737 12674 1
18737 17002 1
18737 17153 1
18737 17455 1
18737 17456 1
18737 17982 1
18737 20658 1
18737 24578 1
18737 29854 1
18737 127708 1
19555 8467 1
19555 8471 1
19555 9118 1
19555 10994 1
19555 20658 1
19555 20659 1
20659 8467 1
20659 8471 1
20659 9118 1
20659 10994 1
20659 19555 1
20659 20658 1
24578 6955 1
24578 12674 1
24578 17002 1
24578 17153 1
24578 17455 1
24578 17456 1
24578 17982 1
24578 18737 1
24578 20658 1
24578 127708 1
125240 12784 1
125240 15110 1
125240 15111 1
125240 15112 1
125240 15113 1
125240 15114 1
125240 20658 1
125240 28602 1
127708 3638 1
127708 6955 1
127708 12674 1
127708 16938 1
127708 17002 1
127708 17153 1
127708 17455 1
127708 17456 1
127708 17982 1
127708 18737 1
127708 20658 1
127708 24578 1
2113 9923 1
2113 12853 1
2113 12949 1
2113 20928 1
2113 23999 1
2113 25789 1
2113 28602 1
2113 29649 1
2113 29679 1
2113 30272 1
2113 32733 1
2113 33657 1
2113 43592 1
9923 2113 1
9923 12727 1
9923 12853 1
9923 12949 1
9923 20928 1
9923 23999 1
9923 25789 1
9923 28602 1
9923 29649 1
9923 29679 1
9923 30272 1
9923 32733 1
9923 33657 1
9923 43592 1
12853 2113 1
12853 9923 1
12853 12949 1
12853 20928 1
12853 23999 1
12853 25789 1
12853 28602 1
12853 29649 1
12853 29679 1
12853 30272 1
12853 32733 1
12853 33657 1
12853 43592 1
12949 2113 1
12949 9923 1
12949 12853 1
12949 20928 1
12949 23999 1
12949 25789 1
12949 28602 1
12949 29649 1
12949 29679 1
12949 30272 1
12949 30323 1
12949 32733 1
12949 33657 1
12949 36921 1
12949 43592 1
12949 53851 1
14905 17456 1
14905 18894 1
14905 25789 1
14905 30030 1
14905 39899 1
18894 14905 1
18894 25789 1
18894 30030 1
18894 39899 1
20928 2113 1
20928 9923 1
20928 12853 1
20928 12949 1
20928 23999 1
20928 25789 1
20928 28602 1
20928 29649 1
20928 29679 1
20928 30272 1
20928 31912 1
20928 32733 1
20928 33657 1
20928 37179 1
20928 37180 1
20928 43592 1
23999 2113 1
23999 9923 1
23999 12853 1
23999 12949 1
23999 20928 1
23999 25789 1
23999 28602 1
23999 29649 1
23999 29679 1
23999 30272 1
23999 32733 1
23999 33657 1
23999 43592 1
28602 2113 1
28602 9923 1
28602 12853 1
28602 12949 1
28602 20928 1
28602 23999 1
28602 25789 1
28602 29649 1
28602 29679 1
28602 30272 1
28602 32733 1
28602 33657 1
28602 43592 1
28602 125240 1
29649 2113 1
29649 9923 1
29649 12853 1
29649 12949 1
29649 14763 1
29649 20928 1
29649 23999 1
29649 25789 1
29649 28602 1
29649 29679 1
29649 30272 1
29649 32733 1
29649 33657 1
29649 43592 1
29679 2113 1
29679 9923 1
29679 12853 1
29679 12949 1
29679 20928 1
29679 23999 1
29679 25789 1
29679 28602 1
29679 29649 1
29679 30272 1
29679 32733 1
29679 32879 1
29679 33657 1
29679 43592 1
30030 14905 1
30030 18894 1
30030 25789 1
30030 39899 1
30272 2113 1
30272 9923 1
30272 12853 1
30272 12949 1
30272 20928 1
30272 23999 1
30272 25789 1
30272 28602 1
30272 29649 1
30272 29679 1
30272 32733 1
30272 33657 1
30272 43592 1
32733 2113 1
32733 9923 1
32733 12853 1
32733 12949 1
32733 20928 1
32733 23999 1
32733 25789 1
32733 28602 1
32733 29649 1
32733 29679 1
32733 30208 1
32733 30272 1
32733 33657 1
32733 40474 1
32733 43592 1
33657 2113 1
33657 9923 1
33657 12853 1
33657 12949 1
33657 20928 1
33657 23999 1
33657 24680 1
33657 25789 1
33657 28602 1
33657 29649 1
33657 29679 1
33657 30272 1
33657 32733 1
33657 43592 2
39899 14905 1
39899 18894 1
39899 25789 1
39899 30030 1
43592 2113 1
43592 9923 1
43592 12853 1
43592 12949 1
43592 20928 1
43592 23999 1
43592 25789 1
43592 28602 1
43592 29649 1
43592 29679 1
43592 30272 1
43592 32733 1
43592 33657 2
43592 36377 1
43592 45433 1
12844 14882 1
12844 17053 1
12844 23622 1
12844 23623 1
12844 23624 1
12844 23625 1
12844 23626 1
12844 23627 1
12844 25658 1
12844 26448 1
12844 27110 1
12844 27524 1
14882 12844 1
14882 23622 1
14882 23623 1
14882 23624 1
14882 23625 1
14882 23626 1
14882 23627 1
14882 26448 1
14882 27110 1
14882 27524 1
23622 12844 1
23622 14882 1
23622 23623 1
23622 23624 1
23622 23625 1
23622 23626 1
23622 23627 1
23622 26448 1
23622 27110 1
23622 27524 1
23623 12844 1
23623 14882 1
23623 23622 1
23623 23624 1
23623 23625 1
23623 23626 1
23623 23627 1
23623 26448 1
23623 27110 1
23623 27524 1
23624 5052 1
23624 8983 1
23624 12844 1
23624 14882 1
23624 20537 1
23624 22264 1
23624 23622 1
23624 23623 1
23624 23625 1
23624 23626 2
23624 23627 1
23624 25438 1
23624 26448 1
23624 27110 1
23624 27524 1
23624 29675 1
23625 12844 1
23625 14882 1
23625 23622 1
23625 23623 1
23625 23624 1
23625 23626 1
23625 23627 1
23625 26448 1
23625 27110 1
23625 27524 1
23626 5052 1
23626 8983 1
23626 12844 1
23626 14882 1
23626 20537 1
23626 23622 1
23626 23623 1
23626 23624 2
23626 23625 1
23626 23627 1
23626 25438 1
23626 26448 1
23626 27110 1
23626 27524 2
23626 29675 1
23627 12844 1
23627 14882 1
23627 23622 1
23627 23623 1
23627 23624 1
23627 23625 1
23627 23626 1
23627 26448 1
23627 27110 1
23627 27524 1
27110 12844 1
27110 14882 1
27110 23622 1
27110 23623 1
27110 23624 1
27110 23625 1
27110 23626 1
27110 23627 1
27110 26448 1
27110 27524 1
27524 12844 1
27524 14882 1
27524 23622 1
27524 23623 1
27524 23624 1
27524 23625 1
27524 23626 2
27524 23627 1
27524 26448 1
27524 27110 1
27524 31541 1
2606 1231 1
2606 3598 1
2606 7373 1
2606 8725 1
2606 8729 1
2606 8733 1
2606 12045 1
2606 12112 1
2606 13501 1
2606 16710 1
2606 16711 1
2606 16714 1
2606 16730 1
2606 17179 1
3598 1231 1
3598 2606 1
3598 7373 1
3598 8725 1
3598 8729 1
3598 8733 1
3598 12045 1
3598 12112 1
3598 13501 1
3598 16710 1
3598 16711 1
3598 16714 1
3598 16730 1
3598 17179 1
7373 25 1
7373 587 1
7373 862 1
7373 1231 1
7373 2606 1
7373 3598 1
7373 6775 1
7373 8725 1
7373 8729 1
7373 8733 1
7373 9769 1
7373 12045 1
7373 12112 1
7373 13501 1
7373 15046 1
7373 16710 1
7373 16711 1
7373 16714 1
7373 16730 1
7373 17179 1
8725 1231 1
8725 2606 1
8725 3598 1
8725 6652 1
8725 7373 1
8725 8729 1
8725 8733 1
8725 12045 1
8725 12112 1
8725 13501 1
8725 16710 1
8725 16711 1
8725 16714 1
8725 16730 1
8725 17179 1
8725 20337 1
8725 24932 1
8729 1231 1
8729 2606 1
8729 2755 1
8729 3598 1
8729 7373 1
8729 8725 1
8729 8733 1
8729 12045 1
8729 12112 1
8729 13501 1
8729 16352 1
8729 16710 1
8729 16711 1
8729 16714 1
8729 16730 1
8729 17179 1
8729 19954 1
8733 1231 1
8733 2606 1
8733 3598 1
8733 7373 1
8733 8725 1
8733 8729 1
8733 12045 1
8733 12112 1
8733 13501 1
8733 16710 1
8733 16711 1
8733 16714 1
8733 16730 1
8733 17179 1
9250 574 1
9250 1231 1
9250 3094 1
9250 9251 1
9250 9255 1
9250 10411 1
9250 12519 1
9250 14572 1
9250 17296 1
9251 1231 1
9251 2529 1
9251 4708 1
9251 5724 1
9251 6990 1
9251 9146 1
9251 9147 1
9251 9250 1
9251 9255 1
9251 10117 1
9251 10203 1
9251 14774 1
9255 1231 1
9255 9250 1
9255 9251 1
9255 9260 1
9255 12667 1
9255 16860 1
9255 17393 1
12045 1231 1
12045 2606 1
12045 3598 1
12045 7373 1
12045 8725 1
12045 8729 1
12045 8733 1
12045 12112 1
12045 13501 1
12045 16710 1
12045 16711 1
12045 16714 1
12045 16730 1
12045 17179 1
12112 1231 1
12112 2606 1
12112 3598 1
12112 7373 1
12112 8725 1
12112 8729 1
12112 8733 1
12112 12045 1
12112 13501 1
12112 16710 1
12112 16711 1
12112 16714 1
12112 16730 1
12112 17179 1
13501 1231 1
13501 2606 1
13501 3598 1
13501 7373 1
13501 8725 1
13501 8729 1
13501 8733 1
13501 12045 1
13501 12112 1
13501 16710 1
13501 16711 1
13501 16714 1
13501 16730 1
13501 17179 1
16710 1231 1
16710 2606 1
16710 3598 1
16710 7373 1
16710 8725 1
16710 8729 1
16710 8733 1
16710 12045 1
16710 12112 1
16710 13501 1
16710 16711 1
16710 16714 1
16710 16730 1
16710 17179 1
16710 51592 1
16711 1231 1
16711 2606 1
16711 3598 1
16711 7373 1
16711 8725 1
16711 8729 1
16711 8733 1
16711 12045 1
16711 12112 1
16711 13501 1
16711 16710 1
16711 16714 1
16711 16730 1
16711 17179 1
16714 1231 1
16714 2606 1
16714 3598 1
16714 7373 1
16714 8725 1
16714 8729 1
16714 8733 1
16714 12045 1
16714 12112 1
16714 13501 1
16714 16710 1
16714 16711 1
16714 16730 1
16714 17179 1
16730 1231 1
16730 2606 1
16730 3598 1
16730 7373 1
16730 8725 1
16730 8729 1
16730 8733 1
16730 12045 1
16730 12112 1
16730 13501 1
16730 16710 1
16730 16711 1
16730 16714 1
16730 16731 1
16730 17179 1
17179 1231 1
17179 2606 1
17179 3598 1
17179 7373 1
17179 8466 1
17179 8725 1
17179 8729 1
17179 8733 1
17179 10522 1
17179 12045 1
17179 12112 1
17179 13501 1
17179 16710 1
17179 16711 1
17179 16714 1
17179 16730 1
7199 1300 1
15800 3343 1
15800 8179 1
15800 12682 1
62 55 1
62 56 1
62 57 1
62 58 1
62 59 1
62 60 1
62 63 2
62 3269 1
62 3270 1
62 3271 1
62 3272 2
62 5172 1
62 6576 1
62 6984 1
62 8482 1
62 8711 1
63 55 1
63 56 1
63 57 1
63 58 1
63 59 1
63 60 1
63 62 2
63 3269 1
63 3270 1
63 3271 1
63 3272 2
63 5172 1
63 6576 1
63 6984 1
63 8482 1
63 8711 1
3269 62 1
3269 63 1
3269 3270 1
3269 3271 1
3269 3272 1
3269 5172 1
3269 6984 1
3269 8482 1
3269 8711 1
3270 62 1
3270 63 1
3270 815 1
3270 3269 1
3270 3271 1
3270 3272 1
3270 5172 1
3270 6984 1
3270 8482 1
3270 8711 1
3271 62 1
3271 63 1
3271 3269 1
3271 3270 1
3271 3272 1
3271 5172 1
3271 6984 1
3271 8482 1
3271 8711 1
3272 55 1
3272 56 1
3272 57 1
3272 58 1
3272 59 1
3272 60 1
3272 62 2
3272 63 2
3272 3269 1
3272 3270 1
3272 3271 1
3272 5172 1
3272 6576 1
3272 6984 1
3272 8482 1
3272 8711 1
5172 62 1
5172 63 1
5172 3269 1
5172 3270 1
5172 3271 1
5172 3272 1
5172 6984 1
5172 8482 1
5172 8711 1
6984 62 1
6984 63 1
6984 3269 1
6984 3270 1
6984 3271 1
6984 3272 1
6984 5172 1
6984 8482 1
6984 8711 1
8711 62 1
8711 63 1
8711 3269 1
8711 3270 1
8711 3271 1
8711 3272 1
8711 5172 1
8711 6984 1
8711 8482 1
9422 8482 1
9422 9424 1
1258 1259 1
1258 1282 1
1258 10113 1
1258 11377 1
1258 12654 1
1259 1258 1
1259 1282 1
1259 10113 1
1259 11377 1
1259 12654 1
1282 1258 1
1282 1259 1
1282 10113 1
1282 11377 1
1282 12654 1
1417 3626 1
1417 3666 1
1417 4239 1
1417 9187 1
1417 12364 1
1667 2147 1
1667 3077 1
1667 3479 1
1667 4239 1
1667 7550 1
1667 9298 1
1667 10161 1
1667 10456 1
1667 10476 1
1667 12995 1
1667 13470 1
1667 17239 1
1667 19846 1
1667 20486 1
1667 36761 1
2147 1667 1
2147 2122 1
2147 2125 1
2147 3077 1
2147 3479 1
2147 4239 1
2147 7550 1
2147 9298 1
2147 10161 1
2147 10456 1
2147 10476 1
2147 12995 1
2147 13470 1
2147 17239 1
2147 19846 1
2147 20486 1
2147 36761 1
3077 1667 1
3077 2147 1
3077 3479 1
3077 4239 1
3077 7550 1
3077 9298 1
3077 10161 1
3077 10456 1
3077 10476 1
3077 12995 1
3077 13470 1
3077 17239 1
3077 19846 1
3077 20486 1
3077 36761 1
3479 1667 1
3479 2147 1
3479 3077 1
3479 4239 1
3479 7550 1
3479 9298 1
3479 10161 1
3479 10456 1
3479 10476 1
3479 12995 1
3479 13470 1
3479 17239 1
3479 19846 1
3479 20486 1
3479 36761 1
3666 1417 1
3666 4239 1
3666 12101 1
3666 12364 1
7550 1667 1
7550 2147 1
7550 3077 1
7550 3479 1
7550 4239 1
7550 9298 1
7550 10161 1
7550 10456 1
7550 10476 1
7550 12995 1
7550 13470 1
7550 17239 1
7550 19846 1
7550 20486 1
7550 36761 1
9298 1667 1
9298 2147 1
9298 3077 1
9298 3479 1
9298 4239 1
9298 7550 1
9298 10161 1
9298 10456 1
9298 10476 1
9298 12995 1
9298 13470 1
9298 17239 1
9298 19846 1
9298 20486 1
9298 36761 1
10161 399 1
10161 1375 1
10161 1667 1
10161 2147 1
10161 2873 1
10161 3077 1
10161 3479 1
10161 4239 1
10161 7550 1
10161 9298 1
10161 10456 1
10161 10476 1
10161 12995 2
10161 13470 1
10161 17239 1
10161 19846 1
10161 20486 1
10161 36761 1
10456 1667 1
10456 2147 1
10456 3077 1
10456 3479 1
10456 4239 1
10456 7550 1
10456 9298 1
10456 10161 1
10456 10476 1
10456 12995 1
10456 13470 1
10456 17239 1
10456 19846 1
10456 20486 1
10456 36761 1
10476 1667 1
10476 2147 1
10476 3077 1
10476 3479 1
10476 4239 1
10476 7382 1
10476 7550 1
10476 9298 1
10476 10161 1
10476 10456 1
10476 12995 1
10476 13470 1
10476 15600 1
10476 17239 1
10476 17559 1
10476 19846 1
10476 20486 1
10476 21564 1
10476 22443 1
10476 22544 1
10476 36761 1
12364 1417 1
12364 3666 1
12364 4239 1
12995 1667 1
12995 2147 1
12995 2873 1
12995 3077 1
12995 3229 1
12995 3233 1
12995 3479 1
12995 4239 1
12995 7166 1
12995 7550 1
12995 9298 1
12995 10161 2
12995 10456 1
12995 10476 1
12995 13470 1
12995 17239 1
12995 19846 1
12995 20486 1
12995 36761 1
13470 1667 1
13470 2147 1
13470 3077 1
13470 3479 1
13470 4239 1
13470 7550 1
13470 9298 1
13470 10161 1
13470 10456 1
13470 10476 1
13470 12995 1
13470 13378 1
13470 14527 1
13470 17239 1
13470 19846 1
13470 20486 1
13470 36761 1
17239 1667 1
17239 2147 1
17239 3077 1
17239 3479 1
17239 4239 1
17239 6931 1
17239 7550 1
17239 7791 1
17239 9298 1
17239 10161 1
17239 10456 1
17239 10476 1
17239 12995 1
17239 13470 1
17239 17582 1
17239 19846 1
17239 20367 1
17239 20486 2
17239 36761 1
19846 1667 1
19846 2147 1
19846 3077 1
19846 3479 1
19846 4239 1
19846 7550 1
19846 9298 1
19846 10161 1
19846 10456 1
19846 10476 1
19846 12995 1
19846 13470 1
19846 17239 1
19846 20486 1
19846 36761 1
20486 1667 1
20486 2147 1
20486 2873 1
20486 3077 1
20486 3479 1
20486 4239 1
20486 6931 1
20486 7550 1
20486 7772 1
20486 8139 1
20486 9298 1
20486 10161 1
20486 10456 1
20486 10476 1
20486 11749 1
20486 11750 1
20486 12995 1
20486 13470 1
20486 17239 2
20486 17582 1
20486 19846 1
20486 20367 1
20486 36761 1
36761 1667 1
36761 2147 1
36761 3077 1
36761 3479 1
36761 4239 1
36761 7550 1
36761 9298 1
36761 10161 1
36761 10456 1
36761 10476 1
36761 12995 1
36761 13470 1
36761 17239 1
36761 19846 1
36761 20486 1
8440 5788 1
8440 12314 1
8440 17143 1
9692 5788 1
9692 9826 1
9692 11603 1
9692 14041 1
9692 21580 1
9826 4421 1
9826 5788 1
9826 9692 1
9826 11603 1
9826 14041 1
9826 21580 1
11603 5788 1
11603 9692 1
11603 9826 1
11603 14041 1
11603 21580 1
12314 5788 1
12314 8440 1
12314 17143 1
14041 5788 1
14041 9692 1
14041 9826 1
14041 11603 1
14041 21580 1
17143 5788 1
17143 8440 1
17143 12314 1
21580 5788 1
21580 9692 1
21580 9826 1
21580 11603 1
21580 14041 1
12727 9923 1
12727 12726 1
12727 22979 1
12727 37838 1
12951 12726 1
14760 12726 1
14760 19823 1
14760 21269 1
14760 29494 1
14760 31300 1
14767 12726 1
14767 18890 1
14767 22257 1
14767 25458 1
14767 25656 1
14767 26344 1
14767 26412 1
14767 27438 1
14767 30094 1
14767 33919 1
14767 35680 1
14767 43036 1
14767 43037 1
14767 53825 1
15336 12726 1
15336 18188 1
15336 28401 1
15336 31270 1
15336 32003 1
15336 33503 1
15336 37838 1
15336 43993 1
15336 49263 1
15336 50519 1
18188 12726 1
18188 15336 1
18188 28401 1
18188 31270 1
18188 32003 1
18188 33503 1
18188 37838 1
18188 43993 1
18188 49263 1
18188 50519 1
18890 12726 1
18890 14767 1
18890 22257 1
18890 25458 1
18890 25656 1
18890 26344 1
18890 26412 1
18890 30094 1
18890 33919 1
18890 35680 1
18890 43036 1
18890 43037 1
18890 53825 1
19823 12726 1
19823 14760 1
19823 21269 1
19823 29494 1
19823 31300 1
21269 12726 1
21269 14760 1
21269 19823 1
21269 29494 1
21269 31300 1
22257 12726 1
22257 14767 1
22257 18890 1
22257 25458 1
22257 25656 1
22257 26344 1
22257 26412 1
22257 30094 1
22257 33919 1
22257 35680 1
22257 43036 1
22257 43037 1
22257 53825 1
22979 12726 1
22979 12727 1
25458 12726 1
25458 14767 1
25458 18890 1
25458 22257 1
25458 25656 1
25458 26344 1
25458 26412 1
25458 30094 1
25458 33919 1
25458 35680 1
25458 43036 1
25458 43037 1
25458 53825 1
25656 12726 1
25656 13174 1
25656 14767 1
25656 18890 1
25656 22257 1
25656 25458 1
25656 26344 1
25656 26412 1
25656 30094 1
25656 33919 1
25656 35680 1
25656 43036 1
25656 43037 1
25656 53825 1
26344 12726 1
26344 14767 1
26344 18890 1
26344 22257 1
26344 25458 1
26344 25656 1
26344 25977 1
26344 26412 1
26344 30094 1
26344 33919 1
26344 35680 1
26344 43036 1
26344 43037 1
26344 53825 1
26412 8673 1
26412 12726 1
26412 14767 1
26412 18890 1
26412 22257 1
26412 25458 1
26412 25656 1
26412 26344 1
26412 30094 1
26412 33919 1
26412 35680 1
26412 43036 1
26412 43037 1
26412 53825 1
26431 12726 1
26431 31003 1
26431 31004 1
28401 12726 1
28401 15336 1
28401 18188 1
28401 31270 1
28401 32003 1
28401 33503 1
28401 37838 1
28401 43993 1
28401 49263 1
28401 50519 1
29494 12726 1
29494 14760 1
29494 19823 1
29494 21269 1
29494 31300 1
30094 12726 1
30094 14767 1
30094 18890 1
30094 22257 1
30094 25458 1
30094 25656 1
30094 26344 1
30094 26412 1
30094 33919 1
30094 35680 1
30094 43036 1
30094 43037 1
30094 53825 1
30323 12726 1
30323 12949 1
30323 36222 1
30323 36921 1
30323 53851 1
31270 12726 1
31270 15336 1
31270 18188 1
31270 28401 1
31270 32003 1
31270 33503 1
31270 37838 1
31270 43993 1
31270 49263 1
31270 50519 1
31300 12726 1
31300 14760 1
31300 19823 1
31300 21269 1
31300 29494 1
32003 12726 1
32003 15336 1
32003 18188 1
32003 28401 1
32003 31270 1
32003 33503 1
32003 37838 1
32003 43993 1
32003 49263 1
32003 50519 1
33503 7527 1
33503 12726 1
33503 15336 1
33503 18188 1
33503 28401 1
33503 31270 1
33503 32003 1
33503 37838 1
33503 43993 1
33503 49263 1
33503 50519 1
33919 12726 1
33919 14767 1
33919 18890 1
33919 22257 1
33919 25458 1
33919 25656 1
33919 26344 1
33919 26412 1
33919 29591 1
33919 30094 1
33919 35680 1
33919 43036 2
33919 43037 1
33919 53825 1
35680 12726 1
35680 14767 1
35680 18890 1
35680 22257 1
35680 25458 1
35680 25656 1
35680 26344 1
35680 26412 1
35680 30094 1
35680 33919 1
35680 43036 1
35680 43037 1
35680 53825 1
36222 12726 1
36222 30323 1
36222 36921 1
36921 12726 1
36921 12949 1
36921 30323 1
36921 36222 1
37838 12726 1
37838 12727 1
37838 15336 1
37838 18188 1
37838 28401 1
37838 31270 1
37838 32003 1
37838 33503 1
37838 43993 1
37838 49263 1
37838 50519 1
43036 12726 1
43036 14767 1
43036 18890 1
43036 22257 1
43036 25458 1
43036 25656 1
43036 26344 1
43036 26412 1
43036 30094 1
43036 33919 2
43036 35680 1
43036 43037 1
43036 53825 1
43037 12726 1
43037 14767 1
43037 18890 1
43037 22257 1
43037 25458 1
43037 25656 1
43037 26344 1
43037 26412 1
43037 30094 1
43037 33919 1
43037 35680 1
43037 43036 1
43037 53825 1
43993 12726 1
43993 15336 1
43993 18188 1
43993 28401 1
43993 31270 1
43993 32003 1
43993 33503 1
43993 37838 1
43993 49263 1
43993 50519 1
49263 12726 1
49263 15336 1
49263 18188 1
49263 28401 1
49263 31270 1
49263 32003 1
49263 33503 1
49263 37838 1
49263 43993 1
49263 50519 1
49263 57451 1
50519 12726 1
50519 15336 1
50519 18188 1
50519 28401 1
50519 31270 1
50519 32003 1
50519 33503 1
50519 37838 1
50519 43993 1
50519 49263 1
53825 12726 1
53825 14767 1
53825 18890 1
53825 22257 1
53825 25458 1
53825 25656 1
53825 26344 1
53825 26412 1
53825 30094 1
53825 33919 1
53825 35680 1
53825 43036 1
53825 43037 1
1103 12902 1
1103 18851 1
1103 26033 1
1103 27654 1
1103 27655 1
1103 27656 1
1103 27657 1
1103 27658 1
1103 27659 1
1103 38577 1
18851 1103 1
18851 12902 1
18851 26033 1
18851 27654 1
18851 27655 1
18851 27656 1
18851 27657 1
18851 27658 1
18851 27659 1
18851 38577 1
23373 12902 1
26033 1103 1
26033 12902 1
26033 18851 1
26033 21985 1
26033 27654 1
26033 27655 1
26033 27656 1
26033 27657 1
26033 27658 1
26033 27659 1
26033 33564 1
26033 38577 1
27654 1103 1
27654 12902 1
27654 18851 1
27654 26033 1
27654 27655 1
27654 27656 1
27654 27657 1
27654 27658 1
27654 27659 1
27654 38577 1
27655 1103 1
27655 12902 1
27655 18851 1
27655 26033 1
27655 27654 1
27655 27656 1
27655 27657 1
27655 27658 1
27655 27659 1
27655 38577 1
27656 1103 1
27656 12902 1
27656 18851 1
27656 26033 1
27656 27654 1
27656 27655 1
27656 27657 1
27656 27658 1
27656 27659 1
27656 38577 1
27657 1103 1
27657 12902 1
27657 18851 1
27657 26033 1
27657 27654 1
27657 27655 1
27657 27656 1
27657 27658 1
27657 27659 1
27657 38577 1
27658 1103 1
27658 12902 1
27658 18851 1
27658 26033 1
27658 27654 1
27658 27655 1
27658 27656 1
27658 27657 1
27658 27659 1
27658 38577 1
27658 121967 1
27659 1103 1
27659 12902 1
27659 18851 1
27659 26033 1
27659 27654 1
27659 27655 1
27659 27656 1
27659 27657 1
27659 27658 1
27659 38577 1
38577 1103 1
38577 12902 1
38577 18851 1
38577 26033 1
38577 27654 1
38577 27655 1
38577 27656 1
38577 27657 1
38577 27658 1
38577 27659 1
9187 1417 1
9187 3626 1
9187 16572 1
9187 17998 1
9187 23108 1
17998 9187 1
17998 16549 1
17998 16572 1
17998 23108 1
23108 9187 1
23108 16572 1
23108 17998 1
5522 7527 1
5522 13667 1
5522 14853 1
5522 31912 1
5522 32616 1
5522 36377 1
5522 123715 1
7527 5522 1
7527 13667 1
7527 14853 1
7527 27710 1
7527 31912 1
7527 32616 1
7527 33503 1
7527 36377 1
7527 123715 1
11833 21271 2
11833 29860 1
11833 31541 1
11833 32354 1
11833 32616 1
11833 36312 1
11833 53859 3
13667 5522 1
13667 7527 1
13667 14853 1
13667 31912 1
13667 32616 1
13667 36377 1
13667 123715 1
14853 5522 1
14853 7527 1
14853 13667 1
14853 31912 1
14853 32616 1
14853 36377 1
14853 123715 1
21271 11833 2
21271 29860 1
21271 31541 1
21271 32354 1
21271 32616 1
21271 53859 2
29860 11833 1
29860 21271 1
29860 31541 1
29860 32354 1
29860 32616 1
29860 53859 1
30722 21361 1
30722 29502 1
30722 32616 1
30722 32617 2
30722 32879 1
30722 124986 1
31301 32616 1
31301 32617 1
31541 11833 1
31541 21271 1
31541 27524 1
31541 29860 1
31541 32354 1
31541 32616 1
31541 53859 1
31912 5522 1
31912 7527 1
31912 13667 1
31912 14853 1
31912 20928 1
31912 32616 1
31912 36377 1
31912 123715 1
32354 11833 1
32354 21271 1
32354 29860 1
32354 31541 1
32354 32616 1
32354 53859 1
32617 30722 2
32617 31301 1
32617 32616 2
32617 53851 1
32617 124986 1
32879 29679 1
32879 30722 1
32879 32616 1
36377 5522 1
36377 7527 1
36377 13667 1
36377 14853 1
36377 31912 1
36377 32616 1
36377 43592 1
36377 123715 1
53859 11833 3
53859 21271 2
53859 29860 1
53859 31541 1
53859 32354 1
53859 32616 1
56082 32616 1
123715 5522 1
123715 7527 1
123715 13667 1
123715 14853 1
123715 31912 1
123715 32616 1
123715 36377 1
124986 30722 1
124986 32616 1
124986 32617 1
24 25 1
24 26 1
24 27 1
26 24 1
26 25 1
26 27 1
26 3119 1
27 24 1
27 25 1
27 26 1
27 391 1
260 25 1
260 345 3
260 835 1
260 2564 1
260 3654 1
260 4236 1
260 4939 1
260 5785 1
345 25 1
345 260 3
345 835 1
345 2564 1
345 3654 1
345 4236 1
345 4939 1
345 5785 1
391 25 1
391 27 1
391 401 1
391 420 1
391 1447 1
391 1448 1
391 1449 1
391 1450 1
391 2632 1
391 2689 1
391 3090 1
391 3094 1
391 5029 1
391 11658 1
391 14774 1
401 25 1
401 391 1
401 420 1
401 1447 1
401 1448 1
401 1449 1
401 1450 1
401 2632 1
401 2689 1
401 3094 1
401 5029 1
401 11658 1
401 14774 1
420 25 1
420 391 1
420 401 1
420 1447 1
420 1448 1
420 1449 1
420 1450 1
420 2632 1
420 2689 1
420 3094 1
420 5029 1
420 11658 1
420 14774 1
587 25 1
587 862 1
587 6775 1
587 7373 1
587 9769 1
587 14808 1
587 15046 1
729 25 1
835 25 1
835 260 1
835 345 1
835 829 1
835 2235 1
835 2564 1
835 2568 1
835 2572 1
835 3654 1
835 4236 1
835 4378 1
835 4939 1
835 4985 1
835 5785 1
862 25 1
862 587 1
862 6775 1
862 7373 1
862 9261 1
862 9769 1
862 15046 1
1207 25 1
1207 9006 1
1207 18909 1
1447 25 1
1447 391 1
1447 401 1
1447 420 1
1447 1448 1
1447 1449 1
1447 1450 1
1447 2632 1
1447 2689 1
1447 3094 1
1447 5029 1
1447 11658 1
1447 14774 1
1448 25 1
1448 391 1
1448 401 1
1448 420 1
1448 1447 1
1448 1449 1
1448 1450 1
1448 2632 1
1448 2689 1
1448 3094 1
1448 5029 1
1448 11658 1
1448 14774 1
1449 25 1
1449 391 1
1449 401 1
1449 420 1
1449 669 1
1449 1337 1
1449 1447 1
1449 1448 1
1449 1450 1
1449 2586 1
1449 2632 1
1449 2689 1
1449 3094 1
1449 5029 1
1449 5339 1
1449 11658 1
1449 14774 1
1450 25 1
1450 391 1
1450 401 1
1450 420 1
1450 1447 1
1450 1448 1
1450 1449 1
1450 2632 1
1450 2689 1
1450 3094 1
1450 5029 1
1450 11658 1
1450 14774 1
2564 25 1
2564 260 1
2564 345 1
2564 835 1
2564 3654 1
2564 4236 1
2564 4939 1
2564 5785 1
2632 25 1
2632 391 1
2632 401 1
2632 420 1
2632 1447 1
2632 1448 1
2632 1449 1
2632 1450 1
2632 2689 1
2632 3094 1
2632 5029 1
2632 11658 1
2632 14774 1
2689 25 1
2689 391 1
2689 401 1
2689 420 1
2689 1447 1
2689 1448 1
2689 1449 1
2689 1450 1
2689 2632 1
2689 3094 1
2689 5029 1
2689 11658 1
2689 14774 1
3094 25 1
3094 391 1
3094 401 1
3094 420 1
3094 1447 1
3094 1448 1
3094 1449 1
3094 1450 1
3094 2632 1
3094 2689 1
3094 5029 1
3094 9250 1
3094 11658 1
3094 14774 1
3118 25 1
3118 3665 1
3118 5118 1
3118 5119 1
3118 5120 1
3654 25 2
3654 260 1
3654 345 1
3654 835 1
3654 2564 1
3654 4236 1
3654 4939 1
3654 5785 1
3665 25 1
3665 3118 1
3665 5118 1
3665 5119 1
3665 5120 1
4236 25 1
4236 260 1
4236 345 1
4236 835 1
4236 2564 1
4236 3654 1
4236 4939 1
4236 5785 1
4939 25 1
4939 260 1
4939 345 1
4939 835 1
4939 2564 1
4939 3654 1
4939 4236 1
4939 5785 1
5029 25 1
5029 391 1
5029 401 1
5029 420 1
5029 1447 1
5029 1448 1
5029 1449 1
5029 1450 1
5029 2632 1
5029 2689 1
5029 3094 1
5029 11658 1
5029 14774 1
5118 25 1
5118 3118 1
5118 3665 1
5118 5119 1
5118 5120 1
5119 25 1
5119 3118 1
5119 3665 1
5119 5118 1
5119 5120 1
5120 25 1
5120 3118 1
5120 3665 1
5120 5118 1
5120 5119 1
5785 25 1
5785 260 1
5785 345 1
5785 835 1
5785 2564 1
5785 3654 1
5785 4236 1
5785 4939 1
6775 25 1
6775 587 1
6775 862 1
6775 6772 1
6775 7057 1
6775 7373 1
6775 9769 1
6775 15046 1
9769 25 1
9769 587 1
9769 862 1
9769 6775 1
9769 7373 1
9769 15046 1
11658 25 1
11658 391 1
11658 401 1
11658 420 1
11658 1447 1
11658 1448 1
11658 1449 1
11658 1450 1
11658 2632 1
11658 2689 1
11658 3094 1
11658 5029 1
11658 14774 1
14774 25 1
14774 391 1
14774 401 1
14774 420 1
14774 1447 1
14774 1448 1
14774 1449 1
14774 1450 1
14774 2529 1
14774 2632 1
14774 2689 1
14774 3094 1
14774 4708 1
14774 5029 1
14774 5724 1
14774 9146 1
14774 9147 1
14774 9251 1
14774 10117 1
14774 10203 1
14774 11658 1
15046 25 1
15046 587 1
15046 862 1
15046 6775 1
15046 7373 1
15046 9769 1
2880 8442 1
3224 3228 1
3224 3236 1
3224 9660 1
3224 19053 1
3236 3224 1
3236 9660 1
3236 19053 1
19053 3224 1
19053 3236 1
19053 9660 1
7533 125209 1
12667 942 1
12667 4431 1
12667 9255 1
12667 9260 1
12667 9667 1
12667 17393 1
12667 18472 1
12667 125209 1
12542 6306 1
19889 6405 1
19889 15805 1
19889 19903 1
19889 20670 1
19889 20671 1
19889 37937 1
37937 6405 1
37937 19889 1
37937 22418 1
37937 37934 1
37937 37935 1
37937 37936 1
37937 38155 1
37937 38311 1
3254 7803 1
3254 7818 1
3254 9410 1
3254 12510 1
3254 12775 1
7818 3254 1
7818 7803 1
7818 9410 1
7818 12510 1
7818 12775 1
9410 3254 1
9410 7803 1
9410 7818 1
9410 12510 1
9410 12775 1
12510 3254 1
12510 7803 1
12510 7818 1
12510 9410 1
12510 12775 1
12775 3254 1
12775 7803 1
12775 7818 1
12775 9410 1
12775 12510 1
17728 9423 1
2332 5497 1
2332 10016 1
3253 4168 1
3253 6028 1
3253 10016 1
4168 3116 1
4168 3253 1
4168 6028 1
4168 10016 1
5497 2332 1
5497 10016 1
6028 3253 1
6028 4168 1
6028 10016 1
2844 6990 1
2844 9659 1
2844 10522 1
13130 124 1
13130 2261 1
13130 5158 1
13130 12365 1
13130 32343 1
32343 12365 1
32343 13130 1
6353 106795 1
3464 3444 1
3464 13729 1
6082 3444 1
6082 9320 1
6082 18523 1
9320 3444 1
9320 6082 1
9320 18523 1
13729 3444 1
13729 3464 1
18523 3444 1
18523 6082 1
18523 9320 1
2407 6658 1
2407 12070 1
2437 6658 1
12070 2407 1
12070 6658 1
738 3682 1
738 4114 1
738 4362 1
738 10091 1
738 10092 1
738 10093 1
738 10094 1
738 10097 1
738 10209 1
3682 738 1
3682 4114 1
3682 4362 1
3682 10091 1
3682 10092 1
3682 10093 1
3682 10094 1
3682 10097 1
3682 10209 1
4114 738 1
4114 3682 1
4114 4362 1
4114 10091 1
4114 10092 1
4114 10093 1
4114 10094 1
4114 10097 1
4114 10209 1
4362 738 1
4362 3682 1
4362 4114 1
4362 10091 1
4362 10092 1
4362 10093 1
4362 10094 1
4362 10097 1
4362 10209 1
10091 738 1
10091 3682 1
10091 4114 1
10091 4362 1
10091 10092 1
10091 10093 1
10091 10094 1
10091 10097 1
10091 10209 1
10092 738 1
10092 3682 1
10092 4114 1
10092 4362 1
10092 10091 1
10092 10093 1
10092 10094 1
10092 10097 1
10092 10209 1
10093 738 1
10093 3682 1
10093 4114 1
10093 4362 1
10093 10091 1
10093 10092 1
10093 10094 1
10093 10097 1
10093 10209 1
10097 738 1
10097 3682 1
10097 4114 1
10097 4362 1
10097 10091 1
10097 10092 1
10097 10093 1
10097 10094 1
10097 10209 1
10209 738 1
10209 3682 1
10209 4114 1
10209 4362 1
10209 10091 1
10209 10092 1
10209 10093 1
10209 10094 1
10209 10097 1
199 11109 1
199 20004 1
199 20952 1
199 23791 1
525 540 1
525 1655 1
525 11109 1
540 525 1
540 1655 1
540 11109 1
1655 525 1
1655 540 1
1655 11109 1
9667 11109 1
9667 12667 1
20004 199 1
20004 11109 1
20004 20952 1
20004 23791 1
20952 199 1
20952 11109 1
20952 20004 1
20952 23791 1
23791 199 1
23791 11109 1
23791 20004 1
23791 20952 1
30854 399 1
20337 6652 1
20337 8725 1
20337 24932 1
24932 6652 1
24932 8725 1
24932 20337 1
1204 15845 1
2358 1671 1
2358 7472 1
7472 1671 1
7472 2358 1
11373 1671 1
3944 4390 1
3944 4990 1
3944 6806 1
3944 9323 1
4990 3944 1
4990 4390 1
4990 6806 1
4990 9323 1
6806 3944 1
6806 4390 1
6806 4601 1
6806 4990 1
6806 9323 1
9323 3944 1
9323 4390 1
9323 4990 1
9323 6806 1
114 5241 1
21191 5241 1
10411 574 1
10411 9250 1
10411 12519 1
10411 13813 1
10411 14572 1
10411 17296 1
4585 6307 1
908 948 1
908 8431 1
908 10510 1
6761 10510 1
8431 908 1
8431 10510 1
2426 2364 1
3228 3224 1
3228 3226 1
17305 3226 1
6874 6875 1
6874 12119 1
12119 6874 1
12119 6875 1
6772 6775 1
6772 7057 1
2177 4629 1
2177 11192 1
2177 126689 1
4629 2177 1
4629 11192 1
4629 126689 1
11192 2177 1
11192 4629 1
11192 126689 1
3099 3844 1
3099 7772 1
7426 4747 1
7426 7428 1
7426 7429 1
7426 7430 1
7426 7431 1
7426 7468 1
7426 15809 1
7426 15810 1
7426 17452 1
7428 4747 1
7428 7426 1
7428 7429 1
7428 7430 1
7428 7431 1
7428 7468 1
7428 15809 1
7428 15810 1
7428 17452 1
7430 4747 1
7430 7426 1
7430 7428 1
7430 7429 1
7430 7431 1
7430 7468 1
7430 15809 1
7430 15810 1
7430 17452 1
7431 4747 1
7431 7426 1
7431 7428 1
7431 7429 1
7431 7430 1
7431 7468 1
7431 15809 1
7431 15810 1
7431 17452 1
7468 4747 1
7468 7426 1
7468 7428 1
7468 7429 1
7468 7430 1
7468 7431 1
7468 15809 1
7468 15810 1
7468 17452 1
15809 4747 1
15809 7426 1
15809 7428 1
15809 7429 1
15809 7430 1
15809 7431 1
15809 7468 1
15809 15810 1
15809 17452 1
15810 4747 1
15810 7426 1
15810 7428 1
15810 7429 1
15810 7430 1
15810 7431 1
15810 7468 1
15810 15809 1
15810 17452 1
17452 4747 1
17452 7426 1
17452 7428 1
17452 7429 1
17452 7430 1
17452 7431 1
17452 7468 1
17452 15809 1
17452 15810 1
2148 2711 1
2148 3737 1
2148 6670 1
2148 6672 1
2148 8033 1
2148 9059 1
2688 4150 1
2688 4151 1
2688 4154 1
2688 7718 1
2688 9059 1
2688 19414 1
2711 2148 1
2711 3737 1
2711 6670 1
2711 6672 1
2711 8033 1
2711 9059 1
3737 2148 1
3737 2711 1
3737 6670 1
3737 6672 1
3737 8033 1
3737 9059 1
4150 2688 1
4150 4151 1
4150 4154 1
4150 7718 1
4150 9059 1
4150 19414 1
4151 2688 1
4151 4150 1
4151 4154 1
4151 7718 1
4151 9059 1
4151 19414 1
4154 2688 1
4154 4150 1
4154 4151 1
4154 7718 1
4154 9059 1
4154 19414 1
6670 2148 1
6670 2711 1
6670 3737 1
6670 6672 2
6670 8033 1
6670 9059 1
6672 2148 1
6672 2711 1
6672 3737 1
6672 6670 2
6672 8033 1
6672 9059 1
7718 2688 1
7718 4150 1
7718 4151 1
7718 4154 1
7718 9059 1
7718 19414 1
8033 2148 1
8033 2711 1
8033 3737 1
8033 6670 1
8033 6672 1
8033 9059 1
19414 2688 1
19414 4150 1
19414 4151 1
19414 4154 1
19414 7718 1
19414 9059 1
9756 6990 1
9756 11519 1
11519 6990 1
11519 9756 1
2529 4708 1
2529 5724 1
2529 9146 1
2529 9147 1
2529 9251 1
2529 10117 1
2529 10203 1
2529 14774 1
4708 2529 1
4708 5724 1
4708 9146 1
4708 9147 1
4708 9251 1
4708 10117 1
4708 10203 1
4708 14774 1
5724 2529 1
5724 4708 1
5724 9146 1
5724 9147 1
5724 9251 1
5724 10117 1
5724 10203 1
5724 14774 1
9146 2529 1
9146 4254 1
9146 4708 1
9146 5724 1
9146 9147 2
9146 9251 1
9146 10117 1
9146 10203 1
9146 14774 1
9146 17407 1
9147 2529 1
9147 4254 1
9147 4708 1
9147 5724 1
9147 9146 2
9147 9251 1
9147 10117 1
9147 10203 1
9147 14774 1
9147 17407 1
10203 2529 1
10203 4708 1
10203 5724 1
10203 9146 1
10203 9147 1
10203 9251 1
10203 10117 1
10203 14774 1
16682 15776 1
20527 20528 1
20527 20529 1
10794 7821 1
16873 15545 1
4431 942 1
4431 12667 1
4431 18472 1
6550 942 1
11944 942 1
13386 942 1
13386 13616 1
18472 942 1
18472 4431 1
18472 12667 1
937 13785 1
9835 1097 1
9835 11706 1
9835 12590 1
9835 17490 1
9835 20734 1
9835 21308 1
9835 24656 1
9835 30335 1
9835 31447 1
18323 1097 1
18323 32752 1
30335 1097 1
30335 9835 1
30335 31447 1
31447 1097 1
31447 9835 1
31447 30335 1
32752 1097 1
32752 18323 1
7440 1138 1
7440 13860 1
7440 16155 1
13860 1138 1
13860 7440 1
13860 16155 1
16155 1138 1
16155 7440 1
16155 13860 1
19420 1138 1
19420 19113 1
19135 10080 1
14808 587 1
14808 12044 1
15414 12044 1
405 8723 1
405 9043 1
405 9761 1
405 12654 1
405 13968 1
405 22520 1
5855 11825 1
5855 12654 1
5855 17547 1
5855 31004 1
8723 405 1
8723 9043 1
8723 9761 1
8723 12654 1
8723 13968 1
8723 16296 1
8723 22520 1
9043 405 1
9043 8723 1
9043 9761 1
9043 12654 1
9043 13968 1
9043 22520 1
9761 405 1
9761 8723 1
9761 9043 1
9761 12654 1
9761 13968 1
9761 22520 1
11825 5855 1
11825 12654 1
11825 17547 1
12603 12654 1
12603 18501 1
13968 405 1
13968 8723 1
13968 9043 1
13968 9761 1
13968 12654 1
13968 22520 1
17547 5855 1
17547 11825 1
17547 12654 1
18501 12603 1
18501 12654 1
22520 405 1
22520 8723 1
22520 9043 1
22520 9761 1
22520 12654 1
22520 13968 1
2809 12545 1
2809 12682 1
5187 10089 1
5187 12682 1
10089 5187 1
10089 12682 1
12545 2809 1
12545 12682 1
17438 12682 1
2233 6261 1
2233 9503 1
2233 13605 1
2233 20036 1
6261 2233 1
6261 9503 1
6261 13605 1
6261 13639 1
6261 15622 1
6261 18390 1
6261 18633 1
6261 19041 1
6261 19047 1
6261 20036 1
9503 2233 1
9503 6261 1
9503 13605 1
9503 20036 1
13630 13605 1
13635 13605 1
13635 19592 1
13635 22604 1
19592 13605 1
19592 13635 1
19592 22604 2
20036 2233 1
20036 6261 1
20036 9503 1
20036 13605 1
20036 20034 1
20036 20035 1
22604 13605 1
22604 13635 1
22604 19592 2
11144 14530 1
4254 9146 1
4254 9147 1
4254 17407 1
2339 7842 1
2339 14449 1
2339 15357 1
2339 15358 1
2339 16175 1
2339 20436 1
2339 20464 1
14449 2339 1
14449 7842 1
14449 15357 1
14449 15358 1
14449 16175 1
14449 20436 1
14449 20464 1
15357 2339 1
15357 7842 1
15357 14449 1
15357 15358 2
15357 16175 1
15357 20436 1
15357 20464 1
15358 2339 1
15358 7842 1
15358 14449 1
15358 15357 2
15358 16175 1
15358 20436 1
15358 20464 1
16175 2339 1
16175 7842 1
16175 14449 1
16175 15357 1
16175 15358 1
16175 20436 1
16175 20464 1
20436 2339 1
20436 7842 1
20436 14449 1
20436 15357 1
20436 15358 1
20436 16175 1
20436 19263 1
20436 20464 1
7287 17726 1
7287 21251 1
17726 7287 1
17726 21251 1
9663 17902 1
9663 22164 1
17902 9663 1
17902 22164 1
1205 18991 1
1205 18992 1
1205 18993 1
1205 18994 1
1205 18995 1
1205 22661 1
2687 18902 1
2687 22661 1
18902 2687 1
18902 8322 1
18902 22661 1
18991 1205 1
18991 18992 1
18991 18993 1
18991 18994 1
18991 18995 1
18991 22661 1
18992 1205 1
18992 18991 1
18992 18993 1
18992 18994 1
18992 18995 1
18992 19001 2
18992 22661 1
18993 1205 1
18993 18991 1
18993 18992 1
18993 18994 1
18993 18995 1
18993 22661 1
18994 1205 1
18994 18991 1
18994 18992 1
18994 18993 1
18994 18995 1
18994 22661 1
18995 1205 1
18995 18991 1
18995 18992 1
18995 18993 1
18995 18994 1
18995 22661 1
23044 22661 1
27912 22661 1
11706 9835 1
11706 12590 1
11706 15512 1
11706 17490 1
11706 20734 1
11706 21308 1
11706 24656 1
12590 9835 1
12590 11706 1
12590 17490 1
12590 20734 1
12590 21308 1
12590 24656 1
17490 9835 1
17490 11706 1
17490 12590 1
17490 20734 1
17490 21308 1
17490 24656 1
20734 9835 1
20734 11706 1
20734 12590 1
20734 17490 1
20734 21308 1
20734 24656 1
21308 9835 1
21308 11706 1
21308 12590 1
21308 17490 1
21308 20734 1
21308 24656 1
3660 22209 1
3660 26574 1
3660 29417 1
12563 13873 1
12563 22620 1
12563 26574 1
13873 12563 1
13873 22620 1
13873 26574 1
22209 3660 1
22209 26574 1
22209 29417 1
22620 12563 1
22620 13873 1
22620 26574 1
23742 26574 1
26681 26574 1
29417 3660 1
29417 5051 1
29417 20689 1
29417 22209 1
29417 26574 1
29417 34373 1
23340 7181 1
23340 23339 1
23340 23341 1
23340 27847 1
23340 27907 1
23340 28016 1
23340 30240 1
23340 32038 1
27847 23340 1
27847 27907 1
27847 28016 1
27847 30240 1
27847 32038 1
27907 23340 1
27907 27847 1
27907 28016 1
27907 30240 1
27907 32038 1
28016 23340 1
28016 27847 1
28016 27907 1
28016 30240 1
28016 32038 1
30240 23340 1
30240 27847 1
30240 27907 1
30240 28016 1
30240 32038 1
12778 1183 1
12778 6150 1
1178 1528 1
1178 6150 1
1178 19888 1
1528 1178 1
1528 8027 1
1528 19888 1
1584 3417 1
1584 3487 1
1584 3492 1
1584 4621 1
1584 8243 1
3417 1584 1
3417 3487 1
3417 3492 1
3417 4621 1
3417 8243 1
3487 1584 1
3487 3417 1
3487 3492 1
3487 4621 1
3487 8243 1
3492 1584 1
3492 3417 1
3492 3487 1
3492 4621 1
3492 8243 1
4621 1584 1
4621 3417 1
4621 3487 1
4621 3492 1
4621 8243 1
10182 8456 1
1982 2933 1
1982 8673 1
1982 9728 1
1982 12621 1
2933 1982 1
2933 8673 1
2933 9728 1
2933 12621 1
9728 1982 1
9728 2933 1
9728 8664 1
9728 8673 1
9728 10520 1
9728 12621 1
9728 15044 1
12621 1982 1
12621 2933 1
12621 8673 1
12621 9728 1
3892 9943 1
16352 2755 1
16352 8729 1
7283 7294 1
7283 9869 1
7283 10007 1
7283 10543 1
9869 7283 1
9869 7294 1
9869 10007 1
9869 10543 1
10007 7283 1
10007 7294 1
10007 9869 1
10007 10543 1
10543 7283 1
10543 7294 1
10543 9869 1
10543 10007 1
10543 11513 1
2873 7772 1
2873 8139 1
2873 10161 1
2873 11749 1
2873 11750 1
2873 12995 1
2873 20486 1
7772 2873 1
7772 3099 1
7772 8139 1
7772 11749 1
7772 11750 1
7772 20486 1
11749 2873 1
11749 7772 1
11749 8139 1
11749 11750 1
11749 20486 1
11750 2873 1
11750 7772 1
11750 8139 1
11750 11749 1
11750 20486 1
13245 8139 1
13804 8139 1
15622 6261 1
15622 13639 1
15622 18390 1
15622 18633 1
15622 19041 1
15622 19047 2
18390 6261 1
18390 13639 1
18390 15622 1
18390 18633 1
18390 19041 2
18390 19047 1
18633 6261 1
18633 13639 1
18633 15622 1
18633 18390 1
18633 19041 2
18633 19047 2
19041 6261 1
19041 13639 1
19041 15622 1
19041 18390 2
19041 18633 2
19041 19047 3
19047 6261 1
19047 13639 1
19047 15622 2
19047 18390 1
19047 18633 2
19047 19041 3
19047 19797 1
5862 69 1
5862 7479 1
5862 7752 1
5862 9139 1
5862 17023 1
7479 69 1
7479 5862 1
7479 7752 1
7479 9139 1
7479 17023 1
7752 69 1
7752 5862 1
7752 7479 1
7752 9139 1
7752 17023 1
9139 69 1
9139 5862 1
9139 7479 1
9139 7752 1
9139 17023 1
17023 69 1
17023 5862 1
17023 7479 1
17023 7752 1
17023 9139 1
1663 2028 1
1663 2088 1
1663 2517 1
1663 12720 1
2088 1663 1
2088 2028 1
2088 2517 1
2088 12720 1
2517 1663 1
2517 2028 1
2517 2088 1
2517 12720 1
12720 1663 1
12720 2028 1
12720 2088 1
12720 2517 1
20126 18693 1
13241 20172 1
13241 23584 1
23584 13241 1
23584 20172 1
24638 20238 1
1966 23453 1
1966 23454 1
5857 23453 1
5857 23455 1
5857 30410 1
30410 5857 1
30410 23453 1
30410 23455 1
16141 25407 1
9731 16488 1
9731 19352 1
13442 16488 1
19352 9731 1
19352 16488 1
7978 20425 1
10793 8507 1
10793 20187 1
20187 8507 1
20187 10793 1
4564 6164 1
4564 8026 1
4564 13198 1
6164 4564 1
6164 8026 1
6164 13198 1
8026 4564 1
8026 6164 1
8026 13198 1
20179 16547 1
19446 2508 1
19446 19494 1
19494 2508 1
19494 19446 1
19877 11985 1
19877 11990 1
19877 17429 1
3560 8024 1
3560 17429 1
3560 19888 1
5936 17429 1
8024 3560 1
8024 17429 1
8024 19888 1
19888 1178 1
19888 1528 1
19888 3560 1
19888 8024 1
19888 17429 1
16051 19461 1
17451 19970 1
20608 20609 1
24172 34080 1
5353 14753 1
5353 14754 1
5353 15124 1
14753 5353 1
14753 14754 1
14753 15124 1
15124 5353 1
15124 14753 1
15124 14754 1
32006 12897 1
15154 29591 1
15451 26571 1
15451 31400 1
26571 15451 1
26571 31400 1
28391 31400 1
8468 8467 1
8149 9118 1
8149 11665 1
8149 12115 1
8149 13287 1
8149 14822 1
8149 20412 1
11665 8149 1
11665 9118 1
11665 12115 1
11665 13287 1
11665 14822 1
11665 20412 1
12115 8149 1
12115 9118 1
12115 11665 1
12115 13287 1
12115 14822 1
12115 20412 1
13287 8149 1
13287 9118 1
13287 11665 1
13287 12115 1
13287 14822 1
13287 20412 1
14822 8149 1
14822 9118 1
14822 11665 1
14822 12115 1
14822 13287 1
14822 20412 1
20412 8149 1
20412 9118 1
20412 11665 1
20412 12115 1
20412 13287 1
20412 14822 1
29854 18737 1
37179 20928 1
37179 37180 2
37180 20928 1
37180 37179 2
14763 29649 1
30208 32733 1
30208 40474 1
40474 30208 1
40474 32733 1
24680 33657 1
45433 43592 1
17053 12844 1
17053 25658 1
25658 12844 1
25658 17053 1
5052 8983 1
5052 20537 1
5052 23624 1
5052 23626 1
5052 25438 1
5052 29675 1
8983 5052 1
8983 20537 1
8983 23624 1
8983 23626 1
8983 25438 1
8983 29675 1
20537 5052 1
20537 8983 1
20537 23624 1
20537 23626 1
20537 25438 1
20537 29675 1
25438 5052 1
25438 8983 1
25438 20537 1
25438 23624 1
25438 23626 1
25438 29675 1
29675 5052 1
29675 8983 1
29675 20537 1
29675 23624 1
29675 23626 1
29675 25438 1
19954 8729 1
574 9250 1
574 10411 1
574 12519 1
574 14572 1
574 17296 1
12519 574 1
12519 1196 1
12519 9250 1
12519 10411 1
12519 14572 1
12519 17296 1
14572 574 1
14572 9250 1
14572 10411 1
14572 12519 1
14572 17296 1
17296 574 1
17296 9250 1
17296 10411 1
17296 12519 1
17296 14572 1
9260 9255 1
9260 12446 1
9260 12667 1
9260 14243 1
9260 16941 1
9260 17393 1
17393 9255 1
17393 9260 1
17393 12667 1
51592 16710 1
16731 16730 1
8466 17179 1
8179 15800 1
55 56 1
55 57 1
55 58 1
55 59 1
55 60 1
55 62 1
55 63 1
55 3272 1
55 6576 1
56 55 1
56 57 1
56 58 1
56 59 1
56 60 1
56 62 1
56 63 1
56 3272 1
56 6576 1
57 55 1
57 56 1
57 58 1
57 59 1
57 60 1
57 62 1
57 63 1
57 3272 1
57 6576 1
58 55 1
58 56 1
58 57 1
58 59 1
58 60 1
58 62 1
58 63 1
58 3272 1
58 6576 1
59 55 1
59 56 1
59 57 1
59 58 1
59 60 1
59 62 1
59 63 1
59 3272 1
59 6576 1
60 55 1
60 56 1
60 57 1
60 58 1
60 59 1
60 62 1
60 63 1
60 3272 1
60 6576 1
6576 55 1
6576 56 1
6576 57 1
6576 58 1
6576 59 1
6576 60 1
6576 62 1
6576 63 1
6576 3272 1
815 3270 1
9424 9422 1
3626 1417 1
3626 9187 1
2122 2147 1
2125 2147 1
12101 3666 1
1375 10161 1
7382 10476 1
7382 17559 1
7382 22443 1
15600 10476 1
15600 21564 1
15600 22544 1
17559 7382 1
17559 10476 1
17559 22443 1
21564 10476 1
21564 15600 1
21564 22544 1
22443 7382 1
22443 10476 1
22443 17559 1
22544 10476 1
22544 15600 1
22544 21564 1
3229 3233 4
3229 12995 1
3233 3229 4
3233 12995 1
7166 12995 1
13378 13470 1
13378 14527 1
14527 13378 1
14527 13470 1
6931 17239 1
6931 17582 1
6931 20367 1
6931 20486 1
7791 7809 1
7791 17239 1
17582 6931 1
17582 17239 1
17582 20367 1
17582 20486 1
20367 6931 1
20367 17239 1
20367 17582 1
20367 20486 1
4421 9826 1
27438 14767 1
31003 26431 1
31003 31004 1
31004 5855 1
31004 26431 1
31004 31003 1
57451 49263 1
21985 26033 1
21985 33564 1
33564 21985 1
33564 26033 1
121967 27658 1
16549 17998 1
27710 7527 1
36312 11833 1
21361 29502 1
21361 30722 1
21361 35402 1
29502 21361 1
29502 30722 1
3119 26 1
3090 391 1
3090 5604 1
829 835 1
829 2568 1
829 2572 1
2235 835 1
2235 4378 1
2235 4985 1
2568 829 1
2568 835 1
2568 2572 1
2572 829 1
2572 835 1
2572 2568 1
4378 835 1
4378 2235 1
4378 4985 1
4985 835 1
4985 2235 1
4985 4378 1
9261 862 1
9006 1207 1
9006 18909 1
18909 1207 1
18909 9006 1
669 817 1
669 1085 1
669 1321 1
669 1337 1
669 1364 1
669 1449 1
669 2586 1
669 2661 1
669 2662 1
669 2663 1
669 2664 1
669 5339 1
1337 669 1
1337 1449 1
1337 2586 1
1337 5339 1
2586 669 1
2586 1337 1
2586 1449 1
2586 5339 1
5339 669 1
5339 1337 1
5339 1449 1
5339 2586 1
5604 3090 1
35402 21361 1
7809 7791 1
12446 9260 1
12446 14243 1
12446 16941 1
14243 9260 1
14243 12446 1
14243 16941 1
16941 9260 1
16941 12446 1
16941 14243 1
1196 12519 1
19797 19047 1
11513 10543 1
8664 9728 1
8664 10520 1
8664 15044 1
10520 8664 1
10520 9728 1
10520 15044 1
15044 8664 1
15044 9728 1
15044 10520 1
19263 20436 1
7181 23339 1
7181 23340 1
7181 23341 1
23339 7181 1
23339 23340 1
23339 23341 1
23341 7181 1
23341 23339 1
23341 23340 1
5051 20689 1
5051 29417 1
5051 34373 1
20689 5051 1
20689 29417 1
20689 34373 1
34373 5051 1
34373 20689 1
34373 29417 1
15512 11706 1
8322 18902 1
19001 18992 2
20034 20035 1
20034 20036 1
20035 20034 1
20035 20036 1
16296 8723 1
19113 19420 1
13616 13386 1
948 908 1
4601 4382 1
4601 6806 1
124 2261 1
124 5158 1
124 13130 1
2261 124 1
2261 5158 1
2261 13130 1
5158 124 1
5158 2261 1
5158 13130 1
3116 4168 1
15805 19889 1
15805 19903 1
15805 20670 1
15805 20671 1
19903 15805 1
19903 19889 1
19903 20670 1
19903 20671 1
20670 15805 1
20670 19889 1
20670 19903 1
20670 20671 1
20671 15805 1
20671 19889 1
20671 19903 1
20671 20670 1
22418 37934 1
22418 37935 1
22418 37936 1
22418 37937 1
22418 38155 1
22418 38311 1
37934 22418 1
37934 37935 1
37934 37936 1
37934 37937 1
37934 38155 1
37934 38311 1
37935 22418 1
37935 37934 1
37935 37936 1
37935 37937 1
37935 38155 1
37935 38311 1
37936 22418 1
37936 37934 1
37936 37935 1
37936 37937 1
37936 38155 1
37936 38311 1
38155 22418 1
38155 37934 1
38155 37935 1
38155 37936 1
38155 37937 1
38155 38311 1
38311 22418 1
38311 37934 1
38311 37935 1
38311 37936 1
38311 37937 1
38311 38155 1
817 669 1
817 1085 1
817 1321 1
817 1364 1
817 2661 1
817 2662 1
817 2663 1
817 2664 1
1085 669 1
1085 817 1
1085 1321 1
1085 1364 1
1085 2661 1
1085 2662 1
1085 2663 1
1085 2664 1
1321 669 1
1321 817 1
1321 1085 1
1321 1364 1
1321 2661 1
1321 2662 1
1321 2663 1
1321 2664 1
1364 669 1
1364 817 1
1364 1085 1
1364 1321 1
1364 2661 1
1364 2662 1
1364 2663 1
1364 2664 1
2661 669 1
2661 817 1
2661 1085 1
2661 1321 1
2661 1364 1
2661 2662 1
2661 2663 1
2661 2664 1
2662 669 1
2662 817 1
2662 1085 1
2662 1321 1
2662 1364 1
2662 2661 1
2662 2663 1
2662 2664 1
2663 669 1
2663 817 1
2663 1085 1
2663 1321 1
2663 1364 1
2663 2661 1
2663 2662 1
2663 2664 1
2664 669 1
2664 817 1
2664 1085 1
2664 1321 1
2664 1364 1
2664 2661 1
2664 2662 1
2664 2663 1
4382 4601 1
