115553 112202 1
112202 55864 1
112202 95854 1
112202 112204 1
112202 115553 1
112202 125683 1
55864 33879 1
55864 75049 1
55864 90956 1
55864 112202 1
95854 94607 1
95854 112202 1
95854 112204 1
95854 125683 1
95854 127130 1
112204 41181 1
112204 82977 1
112204 85734 1
112204 95854 1
112204 112202 1
112204 112576 1
112204 114205 1
112204 125683 1
125683 90370 1
125683 95854 1
125683 112202 1
125683 112204 1
125683 117545 1
125683 123611 1
33879 21872 1
33879 37981 1
33879 38878 1
33879 55864 1
33879 59637 1
33879 75049 1
33879 76994 1
33879 76995 1
33879 79139 1
33879 81105 1
33879 82863 1
33879 90956 1
75049 33879 1
75049 55864 1
75049 90956 1
90956 33879 1
90956 55864 1
90956 62469 1
90956 63749 1
90956 75049 1
90956 91695 1
90956 93924 1
94607 95854 1
94607 127130 1
127130 94607 1
127130 95854 1
41181 63762 1
41181 85734 1
41181 86532 1
41181 112204 1
82977 71054 1
82977 112204 1
82977 116771 1
85734 41181 1
85734 112204 1
112576 101651 1
112576 112204 1
112576 114369 1
114205 105954 1
114205 112204 1
114205 118371 1
90370 44036 1
90370 125683 1
117545 98694 1
117545 100713 1
117545 101730 1
117545 125683 1
123611 125683 1
21872 33879 1
21872 82863 1
37981 33879 1
37981 54545 1
38878 31039 1
38878 33879 1
38878 37750 1
38878 61557 1
38878 75565 1
38878 84535 1
59637 20716 1
59637 33879 1
59637 43897 1
59637 55458 1
59637 65227 1
76994 33879 1
76994 76995 2
76994 79139 1
76994 81105 1
76995 33879 1
76995 76994 2
76995 79139 1
76995 81105 1
79139 33879 1
79139 36678 1
79139 46911 1
79139 51799 1
79139 52345 1
79139 53735 1
79139 58268 1
79139 73640 1
79139 76994 1
79139 76995 1
79139 81105 1
79139 88095 1
79139 92147 1
79139 96715 1
79139 103844 1
79139 108647 1
81105 33879 1
81105 76994 1
81105 76995 1
81105 79139 1
82863 21872 1
82863 33879 1
62469 51541 1
62469 63749 1
62469 90956 1
63749 62469 1
63749 63875 1
63749 90956 1
91695 90956 1
91695 93924 1
93924 71420 1
93924 90956 1
93924 91695 1
63762 41181 1
63762 86532 1
86532 41181 1
86532 63762 1
71054 38108 2
71054 56358 1
71054 65219 1
71054 65220 1
71054 71780 1
71054 82976 1
71054 82977 1
71054 90625 1
116771 47970 1
116771 82977 1
116771 108291 1
116771 123126 1
101651 98853 1
101651 111987 1
101651 111988 1
101651 112576 1
101651 112747 1
114369 32739 1
114369 61737 1
114369 63871 1
114369 89761 1
114369 93726 1
114369 98314 1
114369 99147 1
114369 102504 1
114369 103127 1
114369 103218 1
114369 112576 1
114369 118050 1
105954 66035 1
105954 114205 1
105954 118371 1
118371 40629 1
118371 45488 1
118371 59810 1
118371 60004 1
118371 66275 1
118371 76226 1
118371 85342 1
118371 97008 1
118371 99135 1
118371 104450 1
118371 105954 1
118371 113267 1
118371 113269 1
118371 113271 1
118371 114205 1
44036 30752 1
44036 50096 1
44036 52613 1
44036 88700 1
44036 90370 1
44036 94220 1
44036 95826 1
44036 98149 1
44036 99270 1
44036 99940 1
98694 78336 1
98694 117545 1
100713 117545 1
101730 51348 1
101730 89923 1
101730 108064 1
101730 117545 1
54545 37981 1
31039 38878 1
31039 75565 1
31039 84535 1
37750 38878 1
37750 61557 1
61557 37750 1
61557 38878 1
75565 31039 1
75565 38878 1
75565 59791 1
75565 67650 1
75565 82281 1
75565 84535 1
75565 85469 1
84535 31039 1
84535 38878 1
84535 58285 1
84535 63487 1
84535 66447 1
84535 66642 1
84535 75565 1
84535 104291 1
84535 106877 1
20716 23569 1
20716 32919 1
20716 36375 1
20716 43897 3
20716 43931 1
20716 45165 2
20716 48022 1
20716 49912 1
20716 54709 2
20716 56092 1
20716 59637 1
20716 65227 1
43897 20716 3
43897 36375 1
43897 41961 1
43897 43895 1
43897 43896 1
43897 43931 1
43897 45165 1
43897 48022 1
43897 49912 1
43897 59637 1
43897 65227 1
55458 51529 1
55458 54145 1
55458 58428 1
55458 59637 1
55458 68609 1
55458 76423 1
65227 20716 1
65227 43897 1
65227 59637 1
36678 79139 1
36678 114120 1
46911 52345 1
46911 79139 1
46911 82901 1
46911 108103 1
51799 79139 1
52345 36671 1
52345 38378 1
52345 43240 1
52345 46911 1
52345 51241 1
52345 55008 1
52345 59984 1
52345 61556 1
52345 63875 1
52345 67887 1
52345 70959 1
52345 76619 1
52345 76967 1
52345 79139 1
52345 88098 1
52345 93846 1
52345 100528 1
52345 100952 1
52345 104235 1
53735 79139 1
58268 73252 1
58268 79139 1
58268 80653 1
58268 88774 1
58268 108647 1
73640 79139 1
88095 70788 1
88095 78561 1
88095 79139 1
88095 87895 2
88095 96715 1
88095 97590 1
88095 103844 1
88095 105694 1
88095 108050 1
88095 115110 1
92147 79139 1
92147 102668 1
96715 41221 1
96715 51310 1
96715 70782 1
96715 79139 1
96715 82809 1
96715 88095 1
96715 92750 1
96715 103844 3
96715 114265 1
103844 41221 1
103844 51310 1
103844 70782 1
103844 79139 1
103844 88095 1
103844 92750 1
103844 96715 3
103844 114265 1
108647 58268 1
108647 73947 1
108647 79139 1
108647 124252 1
51541 35827 1
51541 45103 1
51541 47943 1
51541 62469 1
51541 76421 1
51541 83943 1
63875 52345 1
63875 63749 1
63875 76619 1
63875 76967 1
71420 93924 1
38108 21853 1
38108 29923 1
38108 56358 2
38108 66992 1
38108 71054 2
38108 71780 1
38108 74230 1
38108 77924 1
56358 21853 1
56358 38108 2
56358 42322 1
56358 42923 1
56358 46462 1
56358 46570 1
56358 47746 1
56358 53761 1
56358 56973 1
56358 62975 2
56358 64186 1
56358 71054 1
56358 71780 1
56358 72117 2
65219 65220 3
65219 71054 1
65219 98032 1
65219 124659 1
65220 65219 3
65220 71054 1
65220 98032 1
65220 124659 1
71780 38108 1
71780 56358 1
71780 71054 1
71780 73933 1
82976 44145 1
82976 71054 1
82976 93306 1
90625 71054 1
47970 68261 1
47970 79582 1
47970 116771 1
108291 116771 1
108291 116863 1
108291 123126 1
123126 108291 1
123126 116771 1
98853 73542 1
98853 101651 1
98853 111987 1
98853 111988 1
111987 98853 1
111987 101651 1
111987 111988 1
111988 98853 1
111988 101651 1
111988 111987 1
112747 101651 1
32739 106760 1
32739 114369 1
61737 63871 1
61737 102504 1
61737 103127 1
61737 114369 1
63871 28255 1
63871 31546 1
63871 46693 1
63871 51031 1
63871 52176 1
63871 55010 1
63871 61737 1
63871 75583 1
63871 80558 1
63871 88801 1
63871 102504 1
63871 103127 1
63871 114369 1
89761 94108 1
89761 96171 1
89761 97404 1
89761 114369 1
93726 96171 1
93726 114369 1
98314 103218 1
98314 114369 1
99147 69100 1
99147 114369 1
99147 116881 1
99147 127778 1
102504 61737 1
102504 63871 1
102504 93330 1
102504 100212 1
102504 103127 1
102504 103942 1
102504 114310 1
102504 114369 1
103127 31537 1
103127 61737 1
103127 63757 1
103127 63871 1
103127 67131 1
103127 90707 1
103127 102504 1
103127 114369 1
103218 73031 1
103218 74992 1
103218 91952 1
103218 98314 1
103218 100833 1
103218 113757 1
103218 114369 1
118050 114369 1
66035 81903 1
66035 105954 1
66035 118422 1
66035 118423 1
40629 45488 1
40629 59810 1
40629 60004 1
40629 66275 1
40629 118371 1
45488 31506 1
45488 40629 1
45488 47013 1
45488 51200 1
45488 53228 1
45488 59461 1
45488 59810 1
45488 60004 1
45488 60729 1
45488 66275 1
45488 75522 1
45488 77488 1
45488 86962 1
45488 118371 1
59810 40629 1
59810 45488 1
59810 55105 1
59810 60004 1
59810 66275 1
59810 118371 1
60004 40629 1
60004 45488 1
60004 59810 1
60004 66275 1
60004 118371 1
66275 40629 1
66275 45083 1
66275 45488 1
66275 59810 1
66275 60004 1
66275 118371 1
76226 97008 1
76226 99135 1
76226 113267 1
76226 113269 1
76226 113271 1
76226 118371 1
85342 104450 1
85342 118371 1
97008 76226 1
97008 99135 1
97008 113267 1
97008 113269 1
97008 113271 1
97008 118371 1
99135 76226 1
99135 97008 1
99135 113267 1
99135 113269 1
99135 113271 1
99135 118371 1
104450 49692 1
104450 51698 1
104450 79923 1
104450 82242 1
104450 85199 1
104450 85342 1
104450 88483 1
104450 91654 1
104450 91656 1
104450 95690 1
104450 104448 1
104450 118371 1
104450 118789 1
113267 76226 1
113267 97008 1
113267 99135 1
113267 113269 1
113267 113271 1
113267 118371 1
113269 76226 1
113269 97008 1
113269 99135 1
113269 113267 1
113269 113271 1
113269 118371 1
113271 76226 1
113271 97008 1
113271 99135 1
113271 108626 1
113271 113267 1
113271 113269 1
113271 118371 1
30752 44036 1
30752 50096 1
30752 52613 1
30752 88700 1
30752 98149 1
30752 99270 1
50096 30752 1
50096 44036 1
50096 52613 1
50096 88700 1
50096 98149 1
50096 99270 1
52613 30752 1
52613 44036 1
52613 50096 1
52613 88700 1
52613 98149 1
52613 99270 1
88700 30752 1
88700 44036 1
88700 50096 1
88700 51311 1
88700 52613 1
88700 52814 1
88700 55855 1
88700 98149 1
88700 99270 1
88700 115508 1
94220 44036 1
94220 52402 1
94220 99940 1
95826 3647 1
95826 44036 1
95826 54533 1
95826 68817 1
95826 77594 1
95826 90671 1
95826 94372 1
95826 102260 1
95826 117430 1
98149 30752 1
98149 44036 1
98149 50096 1
98149 52613 1
98149 78241 1
98149 88700 1
98149 98150 2
98149 99270 1
99270 30752 1
99270 44036 1
99270 50096 1
99270 52613 1
99270 88700 1
99270 98149 1
99940 44036 1
99940 94220 1
99940 98918 1
99940 99941 2
99940 101416 1
99940 119586 1
78336 98694 1
51348 61556 1
51348 101730 1
89923 89827 1
89923 101730 1
89923 105434 1
89923 109955 1
89923 119846 1
108064 44865 1
108064 67277 1
108064 70405 1
108064 85874 1
108064 95260 1
108064 97930 1
108064 99079 1
108064 101730 1
108064 106887 1
108064 108065 1
59791 26261 1
59791 46081 1
59791 53707 1
59791 59792 1
59791 59793 1
59791 64945 1
59791 67650 1
59791 70314 1
59791 75565 1
59791 82281 1
59791 83855 1
59791 85469 1
67650 56856 1
67650 59791 1
67650 75565 1
67650 76044 1
67650 82281 1
67650 85469 1
82281 48058 1
82281 59791 1
82281 67650 1
82281 75565 1
82281 79582 1
82281 82282 1
82281 85469 1
85469 59791 1
85469 67650 1
85469 75559 1
85469 75565 1
85469 77819 1
85469 82281 1
85469 85470 1
85469 89498 1
85469 105695 1
85469 113035 1
58285 49133 1
58285 63487 1
58285 84535 1
63487 51314 1
63487 53336 1
63487 58285 1
63487 62840 1
63487 84535 1
63487 102003 1
63487 117402 1
66447 64488 1
66447 69928 1
66447 84535 1
66642 59876 1
66642 69284 1
66642 84535 1
66642 108249 1
104291 84535 1
104291 106877 1
106877 84535 1
106877 86607 1
106877 103587 1
106877 104291 1
23569 20716 1
23569 27062 1
23569 32919 1
23569 40674 1
23569 54709 1
23569 56092 1
23569 78468 1
32919 20218 1
32919 20716 1
32919 23569 1
32919 43088 1
32919 54709 1
32919 56092 1
32919 60603 1
32919 61383 1
32919 92364 1
36375 20716 1
36375 39406 1
36375 43897 1
36375 43931 1
36375 47406 1
36375 49912 1
36375 59385 1
36375 59939 1
43931 20716 1
43931 36375 1
43931 43897 1
43931 49912 1
45165 20716 2
45165 43897 1
45165 48022 2
45165 54709 1
45165 63023 1
45165 72522 1
48022 20716 1
48022 43897 1
48022 45165 2
48022 63023 1
48022 72522 1
49912 20716 1
49912 36375 1
49912 43897 1
49912 43931 1
49912 48856 1
54709 20716 2
54709 23569 1
54709 32919 1
54709 45165 1
54709 56092 1
56092 20716 1
56092 21110 1
56092 23569 1
56092 32919 1
56092 37748 1
56092 46828 1
56092 50236 1
56092 54709 1
56092 64975 1
41961 28326 1
41961 43895 1
41961 43896 1
41961 43897 1
41961 51482 1
41961 52374 1
41961 75053 1
41961 80616 1
43895 41961 1
43895 43896 1
43895 43897 1
43896 17997 1
43896 27805 1
43896 32704 1
43896 41961 1
43896 43895 1
43896 43897 1
51529 47320 1
51529 51435 1
51529 54145 1
51529 54997 1
51529 55458 1
51529 58428 1
51529 60381 1
51529 68609 1
54145 51366 1
54145 51529 1
54145 51872 1
54145 55458 1
54145 58428 1
54145 65233 1
54145 68609 1
54145 72869 1
54145 78270 1
54145 78439 1
54145 78443 1
54145 84514 1
58428 51529 1
58428 54145 1
58428 55458 1
58428 58433 1
58428 68609 1
68609 51529 1
68609 54145 1
68609 55458 1
68609 58428 1
76423 55458 1
114120 36678 1
82901 46911 1
82901 72075 1
82901 79649 1
82901 103874 2
82901 108103 1
108103 46911 1
108103 82901 1
108103 102143 1
36671 38378 1
36671 51241 1
36671 52345 1
36671 55008 1
38378 19168 1
38378 27883 1
38378 35620 1
38378 36671 1
38378 38379 1
38378 51241 1
38378 52345 1
38378 53192 1
38378 55008 1
38378 61393 1
38378 62259 1
38378 65171 1
38378 90304 1
38378 98887 1
43240 15893 1
43240 28144 1
43240 52345 1
43240 59984 1
43240 66257 1
43240 70959 1
43240 104235 1
51241 36671 1
51241 38378 1
51241 52345 1
51241 55008 1
55008 36671 1
55008 38378 1
55008 40737 1
55008 42021 1
55008 51241 1
55008 52345 1
55008 55326 1
55008 57143 1
55008 61757 1
55008 64647 1
55008 64648 1
55008 64651 1
59984 43240 1
59984 52345 1
59984 70959 1
59984 104235 1
61556 51348 1
61556 52345 1
61556 75173 1
67887 52345 1
67887 82197 1
70959 43240 1
70959 52345 1
70959 59984 1
70959 80298 1
70959 89681 1
70959 103130 1
70959 104235 1
70959 109169 1
76619 38447 1
76619 41745 1
76619 42819 1
76619 48288 1
76619 52345 1
76619 58242 1
76619 61463 1
76619 63875 1
76619 65870 1
76619 76967 1
76619 79621 1
76619 92271 1
76967 52345 1
76967 53809 1
76967 63336 1
76967 63875 1
76967 76619 1
76967 76968 1
76967 89681 1
76967 94569 1
76967 108867 1
88098 52345 1
88098 88099 1
88098 93846 1
88098 111065 1
93846 52345 1
93846 86281 1
93846 88098 1
93846 88466 1
93846 93631 1
93846 95121 1
93846 104854 1
93846 108460 1
93846 108462 1
93846 108463 1
93846 108464 1
93846 111909 1
100528 52345 1
100528 83286 1
100528 92208 1
100528 96788 1
100528 100165 1
100952 22853 1
100952 27916 1
100952 52345 1
100952 86150 1
100952 92750 1
100952 101595 1
104235 43240 1
104235 52345 1
104235 59984 1
104235 70959 1
73252 58268 1
73252 80653 1
80653 47319 2
80653 58268 1
80653 62840 1
80653 73252 1
80653 92648 1
88774 58268 1
88774 74232 1
88774 119514 1
70788 78561 1
70788 87895 1
70788 88095 1
70788 115110 1
78561 70788 1
78561 87895 1
78561 88095 1
78561 115110 1
87895 70788 1
87895 78561 1
87895 82956 1
87895 88095 2
87895 89904 1
87895 105694 1
87895 115110 1
97590 88095 1
97590 92682 1
97590 97589 1
105694 87895 1
105694 88095 1
108050 88095 1
115110 70788 1
115110 78561 1
115110 87895 1
115110 88095 1
115110 99931 1
115110 119012 1
102668 91264 1
102668 92147 1
102668 102662 1
102668 102664 1
102668 102666 1
41221 92750 1
41221 96715 1
41221 103844 1
41221 110881 1
41221 114265 1
51310 39054 1
51310 70782 1
51310 80914 1
51310 85357 1
51310 96715 1
51310 103844 1
70782 51310 1
70782 96715 1
70782 103844 1
82809 96715 1
82809 102201 1
92750 41221 1
92750 77821 1
92750 78124 1
92750 80214 1
92750 82704 1
92750 86150 1
92750 91284 1
92750 96715 1
92750 100952 1
92750 103844 1
92750 114265 1
114265 41221 1
114265 47674 1
114265 90739 1
114265 90740 1
114265 92750 1
114265 96715 1
114265 96764 1
114265 96767 1
114265 96769 1
114265 103844 1
114265 106544 1
73947 51408 1
73947 70314 1
73947 77590 1
73947 78091 1
73947 82197 1
73947 92707 1
73947 97276 1
73947 97959 1
73947 99651 1
73947 102723 1
73947 102724 1
73947 108647 1
73947 110518 1
73947 115466 1
73947 115733 1
73947 119136 1
73947 124843 1
124252 93881 1
124252 99301 1
124252 108647 1
35827 51541 1
35827 64233 1
35827 72336 1
45103 47943 1
45103 50037 1
45103 51541 1
45103 55765 1
45103 62070 1
45103 76421 1
45103 83943 1
47943 42431 1
47943 45103 1
47943 51541 1
47943 71294 1
47943 71656 1
47943 72746 1
47943 76421 1
47943 83943 1
47943 124626 1
76421 45103 1
76421 47943 1
76421 51541 1
76421 83943 1
83943 45103 1
83943 47943 1
83943 51541 1
83943 76421 1
21853 38108 1
21853 55077 1
21853 56358 1
29923 38108 1
29923 66992 1
29923 77924 1
66992 29923 1
66992 38108 1
66992 77924 1
74230 38108 1
74230 48288 1
74230 80120 1
74230 92599 1
77924 29923 1
77924 38108 1
77924 66992 1
42322 40056 1
42322 46462 1
42322 46786 1
42322 56358 1
42923 56358 1
46462 42322 1
46462 56358 1
46570 56358 1
46570 62975 1
46570 72117 1
47746 56358 1
47746 57143 1
53761 24785 1
53761 28312 1
53761 56358 1
53761 56973 1
53761 62975 1
53761 64186 1
56973 53761 1
56973 56358 1
56973 62975 1
56973 64186 1
62975 46570 1
62975 53761 1
62975 56358 2
62975 56973 1
62975 64186 1
62975 72117 1
64186 53761 1
64186 56358 1
64186 56973 1
64186 62975 1
72117 46570 1
72117 56358 2
72117 62975 1
98032 65219 1
98032 65220 1
124659 65219 1
124659 65220 1
73933 71780 1
44145 82976 1
93306 82976 1
68261 47970 1
68261 64233 1
68261 79582 1
79582 47970 1
79582 48058 1
79582 68261 1
79582 82281 1
79582 82282 1
116863 108291 1
73542 98853 1
106760 32739 1
28255 46693 1
28255 63871 1
31546 52176 1
31546 63871 1
46693 28255 1
46693 63871 1
51031 63871 1
52176 31546 1
52176 63871 1
55010 63871 1
75583 63871 1
75583 110159 1
80558 63871 1
88801 63871 1
94108 89761 1
96171 89761 1
96171 93726 1
96171 97404 1
97404 89761 1
97404 96171 1
69100 99147 1
69100 127778 2
116881 99147 1
127778 69100 2
127778 99147 1
93330 93331 1
93330 100212 1
93330 102504 1
100212 93330 1
100212 102504 1
103942 102504 1
103942 114310 1
114310 102504 1
114310 103942 1
31537 63757 1
31537 67131 1
31537 103127 1
63757 31537 1
63757 67131 1
63757 103127 1
67131 31537 1
67131 63757 1
67131 103127 1
90707 103127 1
73031 100833 1
73031 103218 1
73031 113757 1
74992 91952 1
74992 103218 1
91952 74992 1
91952 103218 1
100833 73031 1
100833 103218 1
100833 113757 1
113757 73031 1
113757 100833 1
113757 103218 1
81903 66035 1
118422 66035 1
118422 118423 1
118423 66035 1
118423 118422 1
31506 45488 1
31506 51200 1
31506 53228 1
31506 60729 1
31506 77488 1
47013 45488 1
47013 59461 1
47013 75522 1
47013 86962 1
51200 31506 1
51200 45488 1
51200 53228 1
51200 60729 1
51200 77488 1
53228 31506 1
53228 45488 1
53228 51200 1
53228 60729 1
53228 77488 1
59461 45488 1
59461 47013 1
59461 71294 1
59461 72746 1
59461 75522 1
59461 86962 1
60729 31506 1
60729 45488 1
60729 51200 1
60729 53228 1
60729 77488 1
75522 45488 1
75522 47013 1
75522 59461 1
75522 86962 1
77488 31506 1
77488 45488 1
77488 51200 1
77488 53228 1
77488 60729 1
86962 45488 1
86962 47013 1
86962 59461 1
86962 75522 1
55105 42435 1
55105 45003 1
55105 46510 1
55105 59810 1
45083 66275 1
49692 79923 1
49692 82242 1
49692 85199 1
49692 91654 1
49692 95690 1
49692 104450 1
49692 118789 1
51698 91656 1
51698 104448 1
51698 104450 1
79923 49692 1
79923 82242 1
79923 85199 1
79923 91654 1
79923 95690 1
79923 104450 1
79923 118789 1
82242 49692 1
82242 79923 1
82242 85199 1
82242 91654 1
82242 95690 1
82242 104450 1
82242 118789 1
85199 49692 1
85199 79923 1
85199 82242 1
85199 91654 1
85199 95690 1
85199 104450 1
85199 118789 1
88483 104450 1
91654 49692 1
91654 79923 1
91654 82242 1
91654 85199 1
91654 95690 1
91654 104450 1
91654 118789 1
91656 51698 1
91656 104448 1
91656 104450 1
95690 49692 1
95690 79923 1
95690 82242 1
95690 85199 1
95690 91654 1
95690 104450 1
95690 118789 1
104448 51698 1
104448 91656 1
104448 104450 1
118789 49692 1
118789 79923 1
118789 82242 1
118789 85199 1
118789 91654 1
118789 95690 1
118789 104450 1
108626 113271 1
51311 88700 1
52814 88700 1
55855 88700 1
55855 115508 1
115508 55855 1
115508 78124 1
115508 88700 1
52402 94220 1
3647 95826 1
54533 68817 1
54533 95826 1
54533 102260 1
68817 54533 1
68817 95826 1
68817 102260 1
77594 95826 1
90671 95826 1
90671 117430 1
94372 89681 1
94372 95826 1
102260 54533 1
102260 68817 1
102260 95826 1
117430 90671 1
117430 95826 1
78241 98149 1
78241 98150 1
98150 78241 1
98150 98149 2
98918 99940 1
98918 99941 1
98918 101416 2
98918 119586 1
99941 98918 1
99941 99940 2
99941 101416 1
99941 119586 1
101416 98918 2
101416 99940 1
101416 99941 1
101416 119586 1
119586 98918 1
119586 99940 1
119586 99941 1
119586 101416 1
89827 89923 1
105434 89923 1
109955 89923 1
109955 119846 2
119846 89923 1
119846 109955 2
44865 85874 1
44865 95260 1
44865 106887 1
44865 108064 1
67277 70405 1
67277 108064 1
70405 67277 1
70405 108064 1
85874 44865 1
85874 95260 1
85874 106887 1
85874 108064 1
95260 44865 1
95260 85874 1
95260 106887 1
95260 108064 1
97930 99079 1
97930 108064 1
97930 108065 1
99079 97930 1
99079 108064 1
99079 108065 1
106887 44865 1
106887 85874 1
106887 95260 1
106887 108064 1
108065 97930 1
108065 99079 1
108065 108064 1
26261 59791 1
26261 70314 1
26261 83855 1
46081 48288 1
46081 53707 1
46081 59791 1
46081 59792 1
46081 59793 1
46081 64945 1
53707 46081 1
53707 59791 1
53707 59792 1
53707 59793 1
53707 64945 1
59792 46081 1
59792 53707 1
59792 59791 1
59792 59793 1
59792 64945 1
59793 46081 1
59793 53707 1
59793 59791 1
59793 59792 1
59793 64945 1
64945 46081 1
64945 53707 1
64945 59791 1
64945 59792 1
64945 59793 1
70314 26261 1
70314 59791 1
70314 73947 1
70314 83855 1
83855 26261 1
83855 59791 1
83855 70314 1
56856 67650 1
76044 67650 1
76044 85470 1
48058 79582 1
48058 82281 1
48058 82282 1
82282 48058 1
82282 63336 1
82282 79582 1
82282 82281 1
75559 85469 1
75559 85470 1
75559 89498 1
75559 105695 1
75559 113035 1
77819 85469 1
85470 75559 1
85470 76044 1
85470 85469 1
85470 89498 1
85470 105695 1
85470 113035 1
89498 75559 1
89498 85469 1
89498 85470 1
89498 105695 1
89498 113035 1
105695 75559 1
105695 85469 1
105695 85470 1
105695 89498 1
105695 113035 1
113035 75559 1
113035 85469 1
113035 85470 1
113035 89498 1
113035 105695 1
49133 58285 1
51314 62840 1
51314 63487 1
53336 63487 1
62840 51314 1
62840 63487 1
62840 80653 1
102003 63487 1
117402 63487 1
117402 80214 1
64488 66447 1
64488 69928 1
69928 64488 1
69928 66447 1
59876 66642 1
59876 108249 1
69284 66642 1
108249 59876 1
108249 66642 1
86607 106877 1
103587 106877 1
27062 23569 1
27062 38418 1
27062 40674 1
27062 78468 1
40674 23569 1
40674 27062 1
40674 78468 1
78468 23569 1
78468 27062 1
78468 40674 1
20218 32919 1
20218 60603 1
43088 32919 1
43088 61383 1
60603 20218 1
60603 32919 1
61383 32919 1
61383 43088 1
92364 32919 1
39406 36375 1
39406 47406 1
39406 59385 1
47406 36375 1
47406 39406 1
47406 59385 1
59385 36375 1
59385 39406 1
59385 47406 1
59939 36375 1
63023 45165 1
63023 48022 1
63023 72522 1
72522 45165 1
72522 48022 1
72522 63023 1
72522 63336 1
48856 49912 1
21110 46828 1
21110 56092 1
37748 50236 1
37748 56092 1
37748 64975 1
46828 21110 1
46828 56092 1
50236 30494 1
50236 35593 1
50236 37748 1
50236 56092 1
50236 64975 1
64975 37748 1
64975 50236 1
64975 56092 1
28326 41961 1
28326 51482 1
28326 52374 1
28326 75053 1
28326 80616 1
51482 28326 1
51482 41961 1
51482 52374 1
51482 75053 1
51482 80616 1
52374 28326 1
52374 41961 1
52374 51482 1
52374 75053 1
52374 80616 1
75053 28326 1
75053 41961 1
75053 51482 1
75053 52374 1
75053 80616 1
80616 28326 1
80616 41961 1
80616 51482 1
80616 52374 1
80616 75053 1
17997 27805 1
17997 32704 1
17997 43896 1
27805 17997 1
27805 32704 1
27805 43896 1
32704 17997 1
32704 27805 1
32704 43896 1
47320 51435 1
47320 51529 1
47320 54997 1
47320 60381 1
51435 47320 1
51435 51529 1
51435 54997 1
51435 60381 1
54997 47320 1
54997 51435 1
54997 51529 1
54997 60381 1
60381 47320 1
60381 51435 1
60381 51529 1
60381 54997 1
51366 51872 1
51366 54145 1
51366 84514 1
51872 51366 1
51872 54145 1
51872 84514 1
65233 54145 1
65233 72869 1
65233 78270 1
65233 78439 1
65233 78443 1
72869 54145 1
72869 65233 1
72869 78270 1
72869 78439 1
72869 78443 1
78270 54145 1
78270 65233 1
78270 72869 1
78270 78439 1
78270 78443 1
78439 54145 1
78439 65233 1
78439 72869 1
78439 78270 1
78439 78443 1
78443 54145 1
78443 65233 1
78443 72869 1
78443 78270 1
78443 78439 1
84514 51366 1
84514 51872 1
84514 54145 1
58433 58428 1
72075 82901 1
79649 82901 1
79649 103874 1
103874 79649 1
103874 82901 2
102143 108103 1
19168 27883 1
19168 38378 1
19168 38379 1
19168 53192 1
19168 61393 1
19168 65171 1
27883 19168 1
27883 38378 1
27883 38379 1
27883 53192 1
27883 61393 1
27883 65171 1
35620 38378 1
35620 62259 1
35620 65171 1
35620 90304 1
38379 19168 1
38379 27883 1
38379 38378 1
38379 53192 1
38379 61393 1
38379 65171 1
53192 19168 1
53192 27883 1
53192 38378 1
53192 38379 1
53192 61393 1
53192 65171 1
61393 19168 1
61393 27883 1
61393 38378 1
61393 38379 1
61393 53192 1
61393 65171 1
62259 35620 1
62259 38378 1
62259 90304 1
65171 19168 1
65171 27883 1
65171 35620 1
65171 38378 1
65171 38379 1
65171 53192 1
65171 61393 1
90304 35620 1
90304 38378 1
90304 62259 1
98887 38378 1
15893 28144 1
15893 43240 1
28144 15893 1
28144 43240 1
66257 43240 1
40737 42021 1
40737 55008 1
40737 55326 1
42021 40737 1
42021 55008 1
42021 55326 1
55326 40737 1
55326 42021 1
55326 55008 1
57143 47746 1
57143 55008 1
57143 64647 1
57143 64648 1
57143 64651 1
61757 55008 1
64647 55008 1
64647 57143 1
64647 64648 1
64647 64651 1
64648 55008 1
64648 57143 1
64648 64647 1
64648 64651 1
64651 55008 1
64651 57143 1
64651 64647 1
64651 64648 1
75173 61556 1
82197 67887 1
82197 73947 1
82197 99651 1
82197 102723 1
82197 102724 1
82197 124843 1
80298 70959 1
80298 89681 1
89681 53809 1
89681 70959 1
89681 76967 1
89681 80298 1
89681 94372 1
89681 94569 1
103130 70959 1
103130 109169 1
109169 70959 1
109169 103130 1
38447 61463 1
38447 76619 1
41745 76619 1
42819 76619 1
48288 46081 1
48288 58242 1
48288 65870 1
48288 74230 1
48288 76619 1
48288 92271 1
58242 48288 1
58242 65870 1
58242 76619 1
58242 92271 1
61463 38447 1
61463 76619 1
65870 48288 1
65870 58242 1
65870 76619 1
65870 92271 1
79621 76619 1
92271 48288 1
92271 58242 1
92271 65870 1
92271 76619 1
53809 76967 1
53809 89681 1
53809 94569 1
63336 72522 1
63336 76967 1
63336 82282 1
76968 76967 1
94569 53809 1
94569 76967 1
94569 89681 1
108867 76967 1
88099 88098 1
88099 111065 1
111065 88098 1
111065 88099 1
86281 93846 1
88466 93846 1
88466 95121 1
93631 93846 1
93631 108460 1
93631 108462 1
93631 108463 1
93631 108464 1
95121 88466 1
95121 93846 1
104854 93846 1
108460 93631 1
108460 93846 1
108460 108462 1
108460 108463 1
108460 108464 1
108462 93631 1
108462 93846 1
108462 108460 1
108462 108463 1
108462 108464 1
108463 93631 1
108463 93846 1
108463 108460 1
108463 108462 1
108463 108464 1
108464 93631 1
108464 93846 1
108464 108460 1
108464 108462 1
108464 108463 1
111909 93846 1
83286 97959 1
83286 100528 1
92208 100528 1
92208 104222 1
92208 104223 1
96788 100165 1
96788 100528 1
100165 96788 1
100165 100528 1
22853 27916 2
22853 100952 1
27916 22853 2
27916 100952 1
86150 57537 1
86150 92750 1
86150 100952 1
101595 89904 1
101595 100952 1
47319 80653 2
92648 80653 1
74232 88774 1
74232 119514 1
119514 74232 1
119514 88774 1
82956 87895 1
82956 93881 1
89904 87895 1
89904 99301 1
89904 101595 1
92682 97589 1
92682 97590 1
97589 92682 1
97589 97590 1
99931 115110 1
119012 86099 1
119012 102205 1
119012 115110 1
91264 102662 1
91264 102664 1
91264 102666 1
91264 102668 1
102662 91264 1
102662 102664 1
102662 102666 1
102662 102668 1
102664 91264 1
102664 102662 1
102664 102666 1
102664 102668 1
102666 91264 1
102666 102662 1
102666 102664 1
102666 102668 1
110881 41221 1
39054 51310 1
39054 80914 1
39054 85357 1
80914 39054 1
80914 51310 1
80914 85357 1
85357 39054 1
85357 51310 1
85357 80914 1
102201 82809 1
77821 92750 1
78124 82704 1
78124 92750 1
78124 115508 1
80214 92750 1
80214 117402 1
82704 78124 1
82704 92750 1
82704 93881 1
91284 92750 1
91284 93881 1
47674 106544 1
47674 114265 1
90739 90740 1
90739 114265 1
90740 90739 1
90740 114265 1
96764 96767 1
96764 96769 1
96764 114265 1
96767 96764 1
96767 96769 1
96767 114265 1
96769 96764 1
96769 96767 1
96769 114265 1
106544 47674 1
106544 114265 1
51408 73947 1
51408 115466 1
77590 73947 1
77590 110518 1
77590 115733 1
77590 119136 1
78091 73947 1
78091 92707 1
78091 97276 1
92707 73947 1
92707 78091 1
92707 97276 1
97276 73947 1
97276 78091 1
97276 92707 1
97959 73947 1
97959 83286 1
99651 73947 1
99651 82197 1
99651 102723 1
99651 102724 1
99651 124843 1
102723 73947 1
102723 82197 1
102723 99651 1
102723 102724 1
102723 124843 1
102724 73947 1
102724 82197 1
102724 99651 1
102724 102723 1
102724 124843 1
110518 73947 1
110518 77590 1
110518 115733 2
110518 119136 1
115466 51408 1
115466 73947 1
115733 73947 1
115733 77590 1
115733 110518 2
115733 119136 1
119136 73947 1
119136 77590 1
119136 110518 1
119136 115733 1
124843 73947 1
124843 82197 1
124843 99651 1
124843 102723 1
124843 102724 1
93881 82704 1
93881 82956 1
93881 91284 1
93881 124252 1
99301 89904 1
99301 124252 1
64233 35827 1
64233 68261 1
64233 72336 1
72336 35827 1
72336 64233 1
50037 45103 1
55765 45103 1
55765 62070 1
62070 45103 1
62070 55765 1
42431 44334 1
42431 47943 1
42431 55099 1
42431 55102 1
42431 55324 1
42431 55325 1
71294 47943 1
71294 59461 1
71294 71656 1
71294 72746 1
71656 47943 1
71656 71294 1
72746 47943 1
72746 59461 1
72746 71294 1
72746 124626 1
124626 47943 1
124626 72746 1
55077 21853 1
80120 74230 1
80120 92599 1
92599 74230 1
92599 80120 1
40056 42322 1
40056 46786 1
46786 40056 1
46786 42322 1
24785 28312 1
24785 53761 1
28312 24785 1
28312 53761 1
110159 75583 1
93331 93330 1
42435 45003 1
42435 46510 1
42435 55105 1
45003 42435 1
45003 46510 1
45003 55105 1
46510 42435 1
46510 45003 1
46510 55105 1
38418 11594 1
38418 27062 1
30494 35593 1
30494 50236 1
35593 30494 1
35593 50236 1
104222 92208 1
104222 104223 1
104223 92208 1
104223 104222 1
57537 86150 1
86099 102205 1
86099 119012 1
102205 86099 1
102205 119012 1
44334 42431 1
44334 55099 1
44334 55102 1
44334 55324 1
44334 55325 1
55099 42431 1
55099 44334 1
55099 55102 1
55099 55324 1
55099 55325 1
55102 42431 1
55102 44334 1
55102 55099 1
55102 55324 1
55102 55325 1
55324 42431 1
55324 44334 1
55324 55099 1
55324 55102 1
55324 55325 1
55325 42431 1
55325 44334 1
55325 55099 1
55325 55102 1
55325 55324 1
11594 38418 1
