121337 121336 1
121336 106105 1
121336 107121 1
121336 112904 1
121336 113910 1
121336 114024 1
121336 114529 1
121336 117599 1
121336 118190 1
121336 121337 1
106105 22766 1
106105 22819 1
106105 29433 1
106105 35347 1
106105 38377 1
106105 39768 1
106105 40740 1
106105 44492 1
106105 44495 1
106105 48557 1
106105 51514 1
106105 54773 1
106105 62089 1
106105 67108 1
106105 67838 1
106105 67839 1
106105 67840 1
106105 67841 1
106105 67842 1
106105 67843 1
106105 68492 1
106105 69343 1
106105 69806 1
106105 70073 5
106105 70482 1
106105 70501 1
106105 70522 1
106105 72203 1
106105 73754 2
106105 75123 1
106105 75164 1
106105 75284 1
106105 77236 1
106105 80178 1
106105 80220 1
106105 80816 1
106105 81331 1
106105 81514 1
106105 81570 1
106105 83145 1
106105 83161 1
106105 84052 1
106105 84882 1
106105 87476 1
106105 87571 1
106105 87597 1
106105 87679 1
106105 87684 1
106105 88532 1
106105 91392 1
106105 93503 1
106105 93948 1
106105 96935 1
106105 96947 1
106105 98290 1
106105 98396 1
106105 99617 1
106105 101519 1
106105 101835 1
106105 103069 1
106105 103651 1
106105 105474 1
106105 105569 1
106105 106103 1
106105 106104 1
106105 106902 1
106105 107121 1
106105 107400 2
106105 107401 1
106105 108665 1
106105 109415 1
106105 110557 1
106105 110558 1
106105 112727 1
106105 112904 1
106105 114223 1
106105 114490 1
106105 114494 1
106105 115905 1
106105 115906 1
106105 117055 1
106105 118650 1
106105 121336 1
107121 36662 1
107121 45667 1
107121 55474 1
107121 56441 1
107121 59212 1
107121 62129 1
107121 64784 1
107121 67802 1
107121 68986 1
107121 69372 1
107121 70848 1
107121 70914 1
107121 72361 1
107121 74110 1
107121 74123 1
107121 76280 1
107121 76357 1
107121 79193 1
107121 80078 1
107121 80499 1
107121 81316 1
107121 85935 1
107121 85978 1
107121 86216 1
107121 86238 1
107121 86242 1
107121 87293 1
107121 87681 1
107121 89136 1
107121 89170 1
107121 90331 1
107121 90762 1
107121 91148 1
107121 91692 1
107121 92036 1
107121 92200 1
107121 92748 1
107121 92960 1
107121 95997 1
107121 96760 1
107121 96904 1
107121 98036 1
107121 99593 1
107121 101298 1
107121 101519 1
107121 101675 2
107121 102251 1
107121 102638 1
107121 104133 1
107121 104328 1
107121 104453 1
107121 104794 1
107121 105043 1
107121 105166 1
107121 106105 1
107121 106734 1
107121 106891 1
107121 106898 1
107121 107146 1
107121 107602 1
107121 107875 1
107121 108058 1
107121 109075 1
107121 109287 1
107121 109288 1
107121 109415 1
107121 109841 1
107121 111117 1
107121 111420 1
107121 112465 1
107121 112545 1
107121 112807 1
107121 112904 1
107121 113639 1
107121 114432 1
107121 114488 1
107121 114489 1
107121 114490 1
107121 114944 1
107121 115662 1
107121 115906 1
107121 116470 1
107121 116778 3
107121 117027 1
107121 117231 1
107121 117448 1
107121 117631 1
107121 117853 1
107121 117925 1
107121 118001 1
107121 118137 1
107121 118530 1
107121 118635 1
107121 118652 1
107121 118961 1
107121 119781 1
107121 121336 1
107121 123321 1
107121 123832 1
107121 124060 1
107121 124903 1
107121 125418 1
112904 42406 1
112904 106105 1
112904 107121 1
112904 109455 1
112904 110608 1
112904 121336 1
113910 57086 1
113910 75212 1
113910 75242 1
113910 77658 1
113910 80654 1
113910 80655 1
113910 80851 1
113910 86671 1
113910 87570 1
113910 88794 1
113910 89728 1
113910 89855 1
113910 89900 1
113910 91923 1
113910 92655 1
113910 94130 1
113910 94323 1
113910 97958 1
113910 100126 1
113910 104310 1
113910 104935 1
113910 106470 1
113910 110237 1
113910 111297 1
113910 111854 1
113910 113909 1
113910 113988 1
113910 114024 1
113910 114529 1
113910 114918 1
113910 115339 1
113910 115490 1
113910 115991 1
113910 116089 1
113910 117004 1
113910 117414 1
113910 117466 1
113910 117556 1
113910 117599 1
113910 118214 1
113910 118798 1
113910 119190 1
113910 121336 1
114024 63478 1
114024 69994 1
114024 71901 1
114024 72225 1
114024 79821 1
114024 81318 1
114024 81875 1
114024 83657 1
114024 84530 1
114024 85072 1
114024 87153 1
114024 87464 1
114024 87814 1
114024 88796 1
114024 91080 1
114024 91378 1
114024 91811 1
114024 92259 1
114024 93511 1
114024 94110 1
114024 100066 1
114024 100871 1
114024 103210 1
114024 103850 1
114024 104054 1
114024 104055 1
114024 104058 2
114024 104059 1
114024 104060 1
114024 104062 1
114024 105244 1
114024 106023 1
114024 106024 1
114024 106025 1
114024 110850 1
114024 111433 1
114024 113910 1
114024 114025 1
114024 114499 1
114024 114529 1
114024 114530 1
114024 114531 1
114024 115216 1
114024 115652 1
114024 116853 1
114024 117599 1
114024 119811 1
114024 121336 1
114529 113910 1
114529 114024 1
114529 117599 1
114529 121336 1
117599 113910 1
117599 114024 1
117599 114529 1
117599 121336 1
118190 41910 1
118190 51431 1
118190 55876 1
118190 68507 1
118190 72203 1
118190 75652 1
118190 75758 1
118190 76903 1
118190 78077 1
118190 80222 1
118190 83944 1
118190 86084 1
118190 86275 1
118190 87008 1
118190 89470 1
118190 95380 1
118190 96906 1
118190 96909 1
118190 99587 1
118190 103275 1
118190 114046 1
118190 114494 1
118190 114668 1
118190 118192 1
118190 121336 1
118190 125787 1
22766 22762 2
22766 22767 1
22766 22769 1
22766 22819 1
22766 29433 1
22766 35347 1
22766 39768 1
22766 40740 1
22766 41584 1
22766 42997 1
22766 44492 1
22766 44495 1
22766 48557 1
22766 49577 1
22766 51583 1
22766 81331 1
22766 106105 1
22819 22766 1
22819 29433 1
22819 35347 1
22819 39768 1
22819 40740 1
22819 44492 1
22819 44495 1
22819 48557 1
22819 81331 1
22819 106105 1
29433 22766 1
29433 22819 1
29433 35347 1
29433 39768 1
29433 40740 1
29433 44492 1
29433 44495 1
29433 48557 1
29433 81331 1
29433 106105 1
35347 10976 1
35347 17668 1
35347 22766 1
35347 22819 1
35347 28621 1
35347 29433 1
35347 32594 1
35347 36547 1
35347 39768 1
35347 40740 1
35347 42265 1
35347 44492 1
35347 44495 1
35347 44952 1
35347 46695 1
35347 48557 1
35347 81331 1
35347 106105 1
38377 31533 1
38377 47649 1
38377 49090 1
38377 50589 1
38377 57324 1
38377 59230 1
38377 62598 1
38377 63754 1
38377 64730 1
38377 66599 1
38377 69485 1
38377 70522 1
38377 70933 1
38377 72203 1
38377 72205 1
38377 77525 1
38377 79531 1
38377 83161 1
38377 84882 1
38377 87469 1
38377 87476 2
38377 87919 1
38377 89172 1
38377 89178 1
38377 89188 1
38377 90694 1
38377 93242 1
38377 94115 1
38377 95964 1
38377 96061 1
38377 96935 1
38377 97262 1
38377 98342 1
38377 98396 1
38377 99329 1
38377 101064 1
38377 101609 1
38377 101620 1
38377 105026 1
38377 105497 1
38377 105574 1
38377 105683 1
38377 106105 1
38377 107592 1
38377 110261 1
38377 110534 1
38377 110844 1
38377 114490 2
38377 114494 3
38377 115905 2
38377 117457 1
38377 117631 1
38377 119386 1
39768 22766 1
39768 22819 1
39768 29433 1
39768 35347 1
39768 39764 1
39768 39771 1
39768 40740 1
39768 44264 1
39768 44492 1
39768 44495 1
39768 44703 1
39768 44847 1
39768 48557 1
39768 81331 1
39768 106105 1
40740 7094 1
40740 10037 1
40740 10706 1
40740 12432 1
40740 15130 3
40740 17958 1
40740 20849 1
40740 21526 1
40740 22708 1
40740 22766 1
40740 22819 1
40740 25018 1
40740 25081 1
40740 25311 1
40740 26104 1
40740 26599 1
40740 26686 1
40740 27001 1
40740 27491 1
40740 29433 1
40740 33202 1
40740 33208 1
40740 35205 1
40740 35347 1
40740 35807 1
40740 36136 1
40740 36364 1
40740 37124 1
40740 38407 1
40740 38907 1
40740 38908 1
40740 39768 1
40740 40090 1
40740 40719 1
40740 40720 1
40740 40722 1
40740 40726 1
40740 40739 1
40740 40742 1
40740 40749 1
40740 40751 1
40740 40992 1
40740 41527 1
40740 41528 1
40740 41535 1
40740 44492 1
40740 44495 1
40740 45821 1
40740 46053 1
40740 48557 1
40740 49538 1
40740 58619 1
40740 61108 1
40740 66657 1
40740 81331 1
40740 106105 1
44492 3345 1
44492 11725 2
44492 11932 1
44492 14764 1
44492 16407 1
44492 16962 1
44492 20120 1
44492 21325 1
44492 21326 1
44492 21519 1
44492 22678 1
44492 22698 1
44492 22766 1
44492 22819 1
44492 23877 1
44492 24998 1
44492 25359 1
44492 25614 1
44492 25770 1
44492 27576 1
44492 28135 1
44492 28834 1
44492 29433 1
44492 30050 1
44492 30345 1
44492 30886 1
44492 31167 1
44492 32460 1
44492 32594 2
44492 32863 1
44492 33311 1
44492 33451 1
44492 33683 1
44492 33951 1
44492 34694 1
44492 34710 1
44492 35252 1
44492 35347 1
44492 36804 1
44492 37253 2
44492 38012 1
44492 38065 1
44492 39544 1
44492 39553 1
44492 39558 1
44492 39768 1
44492 40090 1
44492 40515 1
44492 40531 1
44492 40727 2
44492 40740 1
44492 42348 1
44492 42481 1
44492 43385 1
44492 43829 1
44492 44066 1
44492 44205 1
44492 44286 1
44492 44490 3
44492 44493 3
44492 44495 4
44492 44878 2
44492 45155 1
44492 46123 1
44492 47863 1
44492 48277 1
44492 48395 1
44492 48494 1
44492 48557 1
44492 48588 1
44492 54708 1
44492 56801 1
44492 57340 1
44492 61590 1
44492 65082 1
44492 77595 1
44492 79052 1
44492 79774 1
44492 81331 1
44492 93796 1
44492 106105 1
44495 6431 1
44495 11432 1
44495 11725 1
44495 11732 1
44495 13354 1
44495 13665 1
44495 15130 2
44495 16036 1
44495 16040 1
44495 16041 1
44495 16199 1
44495 16396 1
44495 16407 1
44495 16928 1
44495 16962 1
44495 16979 1
44495 18162 1
44495 20120 5
44495 20848 1
44495 21326 1
44495 21396 1
44495 22698 1
44495 22750 1
44495 22766 1
44495 22767 1
44495 22788 1
44495 22795 1
44495 22819 1
44495 22852 1
44495 23067 1
44495 23132 1
44495 23836 1
44495 23872 1
44495 23877 1
44495 24440 1
44495 25252 1
44495 25279 1
44495 25805 1
44495 25870 1
44495 26995 1
44495 27576 1
44495 28109 1
44495 29433 1
44495 30813 1
44495 32594 1
44495 33455 1
44495 34066 1
44495 34259 1
44495 34302 1
44495 34694 2
44495 35228 1
44495 35229 1
44495 35347 1
44495 35773 1
44495 37253 1
44495 37901 1
44495 38065 1
44495 39768 1
44495 40090 2
44495 40740 1
44495 43385 1
44495 44205 1
44495 44490 3
44495 44492 4
44495 44703 1
44495 44878 1
44495 46012 1
44495 48557 1
44495 65082 1
44495 81331 1
44495 106105 1
48557 22766 1
48557 22819 1
48557 29433 1
48557 35347 1
48557 39768 1
48557 39771 1
48557 40740 1
48557 44492 1
48557 44495 1
48557 81331 1
48557 106105 1
51514 69343 1
51514 70073 1
51514 70501 1
51514 75123 1
51514 87571 1
51514 87679 1
51514 87684 1
51514 96906 1
51514 105569 1
51514 106105 1
51514 107401 1
51514 110557 1
51514 114223 2
54773 57340 1
54773 62089 1
54773 67838 1
54773 67839 2
54773 67840 1
54773 67841 1
54773 67842 1
54773 67843 1
54773 70161 1
54773 75771 1
54773 80220 1
54773 85978 1
54773 87571 1
54773 87679 1
54773 101064 1
54773 106105 1
54773 112727 1
62089 54773 1
62089 67838 1
62089 67839 1
62089 67840 1
62089 67841 1
62089 67842 1
62089 67843 1
62089 100126 1
62089 106059 1
62089 106105 1
62089 112727 1
62089 114223 1
67108 64730 1
67108 70073 1
67108 70482 2
67108 72203 1
67108 72205 1
67108 73754 1
67108 88300 1
67108 91392 1
67108 101620 1
67108 106105 1
67108 107400 1
67108 110558 2
67108 114490 1
67108 114494 1
67838 54773 1
67838 62089 1
67838 67839 1
67838 67840 1
67838 67841 1
67838 67842 1
67838 67843 1
67838 106105 1
67838 112727 1
67839 54773 2
67839 62089 1
67839 67838 1
67839 67840 1
67839 67841 1
67839 67842 1
67839 67843 1
67839 87679 1
67839 106105 1
67839 112727 1
67840 54773 1
67840 62089 1
67840 67838 1
67840 67839 1
67840 67841 1
67840 67842 1
67840 67843 1
67840 93503 1
67840 105474 1
67840 106105 1
67840 112727 2
67840 114668 1
67841 54773 1
67841 62089 1
67841 67838 1
67841 67839 1
67841 67840 1
67841 67842 1
67841 67843 1
67841 83145 2
67841 91392 1
67841 96947 1
67841 106105 1
67841 107400 1
67841 112727 1
67842 54773 1
67842 62089 1
67842 67838 1
67842 67839 1
67842 67840 1
67842 67841 1
67842 67843 1
67842 106105 1
67842 112727 1
67843 54773 1
67843 62089 1
67843 67838 1
67843 67839 1
67843 67840 1
67843 67841 1
67843 67842 1
67843 106105 1
67843 109140 1
67843 112727 1
68492 70073 1
68492 70482 1
68492 73754 1
68492 77236 1
68492 88532 1
68492 91392 1
68492 101835 1
68492 106105 1
68492 109415 1
68492 110558 1
68492 118650 1
69343 51514 1
69343 70073 1
69343 70501 1
69343 75123 1
69343 87571 1
69343 87679 1
69343 87684 1
69343 98342 1
69343 105569 1
69343 106105 1
69343 107401 1
69343 110557 1
69343 114223 1
69806 69805 1
69806 80178 1
69806 84052 1
69806 98290 1
69806 99617 2
69806 106105 1
70073 51514 1
70073 64730 1
70073 67108 1
70073 68492 1
70073 69343 1
70073 70482 1
70073 70501 1
70073 73754 3
70073 75123 1
70073 77236 1
70073 81570 1
70073 83161 1
70073 84882 2
70073 87476 1
70073 87571 1
70073 87679 1
70073 87684 1
70073 88532 1
70073 91392 2
70073 93948 1
70073 101835 1
70073 105569 1
70073 106105 5
70073 107401 1
70073 109415 1
70073 110557 1
70073 110558 3
70073 114223 1
70073 115905 2
70073 115906 1
70073 117055 1
70073 118650 1
70482 67108 2
70482 68492 1
70482 70073 1
70482 73754 2
70482 77236 1
70482 88532 1
70482 91392 1
70482 101835 1
70482 106105 1
70482 106263 1
70482 107400 1
70482 109415 1
70482 110558 2
70482 118650 1
70501 51514 1
70501 69343 1
70501 70073 1
70501 75123 1
70501 87571 1
70501 87679 1
70501 87684 1
70501 105569 1
70501 106105 1
70501 107401 1
70501 110557 1
70501 114223 1
70522 38377 1
70522 72203 1
70522 83161 1
70522 84882 1
70522 87476 1
70522 96935 2
70522 98396 1
70522 101620 1
70522 106105 1
70522 114490 1
70522 114494 1
70522 115905 1
72203 38377 1
72203 55876 1
72203 67108 1
72203 70522 1
72203 70848 1
72203 83161 1
72203 84882 1
72203 87476 1
72203 91392 1
72203 96935 1
72203 98396 2
72203 106105 1
72203 114490 4
72203 114494 3
72203 115905 1
72203 117055 1
72203 118190 1
73754 67108 1
73754 68492 1
73754 70073 3
73754 70482 2
73754 77236 1
73754 81514 1
73754 81570 1
73754 84882 1
73754 88532 1
73754 91392 1
73754 93948 1
73754 101835 1
73754 106105 2
73754 109415 1
73754 110558 3
73754 115906 1
73754 117055 1
73754 118650 1
75123 51514 1
75123 67802 1
75123 69343 1
75123 70073 1
75123 70501 1
75123 87571 1
75123 87679 1
75123 87684 1
75123 89136 1
75123 105569 1
75123 106105 1
75123 107401 1
75123 110557 1
75123 114223 1
75123 118192 2
75123 126085 1
75164 91148 1
75164 98396 1
75164 103651 2
75164 104935 1
75164 106105 1
75164 106470 1
75164 118214 1
75164 119023 1
75164 123627 1
75284 106105 1
75284 107400 1
77236 68492 1
77236 70073 1
77236 70482 1
77236 73754 1
77236 84530 1
77236 88532 1
77236 91392 1
77236 101519 1
77236 101675 1
77236 101835 1
77236 102103 1
77236 106105 1
77236 109415 1
77236 110558 1
77236 118650 1
80178 69806 1
80178 84052 1
80178 98290 1
80178 99617 1
80178 106105 1
80178 111854 1
80178 113344 1
80178 113345 1
80178 113346 1
80220 54773 1
80220 77525 1
80220 83145 1
80220 85978 1
80220 87571 1
80220 93503 2
80220 96947 1
80220 103069 1
80220 105474 1
80220 106103 1
80220 106104 1
80220 106105 1
80220 106902 1
80220 107400 1
80220 108665 1
80816 106105 1
81331 22766 1
81331 22819 1
81331 29433 1
81331 35347 1
81331 39768 1
81331 40740 1
81331 44492 1
81331 44495 1
81331 48557 1
81331 86242 1
81331 106105 1
81514 73754 1
81514 78077 1
81514 86242 1
81514 106105 1
81514 110558 1
81570 70073 1
81570 73754 1
81570 93948 1
81570 106105 1
81570 115906 1
81570 117055 1
83145 67841 2
83145 79531 1
83145 80220 1
83145 93503 1
83145 96947 1
83145 103069 1
83145 105474 1
83145 106103 1
83145 106104 1
83145 106105 1
83145 106902 1
83145 107400 1
83145 108665 1
83161 38377 1
83161 47649 1
83161 70073 1
83161 70522 1
83161 72203 1
83161 84882 1
83161 85935 1
83161 87476 3
83161 96935 1
83161 98396 1
83161 106105 1
83161 110558 1
83161 114488 1
83161 114490 2
83161 114494 3
83161 115905 4
84052 57324 1
84052 63754 1
84052 69806 1
84052 80178 1
84052 90762 1
84052 98290 1
84052 99617 1
84052 106105 1
84882 38377 1
84882 64730 1
84882 70073 2
84882 70522 1
84882 72203 1
84882 73754 1
84882 83161 1
84882 87476 1
84882 96935 1
84882 98396 1
84882 106105 1
84882 107592 2
84882 107700 2
84882 114490 1
84882 114494 1
84882 115905 1
84882 115906 1
87476 38377 2
87476 47649 1
87476 64730 1
87476 70073 1
87476 70522 1
87476 72203 1
87476 83161 3
87476 84882 1
87476 87469 2
87476 94115 1
87476 96935 1
87476 98342 1
87476 98396 1
87476 99587 1
87476 106105 1
87476 114490 1
87476 114494 1
87476 115751 1
87476 115905 3
87476 117055 1
87571 51514 1
87571 54773 1
87571 55876 1
87571 57340 1
87571 69343 1
87571 70073 1
87571 70501 1
87571 75123 1
87571 80220 1
87571 85978 1
87571 87679 1
87571 87684 1
87571 105569 1
87571 106105 1
87571 107401 1
87571 110557 1
87571 114223 1
87571 116318 1
87571 116319 1
87571 117099 1
87571 124903 1
87597 86275 1
87597 86385 1
87597 93503 1
87597 99329 1
87597 101519 1
87597 106105 1
87597 115910 1
87597 118652 1
87597 118961 1
87679 51514 1
87679 54773 1
87679 67839 1
87679 69343 1
87679 70073 1
87679 70501 1
87679 75123 1
87679 87571 1
87679 87684 2
87679 89136 1
87679 95380 1
87679 105569 1
87679 106105 1
87679 107401 1
87679 110557 1
87679 114223 1
87684 51514 1
87684 69343 1
87684 70073 1
87684 70501 1
87684 75123 1
87684 87571 1
87684 87679 2
87684 91692 1
87684 105569 1
87684 106105 1
87684 106902 1
87684 107401 1
87684 110557 1
87684 114223 1
88532 68492 1
88532 70073 1
88532 70482 1
88532 73754 1
88532 77236 1
88532 91392 1
88532 101835 1
88532 106105 1
88532 109415 1
88532 110558 1
88532 118650 1
91392 67108 1
91392 67841 1
91392 68492 1
91392 70073 2
91392 70482 1
91392 72203 1
91392 73754 1
91392 77236 1
91392 88532 1
91392 101835 1
91392 106105 1
91392 109415 1
91392 110558 1
91392 114490 1
91392 118650 1
93503 65631 1
93503 67840 1
93503 80220 2
93503 83145 1
93503 87597 1
93503 91811 1
93503 96947 2
93503 101298 1
93503 101609 1
93503 103069 1
93503 105474 1
93503 106103 1
93503 106104 1
93503 106105 1
93503 106902 1
93503 107400 2
93503 108665 1
93503 112727 1
93503 114668 1
93948 70073 1
93948 73754 1
93948 81570 1
93948 95964 1
93948 106105 1
93948 113639 1
93948 115906 1
93948 117055 1
96935 38377 1
96935 70522 2
96935 72203 1
96935 83161 1
96935 84882 1
96935 87476 1
96935 98396 1
96935 106105 1
96935 114490 1
96935 114494 1
96935 115905 1
96947 67841 1
96947 80220 1
96947 83145 1
96947 93503 2
96947 103069 1
96947 105474 1
96947 106103 1
96947 106104 1
96947 106105 1
96947 106902 1
96947 107400 2
96947 108665 1
98290 69806 1
98290 80178 1
98290 84052 1
98290 99617 1
98290 106105 1
98396 38377 1
98396 57086 1
98396 70522 1
98396 72203 2
98396 75164 1
98396 83161 1
98396 84882 1
98396 87469 1
98396 87476 1
98396 89470 1
98396 96935 1
98396 98342 1
98396 106105 1
98396 114490 1
98396 114494 1
98396 115905 1
99617 69806 2
99617 80178 1
99617 84052 1
99617 89942 1
99617 98290 1
99617 106105 1
101519 69372 1
101519 72361 1
101519 77236 1
101519 86242 1
101519 87597 1
101519 89136 1
101519 96760 1
101519 105574 1
101519 106105 1
101519 106734 1
101519 107121 1
101519 114432 1
101519 118652 1
101519 125418 2
101835 68492 1
101835 70073 1
101835 70482 1
101835 73754 1
101835 77236 1
101835 88532 1
101835 91392 1
101835 106105 1
101835 109415 1
101835 110558 1
101835 118650 1
103069 80220 1
103069 83145 1
103069 93503 1
103069 96947 1
103069 104133 1
103069 105474 4
103069 106103 1
103069 106104 1
103069 106105 1
103069 106902 1
103069 107400 1
103069 108665 1
103069 109075 1
103069 110557 1
103069 112727 2
103651 75164 2
103651 90331 1
103651 106105 1
105474 67840 1
105474 80220 1
105474 83145 1
105474 93503 1
105474 93796 1
105474 96947 1
105474 103069 4
105474 104502 1
105474 106103 1
105474 106104 1
105474 106105 1
105474 106902 1
105474 107400 1
105474 108665 1
105474 110557 1
105474 112727 12
105569 51514 1
105569 69343 1
105569 70073 1
105569 70501 1
105569 75123 1
105569 87571 1
105569 87679 1
105569 87684 1
105569 105574 1
105569 106105 1
105569 107401 1
105569 110557 1
105569 114223 1
106103 80220 1
106103 83145 1
106103 93503 1
106103 96947 1
106103 103069 1
106103 105474 1
106103 106104 1
106103 106105 1
106103 106902 1
106103 107400 1
106103 108665 1
106104 80220 1
106104 83145 1
106104 93503 1
106104 96947 1
106104 103069 1
106104 105474 1
106104 106103 1
106104 106105 1
106104 106902 1
106104 107400 1
106104 108665 1
106902 80220 1
106902 83145 1
106902 87684 1
106902 91692 1
106902 93503 1
106902 96947 1
106902 103069 1
106902 105474 1
106902 106103 1
106902 106104 1
106902 106105 1
106902 106903 1
106902 107400 4
106902 108665 1
107400 67108 1
107400 67841 1
107400 70482 1
107400 75284 1
107400 80220 1
107400 83145 1
107400 93503 2
107400 96947 2
107400 103069 1
107400 105474 1
107400 106103 1
107400 106104 1
107400 106105 2
107400 106902 4
107400 107401 1
107400 108665 1
107400 110558 1
107400 112727 1
107400 118798 1
107401 51514 1
107401 69343 1
107401 70073 1
107401 70501 1
107401 75123 1
107401 87571 1
107401 87679 1
107401 87684 1
107401 105569 1
107401 106105 1
107401 107400 1
107401 110557 1
107401 114223 1
108665 80220 1
108665 83145 1
108665 93503 1
108665 96947 1
108665 103069 1
108665 105474 1
108665 106103 1
108665 106104 1
108665 106105 1
108665 106902 1
108665 107400 1
109415 68492 1
109415 70073 1
109415 70482 1
109415 73754 1
109415 77236 1
109415 88532 1
109415 91392 1
109415 101835 1
109415 106105 1
109415 107121 1
109415 110558 1
109415 113918 1
109415 118650 1
109415 119601 1
110557 51514 1
110557 69343 1
110557 70073 1
110557 70501 1
110557 75123 1
110557 87571 1
110557 87679 1
110557 87684 1
110557 103069 1
110557 105474 1
110557 105569 1
110557 106105 1
110557 107401 1
110557 114223 1
110558 64730 1
110558 67108 2
110558 68492 1
110558 70073 3
110558 70482 2
110558 72205 1
110558 73754 3
110558 77236 1
110558 81514 1
110558 83161 1
110558 88532 1
110558 91392 1
110558 101835 1
110558 106105 1
110558 107400 1
110558 109415 1
110558 114494 1
110558 115905 1
110558 118650 1
112727 54773 1
112727 62089 1
112727 67838 1
112727 67839 1
112727 67840 2
112727 67841 1
112727 67842 1
112727 67843 1
112727 93503 1
112727 103069 2
112727 105474 12
112727 106105 1
112727 107400 1
112727 108960 1
112727 114432 1
114223 51514 2
114223 57340 1
114223 62089 1
114223 69343 1
114223 70073 1
114223 70501 1
114223 75123 1
114223 86275 1
114223 87571 1
114223 87679 1
114223 87684 1
114223 89188 1
114223 92748 1
114223 96906 2
114223 101675 1
114223 105569 1
114223 106105 1
114223 107401 1
114223 110557 1
114223 112465 1
114490 38377 2
114490 64730 1
114490 67108 1
114490 70522 1
114490 70848 1
114490 71706 1
114490 72203 4
114490 72205 1
114490 83161 2
114490 84882 1
114490 85935 1
114490 85978 1
114490 87293 1
114490 87469 1
114490 87476 1
114490 91392 1
114490 91692 1
114490 96935 1
114490 98396 1
114490 101298 1
114490 104328 1
114490 104453 1
114490 106105 1
114490 107121 1
114490 107875 1
114490 109075 1
114490 112545 1
114490 114488 1
114490 114489 1
114490 114494 6
114490 114668 1
114490 115662 1
114490 115905 2
114490 115906 1
114490 117027 1
114490 117457 1
114490 117631 1
114494 38377 3
114494 47649 2
114494 55876 1
114494 64730 2
114494 67108 1
114494 70522 1
114494 72203 3
114494 72205 2
114494 83161 3
114494 84882 1
114494 85935 1
114494 87469 1
114494 87476 1
114494 87919 3
114494 89178 1
114494 96935 1
114494 98396 1
114494 106105 1
114494 107592 1
114494 110534 1
114494 110558 1
114494 112545 1
114494 114488 1
114494 114490 6
114494 114668 1
114494 115662 1
114494 115905 4
114494 117027 1
114494 117055 1
114494 117457 1
114494 118190 1
115905 38377 2
115905 47649 1
115905 64730 1
115905 70073 2
115905 70522 1
115905 70848 1
115905 72203 1
115905 83161 4
115905 84882 1
115905 87469 2
115905 87476 3
115905 87919 1
115905 94115 1
115905 96935 1
115905 98342 1
115905 98396 1
115905 106105 1
115905 110534 1
115905 110558 1
115905 113992 1
115905 114490 2
115905 114494 4
115905 114668 1
115905 115662 2
115905 117055 1
115906 64730 2
115906 70073 1
115906 70848 1
115906 73754 1
115906 81570 1
115906 84882 1
115906 85935 1
115906 85978 1
115906 87293 1
115906 91692 1
115906 93948 1
115906 101298 1
115906 104328 1
115906 104453 1
115906 106105 1
115906 107121 1
115906 107592 3
115906 107875 1
115906 109075 1
115906 112545 1
115906 114488 1
115906 114489 1
115906 114490 1
115906 115662 1
115906 117027 1
115906 117055 2
115906 117631 1
115906 118137 1
115906 118476 1
115906 121547 1
115906 123386 1
117055 47649 2
117055 64730 1
117055 70073 1
117055 72203 1
117055 73754 1
117055 81570 1
117055 87476 1
117055 87919 2
117055 93948 1
117055 106105 1
117055 107592 1
117055 110534 1
117055 114494 1
117055 115662 1
117055 115905 1
117055 115906 2
117055 117457 1
117055 118476 1
117055 121547 1
118650 68492 1
118650 70073 1
118650 70482 1
118650 73754 1
118650 77236 1
118650 88532 1
118650 91392 1
118650 101835 1
118650 106105 1
118650 106115 1
118650 109415 1
118650 110558 1
118650 112807 1
36662 56441 1
36662 81316 2
36662 92960 1
36662 107121 1
45667 51126 1
45667 77595 1
45667 107121 1
55474 104133 1
55474 106898 1
55474 107121 1
55474 118049 1
55474 124111 1
55474 124536 1
56441 36662 1
56441 81316 1
56441 92960 1
56441 101675 1
56441 107121 1
56441 125819 1
59212 50589 1
59212 90762 1
59212 98036 1
59212 107121 1
62129 89170 2
62129 107121 1
64784 76280 1
64784 76357 1
64784 80499 1
64784 107121 1
64784 107146 1
64784 123321 1
67802 75123 1
67802 89136 1
67802 95380 1
67802 106891 1
67802 107121 1
67802 108058 1
67802 112807 1
67802 116778 1
67802 118530 1
67802 124903 1
68986 79193 1
68986 87681 1
68986 91148 1
68986 105043 1
68986 107121 1
69372 72361 1
69372 83944 2
69372 86242 1
69372 89136 1
69372 96760 1
69372 97262 1
69372 99329 1
69372 101519 1
69372 104453 1
69372 105043 1
69372 106734 1
69372 107121 1
69372 107875 1
69372 114432 1
69372 118652 1
70848 58322 1
70848 72203 1
70848 85935 1
70848 85978 1
70848 87293 1
70848 90694 1
70848 91692 1
70848 101298 1
70848 104133 1
70848 104328 1
70848 104453 1
70848 107121 1
70848 107875 1
70848 109075 2
70848 110534 1
70848 110844 1
70848 112545 1
70848 114488 1
70848 114489 1
70848 114490 1
70848 115180 1
70848 115662 1
70848 115905 1
70848 115906 1
70848 117027 1
70848 117631 1
70848 118768 1
70914 75212 1
70914 87464 1
70914 106024 1
70914 107121 1
72361 69372 1
72361 86242 1
72361 89136 1
72361 96760 1
72361 101519 1
72361 106734 1
72361 107121 1
72361 114432 1
72361 118652 1
74110 78077 1
74110 102251 1
74110 107121 1
74123 107121 1
76280 64784 1
76280 76357 3
76280 80499 4
76280 107121 1
76280 107146 1
76280 121576 1
76280 123321 1
76357 61347 1
76357 64784 1
76357 76280 3
76357 76625 1
76357 77825 2
76357 80499 2
76357 107121 1
76357 107146 1
76357 123321 2
79193 55526 1
79193 57340 1
79193 68986 1
79193 86238 1
79193 87681 1
79193 89172 1
79193 91148 1
79193 95997 1
79193 105043 1
79193 107110 1
79193 107121 1
80078 96236 1
80078 107121 1
80499 64784 1
80499 76280 4
80499 76357 2
80499 78781 1
80499 80504 1
80499 107121 1
80499 107146 1
80499 123321 2
81316 36662 2
81316 56441 1
81316 92960 1
81316 107121 1
81316 110844 1
85935 70848 1
85935 83161 1
85935 85978 1
85935 87293 1
85935 91692 1
85935 101298 1
85935 104328 1
85935 104453 1
85935 107121 1
85935 107875 1
85935 109075 1
85935 110534 1
85935 112545 1
85935 114488 2
85935 114489 1
85935 114490 1
85935 114494 1
85935 115662 1
85935 115906 1
85935 117027 1
85935 117631 1
85978 54773 1
85978 70848 1
85978 80220 1
85978 85935 1
85978 86242 1
85978 87293 1
85978 87571 1
85978 91692 1
85978 101298 1
85978 104328 1
85978 104453 1
85978 105497 1
85978 107121 1
85978 107875 1
85978 109075 1
85978 112545 1
85978 114488 1
85978 114489 1
85978 114490 1
85978 114526 1
85978 115662 1
85978 115906 1
85978 117027 1
85978 117631 1
85978 118961 1
86216 86275 1
86216 95997 1
86216 107121 1
86216 116778 1
86216 119781 1
86238 79193 1
86238 107121 1
86238 114944 1
86238 118192 2
86242 69372 1
86242 72361 1
86242 75091 1
86242 81331 1
86242 81514 1
86242 85978 1
86242 89136 1
86242 96760 1
86242 101064 1
86242 101519 1
86242 106734 1
86242 107121 1
86242 114432 1
86242 115766 1
86242 118652 1
86242 125418 1
87293 70848 1
87293 85935 1
87293 85978 1
87293 91692 1
87293 101298 1
87293 104328 1
87293 104453 1
87293 107121 1
87293 107875 2
87293 109075 1
87293 112545 1
87293 114488 1
87293 114489 1
87293 114490 1
87293 115662 1
87293 115906 1
87293 117027 1
87293 117631 1
87681 68986 1
87681 79193 1
87681 91148 1
87681 105043 1
87681 107121 1
89136 67802 1
89136 69372 1
89136 72361 1
89136 75123 1
89136 86242 1
89136 87679 1
89136 96760 1
89136 101519 1
89136 106734 1
89136 107121 1
89136 114432 1
89136 118652 1
89170 62129 2
89170 91431 1
89170 107121 1
89170 114842 1
90331 86275 1
90331 92748 1
90331 99593 1
90331 103651 1
90331 107121 1
90331 111420 1
90331 112465 1
90331 118001 1
90331 118961 1
90331 124060 1
90331 125418 2
90762 59212 1
90762 84052 1
90762 98036 1
90762 107121 1
90762 115943 1
91148 68986 1
91148 75164 1
91148 79193 1
91148 87681 1
91148 105043 1
91148 107121 1
91692 70848 1
91692 85935 1
91692 85978 1
91692 87293 1
91692 87684 1
91692 101298 1
91692 104328 1
91692 104453 1
91692 106902 1
91692 107121 1
91692 107875 1
91692 109075 1
91692 112545 1
91692 114488 1
91692 114489 1
91692 114490 1
91692 114993 1
91692 115662 1
91692 115906 1
91692 117027 1
91692 117631 1
91692 125418 1
92036 107121 1
92036 127102 1
92200 107121 1
92748 52871 1
92748 80654 1
92748 86275 1
92748 90331 1
92748 99593 1
92748 101675 1
92748 107121 1
92748 111420 1
92748 112465 2
92748 114223 1
92748 118001 1
92748 118961 1
92748 124060 1
92748 125418 1
92960 36662 1
92960 56441 1
92960 77595 1
92960 81316 1
92960 83602 1
92960 107121 1
95997 79193 1
95997 86216 1
95997 107121 1
95997 119781 1
96760 68514 1
96760 69372 1
96760 72361 1
96760 86242 1
96760 89136 1
96760 89470 1
96760 101519 1
96760 104935 1
96760 106734 1
96760 107121 1
96760 111420 1
96760 114432 1
96760 118652 1
96904 107121 1
96904 117448 1
98036 59212 1
98036 90762 1
98036 107121 1
99593 90331 1
99593 92748 1
99593 107121 1
99593 111420 1
99593 112465 1
99593 118001 1
99593 118961 1
99593 124060 1
99593 125418 1
101298 70848 1
101298 75652 1
101298 85935 1
101298 85978 1
101298 87293 1
101298 91692 1
101298 93503 1
101298 104328 1
101298 104453 1
101298 107121 1
101298 107602 1
101298 107875 1
101298 109075 1
101298 112545 1
101298 114488 1
101298 114489 1
101298 114490 1
101298 115662 1
101298 115906 1
101298 117027 1
101298 117631 2
101675 12210 1
101675 56441 1
101675 77236 1
101675 86275 1
101675 92748 1
101675 107121 2
101675 107602 1
101675 110261 1
101675 111117 1
101675 112465 1
101675 114223 1
101675 116470 1
101675 117231 1
101675 117448 1
101675 117454 1
101675 125726 1
102251 74110 1
102251 79531 1
102251 107121 1
102638 104794 1
102638 107121 1
102638 107602 1
102638 109841 1
102638 113639 1
104133 55474 1
104133 70848 1
104133 103069 1
104133 106898 1
104133 107121 1
104133 109075 1
104328 70848 1
104328 85935 1
104328 85978 1
104328 87293 1
104328 91692 1
104328 101298 1
104328 104453 1
104328 107121 1
104328 107875 1
104328 109075 1
104328 112545 1
104328 114488 1
104328 114489 2
104328 114490 1
104328 115662 1
104328 115906 1
104328 117027 1
104328 117631 1
104328 123670 1
104453 23504 1
104453 39331 1
104453 69372 1
104453 70848 1
104453 80851 1
104453 85935 1
104453 85978 1
104453 87293 1
104453 91692 1
104453 101298 1
104453 104328 1
104453 107121 1
104453 107875 1
104453 109075 1
104453 110415 1
104453 112545 1
104453 114488 1
104453 114489 1
104453 114490 1
104453 115662 1
104453 115906 1
104453 117027 1
104453 117631 1
104794 102638 1
104794 107121 1
104794 109841 1
105043 68986 1
105043 69372 1
105043 79193 1
105043 87681 1
105043 91148 1
105043 107121 1
105166 93796 1
105166 107121 1
105166 119668 1
106734 69372 1
106734 72361 1
106734 86242 1
106734 89136 1
106734 96760 1
106734 101519 1
106734 107121 1
106734 114432 1
106734 118652 1
106891 67802 1
106891 107121 1
106891 108058 1
106891 112807 1
106891 116778 1
106891 118530 1
106891 124903 1
106898 55474 1
106898 104133 1
106898 107121 1
107146 64784 1
107146 76280 1
107146 76357 1
107146 80499 1
107146 80654 1
107146 80655 1
107146 85072 1
107146 87814 1
107146 92259 1
107146 106025 1
107146 107121 1
107146 123321 1
107602 101298 1
107602 101675 1
107602 102638 1
107602 105683 1
107602 107121 1
107602 116470 1
107875 69372 1
107875 70848 1
107875 85935 1
107875 85978 1
107875 87293 2
107875 91692 1
107875 101298 1
107875 104328 1
107875 104453 1
107875 107121 1
107875 109075 1
107875 112545 1
107875 114488 1
107875 114489 1
107875 114490 1
107875 115662 1
107875 115906 1
107875 117027 1
107875 117405 1
107875 117631 1
108058 67802 1
108058 106891 1
108058 107121 1
108058 112807 1
108058 116778 2
108058 118530 1
108058 124903 2
109075 70848 2
109075 85935 1
109075 85978 1
109075 87293 1
109075 91692 1
109075 101298 1
109075 103069 1
109075 104133 1
109075 104328 1
109075 104453 1
109075 107121 1
109075 107875 1
109075 112545 1
109075 114488 1
109075 114489 1
109075 114490 1
109075 115662 1
109075 115906 1
109075 117027 1
109075 117448 1
109075 117631 1
109287 107121 1
109287 109288 7
109288 107121 1
109288 109287 7
109841 102638 1
109841 104794 1
109841 107121 1
111117 96906 1
111117 101675 1
111117 107121 1
111117 110261 1
111117 110570 1
111117 117231 1
111420 81318 1
111420 90331 1
111420 92748 1
111420 96760 1
111420 99593 1
111420 107121 1
111420 112465 1
111420 118001 1
111420 118961 2
111420 124060 1
111420 125418 1
112465 55876 1
112465 86275 1
112465 90331 1
112465 92257 1
112465 92748 2
112465 99593 1
112465 101675 1
112465 107121 1
112465 111420 1
112465 114223 1
112465 118001 1
112465 118961 1
112465 124060 1
112465 125418 1
112545 70848 1
112545 85935 1
112545 85978 1
112545 87293 1
112545 91692 1
112545 101298 1
112545 104328 1
112545 104453 1
112545 107121 1
112545 107875 1
112545 109075 1
112545 114488 1
112545 114489 1
112545 114490 1
112545 114494 1
112545 115662 1
112545 115906 1
112545 117027 2
112545 117631 1
112545 122800 1
112807 67802 1
112807 100193 1
112807 106891 1
112807 107121 1
112807 108058 1
112807 116778 1
112807 118530 1
112807 118650 1
112807 124903 2
113639 93948 1
113639 102638 1
113639 107121 1
114432 69372 1
114432 72361 1
114432 86242 1
114432 89136 1
114432 96760 1
114432 101519 1
114432 106734 1
114432 107121 1
114432 112727 1
114432 114437 1
114432 118652 1
114432 120392 1
114488 70848 1
114488 81758 1
114488 83161 1
114488 85935 2
114488 85978 1
114488 87293 1
114488 91692 1
114488 101298 1
114488 104328 1
114488 104453 1
114488 107121 1
114488 107875 1
114488 109075 1
114488 112545 1
114488 114489 1
114488 114490 1
114488 114494 1
114488 115662 1
114488 115906 1
114488 117027 1
114488 117631 1
114489 70848 1
114489 85935 1
114489 85978 1
114489 87293 1
114489 91692 1
114489 101298 1
114489 104328 2
114489 104453 1
114489 107121 1
114489 107875 1
114489 109075 1
114489 112545 1
114489 114488 1
114489 114490 1
114489 115662 1
114489 115906 1
114489 117027 1
114489 117631 1
114489 117743 1
114489 122800 1
114944 86238 1
114944 107121 1
115662 47649 1
115662 70848 1
115662 85935 1
115662 85978 1
115662 87293 1
115662 91692 1
115662 96906 1
115662 101298 1
115662 104328 1
115662 104453 1
115662 107121 1
115662 107875 1
115662 109075 1
115662 112545 1
115662 114488 1
115662 114489 1
115662 114490 1
115662 114494 1
115662 115905 2
115662 115906 1
115662 117027 1
115662 117055 1
115662 117457 1
115662 117631 1
116470 101675 1
116470 107121 1
116470 107602 1
116778 67802 1
116778 80030 1
116778 86216 1
116778 86266 1
116778 106891 1
116778 107121 3
116778 108058 2
116778 112807 1
116778 118530 1
116778 124903 1
117027 70848 1
117027 85935 1
117027 85978 1
117027 87293 1
117027 91692 1
117027 101298 1
117027 104328 1
117027 104453 1
117027 107121 1
117027 107875 1
117027 109075 1
117027 112545 2
117027 114488 1
117027 114489 1
117027 114490 1
117027 114494 1
117027 115662 1
117027 115906 1
117027 117631 1
117231 101675 1
117231 107121 1
117231 111117 1
117448 96904 1
117448 101675 1
117448 107121 1
117448 109075 1
117448 117454 1
117448 117457 1
117448 117631 1
117448 118137 1
117631 38377 1
117631 70848 1
117631 85935 1
117631 85978 1
117631 87293 1
117631 91692 1
117631 96061 1
117631 101298 2
117631 104328 1
117631 104453 1
117631 107121 1
117631 107875 1
117631 109075 1
117631 112545 1
117631 114488 1
117631 114489 1
117631 114490 1
117631 115662 1
117631 115906 1
117631 117027 1
117631 117448 1
117853 18657 1
117853 107121 1
117925 107121 1
118001 90331 1
118001 92748 1
118001 99593 1
118001 107121 1
118001 111420 1
118001 112465 1
118001 118961 1
118001 124060 1
118001 125418 1
118137 107121 1
118137 115906 1
118137 117448 1
118530 67802 1
118530 106891 1
118530 107121 1
118530 108058 1
118530 112807 1
118530 116778 1
118530 124903 1
118635 107121 1
118652 69372 1
118652 72361 1
118652 86242 1
118652 87597 1
118652 89136 1
118652 96760 1
118652 101519 1
118652 106734 1
118652 107121 1
118652 114432 1
118961 85978 1
118961 87597 1
118961 90331 1
118961 92748 1
118961 99593 1
118961 100871 1
118961 107121 1
118961 111420 2
118961 112465 1
118961 118001 1
118961 124060 1
118961 125418 1
119781 86216 1
119781 95997 1
119781 107121 1
123321 64784 1
123321 76280 1
123321 76357 2
123321 77825 1
123321 79294 1
123321 80499 2
123321 107121 1
123321 107146 1
123832 107121 1
124060 90331 1
124060 92748 1
124060 99593 1
124060 107121 1
124060 111420 1
124060 112465 1
124060 118001 1
124060 118961 1
124060 125418 1
124903 67802 1
124903 87571 1
124903 96909 1
124903 106891 1
124903 107121 1
124903 108058 2
124903 112807 2
124903 116778 1
124903 118530 1
124903 123627 1
124903 123628 1
125418 86242 1
125418 90331 2
125418 91692 1
125418 92748 1
125418 96909 1
125418 99593 1
125418 101519 2
125418 107121 1
125418 111420 1
125418 112465 1
125418 118001 1
125418 118961 1
125418 121776 1
125418 124060 1
42406 109455 1
42406 110608 2
42406 112904 1
109455 42406 1
109455 110608 1
109455 112904 1
110608 42406 2
110608 109455 1
110608 112904 1
57086 75242 1
57086 80654 1
57086 80655 1
57086 84530 1
57086 86671 1
57086 87570 1
57086 89855 1
57086 89900 1
57086 94130 1
57086 94323 1
57086 98396 1
57086 99587 1
57086 100226 1
57086 103850 1
57086 111854 1
57086 113910 1
57086 114328 1
57086 115339 1
57086 115991 1
57086 117556 1
57086 118214 2
57086 118798 1
75212 70914 1
75212 77658 1
75212 88794 1
75212 91923 1
75212 97958 2
75212 100126 1
75212 104935 1
75212 106470 1
75212 113910 1
75212 117414 1
75242 57086 1
75242 80654 1
75242 80655 1
75242 86671 1
75242 87570 1
75242 89855 1
75242 89900 1
75242 94130 1
75242 94323 1
75242 111854 1
75242 113910 1
75242 115339 1
75242 115991 1
75242 117556 1
75242 118214 1
75242 118798 1
77658 75212 1
77658 88794 1
77658 91923 1
77658 97958 1
77658 100126 1
77658 104935 1
77658 106470 1
77658 113910 1
77658 117414 1
80654 57086 1
80654 75242 1
80654 80655 3
80654 85072 2
80654 86671 1
80654 87570 1
80654 89855 1
80654 89900 1
80654 92748 1
80654 94130 1
80654 94323 1
80654 107146 1
80654 111854 1
80654 113910 1
80654 115339 1
80654 115991 1
80654 117556 1
80654 118214 1
80654 118798 1
80655 57086 1
80655 75242 1
80655 80654 3
80655 85072 2
80655 86671 1
80655 87570 1
80655 89855 1
80655 89900 1
80655 94130 1
80655 94323 1
80655 107146 1
80655 111854 1
80655 113910 1
80655 115339 1
80655 115991 1
80655 117556 1
80655 118214 1
80655 118798 1
80851 104453 1
80851 111297 1
80851 113909 1
80851 113910 1
80851 114918 1
80851 116089 1
86671 57086 1
86671 75242 1
86671 80654 1
86671 80655 1
86671 87570 3
86671 89855 1
86671 89900 1
86671 94130 1
86671 94323 1
86671 111854 2
86671 113910 1
86671 115339 1
86671 115991 1
86671 117556 1
86671 118214 1
86671 118798 1
87570 57086 1
87570 75242 1
87570 80654 1
87570 80655 1
87570 86671 3
87570 89855 1
87570 89900 1
87570 91080 1
87570 94130 1
87570 94323 1
87570 111854 1
87570 113910 1
87570 115339 1
87570 115991 1
87570 117556 1
87570 118214 1
87570 118798 1
88794 71901 1
88794 75212 1
88794 77658 1
88794 91923 2
88794 97958 1
88794 100126 1
88794 104935 2
88794 106470 1
88794 110850 1
88794 113910 1
88794 117414 1
89728 92655 1
89728 110237 1
89728 113910 1
89728 113988 1
89728 115490 1
89728 117004 1
89728 117466 1
89728 119190 1
89855 57086 1
89855 75242 1
89855 80654 1
89855 80655 1
89855 86671 1
89855 87570 1
89855 89900 1
89855 94130 1
89855 94323 1
89855 111854 1
89855 113910 1
89855 115339 2
89855 115991 1
89855 117556 1
89855 118214 1
89855 118798 2
89900 57086 1
89900 75242 1
89900 80654 1
89900 80655 1
89900 86671 1
89900 87570 1
89900 89855 1
89900 94130 1
89900 94323 1
89900 111854 1
89900 113910 1
89900 115339 2
89900 115991 2
89900 117556 1
89900 118214 3
89900 118798 1
91923 75212 1
91923 77658 1
91923 88794 2
91923 97958 1
91923 100126 1
91923 104935 1
91923 106470 1
91923 113910 1
91923 117414 1
92655 89728 1
92655 110237 1
92655 113910 1
92655 113988 1
92655 115490 1
92655 117004 1
92655 117466 1
92655 119190 1
94130 57086 1
94130 75242 1
94130 80654 1
94130 80655 1
94130 86671 1
94130 87570 1
94130 89855 1
94130 89900 1
94130 94323 1
94130 111854 1
94130 113910 1
94130 115339 1
94130 115991 1
94130 117556 1
94130 118214 1
94130 118798 1
94323 57086 1
94323 75242 1
94323 80654 1
94323 80655 1
94323 86671 1
94323 87570 1
94323 89855 1
94323 89900 1
94323 94130 1
94323 111854 1
94323 113910 1
94323 115339 1
94323 115991 1
94323 117556 1
94323 118214 1
94323 118798 1
97958 75212 2
97958 77658 1
97958 88794 1
97958 91923 1
97958 100126 2
97958 104935 1
97958 106470 1
97958 113910 1
97958 114025 1
97958 117414 1
100126 62089 1
100126 75212 1
100126 77658 1
100126 88794 1
100126 91923 1
100126 97958 2
100126 104935 1
100126 106470 1
100126 113910 1
100126 117414 1
104310 113910 1
104935 75164 1
104935 75212 1
104935 77658 1
104935 84530 1
104935 88794 2
104935 91923 1
104935 92259 1
104935 96760 1
104935 97958 1
104935 99329 1
104935 100126 1
104935 106470 1
104935 110237 1
104935 112981 1
104935 113910 1
104935 117414 1
104935 126243 1
106470 75164 1
106470 75212 1
106470 77658 1
106470 88794 1
106470 91923 1
106470 97958 1
106470 100126 1
106470 104935 1
106470 113910 1
106470 117414 1
110237 89728 1
110237 92655 1
110237 104935 1
110237 113910 1
110237 113988 1
110237 115490 1
110237 117004 1
110237 117466 1
110237 119190 1
111297 80851 1
111297 106024 1
111297 113909 1
111297 113910 1
111297 114918 1
111297 116089 1
111854 57086 1
111854 75242 1
111854 80178 1
111854 80654 1
111854 80655 1
111854 86671 2
111854 87570 1
111854 89855 1
111854 89900 1
111854 94130 1
111854 94323 1
111854 113910 1
111854 115339 1
111854 115991 1
111854 117556 1
111854 118214 1
111854 118798 1
113909 80851 1
113909 111297 1
113909 113910 1
113909 114918 1
113909 116089 1
113988 89728 1
113988 92655 1
113988 110237 1
113988 113910 1
113988 115490 1
113988 117004 1
113988 117466 1
113988 119190 1
114918 80851 1
114918 111297 1
114918 113909 1
114918 113910 1
114918 116089 1
115339 57086 1
115339 75242 1
115339 80654 1
115339 80655 1
115339 86671 1
115339 87570 1
115339 89855 2
115339 89900 2
115339 94130 1
115339 94323 1
115339 111854 1
115339 113910 1
115339 115991 1
115339 117556 1
115339 118214 2
115339 118798 3
115490 89728 1
115490 92655 1
115490 110237 1
115490 113910 1
115490 113988 1
115490 117004 2
115490 117466 1
115490 119190 1
115991 57086 1
115991 75242 1
115991 80654 1
115991 80655 1
115991 86671 1
115991 87570 1
115991 89855 1
115991 89900 2
115991 94130 1
115991 94323 1
115991 111854 1
115991 113910 1
115991 115339 1
115991 117556 1
115991 118214 1
115991 118798 1
116089 80851 1
116089 111297 1
116089 113909 1
116089 113910 1
116089 114918 1
117004 89728 1
117004 92655 1
117004 97262 1
117004 110237 1
117004 113910 1
117004 113988 1
117004 115490 2
117004 117466 1
117004 119190 1
117414 75212 1
117414 77658 1
117414 88794 1
117414 91811 1
117414 91923 1
117414 97958 1
117414 100126 1
117414 104935 1
117414 106470 1
117414 113910 1
117466 89728 1
117466 92655 1
117466 110237 1
117466 113910 1
117466 113988 1
117466 115490 1
117466 117004 1
117466 119190 1
117556 57086 1
117556 75242 1
117556 80654 1
117556 80655 1
117556 86671 1
117556 87570 1
117556 89855 1
117556 89900 1
117556 94130 1
117556 94323 1
117556 111854 1
117556 113910 1
117556 115339 1
117556 115991 1
117556 118214 1
117556 118798 1
118214 57086 2
118214 75164 1
118214 75242 1
118214 80654 1
118214 80655 1
118214 86671 1
118214 87570 1
118214 89855 1
118214 89900 3
118214 94130 1
118214 94323 1
118214 103850 1
118214 111854 1
118214 113910 1
118214 115339 2
118214 115991 1
118214 117556 1
118214 118798 1
118798 57086 1
118798 75242 1
118798 80654 1
118798 80655 1
118798 86671 1
118798 87570 1
118798 89855 2
118798 89900 1
118798 94130 1
118798 94323 1
118798 107400 1
118798 111854 1
118798 113910 1
118798 114046 1
118798 115339 3
118798 115991 1
118798 117556 1
118798 118214 1
119190 89728 1
119190 92655 1
119190 110237 1
119190 113910 1
119190 113988 1
119190 115490 1
119190 117004 1
119190 117466 1
119190 118192 1
119190 119189 1
63478 87153 1
63478 94110 1
63478 104054 1
63478 104055 1
63478 104058 1
63478 104059 1
63478 104060 1
63478 104062 1
63478 114024 1
63478 114025 1
69994 81875 2
69994 84530 2
69994 87814 1
69994 91378 4
69994 91811 3
69994 100871 1
69994 105244 1
69994 106024 5
69994 106025 2
69994 111433 1
69994 114024 1
69994 114499 1
69994 114531 1
71901 72225 1
71901 81318 1
71901 83657 1
71901 85072 1
71901 87464 1
71901 88794 1
71901 88796 1
71901 91080 1
71901 92259 1
71901 93511 1
71901 100066 1
71901 103210 1
71901 103850 1
71901 106023 1
71901 106024 1
71901 106025 1
71901 110850 1
71901 114024 1
71901 114530 1
71901 115216 1
71901 116853 1
72225 71901 1
72225 81318 1
72225 83657 2
72225 85072 1
72225 87464 1
72225 88796 1
72225 91080 1
72225 92259 1
72225 93511 1
72225 100066 1
72225 103210 1
72225 103850 1
72225 106023 1
72225 106024 1
72225 106025 1
72225 110850 1
72225 114024 1
72225 115216 1
72225 116853 1
79821 81875 2
79821 114024 1
79821 114530 1
79821 114531 2
81318 71901 1
81318 72225 1
81318 83657 1
81318 85072 1
81318 87464 1
81318 88796 1
81318 91080 1
81318 92259 1
81318 93511 1
81318 100066 1
81318 103210 1
81318 103850 1
81318 106023 1
81318 106024 1
81318 106025 1
81318 110850 1
81318 111420 1
81318 114024 1
81318 115216 1
81318 116853 1
81875 69994 2
81875 79821 2
81875 87814 1
81875 106025 1
81875 114024 1
81875 114530 1
81875 114531 3
83657 71901 1
83657 72225 2
83657 81318 1
83657 85072 1
83657 87464 1
83657 88796 1
83657 91080 1
83657 92259 1
83657 93511 1
83657 100066 1
83657 103210 1
83657 103850 1
83657 106023 1
83657 106024 1
83657 106025 1
83657 110850 1
83657 114024 1
83657 114530 1
83657 115216 1
83657 116853 1
84530 57086 1
84530 69994 2
84530 77236 1
84530 87814 1
84530 91378 1
84530 91811 1
84530 100871 1
84530 104935 1
84530 105244 1
84530 106024 2
84530 111433 1
84530 114024 1
84530 114499 1
84530 114531 1
85072 71901 1
85072 72225 1
85072 80654 2
85072 80655 2
85072 81318 1
85072 83657 1
85072 87464 2
85072 88796 1
85072 91080 1
85072 92259 1
85072 93511 1
85072 100066 1
85072 103210 1
85072 103850 1
85072 106023 1
85072 106024 2
85072 106025 1
85072 107146 1
85072 110850 1
85072 114024 1
85072 115216 1
85072 116853 1
87153 63478 1
87153 94110 2
87153 104054 5
87153 104055 2
87153 104058 2
87153 104059 1
87153 104060 3
87153 104062 2
87153 114024 1
87153 114025 2
87153 119811 1
87464 70914 1
87464 71901 1
87464 72225 1
87464 81318 1
87464 83657 1
87464 85072 2
87464 88796 1
87464 91080 1
87464 92259 1
87464 93511 1
87464 100066 1
87464 103210 1
87464 103850 1
87464 106023 1
87464 106024 1
87464 106025 1
87464 110850 1
87464 114024 1
87464 115216 1
87464 116853 1
87814 69994 1
87814 81875 1
87814 84530 1
87814 91378 2
87814 91811 1
87814 92259 1
87814 100871 1
87814 105244 2
87814 106024 1
87814 106025 3
87814 107146 1
87814 111433 1
87814 114024 1
87814 114499 1
88796 71901 1
88796 72225 1
88796 81318 1
88796 83657 1
88796 85072 1
88796 87464 1
88796 91080 1
88796 92259 1
88796 93511 1
88796 100066 1
88796 103210 1
88796 103850 1
88796 106023 1
88796 106024 1
88796 106025 1
88796 110850 1
88796 114024 1
88796 115216 1
88796 116853 1
91080 71901 1
91080 72225 1
91080 81318 1
91080 83657 1
91080 85072 1
91080 87464 1
91080 87570 1
91080 88796 1
91080 92259 1
91080 93511 1
91080 100066 1
91080 103210 1
91080 103850 1
91080 106023 1
91080 106024 1
91080 106025 2
91080 110850 1
91080 114024 1
91080 115216 1
91080 116853 1
91378 69994 4
91378 84530 1
91378 87814 2
91378 91811 2
91378 100871 1
91378 105244 2
91378 106024 4
91378 111433 1
91378 114024 1
91378 114499 1
91811 69994 3
91811 84530 1
91811 87814 1
91811 91378 2
91811 93503 1
91811 100871 1
91811 105244 1
91811 106024 3
91811 111433 1
91811 114024 1
91811 114499 1
91811 117414 1
92259 71901 1
92259 72225 1
92259 81318 1
92259 83657 1
92259 85072 1
92259 87464 1
92259 87814 1
92259 88796 1
92259 91080 1
92259 93511 1
92259 100066 1
92259 103210 1
92259 103850 1
92259 104935 1
92259 106023 1
92259 106024 1
92259 106025 2
92259 107146 1
92259 110850 1
92259 114024 1
92259 115216 1
92259 116853 1
93511 71901 1
93511 72225 1
93511 81318 1
93511 83657 1
93511 85072 1
93511 87464 1
93511 88796 1
93511 91080 1
93511 92259 1
93511 100066 1
93511 103210 1
93511 103850 1
93511 106023 1
93511 106024 1
93511 106025 1
93511 110850 1
93511 114024 1
93511 114517 1
93511 115216 1
93511 116853 1
94110 63478 1
94110 87153 2
94110 104054 3
94110 104055 2
94110 104058 4
94110 104059 1
94110 104060 2
94110 104062 1
94110 114024 1
94110 114025 2
94110 115652 2
94110 119811 1
100066 71901 1
100066 72225 1
100066 81318 1
100066 83657 1
100066 85072 1
100066 87464 1
100066 88796 1
100066 91080 1
100066 92259 1
100066 93511 1
100066 103210 1
100066 103850 1
100066 106023 1
100066 106024 1
100066 106025 1
100066 110850 1
100066 114024 1
100066 115216 1
100066 116853 1
100871 69994 1
100871 84530 1
100871 87814 1
100871 91378 1
100871 91811 1
100871 105244 1
100871 111433 1
100871 114024 1
100871 114499 1
100871 118961 1
103210 71901 1
103210 72225 1
103210 81318 1
103210 83657 1
103210 85072 1
103210 87464 1
103210 88796 1
103210 91080 1
103210 92259 1
103210 93511 1
103210 100066 1
103210 103850 1
103210 106023 1
103210 106024 1
103210 106025 1
103210 110850 1
103210 114024 1
103210 115216 1
103210 116853 1
103850 57086 1
103850 71901 1
103850 72225 1
103850 81318 1
103850 83657 1
103850 85072 1
103850 87464 1
103850 88796 1
103850 91080 1
103850 92259 1
103850 93511 1
103850 100066 1
103850 103210 1
103850 106023 1
103850 106024 1
103850 106025 1
103850 110850 1
103850 114024 1
103850 115216 1
103850 116853 1
103850 118214 1
104054 63478 1
104054 87153 5
104054 94110 3
104054 104055 5
104054 104058 8
104054 104059 2
104054 104060 3
104054 104062 2
104054 114024 1
104054 114025 3
104054 115652 2
104054 119811 1
104055 63478 1
104055 87153 2
104055 94110 2
104055 104054 5
104055 104058 4
104055 104059 3
104055 104060 2
104055 104062 1
104055 114024 1
104055 114025 3
104058 63478 1
104058 87153 2
104058 94110 4
104058 99936 1
104058 104054 8
104058 104055 4
104058 104059 4
104058 104060 2
104058 104062 1
104058 114024 2
104058 114025 2
104058 115652 3
104058 119811 3
104059 63478 1
104059 87153 1
104059 94110 1
104059 104054 2
104059 104055 3
104059 104058 4
104059 104060 1
104059 104062 1
104059 114024 1
104059 114025 1
104059 119811 1
104060 63478 1
104060 87153 3
104060 94110 2
104060 104054 3
104060 104055 2
104060 104058 2
104060 104059 1
104060 104062 1
104060 114024 1
104060 114025 2
104060 119811 1
104062 63478 1
104062 87153 2
104062 94110 1
104062 104054 2
104062 104055 1
104062 104058 1
104062 104059 1
104062 104060 1
104062 114024 1
104062 114025 1
105244 69994 1
105244 84530 1
105244 87814 2
105244 91378 2
105244 91811 1
105244 100871 1
105244 106024 1
105244 111433 1
105244 114024 1
105244 114499 1
106023 71901 1
106023 72225 1
106023 81318 1
106023 83657 1
106023 85072 1
106023 87464 1
106023 88796 1
106023 91080 1
106023 92259 1
106023 93511 1
106023 100066 1
106023 103210 1
106023 103850 1
106023 106024 1
106023 106025 1
106023 110850 1
106023 114024 1
106023 115216 1
106023 116853 1
106024 69994 5
106024 70914 1
106024 71901 1
106024 72225 1
106024 81318 1
106024 83657 1
106024 84530 2
106024 85072 2
106024 87464 1
106024 87814 1
106024 88796 1
106024 91080 1
106024 91378 4
106024 91811 3
106024 92259 1
106024 93511 1
106024 100066 1
106024 103210 1
106024 103850 1
106024 105244 1
106024 106023 1
106024 106025 1
106024 110850 1
106024 111297 1
106024 114024 1
106024 114531 1
106024 115216 1
106024 116853 1
106025 69994 2
106025 71901 1
106025 72225 1
106025 81318 1
106025 81875 1
106025 83657 1
106025 85072 1
106025 87464 1
106025 87814 3
106025 88796 1
106025 91080 2
106025 92259 2
106025 93511 1
106025 100066 1
106025 103210 1
106025 103850 1
106025 106023 1
106025 106024 1
106025 107146 1
106025 110850 1
106025 114024 1
106025 115216 1
106025 116853 1
110850 71901 1
110850 72225 1
110850 81318 1
110850 83657 1
110850 85072 1
110850 87464 1
110850 88794 1
110850 88796 1
110850 91080 1
110850 92259 1
110850 93511 1
110850 100066 1
110850 103210 1
110850 103850 1
110850 106023 1
110850 106024 1
110850 106025 1
110850 114024 1
110850 115216 1
110850 116853 1
111433 69994 1
111433 84530 1
111433 87814 1
111433 91378 1
111433 91811 1
111433 100871 1
111433 105244 1
111433 114024 1
111433 114499 1
114025 63478 1
114025 87153 2
114025 94110 2
114025 97958 1
114025 104054 3
114025 104055 3
114025 104058 2
114025 104059 1
114025 104060 2
114025 104062 1
114025 114024 1
114499 69994 1
114499 84530 1
114499 87814 1
114499 91378 1
114499 91811 1
114499 100871 1
114499 105244 1
114499 111433 1
114499 114024 1
114530 71901 1
114530 79821 1
114530 81875 1
114530 83657 1
114530 114024 1
114530 114531 1
114531 69994 1
114531 79821 2
114531 81875 3
114531 84530 1
114531 106024 1
114531 114024 1
114531 114530 1
115216 71901 1
115216 72225 1
115216 81318 1
115216 83657 1
115216 85072 1
115216 87464 1
115216 88796 1
115216 91080 1
115216 92259 1
115216 93511 1
115216 100066 1
115216 103210 1
115216 103850 1
115216 106023 1
115216 106024 1
115216 106025 1
115216 110850 1
115216 114024 1
115216 116853 1
115216 124286 1
115652 94110 2
115652 104054 2
115652 104058 3
115652 114024 1
115652 119811 2
116853 71901 1
116853 72225 1
116853 81318 1
116853 83657 1
116853 85072 1
116853 87464 1
116853 88796 1
116853 91080 1
116853 92259 1
116853 93511 1
116853 100066 1
116853 103210 1
116853 103850 1
116853 106023 1
116853 106024 1
116853 106025 1
116853 110850 1
116853 114024 1
116853 115216 1
119811 87153 1
119811 94110 1
119811 104054 1
119811 104058 3
119811 104059 1
119811 104060 1
119811 114024 1
119811 115652 2
119811 119812 1
41910 68507 1
41910 75652 1
41910 76903 1
41910 78077 1
41910 83944 1
41910 87008 1
41910 95380 1
41910 118190 1
51431 80222 2
51431 118190 1
55876 72203 1
55876 87571 1
55876 112465 1
55876 114494 1
55876 118190 1
68507 41910 1
68507 75652 1
68507 76903 1
68507 78077 1
68507 83944 1
68507 87008 1
68507 95380 1
68507 118190 1
75652 41910 1
75652 68507 1
75652 76903 1
75652 78077 1
75652 83944 1
75652 87008 1
75652 89470 1
75652 95380 1
75652 101298 1
75652 118190 1
75758 57340 1
75758 96906 2
75758 110261 1
75758 114046 1
75758 114668 1
75758 118190 1
75758 126975 1
76903 41910 1
76903 56801 1
76903 68507 1
76903 75652 1
76903 78077 1
76903 83944 1
76903 87008 1
76903 95380 1
76903 118190 1
78077 41910 1
78077 66599 1
78077 68507 1
78077 74110 1
78077 75652 1
78077 76903 1
78077 77393 1
78077 81514 1
78077 83944 1
78077 87008 1
78077 95380 1
78077 118190 1
80222 51431 2
80222 118190 1
83944 41910 1
83944 68507 1
83944 69372 2
83944 75652 1
83944 76903 1
83944 78077 1
83944 87008 1
83944 95380 1
83944 118190 1
86084 96909 1
86084 118190 1
86275 86216 1
86275 87597 1
86275 90331 1
86275 92748 1
86275 93242 1
86275 95964 1
86275 99587 1
86275 101675 1
86275 107491 1
86275 112465 1
86275 114223 1
86275 118190 1
87008 41910 1
87008 68507 1
87008 75652 1
87008 76903 1
87008 78077 1
87008 83944 1
87008 95380 1
87008 118190 1
89470 75652 1
89470 96760 1
89470 98342 1
89470 98396 1
89470 118190 1
95380 41910 1
95380 44711 1
95380 67802 1
95380 68507 1
95380 75652 1
95380 76903 1
95380 78077 1
95380 83944 1
95380 87008 1
95380 87679 1
95380 118190 1
96906 51514 1
96906 75758 2
96906 90273 1
96906 110844 2
96906 111117 1
96906 114046 2
96906 114223 2
96906 114668 2
96906 115662 1
96906 118190 1
96909 86084 1
96909 105574 1
96909 118190 1
96909 124903 1
96909 125418 1
99587 57086 1
99587 86275 1
99587 87476 1
99587 100226 1
99587 118190 1
103275 118190 1
114046 75758 1
114046 96906 2
114046 114668 2
114046 118190 1
114046 118798 1
114046 125654 1
114668 67840 1
114668 75758 1
114668 87469 1
114668 93503 1
114668 96906 2
114668 105683 1
114668 110844 1
114668 114046 2
114668 114490 1
114668 114494 1
114668 115905 1
114668 118190 1
118192 75123 2
118192 86238 2
118192 99329 1
118192 105683 1
118192 118190 1
118192 119190 1
125787 118190 1
22762 22766 2
22762 22767 2
22762 22769 1
22762 42997 1
22767 11432 1
22767 20120 1
22767 22762 2
22767 22766 1
22767 22769 1
22767 22795 1
22767 42997 1
22767 44495 1
22767 44703 1
22769 22762 1
22769 22766 1
22769 22767 1
22769 42997 1
22769 63293 1
41584 22766 1
41584 31430 1
41584 49577 1
41584 51583 1
42997 22762 1
42997 22766 1
42997 22767 1
42997 22769 1
42997 35592 1
42997 42171 1
49577 22766 1
49577 41584 1
49577 51583 1
51583 22766 1
51583 29443 1
51583 33203 1
51583 38065 1
51583 41584 1
51583 49577 1
10976 17668 1
10976 23132 1
10976 28621 1
10976 32594 1
10976 35347 1
10976 36547 1
10976 42265 1
10976 46695 1
17668 10976 1
17668 28621 1
17668 32594 1
17668 35347 1
17668 36547 1
17668 42265 1
17668 46695 1
28621 10976 1
28621 17668 1
28621 32594 1
28621 35347 1
28621 36547 1
28621 42265 1
28621 46695 1
32594 10976 1
32594 17668 1
32594 23132 1
32594 28621 1
32594 31231 1
32594 32460 1
32594 34694 1
32594 35347 1
32594 36547 1
32594 37253 1
32594 38395 1
32594 39965 1
32594 40090 2
32594 42265 1
32594 44490 1
32594 44492 2
32594 44493 1
32594 44495 1
32594 44878 1
32594 46695 1
36547 10976 1
36547 17668 1
36547 21326 1
36547 22698 1
36547 23836 1
36547 28621 1
36547 32594 1
36547 35347 1
36547 40090 1
36547 42265 1
36547 46695 1
42265 10976 1
42265 17668 1
42265 28621 1
42265 32594 1
42265 35347 1
42265 36547 1
42265 46695 1
44952 35347 1
46695 10976 1
46695 17668 1
46695 28621 1
46695 32594 1
46695 34694 1
46695 35347 1
46695 36547 1
46695 42265 1
46695 44490 1
31533 31532 1
31533 38377 1
31533 101620 1
31533 110534 1
47649 38377 1
47649 64730 3
47649 83161 1
47649 87476 1
47649 87919 1
47649 89178 1
47649 107592 3
47649 114494 2
47649 115662 1
47649 115905 1
47649 117055 2
47649 117457 1
49090 38377 1
49090 50589 1
49090 57324 1
49090 59230 1
49090 62598 1
49090 63754 1
49090 66599 1
49090 77525 1
49090 89172 1
49090 93242 1
49090 95964 1
49090 105574 1
50589 32958 1
50589 38377 1
50589 45526 1
50589 49090 1
50589 57324 1
50589 59212 1
50589 59230 1
50589 62598 1
50589 63754 1
50589 66599 1
50589 77525 1
50589 89172 1
50589 93242 1
50589 95964 1
50589 105574 1
57324 38377 1
57324 49090 1
57324 50589 1
57324 59230 1
57324 62598 1
57324 63754 2
57324 66599 1
57324 77525 1
57324 84052 1
57324 89172 1
57324 93242 1
57324 95964 1
57324 105574 1
59230 27714 1
59230 38377 1
59230 41513 1
59230 49090 1
59230 50589 1
59230 57324 1
59230 62598 1
59230 63754 1
59230 66599 1
59230 77525 1
59230 89172 1
59230 93242 1
59230 95964 1
59230 105574 1
62598 38377 1
62598 49090 1
62598 50589 1
62598 57324 1
62598 59230 1
62598 63754 1
62598 66599 1
62598 77525 1
62598 89172 1
62598 93242 1
62598 95964 1
62598 105574 1
63754 38377 1
63754 49090 1
63754 50589 1
63754 57324 2
63754 59230 1
63754 62598 1
63754 66599 1
63754 77525 1
63754 84052 1
63754 89172 1
63754 93242 1
63754 95964 1
63754 105574 1
64730 38377 1
64730 47649 3
64730 67108 1
64730 70073 1
64730 72205 2
64730 84882 1
64730 87476 1
64730 107592 4
64730 107700 1
64730 110558 1
64730 114490 1
64730 114494 2
64730 115905 1
64730 115906 2
64730 117055 1
64730 117457 2
64730 123386 1
66599 38377 1
66599 49090 1
66599 50589 1
66599 57324 1
66599 59230 1
66599 62598 1
66599 63754 1
66599 77525 1
66599 78077 1
66599 89172 1
66599 93242 1
66599 95964 1
66599 105574 1
69485 38377 1
69485 89188 1
69485 97262 1
69485 99329 1
69485 119386 1
70933 38377 1
70933 77595 1
70933 79531 1
70933 90694 1
70933 101064 1
70933 101609 1
70933 105026 1
70933 105497 1
70933 105683 1
70933 110261 1
70933 110844 1
72205 38377 1
72205 48039 1
72205 60282 1
72205 64730 2
72205 67108 1
72205 71337 1
72205 110558 1
72205 114490 1
72205 114494 2
72205 117457 1
77525 38377 1
77525 49090 1
77525 50589 1
77525 55861 1
77525 57324 1
77525 58306 1
77525 59230 1
77525 62598 1
77525 63754 1
77525 66599 1
77525 80220 1
77525 89172 1
77525 93242 2
77525 95964 1
77525 99653 1
77525 105574 1
79531 38377 1
79531 70933 1
79531 83145 1
79531 90694 1
79531 101064 1
79531 101609 1
79531 102251 1
79531 105026 1
79531 105497 1
79531 105683 2
79531 110261 1
79531 110844 1
87469 38377 1
87469 87476 2
87469 94115 1
87469 98342 1
87469 98396 1
87469 109834 1
87469 114490 1
87469 114494 1
87469 114668 1
87469 115751 1
87469 115905 2
87919 38377 1
87919 47649 1
87919 89178 1
87919 107592 1
87919 110534 1
87919 114494 3
87919 115905 1
87919 117055 2
89172 38377 1
89172 49090 1
89172 50589 1
89172 57324 1
89172 59230 1
89172 62598 1
89172 63754 1
89172 66599 1
89172 77525 1
89172 79193 1
89172 93242 1
89172 95964 1
89172 105574 1
89178 38377 1
89178 47649 1
89178 87919 1
89178 107592 1
89178 114494 1
89188 38377 1
89188 57340 1
89188 69485 1
89188 97262 1
89188 99329 1
89188 114223 1
89188 119386 1
90694 38377 1
90694 70848 1
90694 70933 1
90694 79531 1
90694 101064 1
90694 101609 1
90694 105026 1
90694 105497 1
90694 105683 1
90694 110261 1
90694 110844 3
93242 38377 1
93242 46295 1
93242 49090 1
93242 50589 1
93242 57324 1
93242 59230 1
93242 62598 1
93242 63754 1
93242 66599 1
93242 77525 2
93242 86275 1
93242 89172 1
93242 95964 1
93242 105574 1
94115 38377 1
94115 87469 1
94115 87476 1
94115 98342 1
94115 105574 1
94115 115905 1
95964 38377 1
95964 49090 1
95964 50589 1
95964 57324 1
95964 59230 1
95964 62598 1
95964 63754 1
95964 66599 1
95964 77525 1
95964 86275 1
95964 89172 1
95964 93242 1
95964 93948 1
95964 105574 1
96061 38377 1
96061 109857 2
96061 117631 1
97262 38377 1
97262 69372 1
97262 69485 1
97262 89188 1
97262 99329 1
97262 117004 1
97262 119386 1
98342 38377 1
98342 69343 1
98342 87469 1
98342 87476 1
98342 89470 1
98342 94115 1
98342 98396 1
98342 115905 1
99329 38377 1
99329 69372 1
99329 69485 1
99329 87597 1
99329 89188 1
99329 97262 1
99329 104935 1
99329 116125 1
99329 118192 1
99329 119386 1
101064 38377 1
101064 54773 1
101064 57340 1
101064 70933 1
101064 79531 1
101064 86242 1
101064 90694 1
101064 101609 1
101064 105026 1
101064 105497 1
101064 105683 1
101064 110261 1
101064 110844 1
101609 38377 1
101609 70933 1
101609 79531 1
101609 90694 1
101609 93503 1
101609 101064 1
101609 105026 1
101609 105497 1
101609 105683 1
101609 110261 1
101609 110844 1
101620 31533 1
101620 38377 1
101620 67108 1
101620 70522 1
101620 101619 1
101620 110534 1
105026 38377 1
105026 70933 1
105026 79531 1
105026 90694 1
105026 101064 1
105026 101609 1
105026 105497 1
105026 105683 1
105026 110261 1
105026 110844 1
105497 38377 1
105497 70933 1
105497 79531 1
105497 85978 1
105497 90694 1
105497 101064 1
105497 101609 1
105497 105026 1
105497 105683 1
105497 110261 1
105497 110844 1
105574 38377 1
105574 49090 1
105574 50589 1
105574 57324 1
105574 59230 1
105574 62598 1
105574 63754 1
105574 66599 1
105574 77525 1
105574 89172 1
105574 93242 1
105574 94115 1
105574 95964 1
105574 96909 1
105574 101519 1
105574 105569 1
105683 38377 1
105683 70933 1
105683 79531 2
105683 90694 1
105683 101064 1
105683 101609 1
105683 105026 1
105683 105497 1
105683 107602 1
105683 110261 1
105683 110844 1
105683 114668 1
105683 118192 1
107592 38377 1
107592 47649 3
107592 64730 4
107592 84882 2
107592 87919 1
107592 89178 1
107592 107700 1
107592 114494 1
107592 115906 3
107592 117055 1
110261 38377 1
110261 70933 1
110261 75758 1
110261 79531 1
110261 90694 1
110261 101064 1
110261 101609 1
110261 101675 1
110261 105026 1
110261 105497 1
110261 105683 1
110261 110844 1
110261 111117 1
110534 31533 1
110534 38377 1
110534 70848 1
110534 85935 1
110534 87919 1
110534 101620 1
110534 114494 1
110534 115251 1
110534 115905 1
110534 117055 1
110844 38377 1
110844 70848 1
110844 70933 1
110844 79531 1
110844 81316 1
110844 90694 3
110844 96906 2
110844 101064 1
110844 101609 1
110844 105026 1
110844 105497 1
110844 105683 1
110844 110261 1
110844 114668 1
117457 38377 1
117457 47649 1
117457 64730 2
117457 72205 1
117457 114490 1
117457 114494 1
117457 115662 1
117457 117055 1
117457 117448 1
119386 38377 1
119386 69485 1
119386 89188 1
119386 97262 1
119386 99329 1
39764 39768 1
39764 39771 2
39764 44264 1
39764 44703 1
39764 44847 2
39771 39764 2
39771 39768 1
39771 44264 1
39771 44703 1
39771 44847 2
39771 48557 1
44264 39764 1
44264 39768 1
44264 39771 1
44264 44703 1
44264 44847 1
44703 11432 1
44703 20120 1
44703 22767 1
44703 22795 1
44703 39764 1
44703 39768 1
44703 39771 1
44703 44264 1
44703 44495 1
44703 44847 1
44847 39764 2
44847 39768 1
44847 39771 2
44847 44264 1
44847 44703 1
7094 15130 1
7094 40740 1
10037 15130 1
10037 25311 1
10037 27001 1
10037 40722 1
10037 40726 1
10037 40740 1
10037 40749 2
10037 40751 1
10706 23403 1
10706 23406 1
10706 25018 1
10706 36364 1
10706 37124 1
10706 37950 1
10706 39062 1
10706 40740 1
10706 40992 1
10706 41535 1
10706 61108 1
10706 66657 1
12432 26686 1
12432 27491 1
12432 33202 1
12432 33208 1
12432 40740 1
15130 7094 1
15130 10037 1
15130 20120 1
15130 21526 1
15130 23872 1
15130 25311 1
15130 27001 1
15130 30813 1
15130 30987 1
15130 40722 1
15130 40726 1
15130 40740 3
15130 40749 1
15130 40751 1
15130 42287 1
15130 44495 2
17958 11725 1
17958 20849 1
17958 25770 1
17958 26599 1
17958 33683 1
17958 34710 1
17958 35205 1
17958 40719 1
17958 40720 1
17958 40739 1
17958 40740 1
17958 40742 1
17958 44248 1
17958 46053 1
17958 49538 1
17958 52094 1
20849 17958 1
20849 20848 1
20849 24840 1
20849 25311 1
20849 26599 1
20849 27300 1
20849 34017 1
20849 35205 1
20849 38407 1
20849 40531 1
20849 40719 1
20849 40720 1
20849 40739 1
20849 40740 1
20849 40742 1
20849 46053 1
20849 49538 1
21526 15130 1
21526 40740 1
22708 25608 1
22708 35807 1
22708 40740 1
25018 10706 1
25018 36364 1
25018 37124 1
25018 40740 1
25018 40992 1
25018 41535 1
25018 61108 1
25018 66657 1
25081 11725 1
25081 16979 1
25081 31851 1
25081 38407 1
25081 38907 1
25081 38908 1
25081 40090 1
25081 40740 1
25081 41527 1
25081 41528 1
25311 4463 1
25311 10037 1
25311 13100 1
25311 15130 1
25311 20849 1
25311 21326 1
25311 23836 1
25311 26995 1
25311 27001 1
25311 38065 1
25311 40722 1
25311 40726 1
25311 40740 1
25311 40749 1
25311 40751 1
25311 48395 1
25311 85366 1
26104 24812 1
26104 39953 1
26104 40740 1
26599 17958 1
26599 20849 1
26599 35205 1
26599 40719 1
26599 40720 1
26599 40739 1
26599 40740 1
26599 40742 1
26599 46053 1
26599 49538 1
26686 12432 1
26686 16979 1
26686 26872 1
26686 27001 1
26686 27491 1
26686 33202 1
26686 33208 1
26686 39963 1
26686 40488 1
26686 40740 1
27001 6398 1
27001 10037 1
27001 10240 1
27001 15130 1
27001 22210 1
27001 22852 1
27001 25311 1
27001 26686 1
27001 27413 1
27001 27576 1
27001 27981 1
27001 34028 1
27001 34380 1
27001 35689 1
27001 39963 1
27001 40090 1
27001 40722 1
27001 40726 1
27001 40740 1
27001 40749 1
27001 40751 1
27001 48855 1
27491 12432 1
27491 26686 1
27491 33202 1
27491 33208 1
27491 40740 1
33202 7359 1
33202 12432 1
33202 26686 1
33202 27491 1
33202 30972 1
33202 33208 1
33202 36495 1
33202 40740 1
33208 12432 1
33208 26686 1
33208 26733 1
33208 27491 1
33208 33202 1
33208 33333 1
33208 40740 1
35205 17958 1
35205 20849 1
35205 26599 1
35205 40719 1
35205 40720 1
35205 40739 1
35205 40740 1
35205 40742 1
35205 46053 1
35205 49538 1
35807 22708 1
35807 28135 1
35807 39698 1
35807 40740 1
36136 40740 1
36136 45821 2
36136 58619 1
36364 10706 1
36364 14045 1
36364 16038 1
36364 25018 1
36364 30748 1
36364 31865 1
36364 34901 1
36364 37124 1
36364 40740 1
36364 40992 1
36364 41535 1
36364 61108 1
36364 66657 1
37124 10706 1
37124 25018 1
37124 36364 1
37124 39698 1
37124 40740 1
37124 40992 1
37124 41535 1
37124 61108 1
37124 66657 1
38407 20849 1
38407 25081 1
38407 28002 1
38407 34028 1
38407 38907 1
38407 38908 2
38407 40090 1
38407 40740 1
38407 41527 2
38407 41528 1
38907 25081 1
38907 38407 1
38907 38908 1
38907 40090 1
38907 40740 1
38907 41527 1
38907 41528 1
38908 25081 1
38908 38407 2
38908 38907 1
38908 40090 1
38908 40740 1
38908 41527 2
38908 41528 1
40090 16407 1
40090 21326 4
40090 22698 1
40090 22852 1
40090 23132 1
40090 23836 2
40090 25081 1
40090 27001 1
40090 27493 1
40090 31231 1
40090 32594 2
40090 35689 1
40090 36547 1
40090 38395 1
40090 38407 1
40090 38907 1
40090 38908 1
40090 39965 1
40090 40515 1
40090 40740 1
40090 41527 1
40090 41528 1
40090 43249 1
40090 44205 1
40090 44490 1
40090 44492 1
40090 44495 2
40719 17958 1
40719 20849 1
40719 26599 1
40719 27576 1
40719 35205 1
40719 40720 1
40719 40739 2
40719 40740 1
40719 40742 1
40719 46053 1
40719 49538 1
40720 17958 1
40720 20849 1
40720 26599 1
40720 35205 1
40720 40719 1
40720 40739 1
40720 40740 1
40720 40742 1
40720 46053 1
40720 49538 1
40722 10037 1
40722 15130 1
40722 18377 1
40722 25311 1
40722 27001 1
40722 32111 2
40722 40726 1
40722 40740 1
40722 40749 1
40722 40751 1
40726 10037 1
40726 15130 1
40726 19172 1
40726 25311 1
40726 27001 1
40726 40722 1
40726 40740 1
40726 40749 1
40726 40751 1
40739 17958 1
40739 20849 1
40739 26599 1
40739 35205 1
40739 40719 2
40739 40720 1
40739 40727 1
40739 40740 1
40739 40742 1
40739 43899 1
40739 46053 1
40739 49538 1
40742 17958 1
40742 20849 1
40742 26599 1
40742 35205 1
40742 40719 1
40742 40720 1
40742 40739 1
40742 40740 1
40742 46053 1
40742 49538 1
40749 10037 2
40749 15130 1
40749 25311 1
40749 27001 1
40749 40722 1
40749 40726 1
40749 40740 1
40749 40751 1
40751 10037 1
40751 15130 1
40751 25311 1
40751 27001 1
40751 40722 1
40751 40726 1
40751 40740 1
40751 40749 1
40992 10706 1
40992 25018 1
40992 30813 1
40992 34694 1
40992 36364 1
40992 37124 1
40992 40740 1
40992 41535 2
40992 61108 1
40992 66657 1
41527 25081 1
41527 33853 1
41527 38407 2
41527 38907 1
41527 38908 2
41527 40090 1
41527 40740 1
41527 41528 1
41527 59932 1
41528 25081 1
41528 38407 1
41528 38907 1
41528 38908 1
41528 40090 1
41528 40740 1
41528 41527 1
41535 10706 1
41535 25018 1
41535 36364 1
41535 37124 1
41535 40740 1
41535 40992 2
41535 46053 1
41535 61108 1
41535 66657 1
45821 34694 1
45821 36136 2
45821 40740 1
45821 58619 2
46053 15889 1
46053 17958 1
46053 20849 1
46053 21519 1
46053 26599 1
46053 34225 1
46053 35205 1
46053 38034 1
46053 40515 1
46053 40719 1
46053 40720 1
46053 40739 1
46053 40740 1
46053 40742 1
46053 41535 1
46053 42168 1
46053 49538 1
49538 17958 1
49538 20849 1
49538 26599 1
49538 35205 1
49538 40719 1
49538 40720 1
49538 40739 1
49538 40740 1
49538 40742 1
49538 46053 1
49538 47863 1
58619 20404 1
58619 36136 1
58619 37223 1
58619 40740 1
58619 41065 1
58619 45821 2
58619 48025 1
61108 10706 1
61108 25018 1
61108 36364 1
61108 37124 1
61108 40740 1
61108 40992 1
61108 41535 1
61108 42464 1
61108 66657 1
66657 10706 1
66657 25018 1
66657 36364 1
66657 37124 1
66657 40740 1
66657 40992 1
66657 41535 1
66657 61108 1
3345 3049 2
3345 3281 2
3345 3346 1
3345 3347 1
3345 4291 1
3345 4582 1
3345 15285 1
3345 44492 1
11725 15877 1
11725 16405 1
11725 17958 1
11725 20120 1
11725 22796 1
11725 25081 1
11725 25252 1
11725 25279 1
11725 25770 1
11725 31347 1
11725 33311 1
11725 33451 1
11725 33683 2
11725 33951 1
11725 34710 1
11725 35252 1
11725 39046 1
11725 39049 1
11725 39050 1
11725 42348 1
11725 44286 1
11725 44490 1
11725 44492 2
11725 44495 1
11725 44878 1
11725 45733 1
11932 10598 1
11932 21799 1
11932 44492 1
14764 21519 1
14764 27576 1
14764 28135 1
14764 28834 1
14764 40515 1
14764 40531 1
14764 44492 1
14764 45155 1
16407 11997 1
16407 21326 1
16407 22698 1
16407 40090 1
16407 44205 1
16407 44492 1
16407 44495 1
16962 23877 1
16962 34694 1
16962 38065 1
16962 43385 1
16962 44492 1
16962 44495 1
16962 65082 1
20120 2178 1
20120 3287 1
20120 4532 1
20120 6430 1
20120 11432 1
20120 11725 1
20120 13936 1
20120 15130 1
20120 19186 1
20120 22767 1
20120 22795 1
20120 23836 1
20120 23872 1
20120 26995 1
20120 28834 1
20120 33683 1
20120 37253 1
20120 38065 1
20120 44490 1
20120 44492 1
20120 44495 5
20120 44703 1
20120 44878 2
21325 32863 1
21325 38012 1
21325 44490 1
21325 44492 1
21325 44493 1
21325 44522 1
21326 10641 1
21326 11125 1
21326 11432 1
21326 16407 1
21326 22698 1
21326 23836 1
21326 25311 1
21326 27493 1
21326 36547 1
21326 40090 4
21326 44205 1
21326 44492 1
21326 44495 1
21519 14764 1
21519 26961 1
21519 27576 1
21519 28135 1
21519 28834 1
21519 34225 1
21519 38034 1
21519 40515 2
21519 40531 1
21519 42168 1
21519 43332 1
21519 44066 1
21519 44492 1
21519 45155 2
21519 46053 1
22678 20714 1
22678 36804 1
22678 37253 1
22678 39558 1
22678 42481 1
22678 44492 1
22678 48494 1
22698 16407 1
22698 21326 1
22698 36547 1
22698 40090 1
22698 44205 1
22698 44492 1
22698 44495 1
23877 16962 1
23877 34694 1
23877 38065 1
23877 43385 1
23877 44492 1
23877 44495 1
23877 65082 1
24998 25359 1
24998 30345 1
24998 30886 1
24998 39544 1
24998 39553 1
24998 39558 1
24998 40727 1
24998 44492 1
24998 46123 1
24998 48494 1
24998 52094 1
24998 54708 1
25359 24998 1
25359 30345 2
25359 30886 1
25359 39544 1
25359 39553 1
25359 39558 1
25359 40727 1
25359 44492 1
25359 46123 1
25359 48494 1
25359 54708 1
25614 44492 1
25770 11716 1
25770 11725 1
25770 17958 1
25770 21412 1
25770 23132 1
25770 33311 1
25770 33313 1
25770 33315 1
25770 33451 1
25770 33683 1
25770 33951 1
25770 34710 2
25770 35252 1
25770 35432 1
25770 38065 1
25770 42348 1
25770 44286 1
25770 44492 1
27576 8265 1
27576 14764 1
27576 21519 1
27576 26995 1
27576 27001 1
27576 28135 1
27576 28834 1
27576 37263 1
27576 37465 1
27576 40515 1
27576 40531 1
27576 40719 1
27576 44492 1
27576 44495 1
27576 45155 1
28135 1843 1
28135 14764 1
28135 21519 1
28135 27576 1
28135 28834 1
28135 35807 1
28135 39980 1
28135 40449 1
28135 40515 1
28135 40531 1
28135 41229 1
28135 44492 1
28135 45155 1
28834 14764 1
28834 20120 1
28834 21519 1
28834 27576 1
28834 28135 1
28834 33683 2
28834 37840 1
28834 38065 1
28834 40515 1
28834 40531 1
28834 44492 1
28834 44878 1
28834 45155 1
30050 41966 1
30050 44492 1
30050 47863 1
30050 57340 1
30050 93796 1
30345 16979 1
30345 24998 1
30345 25359 2
30345 30886 1
30345 32460 1
30345 33332 1
30345 39544 1
30345 39553 1
30345 39558 1
30345 40727 1
30345 44492 1
30345 46123 1
30345 47561 1
30345 48494 1
30345 54708 1
30886 24998 1
30886 25359 1
30886 30345 1
30886 39544 1
30886 39553 1
30886 39558 1
30886 40727 1
30886 43267 1
30886 44492 1
30886 46123 1
30886 48494 1
30886 54708 1
31167 44492 1
32460 14162 1
32460 16979 1
32460 30345 1
32460 32594 1
32460 44492 1
32460 44878 1
32863 21325 1
32863 38012 1
32863 44490 1
32863 44492 1
32863 44493 1
33311 11725 1
33311 25770 1
33311 33451 1
33311 33683 1
33311 33951 1
33311 34710 1
33311 35252 1
33311 44286 1
33311 44492 1
33451 11725 1
33451 25770 1
33451 33311 1
33451 33683 1
33451 33951 1
33451 34710 1
33451 35252 1
33451 40148 1
33451 44286 2
33451 44492 1
33683 11432 1
33683 11725 2
33683 16979 1
33683 17958 1
33683 20120 1
33683 25770 1
33683 28834 2
33683 33311 1
33683 33451 1
33683 33951 1
33683 34710 1
33683 35252 1
33683 44286 1
33683 44492 1
33951 11725 1
33951 13352 1
33951 22145 1
33951 22852 1
33951 25770 1
33951 27848 1
33951 27851 1
33951 33311 1
33951 33451 1
33951 33683 1
33951 34710 1
33951 35252 1
33951 44286 1
33951 44492 1
34694 6411 1
34694 16962 1
34694 22068 1
34694 23836 1
34694 23872 1
34694 23877 1
34694 25279 1
34694 30813 1
34694 32594 1
34694 38065 1
34694 40992 1
34694 43385 1
34694 43411 1
34694 44205 1
34694 44490 1
34694 44492 1
34694 44495 2
34694 45821 1
34694 46695 1
34694 65082 1
34710 11725 1
34710 14718 1
34710 17958 1
34710 19108 1
34710 19435 1
34710 20626 1
34710 20974 1
34710 25770 2
34710 28780 1
34710 33311 1
34710 33451 1
34710 33683 1
34710 33951 1
34710 35252 2
34710 42348 1
34710 43269 1
34710 44286 1
34710 44492 1
35252 11725 1
35252 25770 1
35252 33311 1
35252 33451 1
35252 33683 1
35252 33951 1
35252 34710 2
35252 35230 1
35252 44286 1
35252 44492 1
36804 22678 1
36804 37253 1
36804 42481 1
36804 44492 1
37253 20120 1
37253 22678 1
37253 23836 1
37253 24621 1
37253 32594 1
37253 36804 1
37253 42481 1
37253 44490 1
37253 44492 2
37253 44493 1
37253 44495 1
37253 44878 1
38012 21325 1
38012 32863 1
38012 44490 1
38012 44492 1
38012 44493 1
38065 16962 1
38065 20120 1
38065 23877 1
38065 25311 1
38065 25770 1
38065 26995 1
38065 28834 1
38065 29443 1
38065 33203 1
38065 33313 1
38065 34694 1
38065 43385 1
38065 44492 1
38065 44495 1
38065 44878 1
38065 51583 1
38065 65082 1
39544 24998 1
39544 25359 1
39544 30345 1
39544 30886 1
39544 39553 1
39544 39558 1
39544 40727 1
39544 44492 1
39544 46123 1
39544 48494 1
39544 54708 1
39553 24998 1
39553 25359 1
39553 30345 1
39553 30886 1
39553 39544 1
39553 39558 1
39553 40727 1
39553 42348 1
39553 44492 1
39553 46123 1
39553 48494 2
39553 48588 1
39553 54708 1
39558 1764 1
39558 22678 1
39558 24998 1
39558 25359 1
39558 30345 1
39558 30886 1
39558 39544 1
39558 39553 1
39558 40727 1
39558 44492 1
39558 46123 1
39558 48494 1
39558 50026 1
39558 54708 1
40515 14764 1
40515 21519 2
40515 23836 1
40515 27576 1
40515 28135 1
40515 28834 1
40515 34225 1
40515 38034 1
40515 40090 1
40515 40531 1
40515 42168 1
40515 44492 1
40515 45155 1
40515 46053 1
40531 14764 1
40531 20849 1
40531 21519 1
40531 27300 1
40531 27576 1
40531 28135 1
40531 28834 1
40531 40515 1
40531 44492 1
40531 45155 1
40727 19969 1
40727 24998 1
40727 25359 1
40727 30345 1
40727 30886 1
40727 39544 1
40727 39553 1
40727 39558 1
40727 40739 1
40727 44492 2
40727 46123 1
40727 48494 1
40727 54708 1
42348 11725 1
42348 16405 1
42348 22796 1
42348 25770 1
42348 33332 1
42348 34710 1
42348 39553 1
42348 44286 1
42348 44492 1
42348 44493 1
42348 45733 1
42348 48494 1
42348 48558 1
42348 48588 1
42348 50988 1
42481 13591 1
42481 13643 1
42481 22678 1
42481 23160 1
42481 23161 1
42481 24614 1
42481 36804 1
42481 37238 1
42481 37253 1
42481 44492 1
43385 16962 1
43385 23877 1
43385 24657 1
43385 34694 1
43385 38065 1
43385 44492 1
43385 44495 1
43385 45155 1
43385 65082 1
43829 44492 1
43829 48277 1
43829 61590 1
44066 21519 1
44066 34370 1
44066 44492 1
44205 16407 1
44205 21326 1
44205 22698 1
44205 23836 1
44205 23872 1
44205 34694 1
44205 40090 1
44205 44492 1
44205 44495 1
44286 11725 1
44286 25770 1
44286 33311 1
44286 33451 2
44286 33683 1
44286 33951 1
44286 34710 1
44286 35252 1
44286 42348 1
44286 44492 1
44490 6431 1
44490 11725 1
44490 13665 1
44490 16036 1
44490 16041 1
44490 16199 1
44490 16396 1
44490 16928 1
44490 20120 1
44490 21325 1
44490 21396 1
44490 22750 1
44490 22788 1
44490 23067 1
44490 23132 1
44490 23872 1
44490 32594 1
44490 32863 1
44490 34694 1
44490 37253 1
44490 38012 1
44490 40090 1
44490 44492 3
44490 44493 3
44490 44495 3
44490 44878 2
44490 45304 1
44490 46695 1
44493 21325 1
44493 23768 1
44493 23836 1
44493 32594 1
44493 32863 1
44493 37253 1
44493 38012 1
44493 42348 1
44493 43669 1
44493 44490 3
44493 44492 3
44493 44878 1
44878 11725 1
44878 20120 2
44878 28834 1
44878 30077 1
44878 30892 1
44878 31430 1
44878 31858 1
44878 32460 1
44878 32594 1
44878 35738 1
44878 37253 1
44878 37480 1
44878 38065 1
44878 41332 1
44878 42249 1
44878 42250 1
44878 44490 2
44878 44492 2
44878 44493 1
44878 44495 1
45155 14764 1
45155 21519 2
45155 27576 1
45155 28135 1
45155 28834 1
45155 40515 1
45155 40531 1
45155 43385 1
45155 44492 1
46123 20216 1
46123 24998 1
46123 25359 1
46123 30345 1
46123 30813 1
46123 30886 1
46123 39544 1
46123 39553 1
46123 39558 1
46123 40727 1
46123 44492 1
46123 48494 1
46123 54708 1
47863 10188 1
47863 21837 1
47863 26995 1
47863 30050 1
47863 32315 1
47863 41454 1
47863 44492 1
47863 49538 1
47863 50933 1
47863 57340 1
47863 93796 1
48277 43829 1
48277 44492 1
48277 61590 1
48395 25311 1
48395 44492 1
48395 79774 1
48494 22678 1
48494 24998 1
48494 25359 1
48494 30345 1
48494 30886 1
48494 39544 1
48494 39553 2
48494 39558 1
48494 40727 1
48494 42348 1
48494 44492 1
48494 46123 1
48494 48588 1
48494 54708 1
48588 39553 1
48588 42348 1
48588 44492 1
48588 48494 1
54708 24998 1
54708 25359 1
54708 30345 1
54708 30886 1
54708 39544 1
54708 39553 1
54708 39558 1
54708 40727 1
54708 44492 1
54708 46123 1
54708 48494 1
56801 44492 1
56801 72917 1
56801 76903 1
56801 93796 1
57340 30050 1
57340 44492 1
57340 47863 1
57340 54773 1
57340 75758 1
57340 79193 1
57340 87571 1
57340 89188 1
57340 93796 1
57340 101064 1
57340 114223 1
61590 43829 1
61590 44492 1
61590 48277 1
61590 60771 1
61590 125262 1
65082 6319 1
65082 16962 1
65082 23877 1
65082 34694 1
65082 38065 1
65082 43385 1
65082 44492 1
65082 44495 1
77595 44492 1
77595 45667 1
77595 70933 1
77595 92960 1
79052 44492 1
79774 44492 1
79774 48395 1
93796 30050 1
93796 44492 1
93796 47863 1
93796 56801 1
93796 57340 1
93796 105166 1
93796 105474 1
93796 123037 1
6431 16036 1
6431 16928 1
6431 23132 1
6431 44490 1
6431 44495 1
11432 13665 1
11432 14071 1
11432 14416 1
11432 20120 1
11432 21326 1
11432 22767 1
11432 22795 1
11432 33683 1
11432 39825 1
11432 40265 1
11432 42528 1
11432 44495 1
11432 44703 1
11732 27002 1
11732 31180 1
11732 44495 1
13354 16040 1
13354 25252 1
13354 25279 1
13354 33455 1
13354 34259 1
13354 34302 1
13354 35228 1
13354 35229 1
13354 35773 1
13354 37901 1
13354 44495 1
13665 11432 1
13665 16041 1
13665 16199 1
13665 16396 1
13665 21396 1
13665 22750 1
13665 22788 1
13665 23067 1
13665 44490 1
13665 44495 1
16036 6431 1
16036 16928 1
16036 23132 1
16036 44490 1
16036 44495 1
16040 13354 1
16040 25252 1
16040 25279 1
16040 33455 1
16040 34259 1
16040 34302 1
16040 35228 1
16040 35229 1
16040 35773 1
16040 37901 1
16040 44495 1
16041 13665 1
16041 16199 1
16041 16396 1
16041 21396 1
16041 22750 1
16041 22788 1
16041 23067 1
16041 26753 1
16041 27214 1
16041 30386 1
16041 38395 1
16041 44490 1
16041 44495 1
16199 13665 1
16199 16041 1
16199 16396 1
16199 21396 1
16199 22750 1
16199 22788 1
16199 23067 1
16199 44490 1
16199 44495 1
16396 13665 1
16396 16041 1
16396 16199 1
16396 21396 1
16396 22750 1
16396 22788 1
16396 23067 1
16396 44490 1
16396 44495 1
16928 6431 1
16928 16036 1
16928 23132 1
16928 44490 1
16928 44495 1
16979 23132 1
16979 23836 1
16979 24440 1
16979 25081 1
16979 26686 1
16979 29575 1
16979 30345 1
16979 32460 1
16979 33683 1
16979 44495 1
18162 25870 1
18162 28109 1
18162 44495 1
20848 389 1
20848 11740 1
20848 20849 1
20848 25805 1
20848 29110 1
20848 34066 1
20848 36762 1
20848 43332 1
20848 44495 1
20848 46012 1
21396 13665 1
21396 16041 1
21396 16199 1
21396 16396 1
21396 22750 1
21396 22788 1
21396 23067 1
21396 44490 1
21396 44495 1
22750 13665 1
22750 16041 1
22750 16199 1
22750 16396 1
22750 21396 1
22750 22788 1
22750 23067 1
22750 44490 1
22750 44495 1
22788 13665 1
22788 16041 1
22788 16199 1
22788 16396 1
22788 21396 1
22788 22750 1
22788 23067 1
22788 44490 1
22788 44495 1
22795 11432 1
22795 20120 1
22795 22767 1
22795 44495 1
22795 44703 1
22852 20975 1
22852 27001 1
22852 33951 1
22852 35689 1
22852 37556 1
22852 40090 1
22852 43482 1
22852 44495 1
23067 2769 1
23067 12209 1
23067 13665 1
23067 14848 1
23067 16041 1
23067 16199 1
23067 16396 1
23067 18164 1
23067 18514 1
23067 21396 1
23067 22750 1
23067 22788 1
23067 24839 1
23067 24863 1
23067 26004 1
23067 44490 1
23067 44495 1
23132 6431 1
23132 10976 1
23132 16036 1
23132 16928 1
23132 16979 1
23132 21412 1
23132 25770 1
23132 31231 1
23132 32594 1
23132 38395 2
23132 38398 1
23132 39965 1
23132 40090 1
23132 44490 1
23132 44495 1
23132 55400 1
23836 3287 1
23836 8188 1
23836 13611 1
23836 16979 1
23836 20120 1
23836 21326 1
23836 22121 1
23836 23872 1
23836 24440 2
23836 25311 1
23836 29163 1
23836 29744 1
23836 29941 1
23836 33301 1
23836 33609 1
23836 34694 1
23836 36547 1
23836 37253 1
23836 40090 2
23836 40515 1
23836 43249 1
23836 44205 1
23836 44493 1
23836 44495 1
23836 47890 1
23872 15130 1
23872 20120 1
23872 23836 1
23872 31430 1
23872 34694 1
23872 41514 1
23872 44205 1
23872 44490 1
23872 44495 1
23872 45304 1
23872 45400 1
24440 16979 1
24440 23836 2
24440 33301 1
24440 44495 1
24440 47890 1
25252 11725 1
25252 13354 1
25252 16040 1
25252 25279 3
25252 33455 1
25252 34259 1
25252 34302 1
25252 35228 1
25252 35229 1
25252 35773 1
25252 37901 1
25252 39046 1
25252 39049 1
25252 39050 2
25252 43773 1
25252 44495 1
25279 11725 1
25279 13354 1
25279 16040 1
25279 25252 3
25279 33455 1
25279 34259 1
25279 34302 1
25279 34694 1
25279 35228 1
25279 35229 1
25279 35773 1
25279 37901 1
25279 39046 1
25279 39049 1
25279 39050 2
25279 43773 1
25279 44495 1
25805 20848 1
25805 34066 1
25805 44495 1
25805 46012 1
25870 5179 1
25870 12210 1
25870 17270 1
25870 18162 1
25870 28109 1
25870 44495 1
26995 10188 1
26995 20120 1
26995 21837 1
26995 25311 1
26995 27576 1
26995 32315 1
26995 38065 1
26995 41454 1
26995 44495 1
26995 47863 1
26995 50933 1
28109 9234 1
28109 11146 1
28109 15904 1
28109 16631 1
28109 18121 1
28109 18122 1
28109 18162 1
28109 18320 1
28109 25870 1
28109 44495 1
30813 15130 1
30813 34694 1
30813 40992 1
30813 44495 1
30813 46123 1
33455 13354 1
33455 16040 1
33455 25252 1
33455 25279 1
33455 34259 1
33455 34302 1
33455 35228 1
33455 35229 1
33455 35773 1
33455 37901 1
33455 44495 1
34066 20848 1
34066 25805 1
34066 44495 1
34066 46012 1
34259 13354 1
34259 16040 1
34259 25252 1
34259 25279 1
34259 33455 1
34259 34302 1
34259 35228 1
34259 35229 1
34259 35773 1
34259 37901 1
34259 44495 1
34302 13354 1
34302 16040 1
34302 25252 1
34302 25279 1
34302 33455 1
34302 34259 1
34302 35228 1
34302 35229 1
34302 35773 1
34302 37901 1
34302 44495 1
35228 13354 1
35228 16040 1
35228 25252 1
35228 25279 1
35228 33455 1
35228 34259 1
35228 34302 1
35228 35229 1
35228 35773 1
35228 37901 1
35228 44495 1
35229 13354 1
35229 16040 1
35229 25252 1
35229 25279 1
35229 33455 1
35229 34259 1
35229 34302 1
35229 35228 1
35229 35773 1
35229 37901 1
35229 44495 1
35773 13354 1
35773 16040 1
35773 25252 1
35773 25279 1
35773 33455 1
35773 34259 1
35773 34302 1
35773 35228 1
35773 35229 1
35773 37901 1
35773 44495 1
37901 13354 1
37901 16040 1
37901 25252 1
37901 25279 1
37901 33455 1
37901 34259 1
37901 34302 1
37901 35228 1
37901 35229 1
37901 35773 1
37901 44495 1
46012 20848 1
46012 25805 1
46012 34066 1
46012 44495 1
70161 54773 1
70161 75771 1
75771 54773 1
75771 70161 1
106059 62089 1
88300 67108 1
109140 67843 1
69805 69806 1
106263 70482 1
126085 75123 1
119023 75164 1
123627 75164 1
123627 123628 5
123627 124903 1
102103 77236 1
113344 80178 1
113344 113345 1
113344 113346 1
113345 80178 1
113345 113344 1
113345 113346 1
113346 80178 1
113346 113344 1
113346 113345 1
107700 64730 1
107700 84882 2
107700 107592 1
115751 87469 1
115751 87476 1
116318 87571 1
116319 87571 1
116319 119172 2
117099 87571 1
86385 87597 1
115910 87597 1
65631 93503 1
89942 99617 1
104502 105474 1
106903 106902 1
113918 109415 1
119601 109415 1
119601 111153 1
119601 119600 1
108960 112727 1
71706 114490 1
113992 115905 1
118476 115906 1
118476 117055 1
118476 121547 1
121547 115906 1
121547 117055 1
121547 118476 1
123386 64730 1
123386 115906 1
106115 118650 1
51126 45667 1
118049 55474 1
124111 55474 1
124536 55474 1
125819 56441 1
58322 70848 1
58322 118768 1
115180 70848 1
118768 58322 1
118768 70848 1
121576 76280 1
121576 76520 1
61347 76357 1
76625 76357 1
77825 76357 2
77825 123321 1
55526 79193 1
55526 107110 1
107110 55526 1
107110 79193 1
96236 80078 1
78781 80499 1
78781 80504 1
80504 78781 1
80504 80499 1
114526 85978 1
75091 86242 1
115766 86242 1
91431 89170 1
91431 114842 1
114842 89170 1
114842 91431 1
115943 90762 1
114993 91692 1
127102 92036 1
52871 92748 1
83602 92960 1
68514 96760 1
12210 5179 1
12210 17270 1
12210 25870 1
12210 101675 1
117454 101675 1
117454 117448 1
125726 101675 1
123670 104328 1
23504 39331 1
23504 104453 1
39331 23504 1
39331 104453 1
110415 104453 1
119668 105166 1
117405 107875 1
117405 123037 1
117405 127255 1
110570 111117 1
92257 112465 1
122800 112545 1
122800 114489 1
100193 112807 1
114437 114432 1
120392 114432 1
81758 114488 1
117743 114489 1
80030 116778 1
86266 116778 1
18657 117853 1
79294 123321 1
123628 123627 5
123628 124903 1
121776 125418 1
100226 57086 1
100226 99587 1
114328 57086 1
112981 104935 1
126243 104935 1
119189 119190 1
114517 93511 1
99936 104058 1
124286 115216 1
119812 119811 1
126975 75758 1
77393 78077 1
107491 86275 1
44711 95380 1
90273 96906 1
90273 127555 1
125654 114046 1
63293 22769 1
31430 23872 1
31430 41514 1
31430 41584 1
31430 44878 1
35592 42997 1
42171 24503 1
42171 42997 1
29443 33203 1
29443 38065 1
29443 51583 1
33203 29443 1
33203 38065 1
33203 51583 1
31231 23132 1
31231 32594 1
31231 38395 1
31231 39965 1
31231 40090 1
38395 16041 1
38395 23132 2
38395 26753 1
38395 27214 1
38395 30386 1
38395 31231 1
38395 32594 1
38395 38398 1
38395 39965 1
38395 40090 1
38395 55400 1
39965 23132 1
39965 31231 1
39965 32594 1
39965 38395 1
39965 40090 1
31532 31533 1
32958 45526 1
32958 50589 1
45526 32958 1
45526 50589 1
45526 98897 1
27714 41513 1
27714 59230 1
41513 27714 1
41513 59230 1
48039 60282 3
48039 71337 1
48039 72205 1
60282 48039 3
60282 71337 1
60282 72205 1
60282 73033 1
71337 48039 1
71337 60282 1
71337 72205 1
55861 77525 1
58306 77525 1
99653 77525 1
109834 87469 1
46295 93242 1
109857 96061 2
116125 99329 1
101619 101620 1
115251 110534 1
23403 10706 1
23403 23406 1
23403 37950 1
23403 39062 1
23406 10706 1
23406 23403 1
23406 37950 1
23406 39062 1
37950 10706 1
37950 23403 1
37950 23406 1
37950 39062 1
39062 10706 1
39062 23403 1
39062 23406 1
39062 37950 1
30987 15130 1
30987 42287 1
42287 15130 1
42287 30987 1
44248 17958 1
52094 17958 1
52094 24998 1
24840 20849 1
27300 20849 1
27300 40531 1
34017 20849 1
25608 22708 1
31851 25081 1
4463 25311 1
13100 25311 1
85366 25311 1
24812 26104 1
39953 26104 1
26872 26686 1
26872 40488 1
39963 26686 1
39963 27001 1
40488 26686 1
40488 26872 1
6398 10240 1
6398 22210 1
6398 27001 1
6398 27413 1
6398 34028 1
10240 6398 1
10240 22210 1
10240 27001 1
10240 27413 1
10240 34028 1
22210 6398 1
22210 10240 1
22210 27001 1
22210 27413 1
22210 34028 1
27413 6398 1
27413 10240 1
27413 22210 1
27413 27001 1
27413 27848 2
27413 34028 1
27981 27001 1
34028 6398 1
34028 10240 1
34028 22210 1
34028 27001 1
34028 27413 1
34028 28002 1
34028 38407 1
34380 27001 1
35689 22852 1
35689 27001 1
35689 40090 1
48855 27001 1
7359 30972 1
7359 33202 1
7359 36495 1
30972 7359 1
30972 33202 1
30972 36495 1
36495 7359 1
36495 30972 1
36495 33202 1
26733 26753 1
26733 33208 1
26733 33333 1
33333 26733 1
33333 33208 1
39698 35807 1
39698 37124 1
14045 16038 1
14045 30748 1
14045 31865 1
14045 34901 1
14045 36364 1
16038 14045 1
16038 30748 1
16038 31865 1
16038 34901 1
16038 36364 1
30748 14045 1
30748 16038 1
30748 31865 1
30748 34901 1
30748 36364 1
31865 14045 1
31865 16038 1
31865 30748 1
31865 34901 1
31865 36364 1
34901 14045 1
34901 16038 1
34901 30748 1
34901 31865 1
34901 36364 1
28002 34028 1
28002 38407 1
27493 21326 1
27493 40090 1
43249 23836 1
43249 40090 1
18377 40722 1
32111 40722 2
19172 40726 1
43899 40739 1
33853 41527 1
33853 59932 1
59932 33853 1
59932 41527 1
15889 46053 1
34225 21519 1
34225 38034 1
34225 40515 1
34225 42168 1
34225 46053 1
38034 21519 1
38034 34225 1
38034 40515 1
38034 42168 1
38034 46053 1
42168 21519 1
42168 34225 1
42168 38034 1
42168 40515 1
42168 46053 1
20404 37223 1
20404 41065 1
20404 48025 1
20404 58619 1
37223 20404 1
37223 41065 1
37223 48025 1
37223 58619 1
41065 20404 1
41065 37223 1
41065 48025 1
41065 58619 1
48025 20053 1
48025 20404 1
48025 37223 1
48025 41065 1
48025 58619 1
42464 61108 1
3049 3281 3
3049 3345 2
3049 4291 1
3049 4582 1
3281 3049 3
3281 3345 2
3281 4291 3
3281 4582 4
3281 15285 1
3346 3345 1
3347 3345 1
4291 3049 1
4291 3281 3
4291 3345 1
4291 4582 5
4291 15285 1
4582 3049 1
4582 3281 4
4582 3345 1
4582 4291 5
4582 15285 1
15285 3281 1
15285 3345 1
15285 4291 1
15285 4582 1
15877 11725 1
16405 11725 1
16405 22796 1
16405 42348 1
16405 45733 1
22796 11725 1
22796 16405 1
22796 42348 1
22796 45733 1
31347 11725 1
39046 11725 1
39046 25252 1
39046 25279 1
39046 30371 1
39046 39049 2
39046 39050 1
39049 11725 1
39049 25252 1
39049 25279 1
39049 30371 1
39049 39046 2
39049 39050 1
39050 11725 1
39050 25252 2
39050 25279 2
39050 39046 1
39050 39049 1
39050 43773 1
45733 11725 1
45733 16405 1
45733 22796 1
45733 42348 1
10598 11932 1
21799 11932 1
11997 16407 1
2178 4532 1
2178 6430 1
2178 13936 1
2178 19186 1
2178 20120 1
3287 20120 1
3287 23836 1
4532 2178 1
4532 6430 1
4532 13936 1
4532 19186 1
4532 20120 1
6430 2178 1
6430 4532 1
6430 13936 1
6430 19186 1
6430 20120 1
13936 2178 1
13936 4532 1
13936 6430 1
13936 19186 1
13936 20120 1
19186 2178 1
19186 4532 1
19186 6430 1
19186 13936 1
19186 20120 1
44522 21325 1
10641 9032 1
10641 10640 1
10641 11135 1
10641 21326 1
11125 21326 1
26961 21519 1
26961 43332 1
43332 389 1
43332 11740 1
43332 20848 1
43332 21519 1
43332 26961 1
43332 29110 1
43332 36762 1
20714 22678 1
11716 25770 1
21412 23132 1
21412 25770 1
33313 25770 1
33313 38065 1
33315 25770 1
35432 25770 1
8265 27576 1
37263 27576 1
37263 37465 1
37465 27576 1
37465 37263 1
1843 28135 1
39980 28135 1
39980 40449 1
39980 41229 1
40449 28135 1
40449 39980 1
40449 41229 1
41229 28135 1
41229 39980 1
41229 40449 1
37840 28834 1
41966 30050 1
33332 30345 1
33332 42348 1
47561 30345 1
43267 30886 1
14162 32460 1
40148 33451 1
13352 22145 1
13352 27848 1
13352 27851 1
13352 33951 1
22145 13352 1
22145 27848 1
22145 27851 1
22145 33951 1
27848 13352 1
27848 22145 1
27848 27413 2
27848 27851 1
27848 33951 1
27851 13352 1
27851 22145 1
27851 27848 1
27851 33951 1
6411 22068 1
6411 34694 1
22068 6411 1
22068 22067 1
22068 34694 1
43411 34694 1
14718 19108 1
14718 19435 1
14718 20974 1
14718 34710 1
19108 14718 1
19108 19435 1
19108 20974 1
19108 34710 1
19435 14718 1
19435 19108 1
19435 20974 1
19435 34710 1
20626 34710 1
20626 43269 1
20974 14718 1
20974 19108 1
20974 19435 1
20974 22086 1
20974 34710 1
28780 34710 1
43269 20626 1
43269 34710 1
35230 35252 1
24621 37253 1
1764 39558 1
50026 39558 1
19969 40727 1
48558 42348 1
50988 42348 1
13591 13643 2
13591 23160 1
13591 23161 1
13591 34856 1
13591 42481 1
13643 13591 2
13643 23160 1
13643 23161 1
13643 34856 1
13643 42481 1
23160 13591 1
23160 13643 1
23160 23161 1
23160 42481 1
23161 13591 1
23161 13643 1
23161 23160 1
23161 42481 1
24614 42481 1
37238 42481 1
24657 43385 1
34370 44066 1
45304 23872 1
45304 44490 1
23768 44493 1
43669 44493 1
30077 30892 1
30077 31858 1
30077 37480 1
30077 41332 1
30077 42249 1
30077 42250 1
30077 44878 1
30892 30077 1
30892 31858 1
30892 37480 1
30892 41332 1
30892 42249 1
30892 42250 1
30892 44878 1
31858 30077 1
31858 30892 1
31858 37480 1
31858 41332 1
31858 42249 1
31858 42250 1
31858 44878 1
35738 44878 1
37480 30077 1
37480 30892 1
37480 31858 1
37480 41332 1
37480 42249 1
37480 42250 1
37480 44878 1
41332 30077 1
41332 30892 1
41332 31858 1
41332 37480 1
41332 42249 1
41332 42250 1
41332 44878 1
42249 30077 1
42249 30892 1
42249 31858 1
42249 37480 1
42249 41332 1
42249 42250 1
42249 44878 1
42250 30077 1
42250 30892 1
42250 31858 1
42250 37480 1
42250 41332 1
42250 42249 1
42250 44878 1
20216 46123 1
10188 21837 1
10188 26995 1
10188 32315 1
10188 41454 1
10188 47863 1
10188 50933 1
21837 10188 1
21837 26995 1
21837 32315 1
21837 41454 1
21837 47863 1
21837 50933 1
32315 10188 1
32315 21837 1
32315 26995 1
32315 41454 1
32315 47863 1
32315 50933 1
41454 10188 1
41454 21837 1
41454 26995 1
41454 32315 1
41454 47863 1
41454 50933 1
50933 10188 1
50933 21837 1
50933 26995 1
50933 32315 1
50933 41454 1
50933 47863 1
72917 56801 1
60771 61590 1
60771 125262 1
125262 60771 1
125262 61590 1
6319 65082 1
123037 93796 1
123037 117405 1
14071 11432 1
14071 14416 1
14071 42528 1
14416 11432 1
14416 14071 1
14416 42528 1
39825 11432 1
39825 40265 2
40265 11432 1
40265 39825 2
42528 11432 1
42528 14071 1
42528 14416 1
27002 11732 1
27002 31180 1
31180 11732 1
31180 27002 1
26753 16041 1
26753 26733 1
26753 27214 1
26753 30386 1
26753 38395 1
27214 16041 1
27214 26753 1
27214 30386 1
27214 38395 1
30386 16041 1
30386 26753 1
30386 27214 1
30386 38395 1
29575 16979 1
389 11740 1
389 20848 1
389 29110 1
389 36762 1
389 43332 1
11740 389 1
11740 20848 1
11740 29110 1
11740 36762 1
11740 43332 1
29110 389 1
29110 11740 1
29110 20848 1
29110 36762 1
29110 43332 1
36762 389 1
36762 11740 1
36762 20848 1
36762 29110 1
36762 43332 1
20975 22852 1
20975 37556 1
37556 20975 1
37556 22852 1
43482 22852 1
2769 12209 1
2769 14848 1
2769 18164 1
2769 18514 1
2769 23067 1
2769 24839 1
2769 24863 1
2769 26004 1
12209 2769 1
12209 14848 1
12209 18164 1
12209 18514 1
12209 23067 1
12209 24839 1
12209 24863 1
12209 26004 1
14848 2769 1
14848 12209 1
14848 18164 1
14848 18514 1
14848 23067 1
14848 24839 1
14848 24863 1
14848 26004 1
18164 2769 1
18164 12209 1
18164 14848 1
18164 18514 1
18164 23067 1
18164 24839 1
18164 24863 1
18164 26004 1
18514 2769 1
18514 12209 1
18514 14848 1
18514 18164 1
18514 23067 1
18514 24839 1
18514 24863 1
18514 26004 1
24839 2769 1
24839 12209 1
24839 14848 1
24839 18164 1
24839 18514 1
24839 23067 1
24839 24863 1
24839 26004 1
24863 2769 1
24863 12209 1
24863 14848 1
24863 18164 1
24863 18514 1
24863 23067 1
24863 24839 1
24863 26004 1
26004 2769 1
26004 12209 1
26004 14848 1
26004 18164 1
26004 18514 1
26004 23067 1
26004 24839 1
26004 24863 1
38398 23132 1
38398 38395 1
38398 55400 1
55400 23132 1
55400 38395 1
55400 38398 1
8188 13611 1
8188 22121 1
8188 23836 1
8188 29163 1
8188 29744 1
13611 8188 1
13611 22121 1
13611 23836 1
13611 29163 1
13611 29744 1
22121 8188 1
22121 13611 1
22121 23836 1
22121 29163 1
22121 29744 1
29163 8188 1
29163 13611 1
29163 22121 1
29163 23836 1
29163 29744 1
29744 8188 1
29744 13611 1
29744 22121 1
29744 23836 1
29744 29163 1
29941 23836 1
29941 33609 1
33301 23836 1
33301 24440 1
33301 47890 1
33609 23836 1
33609 29941 1
47890 23836 1
47890 24440 1
47890 33301 1
41514 23872 1
41514 31430 1
45400 23872 1
43773 25252 1
43773 25279 1
43773 39050 1
5179 12210 1
5179 17270 1
5179 25870 1
17270 5179 1
17270 12210 1
17270 25870 1
9234 15904 1
9234 16631 1
9234 18121 1
9234 18122 1
9234 18320 1
9234 28109 1
11146 28109 1
15904 9234 1
15904 16229 1
15904 16631 1
15904 18121 1
15904 18122 1
15904 18320 1
15904 28109 1
16631 9234 1
16631 15904 1
16631 18121 1
16631 18122 1
16631 18320 1
16631 28109 1
18121 9234 1
18121 15904 1
18121 16631 1
18121 18122 1
18121 18320 1
18121 28109 1
18122 9234 1
18122 15904 1
18122 16631 1
18122 18121 1
18122 18320 1
18122 28109 1
18320 9234 1
18320 15904 1
18320 16631 1
18320 18121 1
18320 18122 1
18320 28109 1
16229 15904 1
30371 39046 1
30371 39049 1
34856 13591 1
34856 13643 1
22086 20974 1
22067 22068 1
9032 10640 1
9032 10641 1
9032 11135 1
10640 9032 1
10640 10641 1
10640 11135 1
11135 9032 1
11135 10640 1
11135 10641 1
20053 48025 1
73033 60282 1
98897 45526 1
24503 42171 1
127555 90273 1
127255 117405 1
76520 121576 1
111153 119601 1
119600 119601 1
119172 116319 2
