121824 96509 1
96509 96510 1
96509 121824 1
96510 96509 1
96510 97141 1
97141 83421 1
97141 84447 1
97141 94620 1
97141 94887 1
97141 96510 1
97141 98683 2
97141 98996 1
97141 102368 1
83421 51414 1
83421 57173 1
83421 69064 1
83421 78079 1
83421 82575 1
83421 83057 1
83421 84447 1
83421 97141 1
83421 98683 1
83421 99086 1
83421 102368 1
83421 103510 1
83421 106529 1
84447 83421 1
84447 97141 1
84447 102368 1
94620 94887 1
94620 97141 1
94887 8577 1
94887 87892 1
94887 92260 1
94887 94620 1
94887 95501 1
94887 97141 1
94887 101496 1
94887 102427 1
94887 104233 1
94887 115215 1
98683 83421 1
98683 97141 2
98683 98996 1
98683 99086 1
98683 103510 1
98683 106529 1
98996 97141 1
98996 98683 1
102368 70980 1
102368 83421 1
102368 84447 1
102368 89894 1
102368 97141 1
102368 101103 1
102368 102766 1
102368 106279 1
102368 106487 1
102368 106884 1
102368 108624 1
102368 112454 1
102368 117210 1
51414 83421 1
51414 108146 1
57173 28324 1
57173 50605 1
57173 55007 1
57173 59067 1
57173 78346 1
57173 80923 1
57173 83421 1
57173 97195 1
57173 100243 1
69064 77144 2
69064 80204 1
69064 82723 1
69064 83421 1
69064 87680 1
78079 70519 1
78079 70520 1
78079 78083 1
78079 83421 1
78079 100107 1
82575 10585 1
82575 22413 1
82575 25316 1
82575 28332 1
82575 52315 1
82575 52370 1
82575 55473 1
82575 72340 1
82575 83057 1
82575 83421 1
82575 88908 1
83057 51418 1
83057 51419 1
83057 55568 1
83057 70261 1
83057 71600 1
83057 80204 1
83057 82575 1
83057 83059 3
83057 83421 1
83057 101753 1
83057 101754 1
83057 106884 1
83057 108055 1
83057 115215 1
83057 115219 1
83057 118548 1
99086 83421 1
99086 98683 1
99086 103510 1
99086 106529 1
103510 54984 1
103510 66662 1
103510 83421 1
103510 92095 1
103510 97195 1
103510 98683 1
103510 99086 1
103510 106529 1
106529 76098 1
106529 82723 1
106529 83421 1
106529 98683 1
106529 99086 1
106529 103510 1
8577 32723 1
8577 57652 1
8577 62835 1
8577 65243 1
8577 73648 1
8577 73649 1
8577 78080 1
8577 90166 2
8577 94887 1
8577 126931 1
87892 73950 1
87892 92260 1
87892 94887 1
87892 101496 1
87892 102427 1
87892 110253 1
87892 115215 1
92260 87892 1
92260 94887 1
92260 101496 1
92260 102427 1
92260 115215 1
95501 46272 1
95501 94887 1
95501 99255 1
95501 102077 1
95501 110221 1
95501 125167 1
101496 87892 1
101496 92260 1
101496 94887 1
101496 102427 1
101496 115215 1
102427 55422 1
102427 73950 1
102427 75933 1
102427 87892 1
102427 92260 1
102427 94887 1
102427 98726 2
102427 101496 1
102427 101652 1
102427 103993 1
102427 110720 1
102427 115215 1
102427 117596 1
104233 54981 1
104233 55867 1
104233 94887 1
104233 102874 1
104233 106817 1
104233 113867 1
104233 115215 1
104233 116265 1
104233 117658 1
115215 36673 1
115215 71600 1
115215 74276 2
115215 78083 1
115215 81491 1
115215 83057 1
115215 87892 1
115215 92260 1
115215 93507 1
115215 94887 1
115215 101496 1
115215 102427 1
115215 104233 1
115215 113867 1
115215 117658 1
70980 101103 1
70980 102368 1
70980 102766 1
70980 106279 1
70980 108624 1
89894 102368 1
89894 106487 1
89894 106884 1
89894 112454 1
89894 117210 1
101103 70980 1
101103 101102 1
101103 102368 1
101103 102766 1
101103 106279 2
101103 107859 1
101103 108262 1
101103 108624 1
102766 70980 1
102766 91732 1
102766 101103 1
102766 102368 1
102766 106279 1
102766 108624 1
106279 28723 1
106279 52627 1
106279 68605 1
106279 70980 1
106279 77145 1
106279 97559 1
106279 99674 1
106279 101102 1
106279 101103 2
106279 102368 1
106279 102766 1
106279 106280 1
106279 108262 1
106279 108624 1
106487 89894 1
106487 102368 1
106487 106884 1
106487 112454 1
106487 117210 1
106884 51418 1
106884 51419 1
106884 55568 1
106884 65496 1
106884 70814 1
106884 77222 1
106884 83057 1
106884 89867 1
106884 89894 1
106884 96138 1
106884 102368 1
106884 106487 1
106884 108055 1
106884 111977 1
106884 112454 1
106884 117210 1
108624 69453 1
108624 70980 1
108624 101103 1
108624 102368 1
108624 102766 1
108624 106279 1
108624 111290 1
112454 89894 1
112454 102368 1
112454 106487 1
112454 106884 1
112454 117210 1
117210 52731 1
117210 89894 1
117210 102368 1
117210 106487 1
117210 106884 1
117210 112454 1
117210 117144 1
117210 118858 1
117210 123487 1
108146 51414 1
108146 70814 1
108146 71600 1
108146 75213 1
108146 76648 1
108146 87658 1
108146 98447 1
28324 55007 1
28324 57173 1
28324 78346 1
50605 57173 1
50605 59067 1
50605 73649 1
50605 100243 1
55007 28324 1
55007 57173 1
55007 78346 1
59067 50605 1
59067 57173 1
59067 62415 1
59067 85899 1
59067 85979 1
59067 88654 1
59067 92078 1
59067 100243 1
78346 28324 1
78346 55007 1
78346 57173 1
78346 78338 1
78346 78339 1
78346 78348 1
78346 83072 1
78346 103856 1
80923 57173 1
80923 97195 1
97195 57173 1
97195 80923 1
97195 90561 1
97195 95740 1
97195 96651 1
97195 99695 1
97195 103510 1
100243 50605 1
100243 57173 1
100243 59067 1
77144 69064 2
77144 71596 1
77144 80204 1
77144 82723 1
77144 86574 1
77144 105523 1
80204 69064 1
80204 77144 1
80204 79119 1
80204 82996 1
80204 83057 1
80204 90561 1
80204 102005 1
80204 113410 1
82723 43220 1
82723 66662 1
82723 66937 1
82723 67789 1
82723 69064 1
82723 76098 1
82723 77144 1
82723 82577 1
82723 82720 1
82723 82724 1
82723 102846 1
82723 106529 1
82723 108664 1
82723 111927 1
87680 25356 1
87680 38419 1
87680 45985 1
87680 48891 1
87680 66518 1
87680 69064 1
87680 87712 1
87680 91971 1
87680 92174 1
70519 70520 1
70519 78079 1
70519 78083 1
70520 26772 1
70520 70519 1
70520 78079 1
70520 78083 1
70520 107948 1
78083 36673 1
78083 52367 1
78083 54265 1
78083 62692 1
78083 70519 1
78083 70520 1
78083 78079 1
78083 80659 1
78083 89513 1
78083 93507 1
78083 115215 1
100107 78079 1
100107 110587 1
10585 7680 1
10585 22413 1
10585 23053 1
10585 25316 1
10585 31846 1
10585 35463 1
10585 37207 1
10585 40339 1
10585 82575 1
22413 10585 1
22413 22401 1
22413 25316 1
22413 38416 1
22413 82575 1
25316 10585 1
25316 22413 1
25316 82575 1
28332 55473 1
28332 82575 1
28332 88906 1
28332 88908 1
52315 21895 1
52315 28723 1
52315 34748 1
52315 42214 1
52315 52370 1
52315 55415 1
52315 57372 1
52315 70984 1
52315 71529 1
52315 72340 1
52315 79137 1
52315 81469 1
52315 82575 1
52315 85774 1
52315 90672 1
52315 91909 1
52315 92632 1
52315 102483 1
52370 34190 1
52370 38373 1
52370 52315 1
52370 56982 1
52370 70007 1
52370 72340 1
52370 73293 1
52370 77985 1
52370 82575 1
52370 84818 1
52370 93595 1
55473 28332 1
55473 82575 1
55473 88908 1
55473 89014 1
55473 103658 1
72340 52315 1
72340 52370 1
72340 82575 1
72340 89114 1
88908 28332 1
88908 55473 1
88908 82575 1
51418 51419 2
51418 55568 1
51418 83057 1
51418 90239 1
51418 106884 1
51418 108055 1
51419 51418 2
51419 55568 1
51419 83057 1
51419 106884 1
51419 108055 1
55568 51418 1
55568 51419 1
55568 66662 1
55568 83057 1
55568 106884 1
55568 108055 1
55568 110144 1
70261 83057 1
70261 83059 1
70261 101753 1
70261 101754 1
71600 83057 1
71600 83144 1
71600 84622 1
71600 89216 1
71600 92708 1
71600 93397 1
71600 100963 1
71600 108146 1
71600 111331 1
71600 113421 1
71600 115215 1
71600 118188 1
71600 126922 1
83059 52627 1
83059 70261 1
83059 78384 1
83059 83057 3
83059 88800 1
83059 98726 1
83059 101753 1
83059 101754 1
83059 107936 1
83059 116271 1
101753 70261 1
101753 83057 1
101753 83059 1
101753 101754 1
101754 70261 1
101754 83057 1
101754 83059 1
101754 101753 1
108055 51418 1
108055 51419 1
108055 55568 1
108055 66184 1
108055 83057 1
108055 106884 1
108055 110221 1
115219 83057 1
118548 80818 1
118548 82379 1
118548 83057 1
118548 110144 1
118548 110720 1
54984 84419 1
54984 102269 1
54984 103510 1
66662 55568 1
66662 56393 1
66662 82723 1
66662 93908 1
66662 103510 1
92095 103510 1
76098 56393 1
76098 80659 1
76098 81479 1
76098 82723 1
76098 106529 1
76098 112941 1
32723 8577 1
32723 36126 1
32723 57652 1
32723 62835 1
57652 8577 1
57652 32723 1
57652 62835 1
62835 8577 1
62835 32723 1
62835 57652 1
62835 93407 1
65243 8577 1
65243 55602 2
65243 65240 1
65243 65241 2
65243 65242 3
65243 73648 2
65243 73649 2
65243 90408 1
65243 126459 2
65243 126931 1
73648 8577 1
73648 65243 2
73648 73646 1
73648 73649 3
73648 106609 1
73648 126931 1
73649 8577 1
73649 31028 1
73649 50605 1
73649 65243 2
73649 73646 1
73649 73648 3
73649 102269 1
73649 106609 1
73649 126931 1
78080 8577 1
78080 90166 1
90166 8577 2
90166 78080 1
126931 8577 1
126931 55000 1
126931 65243 1
126931 73648 1
126931 73649 1
73950 43992 1
73950 62750 1
73950 80113 1
73950 87892 1
73950 98726 1
73950 101652 1
73950 102427 1
73950 103497 1
73950 113720 1
73950 117596 1
73950 123224 1
110253 58280 1
110253 74284 1
110253 87892 1
110253 92708 1
110253 93882 1
110253 105212 1
110253 113038 1
110253 115974 1
110253 117125 1
46272 95501 1
46272 99255 1
46272 102077 1
46272 110221 1
46272 125167 1
99255 45807 1
99255 46272 1
99255 95189 1
99255 95501 1
99255 99251 1
99255 102077 1
99255 110221 1
99255 125167 2
102077 46272 1
102077 95501 1
102077 99255 1
102077 102075 1
102077 110221 1
102077 125167 1
110221 46272 1
110221 66184 1
110221 95501 1
110221 99255 1
110221 102077 1
110221 104887 1
110221 108055 1
110221 110102 1
110221 125167 1
125167 45807 2
125167 46272 1
125167 95189 3
125167 95501 1
125167 96537 1
125167 99251 4
125167 99252 2
125167 99255 2
125167 102077 1
125167 110221 1
55422 102427 1
55422 109766 1
75933 63481 1
75933 72097 1
75933 76711 1
75933 98782 1
75933 102427 1
75933 111374 1
98726 73950 1
98726 83059 1
98726 101652 1
98726 102427 2
98726 110149 1
98726 110150 1
98726 110720 1
98726 117596 1
101652 63302 1
101652 73950 1
101652 98726 1
101652 102427 1
101652 105212 1
101652 107145 1
101652 108863 1
101652 110574 1
101652 111995 1
101652 112941 1
101652 116521 1
101652 117596 1
101652 121178 1
101652 121256 1
103993 102427 1
110720 74276 1
110720 84235 1
110720 98726 1
110720 102427 1
110720 110719 1
110720 110724 1
110720 114801 1
110720 118548 1
110720 124670 1
117596 52726 1
117596 73950 1
117596 75207 1
117596 97393 1
117596 98726 1
117596 101652 1
117596 102427 1
117596 108784 1
54981 64850 1
54981 81491 1
54981 89620 1
54981 92745 1
54981 104233 1
55867 51805 1
55867 70169 1
55867 84131 1
55867 104233 1
55867 106817 1
102874 104233 1
106817 55867 1
106817 104233 1
113867 66499 1
113867 81511 1
113867 92745 1
113867 96828 1
113867 104051 1
113867 104233 1
113867 112040 1
113867 112941 1
113867 113904 1
113867 115215 1
113867 117658 1
116265 104233 1
116265 115811 1
117658 90242 1
117658 92043 1
117658 103887 1
117658 104233 1
117658 108969 1
117658 108972 1
117658 109139 1
117658 113867 1
117658 115215 1
36673 78083 1
36673 93507 1
36673 95942 1
36673 115215 1
74276 110720 1
74276 115215 2
74276 124670 1
81491 54981 1
81491 64850 1
81491 89620 1
81491 92745 1
81491 115215 1
93507 36673 1
93507 78083 1
93507 115215 1
101102 101103 1
101102 106279 1
101102 108262 1
107859 85426 1
107859 101103 1
107859 102642 1
107859 104542 1
107859 105523 1
108262 101102 1
108262 101103 1
108262 106279 1
91732 36923 1
91732 56404 1
91732 99478 1
91732 102766 1
28723 38551 1
28723 52315 1
28723 52627 1
28723 83595 1
28723 88708 1
28723 91909 1
28723 97559 1
28723 106279 1
52627 22385 1
52627 28723 1
52627 83059 1
52627 97559 1
52627 106279 1
52627 108423 1
68605 77145 1
68605 80659 1
68605 106279 1
77145 68605 1
77145 99031 1
77145 106279 1
77145 111331 1
97559 28723 1
97559 52627 1
97559 106279 1
99674 64850 1
99674 69453 1
99674 93410 1
99674 99675 1
99674 103096 1
99674 104051 1
99674 105902 1
99674 106279 1
99674 107115 1
99674 110878 1
106280 106279 1
65496 70814 1
65496 77222 1
65496 89867 1
65496 96138 1
65496 106884 1
70814 65496 1
70814 75213 1
70814 76648 1
70814 77222 1
70814 87658 1
70814 89867 1
70814 96138 1
70814 106884 1
70814 108146 1
77222 65496 1
77222 70814 1
77222 76945 1
77222 88797 1
77222 89867 1
77222 96138 1
77222 106884 1
77222 113038 1
89867 65496 1
89867 70814 1
89867 77222 1
89867 96138 1
89867 106623 1
89867 106884 1
96138 65496 1
96138 70814 1
96138 77222 1
96138 89867 1
96138 106884 1
111977 106884 1
69453 56393 1
69453 64850 1
69453 93410 1
69453 97393 1
69453 99674 1
69453 103096 1
69453 104061 1
69453 108624 1
69453 114401 1
111290 47712 1
111290 51288 1
111290 57106 1
111290 108624 1
52731 58365 1
52731 66313 1
52731 114566 1
52731 117210 1
52731 123487 1
117144 70257 1
117144 88654 1
117144 110150 1
117144 114721 1
117144 117210 1
117144 117555 1
117144 124477 1
118858 52726 1
118858 117210 1
123487 52731 1
123487 98564 1
123487 117180 1
123487 117210 1
75213 61370 1
75213 70814 1
75213 76648 1
75213 87658 1
75213 89216 1
75213 96771 1
75213 100142 1
75213 108146 1
75213 118390 1
76648 51257 1
76648 70814 1
76648 75213 1
76648 79962 1
76648 87658 1
76648 90305 1
76648 91205 1
76648 98828 1
76648 108146 1
76648 110020 1
76648 112256 1
87658 70814 1
87658 75213 1
87658 76648 1
87658 92908 1
87658 108146 1
98447 89075 1
98447 94617 1
98447 100947 1
98447 106194 1
98447 108146 1
98447 110769 1
98447 110770 1
62415 59067 1
62415 77363 1
85899 59067 1
85979 59067 1
85979 67682 1
85979 69282 1
85979 75512 1
85979 78855 1
85979 88654 1
85979 106004 1
85979 107322 1
88654 59067 1
88654 74284 1
88654 82952 1
88654 85979 1
88654 92178 1
88654 117144 1
92078 59067 1
78338 78339 1
78338 78346 1
78338 78348 1
78338 83072 1
78338 103856 1
78339 75833 1
78339 78338 1
78339 78346 1
78339 78348 1
78339 83072 1
78339 103856 1
78339 105901 1
78339 110020 1
78339 114801 1
78339 116865 1
78348 78338 1
78348 78339 1
78348 78346 1
78348 83072 1
78348 103856 1
83072 58374 1
83072 78338 1
83072 78339 1
83072 78346 1
83072 78348 1
83072 78696 1
83072 78814 1
83072 83128 1
83072 88780 1
83072 103856 1
103856 43031 1
103856 51288 1
103856 78338 1
103856 78339 1
103856 78346 1
103856 78348 1
103856 83072 1
90561 73005 1
90561 74115 1
90561 80204 1
90561 86424 1
90561 90241 1
90561 95942 1
90561 97195 1
90561 98871 1
90561 100186 1
90561 100723 1
90561 101614 1
90561 102906 1
90561 106609 1
90561 114345 1
90561 116295 1
95740 95369 1
95740 97195 1
96651 59706 1
96651 65180 1
96651 80017 1
96651 90788 1
96651 96227 1
96651 97195 1
99695 70800 1
99695 88010 1
99695 89636 1
99695 97195 1
99695 97275 1
99695 100392 1
71596 73405 1
71596 77097 1
71596 77144 1
71596 93407 1
71596 105523 1
86574 77144 1
105523 71596 1
105523 77144 1
105523 88800 1
105523 93396 1
105523 107809 1
105523 107859 1
105523 117211 1
79119 80204 1
79119 102005 1
79119 115343 1
82996 80204 1
82996 98294 1
102005 79119 1
102005 80204 1
102005 106609 1
102005 107809 1
102005 107936 1
113410 80204 1
113410 103217 1
113410 109574 1
43220 82723 1
66937 48860 1
66937 67789 1
66937 82577 1
66937 82720 1
66937 82723 1
66937 82724 1
66937 102846 1
67789 66937 1
67789 75308 1
67789 82577 1
67789 82720 1
67789 82723 1
67789 82724 1
67789 84233 1
67789 102846 1
82577 66937 1
82577 67789 1
82577 82720 1
82577 82723 1
82577 82724 1
82577 102846 1
82720 66937 1
82720 67789 1
82720 82577 1
82720 82723 1
82720 82724 1
82720 102846 1
82724 54164 1
82724 66594 1
82724 66937 1
82724 67789 1
82724 75013 1
82724 82577 1
82724 82720 1
82724 82723 1
82724 102846 1
102846 66937 1
102846 67789 1
102846 82577 1
102846 82720 1
102846 82723 1
102846 82724 1
108664 82723 1
111927 70366 1
111927 82723 1
111927 91270 1
111927 111920 3
111927 111921 4
111927 111923 1
111927 111928 5
111927 111929 17
111927 111930 3
111927 111931 2
111927 115338 1
25356 40693 1
25356 45985 1
25356 46159 1
25356 53974 1
25356 54151 1
25356 87680 1
38419 59402 1
38419 66518 1
38419 87680 1
45985 25356 1
45985 52323 1
45985 81609 1
45985 87680 1
48891 53119 1
48891 66560 1
48891 68112 1
48891 72904 1
48891 84442 1
48891 86333 1
48891 87680 1
48891 87712 1
48891 97430 1
48891 101714 1
66518 38419 1
66518 87680 1
87712 48891 1
87712 87680 1
91971 63568 1
91971 78278 1
91971 85131 1
91971 87680 1
92174 87680 1
92174 90639 1
26772 35654 1
26772 62688 1
26772 70520 1
26772 81191 1
107948 38919 1
107948 70520 1
107948 77585 1
107948 82346 1
107948 102373 1
107948 113522 1
107948 116437 1
107948 119338 1
52367 78083 1
54265 58540 1
54265 62692 1
54265 78083 1
54265 80659 1
54265 88603 1
54265 88956 1
54265 89513 1
62692 54265 1
62692 78083 1
62692 80659 1
62692 89513 1
62692 110435 1
62692 112019 1
62692 116637 1
80659 54265 1
80659 56393 1
80659 62692 1
80659 68605 1
80659 76098 1
80659 78083 1
80659 81479 1
80659 89513 1
80659 111422 1
80659 112941 1
89513 54265 1
89513 62692 1
89513 78083 1
89513 80659 1
89513 115141 1
110587 47334 1
110587 81479 1
110587 94103 1
110587 94552 1
110587 94775 1
110587 95279 1
110587 95371 1
110587 100107 1
110587 111329 1
110587 111330 1
110587 111331 1
110587 124545 1
7680 10585 1
7680 23053 1
7680 31846 1
7680 35463 1
7680 37207 1
7680 40339 1
23053 7680 1
23053 10585 1
23053 31846 1
23053 35463 1
23053 37207 1
23053 40339 1
31846 7680 1
31846 10585 1
31846 23053 1
31846 35463 1
31846 37207 1
31846 40339 1
35463 7680 1
35463 10585 1
35463 23053 1
35463 31846 1
35463 37207 1
35463 40339 1
37207 7680 1
37207 10585 1
37207 15614 1
37207 22701 1
37207 23053 1
37207 31846 1
37207 35463 1
37207 37181 1
37207 40339 1
37207 41235 1
40339 7680 1
40339 10585 1
40339 23053 1
40339 31846 1
40339 35463 1
40339 37207 1
22401 22413 1
22401 38416 1
22401 42935 1
38416 22401 1
38416 22413 1
88906 28332 1
21895 31036 1
21895 42214 1
21895 42414 1
21895 52315 1
21895 56782 1
21895 61202 1
21895 70984 1
21895 79137 1
21895 81469 1
21895 107079 1
34748 52315 1
34748 71529 1
34748 92632 1
34748 102483 1
42214 21895 1
42214 52315 1
42214 70984 1
42214 79137 1
42214 81469 1
55415 49886 1
55415 50360 1
55415 52315 1
55415 52917 1
55415 54168 1
55415 64967 1
55415 68367 1
55415 76898 1
55415 85774 1
57372 52315 1
70984 21895 1
70984 42214 1
70984 52315 1
70984 79137 1
70984 81469 1
71529 34748 1
71529 52315 1
71529 92632 1
71529 102483 1
79137 21895 1
79137 42214 1
79137 52315 1
79137 70984 1
79137 81469 1
81469 21895 1
81469 42214 1
81469 52315 1
81469 70984 1
81469 79137 1
85774 52315 1
85774 55415 1
90672 52315 1
91909 28723 1
91909 52315 1
92632 34748 1
92632 52315 1
92632 71529 1
92632 102483 1
102483 34748 1
102483 52315 1
102483 71529 1
102483 92632 1
34190 38373 1
34190 52370 1
34190 56982 1
34190 70007 1
34190 73293 1
34190 84818 1
38373 34190 1
38373 52370 1
38373 56982 1
38373 70007 1
38373 73293 1
38373 81609 1
38373 84818 1
56982 34190 1
56982 38373 1
56982 52370 1
56982 70007 1
56982 73293 1
56982 84818 1
70007 34190 1
70007 38373 1
70007 52370 1
70007 56982 1
70007 73293 1
70007 84818 1
73293 34190 1
73293 38373 1
73293 52370 1
73293 56982 1
73293 70007 1
73293 79962 1
73293 84818 1
77985 52370 1
84818 34190 1
84818 38373 1
84818 52370 1
84818 56982 1
84818 70007 1
84818 73293 1
93595 52370 1
89014 55473 1
103658 55473 1
103658 97275 1
89114 72340 1
90239 51418 1
90239 90242 1
90239 94775 1
110144 55568 1
110144 80818 1
110144 111422 1
110144 118548 1
83144 71600 1
83144 89216 1
83144 100963 1
84622 71600 1
84622 97393 1
84622 111331 1
84622 113421 1
84622 114721 1
84622 126922 1
89216 61370 1
89216 71600 1
89216 75213 1
89216 83144 1
89216 96771 1
89216 100142 1
89216 100963 1
89216 112256 1
92708 58280 1
92708 71600 1
92708 83595 1
92708 93397 1
92708 110253 1
93397 71600 1
93397 92708 1
100963 71600 1
100963 83144 1
100963 89216 1
111331 71600 1
111331 77145 1
111331 84622 1
111331 99031 1
111331 110587 1
111331 111329 1
111331 111330 1
111331 111422 1
111331 113421 1
111331 126922 1
113421 71600 1
113421 84622 1
113421 111331 1
113421 126922 1
118188 71600 1
126922 71600 1
126922 84622 1
126922 111331 1
126922 113421 1
78384 83059 1
78384 107936 1
78384 111422 1
88800 83059 1
88800 105523 1
107936 78384 1
107936 83059 1
107936 95942 1
107936 102005 1
107936 106609 1
107936 107809 3
116271 83059 1
66184 108055 1
66184 110221 1
80818 81511 1
80818 94775 1
80818 110144 1
80818 118548 1
82379 118548 1
84419 54984 1
102269 31028 1
102269 54984 1
102269 73649 1
56393 66662 1
56393 67682 1
56393 69453 1
56393 76098 1
56393 80659 1
56393 81479 1
56393 93908 2
56393 112941 1
93908 56393 2
93908 66662 1
81479 47334 1
81479 56393 1
81479 76098 1
81479 80659 1
81479 94775 1
81479 95371 1
81479 110587 1
81479 112941 1
112941 56393 1
112941 76098 1
112941 80659 1
112941 81479 1
112941 96828 1
112941 101652 1
112941 104051 1
112941 107145 2
112941 113867 1
112941 113904 1
36126 32723 1
93407 62835 1
93407 71596 1
93407 73405 1
55602 65240 1
55602 65241 2
55602 65242 2
55602 65243 2
55602 126459 2
65240 55602 1
65240 65241 1
65240 65242 1
65240 65243 1
65240 126459 1
65241 55602 2
65241 65240 1
65241 65242 2
65241 65243 2
65241 126459 2
65242 55602 2
65242 65240 1
65242 65241 2
65242 65243 3
65242 126459 2
90408 65243 1
126459 55602 2
126459 65240 1
126459 65241 2
126459 65242 2
126459 65243 2
73646 73648 1
73646 73649 1
73646 106609 1
106609 73646 1
106609 73648 1
106609 73649 1
106609 90241 1
106609 90561 1
106609 101614 1
106609 102005 1
106609 102906 1
106609 107809 1
106609 107936 1
31028 73649 1
31028 102269 1
55000 126931 1
43992 62750 1
43992 73950 1
43992 80113 1
43992 103497 1
43992 113720 1
43992 123224 1
62750 43992 1
62750 73950 1
62750 80113 1
62750 103497 1
62750 113720 1
62750 123224 1
80113 43992 1
80113 62750 1
80113 73950 1
80113 103497 1
80113 113720 1
80113 123224 1
103497 43992 1
103497 62750 1
103497 73950 1
103497 80113 1
103497 113720 1
103497 123224 1
113720 43992 1
113720 62750 1
113720 73950 1
113720 80113 1
113720 103497 1
113720 123224 1
123224 43992 1
123224 62750 1
123224 73950 1
123224 80113 1
123224 103497 1
123224 113720 1
123224 119338 1
58280 92708 1
58280 110253 1
74284 82952 1
74284 88654 1
74284 90242 1
74284 92178 1
74284 93882 2
74284 105212 1
74284 110253 1
93882 74284 2
93882 110253 1
105212 74284 1
105212 101652 1
105212 108863 1
105212 110253 1
105212 110574 1
113038 76945 1
113038 77222 1
113038 88797 1
113038 110253 1
115974 110253 1
117125 110253 1
45807 95189 2
45807 99251 2
45807 99252 1
45807 99255 1
45807 125167 2
95189 40693 1
95189 45807 2
95189 96537 1
95189 99251 3
95189 99252 2
95189 99255 1
95189 125167 3
99251 45807 2
99251 95189 3
99251 96537 1
99251 99252 2
99251 99255 1
99251 125167 4
102075 102077 1
104887 110221 1
110102 110221 1
96537 95189 1
96537 99251 1
96537 99252 1
96537 125167 1
99252 45807 1
99252 95189 2
99252 96537 1
99252 99251 2
99252 125167 2
109766 55422 1
63481 75933 1
72097 75933 1
72097 76711 1
72097 98782 1
72097 111374 1
76711 72097 1
76711 75933 1
76711 98782 1
76711 111374 1
98782 72097 1
98782 75933 1
98782 76711 1
98782 111374 1
111374 72097 1
111374 75933 1
111374 76711 1
111374 98782 1
110149 98726 1
110149 110150 1
110150 98726 1
110150 110149 1
110150 114721 1
110150 117144 1
63302 101652 1
63302 114345 1
107145 101652 1
107145 112941 2
108863 101652 1
108863 105212 1
108863 110574 1
110574 101652 1
110574 105212 1
110574 108863 1
111995 101652 1
111995 116521 1
111995 121256 1
116521 98035 1
116521 101652 1
116521 111995 1
116521 121256 1
121178 101652 1
121256 101652 1
121256 111995 1
121256 116521 1
84235 110719 1
84235 110720 1
84235 110724 1
110719 84235 1
110719 110720 1
110719 110724 1
110724 84235 1
110724 110719 1
110724 110720 1
114801 78339 1
114801 105901 1
114801 110020 1
114801 110720 1
124670 74276 1
124670 110720 1
52726 97393 1
52726 117596 1
52726 118858 1
75207 117596 1
97393 52726 1
97393 69453 1
97393 84622 1
97393 117596 1
108784 117596 1
64850 54981 1
64850 69453 1
64850 81491 1
64850 89620 1
64850 92745 1
64850 93410 1
64850 99674 1
64850 103096 1
89620 54981 1
89620 64850 1
89620 81491 1
89620 92745 1
92745 54981 1
92745 64850 1
92745 81491 1
92745 81511 1
92745 89620 1
92745 112040 1
92745 113867 1
51805 55867 1
51805 70169 1
51805 84131 1
70169 51805 1
70169 55867 1
70169 84131 2
84131 51805 1
84131 55867 1
84131 70169 2
66499 113867 1
81511 80818 1
81511 92745 1
81511 94775 1
81511 112040 1
81511 113867 1
96828 104051 1
96828 112941 1
96828 113867 1
96828 113904 1
104051 96828 1
104051 99674 1
104051 99675 1
104051 112941 1
104051 113867 1
104051 113904 1
112040 81511 1
112040 91881 1
112040 92745 1
112040 113867 1
113904 96828 1
113904 104051 1
113904 112941 1
113904 113867 1
115811 116265 1
90242 74284 1
90242 90239 1
90242 92043 1
90242 94775 1
90242 103217 1
90242 109139 1
90242 117658 1
92043 90242 1
92043 109139 1
92043 117658 1
103887 98564 1
103887 108969 1
103887 108972 1
103887 117180 1
103887 117658 1
108969 103887 1
108969 108972 1
108969 117658 1
108972 103887 1
108972 108969 1
108972 117658 1
109139 90242 1
109139 92043 1
109139 117658 1
95942 36673 1
95942 78855 1
95942 90561 1
95942 107809 1
95942 107936 1
85426 104542 1
85426 107859 1
102642 107859 1
104542 58374 1
104542 85426 1
104542 107859 1
36923 56404 1
36923 91732 1
56404 36923 1
56404 91732 1
99478 91732 1
38551 28723 1
83595 28723 1
83595 92708 1
88708 28723 1
22385 52627 1
22385 108423 1
108423 22385 1
108423 52627 1
99031 77145 1
99031 111331 1
93410 64850 1
93410 69453 1
93410 99674 1
93410 103096 1
99675 99674 1
99675 104051 1
103096 64850 1
103096 69453 1
103096 93410 1
103096 99674 1
105902 99674 1
105902 107115 1
105902 110878 1
107115 99674 1
107115 105902 1
107115 110878 1
110878 99674 1
110878 105902 1
110878 107115 1
76945 77222 1
76945 88797 1
76945 113038 1
88797 76945 1
88797 77222 1
88797 113038 1
88797 115338 1
106623 89867 1
104061 69453 1
104061 114401 5
114401 69453 1
114401 104061 5
47712 57106 1
47712 111290 1
51288 103856 1
51288 111290 1
57106 47712 1
57106 94617 2
57106 111290 1
58365 52731 1
58365 66313 2
66313 52731 1
66313 58365 2
114566 52731 1
70257 117144 1
114721 84622 1
114721 110150 1
114721 117144 1
117555 117144 1
124477 117144 1
98564 103887 1
98564 123487 1
117180 103887 1
117180 107809 1
117180 123487 1
61370 75213 1
61370 89216 1
61370 96771 1
61370 100142 1
96771 61370 1
96771 75213 1
96771 89216 1
96771 100142 1
100142 61370 1
100142 75213 1
100142 89216 1
100142 96771 1
118390 75213 1
51257 76648 1
51257 79962 1
51257 110020 1
79962 51257 1
79962 73293 1
79962 76648 1
79962 110020 1
90305 76648 1
90305 98828 1
90305 114924 1
91205 76648 1
98828 76648 1
98828 90305 1
110020 51257 1
110020 76648 1
110020 78339 1
110020 79962 1
110020 105901 1
110020 114801 1
112256 76648 1
112256 89216 1
92908 87658 1
89075 94617 1
89075 98447 1
94617 57106 2
94617 89075 1
94617 98447 1
100947 98447 1
100947 106194 1
106194 98447 1
106194 100947 1
110769 98447 1
110769 110770 2
110770 98447 1
110770 110769 2
77363 62415 1
67682 56393 1
67682 69282 1
67682 75512 1
67682 78855 1
67682 85979 1
67682 107322 1
69282 67682 1
69282 75512 1
69282 78855 1
69282 85979 1
69282 107322 1
75512 67682 1
75512 69282 1
75512 78855 1
75512 85979 1
75512 107322 1
78855 67682 1
78855 69282 1
78855 75512 1
78855 85979 1
78855 95942 1
78855 107322 1
106004 85979 1
107322 67682 1
107322 69282 1
107322 75512 1
107322 78855 1
107322 85979 1
82952 74284 1
82952 88654 1
82952 92178 1
82952 94775 1
82952 113522 1
92178 74284 1
92178 82952 1
92178 88654 1
75833 59475 1
75833 78339 1
105901 78339 1
105901 110020 1
105901 114801 1
116865 78339 1
58374 83072 1
58374 104542 1
78696 83072 1
78696 83128 1
78814 83072 1
83128 78696 1
83128 83072 1
88780 83072 1
43031 103856 1
73005 86424 1
73005 90561 1
73005 98871 1
73005 100186 1
74115 90561 1
74115 96227 1
74115 114345 1
86424 73005 1
86424 90561 1
86424 98871 1
86424 100186 1
90241 90561 1
90241 101614 1
90241 102906 1
90241 106609 1
98871 73005 1
98871 86424 1
98871 90561 1
98871 100186 1
100186 73005 1
100186 86424 1
100186 90561 1
100186 98871 1
100723 76913 1
100723 90561 1
101614 90241 1
101614 90561 1
101614 102906 1
101614 106609 1
102906 90241 1
102906 90561 1
102906 101614 1
102906 106609 1
114345 63302 1
114345 74115 1
114345 90561 1
116295 90561 1
95369 95740 1
59706 96651 1
65180 96651 1
80017 90788 1
80017 96227 1
80017 96651 1
90788 80017 1
90788 96227 1
90788 96651 1
96227 74115 1
96227 80017 1
96227 90788 1
96227 96651 1
70800 97275 1
70800 99695 1
88010 99695 1
89636 99695 1
97275 70800 1
97275 99695 1
97275 103658 1
100392 99695 1
73405 71596 1
73405 93407 1
77097 71596 1
93396 105523 1
93396 107809 1
107809 93396 1
107809 95942 1
107809 102005 1
107809 105523 1
107809 106609 1
107809 107936 3
107809 117180 1
117211 105523 1
115343 79119 1
98294 82996 1
103217 90242 1
103217 113410 1
109574 113410 1
48860 66937 1
75308 67789 1
75308 84233 1
84233 67789 1
84233 75308 1
54164 66594 1
54164 75013 1
54164 82724 1
66594 54164 1
66594 75013 1
66594 82724 1
75013 54164 1
75013 66594 1
75013 82724 1
70366 91270 1
70366 111920 1
70366 111921 1
70366 111923 1
70366 111927 1
70366 111928 1
70366 111929 1
70366 111930 1
70366 111931 1
70366 113192 1
91270 70366 1
91270 111920 1
91270 111921 1
91270 111923 1
91270 111927 1
91270 111928 1
91270 111929 1
91270 111930 1
91270 111931 1
111920 70366 1
111920 91270 1
111920 111921 3
111920 111923 2
111920 111927 3
111920 111928 2
111920 111929 3
111920 111930 1
111920 111931 2
111921 70366 1
111921 91270 1
111921 111920 3
111921 111923 1
111921 111927 4
111921 111928 2
111921 111929 3
111921 111930 1
111921 111931 2
111923 70366 1
111923 91270 1
111923 111920 2
111923 111921 1
111923 111927 1
111923 111928 1
111923 111929 1
111923 111930 1
111923 111931 1
111928 70366 1
111928 91270 1
111928 111920 2
111928 111921 2
111928 111923 1
111928 111927 5
111928 111929 5
111928 111930 2
111928 111931 2
111928 115338 1
111929 70366 1
111929 91270 1
111929 111920 3
111929 111921 3
111929 111923 1
111929 111927 17
111929 111928 5
111929 111930 3
111929 111931 2
111929 115338 1
111930 70366 1
111930 91270 1
111930 111920 1
111930 111921 1
111930 111923 1
111930 111927 3
111930 111928 2
111930 111929 3
111930 111931 1
111931 70366 1
111931 91270 1
111931 111920 2
111931 111921 2
111931 111923 1
111931 111927 2
111931 111928 2
111931 111929 2
111931 111930 1
115338 88797 1
115338 111927 1
115338 111928 1
115338 111929 1
115338 115340 1
40693 25356 1
40693 53974 1
40693 95189 1
46159 25356 1
46159 54151 1
53974 25356 1
53974 40693 1
54151 25356 1
54151 46159 1
59402 38419 1
52323 45985 1
52323 81609 1
81609 38373 1
81609 45985 1
81609 52323 1
53119 48891 1
66560 48891 1
66560 68112 1
66560 97430 1
68112 48891 1
68112 66560 1
68112 97430 1
72904 48891 1
84442 48891 1
86333 48891 1
97430 48891 1
97430 66560 1
97430 68112 1
101714 48891 1
63568 78278 1
63568 85131 1
63568 91971 1
78278 63568 1
78278 85131 1
78278 91971 1
85131 63568 1
85131 78278 1
85131 91971 1
90639 92174 1
35654 26772 1
35654 62688 1
62688 26772 1
62688 35654 1
81191 26772 1
38919 107948 1
77585 102373 1
77585 107948 1
82346 107948 1
102373 77585 1
102373 107948 1
113522 82952 1
113522 107948 1
113522 119338 1
116437 107948 1
119338 107948 1
119338 113522 1
119338 123224 1
58540 54265 1
88603 54265 1
88956 54265 1
110435 62692 1
110435 102258 1
110435 112019 2
110435 116637 1
112019 62692 1
112019 110435 2
112019 116637 3
116637 62692 1
116637 110435 1
116637 112019 3
111422 78384 1
111422 80659 1
111422 110144 1
111422 111331 1
115141 55276 1
115141 70361 1
115141 74379 1
115141 79123 1
115141 82988 1
115141 89513 1
115141 89514 1
115141 126932 1
47334 81479 1
47334 94775 1
47334 95371 1
47334 110587 1
94103 110587 1
94552 95279 1
94552 110587 1
94552 124545 1
94775 47334 1
94775 80818 1
94775 81479 1
94775 81511 1
94775 82952 1
94775 90239 1
94775 90242 1
94775 95371 1
94775 110587 1
95279 94552 1
95279 110587 1
95279 124545 5
95371 47334 1
95371 81479 1
95371 94775 1
95371 110587 1
111329 110587 1
111329 111330 1
111329 111331 1
111330 110587 1
111330 111329 1
111330 111331 1
124545 94552 1
124545 95279 5
124545 110587 1
15614 22701 1
15614 37207 1
15614 41235 1
22701 15614 1
22701 37207 1
22701 41235 1
37181 37207 1
41235 15614 1
41235 22701 1
41235 37207 1
42935 22401 1
31036 21895 1
31036 42414 1
31036 56782 1
42414 21895 1
42414 31036 1
42414 56782 1
56782 21895 1
56782 31036 1
56782 42414 1
61202 21895 1
107079 21895 1
49886 55415 1
49886 68367 1
50360 55415 1
50360 76898 1
52917 54168 1
52917 55415 1
54168 52917 1
54168 55415 1
64967 55415 1
68367 49886 1
68367 55415 1
76898 50360 1
76898 55415 1
98035 116521 1
91881 112040 1
114924 90305 1
59475 75833 1
76913 100723 1
113192 70366 1
115340 115338 1
102258 110435 1
55276 82988 1
55276 115141 1
70361 115141 1
74379 79123 1
74379 82988 1
74379 89514 1
74379 115141 1
79123 74379 1
79123 82988 1
79123 89514 1
79123 115141 1
82988 55276 1
82988 74379 1
82988 79123 1
82988 89514 1
82988 115141 1
89514 74379 1
89514 79123 1
89514 82988 1
89514 115141 1
126932 115141 1
