125079 114232 1
114232 81769 1
114232 84929 2
114232 84930 1
114232 87594 1
114232 89402 1
114232 94595 1
114232 96512 1
114232 106564 1
114232 108025 1
114232 114233 1
114232 117665 1
114232 125079 1
81769 48756 1
81769 51864 1
81769 55901 1
81769 57360 1
81769 57682 1
81769 59126 1
81769 61549 1
81769 65223 1
81769 66661 1
81769 67418 1
81769 67647 1
81769 74244 1
81769 74677 1
81769 75028 1
81769 75964 1
81769 77196 1
81769 78008 1
81769 78294 1
81769 78472 1
81769 78570 1
81769 78811 1
81769 79141 1
81769 79931 1
81769 79990 1
81769 80586 1
81769 82722 1
81769 83777 1
81769 84067 1
81769 84517 1
81769 85408 1
81769 85590 1
81769 86182 1
81769 86305 1
81769 86537 1
81769 87473 1
81769 89835 2
81769 89837 1
81769 91208 1
81769 92398 1
81769 96445 1
81769 96512 1
81769 98190 1
81769 99604 1
81769 101767 1
81769 105510 1
81769 108275 1
81769 109625 1
81769 110332 1
81769 111883 1
81769 112762 1
81769 114232 1
81769 118883 1
84929 36668 1
84929 51425 1
84929 51521 1
84929 57909 1
84929 59066 1
84929 61666 1
84929 65504 1
84929 66489 1
84929 68002 1
84929 68617 1
84929 71171 1
84929 71288 1
84929 74223 1
84929 74279 1
84929 77211 1
84929 80180 1
84929 81640 2
84929 83149 1
84929 84930 1
84929 86003 1
84929 86604 1
84929 87034 1
84929 87594 1
84929 90633 1
84929 90789 1
84929 91096 1
84929 92359 1
84929 93819 1
84929 95905 1
84929 98938 2
84929 100386 1
84929 100387 1
84929 100388 1
84929 101096 1
84929 102639 1
84929 103289 1
84929 108140 1
84929 110176 1
84929 111069 1
84929 112042 1
84929 113298 1
84929 113466 1
84929 114232 2
84929 114233 1
84929 115089 1
84929 115225 1
84929 115337 1
84929 117665 1
84929 117886 1
84929 119089 1
84929 119584 1
84929 122648 1
84930 84929 1
84930 87594 1
84930 114232 1
84930 114233 1
84930 117665 1
87594 30753 1
87594 43693 1
87594 52349 1
87594 61929 1
87594 63352 1
87594 64475 1
87594 65851 1
87594 67644 1
87594 69709 1
87594 71418 1
87594 78557 1
87594 79371 1
87594 82663 1
87594 82733 1
87594 84050 1
87594 84929 1
87594 84930 1
87594 86260 1
87594 94358 1
87594 96193 1
87594 97229 1
87594 100191 1
87594 103872 1
87594 103995 1
87594 104818 1
87594 111114 1
87594 114232 1
87594 114233 1
87594 115085 1
87594 115087 1
87594 117665 1
87594 123989 1
89402 53736 1
89402 69526 1
89402 76797 1
89402 86098 1
89402 91829 1
89402 99694 1
89402 110616 1
89402 110617 1
89402 114232 1
89402 114643 1
89402 114645 1
94595 38027 1
94595 55452 1
94595 55482 1
94595 57374 1
94595 69380 3
94595 72219 1
94595 72299 1
94595 73852 1
94595 75197 1
94595 80569 1
94595 80712 1
94595 80838 1
94595 81680 1
94595 82003 1
94595 82722 1
94595 84000 1
94595 85895 1
94595 89135 1
94595 89243 1
94595 92513 1
94595 95312 1
94595 95673 1
94595 98321 1
94595 98340 1
94595 98495 1
94595 98503 2
94595 99033 1
94595 100444 1
94595 101390 1
94595 102256 1
94595 104560 1
94595 105696 1
94595 105894 1
94595 108782 1
94595 109250 1
94595 110578 1
94595 111491 1
94595 111492 1
94595 114232 1
94595 116035 1
94595 117643 1
96512 59277 1
96512 65023 1
96512 71358 1
96512 72434 1
96512 73746 1
96512 74023 1
96512 75029 1
96512 75303 1
96512 77996 1
96512 78580 1
96512 80006 1
96512 81544 1
96512 81769 1
96512 89675 1
96512 94085 1
96512 94958 1
96512 110982 1
96512 114232 1
106564 114232 1
108025 58385 1
108025 60245 1
108025 68134 1
108025 68196 1
108025 72112 1
108025 72293 1
108025 75170 1
108025 80028 1
108025 80826 1
108025 81050 1
108025 82301 1
108025 82735 1
108025 82802 1
108025 83143 1
108025 84086 1
108025 85889 1
108025 85890 1
108025 85893 1
108025 86537 1
108025 87637 1
108025 87740 1
108025 87866 1
108025 88092 1
108025 89099 1
108025 89591 1
108025 91600 1
108025 92240 1
108025 92269 1
108025 92388 1
108025 95886 1
108025 95993 1
108025 96070 1
108025 96632 1
108025 97338 1
108025 100244 1
108025 101995 1
108025 103914 1
108025 106229 1
108025 108026 1
108025 109568 1
108025 110973 1
108025 111208 1
108025 111209 1
108025 112094 1
108025 112939 1
108025 113466 1
108025 114174 1
108025 114232 1
108025 115767 1
108025 119488 1
114233 84929 1
114233 84930 1
114233 87594 1
114233 95023 1
114233 95488 1
114233 114232 1
114233 117665 1
114233 127449 1
117665 67644 1
117665 82196 1
117665 84929 1
117665 84930 1
117665 87100 1
117665 87594 1
117665 95355 1
117665 103996 1
117665 107200 1
117665 110254 1
117665 110256 2
117665 114232 1
117665 114233 1
117665 114925 1
117665 114975 1
117665 115507 1
117665 117662 1
117665 119050 1
48756 17603 1
48756 21894 1
48756 25348 1
48756 27067 1
48756 29486 1
48756 32246 1
48756 32275 1
48756 37964 1
48756 38700 1
48756 39548 1
48756 41902 1
48756 43081 1
48756 43489 1
48756 45723 1
48756 46842 1
48756 47583 1
48756 48016 1
48756 50098 1
48756 51864 1
48756 51944 1
48756 52147 2
48756 52360 1
48756 52772 1
48756 53282 1
48756 53548 2
48756 55620 1
48756 56794 1
48756 56847 1
48756 59651 1
48756 61420 1
48756 62836 1
48756 62846 1
48756 63770 1
48756 64315 1
48756 64714 1
48756 65482 1
48756 66231 1
48756 66609 1
48756 68249 1
48756 68626 1
48756 74149 1
48756 75094 1
48756 78701 1
48756 80209 1
48756 81769 1
48756 81977 1
48756 82339 1
48756 84474 1
48756 84524 1
48756 84804 1
48756 86330 1
48756 89837 1
48756 95351 1
48756 96115 2
48756 101889 1
48756 110332 1
48756 110498 1
48756 114938 1
48756 124777 1
51864 21283 1
51864 43241 1
51864 46086 1
51864 46872 1
51864 48756 1
51864 52246 1
51864 56847 1
51864 66199 1
51864 66209 1
51864 66314 1
51864 66367 1
51864 73594 1
51864 74982 1
51864 80580 1
51864 81769 1
51864 81814 1
51864 89837 1
51864 90209 1
51864 101184 1
51864 110332 1
55901 66661 1
55901 67625 1
55901 72293 1
55901 75964 1
55901 76616 1
55901 78279 1
55901 78294 1
55901 78308 1
55901 81769 1
55901 82381 1
55901 82665 1
55901 87016 1
55901 89835 1
55901 90033 1
55901 91793 1
55901 99345 1
55901 102132 1
55901 103771 1
55901 104334 1
55901 104427 1
55901 105510 1
55901 111883 1
55901 127046 1
57360 24564 1
57360 25388 1
57360 27152 1
57360 27176 1
57360 28194 1
57360 29382 1
57360 32245 1
57360 32555 1
57360 34988 1
57360 35971 1
57360 39580 1
57360 41137 1
57360 42156 1
57360 42931 1
57360 45044 1
57360 46288 1
57360 46818 1
57360 47939 1
57360 48863 1
57360 49598 1
57360 50109 1
57360 51006 1
57360 51926 1
57360 53625 1
57360 56799 1
57360 57561 1
57360 59268 1
57360 61106 1
57360 63046 1
57360 63548 1
57360 63549 1
57360 66264 1
57360 66317 1
57360 70244 1
57360 71777 1
57360 77153 1
57360 78182 1
57360 79484 1
57360 80580 1
57360 80586 1
57360 80909 1
57360 81228 1
57360 81769 1
57360 82121 1
57682 33590 1
57682 35981 1
57682 38700 1
57682 43263 1
57682 46762 1
57682 46781 1
57682 51272 1
57682 51441 1
57682 53199 1
57682 56093 1
57682 57346 1
57682 62243 1
57682 62644 1
57682 66073 1
57682 67418 1
57682 67639 2
57682 72523 1
57682 74147 1
57682 75054 1
57682 75829 1
57682 77196 1
57682 77815 1
57682 78008 1
57682 79277 1
57682 79935 1
57682 79990 1
57682 80209 1
57682 81769 1
57682 82871 1
57682 84422 1
57682 85408 1
57682 86330 1
57682 89095 1
57682 92983 1
57682 101767 1
57682 104813 1
57682 108275 1
57682 112243 1
57682 117236 1
57682 121068 1
59126 55416 1
59126 75028 1
59126 78570 1
59126 81769 1
59126 82743 1
59126 83777 1
59126 86182 1
59126 86561 1
59126 90482 1
59126 90988 1
59126 93625 1
59126 108173 1
59126 126972 1
61549 40079 1
61549 45725 1
61549 49097 1
61549 50107 1
61549 53295 1
61549 59651 1
61549 60549 1
61549 62844 1
61549 62965 1
61549 63269 1
61549 66367 1
61549 67418 1
61549 70909 1
61549 72523 1
61549 73884 1
61549 73927 1
61549 74020 1
61549 79931 1
61549 80073 1
61549 81769 1
61549 81870 1
61549 82290 1
61549 82932 1
61549 83433 1
61549 83605 1
61549 84517 1
61549 85590 1
61549 86176 1
61549 87646 1
61549 89020 1
61549 89111 1
61549 90453 1
61549 95418 1
61549 95831 1
61549 96799 1
61549 99210 1
61549 99953 1
61549 101644 1
61549 108672 1
61549 111463 1
61549 114670 1
61549 116601 1
65223 22400 1
65223 43604 1
65223 45724 1
65223 48762 1
65223 49129 1
65223 51570 1
65223 52621 1
65223 52809 1
65223 52907 1
65223 53121 1
65223 53122 1
65223 54183 1
65223 55432 1
65223 58509 1
65223 59794 1
65223 60549 1
65223 60715 1
65223 61603 1
65223 62838 1
65223 63483 1
65223 64301 1
65223 66020 1
65223 67811 1
65223 67860 1
65223 69998 1
65223 70151 1
65223 74244 1
65223 75276 1
65223 75297 1
65223 76482 1
65223 78334 1
65223 78481 1
65223 78522 1
65223 78563 1
65223 79726 1
65223 79980 1
65223 80701 1
65223 81769 1
65223 82294 1
65223 82330 1
65223 83047 1
65223 84036 1
65223 85510 1
65223 86305 1
65223 87473 1
65223 89020 1
65223 91208 1
65223 92398 1
65223 96445 1
65223 115225 1
66661 55901 1
66661 75964 1
66661 78294 1
66661 81769 1
66661 89835 1
66661 105510 1
66661 111883 1
67418 40079 1
67418 50107 1
67418 57682 1
67418 61549 1
67418 63549 1
67418 64315 1
67418 67647 2
67418 75029 1
67418 77196 1
67418 78008 1
67418 79990 1
67418 81769 1
67418 82663 1
67418 84084 1
67418 85408 1
67418 89020 1
67418 98190 1
67418 101767 1
67418 108275 1
67647 67418 2
67647 75029 1
67647 76616 1
67647 80749 1
67647 81769 1
67647 84067 1
67647 109625 1
74244 57346 1
74244 62844 1
74244 65223 1
74244 67639 1
74244 79935 1
74244 80909 1
74244 81769 1
74244 81977 1
74244 83433 1
74244 84422 1
74244 87473 1
74244 91208 1
74244 92398 1
74244 96445 1
74677 52772 2
74677 81050 1
74677 81769 1
74677 82301 1
74677 82722 1
74677 86305 1
74677 93625 1
74677 104813 1
75028 59126 1
75028 78570 1
75028 81769 1
75028 83777 1
75028 86182 1
75964 53995 1
75964 55541 1
75964 55901 1
75964 66661 1
75964 78294 1
75964 80701 1
75964 81769 1
75964 87100 1
75964 89835 1
75964 105510 1
75964 111883 1
75964 116272 1
77196 57682 1
77196 67418 1
77196 78008 1
77196 79990 1
77196 81769 1
77196 85408 1
77196 88092 1
77196 101767 1
77196 104818 1
77196 105510 1
77196 108140 1
77196 108275 2
78008 57682 1
78008 64923 1
78008 66317 1
78008 67418 1
78008 75297 1
78008 77196 1
78008 78472 1
78008 78811 1
78008 79990 1
78008 81769 1
78008 85408 1
78008 86305 1
78008 91208 1
78008 101767 1
78008 108275 1
78008 126972 1
78294 55901 1
78294 66661 1
78294 75964 1
78294 81769 1
78294 89835 1
78294 105510 1
78294 111883 1
78472 40079 1
78472 57374 1
78472 74279 1
78472 78008 1
78472 79277 1
78472 79990 1
78472 81769 1
78472 82330 1
78472 82722 1
78472 126974 1
78570 59126 1
78570 75028 1
78570 81769 1
78570 82735 1
78570 83777 1
78570 86182 1
78570 90209 1
78811 74147 1
78811 78008 1
78811 81769 1
78811 98190 1
79141 81769 1
79931 61549 1
79931 79980 1
79931 81769 1
79931 84517 1
79931 85590 1
79931 100244 1
79931 108026 1
79990 10742 1
79990 36637 1
79990 57682 1
79990 62644 1
79990 67418 1
79990 68249 1
79990 69998 1
79990 77153 1
79990 77196 1
79990 78008 1
79990 78472 1
79990 81769 1
79990 85408 1
79990 86182 1
79990 86604 1
79990 101767 1
79990 108275 1
80586 57360 1
80586 62728 1
80586 81769 1
82722 57374 1
82722 74279 1
82722 74677 1
82722 78472 1
82722 80569 1
82722 81680 1
82722 81769 1
82722 84000 1
82722 89243 1
82722 94595 1
82722 97960 1
83777 59126 1
83777 62243 1
83777 75028 1
83777 78570 1
83777 81769 1
83777 86182 1
84067 67647 1
84067 81769 1
84067 91600 2
84067 109625 1
84517 61549 1
84517 79931 1
84517 81769 1
84517 85590 1
85408 57682 1
85408 62644 1
85408 67418 1
85408 77196 1
85408 78008 1
85408 79990 1
85408 81769 1
85408 86537 1
85408 91829 1
85408 99033 1
85408 101767 1
85408 108275 1
85590 61549 1
85590 79931 1
85590 80712 1
85590 81769 1
85590 84517 1
85590 103872 1
86182 28334 1
86182 59126 1
86182 64315 1
86182 64475 1
86182 72112 1
86182 75028 1
86182 78570 1
86182 79990 1
86182 81769 1
86182 83777 1
86305 22400 1
86305 45724 1
86305 49129 1
86305 51570 1
86305 52621 1
86305 52809 1
86305 52907 1
86305 62838 1
86305 64301 1
86305 65223 1
86305 70151 1
86305 74677 1
86305 78008 1
86305 78481 1
86305 79980 1
86305 81769 1
86305 86537 1
86305 98190 1
86537 42931 1
86537 72293 1
86537 81769 1
86537 85408 1
86537 85889 1
86537 86305 1
86537 95351 1
86537 96632 1
86537 98190 1
86537 108025 1
86537 115507 1
87473 49129 1
87473 52907 1
87473 65223 1
87473 69336 1
87473 74244 1
87473 78481 1
87473 78563 1
87473 81769 1
87473 91208 1
87473 92398 1
87473 96115 1
87473 96445 1
87473 99345 1
89835 55901 1
89835 66661 1
89835 75964 1
89835 78294 1
89835 80580 1
89835 81769 2
89835 82003 1
89835 92240 1
89835 102256 1
89835 105510 1
89835 111883 1
89835 112762 1
89835 112939 1
89837 48756 1
89837 51864 1
89837 81769 1
89837 110332 1
89837 112384 1
91208 65223 1
91208 74244 1
91208 78008 1
91208 81769 1
91208 87473 1
91208 92398 1
91208 96445 1
92398 55435 1
92398 64315 2
92398 65223 1
92398 74244 1
92398 81769 1
92398 87473 1
92398 91208 1
92398 92513 2
92398 96445 1
96445 65223 1
96445 74244 1
96445 81769 1
96445 87473 1
96445 91208 1
96445 92398 1
98190 67418 1
98190 78811 1
98190 81769 1
98190 86305 1
98190 86537 1
98190 95351 1
98190 105762 2
98190 119833 1
99604 81769 1
99604 105510 1
99604 118883 1
101767 57682 1
101767 67418 1
101767 77196 1
101767 78008 1
101767 79990 1
101767 81769 1
101767 85408 1
101767 108275 1
105510 52349 1
105510 55901 1
105510 59651 1
105510 66661 1
105510 75964 1
105510 77196 1
105510 78294 1
105510 81769 1
105510 82381 1
105510 88092 1
105510 89835 1
105510 99604 1
105510 111208 1
105510 111883 1
108275 57682 1
108275 67418 1
108275 77196 2
108275 78008 1
108275 79990 1
108275 81769 1
108275 85408 1
108275 101767 1
109625 67647 1
109625 81769 1
109625 84067 1
109625 115324 1
110332 48756 1
110332 51864 1
110332 61603 1
110332 81769 1
110332 89837 1
110332 96115 1
110332 108140 1
111883 55901 1
111883 66661 1
111883 67625 1
111883 75964 1
111883 78294 1
111883 81769 1
111883 89835 1
111883 105510 1
111883 119515 1
112762 81769 1
112762 89135 1
112762 89835 1
118883 81769 1
118883 99604 1
36668 80180 1
36668 84929 1
36668 86604 1
36668 113466 1
36668 115225 1
36668 122648 1
51425 51521 1
51425 61666 1
51425 65504 1
51425 74223 2
51425 74279 1
51425 77211 1
51425 81640 1
51425 84929 1
51425 110254 1
51521 51425 1
51521 61666 1
51521 65504 1
51521 74223 1
51521 74279 1
51521 77211 1
51521 81640 1
51521 84929 1
57909 68002 1
57909 84929 1
57909 108140 1
57909 115337 1
59066 68617 1
59066 83149 1
59066 84929 1
59066 113298 1
59066 117886 1
61666 51425 1
61666 51521 1
61666 65504 1
61666 74223 1
61666 74279 1
61666 77211 1
61666 81640 1
61666 84929 1
65504 51425 1
65504 51521 1
65504 61666 1
65504 64475 1
65504 74223 2
65504 74279 1
65504 77211 1
65504 80209 1
65504 81640 1
65504 82330 1
65504 84929 1
65504 101995 1
66489 71171 1
66489 71288 1
66489 84929 1
66489 90633 1
66489 90789 2
66489 91096 1
66489 92359 1
66489 98938 1
66489 102639 1
66489 115337 1
68002 57909 1
68002 84929 1
68002 85893 1
68002 108140 1
68002 115337 1
68617 59066 1
68617 83149 1
68617 84929 1
68617 87016 1
68617 96479 1
68617 105661 1
68617 105826 1
68617 110012 1
68617 113298 1
68617 117886 1
71171 66489 1
71171 71288 1
71171 84929 1
71171 90633 1
71171 90789 2
71171 91096 1
71171 92359 1
71171 98938 1
71171 102639 1
71288 66489 1
71288 71171 1
71288 84929 1
71288 90633 1
71288 90789 1
71288 91096 1
71288 92359 1
71288 98938 1
71288 102639 1
74223 51425 2
74223 51521 1
74223 61666 1
74223 65504 2
74223 74279 1
74223 77211 1
74223 81640 1
74223 84929 1
74223 87740 1
74223 89591 1
74279 51425 1
74279 51521 1
74279 57374 1
74279 61666 1
74279 65504 1
74279 74223 1
74279 77211 1
74279 78472 1
74279 81640 1
74279 82722 1
74279 84929 1
77211 51425 1
77211 51521 1
77211 61666 1
77211 65504 1
77211 74223 1
77211 74279 1
77211 81640 1
77211 84929 1
80180 36668 1
80180 75170 1
80180 84929 1
80180 85890 1
80180 86604 1
80180 109210 1
80180 113466 1
80180 115225 1
80180 122648 1
81640 51425 1
81640 51521 1
81640 61666 1
81640 65504 1
81640 74223 1
81640 74279 1
81640 77211 1
81640 84929 2
81640 87034 1
81640 98938 1
81640 115089 1
83149 59066 1
83149 68617 1
83149 82003 1
83149 84929 1
83149 104813 1
83149 113298 1
83149 117886 1
86003 84929 1
86003 89020 1
86003 103289 1
86003 112042 1
86604 36668 1
86604 67625 1
86604 79990 1
86604 80180 1
86604 84929 1
86604 113466 1
86604 115225 1
86604 122648 1
87034 81640 1
87034 84929 1
87034 85896 1
87034 95488 1
87034 98938 1
87034 115089 1
90633 66489 1
90633 71171 1
90633 71288 1
90633 84929 1
90633 90789 1
90633 91096 1
90633 92359 1
90633 98938 1
90633 102639 7
90633 118216 1
90789 66489 2
90789 71171 2
90789 71288 1
90789 84929 1
90789 90633 1
90789 91096 1
90789 92359 1
90789 98938 1
90789 102639 1
91096 66489 1
91096 71171 1
91096 71288 1
91096 84929 1
91096 90633 1
91096 90789 1
91096 92359 1
91096 98938 1
91096 102639 1
92359 66489 1
92359 71171 1
92359 71288 1
92359 84929 1
92359 90633 1
92359 90789 1
92359 91096 1
92359 98938 1
92359 102639 1
93819 62644 1
93819 82733 1
93819 84929 1
95905 84929 1
95905 100386 1
95905 100387 1
95905 100388 1
95905 101096 1
95905 111069 1
98938 66489 1
98938 71171 1
98938 71288 1
98938 81640 1
98938 84929 2
98938 87034 1
98938 90633 1
98938 90789 1
98938 91096 1
98938 92359 1
98938 102639 1
98938 115089 1
100386 69526 1
100386 84929 1
100386 95905 1
100386 100387 1
100386 100388 1
100386 101096 1
100386 111069 1
100387 84929 1
100387 95905 1
100387 100386 1
100387 100388 1
100387 101096 1
100387 111069 1
100388 84929 1
100388 95905 1
100388 100386 1
100388 100387 1
100388 101096 1
100388 111069 1
101096 84929 1
101096 95905 1
101096 100386 1
101096 100387 1
101096 100388 1
101096 111069 1
102639 66489 1
102639 71171 1
102639 71288 1
102639 84929 1
102639 90633 7
102639 90789 1
102639 91096 1
102639 92359 1
102639 98938 1
102639 118216 1
103289 46818 1
103289 69526 1
103289 81870 1
103289 82381 1
103289 84929 1
103289 86003 1
103289 112042 1
103289 112939 1
108140 57909 1
108140 68002 1
108140 77196 1
108140 84929 1
108140 96799 1
108140 101184 1
108140 110332 1
108140 115337 1
110176 84929 1
110176 102256 1
110176 119089 1
110176 119584 1
111069 84929 1
111069 95905 1
111069 100386 1
111069 100387 1
111069 100388 1
111069 101096 1
112042 70925 1
112042 84929 1
112042 86003 1
112042 103289 1
113298 59066 1
113298 59651 1
113298 68617 1
113298 83149 1
113298 84929 1
113298 114999 1
113298 117886 1
113466 36668 1
113466 80180 1
113466 82735 1
113466 84929 1
113466 85893 1
113466 86604 1
113466 95993 1
113466 108025 1
113466 115225 1
113466 115507 1
113466 122648 1
115089 81640 1
115089 84929 1
115089 87034 1
115089 98938 1
115089 126021 1
115225 36668 1
115225 43604 1
115225 65223 1
115225 80180 1
115225 84929 1
115225 86604 1
115225 113466 1
115225 122648 1
115337 57909 1
115337 66489 1
115337 68002 1
115337 82733 1
115337 84474 1
115337 84929 1
115337 93625 1
115337 98321 1
115337 108140 1
117886 59066 1
117886 68617 1
117886 83149 1
117886 84929 1
117886 112939 1
117886 113298 1
119089 69526 1
119089 84929 1
119089 95023 1
119089 110176 1
119089 116672 1
119089 119584 1
119584 84929 1
119584 110176 1
119584 119089 1
122648 36668 1
122648 80180 1
122648 84929 1
122648 86604 1
122648 104813 1
122648 112094 1
122648 113466 1
122648 115225 1
122648 116552 1
122648 116553 1
122648 119248 1
30753 49129 1
30753 61929 1
30753 63352 1
30753 64475 1
30753 65851 1
30753 78557 1
30753 82663 1
30753 87594 1
43693 63549 1
43693 82733 1
43693 84050 1
43693 87594 1
52349 35981 1
52349 50063 1
52349 50064 1
52349 72299 1
52349 72382 1
52349 82381 1
52349 87594 1
52349 96070 1
52349 96193 1
52349 105510 1
52349 123989 1
61929 30753 1
61929 63352 1
61929 64475 1
61929 65851 1
61929 78557 1
61929 82663 1
61929 87594 1
63352 30753 1
63352 61929 1
63352 64475 1
63352 65851 1
63352 76482 1
63352 78557 1
63352 82663 1
63352 87594 1
64475 30753 1
64475 61929 1
64475 63352 1
64475 64315 1
64475 65504 1
64475 65851 1
64475 66609 1
64475 75054 1
64475 78557 1
64475 82663 1
64475 86182 1
64475 87594 1
65851 30753 1
65851 61929 1
65851 63352 1
65851 64475 1
65851 75029 1
65851 78557 1
65851 82663 1
65851 87594 1
67644 82196 1
67644 84524 1
67644 87100 1
67644 87594 1
67644 91600 1
67644 97229 1
67644 106229 1
67644 110254 1
67644 110256 1
67644 111114 1
67644 117665 1
69709 86260 1
69709 87594 1
69709 100191 1
69709 103995 1
71418 87594 1
71418 115085 1
71418 115087 1
78557 30753 1
78557 61929 1
78557 63352 1
78557 64475 1
78557 65851 1
78557 82663 1
78557 87594 1
79371 84422 1
79371 87594 1
79371 87637 1
79371 87740 1
79371 112902 1
82663 30753 1
82663 61929 1
82663 63352 1
82663 64315 1
82663 64475 1
82663 65851 1
82663 67418 1
82663 78557 1
82663 87594 1
82663 91600 1
82663 106233 1
82733 43693 1
82733 62644 1
82733 84050 1
82733 86098 1
82733 87594 1
82733 93819 1
82733 115337 1
84050 43693 1
84050 82733 1
84050 87594 1
84050 111191 1
86260 69709 1
86260 87594 1
86260 87637 1
86260 89020 1
86260 100191 1
86260 101995 1
86260 103995 1
94358 87594 1
94358 92269 1
94358 103872 1
94358 104818 1
96193 52349 1
96193 87594 1
96193 123989 1
96193 127813 1
97229 67644 1
97229 87594 1
97229 111114 1
100191 69709 1
100191 82735 1
100191 86260 1
100191 87594 1
100191 103995 1
103872 74147 1
103872 85590 1
103872 87594 1
103872 94358 1
103872 104818 1
103872 110616 1
103872 111463 1
103995 69709 1
103995 86260 1
103995 87594 1
103995 95831 1
103995 100191 1
104818 77196 1
104818 87594 1
104818 94358 1
104818 103872 1
104818 114643 1
111114 67644 1
111114 87594 1
111114 97229 1
115085 71418 1
115085 87594 1
115085 92932 1
115085 115087 2
115087 71418 1
115087 87594 1
115087 110684 1
115087 115085 2
115087 118338 1
123989 52349 1
123989 81814 1
123989 87594 1
123989 96193 1
53736 89402 1
69526 52616 1
69526 55482 1
69526 76797 1
69526 82381 1
69526 86098 1
69526 89402 1
69526 91829 1
69526 95023 1
69526 99694 1
69526 100386 1
69526 103289 1
69526 108173 1
69526 110616 1
69526 110617 1
69526 119089 1
76797 69526 1
76797 86098 1
76797 89402 1
76797 91829 1
76797 99694 1
76797 110616 1
76797 110617 1
76797 122764 1
86098 69526 1
86098 76797 1
86098 82733 1
86098 84524 1
86098 89402 1
86098 91829 1
86098 99694 1
86098 101889 1
86098 109568 1
86098 110616 1
86098 110617 1
91829 69526 1
91829 76797 1
91829 85408 1
91829 86098 1
91829 89402 1
91829 99694 1
91829 110616 1
91829 110617 1
99694 69526 1
99694 76797 1
99694 86098 1
99694 89402 1
99694 91829 1
99694 110616 1
99694 110617 1
110616 55482 1
110616 69526 1
110616 74147 1
110616 76797 1
110616 86098 1
110616 89099 1
110616 89402 1
110616 91829 1
110616 99694 1
110616 103872 1
110616 110617 1
110617 58509 1
110617 64301 1
110617 69526 1
110617 76797 1
110617 86098 1
110617 87740 1
110617 89402 1
110617 91829 1
110617 99694 1
110617 110616 1
114643 89402 1
114643 104818 1
114643 114645 1
114645 89402 1
114645 114643 1
38027 72299 1
38027 80712 1
38027 94595 1
38027 97338 1
38027 98503 1
38027 109250 1
55452 59794 1
55452 69380 1
55452 94595 1
55452 95673 1
55482 52360 1
55482 57374 1
55482 69380 1
55482 69526 1
55482 73852 1
55482 82003 1
55482 89591 1
55482 92513 1
55482 94595 1
55482 99033 1
55482 108672 1
55482 110616 1
55482 114975 1
57374 55482 1
57374 64279 1
57374 69380 1
57374 73852 1
57374 74279 1
57374 75170 1
57374 78472 1
57374 82003 1
57374 82722 1
57374 92513 1
57374 94595 1
57374 99033 1
69380 55452 1
69380 55482 1
69380 57374 1
69380 73852 1
69380 80838 1
69380 82003 1
69380 92513 1
69380 94595 3
69380 95673 1
69380 98503 1
69380 99033 1
69380 101390 1
69380 117643 1
72219 75197 1
72219 85895 1
72219 94595 1
72219 105696 1
72219 105894 1
72219 111491 1
72219 111492 1
72219 116035 1
72299 38027 1
72299 52349 1
72299 80712 1
72299 94595 1
72299 98503 1
72299 109250 1
73852 55482 1
73852 57374 1
73852 69380 1
73852 70909 1
73852 79277 1
73852 82003 1
73852 92513 1
73852 93625 1
73852 94595 1
73852 99033 1
73852 105056 1
75197 72219 1
75197 85895 1
75197 94595 1
75197 98495 2
75197 105696 1
75197 105894 1
75197 111491 1
75197 111492 1
75197 116035 1
80569 81679 1
80569 81680 1
80569 82722 1
80569 84000 1
80569 89243 1
80569 94595 1
80712 38027 1
80712 72299 1
80712 80838 1
80712 85590 1
80712 94595 1
80712 95351 1
80712 98503 1
80712 109250 1
80838 69380 1
80838 80712 1
80838 94595 1
80838 98495 1
81680 79729 1
81680 80569 1
81680 81814 1
81680 82722 1
81680 84000 1
81680 84823 1
81680 89243 1
81680 94595 1
81680 122932 1
82003 55482 1
82003 57374 1
82003 62644 1
82003 69380 1
82003 73852 1
82003 83149 1
82003 89835 1
82003 92513 1
82003 94595 1
82003 99033 5
82003 99210 1
82003 104813 1
84000 77253 1
84000 80569 1
84000 81680 1
84000 82722 1
84000 89243 1
84000 94595 1
85895 70900 1
85895 72219 1
85895 75197 1
85895 94595 1
85895 105696 1
85895 105894 1
85895 111491 1
85895 111492 1
85895 116035 1
89135 76616 1
89135 88092 1
89135 94595 1
89135 98321 1
89135 101644 1
89135 104513 1
89135 112762 1
89243 80569 1
89243 81680 1
89243 82722 1
89243 84000 1
89243 94595 1
89243 104334 1
92513 55482 1
92513 57374 1
92513 64315 1
92513 69380 1
92513 73852 1
92513 75094 1
92513 80580 1
92513 82003 1
92513 92398 2
92513 92932 1
92513 94595 1
92513 99033 1
95312 84804 1
95312 92269 1
95312 94595 1
95312 121027 1
95673 49477 1
95673 55452 1
95673 59237 1
95673 69380 1
95673 94595 1
95673 114836 1
95673 115250 1
95673 127333 1
98321 89135 1
98321 94595 1
98321 95831 1
98321 104334 1
98321 115337 1
98321 117662 2
98340 94595 1
98495 75197 2
98495 80838 1
98495 94595 1
98495 110578 1
98503 38027 1
98503 69380 1
98503 72299 1
98503 80712 1
98503 94595 2
98503 95351 1
98503 101390 1
98503 109250 1
98503 117643 1
99033 55482 1
99033 57374 1
99033 62644 1
99033 69380 1
99033 73852 1
99033 82003 5
99033 85408 1
99033 92513 1
99033 94595 1
99033 111208 1
100444 70844 1
100444 84524 1
100444 94595 1
101390 69380 1
101390 94595 1
101390 98503 1
101390 117643 1
102256 89835 1
102256 94595 1
102256 104560 1
102256 110176 1
104560 75276 1
104560 94595 1
104560 102256 1
105696 72219 1
105696 75197 1
105696 85895 1
105696 94595 1
105696 105894 1
105696 111491 1
105696 111492 1
105696 116035 1
105894 72219 1
105894 75197 1
105894 85895 1
105894 94595 1
105894 105696 1
105894 111491 1
105894 111492 2
105894 116035 1
108782 94595 1
108782 110498 1
108782 110578 1
109250 38027 1
109250 72299 1
109250 80712 1
109250 94595 1
109250 98503 1
109250 111463 1
109250 115676 1
110578 94595 1
110578 98495 1
110578 108782 1
111491 72219 1
111491 75197 1
111491 85895 1
111491 94595 1
111491 96799 1
111491 105696 1
111491 105894 1
111491 111492 1
111491 116035 1
111492 72219 1
111492 75197 1
111492 85895 1
111492 94595 1
111492 105696 1
111492 105894 2
111492 111491 1
111492 116035 1
116035 72219 1
116035 75197 1
116035 85895 1
116035 94595 1
116035 105696 1
116035 105894 1
116035 111491 1
116035 111492 1
117643 69380 1
117643 94595 1
117643 98503 1
117643 101390 1
59277 65023 1
59277 71358 1
59277 74023 1
59277 75303 1
59277 89675 1
59277 94085 1
59277 94958 1
59277 96512 1
59277 110982 1
65023 59277 1
65023 71358 1
65023 74023 1
65023 75303 1
65023 89675 1
65023 94085 1
65023 94958 1
65023 96512 1
65023 110982 1
71358 59277 1
71358 65023 1
71358 74023 1
71358 75303 1
71358 89675 1
71358 94085 1
71358 94958 1
71358 96512 1
71358 110982 1
72434 81544 1
72434 96512 1
73746 40205 1
73746 67811 1
73746 75029 1
73746 96512 1
73746 124777 1
74023 59277 1
74023 65023 1
74023 71358 1
74023 75303 1
74023 89675 1
74023 94085 1
74023 94958 1
74023 96512 1
74023 110982 1
75029 42931 1
75029 46818 1
75029 57346 1
75029 65851 1
75029 67418 1
75029 67647 1
75029 73746 1
75029 96512 1
75303 59277 1
75303 64714 1
75303 65023 1
75303 71358 1
75303 74023 1
75303 89675 1
75303 94085 1
75303 94958 1
75303 96512 1
75303 110982 1
77996 45326 1
77996 78580 1
77996 96512 1
78580 77996 1
78580 96512 1
80006 50610 1
80006 96512 1
81544 33590 1
81544 72434 1
81544 96512 1
89675 59277 1
89675 65023 1
89675 71358 1
89675 74023 1
89675 75303 1
89675 94085 1
89675 94958 1
89675 96512 1
89675 110982 1
94085 59277 1
94085 65023 1
94085 71358 1
94085 74023 1
94085 75303 1
94085 89675 1
94085 94089 1
94085 94958 1
94085 96512 1
94085 110982 1
94958 59277 1
94958 65023 1
94958 71358 1
94958 74023 1
94958 75303 1
94958 86561 1
94958 89675 1
94958 94085 1
94958 96512 1
94958 110982 1
110982 59277 1
110982 65023 1
110982 71358 1
110982 74023 1
110982 75303 1
110982 89675 1
110982 94085 1
110982 94958 1
110982 96512 1
58385 68134 1
58385 83143 1
58385 85890 1
58385 87866 1
58385 89099 1
58385 92388 1
58385 97338 1
58385 108025 1
58385 110973 1
60245 72112 1
60245 75170 1
60245 82301 1
60245 87740 1
60245 89591 1
60245 92240 1
60245 96070 1
60245 108025 1
60245 109568 1
68134 58385 1
68134 83143 1
68134 85890 1
68134 87866 1
68134 89099 1
68134 92388 1
68134 97338 1
68134 108025 1
68134 110973 1
68134 115956 1
68196 60549 1
68196 101184 1
68196 104813 1
68196 108025 1
72112 60245 1
72112 75170 1
72112 79277 1
72112 82301 1
72112 86182 1
72112 87740 1
72112 89591 1
72112 92240 1
72112 96070 1
72112 96115 1
72112 108025 1
72112 109568 1
72293 55901 1
72293 67625 1
72293 76616 1
72293 85889 1
72293 86537 1
72293 96632 1
72293 103771 1
72293 108025 1
72293 111463 1
72293 127046 1
75170 57374 1
75170 60245 1
75170 72112 1
75170 80180 1
75170 82301 1
75170 87740 1
75170 89591 1
75170 92240 1
75170 96070 1
75170 108025 1
75170 109568 1
80028 91600 1
80028 100244 1
80028 108025 1
80028 108026 1
80028 115767 1
80826 88092 1
80826 95488 1
80826 108025 1
80826 114174 1
81050 74677 1
81050 84086 1
81050 87637 1
81050 95886 1
81050 103914 1
81050 106229 1
81050 108025 1
81050 112939 1
82301 60245 1
82301 72112 1
82301 74677 1
82301 75170 1
82301 87740 1
82301 89591 1
82301 92240 1
82301 96070 1
82301 108025 1
82301 109568 1
82735 78570 1
82735 85893 1
82735 95993 1
82735 100191 1
82735 108025 1
82735 113466 1
82802 52106 1
82802 66468 1
82802 88676 1
82802 103594 1
82802 108025 1
82802 119488 1
83143 58385 1
83143 68134 1
83143 85890 1
83143 87866 1
83143 89099 1
83143 92388 1
83143 97338 1
83143 108025 1
83143 110973 1
84086 43604 1
84086 81050 1
84086 87637 1
84086 95886 1
84086 103914 1
84086 106229 1
84086 108025 1
84086 112094 1
84086 112939 1
85889 72293 1
85889 82381 1
85889 86537 1
85889 96632 1
85889 108025 1
85890 58385 1
85890 68134 1
85890 80180 1
85890 83143 1
85890 87866 1
85890 89099 1
85890 92388 1
85890 97338 1
85890 108025 1
85890 110973 1
85890 127449 1
85893 68002 1
85893 82735 1
85893 95993 1
85893 108025 1
85893 113466 1
87637 66829 1
87637 79371 1
87637 81050 1
87637 84086 1
87637 86260 1
87637 87740 1
87637 95886 1
87637 103914 1
87637 106229 1
87637 108025 1
87637 112939 1
87740 21283 1
87740 60245 1
87740 72112 1
87740 74223 1
87740 75170 1
87740 79371 1
87740 82301 1
87740 87637 1
87740 89591 1
87740 92240 1
87740 96070 1
87740 108025 1
87740 109568 1
87740 110617 1
87866 58385 1
87866 68134 1
87866 83143 1
87866 85890 1
87866 89099 1
87866 92388 1
87866 97338 1
87866 108025 1
87866 110973 1
88092 77196 1
88092 80826 1
88092 89135 1
88092 101644 1
88092 105510 1
88092 108025 1
88092 111463 1
88092 114174 1
89099 58385 1
89099 68134 1
89099 83143 1
89099 85890 1
89099 87866 1
89099 92388 1
89099 97338 1
89099 108025 1
89099 110616 1
89099 110973 1
89591 55482 1
89591 60245 1
89591 60549 1
89591 72112 1
89591 74223 1
89591 75170 1
89591 82301 1
89591 86561 1
89591 87740 1
89591 92240 1
89591 96070 1
89591 108025 1
89591 108672 1
89591 109568 1
91600 67625 1
91600 67644 1
91600 80028 1
91600 82663 1
91600 84067 2
91600 100244 1
91600 108025 1
91600 108026 1
91600 115767 1
92240 60245 1
92240 72112 1
92240 75170 1
92240 82301 1
92240 87740 1
92240 89591 1
92240 89835 1
92240 96070 1
92240 102132 1
92240 108025 1
92240 109568 1
92240 111463 1
92269 69178 1
92269 94358 1
92269 95312 1
92269 108025 1
92269 112094 1
92269 116601 1
92388 58385 1
92388 68134 1
92388 83143 1
92388 85890 1
92388 87866 1
92388 89099 1
92388 97338 1
92388 108025 1
92388 110973 1
95886 81050 1
95886 84086 1
95886 87637 1
95886 103914 1
95886 106229 1
95886 108025 1
95886 112939 1
95993 82735 1
95993 85893 1
95993 108025 1
95993 113466 1
95993 123643 1
96070 50063 1
96070 50064 1
96070 52349 1
96070 60245 1
96070 72112 1
96070 72382 1
96070 75170 1
96070 81870 1
96070 82301 1
96070 87740 1
96070 89591 1
96070 92240 1
96070 108025 1
96070 109568 1
96632 72293 1
96632 85889 1
96632 86537 1
96632 108025 1
97338 38027 1
97338 58385 1
97338 68134 1
97338 83143 1
97338 85890 1
97338 87866 1
97338 89099 1
97338 92388 1
97338 108025 1
97338 110973 1
100244 79931 1
100244 80028 1
100244 91600 1
100244 108025 1
100244 108026 3
100244 115767 1
101995 65504 1
101995 86260 1
101995 108025 1
101995 111208 1
101995 111209 1
103914 81050 1
103914 84086 1
103914 87637 1
103914 95886 1
103914 106229 1
103914 108025 1
103914 112939 1
106229 67644 1
106229 81050 1
106229 84086 1
106229 87637 1
106229 95886 1
106229 103914 1
106229 108025 1
106229 112939 1
108026 79931 1
108026 80028 1
108026 91600 1
108026 100244 3
108026 108025 1
108026 115767 1
109568 17826 1
109568 60245 1
109568 72112 1
109568 75170 1
109568 82301 1
109568 86098 1
109568 87740 1
109568 89591 1
109568 92240 1
109568 96070 1
109568 108025 1
109568 112243 1
110973 58385 1
110973 62844 1
110973 68134 1
110973 83143 1
110973 85890 1
110973 87866 1
110973 89099 1
110973 92388 1
110973 97338 1
110973 108025 1
111208 99033 1
111208 99345 1
111208 101995 1
111208 105510 1
111208 108025 1
111208 111209 1
111209 101995 1
111209 108025 1
111209 111208 1
112094 84086 1
112094 92269 1
112094 99345 1
112094 108025 1
112094 122648 1
112939 81050 1
112939 84086 1
112939 87637 1
112939 89835 1
112939 95886 1
112939 103289 1
112939 103914 1
112939 106229 1
112939 108025 1
112939 116145 1
112939 117886 1
114174 80826 1
114174 88092 1
114174 108025 1
115767 80028 1
115767 91600 1
115767 100244 1
115767 108025 1
115767 108026 1
119488 82802 1
119488 108025 1
119488 110254 1
95023 32555 1
95023 61420 1
95023 69526 1
95023 95488 1
95023 114233 1
95023 119089 1
95023 127449 1
95488 80826 1
95488 87034 1
95488 95023 1
95488 106480 1
95488 106481 1
95488 106483 1
95488 114233 1
95488 127449 1
127449 54195 1
127449 85890 1
127449 95023 1
127449 95488 1
127449 113287 1
127449 114233 1
127449 116092 1
127449 117391 1
82196 67644 1
82196 87100 1
82196 110254 1
82196 110256 1
82196 117665 1
87100 67644 1
87100 75964 1
87100 79726 1
87100 80209 1
87100 80701 1
87100 82196 1
87100 99373 1
87100 110254 1
87100 110256 1
87100 117665 1
95355 117662 2
95355 117665 1
103996 67639 1
103996 78481 1
103996 117665 1
107200 110256 1
107200 114975 1
107200 117665 1
110254 51425 1
110254 67644 1
110254 82196 1
110254 87100 1
110254 110256 3
110254 117665 1
110254 119488 1
110256 67644 1
110256 69998 1
110256 82196 1
110256 87100 1
110256 107200 1
110256 110254 3
110256 114975 1
110256 117665 2
114925 115507 1
114925 117665 1
114975 52360 1
114975 55482 1
114975 57346 1
114975 107200 1
114975 110256 1
114975 117665 1
115507 86537 1
115507 113466 1
115507 114925 1
115507 117665 1
117662 95355 2
117662 98321 2
117662 107971 1
117662 117665 1
119050 117665 1
17603 25348 1
17603 32275 1
17603 43489 1
17603 48756 1
17603 52147 1
17603 53282 1
17603 56794 1
17603 65482 1
21894 45723 2
21894 48756 1
21894 70262 1
21894 96115 1
25348 17603 1
25348 32275 1
25348 43489 1
25348 48756 1
25348 52147 1
25348 53282 1
25348 56794 1
25348 65482 1
27067 48756 1
27067 52147 1
27067 52772 1
27067 62836 1
27067 62846 1
27067 86330 1
29486 37964 1
29486 41902 1
29486 47583 1
29486 48016 1
29486 48756 1
29486 51944 1
29486 68249 1
32246 46842 1
32246 48756 1
32246 84524 1
32275 17603 1
32275 25348 1
32275 43489 1
32275 48756 1
32275 52147 1
32275 53282 1
32275 56794 1
32275 65482 1
37964 28229 1
37964 29486 1
37964 32945 1
37964 41902 1
37964 45645 1
37964 47583 1
37964 48016 1
37964 48701 1
37964 48756 1
37964 51944 1
37964 51951 1
37964 68249 1
38700 8955 1
38700 37740 1
38700 39548 1
38700 46781 1
38700 48756 1
38700 53199 1
38700 57682 1
39548 38700 1
39548 48756 1
41902 29486 1
41902 37964 1
41902 47583 1
41902 48016 1
41902 48756 1
41902 51944 1
41902 68249 1
43081 48756 1
43081 51944 1
43081 52360 1
43081 55620 1
43081 59268 1
43081 64714 1
43081 66317 1
43081 78701 1
43081 101889 1
43081 124777 1
43489 17603 1
43489 25348 1
43489 32275 1
43489 43241 1
43489 48756 1
43489 52147 1
43489 53282 1
43489 56794 1
43489 65482 1
45723 21894 2
45723 48756 1
45723 54183 1
45723 82932 1
45723 96115 1
46842 32246 1
46842 48756 1
46842 84524 1
47583 29486 1
47583 37964 1
47583 41902 1
47583 43903 1
47583 48016 1
47583 48756 1
47583 51944 1
47583 68249 1
48016 29486 1
48016 37964 1
48016 41902 1
48016 47583 1
48016 48756 1
48016 49932 1
48016 51944 1
48016 66017 1
48016 68249 1
50098 48756 1
50098 59651 2
50098 64315 1
50098 66231 1
50098 68626 1
50098 80209 1
51944 29486 1
51944 37964 1
51944 41902 1
51944 43081 1
51944 47583 1
51944 48016 1
51944 48756 1
51944 59268 1
51944 68249 1
52147 17603 1
52147 25348 1
52147 27067 1
52147 32275 1
52147 43489 1
52147 48756 2
52147 52772 1
52147 53282 1
52147 56794 1
52147 62836 1
52147 62846 1
52147 65482 1
52147 84474 1
52147 86330 1
52360 32245 1
52360 39580 1
52360 43081 1
52360 48756 1
52360 55482 1
52360 55620 1
52360 64714 1
52360 78701 1
52360 101889 1
52360 114975 1
52360 124777 1
52772 27067 1
52772 40079 1
52772 48756 1
52772 52147 1
52772 52246 1
52772 62836 1
52772 62846 1
52772 74677 2
52772 86330 1
52772 91793 1
53282 17603 1
53282 25348 1
53282 32275 1
53282 43489 1
53282 48756 1
53282 52147 1
53282 56794 1
53282 65482 1
53548 29597 1
53548 48756 2
53548 61420 1
53548 63770 1
53548 66609 1
53548 75094 1
53548 82339 1
53548 95351 1
53548 96115 2
55620 43081 1
55620 48756 1
55620 52360 1
55620 64714 1
55620 78563 1
55620 78701 1
55620 101889 1
55620 124777 1
56794 17603 1
56794 25348 1
56794 32275 1
56794 43489 1
56794 48756 1
56794 52147 1
56794 53282 1
56794 65482 1
56847 29485 1
56847 48756 1
56847 51864 1
56847 81814 1
56847 81977 1
59651 48756 1
59651 50098 2
59651 54183 1
59651 61549 1
59651 64315 1
59651 66231 2
59651 66609 1
59651 68626 1
59651 80209 1
59651 105510 1
59651 113298 1
61420 32555 1
61420 48756 1
61420 53548 1
61420 63770 1
61420 75094 1
61420 95023 1
61420 95351 1
61420 96115 1
62836 27067 1
62836 48756 1
62836 52147 1
62836 52772 1
62836 62846 2
62836 73927 1
62836 86330 1
62846 27067 1
62846 48756 1
62846 52147 1
62846 52772 1
62846 62836 2
62846 83474 1
62846 86330 1
63770 48756 1
63770 53548 1
63770 61420 1
63770 75094 1
63770 95351 1
63770 96115 1
64315 28334 1
64315 48756 1
64315 50098 1
64315 54240 1
64315 59651 1
64315 64475 1
64315 66231 1
64315 67418 1
64315 68626 1
64315 79726 1
64315 80209 1
64315 82663 1
64315 86182 1
64315 92398 2
64315 92513 1
64714 43081 1
64714 48756 1
64714 52360 1
64714 55620 1
64714 75303 1
64714 78701 1
64714 101889 1
64714 124777 1
65482 17603 1
65482 25348 1
65482 32275 1
65482 43489 1
65482 48756 1
65482 52147 1
65482 53282 1
65482 56794 1
66231 48756 1
66231 50098 1
66231 54183 1
66231 59651 2
66231 64315 1
66231 68626 1
66231 80209 1
66609 48756 1
66609 48762 1
66609 53548 1
66609 59651 1
66609 59794 1
66609 64475 1
66609 82339 1
66609 85510 1
66609 96115 1
68249 29486 1
68249 37964 1
68249 41902 1
68249 47583 1
68249 48016 1
68249 48756 1
68249 51944 1
68249 79990 1
68626 48756 1
68626 50098 1
68626 59651 1
68626 64315 1
68626 66231 1
68626 80209 1
68626 87014 1
68626 87015 1
68626 87017 1
74149 48756 1
74149 84804 1
74149 110498 1
74149 114938 1
75094 48756 1
75094 53548 1
75094 61420 1
75094 63770 1
75094 75104 1
75094 77153 1
75094 92513 1
75094 95351 1
75094 96115 1
78701 43081 1
78701 48756 1
78701 52360 1
78701 55620 1
78701 64714 1
78701 101889 1
78701 124777 1
80209 35981 1
80209 48756 1
80209 50098 1
80209 57682 1
80209 59651 1
80209 60549 1
80209 62243 1
80209 62644 1
80209 64315 1
80209 65504 1
80209 66231 1
80209 67639 1
80209 68626 1
80209 75054 1
80209 77153 1
80209 82330 1
80209 84422 1
80209 86330 2
80209 87100 1
80209 89095 1
80209 92983 1
80209 104813 1
80209 112243 1
81977 48756 1
81977 56847 1
81977 74244 1
81977 84710 1
82339 48756 1
82339 53548 1
82339 66609 1
82339 96115 2
84474 48756 1
84474 52147 1
84474 79726 1
84474 86176 1
84474 93625 1
84474 115337 1
84524 32246 1
84524 46842 1
84524 48756 1
84524 67644 1
84524 86098 1
84524 100444 1
84804 20978 1
84804 48756 1
84804 61603 1
84804 74149 1
84804 92983 1
84804 95312 1
84804 95351 1
84804 110498 1
84804 114938 1
86330 27067 1
86330 35981 1
86330 48756 1
86330 52147 1
86330 52772 1
86330 57682 1
86330 62243 1
86330 62644 1
86330 62836 1
86330 62846 1
86330 67639 1
86330 75054 1
86330 75276 2
86330 80073 1
86330 80209 2
86330 84422 1
86330 89095 1
86330 92983 1
86330 104813 1
86330 112243 1
95351 48756 1
95351 53548 1
95351 61420 1
95351 63770 1
95351 75094 1
95351 80712 1
95351 84804 1
95351 86537 1
95351 96115 1
95351 98190 1
95351 98503 1
96115 21894 1
96115 45723 1
96115 48756 2
96115 53548 2
96115 58479 1
96115 61420 1
96115 63770 1
96115 66609 1
96115 72112 1
96115 75094 1
96115 82339 2
96115 87473 1
96115 88264 1
96115 95351 1
96115 110332 1
101889 43081 1
101889 48756 1
101889 52360 1
101889 55620 1
101889 64714 1
101889 78701 1
101889 86098 1
101889 124777 1
110498 48756 1
110498 74149 1
110498 84804 1
110498 108782 1
110498 114619 1
110498 114938 1
114938 48756 1
114938 74149 1
114938 84804 1
114938 110498 1
124777 43081 1
124777 48756 1
124777 52360 1
124777 55620 1
124777 64714 1
124777 73746 1
124777 78701 1
124777 101889 1
21283 51864 1
21283 66367 1
21283 87740 1
43241 43489 1
43241 51864 1
46086 51864 1
46086 66314 1
46086 77153 1
46086 80580 1
46086 90209 1
46086 101184 1
46872 51864 1
46872 52246 1
46872 66199 1
46872 66209 1
46872 73594 1
46872 74982 1
52246 46872 1
52246 51864 1
52246 52772 1
52246 57561 1
52246 66199 2
52246 66209 1
52246 73594 1
52246 74982 1
66199 46872 1
66199 51864 1
66199 52246 2
66199 66209 1
66199 73594 1
66199 74982 1
66209 46872 1
66209 51864 1
66209 52246 1
66209 66199 1
66209 73594 1
66209 74982 1
66314 46086 1
66314 46818 1
66314 51864 1
66314 80580 1
66314 90209 1
66314 101184 1
66367 21283 1
66367 51864 1
66367 61549 1
73594 46872 1
73594 51864 1
73594 52246 1
73594 66199 1
73594 66209 1
73594 74982 1
74982 46872 1
74982 51864 1
74982 52246 1
74982 66199 1
74982 66209 1
74982 73594 1
80580 34988 1
80580 46086 1
80580 47939 1
80580 50109 1
80580 51864 1
80580 57360 1
80580 59268 1
80580 62243 1
80580 63046 1
80580 66314 1
80580 77153 1
80580 79484 1
80580 80909 1
80580 87646 1
80580 89835 1
80580 90209 1
80580 92513 1
80580 101184 1
81814 51864 1
81814 56847 1
81814 81680 1
81814 123989 1
90209 46086 1
90209 51864 1
90209 66314 1
90209 78570 1
90209 80580 1
90209 101184 1
101184 46086 1
101184 51864 1
101184 66314 1
101184 68196 1
101184 69509 1
101184 80580 1
101184 90209 1
101184 107392 1
101184 108140 1
101184 113901 1
101184 123250 1
67625 55901 1
67625 72293 1
67625 76616 1
67625 81870 1
67625 86604 1
67625 91600 1
67625 103771 1
67625 111883 1
67625 127046 1
76616 55901 1
76616 67625 1
76616 67647 1
76616 72293 1
76616 89135 1
76616 103771 1
76616 127046 1
78279 55901 1
78279 78308 1
78279 82665 1
78279 87646 1
78279 90033 1
78279 91793 1
78308 55901 1
78308 78279 1
78308 82665 1
78308 90033 1
78308 91793 1
82381 52349 1
82381 55901 1
82381 59268 1
82381 69526 1
82381 85889 1
82381 87016 1
82381 99345 1
82381 103289 1
82381 104334 1
82381 104427 2
82381 105510 1
82381 108672 1
82381 124665 1
82665 55901 1
82665 78279 1
82665 78308 1
82665 90033 1
82665 91793 1
87016 55901 1
87016 68617 1
87016 82381 1
87016 99345 1
87016 104334 1
87016 104427 1
90033 55901 1
90033 78279 1
90033 78308 1
90033 82665 1
90033 91793 1
91793 40079 1
91793 52772 1
91793 55901 1
91793 78279 1
91793 78308 1
91793 82665 1
91793 90033 1
99345 55901 1
99345 82381 1
99345 87016 1
99345 87473 1
99345 87713 1
99345 104334 1
99345 104427 1
99345 111208 1
99345 112094 1
99345 116601 1
102132 55901 1
102132 92240 1
102132 95418 1
103771 55901 1
103771 67625 1
103771 72293 1
103771 76616 1
103771 127046 1
104334 55901 1
104334 82381 1
104334 87016 1
104334 89243 1
104334 95831 1
104334 98321 1
104334 99345 1
104334 104427 1
104427 55901 1
104427 82381 2
104427 87016 1
104427 99345 1
104427 104334 1
104427 108672 1
127046 55901 1
127046 67625 1
127046 72293 1
127046 76616 1
127046 103771 1
127046 104513 1
24564 25388 1
24564 27152 1
24564 51926 1
24564 53625 1
24564 57360 1
24564 61106 1
25388 24564 1
25388 27152 1
25388 51926 1
25388 53625 1
25388 57360 1
25388 61106 1
27152 24564 1
27152 25388 1
27152 41144 1
27152 51926 1
27152 52123 1
27152 52124 1
27152 53625 1
27152 57360 1
27152 61106 1
27176 28194 1
27176 32245 1
27176 35971 1
27176 39580 1
27176 43211 1
27176 46288 1
27176 46818 1
27176 48863 1
27176 49598 1
27176 56799 1
27176 57360 1
27176 57561 1
27176 63548 1
27176 66264 1
27176 70244 1
28194 27176 1
28194 32245 1
28194 35971 1
28194 39580 1
28194 46288 1
28194 46818 1
28194 48863 1
28194 49598 1
28194 56799 1
28194 57360 1
28194 57561 1
28194 63548 1
28194 66264 1
28194 70244 1
29382 41137 1
29382 51006 1
29382 57360 1
32245 27176 1
32245 28194 1
32245 35971 1
32245 39580 1
32245 46288 1
32245 46818 1
32245 48834 1
32245 48863 1
32245 49598 1
32245 52360 1
32245 56799 1
32245 57360 1
32245 57561 1
32245 63548 1
32245 66264 1
32245 70244 1
32555 42156 1
32555 57360 1
32555 61420 1
32555 63549 1
32555 95023 1
34988 47939 1
34988 50109 1
34988 57360 1
34988 59268 1
34988 63046 1
34988 79484 1
34988 80580 1
34988 80909 1
35971 27176 1
35971 28194 1
35971 32245 1
35971 39580 1
35971 46288 1
35971 46818 1
35971 48863 1
35971 49598 1
35971 56799 1
35971 57360 1
35971 57561 1
35971 63548 1
35971 65197 1
35971 66264 1
35971 70244 1
39580 27176 1
39580 28194 1
39580 32245 1
39580 35971 1
39580 46288 1
39580 46818 1
39580 48863 1
39580 49598 1
39580 52360 1
39580 56799 1
39580 57360 1
39580 57561 1
39580 63548 1
39580 66264 1
39580 70244 1
41137 29382 1
41137 51006 1
41137 57360 1
42156 32555 1
42156 47939 1
42156 57360 1
42156 63549 1
42156 112243 1
42931 57360 1
42931 66317 1
42931 75029 1
42931 82121 1
42931 86537 1
45044 57360 1
45044 77153 1
46288 27176 1
46288 28194 1
46288 32245 1
46288 35971 1
46288 39580 1
46288 46818 1
46288 48863 1
46288 49598 1
46288 56799 1
46288 57360 1
46288 57561 2
46288 63548 1
46288 66264 1
46288 70244 1
46818 27176 1
46818 28194 1
46818 32245 1
46818 35971 1
46818 39580 1
46818 46288 1
46818 48863 1
46818 49598 1
46818 56799 1
46818 57346 1
46818 57360 1
46818 57561 1
46818 63548 1
46818 66264 1
46818 66314 1
46818 67639 1
46818 70244 1
46818 71777 1
46818 75029 1
46818 103289 1
47939 34988 1
47939 42156 1
47939 50109 1
47939 57360 1
47939 59268 1
47939 63046 1
47939 79277 1
47939 79484 1
47939 80580 1
47939 80701 1
47939 80909 1
47939 112243 1
48863 27176 1
48863 28194 1
48863 32245 1
48863 35971 1
48863 39580 1
48863 46288 1
48863 46818 1
48863 49598 1
48863 56799 1
48863 57360 1
48863 57561 1
48863 63548 1
48863 66264 1
48863 70244 1
49598 27176 1
49598 28194 1
49598 32245 1
49598 35971 1
49598 39580 1
49598 46288 1
49598 46818 1
49598 48863 1
49598 56799 1
49598 57360 1
49598 57561 1
49598 63548 1
49598 66264 1
49598 70244 1
50109 34988 1
50109 47939 1
50109 48762 1
50109 57360 1
50109 59268 1
50109 63046 1
50109 79484 1
50109 80580 1
50109 80909 1
51006 26018 1
51006 29382 1
51006 41137 1
51006 45403 1
51006 57360 1
51926 24564 1
51926 25388 1
51926 27152 1
51926 40574 1
51926 53625 1
51926 57360 1
51926 61106 1
53625 1734 1
53625 24564 1
53625 25388 1
53625 27152 1
53625 39226 1
53625 40906 1
53625 51926 1
53625 57360 1
53625 61106 1
56799 27176 1
56799 28194 1
56799 32245 1
56799 35971 1
56799 39580 1
56799 46288 1
56799 46818 1
56799 48863 1
56799 49598 1
56799 57360 1
56799 57561 1
56799 63548 1
56799 66264 1
56799 70244 1
57561 27176 1
57561 28194 1
57561 32245 1
57561 35971 1
57561 39580 1
57561 46288 2
57561 46818 1
57561 48863 1
57561 49598 1
57561 52246 1
57561 56799 1
57561 57360 1
57561 61106 1
57561 63548 1
57561 66264 1
57561 66807 1
57561 70244 1
59268 34988 1
59268 43081 1
59268 47939 1
59268 50109 1
59268 51944 1
59268 57360 1
59268 63046 1
59268 79484 1
59268 80580 1
59268 80909 1
59268 82381 1
61106 24564 1
61106 25388 1
61106 27152 1
61106 51926 1
61106 53625 1
61106 57360 1
61106 57561 1
63046 34988 1
63046 46762 1
63046 47939 1
63046 50109 1
63046 57360 1
63046 59268 1
63046 79484 1
63046 80580 1
63046 80909 1
63548 27176 1
63548 28194 1
63548 32245 1
63548 35971 1
63548 39580 1
63548 45342 1
63548 46288 1
63548 46818 1
63548 48863 1
63548 49598 1
63548 56799 1
63548 57360 1
63548 57561 1
63548 66264 1
63548 70244 1
63549 32555 1
63549 42156 1
63549 43693 1
63549 57360 1
63549 67418 1
66264 27176 1
66264 28194 1
66264 32245 1
66264 35971 1
66264 39580 1
66264 46288 1
66264 46818 1
66264 48863 1
66264 49598 1
66264 56799 1
66264 57360 1
66264 57561 1
66264 63548 1
66264 70244 1
66317 42931 1
66317 43081 1
66317 57360 1
66317 78008 1
66317 82121 1
70244 27176 1
70244 28194 1
70244 32245 1
70244 35971 1
70244 39580 1
70244 46288 1
70244 46818 1
70244 48863 1
70244 49598 1
70244 56799 1
70244 57360 1
70244 57561 1
70244 63548 1
70244 66264 1
71777 43604 1
71777 46818 1
71777 57360 1
77153 45044 1
77153 46086 1
77153 57360 1
77153 75094 1
77153 79990 1
77153 80209 1
77153 80580 1
78182 57360 1
78182 81228 1
78182 84225 1
79484 34988 1
79484 47939 1
79484 50109 1
79484 57360 1
79484 59268 1
79484 63046 1
79484 80580 1
79484 80909 1
79484 82871 1
80909 34988 1
80909 47939 1
80909 50109 1
80909 57360 1
80909 59268 1
80909 63046 1
80909 74244 1
80909 79484 1
80909 80580 1
81228 57360 1
81228 78182 1
82121 42931 1
82121 57360 1
82121 66073 1
82121 66317 1
33590 46762 1
33590 57682 1
33590 66073 1
33590 81544 1
35981 52349 1
35981 57682 1
35981 62243 1
35981 62644 1
35981 67639 1
35981 75054 1
35981 80209 1
35981 84422 1
35981 86330 1
35981 89095 1
35981 92983 1
35981 104813 1
35981 112243 1
43263 56093 1
43263 57346 1
43263 57682 1
43263 117236 1
46762 33590 1
46762 57682 1
46762 63046 1
46762 66073 1
46762 67639 1
46781 38700 1
46781 53199 1
46781 57682 1
51272 57682 1
51272 72523 1
51441 54113 1
51441 57682 1
51441 92983 1
53199 38700 1
53199 46781 1
53199 57682 1
56093 43263 1
56093 57346 1
56093 57682 1
56093 117236 1
57346 43263 1
57346 46818 1
57346 56093 1
57346 57682 1
57346 62844 1
57346 67459 1
57346 67639 1
57346 74244 1
57346 75029 1
57346 84422 1
57346 114975 1
57346 117236 1
62243 35981 1
62243 57682 1
62243 62644 1
62243 67639 1
62243 75054 1
62243 80209 1
62243 80580 1
62243 83777 1
62243 84422 1
62243 86330 1
62243 89095 1
62243 92983 1
62243 104813 1
62243 112243 1
62644 35981 1
62644 57682 1
62644 62243 1
62644 67639 1
62644 75054 1
62644 79990 1
62644 80209 1
62644 82003 1
62644 82733 1
62644 84422 1
62644 85408 1
62644 86330 1
62644 89095 1
62644 92983 1
62644 93819 1
62644 99033 1
62644 104813 1
62644 112243 1
66073 33590 1
66073 46762 1
66073 57682 1
66073 82121 1
67639 35981 1
67639 46762 1
67639 46818 1
67639 53295 1
67639 57346 1
67639 57682 2
67639 62243 1
67639 62644 1
67639 62844 1
67639 69816 1
67639 74244 1
67639 75054 1
67639 80209 1
67639 84422 2
67639 86330 1
67639 89095 1
67639 92983 1
67639 103996 1
67639 104813 1
67639 112243 1
72523 49097 1
72523 51272 1
72523 57682 1
72523 61549 1
72523 70909 1
72523 73927 1
72523 81731 1
72523 81732 1
72523 83433 1
74147 57682 1
74147 61373 1
74147 78811 1
74147 79277 1
74147 81870 1
74147 90900 1
74147 103872 1
74147 110616 1
75054 35981 1
75054 57682 1
75054 62243 1
75054 62644 1
75054 64475 1
75054 67639 1
75054 80209 1
75054 84422 1
75054 86330 1
75054 89095 1
75054 92983 1
75054 104813 1
75054 112243 1
75829 49129 1
75829 57682 1
75829 62838 1
75829 77815 1
75829 79935 1
75829 82871 1
77815 57682 1
77815 75829 1
77815 79935 1
77815 82871 1
79277 47939 1
79277 57682 1
79277 72112 1
79277 73852 1
79277 74147 1
79277 78472 1
79935 57682 1
79935 74244 1
79935 75829 1
79935 77815 1
79935 82871 1
82871 57682 1
82871 75829 1
82871 77815 1
82871 79484 1
82871 79935 1
84422 35981 1
84422 57346 1
84422 57682 1
84422 62243 1
84422 62644 1
84422 62844 1
84422 67639 2
84422 74244 1
84422 75054 1
84422 79371 1
84422 80209 1
84422 86330 1
84422 89095 1
84422 92983 1
84422 104813 1
84422 112243 1
89095 35981 1
89095 57682 1
89095 59794 1
89095 62243 1
89095 62644 1
89095 67639 1
89095 75054 1
89095 80209 1
89095 84422 1
89095 86330 1
89095 92983 1
89095 104813 1
89095 112243 1
92983 35981 1
92983 51441 1
92983 57682 1
92983 62243 1
92983 62644 1
92983 67639 1
92983 70252 1
92983 75054 1
92983 80209 1
92983 84422 1
92983 84804 1
92983 86330 1
92983 89095 1
92983 104813 1
92983 112243 1
104813 35981 1
104813 57682 1
104813 62243 1
104813 62644 1
104813 67639 1
104813 68196 1
104813 74677 1
104813 75054 1
104813 80209 1
104813 82003 1
104813 83149 1
104813 84422 1
104813 86330 1
104813 89095 1
104813 92983 1
104813 112243 1
104813 122648 1
112243 35981 1
112243 42156 1
112243 47939 1
112243 57682 1
112243 62243 1
112243 62644 1
112243 67639 1
112243 75054 1
112243 80209 1
112243 84422 1
112243 86330 1
112243 89095 1
112243 92983 1
112243 104813 1
112243 109568 1
117236 43263 1
117236 56093 1
117236 57346 1
117236 57682 1
121068 57682 1
55416 59126 1
82743 59126 1
86561 59126 1
86561 89591 1
86561 93625 1
86561 94958 1
90482 59126 1
90988 59126 1
93625 59126 1
93625 70909 1
93625 73852 1
93625 74677 1
93625 84474 1
93625 86561 1
93625 115337 1
108173 59126 1
108173 69526 1
108173 110976 1
108173 126972 1
126972 52579 1
126972 53206 1
126972 55590 1
126972 59126 1
126972 63191 1
126972 78008 1
126972 84459 1
126972 108173 1
126972 127299 1
40079 50107 1
40079 52772 1
40079 61549 1
40079 67418 1
40079 78472 1
40079 82330 1
40079 89020 1
40079 91793 1
45725 61549 1
45725 73884 1
45725 83605 1
45725 101644 1
49097 53824 1
49097 61549 1
49097 70909 1
49097 72523 1
49097 73927 1
49097 78522 1
49097 83433 1
50107 40079 1
50107 61549 1
50107 67418 1
50107 89020 1
53295 61549 1
53295 67639 1
53295 81870 1
53295 96799 1
53295 114670 1
60549 53121 1
60549 58509 1
60549 61549 1
60549 65223 1
60549 67811 1
60549 68196 1
60549 69998 1
60549 75276 1
60549 79726 1
60549 80209 1
60549 82330 1
60549 84036 1
60549 89023 1
60549 89591 1
62844 57346 1
62844 61549 1
62844 67639 1
62844 74244 1
62844 84422 1
62844 89111 1
62844 104787 1
62844 110973 1
62844 116601 1
62965 61549 1
63269 61549 1
63269 90453 2
63269 99210 1
70909 49097 1
70909 61549 1
70909 72523 1
70909 73852 1
70909 73927 1
70909 83433 1
70909 93625 1
73884 45725 1
73884 61549 1
73884 83605 1
73884 101644 1
73927 49097 1
73927 56169 1
73927 61549 1
73927 62836 1
73927 70909 1
73927 72523 1
73927 83433 1
73927 126059 1
74020 61549 1
74020 86176 1
74020 95418 1
80073 61549 1
80073 86330 1
81870 53295 1
81870 61549 1
81870 67625 1
81870 74147 1
81870 96070 1
81870 96799 1
81870 103289 1
81870 114670 1
82290 61549 1
82290 82932 1
82290 87646 1
82290 108672 1
82932 45723 1
82932 61549 1
82932 82290 1
82932 87646 1
82932 108672 1
83433 49097 1
83433 61549 1
83433 70909 1
83433 72523 1
83433 73927 1
83433 74244 1
83605 45725 1
83605 61549 1
83605 73884 1
83605 101644 1
86176 61549 1
86176 74020 1
86176 84474 1
86176 95418 1
87646 61549 1
87646 78279 1
87646 80580 1
87646 82290 1
87646 82932 1
87646 95418 1
87646 108672 1
89020 40079 1
89020 50107 1
89020 61549 1
89020 65223 1
89020 67418 1
89020 86003 1
89020 86260 1
89111 61549 1
89111 62844 1
89111 116601 1
90453 61549 1
90453 63269 2
90453 99210 1
95418 61549 1
95418 74020 1
95418 86176 1
95418 87646 1
95418 102132 1
95831 61549 1
95831 98321 1
95831 103995 1
95831 104334 1
96799 53295 1
96799 61549 1
96799 81870 1
96799 108140 1
96799 111491 1
96799 114670 1
99210 61549 1
99210 63269 1
99210 82003 1
99210 90453 1
99953 61549 1
101644 45725 1
101644 61549 1
101644 73884 1
101644 83605 1
101644 88092 1
101644 89135 1
108672 55482 1
108672 61549 1
108672 82290 1
108672 82381 1
108672 82932 1
108672 87646 1
108672 89591 1
108672 104427 1
111463 61549 1
111463 72293 1
111463 88092 1
111463 92240 1
111463 103872 1
111463 109250 1
114670 53295 1
114670 61549 1
114670 81870 1
114670 96799 1
116601 61549 1
116601 62844 1
116601 89111 1
116601 92269 1
116601 99345 1
116601 116600 1
22400 27723 1
22400 45724 1
22400 49129 1
22400 51570 1
22400 52621 1
22400 52809 1
22400 52907 1
22400 62838 1
22400 64301 1
22400 65223 1
22400 70151 1
22400 70401 1
22400 79980 1
22400 86305 1
43604 65223 1
43604 71777 1
43604 84086 1
43604 115225 1
45724 22400 1
45724 49129 1
45724 51570 1
45724 52621 1
45724 52809 1
45724 52907 1
45724 62838 1
45724 64301 1
45724 65223 1
45724 70151 1
45724 79980 1
45724 86305 1
48762 50109 1
48762 59794 1
48762 61603 1
48762 63483 1
48762 65223 1
48762 66609 1
48762 78563 1
48762 82330 1
48762 85510 1
49129 22400 1
49129 30753 1
49129 45724 1
49129 51570 1
49129 52621 1
49129 52809 1
49129 52907 1
49129 62838 2
49129 64301 1
49129 65223 1
49129 70151 1
49129 75829 1
49129 78481 1
49129 79980 1
49129 82330 1
49129 86305 1
49129 87473 1
49129 91281 1
51570 22400 1
51570 45724 1
51570 49129 1
51570 52621 1
51570 52809 1
51570 52907 1
51570 62838 1
51570 64301 1
51570 65223 1
51570 70151 1
51570 79980 1
51570 86305 1
52621 22400 1
52621 45724 1
52621 49129 1
52621 51570 1
52621 52809 1
52621 52907 1
52621 62838 1
52621 64301 1
52621 65223 1
52621 70151 1
52621 79980 1
52621 86305 1
52809 22400 1
52809 45724 1
52809 49129 1
52809 51570 1
52809 52621 1
52809 52907 1
52809 62838 1
52809 64301 1
52809 65223 1
52809 70151 1
52809 79980 1
52809 86305 1
52907 22400 1
52907 45724 1
52907 49129 1
52907 51570 1
52907 52621 1
52907 52809 1
52907 62838 1
52907 64301 1
52907 65223 1
52907 70151 1
52907 79980 1
52907 86305 1
52907 87473 1
53121 58509 1
53121 60549 1
53121 65223 1
53121 67811 1
53121 69998 1
53121 75276 1
53121 79726 1
53121 84036 1
53122 55432 1
53122 60715 1
53122 65223 1
53122 66020 1
53122 67860 1
53122 76482 1
53122 78334 1
53122 78522 1
53122 82294 1
53122 83047 1
54183 45723 1
54183 59651 1
54183 65223 1
54183 66231 1
54183 80701 1
55432 53122 1
55432 60715 1
55432 65223 1
55432 66020 1
55432 67860 1
55432 76482 1
55432 78334 1
55432 78522 1
55432 82294 2
55432 83047 1
55432 118931 1
55432 125703 1
58509 53121 1
58509 60549 1
58509 64301 1
58509 65223 1
58509 67811 1
58509 69998 1
58509 75276 1
58509 79726 1
58509 84036 1
58509 110617 1
59794 48762 1
59794 55452 1
59794 61603 1
59794 63483 3
59794 65223 1
59794 66609 1
59794 78563 1
59794 79726 2
59794 82330 1
59794 85510 1
59794 89095 1
60715 53122 1
60715 55432 1
60715 65223 1
60715 66020 1
60715 67860 1
60715 76482 1
60715 78334 1
60715 78522 1
60715 82294 1
60715 83047 1
61603 48762 1
61603 59794 1
61603 63483 1
61603 65223 1
61603 78563 1
61603 82330 1
61603 84804 1
61603 85510 1
61603 110332 1
62838 22400 1
62838 45724 1
62838 49129 2
62838 51570 1
62838 52621 1
62838 52809 1
62838 52907 1
62838 64301 1
62838 65223 1
62838 70151 1
62838 75829 1
62838 79980 1
62838 86305 1
63483 48762 1
63483 53024 1
63483 59794 3
63483 61603 1
63483 65223 1
63483 78563 1
63483 79726 1
63483 82330 1
63483 85510 1
63483 88184 1
63483 89387 1
64301 22400 1
64301 45724 1
64301 49129 1
64301 51570 1
64301 52621 1
64301 52809 1
64301 52907 1
64301 58509 1
64301 62838 1
64301 65223 1
64301 70151 1
64301 79980 1
64301 86305 1
64301 90902 1
64301 110617 1
66020 53122 1
66020 55432 1
66020 60715 1
66020 65223 1
66020 67860 1
66020 76482 1
66020 78334 1
66020 78522 1
66020 82294 1
66020 83047 1
67811 53121 1
67811 58509 1
67811 60549 1
67811 65223 1
67811 69998 1
67811 73746 1
67811 75276 1
67811 79726 1
67811 84036 1
67860 53122 1
67860 55432 1
67860 60715 1
67860 65223 1
67860 66020 1
67860 67859 1
67860 76482 1
67860 78334 1
67860 78522 1
67860 82294 1
67860 83047 1
69998 53121 1
69998 58509 1
69998 60549 1
69998 65223 1
69998 67811 1
69998 75276 1
69998 79726 1
69998 79990 1
69998 84036 1
69998 110256 1
70151 22400 1
70151 45724 1
70151 49129 1
70151 51570 1
70151 52621 1
70151 52809 1
70151 52907 1
70151 62838 1
70151 64301 1
70151 65223 1
70151 79980 1
70151 86305 1
75276 53121 1
75276 58509 1
75276 60549 1
75276 65223 1
75276 67811 1
75276 69998 1
75276 79726 1
75276 84036 1
75276 86330 2
75276 104560 1
75297 65223 1
75297 78008 1
76482 53122 1
76482 55432 1
76482 60715 1
76482 63352 1
76482 65223 1
76482 66020 1
76482 67860 1
76482 78334 1
76482 78522 1
76482 82294 1
76482 83047 1
78334 53122 1
78334 55432 1
78334 60715 1
78334 65223 1
78334 66020 1
78334 67860 1
78334 76482 1
78334 78522 1
78334 82294 1
78334 83047 1
78481 49129 1
78481 65223 1
78481 86305 1
78481 87473 1
78481 103996 1
78522 49097 1
78522 53122 1
78522 55432 1
78522 60715 1
78522 65223 1
78522 66020 1
78522 67860 1
78522 76482 1
78522 78334 1
78522 82294 1
78522 83047 1
78563 48762 1
78563 55620 1
78563 59794 1
78563 61603 1
78563 63483 1
78563 65223 1
78563 82330 1
78563 85510 1
78563 87473 1
79726 53121 1
79726 58509 1
79726 59794 2
79726 60549 1
79726 63483 1
79726 64315 1
79726 65223 1
79726 67811 1
79726 69998 1
79726 75276 1
79726 82468 1
79726 84036 1
79726 84474 1
79726 87100 1
79980 22400 1
79980 45724 1
79980 49129 1
79980 51570 1
79980 52621 1
79980 52809 1
79980 52907 1
79980 62838 1
79980 64301 1
79980 65223 1
79980 70151 1
79980 79931 1
79980 86305 1
80701 47939 1
80701 54183 1
80701 65223 1
80701 75964 1
80701 87100 1
82294 53122 1
82294 55432 2
82294 60715 1
82294 65223 1
82294 66020 1
82294 67860 1
82294 76482 1
82294 78334 1
82294 78522 1
82294 83047 1
82294 118931 1
82294 125703 1
82330 40079 1
82330 48762 1
82330 49129 1
82330 51573 1
82330 59794 1
82330 60549 1
82330 61603 1
82330 63483 1
82330 65223 1
82330 65504 1
82330 78472 1
82330 78563 1
82330 80209 1
82330 85510 1
83047 53122 1
83047 55432 1
83047 60715 1
83047 65223 1
83047 66020 1
83047 67860 1
83047 76482 1
83047 78334 1
83047 78522 1
83047 82294 1
84036 53121 1
84036 58509 1
84036 60549 1
84036 65223 1
84036 67811 1
84036 69998 1
84036 75276 1
84036 79726 1
85510 48762 1
85510 59794 1
85510 61603 1
85510 63483 1
85510 65223 1
85510 66609 1
85510 78563 1
85510 82330 1
84084 67418 1
80749 67647 1
53995 75964 1
55541 75964 1
116272 75964 1
116272 114999 1
64923 78008 1
126974 78472 1
126974 126973 2
126974 126976 6
10742 36637 1
10742 79990 1
36637 10742 1
36637 61043 1
36637 79990 1
62728 80586 1
97960 82722 1
28334 64315 1
28334 86182 1
69336 87473 1
112384 89837 1
55435 92398 1
105762 98190 2
119833 98190 1
115324 109625 1
119515 111883 1
96479 68617 1
96479 105661 1
96479 105826 1
96479 110012 1
105661 68617 1
105661 96479 1
105661 105826 1
105661 110012 1
105826 68617 1
105826 96479 1
105826 105661 1
105826 110012 1
110012 68617 1
110012 96479 1
110012 105661 1
110012 105826 1
109210 80180 1
85896 87034 1
118216 90633 1
118216 102639 1
70925 112042 1
114999 113298 1
114999 116272 1
126021 115089 1
126021 123945 1
126021 126022 1
126021 126023 1
116672 119089 1
116552 116553 1
116552 122648 1
116553 116552 1
116553 122648 1
119248 122648 1
50063 50064 1
50063 52349 1
50063 72382 1
50063 96070 1
50064 50063 1
50064 52349 1
50064 72382 1
50064 96070 1
72382 50063 1
72382 50064 1
72382 52349 1
72382 96070 1
112902 79371 1
106233 82663 1
111191 84050 1
127813 96193 1
92932 92513 1
92932 115085 1
110684 115087 1
118338 115087 1
52616 69526 1
122764 76797 1
64279 57374 1
105056 73852 1
81679 80569 1
79729 81680 1
79729 84823 1
84823 79729 1
84823 81680 1
122932 81680 1
77253 84000 1
70900 85895 1
104513 89135 1
104513 104514 1
104513 127046 1
121027 95312 1
49477 49475 1
49477 49476 1
49477 49478 2
49477 95673 1
49477 114836 1
59237 95673 1
59237 115250 1
114836 49477 1
114836 95673 1
114836 114835 1
115250 59237 1
115250 95673 1
127333 95673 1
70844 100444 1
115676 109250 1
40205 73746 1
45326 77996 1
50610 58553 1
50610 80006 1
94089 94085 1
115956 68134 1
52106 82802 1
66468 82802 1
66468 88676 1
88676 66468 1
88676 82802 1
103594 82802 1
66829 87637 1
69178 92269 1
123643 95993 1
17826 109568 1
116145 112939 1
106480 95488 1
106480 106481 1
106480 106483 1
106481 95488 1
106481 106480 1
106481 106483 1
106483 95488 1
106483 106480 1
106483 106481 1
54195 127449 1
113287 116092 1
113287 117391 1
113287 127449 1
116092 113287 1
116092 117391 1
116092 127449 1
117391 113287 1
117391 116092 1
117391 127449 1
99373 87100 1
107971 117662 1
70262 21894 1
28229 32945 1
28229 37964 1
28229 45645 1
28229 48701 1
28229 51951 1
32945 28229 1
32945 37964 1
32945 45645 1
32945 48701 1
32945 51951 1
45645 28229 1
45645 32945 1
45645 37964 1
45645 48701 1
45645 51951 1
48701 25267 1
48701 28229 1
48701 32945 1
48701 37964 1
48701 45645 1
48701 51951 1
51951 28229 1
51951 32945 1
51951 37964 1
51951 45645 1
51951 48701 1
8955 37740 1
8955 38700 1
37740 8955 1
37740 38700 1
43903 47583 1
49932 48016 1
49932 66017 1
66017 48016 1
66017 49932 1
29597 53548 1
29485 56847 1
83474 62846 1
54240 64315 1
87014 68626 1
87014 87015 1
87015 68626 1
87015 87014 1
87017 68626 1
75104 75094 1
84710 81977 1
20978 84804 1
58479 88264 1
58479 96115 1
88264 58479 1
88264 96115 1
114619 110498 1
69509 101184 1
69509 107392 1
107392 69509 1
107392 101184 1
113901 101184 1
113901 123250 1
123250 101184 1
123250 113901 1
124665 82381 1
87713 99345 1
41144 27152 1
41144 52123 1
41144 52124 1
52123 27152 1
52123 41144 1
52123 52124 1
52124 27152 1
52124 41144 1
52124 52123 1
43211 27176 1
48834 32245 1
65197 35971 1
26018 45403 1
26018 51006 1
45403 26018 1
45403 51006 1
40574 51926 1
1734 53625 1
39226 40906 1
39226 53625 1
40906 39226 1
40906 53625 1
66807 57561 1
45342 63548 1
84225 78182 1
54113 51441 1
67459 57346 1
69816 67639 1
81731 72523 1
81731 81732 1
81732 72523 1
81732 81731 1
61373 74147 1
61373 90900 1
90900 61373 1
90900 74147 1
70252 92983 1
110976 108173 1
110976 118136 1
52579 53206 1
52579 55590 1
52579 63191 1
52579 84459 1
52579 126972 1
52579 127299 1
53206 52579 1
53206 55590 1
53206 63191 1
53206 79945 1
53206 84459 1
53206 126972 1
53206 127299 1
55590 52579 1
55590 53206 1
55590 63191 1
55590 84459 1
55590 126972 1
55590 127299 1
63191 52579 1
63191 53206 1
63191 55590 1
63191 84459 1
63191 126972 1
63191 127299 1
84459 52579 1
84459 53206 1
84459 55590 1
84459 63191 1
84459 126972 1
84459 127299 1
127299 52579 1
127299 53206 1
127299 55590 1
127299 63191 1
127299 84459 1
127299 126972 1
53824 49097 1
89023 60549 1
104787 62844 1
56169 73927 1
126059 73927 1
116600 116601 1
27723 22400 1
70401 22400 1
91281 49129 1
118931 55432 1
118931 82294 1
118931 119013 1
118931 125703 1
125703 55432 1
125703 82294 1
125703 118931 1
53024 63483 1
53024 88184 1
53024 89387 1
53024 98632 1
53024 119019 1
88184 53024 1
88184 63483 1
88184 89387 1
89387 53024 1
89387 63483 1
89387 88184 1
90902 64301 1
67859 67860 1
82468 79726 1
51573 82330 1
119013 118931 1
98632 53024 1
119019 53024 1
79945 53206 1
79945 79944 1
118136 110976 1
104514 104513 1
25267 48701 1
58553 50610 1
49475 49476 1
49475 49477 1
49475 49478 1
49476 49475 1
49476 49477 1
49476 49478 1
49478 49475 1
49478 49476 1
49478 49477 2
114835 114836 1
123945 126021 1
126022 126021 1
126023 126021 1
61043 36637 1
126973 126974 2
126973 126976 1
126976 126973 1
126976 126974 6
79944 79945 1
