15304 34510 1
34510 15304 1
34510 22953 1
34510 29368 1
22953 29368 1
22953 34510 1
29368 18571 2
29368 22953 1
29368 27601 2
29368 29834 2
29368 33488 2
29368 34510 1
29368 51812 2
18571 18538 1
18571 27601 2
18571 29368 2
18571 29834 2
18571 33488 2
18571 38427 1
18571 51812 2
27601 18571 2
27601 29368 2
27601 29834 2
27601 33488 2
27601 51812 2
29834 18571 2
29834 27601 2
29834 29368 2
29834 33488 2
29834 51812 2
33488 18571 2
33488 19166 1
33488 23761 1
33488 27601 2
33488 29368 2
33488 29834 2
33488 41341 1
33488 51812 2
33488 67055 1
51812 18571 2
51812 27601 2
51812 29368 2
51812 29834 2
51812 32909 1
51812 33488 2
51812 37133 1
51812 39501 1
51812 45932 1
51812 45933 1
51812 45939 1
51812 46648 1
51812 47920 2
51812 48179 1
51812 49066 1
51812 49415 1
51812 55601 1
51812 56299 1
51812 58620 1
51812 59081 1
51812 59266 3
51812 61046 1
51812 82869 1
18538 18571 1
18538 26606 1
18538 38427 1
38427 18538 1
38427 18571 1
19166 11194 1
19166 23675 1
19166 23761 1
19166 25004 1
19166 26916 1
19166 29452 1
19166 33488 1
23761 19166 1
23761 33488 1
41341 26395 1
41341 31522 1
41341 33488 1
41341 33913 1
41341 34722 1
41341 36705 1
41341 38193 1
41341 40062 1
41341 43740 1
41341 47071 1
41341 53785 1
41341 62969 1
41341 67055 1
67055 29985 1
67055 31964 1
67055 33488 1
67055 33581 1
67055 41341 1
67055 51179 1
67055 51836 1
67055 52209 1
67055 53126 1
67055 54176 1
67055 54187 1
67055 59245 1
67055 59247 1
67055 61492 1
67055 62235 1
67055 63037 1
67055 65561 1
67055 67230 1
67055 67231 1
67055 67652 1
67055 68191 1
67055 75510 1
67055 76726 1
67055 78221 1
67055 84781 1
67055 96182 1
32909 11722 1
32909 21890 1
32909 21898 1
32909 37252 1
32909 39051 1
32909 39501 1
32909 39694 1
32909 40136 1
32909 40297 1
32909 40372 1
32909 45932 1
32909 45939 1
32909 46071 1
32909 47920 1
32909 48020 1
32909 48179 1
32909 49066 1
32909 51268 1
32909 51812 1
32909 53927 1
32909 57959 1
32909 58446 1
32909 58620 1
32909 59266 1
32909 59800 1
32909 62467 1
32909 63272 1
32909 66009 1
32909 90323 1
37133 49415 1
37133 51812 1
37133 56299 1
37133 59081 1
37133 59266 1
39501 7676 1
39501 19341 1
39501 21329 1
39501 21601 1
39501 25042 1
39501 25715 1
39501 26797 1
39501 27603 1
39501 29094 1
39501 30488 1
39501 31213 1
39501 31214 1
39501 31228 1
39501 32265 1
39501 32274 1
39501 32551 1
39501 32909 1
39501 34223 1
39501 35595 1
39501 36781 1
39501 36815 1
39501 37967 1
39501 38717 1
39501 38791 1
39501 38867 1
39501 39500 1
39501 39577 2
39501 40006 1
39501 41215 1
39501 41346 1
39501 41904 1
39501 41967 1
39501 44212 1
39501 45797 1
39501 45932 1
39501 45939 2
39501 46791 1
39501 46798 1
39501 47920 1
39501 48179 1
39501 48403 1
39501 48689 1
39501 48878 1
39501 48896 1
39501 49066 2
39501 49492 1
39501 49841 1
39501 50238 1
39501 50629 1
39501 51789 1
39501 51812 1
39501 52245 1
39501 52415 1
39501 52654 1
39501 52885 1
39501 53423 1
39501 53987 1
39501 54177 1
39501 56141 1
39501 57014 1
39501 58620 1
39501 59266 1
39501 61853 1
39501 62254 1
39501 66283 1
45932 32909 1
45932 39501 1
45932 45939 1
45932 47920 1
45932 48179 1
45932 49066 1
45932 51812 1
45932 58620 1
45932 59266 1
45933 30868 1
45933 38495 1
45933 45936 1
45933 46648 1
45933 46788 1
45933 49596 1
45933 51044 1
45933 51812 1
45933 54470 1
45933 56271 1
45933 56278 1
45933 57088 1
45933 57318 1
45933 59266 1
45933 65218 1
45939 2548 1
45939 19341 1
45939 22703 1
45939 22759 1
45939 25357 1
45939 27948 1
45939 31213 1
45939 31214 1
45939 32909 1
45939 39501 2
45939 40662 1
45939 40745 1
45939 44879 1
45939 45932 1
45939 47920 1
45939 48027 2
45939 48170 1
45939 48179 1
45939 49066 1
45939 50509 1
45939 51812 1
45939 57962 1
45939 58620 1
45939 59266 1
45939 81167 1
46648 21136 1
46648 25362 1
46648 26936 1
46648 30501 1
46648 37139 1
46648 37699 1
46648 40918 1
46648 40919 1
46648 41726 1
46648 44625 1
46648 44944 1
46648 45747 1
46648 45933 1
46648 46466 1
46648 46798 1
46648 46835 1
46648 46867 1
46648 47047 1
46648 47579 1
46648 48517 1
46648 50213 1
46648 50629 1
46648 50722 1
46648 50957 1
46648 51613 1
46648 51812 1
46648 51961 1
46648 52629 1
46648 53188 1
46648 53807 1
46648 57051 1
46648 57352 1
46648 59266 2
46648 96482 1
46648 102621 1
46648 108017 1
47920 32909 1
47920 37131 1
47920 39501 1
47920 39554 1
47920 42169 1
47920 45932 1
47920 45939 1
47920 48179 1
47920 49066 1
47920 51812 2
47920 55601 1
47920 58620 1
47920 59266 1
47920 61046 1
47920 82869 1
48179 32909 1
48179 39501 1
48179 45932 1
48179 45939 1
48179 47920 1
48179 49066 1
48179 51812 1
48179 58620 1
48179 59266 1
49066 21601 1
49066 23850 1
49066 26315 1
49066 29094 1
49066 32263 1
49066 32265 1
49066 32274 1
49066 32551 1
49066 32909 1
49066 34990 1
49066 39500 1
49066 39501 2
49066 39577 1
49066 40523 1
49066 41512 1
49066 45417 1
49066 45932 1
49066 45939 1
49066 47861 1
49066 47920 1
49066 48179 1
49066 48403 1
49066 48878 1
49066 48896 1
49066 49841 1
49066 51048 1
49066 51499 1
49066 51812 1
49066 52245 1
49066 52357 1
49066 56141 1
49066 56277 1
49066 56770 1
49066 58620 1
49066 59266 1
49066 59387 1
49066 61165 1
49066 62254 1
49066 62292 1
49066 62663 1
49066 63963 1
49066 63982 1
49066 66725 1
49066 71163 1
49066 74239 1
49066 124394 1
49415 25935 1
49415 36818 1
49415 37133 1
49415 51812 1
49415 52709 1
49415 56299 1
49415 59081 1
49415 59266 1
55601 30499 1
55601 45764 1
55601 47653 1
55601 47920 1
55601 50198 1
55601 51812 1
55601 51961 1
55601 51964 1
55601 53996 1
55601 60949 1
55601 61046 1
55601 78409 1
55601 82869 1
56299 37133 1
56299 49415 1
56299 51812 1
56299 59081 1
56299 59266 1
58620 32909 1
58620 39501 1
58620 45738 1
58620 45932 1
58620 45939 1
58620 46066 1
58620 47920 1
58620 48179 1
58620 49066 1
58620 51812 1
58620 59266 1
58620 92681 1
59081 8570 1
59081 20594 1
59081 30118 1
59081 37133 1
59081 39860 1
59081 44938 1
59081 44945 1
59081 49083 1
59081 49415 1
59081 50639 1
59081 51812 1
59081 54262 1
59081 54554 1
59081 56299 1
59081 57716 1
59081 58548 1
59081 59266 1
59081 59950 1
59081 62285 1
59081 72805 1
59081 82474 1
59081 90524 1
59266 14409 1
59266 14413 1
59266 25360 1
59266 27084 1
59266 30502 1
59266 32596 1
59266 32909 1
59266 37133 1
59266 38708 1
59266 39501 1
59266 45247 1
59266 45932 1
59266 45933 1
59266 45939 1
59266 46648 2
59266 46867 1
59266 47920 1
59266 48179 1
59266 48384 1
59266 49066 1
59266 49415 1
59266 50424 1
59266 51812 3
59266 53188 1
59266 55845 1
59266 56299 1
59266 58620 1
59266 59081 1
61046 26265 1
61046 34188 1
61046 35888 1
61046 41055 1
61046 47920 1
61046 51812 1
61046 55601 1
61046 56761 1
61046 59779 1
61046 82869 1
82869 47920 1
82869 50326 1
82869 51812 1
82869 53574 1
82869 55460 1
82869 55601 1
82869 58930 1
82869 60740 1
82869 60741 1
82869 61046 1
82869 65422 1
82869 70208 1
82869 70939 1
82869 72993 1
82869 74133 1
82869 75270 1
82869 83068 1
82869 87810 1
82869 89389 1
82869 103177 1
82869 117100 1
82869 124566 1
26606 18538 1
26606 24442 1
26606 26560 1
26606 27825 1
26606 33318 1
26606 34372 1
26606 38868 1
26606 38871 1
26606 42368 1
26606 43472 1
26606 44721 1
26606 48122 1
26606 52626 1
26606 57335 1
26606 61536 1
26606 63538 1
26606 64683 1
11194 19166 1
11194 23675 1
11194 26916 1
11194 29452 1
11194 33666 1
11194 36585 1
11194 39215 1
11194 39216 1
11194 39217 1
11194 41637 1
11194 42785 1
11194 43441 1
23675 11194 1
23675 19166 1
23675 26916 1
23675 29452 1
25004 18014 1
25004 19166 1
25004 22894 1
26916 11194 1
26916 19166 1
26916 21480 1
26916 23675 1
26916 29452 1
26916 29767 1
26916 31118 1
26916 33322 1
26916 33953 1
26916 35457 1
26916 49601 1
26916 58244 1
29452 4098 1
29452 8758 1
29452 10539 1
29452 11194 1
29452 13288 1
29452 13676 1
29452 15324 1
29452 19166 1
29452 22113 1
29452 23675 1
29452 23802 1
29452 26916 1
29452 28569 1
29452 30436 1
29452 32120 1
29452 33759 1
29452 34701 1
29452 37403 1
26395 18175 2
26395 25234 1
26395 26658 1
26395 27429 1
26395 30102 1
26395 30253 1
26395 31273 1
26395 31522 1
26395 33913 1
26395 34201 1
26395 34722 1
26395 34723 1
26395 35953 1
26395 37416 1
26395 38822 1
26395 39192 1
26395 41341 1
26395 42549 1
26395 42937 1
26395 43740 1
26395 47220 1
26395 47221 1
26395 48181 1
26395 49068 1
26395 58971 1
26395 59605 1
26395 66007 1
31522 17611 1
31522 24803 1
31522 26395 1
31522 29736 1
31522 31521 1
31522 33913 1
31522 34722 1
31522 38184 1
31522 38327 1
31522 41341 1
31522 42556 1
31522 43740 1
31522 56029 1
33913 26395 1
33913 31522 1
33913 34722 1
33913 41341 1
33913 43740 1
34722 8864 1
34722 19674 1
34722 23092 1
34722 26395 1
34722 28174 1
34722 28988 1
34722 31007 1
34722 31522 1
34722 33913 1
34722 34720 1
34722 34721 1
34722 36228 1
34722 40189 1
34722 41341 1
34722 43740 1
34722 48188 1
34722 56599 1
34722 91501 1
36705 26237 1
36705 32512 1
36705 38105 1
36705 39861 1
36705 40062 1
36705 41340 1
36705 41341 1
36705 44131 1
36705 44649 1
36705 46114 1
36705 47071 1
36705 48513 1
36705 48936 1
36705 53785 1
36705 54017 1
36705 59012 1
36705 62154 1
36705 62969 1
36705 76442 1
36705 77674 1
38193 28195 1
38193 30115 1
38193 36338 1
38193 41341 1
38193 41480 1
38193 55020 1
38193 55927 1
38193 60600 1
38193 64203 1
38193 69811 1
38193 97127 1
40062 33684 1
40062 36705 1
40062 38327 1
40062 41341 1
40062 41483 1
40062 47071 1
40062 49990 1
40062 53785 1
40062 62969 1
43740 26395 1
43740 31522 1
43740 33913 1
43740 34722 1
43740 38359 1
43740 39175 1
43740 41341 1
43740 42558 1
43740 48438 1
43740 50448 1
43740 53037 1
43740 56576 1
43740 57502 1
43740 59532 1
43740 125001 1
47071 33579 1
47071 36705 1
47071 40062 1
47071 41341 1
47071 45870 1
47071 50525 1
47071 52222 1
47071 53768 1
47071 53785 1
47071 56013 1
47071 61366 1
47071 62969 1
47071 63925 1
47071 64163 1
47071 71227 1
47071 73991 1
47071 73992 1
47071 78105 1
47071 81800 1
47071 86717 1
53785 36705 1
53785 40062 1
53785 41341 1
53785 43238 1
53785 47071 1
53785 50465 1
53785 62969 1
53785 71238 1
53785 71499 1
53785 81509 1
53785 83303 1
53785 88105 1
53785 91734 1
53785 98254 1
53785 106222 1
62969 36705 1
62969 40062 1
62969 41341 1
62969 47071 1
62969 53785 1
29985 33581 1
29985 65561 1
29985 67055 1
29985 67230 1
29985 75510 1
29985 76726 1
29985 84781 1
29985 96182 1
31964 30107 1
31964 31545 1
31964 34581 2
31964 35502 1
31964 36119 1
31964 36134 2
31964 36922 1
31964 40086 1
31964 42279 1
31964 42289 1
31964 42548 1
31964 46026 1
31964 46070 1
31964 46142 1
31964 46956 1
31964 48153 1
31964 49005 1
31964 50949 1
31964 51836 1
31964 54423 1
31964 55209 1
31964 56300 1
31964 57680 1
31964 58044 1
31964 60719 1
31964 61583 1
31964 61853 1
31964 63666 1
31964 67006 1
31964 67055 1
31964 68843 1
31964 68868 1
31964 68881 1
31964 68902 1
31964 70962 1
31964 73384 1
31964 74750 1
31964 87003 1
31964 87706 1
31964 123095 1
33581 29985 1
33581 36658 1
33581 38812 1
33581 40083 1
33581 48423 1
33581 50474 1
33581 50483 1
33581 50885 1
33581 51410 1
33581 53338 1
33581 56083 1
33581 56989 1
33581 59247 1
33581 61576 1
33581 65561 1
33581 67055 1
33581 67230 1
33581 75510 1
33581 76726 1
33581 84781 1
33581 96182 1
51179 53338 1
51179 54187 1
51179 59245 1
51179 59247 1
51179 61492 1
51179 63037 1
51179 67055 1
51179 68191 1
51836 30102 1
51836 31964 1
51836 36119 1
51836 63037 1
51836 67055 1
52209 53126 1
52209 62235 1
52209 67055 1
53126 52209 1
53126 62235 1
53126 67055 1
54176 40083 1
54176 67055 1
54176 68191 1
54176 77674 1
54187 51179 1
54187 59245 1
54187 59247 1
54187 61492 1
54187 63037 1
54187 67055 1
54187 68191 1
59245 28195 1
59245 51179 1
59245 54187 1
59245 59247 1
59245 61492 1
59245 63037 1
59245 67055 1
59245 68191 1
59245 76726 1
59245 77355 1
59247 33581 1
59247 50474 1
59247 51179 1
59247 54187 1
59247 59245 1
59247 61492 2
59247 63037 1
59247 67055 1
59247 68191 2
59247 73501 1
61492 51179 1
61492 54187 1
61492 59245 1
61492 59247 2
61492 63037 1
61492 67055 1
61492 68191 2
61492 75510 1
61492 77674 1
62235 52209 1
62235 53126 1
62235 67055 1
63037 28195 1
63037 51179 1
63037 51836 1
63037 54187 1
63037 57680 1
63037 59245 1
63037 59247 1
63037 61492 1
63037 67055 1
63037 68191 1
65561 26237 1
65561 29985 1
65561 33581 1
65561 67055 1
65561 67230 1
65561 75510 1
65561 76726 1
65561 84781 1
65561 96182 1
67230 29985 1
67230 33581 1
67230 42289 1
67230 65561 1
67230 67055 1
67230 75510 1
67230 76726 1
67230 84781 1
67230 96182 1
67231 43238 1
67231 48936 1
67231 67055 1
67231 67652 1
67231 78221 1
67652 67055 1
67652 67231 1
67652 78221 1
68191 51179 1
68191 52885 1
68191 54176 1
68191 54187 1
68191 59245 1
68191 59247 2
68191 61492 2
68191 63037 1
68191 67055 1
68191 73991 1
68191 74750 1
68191 77674 2
75510 29985 1
75510 33581 1
75510 53338 1
75510 61492 1
75510 65561 1
75510 67055 1
75510 67230 1
75510 76726 1
75510 84781 1
75510 96182 1
76726 29985 1
76726 33581 1
76726 49990 1
76726 59245 1
76726 65561 1
76726 67055 1
76726 67230 1
76726 75510 1
76726 84781 1
76726 96182 1
78221 67055 1
78221 67231 1
78221 67652 1
84781 29985 1
84781 33581 1
84781 65561 1
84781 67055 1
84781 67230 1
84781 75510 1
84781 76726 1
84781 88190 1
84781 96182 1
96182 29985 1
96182 33581 1
96182 65561 1
96182 67055 1
96182 67230 1
96182 75510 1
96182 76726 1
96182 84781 1
11722 32909 1
11722 37252 1
11722 39694 1
11722 40136 1
11722 40372 1
11722 46071 1
11722 53927 1
21890 21898 1
21890 32909 1
21890 51268 1
21890 62467 1
21898 21890 1
21898 32263 1
21898 32909 1
21898 51268 1
21898 55702 1
21898 62467 1
37252 11722 1
37252 29094 1
37252 29400 1
37252 32909 1
37252 35768 1
37252 39577 1
37252 39694 1
37252 40136 1
37252 40372 1
37252 46071 1
37252 49085 1
37252 53927 1
39051 32909 1
39051 48020 1
39051 51961 1
39051 57959 1
39051 58244 1
39051 59800 1
39051 63272 1
39051 66009 1
39694 11722 1
39694 32909 1
39694 37252 1
39694 40136 1
39694 40372 1
39694 46071 1
39694 53927 1
40136 11722 1
40136 21136 1
40136 32909 1
40136 37252 1
40136 39694 1
40136 40372 1
40136 46071 1
40136 53927 1
40136 55845 1
40297 25053 1
40297 30474 1
40297 32909 1
40372 11722 1
40372 19341 1
40372 32909 1
40372 37252 1
40372 39694 1
40372 40136 1
40372 46071 1
40372 53927 1
46071 11722 1
46071 32909 1
46071 37252 1
46071 39694 1
46071 40136 1
46071 40372 1
46071 53927 1
48020 32909 1
48020 35888 1
48020 39051 1
48020 48019 1
48020 50198 1
48020 57335 1
48020 57959 1
48020 59800 1
48020 63272 1
48020 66009 1
51268 21890 1
51268 21898 1
51268 26265 1
51268 32909 1
51268 48807 1
51268 62467 1
53927 11722 1
53927 32909 1
53927 37252 1
53927 39694 1
53927 40136 1
53927 40372 1
53927 46071 1
57959 32909 1
57959 39051 1
57959 48020 1
57959 59800 2
57959 63272 1
57959 66009 1
58446 32909 1
59800 32909 1
59800 39051 1
59800 48020 1
59800 57959 2
59800 63272 1
59800 66009 1
62467 21890 1
62467 21898 1
62467 32909 1
62467 42904 1
62467 51268 1
63272 32909 1
63272 39051 1
63272 48020 1
63272 57959 1
63272 59800 1
63272 66009 1
63272 83883 1
63272 119727 1
66009 32909 1
66009 39051 1
66009 48020 1
66009 57959 1
66009 59800 1
66009 63272 1
90323 32909 1
7676 26797 1
7676 27603 1
7676 32265 1
7676 34223 1
7676 38717 1
7676 39501 1
7676 41346 1
7676 45797 1
19341 21293 1
19341 31213 1
19341 31214 1
19341 37722 1
19341 39501 1
19341 40372 1
19341 41055 1
19341 45939 1
21329 31228 1
21329 39501 1
21329 49492 1
21329 50238 1
21329 50629 1
21601 29094 1
21601 32274 1
21601 32551 1
21601 39500 1
21601 39501 1
21601 39577 1
21601 48403 1
21601 48878 1
21601 48896 1
21601 49066 1
21601 49841 1
21601 52245 1
21601 56141 1
21601 62254 1
25042 19701 1
25042 30488 1
25042 35595 1
25042 36781 1
25042 39501 1
25042 40006 1
25042 41215 1
25042 41967 1
25715 38867 1
25715 39501 1
25715 41904 1
25715 44212 1
25715 52654 1
25715 53423 1
25715 57014 1
25715 61853 1
26797 7676 1
26797 27603 2
26797 32265 1
26797 34223 1
26797 38717 1
26797 39501 1
26797 41346 1
26797 43380 1
26797 45797 1
27603 7676 1
27603 26797 2
27603 32265 1
27603 34223 1
27603 38717 1
27603 39501 1
27603 41346 1
27603 45797 1
29094 21601 1
29094 29400 1
29094 32274 1
29094 32551 1
29094 35768 1
29094 37252 1
29094 39500 1
29094 39501 1
29094 39577 2
29094 46798 1
29094 48403 1
29094 48878 1
29094 48896 1
29094 49066 1
29094 49085 1
29094 49841 1
29094 52245 1
29094 56141 1
29094 62254 1
30488 25042 1
30488 35595 1
30488 36781 1
30488 39501 1
30488 40006 1
30488 41215 1
30488 41967 1
30488 53987 1
31213 7679 1
31213 19341 1
31213 25261 1
31213 31214 2
31213 35299 1
31213 39501 1
31213 45939 1
31214 7679 1
31214 19341 1
31214 25261 1
31214 31213 2
31214 35299 1
31214 39501 1
31214 45939 1
31228 21329 1
31228 33756 1
31228 39501 1
31228 44274 1
31228 49492 1
31228 50238 1
31228 50629 1
32265 7676 1
32265 23850 1
32265 26797 1
32265 27603 1
32265 34223 1
32265 38717 1
32265 39501 1
32265 41346 1
32265 45797 1
32265 47861 1
32265 48153 1
32265 49066 1
32274 21601 1
32274 29094 1
32274 32551 1
32274 39500 1
32274 39501 1
32274 39577 1
32274 48403 1
32274 48878 1
32274 48896 1
32274 49066 1
32274 49841 1
32274 52245 1
32274 56141 1
32274 62254 1
32551 21601 1
32551 29094 1
32551 32274 1
32551 39500 1
32551 39501 1
32551 39577 1
32551 46835 1
32551 48403 1
32551 48878 1
32551 48896 1
32551 49066 1
32551 49841 1
32551 52245 1
32551 56141 1
32551 62254 1
34223 7676 1
34223 26797 1
34223 27603 1
34223 32265 1
34223 38717 1
34223 39501 1
34223 41346 1
34223 42367 1
34223 44227 1
34223 44689 1
34223 45797 1
34223 50579 1
35595 25042 1
35595 30488 1
35595 36781 1
35595 39501 1
35595 40006 1
35595 41215 1
35595 41967 1
36781 25042 1
36781 30488 1
36781 35595 1
36781 39501 1
36781 40006 1
36781 41215 1
36781 41967 1
36815 36508 1
36815 36818 1
36815 39501 1
36815 39577 1
36815 44195 1
36815 52415 2
36815 55558 1
36815 66283 1
37967 20209 1
37967 33759 1
37967 39501 1
37967 46839 1
37967 57091 1
37967 58244 1
37967 61105 1
38717 7676 1
38717 26797 1
38717 27603 1
38717 32265 1
38717 34223 1
38717 39501 1
38717 41346 1
38717 45797 1
38717 73050 1
38791 39501 1
38791 46791 1
38791 46798 1
38867 25715 1
38867 39501 1
38867 41904 1
38867 44212 1
38867 52654 1
38867 53423 1
38867 57014 1
38867 61853 1
39500 21601 1
39500 29094 1
39500 32274 1
39500 32551 1
39500 39501 1
39500 39577 1
39500 48403 1
39500 48878 1
39500 48896 1
39500 49066 1
39500 49841 1
39500 52245 1
39500 56141 1
39500 62254 1
39577 21601 1
39577 29094 2
39577 29400 1
39577 32274 1
39577 32551 1
39577 35768 1
39577 36815 1
39577 37139 1
39577 37252 1
39577 39500 1
39577 39501 2
39577 43446 1
39577 45248 1
39577 45738 1
39577 48403 1
39577 48878 1
39577 48896 1
39577 49066 1
39577 49085 1
39577 49841 1
39577 50441 1
39577 52245 1
39577 52415 1
39577 53006 1
39577 56141 1
39577 62254 1
39577 66283 1
40006 25042 1
40006 30488 1
40006 35595 1
40006 36781 1
40006 39501 1
40006 41215 1
40006 41967 1
41215 25042 1
41215 30488 1
41215 35595 1
41215 36781 1
41215 39501 1
41215 40006 1
41215 41967 1
41346 7676 1
41346 26797 1
41346 27603 1
41346 32265 1
41346 34223 1
41346 38717 1
41346 39501 1
41346 45797 1
41904 25715 1
41904 35963 1
41904 38867 1
41904 39501 1
41904 44212 1
41904 52654 1
41904 53423 1
41904 57014 1
41904 61853 1
41967 25042 1
41967 30488 1
41967 34023 1
41967 35595 1
41967 36781 1
41967 39501 1
41967 40006 1
41967 41215 1
44212 25715 1
44212 38867 1
44212 38871 1
44212 39501 1
44212 41904 1
44212 49083 1
44212 52654 1
44212 53423 1
44212 53987 1
44212 57014 1
44212 61853 1
45797 7676 1
45797 21153 1
45797 21324 1
45797 26797 1
45797 27603 1
45797 29416 1
45797 32265 1
45797 34223 1
45797 38717 1
45797 39501 1
45797 41346 1
45797 45798 1
46791 36373 1
46791 38791 1
46791 39501 1
46791 46798 1
46798 27825 1
46798 29094 1
46798 38791 1
46798 39501 1
46798 46648 1
46798 46791 1
48403 21601 1
48403 29094 1
48403 32274 1
48403 32551 1
48403 34701 1
48403 39500 1
48403 39501 1
48403 39577 1
48403 48878 1
48403 48896 1
48403 49066 1
48403 49841 1
48403 52245 1
48403 56141 1
48403 62254 1
48689 39501 1
48689 51789 1
48689 53987 1
48878 21136 1
48878 21601 1
48878 29094 1
48878 32274 1
48878 32551 1
48878 34024 1
48878 39500 1
48878 39501 1
48878 39577 1
48878 48403 1
48878 48896 1
48878 49066 1
48878 49841 1
48878 52245 1
48878 56141 1
48878 62254 1
48896 21601 1
48896 29094 1
48896 32274 1
48896 32551 1
48896 39500 1
48896 39501 1
48896 39577 1
48896 48403 1
48896 48878 1
48896 49066 1
48896 49841 1
48896 52245 1
48896 56141 1
48896 62254 1
49492 21329 1
49492 31228 1
49492 39501 1
49492 50238 1
49492 50629 1
49492 51970 1
49841 21601 1
49841 29094 1
49841 32274 1
49841 32551 1
49841 39500 1
49841 39501 1
49841 39577 1
49841 48403 1
49841 48878 1
49841 48896 1
49841 49066 1
49841 50483 1
49841 52245 1
49841 56141 1
49841 62122 1
49841 62254 1
50238 21329 1
50238 31228 1
50238 39501 1
50238 49492 1
50238 50629 1
50629 21329 1
50629 30501 1
50629 31228 1
50629 39501 1
50629 45747 1
50629 46648 1
50629 49492 1
50629 50213 1
50629 50238 1
50629 50722 1
50629 50957 1
50629 52629 1
50629 85780 1
51789 39501 1
51789 48689 1
51789 53987 1
51789 62285 1
52245 21601 1
52245 29094 1
52245 32274 1
52245 32551 1
52245 39500 1
52245 39501 1
52245 39577 1
52245 48403 1
52245 48878 1
52245 48896 1
52245 49066 1
52245 49841 1
52245 56141 1
52245 58548 1
52245 60740 1
52245 62254 3
52415 36815 2
52415 39501 1
52415 39577 1
52415 59779 1
52415 66283 1
52654 25715 1
52654 38867 1
52654 39501 1
52654 41904 1
52654 44212 1
52654 53423 1
52654 57014 1
52654 61853 1
52885 39501 1
52885 68191 1
52885 94521 1
53423 25715 1
53423 38867 1
53423 39501 1
53423 41904 1
53423 44212 1
53423 52654 1
53423 57014 1
53423 61853 1
53987 27948 1
53987 30488 1
53987 38871 1
53987 39501 1
53987 44212 1
53987 48689 1
53987 51789 1
54177 39501 1
54177 50948 1
56141 21601 1
56141 29094 1
56141 32274 1
56141 32551 1
56141 39500 1
56141 39501 1
56141 39577 1
56141 48403 1
56141 48878 1
56141 48896 1
56141 49066 1
56141 49841 1
56141 52245 1
56141 62254 1
57014 25715 1
57014 38867 1
57014 39501 1
57014 41904 1
57014 44212 1
57014 52654 1
57014 53423 1
57014 61853 1
61853 25715 1
61853 31964 1
61853 38867 1
61853 39501 1
61853 41904 1
61853 42279 1
61853 44212 1
61853 46026 1
61853 52654 1
61853 53423 1
61853 57014 1
62254 21601 1
62254 29094 1
62254 32274 1
62254 32551 1
62254 39500 1
62254 39501 1
62254 39577 1
62254 48403 1
62254 48878 1
62254 48896 1
62254 49066 1
62254 49841 1
62254 52245 3
62254 56141 1
66283 36815 1
66283 39501 1
66283 39577 1
66283 43441 1
66283 52415 1
66283 74239 1
30868 45933 1
30868 49596 1
30868 54470 1
30868 56271 1
30868 56278 1
30868 57088 1
30868 57318 1
30868 65218 1
38495 45933 1
38495 45936 1
38495 46788 1
38495 51044 1
45936 38495 1
45936 45933 1
45936 46788 1
45936 51044 1
46788 38495 1
46788 45933 1
46788 45936 1
46788 51044 2
49596 30868 1
49596 45933 1
49596 54470 1
49596 56271 1
49596 56278 1
49596 57088 1
49596 57318 1
49596 65218 1
51044 38495 1
51044 45933 1
51044 45936 1
51044 46788 2
54470 30868 1
54470 45933 1
54470 49596 1
54470 56271 1
54470 56278 1
54470 57088 1
54470 57318 1
54470 65218 1
56271 30868 1
56271 45933 1
56271 49596 1
56271 54470 1
56271 56278 1
56271 57088 1
56271 57318 1
56271 65218 1
56278 25226 1
56278 30868 1
56278 38819 1
56278 45933 1
56278 49596 1
56278 54470 1
56278 55497 1
56278 55498 1
56278 56271 1
56278 57088 1
56278 57318 1
56278 57962 3
56278 60740 1
56278 65218 1
57088 30868 1
57088 45933 1
57088 49596 1
57088 54470 1
57088 56271 1
57088 56278 1
57088 57318 1
57088 65218 1
57318 30868 1
57318 45933 1
57318 49596 1
57318 54470 1
57318 56271 1
57318 56278 1
57318 57088 1
57318 65218 1
65218 30868 1
65218 45933 1
65218 49596 1
65218 54470 1
65218 56271 1
65218 56278 1
65218 57088 1
65218 57318 1
2548 22703 1
2548 22759 1
2548 25075 1
2548 27948 1
2548 40662 1
2548 40745 1
2548 44866 1
2548 44879 1
2548 45939 1
22703 2548 1
22703 22759 1
22703 27948 1
22703 40662 1
22703 40745 1
22703 44879 1
22703 45939 1
22759 2548 1
22759 22703 1
22759 27948 1
22759 40662 1
22759 40745 1
22759 44879 1
22759 45939 1
25357 45939 1
25357 48027 1
27948 2548 1
27948 22703 1
27948 22759 1
27948 40662 1
27948 40745 1
27948 44879 1
27948 45939 1
27948 53987 1
40662 2548 1
40662 22703 1
40662 22759 1
40662 24419 1
40662 27948 1
40662 40745 1
40662 43477 1
40662 43479 1
40662 44879 1
40662 45939 1
40745 2548 1
40745 22703 1
40745 22759 1
40745 27948 1
40745 34115 1
40745 40662 1
40745 44879 1
40745 44882 1
40745 45939 1
44879 2548 1
44879 22703 1
44879 22759 1
44879 27948 1
44879 33317 1
44879 40662 1
44879 40745 1
44879 42488 1
44879 45939 1
48027 5967 1
48027 23062 1
48027 23303 1
48027 25357 1
48027 39158 1
48027 40569 1
48027 45939 2
48027 49084 1
48170 45939 1
48170 57962 1
50509 45939 1
50509 81167 1
57962 38819 1
57962 45939 1
57962 48170 1
57962 55498 1
57962 56278 3
81167 45939 1
81167 50509 1
21136 40136 1
21136 46648 1
21136 47579 1
21136 48878 1
21136 53807 1
21136 55845 1
25362 44625 1
25362 44944 1
25362 46648 1
25362 51613 1
25362 51961 1
25362 57051 1
26936 37139 1
26936 37699 1
26936 40918 1
26936 40919 1
26936 41726 1
26936 46466 1
26936 46648 1
26936 48517 1
26936 102621 1
26936 108017 1
30501 34990 1
30501 45747 1
30501 46648 1
30501 50213 1
30501 50629 1
30501 50722 1
30501 50957 1
30501 52629 1
37139 26936 1
37139 34188 1
37139 37699 1
37139 39577 1
37139 40918 1
37139 40919 1
37139 41726 1
37139 46466 1
37139 46648 1
37139 48517 1
37139 102621 1
37139 108017 1
37699 26936 1
37699 37139 1
37699 40918 1
37699 40919 1
37699 41726 1
37699 46466 1
37699 46648 1
37699 48517 1
37699 102621 1
37699 108017 1
40918 26936 1
40918 37139 1
40918 37699 1
40918 40919 1
40918 41726 1
40918 46466 1
40918 46648 1
40918 48517 1
40918 102621 1
40918 108017 1
40919 26936 1
40919 37139 1
40919 37699 1
40919 40918 1
40919 41726 1
40919 46466 1
40919 46648 1
40919 48517 1
40919 102621 1
40919 108017 1
41726 26936 1
41726 37139 1
41726 37699 1
41726 40918 1
41726 40919 1
41726 46466 1
41726 46648 1
41726 48517 1
41726 102621 1
41726 108017 1
44625 25362 1
44625 44944 1
44625 46648 1
44625 47653 2
44625 51613 1
44625 51961 5
44625 57051 1
44944 25362 1
44944 44625 1
44944 46648 1
44944 51613 1
44944 51961 1
44944 57051 1
45747 30501 1
45747 46648 1
45747 50213 1
45747 50629 1
45747 50722 1
45747 50957 1
45747 52629 1
46466 26936 1
46466 37139 1
46466 37699 1
46466 40918 1
46466 40919 1
46466 41726 1
46466 46648 1
46466 48517 1
46466 102621 1
46466 108017 1
46835 26238 1
46835 30468 1
46835 32551 1
46835 34677 1
46835 46648 1
46835 96482 1
46867 46648 1
46867 53188 1
46867 59266 1
47047 46648 1
47047 47046 1
47047 103182 1
47579 21136 1
47579 46648 1
47579 53807 1
48517 26936 1
48517 37139 1
48517 37699 1
48517 40918 1
48517 40919 1
48517 41726 1
48517 46466 1
48517 46648 1
48517 102621 1
48517 108017 1
50213 30501 1
50213 33868 1
50213 43368 1
50213 45735 1
50213 45747 1
50213 46648 1
50213 50629 1
50213 50722 1
50213 50957 1
50213 52629 1
50722 30501 1
50722 39554 1
50722 45747 1
50722 46648 1
50722 50213 1
50722 50629 1
50722 50957 1
50722 52629 1
50957 30501 1
50957 45747 1
50957 46648 1
50957 50213 1
50957 50629 1
50957 50722 1
50957 52629 1
51613 25362 1
51613 44625 1
51613 44944 1
51613 46648 1
51613 51961 1
51613 57051 1
51961 25362 1
51961 39051 1
51961 44625 5
51961 44944 1
51961 45764 1
51961 46648 1
51961 47653 3
51961 51613 1
51961 51964 1
51961 53996 1
51961 55601 1
51961 57051 1
51961 58244 1
52629 30501 1
52629 45747 1
52629 46648 1
52629 50213 1
52629 50629 1
52629 50722 1
52629 50957 1
53188 46648 1
53188 46867 1
53188 59266 1
53807 21136 1
53807 46648 1
53807 47579 1
57051 25362 1
57051 44625 1
57051 44944 1
57051 46648 1
57051 51613 1
57051 51961 1
57352 46648 1
57352 127189 1
96482 46648 1
96482 46835 1
96482 113305 1
102621 19217 1
102621 19218 1
102621 26936 1
102621 36610 1
102621 37139 1
102621 37699 1
102621 40918 1
102621 40919 1
102621 41726 1
102621 46466 1
102621 46648 1
102621 48517 1
102621 108017 1
102621 123671 1
108017 26936 1
108017 37139 1
108017 37699 1
108017 40918 1
108017 40919 1
108017 41726 1
108017 46466 1
108017 46648 1
108017 48517 1
108017 102621 1
37131 33756 1
37131 39554 1
37131 41901 1
37131 42169 1
37131 47920 1
39554 37131 1
39554 42169 1
39554 47920 1
39554 50722 1
42169 37131 1
42169 39554 1
42169 47920 1
23850 15754 1
23850 32265 1
23850 40009 1
23850 47861 1
23850 49066 1
26315 32263 1
26315 34990 1
26315 40523 1
26315 41512 1
26315 45417 1
26315 49066 1
26315 52357 1
26315 56277 1
26315 57335 1
26315 61165 1
26315 62292 1
26315 63982 1
26315 71163 1
32263 21898 1
32263 26315 1
32263 34990 1
32263 40523 1
32263 41512 1
32263 45417 1
32263 49066 1
32263 52357 1
32263 56277 1
32263 61165 1
32263 62292 1
32263 63982 1
32263 71163 1
34990 26315 1
34990 30501 1
34990 32263 1
34990 40523 1
34990 41512 1
34990 45417 1
34990 49066 1
34990 52357 1
34990 56277 1
34990 61165 1
34990 62292 1
34990 63982 1
34990 71163 1
40523 26315 1
40523 32263 1
40523 34990 1
40523 41512 1
40523 45417 1
40523 49066 1
40523 52357 1
40523 56277 1
40523 61165 1
40523 62292 1
40523 63982 1
40523 71163 1
41512 26315 1
41512 32263 1
41512 34990 1
41512 40523 1
41512 45417 1
41512 49066 1
41512 52357 1
41512 56277 1
41512 61165 1
41512 62292 1
41512 63982 1
41512 71163 1
45417 10762 1
45417 26315 1
45417 32263 1
45417 34990 1
45417 37867 1
45417 40523 1
45417 41512 1
45417 49066 1
45417 52357 1
45417 56277 1
45417 61165 1
45417 62292 1
45417 63982 1
45417 71163 1
47861 23850 1
47861 32265 1
47861 49066 1
51048 49066 1
51048 63666 1
51499 49066 1
51499 56770 2
51499 62663 1
51499 66725 1
51499 74239 1
52357 26315 1
52357 32263 1
52357 34990 1
52357 40523 1
52357 41512 1
52357 45417 1
52357 49066 1
52357 56277 1
52357 61165 1
52357 62292 1
52357 63982 1
52357 71163 1
56277 26315 1
56277 32263 1
56277 34990 1
56277 40523 1
56277 41512 1
56277 45417 1
56277 49066 1
56277 52357 1
56277 61165 1
56277 62292 1
56277 63982 1
56277 71163 1
56770 20604 1
56770 49066 1
56770 51499 2
56770 62663 1
56770 66725 1
56770 74239 1
59387 21922 1
59387 49066 1
59387 58244 2
59387 63963 1
61165 26315 1
61165 32263 1
61165 34990 1
61165 40523 1
61165 41512 1
61165 45417 1
61165 49066 1
61165 52357 1
61165 56277 1
61165 59950 1
61165 62292 1
61165 63982 1
61165 71163 1
62292 26315 1
62292 32263 1
62292 34990 1
62292 40523 1
62292 41512 1
62292 45417 1
62292 49066 1
62292 52357 1
62292 56277 1
62292 61165 1
62292 63982 1
62292 71163 1
62663 49066 1
62663 51499 1
62663 56770 1
62663 66725 1
62663 74239 1
63963 48996 1
63963 49066 1
63963 56843 1
63963 59387 1
63963 63946 1
63982 26315 1
63982 32263 1
63982 34990 1
63982 40523 1
63982 41512 1
63982 45417 1
63982 49066 1
63982 52357 1
63982 56277 1
63982 61165 1
63982 62292 1
63982 71163 1
66725 49066 1
66725 51499 1
66725 56770 1
66725 62663 1
66725 74239 1
71163 26315 1
71163 32263 1
71163 34990 1
71163 40523 1
71163 41512 1
71163 45417 1
71163 49066 1
71163 50627 1
71163 52357 1
71163 56277 1
71163 61165 1
71163 62292 1
71163 63982 1
74239 43441 1
74239 49066 1
74239 51499 1
74239 56770 1
74239 62663 1
74239 66283 1
74239 66725 1
124394 49066 1
25935 36818 1
25935 49415 1
25935 52709 1
36818 25935 1
36818 36815 1
36818 49415 1
36818 52709 1
52709 25935 1
52709 36818 1
52709 49415 1
30499 55601 1
30499 56845 1
30499 57091 1
45764 47653 1
45764 51961 1
45764 51964 1
45764 53996 1
45764 55601 1
47653 16368 1
47653 44625 2
47653 45764 1
47653 51961 3
47653 51964 2
47653 53996 1
47653 55601 1
50198 48019 1
50198 48020 1
50198 55601 1
50198 61536 1
51964 45764 1
51964 47653 2
51964 51961 1
51964 53996 1
51964 55601 1
53996 45764 1
53996 47653 1
53996 51961 1
53996 51964 1
53996 54893 1
53996 55601 1
60949 55601 1
78409 55601 1
78409 79557 1
45738 39577 1
45738 46066 1
45738 58620 1
45738 92681 1
46066 31118 1
46066 45738 1
46066 58620 1
46066 92681 1
92681 45738 1
92681 46066 1
92681 58620 1
8570 20594 1
8570 30118 1
8570 39860 1
8570 44938 1
8570 44945 1
8570 50639 1
8570 54554 1
8570 57716 1
8570 59081 1
8570 59950 1
8570 62285 1
8570 82474 1
20594 8570 1
20594 30118 1
20594 39860 1
20594 44938 1
20594 44945 1
20594 50639 1
20594 54554 1
20594 57716 1
20594 59081 1
20594 59950 1
20594 62285 1
20594 82474 1
30118 8570 1
30118 20594 1
30118 39860 1
30118 44938 1
30118 44945 1
30118 50639 1
30118 54554 1
30118 57716 1
30118 59081 1
30118 59950 1
30118 62285 1
30118 82474 1
39860 8570 1
39860 20594 1
39860 30118 1
39860 44938 1
39860 44945 1
39860 50639 1
39860 54554 1
39860 57716 1
39860 59081 1
39860 59950 1
39860 62285 1
39860 82474 1
44938 8570 1
44938 20594 1
44938 30118 1
44938 39860 1
44938 43207 1
44938 44945 1
44938 50639 1
44938 54554 1
44938 57716 1
44938 59081 1
44938 59950 1
44938 62285 1
44938 82474 1
44945 8570 1
44945 20594 1
44945 30118 1
44945 39860 1
44945 44938 1
44945 50639 1
44945 54554 1
44945 57716 1
44945 59081 1
44945 59950 1
44945 62285 1
44945 82474 1
49083 44212 1
49083 54262 1
49083 58548 1
49083 59081 1
49083 72805 1
49083 90524 1
50639 8570 1
50639 20594 1
50639 30118 1
50639 39860 1
50639 44938 1
50639 44945 1
50639 54554 1
50639 57716 1
50639 59081 1
50639 59950 1
50639 62285 1
50639 82474 1
54262 49083 1
54262 58548 1
54262 59081 1
54262 72805 1
54262 90524 1
54554 8570 1
54554 20594 1
54554 30118 1
54554 39860 1
54554 44938 1
54554 44945 1
54554 50639 1
54554 57716 1
54554 59081 1
54554 59950 1
54554 62285 1
54554 82474 1
57716 8570 1
57716 20594 1
57716 30118 1
57716 39860 1
57716 43492 1
57716 44938 1
57716 44945 1
57716 50639 1
57716 50662 1
57716 54554 1
57716 56293 1
57716 59081 1
57716 59950 1
57716 62285 1
57716 82474 1
58548 30107 1
58548 40743 1
58548 49083 1
58548 52245 1
58548 54262 1
58548 55591 1
58548 56852 1
58548 59081 1
58548 59909 1
58548 72805 2
58548 83068 1
58548 90524 1
59950 8570 1
59950 20594 1
59950 30118 1
59950 39860 1
59950 44938 1
59950 44945 1
59950 50639 1
59950 54554 1
59950 57716 1
59950 59081 1
59950 61165 1
59950 62285 1
59950 82474 1
62285 8570 1
62285 20594 1
62285 30118 1
62285 39860 1
62285 44938 1
62285 44945 1
62285 50639 1
62285 51789 1
62285 54554 1
62285 57716 1
62285 59081 1
62285 59950 1
62285 82474 1
72805 49083 1
72805 54262 1
72805 58548 2
72805 59081 1
72805 83068 1
72805 90524 1
82474 8570 1
82474 20594 1
82474 30118 1
82474 39860 1
82474 44938 1
82474 44945 1
82474 50639 1
82474 54554 1
82474 57716 1
82474 59081 1
82474 59950 1
82474 62285 1
82474 66872 1
82474 66874 1
82474 66875 1
82474 71840 1
82474 92980 1
82474 126481 1
90524 49083 1
90524 54262 1
90524 58548 1
90524 59081 1
90524 72805 1
14409 14413 1
14409 25360 1
14409 27084 1
14409 30502 1
14409 32596 1
14409 38708 1
14409 45247 1
14409 48384 1
14409 50424 1
14409 55845 1
14409 59266 1
14413 13127 1
14413 14409 1
14413 25360 1
14413 27084 1
14413 30502 1
14413 32596 1
14413 33344 1
14413 33353 1
14413 38708 1
14413 39150 1
14413 45247 1
14413 48384 1
14413 50424 1
14413 55845 1
14413 59266 1
25360 14409 1
25360 14413 1
25360 16969 1
25360 24434 1
25360 27084 1
25360 30502 1
25360 32596 1
25360 38708 1
25360 44383 1
25360 45247 1
25360 48384 1
25360 50424 1
25360 52327 1
25360 55004 1
25360 55845 1
25360 59266 1
27084 14409 1
27084 14413 1
27084 25360 1
27084 27083 1
27084 30502 1
27084 32596 1
27084 38708 1
27084 45247 1
27084 48384 1
27084 50424 1
27084 55845 1
27084 59266 1
30502 14409 1
30502 14413 1
30502 25360 1
30502 27084 1
30502 32596 1
30502 38708 1
30502 45247 1
30502 48384 1
30502 50424 1
30502 55845 1
30502 59266 1
32596 9600 1
32596 14409 1
32596 14413 1
32596 25360 1
32596 27084 1
32596 30502 1
32596 38708 1
32596 45247 1
32596 48384 1
32596 50424 1
32596 55845 1
32596 59266 1
38708 14409 1
38708 14413 1
38708 25360 1
38708 27084 1
38708 30502 1
38708 32596 1
38708 45247 1
38708 48384 1
38708 50424 1
38708 55845 1
38708 59266 1
45247 14409 1
45247 14413 1
45247 25360 1
45247 27084 1
45247 30502 1
45247 32596 1
45247 38708 1
45247 48384 1
45247 50424 1
45247 55845 1
45247 59266 1
48384 14409 1
48384 14413 1
48384 25360 1
48384 27084 1
48384 30502 1
48384 32596 1
48384 38708 1
48384 44302 1
48384 45247 1
48384 50424 1
48384 55845 1
48384 59266 1
50424 14409 1
50424 14413 1
50424 25360 1
50424 27084 1
50424 30502 1
50424 32596 1
50424 38708 1
50424 45247 1
50424 48384 1
50424 55845 1
50424 59266 1
55845 14409 1
55845 14413 1
55845 21136 1
55845 25360 1
55845 27084 1
55845 30502 1
55845 32596 1
55845 38708 1
55845 40136 1
55845 45247 1
55845 48384 1
55845 50424 1
55845 55846 1
55845 59266 1
26265 34188 1
26265 51268 1
26265 56761 1
26265 61046 1
34188 26265 1
34188 37139 1
34188 56761 1
34188 61046 1
35888 21480 1
35888 41055 1
35888 48020 1
35888 59779 1
35888 61046 1
41055 19341 1
41055 35888 1
41055 37722 1
41055 51009 1
41055 59779 1
41055 61046 1
56761 26265 1
56761 34188 1
56761 61046 1
59779 35888 1
59779 41055 1
59779 52415 1
59779 61046 1
59779 61536 1
50326 55460 1
50326 82869 1
50326 83068 1
50326 87810 1
50326 89389 1
53574 65422 1
53574 70939 2
53574 74133 1
53574 75270 1
53574 82869 1
53574 103177 1
53574 124566 1
55460 50326 1
55460 82869 1
55460 83068 1
55460 87810 1
55460 89389 1
58930 39395 1
58930 40743 1
58930 60740 1
58930 60741 2
58930 72993 1
58930 82869 1
58930 117100 1
60740 52245 1
60740 55497 1
60740 55498 1
60740 56278 1
60740 58930 1
60740 60741 1
60740 72993 2
60740 82869 1
60740 117100 1
60741 50046 1
60741 58930 2
60741 60740 1
60741 72993 1
60741 82869 1
60741 117100 2
65422 50940 1
65422 53574 1
65422 70939 1
65422 74133 1
65422 75270 1
65422 82869 1
65422 103177 1
65422 116121 1
65422 124566 2
70208 82869 1
70939 53574 2
70939 65422 1
70939 74133 1
70939 75270 1
70939 82869 1
70939 103177 1
70939 124566 1
72993 58930 1
72993 60740 2
72993 60741 1
72993 72994 1
72993 82869 1
72993 117100 1
74133 53574 1
74133 65422 1
74133 70939 1
74133 75270 1
74133 82869 1
74133 103177 1
74133 124566 1
75270 53574 1
75270 65422 1
75270 70939 1
75270 74133 1
75270 82869 1
75270 103177 1
75270 124566 1
83068 50326 1
83068 55460 1
83068 58548 1
83068 72805 1
83068 82869 1
83068 87810 1
83068 89389 1
87810 50326 1
87810 55460 1
87810 82869 1
87810 83068 1
87810 89389 1
89389 50326 1
89389 55460 1
89389 82869 1
89389 83068 1
89389 87810 1
103177 53574 1
103177 65422 1
103177 70939 1
103177 74133 1
103177 75270 1
103177 82869 1
103177 124566 1
117100 58930 1
117100 60740 1
117100 60741 2
117100 71876 1
117100 72993 1
117100 82869 1
124566 53574 1
124566 55519 1
124566 65422 2
124566 70939 1
124566 74133 1
124566 75270 1
124566 82869 1
124566 103177 1
24442 26606 1
24442 27825 1
24442 33318 1
24442 34372 1
24442 38871 1
24442 43472 1
24442 44721 1
24442 61536 1
26560 26606 1
26560 38868 1
26560 48122 1
26560 52626 1
26560 63538 1
26560 64683 1
27825 24442 1
27825 26606 1
27825 33318 1
27825 34372 1
27825 38871 1
27825 43472 1
27825 44721 1
27825 46798 1
27825 61536 1
33318 21449 1
33318 24442 1
33318 26606 1
33318 27825 1
33318 34372 1
33318 35767 1
33318 38871 1
33318 43472 1
33318 44009 1
33318 44274 1
33318 44279 1
33318 44721 1
33318 61536 1
34372 24442 1
34372 26606 1
34372 27825 1
34372 33318 1
34372 34911 1
34372 38871 1
34372 43472 1
34372 44721 1
34372 61536 1
38868 26560 1
38868 26606 1
38868 48122 1
38868 52626 1
38868 63538 1
38868 64683 1
38871 24442 1
38871 26606 1
38871 27825 1
38871 33318 1
38871 34372 1
38871 43472 1
38871 44212 1
38871 44721 1
38871 53987 1
38871 61536 1
42368 23303 1
42368 26606 1
42368 35817 1
42368 57335 1
43472 24442 1
43472 26606 1
43472 27825 1
43472 33318 1
43472 34372 1
43472 38871 1
43472 44721 1
43472 61536 1
43472 76934 1
44721 24442 1
44721 26606 1
44721 27825 1
44721 33318 1
44721 34372 1
44721 38871 1
44721 43472 1
44721 61536 1
48122 26560 1
48122 26606 1
48122 38868 1
48122 52626 1
48122 63538 1
48122 64683 1
52626 26560 1
52626 26606 1
52626 38868 1
52626 48122 1
52626 49413 1
52626 63538 1
52626 64683 1
57335 26315 1
57335 26606 1
57335 42368 1
57335 48020 1
61536 24442 1
61536 26606 1
61536 27825 1
61536 33318 1
61536 34372 1
61536 38871 1
61536 43472 1
61536 44721 1
61536 48019 1
61536 50198 1
61536 59779 1
63538 26560 1
63538 26606 1
63538 38868 1
63538 48122 1
63538 52626 1
63538 64683 1
64683 26560 1
64683 26606 1
64683 38868 1
64683 48122 1
64683 52626 1
64683 63538 1
33666 11194 1
33666 36585 1
33666 39215 1
33666 39216 1
33666 39217 1
33666 41637 1
33666 43441 1
36585 11194 1
36585 33666 1
36585 39215 1
36585 39216 1
36585 39217 1
36585 41637 1
36585 43441 1
39215 11194 1
39215 33666 1
39215 36585 1
39215 39216 1
39215 39217 1
39215 41637 1
39215 43441 1
39216 11194 1
39216 33666 1
39216 36585 1
39216 39215 1
39216 39217 1
39216 41637 1
39216 43441 1
39217 11194 1
39217 33666 1
39217 36585 1
39217 39215 1
39217 39216 1
39217 39836 1
39217 41637 1
39217 43441 1
39217 47368 1
39217 47369 1
39217 47373 1
39217 51238 1
41637 11194 1
41637 33666 1
41637 36585 1
41637 39215 1
41637 39216 1
41637 39217 1
41637 43441 1
41637 47325 1
42785 11194 1
43441 11194 1
43441 33666 1
43441 36585 1
43441 39215 1
43441 39216 1
43441 39217 1
43441 41637 1
43441 66283 1
43441 74239 1
18014 14052 1
18014 17065 1
18014 18341 1
18014 21590 1
18014 25004 1
18014 28573 1
22894 25004 1
21480 26916 1
21480 29767 1
21480 31118 1
21480 33322 1
21480 33953 1
21480 35457 1
21480 35888 1
21480 49601 1
21480 58244 1
29767 21480 1
29767 26916 1
29767 31118 1
29767 33322 1
29767 33953 1
29767 35457 1
29767 49601 1
29767 58244 1
31118 21480 1
31118 26916 1
31118 29767 1
31118 33322 1
31118 33953 1
31118 35457 1
31118 46066 1
31118 49601 1
31118 58244 1
33322 21480 1
33322 26916 1
33322 29767 1
33322 31118 1
33322 33953 1
33322 35457 1
33322 49601 1
33322 58244 1
33953 21480 1
33953 26916 1
33953 29767 1
33953 31118 1
33953 33322 1
33953 35457 1
33953 49601 1
33953 58244 1
35457 3956 1
35457 9332 1
35457 21480 1
35457 26916 1
35457 29767 1
35457 31118 1
35457 33322 1
35457 33953 1
35457 49601 1
35457 58244 1
49601 21480 1
49601 26916 1
49601 29767 1
49601 31118 1
49601 33322 1
49601 33953 1
49601 35457 1
49601 36236 1
49601 58244 1
58244 21480 1
58244 26916 1
58244 29767 1
58244 31118 1
58244 33322 1
58244 33953 1
58244 35457 1
58244 37967 1
58244 39051 1
58244 49601 1
58244 51961 1
58244 59387 2
4098 13288 1
4098 15324 1
4098 23802 1
4098 29452 1
8758 13676 1
8758 22113 1
8758 28569 1
8758 29452 1
10539 29452 1
10539 30436 1
10539 32120 1
10539 33759 1
10539 34701 1
10539 37403 1
13288 4098 1
13288 15324 1
13288 23802 1
13288 29452 1
13676 8758 1
13676 22113 1
13676 28569 1
13676 29452 1
15324 4098 1
15324 13288 1
15324 23802 1
15324 29452 1
22113 8758 1
22113 8856 1
22113 13676 1
22113 22114 1
22113 25711 1
22113 28569 1
22113 29452 1
22113 32115 1
23802 4098 1
23802 13288 1
23802 14660 1
23802 15324 1
23802 16224 1
23802 16225 1
23802 24696 1
23802 28924 1
23802 29452 1
23802 33887 1
23802 35885 1
23802 36101 1
23802 40527 1
28569 8758 1
28569 13676 1
28569 22113 1
28569 29452 1
30436 10539 1
30436 29452 1
30436 32120 1
30436 33759 1
30436 34701 1
30436 37403 1
32120 10539 1
32120 29452 1
32120 30436 1
32120 33759 1
32120 34701 1
32120 37403 1
33759 10539 1
33759 12927 1
33759 26715 1
33759 29452 1
33759 30436 1
33759 32120 1
33759 34701 1
33759 37403 1
33759 37967 1
33759 39583 1
34701 10539 1
34701 29452 1
34701 30436 1
34701 32120 1
34701 33759 1
34701 37403 1
34701 48403 1
37403 10539 1
37403 29452 1
37403 30436 1
37403 32120 1
37403 33507 1
37403 33759 1
37403 34701 1
18175 26395 2
18175 30102 2
18175 31085 1
18175 39242 1
18175 39243 1
18175 47220 1
18175 47221 1
18175 66007 1
25234 26395 1
25234 31273 1
25234 35208 1
25234 42937 1
25234 49068 1
25234 59605 1
26658 26395 1
26658 37416 1
26658 38822 1
26658 48181 1
27429 26395 1
27429 35953 1
30102 18175 2
30102 26395 1
30102 29740 1
30102 30104 1
30102 36134 1
30102 51836 1
30102 66007 1
30253 26395 1
30253 42549 1
30253 124161 1
31273 25234 1
31273 26395 1
31273 42937 1
31273 49068 1
31273 59605 1
34201 26395 1
34201 34723 1
34201 39192 1
34201 58971 1
34723 26395 1
34723 34201 1
34723 39192 1
34723 58971 1
35953 26395 1
35953 27429 1
35953 38822 1
35953 48181 1
37416 26395 1
37416 26658 1
37416 38822 1
37416 48181 1
38822 22226 1
38822 26395 1
38822 26658 1
38822 35953 1
38822 37416 1
38822 42548 1
38822 48181 2
39192 26395 1
39192 34201 1
39192 34723 1
39192 39175 1
39192 57680 1
39192 58971 1
42549 17611 1
42549 26395 1
42549 30253 1
42549 39175 2
42937 9186 1
42937 21546 1
42937 25234 1
42937 26395 1
42937 27069 1
42937 31273 1
42937 49068 1
42937 59605 1
47220 18175 1
47220 26395 1
47220 47221 1
47221 18175 1
47221 26395 1
47221 47220 1
48181 26395 1
48181 26658 1
48181 35953 1
48181 37416 1
48181 38822 2
48181 48182 1
49068 25234 1
49068 26395 1
49068 31273 1
49068 42937 1
49068 59605 1
58971 26395 1
58971 34201 1
58971 34723 1
58971 39192 1
59605 25234 1
59605 26395 1
59605 31273 1
59605 42937 1
59605 49068 1
66007 18175 1
66007 26395 1
66007 30102 1
66007 49455 1
17611 24803 1
17611 29736 1
17611 31521 1
17611 31522 1
17611 38184 1
17611 38327 1
17611 42549 1
17611 42556 1
17611 56029 1
24803 17611 1
24803 29736 1
24803 31521 1
24803 31522 1
24803 38184 1
24803 38327 1
24803 42556 1
24803 56029 1
29736 17611 1
29736 24803 1
29736 31521 1
29736 31522 1
29736 38184 1
29736 38327 1
29736 42556 1
29736 56029 1
31521 17611 1
31521 24803 1
31521 29736 1
31521 31522 1
31521 38184 1
31521 38327 1
31521 42556 1
31521 56029 1
38184 17611 1
38184 24803 1
38184 29736 1
38184 31521 1
38184 31522 1
38184 38327 1
38184 42556 1
38184 56029 1
38327 17611 1
38327 24803 1
38327 29736 1
38327 31521 1
38327 31522 1
38327 38184 1
38327 40062 1
38327 41483 1
38327 42556 1
38327 49990 1
38327 56029 1
42556 17611 1
42556 24803 1
42556 29736 1
42556 31521 1
42556 31522 1
42556 38184 1
42556 38327 1
42556 56029 1
56029 17611 1
56029 24803 1
56029 29736 1
56029 31521 1
56029 31522 1
56029 38184 1
56029 38327 1
56029 42556 1
8864 19232 1
8864 19674 1
8864 28174 1
8864 28988 1
8864 34720 1
8864 34721 1
8864 34722 1
8864 40189 1
8864 48188 1
8864 56599 1
8864 91501 1
19674 8864 1
19674 28174 1
19674 28988 1
19674 34720 1
19674 34721 1
19674 34722 1
19674 40189 1
19674 48188 1
19674 56599 1
19674 91501 1
23092 26237 1
23092 31007 1
23092 34722 1
23092 36228 1
23092 46956 1
23092 50525 1
23092 60600 1
28174 8864 1
28174 19674 1
28174 28988 1
28174 34720 1
28174 34721 1
28174 34722 1
28174 40189 1
28174 48188 1
28174 56599 1
28174 91501 1
28988 8864 1
28988 19674 1
28988 28174 1
28988 34720 1
28988 34721 1
28988 34722 1
28988 40189 1
28988 48188 1
28988 56599 1
28988 91501 1
31007 23092 1
31007 34722 1
31007 35502 1
31007 36228 1
31007 48936 1
34720 8864 1
34720 19674 1
34720 28174 1
34720 28988 1
34720 34721 1
34720 34722 1
34720 40189 1
34720 48188 1
34720 56599 1
34720 91501 1
34721 8864 1
34721 19674 1
34721 28174 1
34721 28988 1
34721 34720 1
34721 34722 1
34721 40189 1
34721 48188 1
34721 56599 1
34721 91501 1
36228 23092 1
36228 31007 1
36228 34722 1
40189 8864 1
40189 19674 1
40189 28174 1
40189 28988 1
40189 34720 1
40189 34721 1
40189 34722 1
40189 48188 1
40189 56599 1
40189 91501 1
48188 8864 1
48188 19674 1
48188 28174 1
48188 28988 1
48188 34720 1
48188 34721 1
48188 34722 1
48188 40189 1
48188 56599 1
48188 91501 1
56599 8864 1
56599 19674 1
56599 28174 1
56599 28988 1
56599 34720 1
56599 34721 1
56599 34722 1
56599 36373 1
56599 40189 1
56599 48188 1
56599 91501 1
91501 8864 1
91501 19674 1
91501 28174 1
91501 28988 1
91501 34720 1
91501 34721 1
91501 34722 1
91501 40189 1
91501 48188 1
91501 51410 1
91501 56083 1
91501 56599 1
91501 106222 1
26237 23092 1
26237 27717 1
26237 33466 2
26237 36705 1
26237 50525 1
26237 65561 1
32512 36705 1
32512 38105 1
32512 39861 1
32512 41340 1
32512 44131 2
32512 44649 1
32512 46114 1
32512 48513 1
32512 48936 1
32512 54017 1
32512 59012 1
32512 62154 1
32512 76442 1
32512 77674 1
38105 32512 1
38105 36705 1
38105 39861 1
38105 41340 1
38105 44131 1
38105 44649 1
38105 46114 1
38105 48513 1
38105 48936 1
38105 54017 1
38105 59012 1
38105 62154 1
38105 76442 1
38105 77674 1
39861 32512 1
39861 36705 1
39861 38105 1
39861 41340 1
39861 44131 1
39861 44649 1
39861 46114 1
39861 48513 1
39861 48936 1
39861 54017 1
39861 59012 1
39861 62154 1
39861 76442 1
39861 77674 1
41340 32512 1
41340 36705 1
41340 38105 1
41340 39861 1
41340 44131 1
41340 44649 1
41340 46114 1
41340 48513 1
41340 48936 1
41340 54017 1
41340 59012 1
41340 62154 1
41340 76442 1
41340 77674 1
44131 32512 2
44131 36705 1
44131 38105 1
44131 39861 1
44131 41340 1
44131 44649 1
44131 46114 1
44131 48513 1
44131 48936 1
44131 54017 1
44131 59012 1
44131 62154 1
44131 76442 1
44131 77674 1
44649 32512 1
44649 36705 1
44649 38105 1
44649 39861 1
44649 41340 1
44649 44131 1
44649 46114 1
44649 48513 1
44649 48936 1
44649 54017 1
44649 59012 1
44649 62154 1
44649 76442 1
44649 77674 1
46114 32512 1
46114 36705 1
46114 37130 1
46114 38105 1
46114 39861 1
46114 41340 1
46114 44131 1
46114 44649 1
46114 48513 1
46114 48936 1
46114 54017 1
46114 59012 1
46114 62154 1
46114 76442 1
46114 77674 1
48513 32512 1
48513 36705 1
48513 38105 1
48513 39861 1
48513 41340 1
48513 44131 1
48513 44649 1
48513 46114 1
48513 48936 1
48513 54017 1
48513 59012 1
48513 62154 1
48513 76442 1
48513 77674 1
48936 31007 1
48936 32512 1
48936 35502 1
48936 36705 1
48936 38105 1
48936 39861 1
48936 41340 1
48936 43238 1
48936 44131 1
48936 44649 1
48936 46114 1
48936 48513 1
48936 54017 1
48936 57502 1
48936 59012 1
48936 62154 1
48936 67231 1
48936 76442 1
48936 77674 1
54017 32512 1
54017 36705 1
54017 38105 1
54017 39861 1
54017 41340 1
54017 44131 1
54017 44649 1
54017 46114 1
54017 48513 1
54017 48936 1
54017 59012 1
54017 62154 1
54017 76442 1
54017 77674 1
59012 32512 1
59012 36705 1
59012 38105 1
59012 39861 1
59012 41340 1
59012 44131 1
59012 44649 1
59012 46114 1
59012 48513 1
59012 48936 1
59012 54017 1
59012 62154 1
59012 76442 1
59012 77674 1
62154 32512 1
62154 36705 1
62154 38105 1
62154 39861 1
62154 41340 1
62154 44131 1
62154 44649 1
62154 46114 1
62154 48513 1
62154 48936 1
62154 54017 1
62154 59012 1
62154 76442 1
62154 77674 1
76442 32512 1
76442 36705 1
76442 38105 1
76442 39861 1
76442 41340 1
76442 44131 1
76442 44649 1
76442 46114 1
76442 48513 1
76442 48936 1
76442 54017 1
76442 59012 1
76442 62154 1
76442 64163 1
76442 77674 1
77674 32512 1
77674 36705 1
77674 38105 1
77674 39861 1
77674 41340 1
77674 44131 1
77674 44649 1
77674 46114 1
77674 48513 1
77674 48936 1
77674 50483 1
77674 54017 1
77674 54176 1
77674 59012 1
77674 61492 1
77674 62154 1
77674 68191 2
77674 73548 1
77674 76442 1
77674 111212 1
28195 30115 1
28195 36338 1
28195 38193 1
28195 40083 1
28195 41480 1
28195 55020 1
28195 55927 1
28195 59245 1
28195 60600 1
28195 63037 1
28195 64203 1
28195 69811 1
28195 97127 1
30115 28195 1
30115 36338 1
30115 38193 1
30115 41480 1
30115 55020 1
30115 55927 1
30115 60600 1
30115 64203 1
30115 69811 1
30115 97127 1
36338 28195 1
36338 30115 1
36338 38193 1
36338 39175 1
36338 41480 1
36338 55020 1
36338 55927 1
36338 57502 1
36338 60600 1
36338 64203 1
36338 69811 1
36338 78105 1
36338 97127 1
41480 28195 1
41480 30115 1
41480 36338 1
41480 36344 1
41480 38193 1
41480 55020 1
41480 55198 1
41480 55927 1
41480 60600 1
41480 64203 1
41480 69811 1
41480 97127 1
55020 28195 1
55020 30115 1
55020 36338 1
55020 38193 1
55020 41480 1
55020 55927 1
55020 60600 1
55020 64203 1
55020 69811 1
55020 97127 1
55927 28195 1
55927 30115 1
55927 36338 1
55927 38193 1
55927 41480 1
55927 55020 1
55927 60600 1
55927 64203 1
55927 69811 1
55927 97127 1
60600 23092 1
60600 28195 1
60600 30115 1
60600 36338 1
60600 38193 1
60600 41480 1
60600 55020 1
60600 55927 1
60600 64203 1
60600 69811 1
60600 97127 1
64203 28195 1
64203 30115 1
64203 36338 1
64203 38193 1
64203 41480 1
64203 55020 1
64203 55927 1
64203 60600 1
64203 69811 1
64203 97127 1
69811 28195 1
69811 30115 1
69811 36338 1
69811 38193 1
69811 41480 1
69811 46956 1
69811 55020 1
69811 55927 1
69811 58564 1
69811 60600 1
69811 64203 1
69811 97127 1
97127 28195 1
97127 30115 1
97127 36338 1
97127 38193 1
97127 41480 1
97127 55020 1
97127 55927 1
97127 60600 1
97127 64203 1
97127 69811 1
33684 36119 1
33684 40062 1
33684 63366 1
41483 38327 1
41483 40062 1
41483 42575 1
41483 49990 1
49990 38327 1
49990 40062 1
49990 41483 1
49990 76726 1
38359 43740 1
38359 53037 1
39175 36338 1
39175 39192 1
39175 42549 2
39175 42558 1
39175 43740 1
39175 48438 1
39175 50448 1
39175 56576 1
39175 57502 1
39175 59532 1
39175 125001 1
42558 39175 1
42558 43740 1
42558 48438 1
42558 50448 1
42558 56576 1
42558 57502 1
42558 59532 1
42558 125001 1
48438 39175 1
48438 42558 1
48438 43740 1
48438 50448 1
48438 56576 1
48438 57502 1
48438 59532 1
48438 125001 1
50448 39175 1
50448 42558 1
50448 43740 1
50448 48438 1
50448 56576 1
50448 57502 1
50448 59532 1
50448 125001 1
53037 38359 1
53037 43740 1
56576 35502 1
56576 39175 1
56576 42558 1
56576 43740 1
56576 48438 1
56576 50448 1
56576 57502 1
56576 59532 1
56576 125001 1
57502 36134 1
57502 36338 1
57502 39175 1
57502 42558 1
57502 43740 1
57502 48438 1
57502 48936 1
57502 50448 1
57502 56576 1
57502 59532 1
57502 125001 1
59532 39175 1
59532 42558 1
59532 43740 1
59532 48438 1
59532 50448 1
59532 56576 1
59532 57502 1
59532 125001 1
125001 39175 1
125001 42558 1
125001 43740 1
125001 48438 1
125001 50448 1
125001 56576 1
125001 57502 1
125001 59532 1
125001 66914 1
33579 45870 1
33579 47071 1
33579 56013 1
33579 63925 1
33579 64163 1
33579 71227 1
33579 86717 1
45870 33579 1
45870 47071 1
45870 56013 1
45870 63925 1
45870 64163 1
45870 71227 2
45870 86717 1
50525 23092 1
50525 26237 1
50525 47071 1
50525 50949 1
50525 52222 1
50525 53768 1
50525 73991 1
50525 73992 1
50525 78105 1
50525 81800 1
52222 47071 1
52222 50525 1
52222 53768 1
52222 73991 1
52222 73992 1
52222 78105 1
52222 81800 1
53768 47071 1
53768 50525 1
53768 52222 1
53768 73991 1
53768 73992 1
53768 78105 1
53768 81800 1
53768 86717 1
56013 33579 1
56013 45870 1
56013 47071 1
56013 63925 1
56013 64163 1
56013 71227 1
56013 86717 1
61366 47071 1
63925 33579 1
63925 45870 1
63925 47071 1
63925 56013 1
63925 64163 1
63925 71227 1
63925 86717 1
64163 33579 1
64163 45870 1
64163 47071 1
64163 56013 1
64163 63925 1
64163 71227 1
64163 76442 1
64163 86717 1
71227 33579 1
71227 40083 1
71227 45870 2
71227 47071 1
71227 56013 1
71227 63925 1
71227 64163 1
71227 86717 1
73991 47071 1
73991 50525 1
73991 52222 1
73991 53768 1
73991 68191 1
73991 73992 1
73991 78105 1
73991 81800 1
73992 47071 1
73992 50525 1
73992 52222 1
73992 53768 1
73992 73991 1
73992 78105 1
73992 81800 1
78105 36338 1
78105 47071 1
78105 50525 1
78105 52222 1
78105 53768 1
78105 73991 1
78105 73992 1
78105 81800 1
81800 47071 1
81800 50525 1
81800 52222 1
81800 53768 1
81800 73991 1
81800 73992 1
81800 78105 1
86717 33579 1
86717 45870 1
86717 47071 1
86717 53768 1
86717 56013 1
86717 57680 1
86717 63925 1
86717 64163 1
86717 71227 1
43238 48936 1
43238 53785 1
43238 56989 1
43238 67231 1
50465 39258 1
50465 53785 1
71238 53338 1
71238 53785 1
71238 83303 1
71238 91734 1
71238 106222 1
71499 53785 1
71499 88105 1
71499 98254 1
81509 53785 1
83303 53785 1
83303 71238 1
83303 75789 1
83303 91734 1
83303 103592 1
83303 106222 1
83303 106593 1
83303 121763 1
88105 53785 1
88105 71499 1
88105 98254 1
91734 53785 1
91734 71238 1
91734 80868 1
91734 80869 1
91734 83303 1
91734 106222 1
91734 116961 1
91734 118282 1
98254 53785 1
98254 71499 1
98254 88105 1
106222 53785 1
106222 71238 1
106222 83303 1
106222 91501 1
106222 91734 1
30107 31964 1
30107 36119 1
30107 36134 1
30107 36922 1
30107 46142 1
30107 46956 1
30107 54423 1
30107 55209 1
30107 58548 1
30107 60719 1
31545 31964 1
31545 48153 1
31545 49005 1
31545 50949 1
31545 58044 1
34581 31964 2
34581 36658 1
34581 40086 1
34581 41470 1
34581 56300 1
34581 57680 1
34581 63666 1
34581 67006 1
34581 68843 1
34581 68868 1
34581 68881 1
34581 68902 1
34581 73384 1
34581 87003 1
34581 123095 1
35502 31007 1
35502 31964 1
35502 36134 1
35502 46070 1
35502 48936 1
35502 56576 1
36119 30107 1
36119 31964 1
36119 33684 1
36119 36134 1
36119 36922 1
36119 46142 1
36119 46956 1
36119 51836 1
36119 54423 1
36119 55209 1
36119 60719 1
36134 30102 1
36134 30107 1
36134 31964 2
36134 35502 1
36134 36119 1
36134 36922 1
36134 46070 1
36134 46142 1
36134 46956 1
36134 54423 1
36134 55209 1
36134 57502 1
36134 60719 1
36922 30107 1
36922 31964 1
36922 36119 1
36922 36134 1
36922 46142 1
36922 46956 1
36922 54423 1
36922 55209 1
36922 60719 1
40086 31964 1
40086 34581 1
40086 56300 1
40086 63666 1
40086 67006 1
40086 68843 1
40086 68868 1
40086 68881 1
40086 68902 1
40086 73384 1
40086 87003 1
40086 123095 1
42279 31964 1
42279 46026 1
42279 61853 1
42289 31964 1
42289 42548 1
42289 61583 1
42289 67230 1
42289 70962 1
42289 74750 1
42289 87706 1
42548 31964 1
42548 38822 1
42548 42289 1
42548 61583 1
42548 70962 1
42548 74750 1
42548 87706 1
46026 31964 1
46026 42279 1
46026 61853 1
46070 31964 1
46070 35502 1
46070 36134 1
46142 30107 1
46142 31964 1
46142 36119 1
46142 36134 1
46142 36922 1
46142 46956 1
46142 54423 1
46142 55209 1
46142 60719 1
46956 23092 1
46956 30107 1
46956 31964 1
46956 36119 1
46956 36134 1
46956 36922 1
46956 46142 1
46956 54423 1
46956 55209 1
46956 60719 1
46956 69811 1
48153 31545 1
48153 31964 1
48153 32265 1
48153 49005 1
48153 50949 1
48153 58044 1
49005 31545 1
49005 31964 1
49005 48153 1
49005 50949 1
49005 58044 1
50949 31545 1
50949 31964 1
50949 48153 1
50949 49005 1
50949 50525 1
50949 58044 1
54423 30107 1
54423 31964 1
54423 36119 1
54423 36134 1
54423 36922 1
54423 46142 1
54423 46956 1
54423 55209 1
54423 60719 1
55209 30107 1
55209 31964 1
55209 36119 1
55209 36134 1
55209 36922 1
55209 46142 1
55209 46956 1
55209 54423 1
55209 60719 1
56300 31964 1
56300 34581 1
56300 40086 1
56300 63666 1
56300 67006 1
56300 68843 1
56300 68868 1
56300 68881 1
56300 68902 1
56300 73384 1
56300 87003 1
56300 123095 1
57680 31964 1
57680 34581 1
57680 39192 1
57680 63037 1
57680 86717 1
58044 31545 1
58044 31964 1
58044 48153 1
58044 49005 1
58044 50949 1
60719 30107 1
60719 31964 1
60719 36119 1
60719 36134 1
60719 36922 1
60719 46142 1
60719 46956 1
60719 54423 1
60719 55209 1
61583 31964 1
61583 42289 1
61583 42548 1
61583 70962 1
61583 74750 1
61583 87706 1
63666 31964 1
63666 34581 1
63666 36132 1
63666 40086 1
63666 50885 1
63666 51048 1
63666 56300 1
63666 67006 1
63666 67126 1
63666 68843 1
63666 68868 1
63666 68881 1
63666 68902 1
63666 73384 1
63666 87003 1
63666 123095 1
67006 31964 1
67006 34581 1
67006 40086 1
67006 56300 1
67006 63666 1
67006 68843 1
67006 68868 1
67006 68881 1
67006 68902 1
67006 73384 1
67006 87003 1
67006 123095 1
68843 31964 1
68843 34581 1
68843 40086 1
68843 56300 1
68843 63666 1
68843 67006 1
68843 68868 1
68843 68881 1
68843 68902 1
68843 73384 1
68843 87003 1
68843 123095 1
68868 31964 1
68868 34581 1
68868 40086 1
68868 56300 1
68868 63666 1
68868 67006 1
68868 68843 1
68868 68881 1
68868 68902 1
68868 73384 1
68868 87003 1
68868 123095 1
68881 31964 1
68881 34581 1
68881 40086 1
68881 56300 1
68881 63666 1
68881 67006 1
68881 68839 1
68881 68843 1
68881 68868 1
68881 68902 1
68881 73384 1
68881 87003 1
68881 123095 1
68902 31964 1
68902 34581 1
68902 40086 1
68902 56300 1
68902 63666 1
68902 67006 1
68902 68843 1
68902 68868 1
68902 68881 1
68902 73384 1
68902 87003 1
68902 123095 1
70962 31964 1
70962 42289 1
70962 42548 1
70962 61583 1
70962 74750 1
70962 87706 1
73384 31964 1
73384 34581 1
73384 40086 1
73384 56300 1
73384 63666 1
73384 67006 1
73384 68843 1
73384 68868 1
73384 68881 1
73384 68902 1
73384 87003 1
73384 123095 1
74750 31964 1
74750 42289 1
74750 42548 1
74750 61583 1
74750 68191 1
74750 70962 1
74750 87706 1
87003 31964 1
87003 34581 1
87003 40086 1
87003 56300 1
87003 63666 1
87003 66880 1
87003 66881 1
87003 66883 1
87003 67006 1
87003 68843 1
87003 68868 1
87003 68881 1
87003 68902 1
87003 73384 1
87003 123095 1
87706 31964 1
87706 42289 1
87706 42548 1
87706 50885 1
87706 51410 1
87706 57260 1
87706 61583 1
87706 70962 1
87706 74750 1
123095 31964 1
123095 34581 1
123095 40086 1
123095 56300 1
123095 63666 1
123095 67006 1
123095 68843 1
123095 68868 1
123095 68881 1
123095 68902 1
123095 73384 1
123095 87003 1
36658 33581 1
36658 34581 1
36658 51410 1
36658 56083 1
38812 33581 1
38812 48423 1
38812 50885 1
40083 28195 1
40083 33581 1
40083 42767 1
40083 50483 1
40083 54176 1
40083 56989 1
40083 71227 1
48423 33581 1
48423 38812 1
48423 50885 1
50474 33581 1
50474 59247 1
50483 33581 1
50483 40083 1
50483 49841 1
50483 56989 1
50483 77674 1
50885 33581 1
50885 38812 1
50885 48423 1
50885 63666 1
50885 87706 1
51410 33581 1
51410 36658 1
51410 56083 2
51410 87706 1
51410 91501 1
53338 33581 1
53338 51179 1
53338 56170 1
53338 57103 1
53338 61576 1
53338 71238 1
53338 75510 1
56083 33581 1
56083 36658 1
56083 51410 2
56083 91501 1
56989 33581 1
56989 40083 1
56989 43238 1
56989 50483 1
61576 33581 1
61576 53338 1
77355 59245 1
73501 59247 1
88190 84781 1
55702 21898 1
29400 29094 1
29400 35768 1
29400 37252 1
29400 39577 1
29400 49085 1
35768 29094 1
35768 29400 1
35768 37252 1
35768 39577 1
35768 49085 1
49085 29094 1
49085 29400 1
49085 35768 1
49085 37252 1
49085 39577 1
25053 40297 1
30474 40297 1
48019 48020 1
48019 50198 1
48019 61536 1
48807 51268 1
42904 62467 1
83883 63272 1
119727 63272 1
21293 19341 1
37722 19341 1
37722 41055 1
19701 25042 1
43380 26797 1
7679 25261 1
7679 31213 1
7679 31214 1
7679 35299 1
25261 7679 1
25261 31213 1
25261 31214 1
25261 35299 1
35299 7679 1
35299 25261 1
35299 31213 1
35299 31214 1
33756 31228 1
33756 37131 1
33756 41901 1
33756 44274 1
44274 31228 1
44274 33318 1
44274 33756 1
44274 44279 1
42367 34223 1
42367 44227 1
42367 44689 1
44227 34223 1
44227 42367 1
44227 44689 1
44689 34223 1
44689 42367 1
44689 44227 1
50579 34223 1
36508 36815 1
36508 44195 1
36508 55558 1
44195 36508 1
44195 36815 1
44195 55558 1
55558 36508 1
55558 36815 1
55558 44195 1
20209 37967 1
20209 46839 1
46839 20209 1
46839 37967 1
57091 30499 1
57091 37967 1
57091 56845 1
57091 61105 1
61105 37967 1
61105 57091 1
73050 38717 1
43446 39577 1
45248 39577 1
50441 39577 1
53006 39577 1
35963 41904 1
34023 41967 1
21153 21324 1
21153 29416 1
21153 40569 1
21153 45797 1
21153 45798 1
21324 21153 1
21324 29416 1
21324 45797 1
21324 45798 1
29416 21153 1
29416 21324 1
29416 45797 1
29416 45798 1
45798 21153 1
45798 21324 1
45798 29416 1
45798 45797 1
36373 46791 1
36373 56599 1
34024 48878 1
51970 49492 1
62122 49841 1
85780 50629 1
94521 52885 1
50948 54177 1
25226 56278 1
38819 56278 1
38819 57962 1
55497 55498 1
55497 56278 1
55497 60740 1
55498 55497 1
55498 56278 1
55498 57962 1
55498 60740 1
25075 2548 1
25075 44866 1
44866 2548 1
44866 25075 1
24419 40662 1
24419 43477 1
24419 43479 1
43477 24419 1
43477 40662 1
43477 43479 1
43479 24419 1
43479 40662 1
43479 43477 1
34115 40745 1
34115 44882 1
44882 34115 1
44882 40745 1
33317 42488 1
33317 44879 1
42488 33317 1
42488 44879 1
5967 23062 1
5967 40569 1
5967 48027 1
23062 5967 1
23062 33324 1
23062 40569 1
23062 48027 1
23303 35817 1
23303 42368 1
23303 48027 1
39158 48027 1
40569 5967 1
40569 21153 1
40569 23062 1
40569 48027 1
40569 51162 1
49084 48027 1
26238 30468 2
26238 34677 1
26238 46835 1
30468 26238 2
30468 34677 1
30468 46835 1
34677 26238 1
34677 30468 1
34677 46835 1
47046 40260 1
47046 47047 1
47046 103182 1
103182 47046 1
103182 47047 1
33868 33867 1
33868 43368 1
33868 45735 1
33868 50213 1
43368 33868 1
43368 45735 1
43368 50213 1
45735 33868 1
45735 43368 1
45735 50213 1
127189 57352 1
127189 127188 1
113305 96482 1
19217 19218 1
19217 36610 1
19217 102621 1
19218 19217 1
19218 36610 1
19218 102621 1
36610 19217 1
36610 19218 1
36610 102621 1
123671 102621 1
41901 33756 1
41901 37131 1
15754 23850 1
15754 40009 1
40009 15754 1
40009 23850 1
10762 45417 1
37867 45417 1
20604 56770 1
21922 59387 1
48996 56843 1
48996 63946 1
48996 63963 1
56843 48996 1
56843 63946 1
56843 63963 1
63946 48996 1
63946 56843 1
63946 63963 1
50627 71163 1
56845 30499 1
56845 57091 1
16368 47653 1
54893 53996 1
79557 78409 1
43207 44938 1
43492 34036 1
43492 50662 1
43492 56293 1
43492 57716 1
50662 43492 1
50662 56293 1
50662 57716 1
56293 43492 1
56293 50662 1
56293 57716 1
40743 58548 1
40743 58930 1
55591 56852 1
55591 58548 1
56852 55591 1
56852 58548 1
59909 58548 1
66872 66874 1
66872 66875 1
66872 71840 1
66872 82474 1
66872 92980 1
66872 126481 1
66874 66872 1
66874 66875 1
66874 71840 1
66874 82474 1
66874 92980 1
66874 126481 1
66875 66872 1
66875 66874 1
66875 71840 2
66875 82474 1
66875 92980 1
66875 126481 1
71840 66872 1
71840 66874 1
71840 66875 2
71840 82474 1
71840 92980 1
71840 126481 1
92980 66872 1
92980 66874 1
92980 66875 1
92980 71840 1
92980 82474 1
92980 126481 1
126481 66872 1
126481 66874 1
126481 66875 1
126481 71840 1
126481 82474 1
126481 92980 1
13127 14413 1
13127 33344 1
13127 33353 1
13127 39150 1
33344 13127 1
33344 14413 1
33344 33353 1
33344 39150 1
33353 13127 1
33353 14413 1
33353 33344 1
33353 39150 1
39150 13127 1
39150 14413 1
39150 33344 1
39150 33353 1
16969 24434 1
16969 25360 1
16969 44383 1
16969 52327 1
16969 55004 1
24434 16969 1
24434 25360 1
24434 44383 1
24434 52327 1
24434 55004 1
44383 16969 1
44383 24434 1
44383 25360 1
44383 52327 1
44383 55004 1
52327 16969 1
52327 24434 1
52327 25360 1
52327 44383 1
52327 55004 1
55004 16969 1
55004 24434 1
55004 25360 1
55004 42767 1
55004 44383 1
55004 52327 1
27083 27084 1
9600 32596 1
9600 36090 1
44302 48384 1
55846 55845 1
51009 41055 1
39395 58930 1
50046 60741 1
50940 65422 1
50940 116121 1
116121 50940 1
116121 65422 1
72994 72993 1
71876 117100 1
55519 124566 1
21449 33318 1
21449 35767 1
35767 21449 1
35767 33318 1
44009 33318 1
44279 33318 1
44279 44274 1
34911 34372 1
35817 23303 1
35817 42368 1
76934 43472 1
49413 52626 1
39836 39217 1
39836 47368 1
39836 47369 1
39836 47373 1
39836 51238 1
39836 53021 1
39836 53022 1
47368 39217 1
47368 39836 1
47368 47369 3
47368 47371 1
47368 47373 1
47368 51238 1
47369 39217 1
47369 39836 1
47369 47368 3
47369 47373 1
47369 51238 1
47373 39217 1
47373 39836 1
47373 47368 1
47373 47369 1
47373 51238 1
51238 39217 1
51238 39836 1
51238 47368 1
51238 47369 1
51238 47373 1
51238 51162 1
51238 52724 1
47325 41637 1
14052 17065 1
14052 18014 1
14052 18341 1
14052 21590 1
14052 28573 1
17065 14052 1
17065 18014 1
17065 18341 1
17065 21590 1
17065 28573 1
18341 14052 1
18341 17065 1
18341 18014 1
18341 21590 1
18341 28573 1
21590 5039 1
21590 13289 1
21590 14052 1
21590 15002 1
21590 17065 1
21590 18014 1
21590 18341 1
21590 28573 1
28573 14052 1
28573 17065 1
28573 18014 1
28573 18341 1
28573 21590 1
3956 9332 1
3956 35457 1
9332 3956 1
9332 35457 1
36236 49601 1
8856 22113 1
22114 22113 1
22114 25711 1
22114 32115 1
25711 22113 1
25711 22114 1
25711 32115 1
32115 22113 1
32115 22114 1
32115 25711 1
14660 16224 1
14660 16225 1
14660 23802 1
14660 24696 1
14660 33887 1
14660 35885 1
16224 14660 1
16224 16225 2
16224 23802 1
16224 24696 1
16224 33887 1
16224 35885 1
16225 14660 1
16225 16224 2
16225 23802 1
16225 24696 1
16225 33887 1
16225 35885 1
24696 14660 1
24696 16224 1
24696 16225 1
24696 23802 1
24696 33887 1
24696 35885 1
28924 23802 1
28924 36101 1
33887 14660 1
33887 16224 1
33887 16225 1
33887 23802 1
33887 24696 1
33887 35885 1
35885 14660 1
35885 16224 1
35885 16225 1
35885 23802 1
35885 24696 1
35885 33887 1
36101 23802 1
36101 28924 1
40527 23802 1
12927 26715 1
12927 33759 1
12927 39583 1
26715 12927 1
26715 33759 1
26715 39583 1
39583 12927 1
39583 26715 1
39583 33759 1
33507 37403 1
31085 18175 1
39242 18175 1
39242 39243 3
39243 18175 1
39243 39242 3
35208 25234 1
29740 30102 1
30104 30102 1
124161 30253 1
22226 38822 1
9186 21546 1
9186 42937 1
21546 9186 1
21546 9817 1
21546 19825 1
21546 24338 1
21546 42937 1
27069 42937 1
48182 41958 1
48182 48181 1
49455 66007 1
19232 8864 1
27717 26237 1
33466 26237 2
37130 46114 1
73548 77674 1
111212 77674 1
36344 41480 1
55198 41480 1
58564 69811 1
63366 33684 1
42575 41483 1
66914 125001 1
39258 50465 1
75789 83303 1
103592 83303 1
106593 83303 1
121763 83303 1
80868 80869 1
80868 91734 1
80869 80868 1
80869 91734 1
116961 91734 1
116961 118282 1
118282 91734 1
118282 116961 1
41470 34581 1
36132 63666 1
67126 63666 1
68839 68881 1
66880 66881 1
66880 66883 1
66880 87003 1
66881 66880 1
66881 66883 1
66881 87003 1
66883 66880 1
66883 66881 1
66883 87003 1
57260 87706 1
42767 40083 1
42767 55004 1
56170 53338 1
56170 57103 1
57103 53338 1
57103 56170 1
57103 57100 1
57103 57101 1
57103 57102 1
57103 57104 1
57100 57101 1
57100 57102 1
57100 57103 1
57100 57104 1
57101 57100 1
57101 57102 1
57101 57103 1
57101 57104 1
57102 57100 1
57102 57101 1
57102 57103 1
57102 57104 1
57104 57100 1
57104 57101 1
57104 57102 1
57104 57103 1
41958 48182 1
9817 21546 1
9817 24338 1
19825 21546 1
24338 9817 1
24338 21546 1
5039 13289 1
5039 15002 1
5039 21590 1
13289 5039 1
13289 15002 1
13289 21590 1
15002 5039 1
15002 13289 1
15002 21590 1
53021 39836 1
53021 53022 1
53022 39836 1
53022 53021 1
47371 47368 1
51162 40569 1
51162 51238 1
52724 51238 1
52724 54138 1
36090 9600 1
34036 43492 1
127188 127189 1
33867 33868 1
40260 47046 1
33324 23062 1
54138 52724 1
