126081 111098 3
111098 37002 1
111098 62879 1
111098 65301 1
111098 65302 3
111098 67124 1
111098 73349 1
111098 80965 1
111098 97005 1
111098 110964 1
111098 116386 1
111098 116387 1
111098 116491 1
111098 122178 2
111098 125254 1
111098 126081 3
37002 73917 1
37002 76291 1
37002 76441 1
37002 77829 1
37002 83329 1
37002 93145 1
37002 93146 1
37002 94919 1
37002 103560 1
37002 111098 1
37002 116491 1
37002 122178 1
62879 45636 1
62879 64154 1
62879 65301 1
62879 65302 1
62879 67124 1
62879 70658 1
62879 70659 1
62879 73349 1
62879 111098 1
65301 62879 1
65301 65302 1
65301 67124 1
65301 73349 1
65301 111098 1
65302 62879 1
65302 65301 1
65302 67124 1
65302 73349 1
65302 80965 1
65302 110964 1
65302 111098 3
67124 32522 2
67124 37004 1
67124 62879 1
67124 65301 1
67124 65302 1
67124 67733 1
67124 72788 1
67124 73349 1
67124 78904 1
67124 111098 1
73349 37736 1
73349 42662 1
73349 45916 1
73349 51169 1
73349 57330 1
73349 57915 1
73349 58038 1
73349 60661 1
73349 62333 1
73349 62879 1
73349 65301 1
73349 65302 1
73349 67124 1
73349 67215 1
73349 72826 1
73349 73284 2
73349 73348 1
73349 73906 1
73349 75795 1
73349 81678 1
73349 82499 1
73349 91822 1
73349 111098 1
80965 65302 1
80965 68448 1
80965 74902 1
80965 77083 1
80965 85108 1
80965 98418 1
80965 105009 1
80965 106042 1
80965 106344 1
80965 110964 1
80965 111098 1
97005 20820 1
97005 51574 1
97005 75727 1
97005 80676 1
97005 81689 1
97005 82896 1
97005 87081 1
97005 88508 1
97005 92786 1
97005 94340 1
97005 100575 1
97005 101666 1
97005 102805 1
97005 104906 1
97005 105284 1
97005 107152 1
97005 111098 1
97005 116386 1
97005 116387 1
97005 125254 1
110964 45623 1
110964 46621 1
110964 48367 1
110964 55316 1
110964 55791 1
110964 57027 1
110964 57028 1
110964 57985 1
110964 62277 1
110964 63590 1
110964 64728 1
110964 65302 1
110964 72837 1
110964 74919 1
110964 79660 1
110964 80965 1
110964 85688 1
110964 86645 1
110964 86667 1
110964 91941 1
110964 95390 1
110964 96136 1
110964 96818 1
110964 96969 1
110964 99325 1
110964 103308 1
110964 106072 1
110964 111098 1
110964 111122 1
110964 119233 1
116386 72937 1
116386 89117 1
116386 97005 1
116386 97361 1
116386 99663 1
116386 106322 1
116386 111098 1
116386 116387 1
116386 125254 1
116387 97005 1
116387 111098 1
116387 116386 1
116387 125254 1
116491 37002 1
116491 73274 1
116491 85223 1
116491 95346 1
116491 97439 1
116491 98484 1
116491 99130 1
116491 105226 1
116491 111098 1
116491 112195 1
116491 116487 1
116491 116488 1
116491 116489 1
116491 116490 1
116491 117119 1
116491 117938 1
116491 121415 1
116491 122178 1
116491 122712 1
116491 125977 1
122178 37002 1
122178 111098 2
122178 116491 1
125254 97005 1
125254 99130 1
125254 111098 1
125254 116386 1
125254 116387 1
73917 37002 1
73917 44412 1
73917 59921 1
73917 62567 1
73917 65692 1
73917 67444 1
73917 69608 1
73917 69759 1
73917 70721 1
73917 73667 1
73917 73934 1
73917 75871 1
73917 76229 1
73917 76291 1
73917 76441 1
73917 77829 1
73917 79234 1
73917 79248 1
73917 88177 1
73917 94637 1
73917 98791 1
73917 99922 1
73917 104421 1
73917 107649 1
73917 107975 1
73917 125594 1
76291 37002 1
76291 73917 1
76291 76441 1
76291 77829 1
76441 28168 1
76441 30520 1
76441 37002 1
76441 37439 1
76441 45347 1
76441 47107 1
76441 50288 1
76441 50289 1
76441 52546 1
76441 53658 1
76441 54050 1
76441 55082 1
76441 58775 1
76441 59920 1
76441 60665 1
76441 63579 1
76441 63587 1
76441 64796 1
76441 65110 1
76441 67705 1
76441 68272 1
76441 68380 1
76441 68731 1
76441 69981 1
76441 71303 1
76441 71508 1
76441 71838 1
76441 73284 1
76441 73763 1
76441 73917 1
76441 74917 1
76441 75888 1
76441 76291 1
76441 76389 1
76441 76887 1
76441 77476 1
76441 77829 1
76441 78737 1
76441 81749 1
76441 85686 1
76441 88141 1
76441 104271 1
76441 108834 1
76441 121044 1
77829 3493 1
77829 37002 1
77829 42701 1
77829 44092 1
77829 45291 1
77829 49512 1
77829 51293 1
77829 51900 1
77829 56939 1
77829 59928 1
77829 61624 1
77829 65360 1
77829 65526 1
77829 68429 1
77829 69855 1
77829 71037 1
77829 71206 1
77829 73917 1
77829 74054 1
77829 74332 1
77829 74527 1
77829 74852 1
77829 75384 1
77829 75551 1
77829 75584 1
77829 75727 1
77829 76291 1
77829 76441 1
77829 78729 1
77829 78761 1
77829 78992 1
77829 82025 1
77829 83609 1
77829 85745 1
77829 88498 1
77829 88499 1
77829 89554 1
77829 89792 1
77829 91246 1
77829 94612 1
77829 96920 1
77829 106562 1
77829 108830 1
77829 118678 1
77829 125184 1
77829 125594 1
83329 37002 1
83329 50290 1
83329 63149 1
83329 69118 1
83329 69583 1
83329 69984 1
83329 75855 1
83329 75861 1
83329 77816 1
83329 83483 1
83329 85949 1
83329 86338 1
83329 88506 1
83329 89408 1
83329 95717 1
83329 95822 1
83329 97438 1
83329 99499 1
83329 99646 1
83329 99647 1
83329 100536 1
83329 105727 1
83329 106345 1
83329 106384 1
83329 107369 1
83329 108255 1
83329 108257 1
83329 108258 1
83329 108833 1
83329 108968 1
83329 109548 1
83329 112932 1
83329 112933 1
83329 114800 1
83329 124941 1
83329 125338 1
93145 32455 1
93145 37002 1
93145 37432 1
93145 42755 1
93145 54050 1
93145 59564 1
93145 74339 1
93145 76224 1
93145 80369 1
93145 80843 1
93145 83331 1
93145 85605 1
93145 92786 1
93145 93141 2
93145 93144 1
93145 93146 5
93145 94027 1
93145 95581 1
93145 96316 1
93145 96553 1
93145 97046 1
93145 97364 1
93145 97694 1
93145 97791 1
93145 98018 1
93145 99219 1
93145 99664 1
93145 100541 1
93145 103560 1
93145 104220 1
93145 105984 1
93145 106385 1
93145 106400 1
93145 108374 1
93145 108835 1
93145 109312 1
93145 109548 1
93145 109550 1
93145 109753 1
93145 110320 1
93145 111566 1
93145 112932 1
93145 117137 1
93145 117198 1
93145 117722 1
93145 117938 1
93145 118658 1
93145 123626 1
93145 124015 1
93145 124595 1
93145 125506 1
93145 127085 1
93146 37002 1
93146 37432 1
93146 54050 1
93146 71827 1
93146 80369 1
93146 83541 1
93146 88725 1
93146 93145 5
93146 97786 1
93146 99130 1
93146 99664 1
93146 103560 1
93146 105984 1
93146 111175 1
93146 111179 1
93146 111566 1
93146 116489 1
93146 120030 1
94919 37002 1
94919 50270 1
94919 63585 1
94919 74855 1
94919 93138 1
94919 94916 1
94919 94917 1
94919 94918 1
94919 97083 1
94919 97698 1
94919 104356 1
94919 105984 1
94919 117757 1
103560 37002 1
103560 42755 1
103560 48872 1
103560 70357 1
103560 72056 1
103560 77781 1
103560 80844 1
103560 83412 1
103560 84727 1
103560 93141 1
103560 93145 1
103560 93146 1
103560 97791 1
103560 99129 1
103560 102543 1
103560 103553 1
103560 103556 1
103560 103557 1
103560 103558 1
103560 103559 1
103560 103561 1
103560 111961 1
103560 113270 1
103560 115884 1
103560 116198 1
103560 116453 1
103560 121462 1
45636 58995 1
45636 59009 1
45636 62879 1
45636 68793 1
45636 68826 1
45636 70379 1
45636 70658 1
45636 71961 1
45636 72061 1
45636 72847 1
45636 74342 1
45636 76540 1
45636 83197 1
45636 84733 1
45636 85443 1
45636 86525 1
45636 86530 1
45636 87942 1
45636 92469 1
45636 105062 1
64154 62879 1
64154 70659 1
70658 45636 1
70658 57982 1
70658 61748 1
70658 62879 1
70658 73351 1
70658 78888 1
70658 81089 1
70658 95986 1
70658 108980 1
70658 109501 1
70658 111499 1
70658 113828 1
70659 62879 1
70659 64154 1
32522 37004 1
32522 38506 1
32522 45335 1
32522 54056 1
32522 57246 1
32522 67124 2
32522 67733 1
32522 72788 1
32522 74607 1
32522 78904 1
37004 32522 1
37004 48295 1
37004 50270 1
37004 67124 1
37004 67733 1
37004 72608 1
37004 72788 1
37004 78904 1
67733 32522 1
67733 37004 1
67733 67124 1
67733 72788 1
67733 78904 1
72788 32522 1
72788 37004 1
72788 42294 1
72788 46078 1
72788 58882 1
72788 62503 1
72788 62881 1
72788 62928 1
72788 64359 1
72788 67124 1
72788 67733 1
72788 71311 1
72788 78904 1
72788 79626 1
78904 23008 1
78904 32522 1
78904 37004 1
78904 45901 1
78904 54116 1
78904 62572 1
78904 62573 1
78904 62931 1
78904 65087 1
78904 67124 1
78904 67733 1
78904 72788 1
78904 73284 1
78904 78741 1
78904 82918 1
78904 83927 1
78904 90551 1
78904 106384 1
78904 108830 1
37736 33097 1
37736 49758 1
37736 53867 1
37736 54613 1
37736 59654 1
37736 64804 1
37736 64805 1
37736 65035 1
37736 65164 1
37736 66220 1
37736 72795 1
37736 73348 1
37736 73349 1
42662 31975 1
42662 39178 1
42662 42764 1
42662 50618 1
42662 53690 1
42662 59862 1
42662 60580 1
42662 62295 1
42662 63688 1
42662 66639 1
42662 71135 1
42662 72800 1
42662 73348 1
42662 73349 1
42662 73796 1
42662 74072 1
42662 75390 1
42662 76313 1
42662 89367 1
45916 39846 1
45916 41827 1
45916 46630 1
45916 49571 2
45916 50257 1
45916 51169 1
45916 55668 1
45916 57239 1
45916 57330 1
45916 57418 1
45916 57915 1
45916 60010 1
45916 60720 1
45916 62333 1
45916 62569 1
45916 62881 1
45916 66715 1
45916 66857 1
45916 66924 1
45916 67215 1
45916 68274 1
45916 68741 1
45916 71265 1
45916 72782 1
45916 72826 1
45916 73349 1
45916 73683 1
45916 73898 1
45916 73905 1
45916 73906 1
45916 74336 1
45916 77129 1
45916 79357 1
45916 80368 1
45916 80421 1
45916 80902 1
45916 82116 1
45916 84722 1
45916 85493 1
45916 90005 1
45916 90810 1
45916 91822 1
45916 99510 1
45916 99944 1
45916 123447 1
51169 45916 1
51169 57330 1
51169 57915 1
51169 62333 1
51169 67215 1
51169 72826 1
51169 73349 1
51169 73906 1
51169 91822 1
57330 45916 1
57330 51169 1
57330 57915 1
57330 62333 1
57330 65582 1
57330 67215 1
57330 72826 1
57330 73349 1
57330 73906 1
57330 91822 1
57915 45916 1
57915 51169 1
57915 56865 1
57915 57330 1
57915 57404 1
57915 61255 1
57915 62333 1
57915 62494 1
57915 62507 1
57915 66310 1
57915 67215 1
57915 70655 1
57915 71131 1
57915 72608 1
57915 72826 1
57915 73349 1
57915 73906 1
57915 78827 1
57915 78902 1
57915 79110 1
57915 91822 1
58038 36947 1
58038 50661 1
58038 62533 1
58038 65771 1
58038 66402 1
58038 66403 1
58038 66404 1
58038 66405 1
58038 66406 1
58038 66407 1
58038 73349 1
58038 73476 1
58038 108266 1
58038 112822 1
60661 40541 1
60661 42317 1
60661 43442 1
60661 45151 1
60661 45316 1
60661 46620 1
60661 46630 1
60661 50367 1
60661 50723 1
60661 51896 1
60661 53543 1
60661 54589 1
60661 55300 1
60661 58633 1
60661 63141 1
60661 68380 1
60661 68448 1
60661 71961 1
60661 72791 1
60661 73284 1
60661 73349 1
60661 73683 1
60661 73905 1
60661 75795 1
60661 80689 1
60661 82499 1
62333 45916 1
62333 51169 1
62333 57330 1
62333 57915 1
62333 58882 1
62333 67215 1
62333 72826 1
62333 73349 1
62333 73906 1
62333 91822 1
67215 45916 1
67215 51169 1
67215 57330 1
67215 57915 1
67215 62333 1
67215 72826 1
67215 73349 1
67215 73906 1
67215 91822 1
72826 45916 1
72826 51169 1
72826 57330 1
72826 57915 1
72826 62333 1
72826 67215 1
72826 73349 1
72826 73906 1
72826 91822 1
73284 50270 1
73284 50289 1
73284 54116 2
73284 55082 1
73284 59920 1
73284 60661 1
73284 62572 1
73284 62573 1
73284 63579 1
73284 63587 1
73284 64359 1
73284 64796 1
73284 65087 1
73284 73349 2
73284 75795 1
73284 75861 1
73284 76441 1
73284 78150 1
73284 78151 1
73284 78904 1
73284 81678 1
73284 82499 1
73284 121044 1
73348 33097 1
73348 37736 1
73348 42662 1
73348 45318 1
73348 49758 1
73348 53867 1
73348 54613 1
73348 64804 1
73348 64805 1
73348 65035 1
73348 65164 1
73348 66220 1
73348 72795 1
73348 73349 1
73906 45916 1
73906 51169 1
73906 57330 1
73906 57915 1
73906 62333 1
73906 63688 1
73906 67215 1
73906 72826 1
73906 73349 1
73906 73905 1
73906 78741 1
73906 91822 1
75795 55791 1
75795 60661 1
75795 64805 1
75795 73284 1
75795 73349 1
75795 74852 1
75795 75727 1
75795 82499 2
81678 73284 1
81678 73349 1
81678 76389 2
82499 57982 1
82499 59654 1
82499 60661 1
82499 73284 1
82499 73349 1
82499 75795 2
82499 90005 1
91822 45916 1
91822 51169 1
91822 57330 1
91822 57915 1
91822 62333 1
91822 67215 1
91822 72826 1
91822 73349 1
91822 73906 1
68448 60661 1
68448 74902 1
68448 80965 1
68448 85108 1
68448 105009 1
68448 106042 1
68448 106344 1
74902 68448 1
74902 80965 1
74902 85108 1
74902 105009 1
74902 106042 1
74902 106344 1
77083 80965 1
77083 98418 1
85108 68448 1
85108 74902 1
85108 80965 1
85108 105009 1
85108 106042 1
85108 106344 1
85108 116489 1
98418 77083 1
98418 80369 1
98418 80965 1
105009 63590 1
105009 68448 1
105009 74902 1
105009 80965 1
105009 85108 1
105009 86525 1
105009 95822 1
105009 106042 1
105009 106344 1
106042 68448 1
106042 74902 1
106042 80965 1
106042 85108 1
106042 105009 1
106042 106344 1
106344 68448 1
106344 74902 1
106344 80965 1
106344 85108 1
106344 99219 1
106344 105009 1
106344 106042 1
20820 51574 1
20820 80676 1
20820 81689 1
20820 82896 1
20820 87081 1
20820 88508 1
20820 92786 1
20820 94340 1
20820 97005 1
20820 100575 1
20820 101666 1
20820 102805 1
20820 104906 1
20820 105284 1
20820 107152 1
51574 20820 1
51574 75551 1
51574 80676 1
51574 81689 2
51574 82896 1
51574 87081 1
51574 88508 1
51574 92786 1
51574 94340 1
51574 97005 1
51574 100575 1
51574 101666 1
51574 102805 1
51574 104906 1
51574 105284 1
51574 107152 1
75727 51900 1
75727 59928 1
75727 65360 1
75727 65526 1
75727 68826 1
75727 69855 1
75727 74332 1
75727 74339 1
75727 74852 1
75727 74917 1
75727 75795 1
75727 77829 1
75727 83331 1
75727 88498 1
75727 88499 1
75727 89792 1
75727 96920 1
75727 97005 1
75727 97439 2
75727 99499 1
75727 103556 1
75727 103558 1
75727 111566 1
75727 112195 1
75727 113270 1
75727 117938 1
75727 125184 1
80676 20820 1
80676 51574 1
80676 74077 1
80676 81689 1
80676 82896 1
80676 87081 1
80676 88508 1
80676 92786 1
80676 94340 1
80676 97005 1
80676 100575 1
80676 101666 1
80676 102805 1
80676 104906 1
80676 105284 1
80676 107152 1
81689 20820 1
81689 51574 2
81689 75551 1
81689 80676 1
81689 82896 1
81689 87081 1
81689 88508 1
81689 92786 1
81689 94340 1
81689 97005 1
81689 100575 1
81689 101666 1
81689 102805 1
81689 104906 1
81689 105284 1
81689 107152 1
81689 118658 1
82896 20820 1
82896 51574 1
82896 80676 1
82896 81689 1
82896 87081 1
82896 88508 1
82896 92786 1
82896 94340 1
82896 97005 1
82896 100575 1
82896 101666 1
82896 102805 1
82896 104906 1
82896 105284 1
82896 107152 1
87081 20820 1
87081 51574 1
87081 80676 1
87081 81689 1
87081 82896 1
87081 88508 1
87081 92786 1
87081 94340 1
87081 97005 1
87081 100575 1
87081 101666 1
87081 102805 1
87081 104906 1
87081 105284 1
87081 107152 1
88508 20820 1
88508 51574 1
88508 65296 1
88508 80676 1
88508 80844 1
88508 81689 1
88508 82896 1
88508 87081 1
88508 92786 1
88508 94340 1
88508 97005 1
88508 98791 1
88508 100575 1
88508 101666 1
88508 102805 1
88508 104906 1
88508 105284 1
88508 107152 1
92786 20820 1
92786 51574 1
92786 78737 1
92786 80676 1
92786 81689 1
92786 82896 1
92786 87081 1
92786 88508 1
92786 93145 1
92786 94340 1
92786 97005 1
92786 100575 1
92786 101666 1
92786 102805 1
92786 103561 1
92786 104906 1
92786 105284 1
92786 107152 1
92786 119142 1
94340 20820 1
94340 51574 1
94340 80676 1
94340 81689 1
94340 82896 1
94340 87081 1
94340 88508 1
94340 92786 1
94340 97005 1
94340 100575 1
94340 101666 1
94340 102805 1
94340 104906 1
94340 105284 1
94340 107152 1
100575 20820 1
100575 51574 1
100575 80676 1
100575 81689 1
100575 82896 1
100575 87081 1
100575 88508 1
100575 92786 1
100575 94340 1
100575 97005 1
100575 101666 1
100575 102805 1
100575 104906 1
100575 105284 1
100575 107152 1
101666 20820 1
101666 51574 1
101666 80676 1
101666 81689 1
101666 82896 1
101666 87081 1
101666 88508 1
101666 92786 1
101666 94340 1
101666 97005 1
101666 100575 1
101666 102805 1
101666 104906 1
101666 105284 1
101666 107152 1
102805 20820 1
102805 51574 1
102805 80676 1
102805 81689 1
102805 82896 1
102805 87081 1
102805 88508 1
102805 92786 1
102805 94340 1
102805 97005 1
102805 100575 1
102805 101666 1
102805 104906 1
102805 105284 1
102805 107152 1
104906 20820 1
104906 51574 1
104906 80676 1
104906 81689 1
104906 82896 1
104906 87081 1
104906 88508 1
104906 92786 1
104906 94340 1
104906 97005 1
104906 100575 1
104906 101666 1
104906 102805 1
104906 105284 1
104906 107152 1
105284 20820 1
105284 51574 1
105284 80676 1
105284 81689 1
105284 82896 1
105284 87081 1
105284 88508 1
105284 92786 1
105284 94340 1
105284 97005 1
105284 100575 1
105284 101666 1
105284 102805 1
105284 104906 1
105284 107152 1
107152 20820 1
107152 45901 1
107152 51574 1
107152 75861 1
107152 76224 1
107152 80676 1
107152 81689 1
107152 82896 1
107152 86525 1
107152 87081 1
107152 88508 1
107152 90810 1
107152 92786 1
107152 94340 1
107152 97005 1
107152 100575 1
107152 101666 1
107152 102805 1
107152 104906 1
107152 105284 1
107152 111566 1
45623 48367 1
45623 55316 1
45623 55791 1
45623 57027 1
45623 57028 1
45623 57985 1
45623 63590 1
45623 72837 1
45623 74919 1
45623 85688 1
45623 86645 1
45623 110964 1
46621 79660 1
46621 110964 1
48367 45623 1
48367 55316 1
48367 55791 1
48367 57027 1
48367 57028 1
48367 57985 1
48367 63590 1
48367 72837 1
48367 74919 1
48367 85688 1
48367 86645 1
48367 110964 1
55316 45623 1
55316 46630 1
55316 48367 1
55316 55791 1
55316 57027 1
55316 57028 1
55316 57985 1
55316 58775 1
55316 63590 1
55316 72837 1
55316 73683 1
55316 74917 1
55316 74919 1
55316 85688 1
55316 86645 1
55316 110964 1
55791 45623 1
55791 48367 1
55791 50290 1
55791 51293 1
55791 55316 1
55791 57027 1
55791 57028 1
55791 57985 1
55791 59928 1
55791 63590 2
55791 72837 2
55791 74919 1
55791 75795 1
55791 85688 1
55791 86645 1
55791 97046 1
55791 110964 1
55791 121044 1
57027 45623 1
57027 48367 1
57027 55316 1
57027 55791 1
57027 57028 1
57027 57985 1
57027 63590 1
57027 72837 1
57027 74917 1
57027 74919 1
57027 85688 1
57027 86645 1
57027 102543 1
57027 110964 1
57028 45623 1
57028 48367 1
57028 55316 1
57028 55791 1
57028 57027 1
57028 57985 1
57028 63590 1
57028 72837 1
57028 74919 1
57028 85688 1
57028 86645 1
57028 110964 1
57028 118678 1
57985 45623 1
57985 48367 1
57985 55316 1
57985 55791 1
57985 57027 1
57985 57028 1
57985 63590 1
57985 72837 1
57985 74919 1
57985 85688 1
57985 86645 1
57985 110964 1
62277 56571 1
62277 99130 1
62277 110964 1
63590 45623 1
63590 48367 1
63590 55316 1
63590 55791 2
63590 57027 1
63590 57028 1
63590 57985 1
63590 72837 1
63590 74919 1
63590 85688 1
63590 86645 1
63590 105009 1
63590 110964 1
63590 121044 1
64728 91941 1
64728 95390 1
64728 96136 1
64728 96818 1
64728 96969 1
64728 106072 2
64728 110964 1
64728 111122 1
72837 40541 1
72837 45623 1
72837 48367 1
72837 55316 1
72837 55791 2
72837 57027 1
72837 57028 1
72837 57985 1
72837 63590 1
72837 73683 1
72837 73905 1
72837 74919 1
72837 78827 1
72837 84733 1
72837 85688 1
72837 86645 1
72837 110964 1
74919 45623 1
74919 48367 1
74919 55316 1
74919 55791 1
74919 57027 1
74919 57028 1
74919 57985 1
74919 63590 1
74919 69984 1
74919 72837 1
74919 83927 1
74919 85686 1
74919 85688 1
74919 86645 1
74919 90262 1
74919 110964 1
74919 121044 1
79660 46621 1
79660 62572 1
79660 74054 1
79660 74917 1
79660 83413 1
79660 110964 1
85688 45623 1
85688 48367 1
85688 50595 1
85688 55316 1
85688 55791 1
85688 57027 1
85688 57028 1
85688 57985 1
85688 63590 1
85688 72837 1
85688 74332 1
85688 74919 1
85688 85443 1
85688 86645 1
85688 88725 1
85688 110964 1
86645 45623 1
86645 46630 1
86645 48367 1
86645 50290 1
86645 55316 1
86645 55791 1
86645 57027 1
86645 57028 1
86645 57985 1
86645 63590 1
86645 66924 1
86645 72837 1
86645 74919 1
86645 85688 1
86645 110964 1
86667 103308 1
86667 110964 1
91941 64728 1
91941 95390 1
91941 96136 1
91941 96818 1
91941 96969 1
91941 106072 1
91941 110964 1
91941 111122 1
95390 64728 1
95390 91941 1
95390 96136 1
95390 96818 1
95390 96969 1
95390 106072 1
95390 110964 1
95390 111122 1
96136 64728 1
96136 91941 1
96136 95390 1
96136 96818 1
96136 96969 1
96136 103308 1
96136 103888 1
96136 106072 1
96136 110964 1
96136 111122 1
96818 64728 1
96818 91941 1
96818 95390 1
96818 96136 1
96818 96969 1
96818 106072 1
96818 110964 1
96818 111122 1
96969 64728 1
96969 91941 1
96969 95390 1
96969 96136 1
96969 96818 1
96969 106072 1
96969 110964 1
96969 111122 1
99325 103308 1
99325 110964 1
99325 119233 1
103308 86667 1
103308 96136 1
103308 99325 1
103308 108374 1
103308 110964 1
103308 119233 1
106072 64728 2
106072 91941 1
106072 95390 1
106072 96136 1
106072 96818 1
106072 96969 1
106072 110964 1
106072 111122 1
111122 64728 1
111122 91941 1
111122 95390 1
111122 96136 1
111122 96818 1
111122 96969 1
111122 106072 1
111122 110964 1
119233 99325 1
119233 103308 1
119233 110964 1
72937 81727 1
72937 116386 1
72937 122857 1
89117 38506 1
89117 48295 1
89117 54050 1
89117 80844 1
89117 97439 1
89117 98484 1
89117 98791 1
89117 99663 1
89117 104271 1
89117 106322 1
89117 108374 1
89117 110276 1
89117 111175 1
89117 111179 1
89117 111566 1
89117 116386 1
89117 117757 1
89117 121462 1
97361 63149 1
97361 98791 1
97361 99663 1
97361 99664 2
97361 100184 1
97361 116198 1
97361 116386 1
99663 80843 1
99663 89117 1
99663 93141 1
99663 97361 1
99663 99664 1
99663 103561 1
99663 106322 1
99663 116386 1
99663 117938 1
106322 89117 1
106322 99663 1
106322 116386 1
73274 85223 1
73274 95346 1
73274 99130 1
73274 105226 1
73274 112195 1
73274 116487 1
73274 116488 1
73274 116489 1
73274 116490 1
73274 116491 1
73274 117119 1
73274 117938 1
73274 121415 1
73274 122712 1
85223 73274 1
85223 95346 1
85223 99130 1
85223 105226 1
85223 112195 1
85223 116487 1
85223 116488 1
85223 116489 1
85223 116490 1
85223 116491 1
85223 117119 1
85223 117938 1
85223 121415 1
85223 122712 1
95346 73274 1
95346 85223 1
95346 97694 2
95346 99130 1
95346 105226 1
95346 106384 3
95346 106385 2
95346 108830 1
95346 112195 1
95346 116487 1
95346 116488 1
95346 116489 1
95346 116490 1
95346 116491 1
95346 117119 1
95346 117938 2
95346 121415 1
95346 122712 1
97439 59921 1
97439 75727 2
97439 83331 2
97439 89117 1
97439 93141 1
97439 97438 1
97439 103556 1
97439 103558 1
97439 103559 1
97439 113270 1
97439 116198 1
97439 116491 1
97439 117722 1
97439 125977 1
98484 89117 1
98484 116491 1
98484 123626 1
99130 42317 1
99130 62277 1
99130 73274 1
99130 80843 1
99130 85223 1
99130 93146 1
99130 95346 1
99130 105226 1
99130 112195 1
99130 116487 1
99130 116488 1
99130 116489 1
99130 116490 1
99130 116491 1
99130 117119 1
99130 117722 1
99130 117938 1
99130 121415 1
99130 122712 1
99130 125254 1
105226 73274 1
105226 85223 1
105226 95346 1
105226 99130 1
105226 112195 1
105226 116487 1
105226 116488 1
105226 116489 1
105226 116490 1
105226 116491 1
105226 117119 1
105226 117938 1
105226 121415 1
105226 122712 1
112195 73274 1
112195 75727 1
112195 85223 1
112195 95346 1
112195 99130 1
112195 99499 1
112195 105226 1
112195 112932 1
112195 116487 1
112195 116488 2
112195 116489 1
112195 116490 1
112195 116491 1
112195 117119 1
112195 117938 1
112195 121415 1
112195 122712 1
116487 73274 1
116487 85223 1
116487 95346 1
116487 99130 1
116487 105226 1
116487 112195 1
116487 116488 1
116487 116489 1
116487 116490 1
116487 116491 1
116487 117119 1
116487 117938 1
116487 121415 1
116487 122712 1
116488 73274 1
116488 85223 1
116488 95346 1
116488 99130 1
116488 105226 1
116488 108835 1
116488 112195 2
116488 112932 1
116488 116487 1
116488 116489 1
116488 116490 1
116488 116491 1
116488 117119 1
116488 117938 1
116488 118678 1
116488 121415 1
116488 122712 1
116489 62572 1
116489 73274 1
116489 85108 1
116489 85223 1
116489 93146 1
116489 95346 1
116489 99130 1
116489 105226 1
116489 111175 1
116489 111179 1
116489 112195 1
116489 116487 1
116489 116488 1
116489 116490 1
116489 116491 1
116489 117119 1
116489 117938 1
116489 121415 1
116489 122712 1
116490 73274 1
116490 85223 1
116490 95346 1
116490 99130 1
116490 105226 1
116490 112195 1
116490 116487 1
116490 116488 1
116490 116489 1
116490 116491 1
116490 117119 1
116490 117938 1
116490 121415 1
116490 122712 1
117119 73274 1
117119 85223 1
117119 95346 1
117119 99130 1
117119 105226 1
117119 112195 1
117119 116487 1
117119 116488 1
117119 116489 1
117119 116490 1
117119 116491 1
117119 117938 1
117119 121415 1
117119 122712 1
117938 42755 1
117938 73274 1
117938 75727 1
117938 85223 1
117938 93141 1
117938 93145 1
117938 95346 2
117938 97364 1
117938 97698 1
117938 97791 1
117938 99130 1
117938 99663 1
117938 103561 1
117938 105226 1
117938 106385 1
117938 109312 1
117938 112195 1
117938 116487 1
117938 116488 1
117938 116489 1
117938 116490 1
117938 116491 1
117938 117119 1
117938 117722 2
117938 121415 1
117938 122712 1
121415 73274 1
121415 85223 1
121415 95346 1
121415 99130 1
121415 105226 1
121415 112195 1
121415 116487 1
121415 116488 1
121415 116489 1
121415 116490 1
121415 116491 1
121415 117119 1
121415 117938 1
121415 122712 1
122712 73274 1
122712 85223 1
122712 95346 1
122712 97698 1
122712 99130 1
122712 105226 1
122712 112195 1
122712 112933 1
122712 116487 1
122712 116488 1
122712 116489 1
122712 116490 1
122712 116491 1
122712 117119 1
122712 117722 2
122712 117938 1
122712 121415 1
125977 97439 1
125977 116491 1
44412 62567 1
44412 67444 1
44412 70721 1
44412 73917 1
44412 73934 1
44412 75871 1
44412 79248 1
44412 98791 1
44412 107649 1
59921 58775 1
59921 65692 1
59921 73917 1
59921 74855 1
59921 85443 1
59921 97438 1
59921 97439 1
59921 97786 1
59921 102543 1
62567 44412 1
62567 67444 1
62567 68741 1
62567 70721 1
62567 71134 1
62567 73917 1
62567 73934 1
62567 75871 1
62567 79248 1
62567 98791 1
62567 107649 1
65692 58775 1
65692 59921 1
65692 59928 1
65692 66924 1
65692 69608 1
65692 73917 1
65692 74855 1
65692 75861 1
65692 88177 1
65692 94637 1
65692 97786 1
65692 99922 1
65692 102543 1
65692 111566 1
67444 44412 1
67444 62567 1
67444 70721 1
67444 73917 1
67444 73934 1
67444 75871 1
67444 79248 1
67444 98791 1
67444 107649 1
69608 36947 1
69608 63579 1
69608 65692 1
69608 73917 1
69608 74855 1
69608 88177 1
69608 94637 1
69608 99922 1
69608 118658 1
69759 73667 1
69759 73917 1
69759 76229 1
69759 125594 1
70721 44412 1
70721 62567 1
70721 67444 1
70721 73917 1
70721 73934 1
70721 75871 1
70721 79248 1
70721 98791 1
70721 107649 1
73667 69759 1
73667 72061 1
73667 73917 1
73667 76229 1
73667 76887 1
73667 125594 1
73934 44412 1
73934 62567 1
73934 67444 1
73934 70721 1
73934 73917 1
73934 75871 1
73934 79248 1
73934 98791 1
73934 107649 1
75871 44412 1
75871 57418 1
75871 62567 1
75871 67444 1
75871 70721 1
75871 73917 1
75871 73934 1
75871 75384 1
75871 79248 1
75871 98791 1
75871 107649 1
76229 63579 1
76229 69759 1
76229 73667 1
76229 73917 1
76229 85443 1
76229 125594 1
79234 68826 1
79234 73917 1
79234 74342 1
79234 84727 1
79234 85443 1
79234 86525 1
79234 99922 1
79234 104421 1
79248 44412 1
79248 56695 1
79248 62567 1
79248 67444 1
79248 70721 1
79248 73917 1
79248 73934 1
79248 75871 1
79248 77053 1
79248 80238 1
79248 98791 1
79248 107649 1
79248 123364 1
88177 65692 1
88177 69608 1
88177 73917 1
88177 87942 1
88177 94637 7
88177 99922 1
88177 103168 1
88177 105062 2
94637 65692 1
94637 69608 1
94637 73917 1
94637 87942 1
94637 88177 7
94637 99922 1
94637 103168 1
94637 105062 2
98791 44412 1
98791 54050 1
98791 62567 1
98791 63149 1
98791 67444 1
98791 70655 1
98791 70721 1
98791 73917 1
98791 73934 1
98791 75871 1
98791 75888 1
98791 79248 1
98791 88508 1
98791 89117 1
98791 97361 1
98791 97694 1
98791 107649 1
98791 111566 1
98791 111961 1
99922 65692 1
99922 69608 1
99922 73917 1
99922 79234 1
99922 84727 1
99922 86525 1
99922 88177 1
99922 94637 1
104421 73917 1
104421 79234 1
107649 44412 1
107649 62567 1
107649 67444 1
107649 70721 1
107649 73917 1
107649 73934 1
107649 75861 1
107649 75871 1
107649 79248 1
107649 98791 1
107649 111175 1
107649 111179 1
107649 112933 1
107649 113270 1
107649 117722 1
107975 73917 1
125594 42701 1
125594 45291 1
125594 51293 1
125594 69759 1
125594 72608 1
125594 73667 1
125594 73917 1
125594 74852 1
125594 75551 1
125594 75584 1
125594 76229 1
125594 77829 1
125594 85745 2
125594 91246 1
125594 97046 2
125594 106562 1
125594 108830 1
125594 110320 1
125594 118678 1
125594 123626 1
28168 52546 1
28168 53658 1
28168 76441 1
28168 81749 1
30520 45347 1
30520 47107 7
30520 48295 1
30520 67705 1
30520 69981 1
30520 73476 1
30520 73763 1
30520 76441 1
30520 88141 1
30520 116198 1
37439 54050 1
37439 60665 1
37439 71838 1
37439 74917 1
37439 76441 1
37439 76887 1
37439 77476 1
45347 30520 1
45347 47107 1
45347 49571 1
45347 58831 1
45347 63550 1
45347 67705 1
45347 68272 1
45347 68274 1
45347 68793 1
45347 68794 1
45347 69981 1
45347 73763 1
45347 75492 1
45347 76441 1
45347 87999 1
45347 88141 1
47107 30520 7
47107 45347 1
47107 48295 1
47107 67705 1
47107 69981 1
47107 73476 1
47107 73763 1
47107 76441 1
47107 88141 1
47107 116198 1
50288 76441 1
50289 55082 1
50289 59920 1
50289 63579 1
50289 63587 1
50289 64796 1
50289 71303 1
50289 73284 1
50289 76441 1
50289 82693 1
50289 121044 1
52546 28168 1
52546 53658 1
52546 76441 1
52546 81749 1
53658 28168 1
53658 52546 1
53658 76441 1
53658 81749 1
54050 37439 1
54050 42701 1
54050 42755 1
54050 60665 1
54050 71838 1
54050 74917 1
54050 75861 1
54050 76441 1
54050 76887 1
54050 77476 1
54050 89117 1
54050 93145 1
54050 93146 1
54050 98791 1
54050 103561 1
54050 104271 1
54050 108255 1
54050 108830 1
54050 111961 1
54050 117722 2
54050 117757 2
54050 121462 1
54050 125338 1
54050 126633 1
55082 50289 1
55082 59920 1
55082 63579 1
55082 63587 1
55082 64796 1
55082 73284 1
55082 76441 1
55082 121044 1
58775 46630 1
58775 55316 1
58775 57239 1
58775 59921 1
58775 65692 1
58775 71303 1
58775 76441 1
58775 84727 1
58775 90005 1
58775 97786 1
58775 102543 1
59920 33553 1
59920 50289 1
59920 55082 1
59920 63579 1
59920 63587 1
59920 64796 1
59920 68173 1
59920 73284 1
59920 76441 1
59920 88499 1
59920 121044 1
60665 32455 1
60665 37439 1
60665 54050 1
60665 65763 1
60665 71838 1
60665 74917 1
60665 76441 1
60665 76887 1
60665 77476 1
63579 50289 1
63579 55082 1
63579 59920 1
63579 63587 1
63579 64796 1
63579 69608 1
63579 73284 1
63579 76229 1
63579 76441 1
63579 85443 1
63579 121044 1
63587 50289 1
63587 55082 1
63587 59920 1
63587 63579 1
63587 64796 1
63587 73284 1
63587 76441 1
63587 121044 1
64796 50289 1
64796 55082 1
64796 59920 1
64796 63579 1
64796 63587 1
64796 73284 1
64796 76441 1
64796 121044 1
65110 71508 1
65110 76389 1
65110 76441 1
67705 30520 1
67705 45347 1
67705 47107 1
67705 69981 1
67705 73763 1
67705 76441 1
67705 88141 1
68272 45347 1
68272 68274 1
68272 76441 1
68380 60661 1
68380 68731 1
68380 71961 1
68380 75888 1
68380 76441 1
68380 125470 1
68731 50290 1
68731 68380 1
68731 74530 1
68731 76441 1
69981 30520 1
69981 45347 1
69981 47107 1
69981 67705 1
69981 73763 1
69981 76441 1
69981 88141 1
71303 50289 1
71303 58775 1
71303 62494 1
71303 76441 1
71303 79357 1
71303 85949 1
71303 95822 1
71508 65110 1
71508 71507 1
71508 76389 1
71508 76441 1
71838 37439 1
71838 54050 1
71838 60665 1
71838 74917 1
71838 76441 1
71838 76887 1
71838 77476 1
73763 30520 1
73763 45347 1
73763 47107 1
73763 67705 1
73763 69981 1
73763 73476 1
73763 76441 1
73763 88141 1
74917 37439 1
74917 49571 1
74917 54050 1
74917 55316 1
74917 57027 1
74917 57239 1
74917 60665 1
74917 62572 2
74917 71838 1
74917 73683 1
74917 74852 1
74917 75727 1
74917 76441 1
74917 76887 1
74917 77476 1
74917 79660 1
74917 86530 1
74917 86707 1
74917 89408 1
74917 90005 1
74917 123447 1
75888 51293 1
75888 68380 1
75888 76441 1
75888 76540 1
75888 78737 1
75888 80844 1
75888 85686 1
75888 90005 1
75888 98791 1
75888 104271 1
76389 65110 1
76389 71508 1
76389 76441 1
76389 81678 2
76887 37439 1
76887 54050 1
76887 60665 1
76887 71838 1
76887 72061 1
76887 73667 1
76887 74917 1
76887 76441 1
76887 77476 1
77476 37439 1
77476 54050 1
77476 60665 1
77476 71838 1
77476 74917 1
77476 76441 1
77476 76887 1
77476 113828 1
78737 75888 1
78737 76441 1
78737 85686 1
78737 92786 1
78737 104271 1
81749 28168 1
81749 52546 1
81749 53658 1
81749 76441 1
85686 69984 1
85686 72847 1
85686 73351 1
85686 74919 1
85686 75888 1
85686 76441 1
85686 78737 1
85686 104271 1
88141 30520 1
88141 45347 1
88141 47107 1
88141 67705 1
88141 69981 1
88141 73763 1
88141 76441 1
104271 42701 1
104271 54050 1
104271 75888 1
104271 76441 1
104271 78737 1
104271 85686 1
104271 89117 1
104271 99664 1
104271 110276 1
104271 111175 1
104271 111179 1
104271 117429 1
104271 117722 1
108834 76441 1
108834 93141 1
108834 108830 1
108834 108833 1
108834 108835 1
121044 50289 1
121044 55082 1
121044 55791 1
121044 59920 1
121044 63579 1
121044 63587 1
121044 63590 1
121044 64796 1
121044 73284 1
121044 74919 1
121044 76441 1
3493 44092 1
3493 56939 1
3493 61624 1
3493 68429 1
3493 71206 1
3493 74527 1
3493 77829 1
3493 78729 1
3493 78761 1
3493 78992 1
3493 82025 1
3493 83609 1
3493 94612 1
42701 45291 1
42701 51293 1
42701 54050 1
42701 74852 1
42701 75551 1
42701 75584 1
42701 77829 1
42701 85745 1
42701 91246 1
42701 104271 1
42701 106562 1
42701 108830 1
42701 117722 1
42701 118678 1
42701 125594 1
44092 3493 1
44092 56939 1
44092 61624 1
44092 68429 1
44092 71206 1
44092 71316 1
44092 74527 1
44092 77829 1
44092 78729 1
44092 78761 1
44092 78992 1
44092 82025 1
44092 83609 1
44092 94612 1
45291 42701 1
45291 51293 1
45291 73683 1
45291 74852 1
45291 75551 1
45291 75584 1
45291 77829 1
45291 85745 1
45291 90005 1
45291 91246 1
45291 106562 1
45291 108830 1
45291 118678 1
45291 125594 1
49512 77829 1
51293 42701 1
51293 45291 1
51293 55791 1
51293 74852 1
51293 75551 1
51293 75584 1
51293 75888 1
51293 77829 1
51293 85745 1
51293 90005 1
51293 91246 1
51293 106562 1
51293 108830 1
51293 118678 1
51293 125594 1
51900 59928 1
51900 65360 1
51900 65526 1
51900 69855 1
51900 74332 1
51900 75727 1
51900 77829 1
51900 88498 1
51900 88499 1
51900 89792 1
51900 96920 1
51900 125184 1
56939 3493 1
56939 22268 1
56939 44092 1
56939 58078 1
56939 61624 1
56939 63137 1
56939 64777 1
56939 68429 1
56939 71206 2
56939 74527 1
56939 77829 1
56939 78729 1
56939 78761 1
56939 78992 1
56939 80088 1
56939 82025 1
56939 83609 1
56939 94612 1
59928 50257 1
59928 50290 1
59928 51900 1
59928 55791 1
59928 65360 1
59928 65526 1
59928 65692 1
59928 69855 1
59928 74332 1
59928 74852 1
59928 75727 1
59928 77829 1
59928 88498 1
59928 88499 1
59928 89792 1
59928 96920 1
59928 125184 1
61624 3493 1
61624 36652 1
61624 41799 1
61624 44092 1
61624 46546 1
61624 56939 1
61624 61622 1
61624 61628 1
61624 65529 1
61624 68429 1
61624 71206 1
61624 74527 1
61624 77829 1
61624 78729 1
61624 78761 1
61624 78992 1
61624 82025 1
61624 83609 1
61624 94612 1
65360 51900 1
65360 59928 1
65360 65526 1
65360 69855 1
65360 74332 1
65360 75727 1
65360 77829 1
65360 88498 1
65360 88499 1
65360 89792 1
65360 96920 1
65360 125184 1
65526 51900 1
65526 59928 1
65526 65360 1
65526 69855 1
65526 74332 1
65526 75727 1
65526 77829 1
65526 88498 1
65526 88499 1
65526 89792 1
65526 96920 1
65526 125184 1
68429 3493 1
68429 44092 1
68429 53961 1
68429 56939 1
68429 61624 1
68429 71206 1
68429 74527 1
68429 77829 1
68429 78729 1
68429 78761 1
68429 78992 1
68429 80303 1
68429 82025 2
68429 83609 1
68429 94612 2
68429 101049 1
69855 51900 1
69855 59928 1
69855 65360 1
69855 65526 1
69855 74332 1
69855 75727 1
69855 77829 1
69855 88498 1
69855 88499 1
69855 89792 1
69855 96920 1
69855 125184 1
71037 75384 1
71037 77829 1
71206 3493 1
71206 44092 1
71206 56939 2
71206 58078 1
71206 61624 1
71206 63137 1
71206 66986 1
71206 68429 1
71206 74527 1
71206 77829 1
71206 78729 1
71206 78761 1
71206 78992 1
71206 82025 1
71206 83609 1
71206 94612 1
74054 77829 1
74054 79660 1
74054 94917 1
74332 51900 1
74332 59928 1
74332 65360 1
74332 65526 1
74332 69855 1
74332 75727 1
74332 77829 1
74332 85688 1
74332 88498 1
74332 88499 1
74332 89792 1
74332 96920 1
74332 125184 1
74527 3493 1
74527 44092 1
74527 56939 1
74527 61624 1
74527 68429 1
74527 71206 1
74527 77829 1
74527 78729 1
74527 78761 1
74527 78992 1
74527 82025 1
74527 83609 1
74527 94612 1
74852 42701 1
74852 45291 1
74852 49571 1
74852 51293 1
74852 51896 1
74852 59928 1
74852 74917 1
74852 75551 1
74852 75584 1
74852 75727 1
74852 75795 1
74852 77829 1
74852 80902 1
74852 82116 1
74852 85745 1
74852 89408 1
74852 91246 1
74852 95822 1
74852 106562 1
74852 108830 1
74852 118678 1
74852 125594 1
75384 56542 1
75384 71037 1
75384 75385 1
75384 75386 1
75384 75387 1
75384 75871 1
75384 77829 1
75551 42701 1
75551 45291 1
75551 51293 1
75551 51574 1
75551 74852 1
75551 75584 1
75551 77829 1
75551 81689 1
75551 85745 1
75551 91246 1
75551 99944 1
75551 106562 1
75551 108830 1
75551 118678 1
75551 125594 1
75551 127246 1
75584 42701 1
75584 45291 1
75584 51293 1
75584 74852 1
75584 75551 1
75584 77829 1
75584 84081 1
75584 85745 1
75584 91246 1
75584 96017 1
75584 106562 1
75584 108830 1
75584 118678 1
75584 125594 1
78729 3493 1
78729 44092 1
78729 56939 1
78729 61624 1
78729 68429 1
78729 71206 1
78729 74527 1
78729 77829 1
78729 78761 1
78729 78992 1
78729 82025 1
78729 83609 1
78729 92541 1
78729 94612 1
78729 121787 1
78761 3493 1
78761 44092 1
78761 56939 1
78761 61624 1
78761 68429 1
78761 71206 1
78761 74527 1
78761 77829 1
78761 78729 1
78761 78992 1
78761 82025 1
78761 83609 1
78761 94612 1
78992 3493 1
78992 44092 1
78992 56939 1
78992 61624 1
78992 68429 1
78992 71206 1
78992 74527 1
78992 77829 1
78992 78729 1
78992 78761 1
78992 82025 1
78992 83609 1
78992 94612 1
82025 3493 1
82025 44092 1
82025 45460 1
82025 46562 1
82025 56939 1
82025 61624 1
82025 65918 1
82025 68429 2
82025 70265 1
82025 71206 1
82025 74527 1
82025 77829 1
82025 78729 1
82025 78761 1
82025 78992 1
82025 81005 1
82025 83609 1
82025 94612 1
83609 3493 1
83609 44092 1
83609 56939 1
83609 61624 1
83609 68429 1
83609 71206 1
83609 74527 1
83609 77829 1
83609 78729 1
83609 78761 1
83609 78992 1
83609 82025 1
83609 89614 1
83609 94612 1
85745 42701 1
85745 45291 1
85745 51293 1
85745 72608 1
85745 74852 1
85745 75551 1
85745 75584 1
85745 77829 1
85745 91246 1
85745 106562 1
85745 108830 1
85745 118678 1
85745 125594 2
88498 51900 1
88498 59928 1
88498 65360 1
88498 65526 1
88498 69855 1
88498 74332 1
88498 75727 1
88498 77829 1
88498 88499 1
88498 89792 1
88498 96920 1
88498 125184 1
88499 51900 1
88499 59920 1
88499 59928 1
88499 65360 1
88499 65526 1
88499 69855 1
88499 74332 1
88499 75727 1
88499 77829 1
88499 86530 1
88499 88498 1
88499 89792 1
88499 96920 1
88499 97791 1
88499 111961 1
88499 125184 1
89554 77829 1
89792 51900 1
89792 59928 1
89792 65360 1
89792 65526 1
89792 68826 1
89792 69855 1
89792 74332 1
89792 75727 1
89792 77829 1
89792 88498 1
89792 88499 1
89792 92469 1
89792 96920 1
89792 125184 1
91246 42701 1
91246 45291 1
91246 51293 1
91246 74852 1
91246 75551 1
91246 75584 1
91246 77829 1
91246 85745 1
91246 106562 1
91246 108830 1
91246 118678 1
91246 125594 1
94612 3493 1
94612 44092 1
94612 56939 1
94612 61624 1
94612 68429 2
94612 71206 1
94612 74527 1
94612 77829 1
94612 78729 1
94612 78761 1
94612 78992 1
94612 82025 1
94612 83609 1
94612 86525 1
96920 32455 1
96920 51900 1
96920 59928 1
96920 65360 1
96920 65526 1
96920 69855 1
96920 74332 1
96920 75727 1
96920 77829 1
96920 88498 1
96920 88499 1
96920 89792 1
96920 125184 1
106562 42701 1
106562 45291 1
106562 51293 1
106562 59862 1
106562 74852 1
106562 75551 1
106562 75584 1
106562 77829 1
106562 85745 1
106562 91246 1
106562 99219 1
106562 108830 1
106562 118678 1
106562 125594 1
108830 32455 7
108830 42701 1
108830 45291 1
108830 45901 1
108830 51293 1
108830 54050 1
108830 74852 1
108830 75551 1
108830 75584 1
108830 76224 2
108830 77829 1
108830 78741 1
108830 78904 1
108830 85745 1
108830 89367 1
108830 91246 1
108830 95346 1
108830 97046 4
108830 97694 3
108830 99664 1
108830 103558 2
108830 106384 1
108830 106562 1
108830 108833 1
108830 108834 1
108830 108835 1
108830 110320 2
108830 112932 2
108830 112933 4
108830 117137 1
108830 118678 1
108830 124941 1
108830 125594 1
118678 42701 1
118678 42755 1
118678 45291 1
118678 51293 1
118678 57028 1
118678 74852 1
118678 75551 1
118678 75584 1
118678 77829 1
118678 83331 1
118678 85745 1
118678 89367 1
118678 91246 1
118678 106562 1
118678 108830 1
118678 116488 1
118678 125594 1
125184 51900 1
125184 59928 1
125184 65360 1
125184 65526 1
125184 69855 1
125184 74332 1
125184 75727 1
125184 77829 1
125184 88498 1
125184 88499 1
125184 89792 1
125184 96920 1
125184 125183 1
50290 55300 1
50290 55791 1
50290 59928 1
50290 63149 1
50290 66924 1
50290 68731 1
50290 69118 1
50290 69583 1
50290 69984 1
50290 75861 1
50290 77816 1
50290 81383 1
50290 83329 1
50290 83483 1
50290 85949 1
50290 86338 1
50290 86645 1
50290 89408 1
50290 95717 1
50290 106384 1
50290 109548 1
63149 50290 1
63149 69118 1
63149 69583 1
63149 69984 1
63149 75861 1
63149 77816 1
63149 83329 1
63149 83483 1
63149 85949 1
63149 86338 1
63149 89408 1
63149 93138 1
63149 95717 1
63149 96316 1
63149 97361 1
63149 98791 1
63149 99646 1
63149 106384 1
63149 109548 1
69118 50290 1
69118 63149 1
69118 69583 1
69118 69984 1
69118 75861 1
69118 77816 1
69118 83329 1
69118 83483 1
69118 85949 1
69118 86338 1
69118 89408 1
69118 95717 1
69118 106384 1
69118 109548 1
69583 50290 1
69583 63149 1
69583 69118 1
69583 69984 1
69583 75861 1
69583 77816 1
69583 83329 1
69583 83483 1
69583 85949 1
69583 86338 1
69583 89408 1
69583 95717 1
69583 106384 1
69583 109548 1
69984 50290 1
69984 63149 1
69984 69118 1
69984 69583 1
69984 74919 1
69984 75861 1
69984 77816 1
69984 83329 1
69984 83483 1
69984 85686 1
69984 85949 1
69984 86338 1
69984 89408 1
69984 95717 1
69984 106384 1
69984 109548 1
75855 83329 1
75855 99499 1
75855 99510 1
75855 99646 2
75855 99647 1
75855 106345 1
75855 117198 1
75855 124941 1
75861 50270 1
75861 50290 1
75861 54050 1
75861 63149 1
75861 64359 1
75861 65692 1
75861 69118 1
75861 69583 1
75861 69984 1
75861 73284 1
75861 77816 1
75861 83329 1
75861 83483 1
75861 85949 1
75861 86338 1
75861 89408 1
75861 95717 1
75861 97694 1
75861 97791 1
75861 106384 1
75861 107152 1
75861 107649 1
75861 109548 1
77816 50290 1
77816 63149 1
77816 69118 1
77816 69583 1
77816 69984 1
77816 75861 1
77816 83329 1
77816 83483 1
77816 83831 1
77816 85949 1
77816 86338 1
77816 89408 1
77816 95717 1
77816 106384 1
77816 109548 1
83483 50290 1
83483 63149 1
83483 69118 1
83483 69583 1
83483 69984 1
83483 75861 1
83483 77816 1
83483 83329 1
83483 85949 1
83483 86338 1
83483 89408 1
83483 95717 1
83483 106384 1
83483 109548 1
85949 50290 1
85949 63149 1
85949 69118 1
85949 69583 1
85949 69984 1
85949 71303 1
85949 75861 1
85949 77816 1
85949 83329 1
85949 83483 1
85949 86338 1
85949 89408 1
85949 95717 1
85949 106384 1
85949 109548 1
86338 50290 1
86338 63149 1
86338 69118 1
86338 69583 1
86338 69984 1
86338 75861 1
86338 77816 1
86338 83329 1
86338 83483 1
86338 85949 1
86338 89408 1
86338 95717 1
86338 106384 1
86338 109548 1
88506 83329 1
88506 108833 2
89408 49571 1
89408 50290 1
89408 63149 1
89408 69118 1
89408 69583 1
89408 69984 1
89408 74852 1
89408 74917 1
89408 75861 1
89408 77816 1
89408 83329 1
89408 83483 1
89408 85949 1
89408 86338 1
89408 86707 1
89408 95717 1
89408 106384 1
89408 109548 1
89408 111566 1
95717 50290 1
95717 63149 1
95717 69118 1
95717 69583 1
95717 69984 1
95717 75861 1
95717 77816 1
95717 83329 1
95717 83483 1
95717 85949 1
95717 86338 1
95717 89408 1
95717 106384 1
95717 109548 1
95822 51896 1
95822 71303 1
95822 74852 1
95822 79357 1
95822 83329 1
95822 105009 1
95822 105727 1
95822 108255 1
95822 108257 1
95822 108258 1
95822 108968 1
95822 114800 1
97438 59921 1
97438 80369 1
97438 83329 1
97438 97439 1
99499 75727 1
99499 75855 1
99499 83329 1
99499 99646 1
99499 99647 1
99499 106345 1
99499 112195 1
99499 124941 1
99646 63149 1
99646 75855 2
99646 83329 1
99646 93138 1
99646 96316 1
99646 99499 1
99646 99647 1
99646 106345 1
99646 124941 1
99647 75855 1
99647 83329 1
99647 99499 1
99647 99646 1
99647 106345 1
99647 124941 1
100536 83329 1
100536 97071 1
105727 83329 1
105727 95822 1
105727 108255 1
105727 108257 1
105727 108258 1
105727 108968 1
105727 114800 1
106345 75855 1
106345 83329 1
106345 99499 1
106345 99646 1
106345 99647 1
106345 112932 1
106345 124941 1
106345 127085 1
106384 48872 1
106384 50290 1
106384 63149 1
106384 69118 1
106384 69583 1
106384 69984 1
106384 75861 1
106384 77816 1
106384 78904 1
106384 83329 1
106384 83483 1
106384 83927 1
106384 85949 1
106384 86338 1
106384 89408 1
106384 95346 3
106384 95717 1
106384 97694 2
106384 97698 1
106384 106385 1
106384 108830 1
106384 109548 1
107369 83329 1
107369 112933 1
107369 125338 1
108255 54050 1
108255 83329 1
108255 95822 1
108255 105727 1
108255 108257 1
108255 108258 1
108255 108968 1
108255 114800 1
108255 117493 1
108257 83329 1
108257 95822 1
108257 105727 1
108257 108255 1
108257 108258 1
108257 108968 2
108257 114800 1
108258 83329 1
108258 95822 1
108258 105727 1
108258 108255 1
108258 108257 1
108258 108968 1
108258 114800 1
108833 83329 1
108833 88506 2
108833 108830 1
108833 108834 1
108833 108835 1
108968 83329 1
108968 95822 1
108968 105727 1
108968 108255 1
108968 108257 2
108968 108258 1
108968 114800 1
109548 50290 1
109548 63149 1
109548 69118 1
109548 69583 1
109548 69984 1
109548 75861 1
109548 77816 1
109548 83329 1
109548 83483 1
109548 85949 1
109548 86338 1
109548 89408 1
109548 93144 1
109548 93145 1
109548 95717 1
109548 97698 1
109548 98018 1
109548 106384 1
109548 106385 1
109548 108374 1
109548 108835 1
109548 109549 1
109548 109550 1
109548 109753 1
109548 110320 1
109548 112932 1
109548 117757 1
109548 123626 1
109548 125506 1
112932 32455 2
112932 76224 1
112932 83329 1
112932 93144 1
112932 93145 1
112932 95581 1
112932 97046 1
112932 97694 2
112932 98018 1
112932 103558 2
112932 106345 1
112932 106385 1
112932 108374 1
112932 108830 2
112932 108835 1
112932 109109 1
112932 109548 1
112932 109550 1
112932 109753 1
112932 110320 2
112932 112195 1
112932 112933 3
112932 116488 1
112932 123626 1
112932 125506 1
112933 32455 5
112933 76224 3
112933 83329 1
112933 97046 2
112933 97694 2
112933 103558 2
112933 106385 1
112933 107369 1
112933 107649 1
112933 108830 4
112933 110320 1
112933 112932 3
112933 122712 1
112933 125338 1
114800 83329 1
114800 95822 1
114800 105727 1
114800 108255 1
114800 108257 1
114800 108258 1
114800 108968 1
124941 75855 1
124941 83329 1
124941 99499 1
124941 99646 1
124941 99647 1
124941 106345 1
124941 108830 1
124941 112822 1
125338 54050 1
125338 83329 1
125338 88511 1
125338 107369 1
125338 112933 1
125338 117757 1
125338 119113 1
125338 125339 1
125338 125884 1
32455 60665 1
32455 76224 4
32455 89367 1
32455 93145 1
32455 95581 1
32455 96920 1
32455 97046 6
32455 97694 3
32455 99664 1
32455 100541 1
32455 103558 3
32455 104220 1
32455 108830 7
32455 110320 2
32455 112932 2
32455 112933 5
37432 80369 1
37432 93145 1
37432 93146 1
37432 105984 1
37432 111566 1
42755 54050 1
42755 83331 1
42755 93145 1
42755 97698 1
42755 99664 1
42755 102543 1
42755 103560 1
42755 116198 1
42755 117137 1
42755 117722 1
42755 117938 1
42755 118678 1
59564 93145 1
59564 124595 1
74339 75727 1
74339 93145 1
74339 120030 1
76224 32455 4
76224 86525 1
76224 93145 1
76224 95581 1
76224 97046 2
76224 97694 2
76224 99664 1
76224 100541 1
76224 103558 1
76224 106385 1
76224 107152 1
76224 108830 2
76224 110320 1
76224 112932 1
76224 112933 3
80369 37432 1
80369 93145 1
80369 93146 1
80369 97438 1
80369 98418 1
80369 105984 1
80369 111566 1
80843 59654 1
80843 80844 1
80843 93144 1
80843 93145 1
80843 94917 1
80843 95581 1
80843 96316 1
80843 99130 1
80843 99663 1
80843 104220 1
80843 113828 6
80843 117198 1
83331 42755 1
83331 75727 1
83331 93141 1
83331 93145 1
83331 94027 1
83331 96553 1
83331 97439 2
83331 113270 1
83331 118678 1
83331 127085 1
85605 93145 1
85605 106400 1
93141 70357 1
93141 77781 1
93141 83331 1
93141 83412 1
93141 93145 2
93141 97364 1
93141 97439 1
93141 97791 2
93141 99663 1
93141 103553 1
93141 103556 1
93141 103557 1
93141 103558 1
93141 103559 1
93141 103560 1
93141 103561 1
93141 108834 1
93141 109312 1
93141 117722 1
93141 117938 1
93144 80843 1
93144 93145 1
93144 98018 1
93144 106385 1
93144 108374 1
93144 108835 1
93144 109548 1
93144 109550 1
93144 109753 1
93144 110320 1
93144 112932 1
93144 123626 1
93144 125506 1
94027 83331 1
94027 93145 1
94027 96553 1
94027 127085 1
95581 32455 1
95581 76224 1
95581 80843 1
95581 93145 1
95581 97046 1
95581 100541 1
95581 109753 1
95581 112932 1
95581 117198 1
96316 63149 1
96316 80843 1
96316 93138 1
96316 93145 1
96316 99646 1
96316 104220 1
96553 83331 1
96553 93145 1
96553 94027 1
96553 117427 1
96553 127085 1
97046 32455 6
97046 55791 1
97046 76224 2
97046 89367 1
97046 93145 1
97046 95581 1
97046 97694 2
97046 100541 1
97046 103558 2
97046 108830 4
97046 110320 2
97046 112932 1
97046 112933 2
97046 123626 1
97046 125594 2
97364 93141 1
97364 93145 1
97364 97791 1
97364 109312 1
97364 117938 1
97694 32455 3
97694 66711 1
97694 75861 1
97694 76224 2
97694 89367 1
97694 93145 1
97694 95346 2
97694 97046 2
97694 98791 1
97694 99664 1
97694 103558 2
97694 106384 2
97694 106385 1
97694 108830 3
97694 110320 2
97694 111566 1
97694 111961 2
97694 112728 1
97694 112932 2
97694 112933 2
97694 113270 1
97694 116198 1
97791 70357 1
97791 75861 1
97791 77781 1
97791 83412 1
97791 86530 1
97791 88499 1
97791 93141 2
97791 93145 1
97791 97364 1
97791 103553 1
97791 103556 2
97791 103557 1
97791 103558 1
97791 103559 1
97791 103560 1
97791 103561 1
97791 109312 1
97791 111961 1
97791 117938 1
98018 93144 1
98018 93145 1
98018 106385 1
98018 108374 1
98018 108835 1
98018 109548 1
98018 109550 1
98018 109753 1
98018 110320 1
98018 112932 1
98018 123626 1
98018 125506 1
99219 59862 1
99219 93145 1
99219 106344 1
99219 106562 1
99664 32455 1
99664 42755 1
99664 76224 1
99664 89367 1
99664 93145 1
99664 93146 1
99664 97361 2
99664 97694 1
99664 99663 1
99664 104271 1
99664 108830 1
99664 116198 1
100541 32455 1
100541 76224 1
100541 93145 1
100541 95581 1
100541 97046 1
104220 32455 1
104220 80843 1
104220 93145 1
104220 96316 1
104220 113270 1
105984 37432 1
105984 50270 1
105984 66715 1
105984 79357 1
105984 80369 1
105984 93138 1
105984 93145 1
105984 93146 1
105984 94916 1
105984 94917 1
105984 94918 1
105984 94919 1
105984 111566 1
106385 76224 1
106385 93144 1
106385 93145 1
106385 95346 2
106385 97694 1
106385 98018 1
106385 106384 1
106385 108374 1
106385 108835 1
106385 109548 1
106385 109550 1
106385 109753 1
106385 110320 1
106385 112932 1
106385 112933 1
106385 117938 1
106385 123626 1
106385 125506 1
106400 85605 1
106400 93145 1
108374 89117 1
108374 93144 1
108374 93145 1
108374 98018 1
108374 103308 1
108374 106385 1
108374 108835 1
108374 109548 1
108374 109550 1
108374 109753 1
108374 110320 1
108374 112932 1
108374 123626 1
108374 125506 1
108835 93144 1
108835 93145 1
108835 98018 1
108835 106385 1
108835 108374 1
108835 108830 1
108835 108833 1
108835 108834 1
108835 109548 1
108835 109550 1
108835 109753 1
108835 110320 1
108835 112932 1
108835 116488 1
108835 123626 1
108835 125506 1
109312 93141 1
109312 93145 1
109312 97364 1
109312 97791 1
109312 117938 1
109550 93144 1
109550 93145 1
109550 98018 1
109550 106385 1
109550 108374 1
109550 108835 1
109550 109548 1
109550 109753 1
109550 110320 1
109550 112932 1
109550 123626 1
109550 125506 1
109753 93144 1
109753 93145 1
109753 95581 1
109753 98018 1
109753 106385 1
109753 108374 1
109753 108835 1
109753 109548 1
109753 109550 1
109753 110320 1
109753 112932 1
109753 123626 1
109753 125506 1
110320 32455 2
110320 76224 1
110320 93144 1
110320 93145 1
110320 97046 2
110320 97694 2
110320 98018 1
110320 103558 1
110320 106385 1
110320 108374 1
110320 108830 2
110320 108835 1
110320 109548 1
110320 109550 1
110320 109753 1
110320 112932 2
110320 112933 1
110320 123626 1
110320 125506 1
110320 125594 1
111566 37432 1
111566 62572 1
111566 65692 1
111566 66924 2
111566 75727 1
111566 80369 1
111566 89117 1
111566 89408 1
111566 90005 1
111566 93145 1
111566 93146 1
111566 97694 1
111566 98791 1
111566 105984 1
111566 107152 1
117137 42755 1
117137 93145 1
117137 108830 1
117198 75855 1
117198 80843 1
117198 89367 1
117198 93145 1
117198 95581 1
117198 99510 1
117198 100870 1
117722 42701 1
117722 42755 1
117722 54050 2
117722 93141 1
117722 93145 1
117722 97439 1
117722 97698 2
117722 99130 1
117722 104271 1
117722 107649 1
117722 111175 1
117722 111179 1
117722 117938 2
117722 122712 2
118658 69608 1
118658 81689 1
118658 93145 1
118658 94012 1
123626 83541 1
123626 93144 1
123626 93145 1
123626 97046 1
123626 98018 1
123626 98484 1
123626 106385 1
123626 108374 1
123626 108835 1
123626 109548 1
123626 109550 1
123626 109753 1
123626 110320 1
123626 112932 1
123626 125506 1
123626 125594 1
124015 93145 1
124595 59564 1
124595 93145 1
125506 93144 1
125506 93145 1
125506 98018 1
125506 106385 1
125506 108374 1
125506 108835 1
125506 109548 1
125506 109550 1
125506 109753 1
125506 110320 1
125506 112932 1
125506 123626 1
127085 83331 1
127085 93145 1
127085 94027 1
127085 96553 1
127085 106345 1
71827 93146 1
83541 93146 1
83541 97786 1
83541 123626 1
88725 85688 1
88725 93146 1
97786 58775 1
97786 59921 1
97786 65692 1
97786 83541 1
97786 93146 1
97786 102543 1
97786 103556 1
111175 89117 1
111175 93146 1
111175 104271 1
111175 107649 1
111175 110276 1
111175 111179 5
111175 116489 1
111175 117722 1
111179 89117 1
111179 93146 1
111179 104271 1
111179 107649 1
111179 110276 1
111179 111175 5
111179 116489 1
111179 117722 1
120030 74339 1
120030 93146 1
50270 37004 1
50270 64359 1
50270 72608 1
50270 73284 1
50270 75861 1
50270 93138 1
50270 94916 1
50270 94917 1
50270 94918 1
50270 94919 1
50270 105984 1
63585 94919 1
74855 55119 1
74855 59921 1
74855 65692 1
74855 69608 1
74855 93614 1
74855 94919 1
74855 123879 1
93138 50270 1
93138 63149 1
93138 94916 1
93138 94917 1
93138 94918 1
93138 94919 1
93138 96316 1
93138 99646 1
93138 105984 1
94916 50270 1
94916 57239 1
94916 93138 1
94916 94917 2
94916 94918 2
94916 94919 1
94916 105984 1
94917 48872 1
94917 50270 1
94917 62572 1
94917 74054 1
94917 80843 1
94917 93138 1
94917 94916 2
94917 94918 2
94917 94919 1
94917 105984 1
94917 122671 1
94918 50270 1
94918 93138 1
94918 94916 2
94918 94917 2
94918 94919 1
94918 105984 1
97083 94919 1
97698 42755 1
97698 94919 1
97698 106384 1
97698 109548 1
97698 111521 1
97698 117722 2
97698 117757 1
97698 117938 1
97698 122712 1
104356 94919 1
104356 116198 1
117757 54050 2
117757 89117 1
117757 94919 1
117757 97698 1
117757 109548 1
117757 117758 1
117757 125338 1
48872 55650 1
48872 80844 1
48872 84727 1
48872 94917 1
48872 102543 1
48872 103560 1
48872 106384 1
70357 77781 1
70357 83412 1
70357 93141 1
70357 97791 1
70357 103553 1
70357 103556 1
70357 103557 1
70357 103558 1
70357 103559 1
70357 103560 1
70357 103561 1
72056 99129 1
72056 103560 1
72056 113270 1
72056 116198 1
72056 116453 1
72056 121462 1
77781 70357 1
77781 83412 1
77781 93141 1
77781 97791 1
77781 103553 1
77781 103556 1
77781 103557 1
77781 103558 1
77781 103559 1
77781 103560 1
77781 103561 1
80844 48872 1
80844 59654 1
80844 75888 1
80844 80843 1
80844 84727 1
80844 88508 1
80844 89117 1
80844 102543 1
80844 103560 1
83412 70357 1
83412 77781 1
83412 93141 1
83412 97791 1
83412 103553 1
83412 103556 1
83412 103557 1
83412 103558 1
83412 103559 1
83412 103560 1
83412 103561 1
83412 114171 1
84727 48872 1
84727 58775 1
84727 79234 1
84727 80844 1
84727 86525 1
84727 99922 1
84727 102543 1
84727 103560 1
99129 72056 1
99129 103560 1
99129 113270 1
99129 116198 1
99129 116453 1
99129 121462 1
102543 42755 1
102543 48872 1
102543 50367 1
102543 57027 1
102543 58775 1
102543 59921 1
102543 65692 1
102543 69124 1
102543 80844 1
102543 84727 1
102543 97786 1
102543 103560 1
102543 105062 1
103553 70357 1
103553 77781 1
103553 83412 1
103553 93141 1
103553 97791 1
103553 103556 1
103553 103557 1
103553 103558 1
103553 103559 1
103553 103560 1
103553 103561 1
103556 70357 1
103556 75727 1
103556 77781 1
103556 83412 1
103556 93141 1
103556 97439 1
103556 97786 1
103556 97791 2
103556 103553 1
103556 103557 1
103556 103558 1
103556 103559 1
103556 103560 1
103556 103561 1
103556 111961 2
103557 70357 1
103557 77781 1
103557 83412 1
103557 93141 1
103557 97791 1
103557 103553 1
103557 103556 1
103557 103558 1
103557 103559 1
103557 103560 1
103557 103561 1
103558 32455 3
103558 70357 1
103558 75727 1
103558 76224 1
103558 77781 1
103558 83412 1
103558 89367 1
103558 93141 1
103558 97046 2
103558 97439 1
103558 97694 2
103558 97791 1
103558 103553 1
103558 103556 1
103558 103557 1
103558 103559 1
103558 103560 1
103558 103561 1
103558 108830 2
103558 110320 1
103558 112932 2
103558 112933 2
103558 116198 1
103558 120054 1
103559 70357 1
103559 77781 1
103559 83412 1
103559 93141 1
103559 97439 1
103559 97791 1
103559 103553 1
103559 103556 1
103559 103557 1
103559 103558 1
103559 103560 1
103559 103561 1
103561 54050 1
103561 70357 1
103561 77781 1
103561 83412 1
103561 92786 1
103561 93141 1
103561 97791 1
103561 99663 1
103561 103553 1
103561 103556 1
103561 103557 1
103561 103558 1
103561 103559 1
103561 103560 1
103561 117938 1
111961 54050 1
111961 86530 1
111961 88499 1
111961 97071 1
111961 97694 2
111961 97791 1
111961 98791 1
111961 103556 2
111961 103560 1
113270 72056 1
113270 75727 1
113270 83331 1
113270 97439 1
113270 97694 1
113270 99129 1
113270 103560 1
113270 104220 1
113270 107649 1
113270 116198 3
113270 116453 2
113270 121462 1
115884 103560 1
116198 30520 1
116198 42755 1
116198 47107 1
116198 72056 1
116198 73476 1
116198 97361 1
116198 97439 1
116198 97694 1
116198 99129 1
116198 99664 1
116198 103558 1
116198 103560 1
116198 104356 1
116198 113270 3
116198 116453 2
116198 121462 1
116453 72056 1
116453 99129 1
116453 103560 1
116453 113270 2
116453 116198 2
116453 121462 1
121462 54050 1
121462 72056 1
121462 89117 1
121462 99129 1
121462 103560 1
121462 113270 1
121462 116198 1
121462 116453 1
58995 45636 1
58995 59009 1
58995 68793 1
58995 68826 1
58995 70379 1
58995 71961 1
58995 72061 1
58995 72847 1
58995 74342 1
58995 76540 1
58995 76812 1
58995 83197 1
58995 84733 1
58995 85443 1
58995 86525 1
58995 86530 1
58995 87942 1
58995 92469 1
58995 105062 1
59009 45636 1
59009 58995 1
59009 68793 1
59009 68826 1
59009 70379 1
59009 71961 1
59009 72061 1
59009 72847 1
59009 74342 1
59009 76540 1
59009 83197 1
59009 84733 1
59009 85443 1
59009 86525 1
59009 86530 1
59009 87942 1
59009 92469 1
59009 105062 1
68793 45347 1
68793 45636 1
68793 48295 1
68793 49571 1
68793 58995 1
68793 59009 1
68793 68794 1
68793 68826 1
68793 70379 1
68793 71961 1
68793 72061 1
68793 72847 1
68793 74342 1
68793 75492 1
68793 76540 1
68793 83197 1
68793 84733 1
68793 85443 1
68793 86525 1
68793 86530 1
68793 87942 1
68793 87999 1
68793 92469 1
68793 105062 1
68826 45636 1
68826 58995 1
68826 59009 1
68826 68793 1
68826 69592 1
68826 70379 1
68826 71961 1
68826 72061 1
68826 72847 1
68826 74342 1
68826 75727 1
68826 76540 1
68826 79234 1
68826 83197 1
68826 84733 1
68826 85443 3
68826 86525 1
68826 86530 1
68826 87942 1
68826 89792 1
68826 92469 1
68826 105062 1
70379 45636 1
70379 58995 1
70379 59009 1
70379 68793 1
70379 68826 1
70379 71961 1
70379 72061 1
70379 72847 1
70379 74342 1
70379 76540 1
70379 83197 1
70379 84733 1
70379 85443 1
70379 86525 1
70379 86530 1
70379 87942 1
70379 92469 1
70379 105062 1
71961 45636 1
71961 58995 1
71961 59009 1
71961 60661 1
71961 68380 1
71961 68793 1
71961 68826 1
71961 70379 1
71961 72061 1
71961 72847 1
71961 74342 1
71961 76540 1
71961 83197 1
71961 84733 1
71961 85443 1
71961 86525 1
71961 86530 1
71961 87942 1
71961 92469 1
71961 105062 1
72061 45636 1
72061 58995 1
72061 59009 1
72061 68793 1
72061 68826 1
72061 70379 1
72061 71961 1
72061 72847 1
72061 73667 1
72061 74342 1
72061 76540 1
72061 76887 1
72061 83197 1
72061 84733 1
72061 85443 1
72061 86525 1
72061 86530 1
72061 87942 1
72061 92469 1
72061 105062 1
72847 45636 1
72847 45901 1
72847 58995 1
72847 59009 1
72847 68274 1
72847 68793 1
72847 68826 1
72847 70379 1
72847 71961 1
72847 72061 1
72847 74342 1
72847 76540 1
72847 83197 1
72847 84733 1
72847 85443 1
72847 85686 1
72847 86525 1
72847 86530 1
72847 87942 1
72847 92469 1
72847 105062 1
74342 45636 1
74342 58995 1
74342 59009 1
74342 68793 1
74342 68826 1
74342 70379 1
74342 71961 1
74342 72061 1
74342 72847 1
74342 76540 1
74342 79234 1
74342 83197 1
74342 84733 1
74342 85443 1
74342 86525 1
74342 86530 1
74342 87942 1
74342 92469 1
74342 105062 1
76540 45636 1
76540 58995 1
76540 59009 1
76540 68793 1
76540 68826 1
76540 70379 1
76540 71961 1
76540 72061 1
76540 72847 1
76540 74342 1
76540 75888 1
76540 83197 1
76540 84733 1
76540 85443 1
76540 86525 1
76540 86530 1
76540 87942 1
76540 92469 1
76540 105062 1
83197 45636 1
83197 58995 1
83197 59009 1
83197 68793 1
83197 68826 1
83197 70379 1
83197 71961 1
83197 72061 1
83197 72847 1
83197 74342 1
83197 76540 1
83197 84733 8
83197 85443 1
83197 86525 1
83197 86530 1
83197 87942 2
83197 92469 1
83197 105062 1
84733 45636 1
84733 58995 1
84733 59009 1
84733 68793 1
84733 68826 1
84733 70379 1
84733 71961 1
84733 72061 1
84733 72837 1
84733 72847 1
84733 74342 1
84733 76540 1
84733 83197 8
84733 85443 1
84733 86525 1
84733 86530 1
84733 87942 2
84733 92469 1
84733 105062 1
85443 45636 1
85443 58995 1
85443 59009 1
85443 59921 1
85443 63579 1
85443 68793 1
85443 68826 3
85443 70379 1
85443 71961 1
85443 72061 1
85443 72847 1
85443 74342 1
85443 76229 1
85443 76540 1
85443 79234 1
85443 83197 1
85443 84733 1
85443 85688 1
85443 86525 1
85443 86530 1
85443 87942 1
85443 92469 1
85443 105062 1
86525 45636 1
86525 58995 1
86525 59009 1
86525 68793 1
86525 68826 1
86525 70379 1
86525 71961 1
86525 72061 1
86525 72847 1
86525 74342 1
86525 76224 1
86525 76540 1
86525 79234 1
86525 83197 1
86525 84727 1
86525 84733 1
86525 85443 1
86525 86530 1
86525 87942 1
86525 92469 1
86525 94612 1
86525 99922 1
86525 105009 1
86525 105062 1
86525 107152 1
86530 45636 1
86530 57239 1
86530 58995 1
86530 59009 1
86530 68793 1
86530 68826 1
86530 70379 1
86530 71961 1
86530 72061 1
86530 72847 1
86530 74342 1
86530 74917 1
86530 76540 1
86530 83197 1
86530 84733 1
86530 85443 1
86530 86525 1
86530 87942 1
86530 88499 1
86530 92469 1
86530 97791 1
86530 105062 1
86530 111961 1
86530 123447 1
87942 45636 1
87942 58995 1
87942 59009 1
87942 68793 1
87942 68826 1
87942 70379 1
87942 71961 1
87942 72061 1
87942 72847 1
87942 74342 1
87942 76540 1
87942 83197 2
87942 84733 2
87942 85443 1
87942 86525 1
87942 86530 1
87942 88177 1
87942 92469 1
87942 94637 1
87942 105062 2
92469 45636 1
92469 58995 1
92469 59009 1
92469 68793 1
92469 68826 1
92469 70379 1
92469 71961 1
92469 72061 1
92469 72847 1
92469 74342 1
92469 76540 1
92469 83197 1
92469 84733 1
92469 85443 1
92469 86525 1
92469 86530 1
92469 87942 1
92469 89792 1
92469 105062 1
105062 45636 1
105062 58995 1
105062 59009 1
105062 68793 1
105062 68826 1
105062 70379 1
105062 71961 1
105062 72061 1
105062 72847 1
105062 74342 1
105062 76540 1
105062 83197 1
105062 84733 1
105062 85443 1
105062 86525 1
105062 86530 1
105062 87942 2
105062 88177 2
105062 92469 1
105062 94637 2
105062 102543 1
57982 55625 1
57982 61748 1
57982 64805 1
57982 70658 1
57982 78888 1
57982 82499 1
57982 108980 1
57982 113828 1
61748 57982 1
61748 60904 1
61748 68388 1
61748 69870 1
61748 70658 1
61748 78888 1
61748 108980 1
61748 113828 1
73351 70658 1
73351 85686 1
73351 109501 1
78888 57982 1
78888 61748 1
78888 70658 1
78888 108980 1
78888 113828 1
81089 70658 1
81089 95986 1
81089 111499 1
95986 70658 1
95986 81089 1
95986 111499 1
108980 57982 1
108980 61748 1
108980 66912 1
108980 70658 1
108980 78888 1
108980 113828 1
109501 70658 1
109501 73351 1
111499 70658 1
111499 81089 1
111499 95986 1
113828 57982 1
113828 61748 1
113828 70658 1
113828 77476 1
113828 78888 1
113828 80843 6
113828 108980 1
38506 32522 1
38506 45335 1
38506 54056 1
38506 57246 1
38506 65391 1
38506 89117 1
45335 32522 1
45335 38506 1
45335 54056 1
45335 57246 1
54056 32522 1
54056 38506 1
54056 45335 1
54056 57246 1
57246 32522 1
57246 38506 1
57246 45335 1
57246 54056 1
74607 31975 1
74607 32522 1
74607 42317 1
48295 30520 1
48295 37004 1
48295 47107 1
48295 68793 1
48295 89117 1
72608 37004 1
72608 50270 1
72608 56865 1
72608 57404 1
72608 57915 1
72608 66310 1
72608 70655 1
72608 78827 1
72608 78902 1
72608 85745 1
72608 125594 1
42294 59862 1
42294 62503 1
42294 72788 1
42294 79626 1
46078 58882 1
46078 62881 1
46078 71311 1
46078 72788 1
58882 42756 1
58882 46078 1
58882 46694 1
58882 49812 1
58882 62333 1
58882 62881 1
58882 71311 1
58882 72788 1
62503 42294 1
62503 72788 1
62503 79626 1
62881 39846 1
62881 45916 1
62881 46078 1
62881 46630 1
62881 55668 1
62881 58882 1
62881 66406 1
62881 66715 1
62881 66857 1
62881 68274 1
62881 68741 1
62881 71265 1
62881 71311 1
62881 72788 1
62881 79357 1
62928 64359 1
62928 72788 1
64359 50270 1
64359 62928 1
64359 72788 1
64359 73284 1
64359 75861 1
71311 46078 1
71311 50367 1
71311 50368 1
71311 58882 1
71311 62881 1
71311 72788 1
79626 42294 1
79626 62503 1
79626 65087 1
79626 72788 1
23008 62931 1
23008 78904 1
23008 82918 1
23008 90551 1
45901 72847 1
45901 78741 1
45901 78904 1
45901 107152 1
45901 108830 1
54116 46630 1
54116 49571 1
54116 62572 1
54116 62573 1
54116 65087 1
54116 68741 1
54116 73284 2
54116 73905 1
54116 78150 1
54116 78151 1
54116 78904 1
62572 54116 1
62572 62573 1
62572 65087 1
62572 73284 1
62572 73905 1
62572 74917 2
62572 78904 1
62572 79660 1
62572 94917 1
62572 111566 1
62572 116489 1
62573 54116 1
62573 62572 1
62573 62880 1
62573 65087 1
62573 73284 1
62573 78790 1
62573 78904 1
62931 23008 1
62931 78904 1
62931 82918 1
62931 90551 1
65087 54116 1
65087 62572 1
65087 62573 1
65087 73284 1
65087 78904 1
65087 79626 1
78741 45901 1
78741 73906 1
78741 78904 1
78741 108830 1
82918 23008 1
82918 62931 1
82918 78904 1
82918 90551 1
83927 74919 1
83927 78904 1
83927 106384 1
90551 23008 1
90551 62931 1
90551 78904 1
90551 82918 1
33097 37736 1
33097 49758 1
33097 53867 1
33097 54613 1
33097 64804 1
33097 64805 1
33097 65035 1
33097 65164 1
33097 66220 1
33097 72795 1
33097 73348 1
49758 33097 1
49758 37736 1
49758 53867 1
49758 54613 1
49758 64804 1
49758 64805 1
49758 65035 1
49758 65164 1
49758 66220 1
49758 72795 1
49758 73348 1
53867 33097 1
53867 37736 1
53867 49758 1
53867 54613 1
53867 55734 1
53867 64804 1
53867 64805 1
53867 65035 1
53867 65164 1
53867 66220 1
53867 72795 1
53867 73348 1
54613 33097 1
54613 37736 1
54613 49758 1
54613 53867 1
54613 64804 1
54613 64805 1
54613 65035 1
54613 65164 1
54613 66220 1
54613 72795 1
54613 73348 1
59654 37736 1
59654 63966 1
59654 80843 1
59654 80844 1
59654 82499 1
64804 33097 1
64804 37736 1
64804 49758 1
64804 53867 1
64804 54409 1
64804 54613 1
64804 64805 1
64804 65035 1
64804 65164 1
64804 66220 1
64804 72795 1
64804 73348 1
64805 33097 1
64805 37736 1
64805 49758 1
64805 53867 1
64805 54613 1
64805 56900 1
64805 57982 1
64805 64804 1
64805 65035 1
64805 65164 1
64805 66220 1
64805 72795 1
64805 73348 1
64805 75795 1
65035 33097 1
65035 37736 1
65035 49758 1
65035 53867 1
65035 54613 1
65035 64804 1
65035 64805 1
65035 65164 1
65035 66220 1
65035 72795 1
65035 73348 1
65164 33097 1
65164 37736 1
65164 49758 1
65164 53867 1
65164 54613 1
65164 64804 1
65164 64805 1
65164 65035 1
65164 66220 1
65164 72795 1
65164 73348 1
66220 33097 1
66220 37736 1
66220 49758 1
66220 53867 1
66220 54613 1
66220 64804 1
66220 64805 1
66220 65035 1
66220 65164 1
66220 72795 1
66220 73348 1
72795 33097 1
72795 37736 1
72795 49758 1
72795 53867 1
72795 54613 1
72795 64804 1
72795 64805 1
72795 65035 1
72795 65164 1
72795 66220 1
72795 73348 1
31975 39178 1
31975 42662 1
31975 74607 1
31975 89367 1
39178 31975 1
39178 42662 1
39178 89367 1
42764 42662 1
42764 66639 1
50618 42662 1
50618 53690 1
50618 59862 1
50618 60580 1
50618 62295 1
50618 71135 1
50618 72800 1
50618 73796 1
50618 74072 1
53690 42662 1
53690 50618 1
53690 59862 1
53690 60580 1
53690 62295 1
53690 71135 1
53690 72800 1
53690 73796 1
53690 74072 1
59862 42294 1
59862 42662 1
59862 50618 1
59862 53690 1
59862 60580 1
59862 62295 1
59862 71135 2
59862 72800 1
59862 73796 1
59862 74072 1
59862 99219 1
59862 106562 1
60580 42662 1
60580 50618 1
60580 53690 1
60580 59862 1
60580 62295 1
60580 71135 1
60580 72800 1
60580 73796 1
60580 74072 1
62295 42662 1
62295 50618 1
62295 53690 1
62295 59862 1
62295 60580 1
62295 71135 1
62295 72800 1
62295 73796 1
62295 74072 1
62295 74445 1
63688 42662 1
63688 73905 1
63688 73906 1
63688 75390 1
63688 76313 1
66639 42662 1
66639 42764 1
71135 42662 1
71135 50618 1
71135 53690 1
71135 59862 2
71135 60580 1
71135 62295 1
71135 72800 1
71135 73796 1
71135 74072 1
72800 42662 1
72800 50618 1
72800 53690 1
72800 59862 1
72800 60580 1
72800 62295 1
72800 71135 1
72800 73796 1
72800 74072 1
73796 42662 1
73796 50618 1
73796 53690 1
73796 59862 1
73796 60580 1
73796 62295 1
73796 71135 1
73796 72800 1
73796 74072 1
74072 42662 1
74072 50618 1
74072 53690 1
74072 59862 1
74072 60580 1
74072 62295 1
74072 71135 1
74072 72800 1
74072 73796 1
75390 42662 1
75390 63688 1
75390 76313 1
76313 42662 1
76313 63688 1
76313 75390 1
89367 31975 1
89367 32455 1
89367 39178 1
89367 42662 1
89367 97046 1
89367 97694 1
89367 99664 1
89367 103558 1
89367 108830 1
89367 117198 1
89367 118678 1
39846 45916 1
39846 46630 1
39846 55668 1
39846 61985 1
39846 62881 1
39846 66715 1
39846 66857 1
39846 68274 1
39846 68741 1
39846 71265 1
39846 79357 1
41827 45916 1
41827 72782 1
41827 74336 1
41827 80368 1
41827 80902 1
41827 99510 1
46630 39846 1
46630 43442 1
46630 45916 1
46630 46620 1
46630 53543 1
46630 54116 1
46630 55316 1
46630 55668 1
46630 58775 1
46630 60661 1
46630 62881 1
46630 66406 1
46630 66715 1
46630 66857 2
46630 68274 1
46630 68741 1
46630 71265 1
46630 79357 1
46630 86645 1
49571 45347 1
49571 45916 2
49571 50257 1
49571 54116 1
49571 57239 1
49571 57418 1
49571 60010 1
49571 60720 1
49571 66924 1
49571 68741 1
49571 68793 1
49571 68794 1
49571 73898 1
49571 73905 1
49571 74852 1
49571 74917 1
49571 75492 1
49571 87999 1
49571 89408 1
49571 90005 1
49571 90810 1
49571 123447 1
50257 34105 1
50257 34106 1
50257 45916 1
50257 49571 1
50257 57239 1
50257 57418 1
50257 59928 1
50257 60010 1
50257 60720 1
50257 66924 1
50257 73898 1
50257 73905 1
50257 90005 1
50257 90810 1
50257 123447 1
55668 39846 1
55668 45916 1
55668 46630 1
55668 62881 1
55668 66715 1
55668 66857 1
55668 68274 1
55668 68741 1
55668 71265 1
55668 79357 1
57239 45916 1
57239 49571 1
57239 50257 1
57239 57418 1
57239 58775 1
57239 60010 1
57239 60720 1
57239 66924 1
57239 73898 1
57239 73905 1
57239 74917 1
57239 86530 1
57239 90005 1
57239 90810 1
57239 94916 1
57239 123447 2
57418 45916 1
57418 49571 1
57418 50257 1
57418 56695 1
57418 57239 1
57418 60010 1
57418 60720 1
57418 62920 1
57418 66924 1
57418 73898 1
57418 73905 1
57418 75871 1
57418 90005 1
57418 90810 1
57418 123447 1
60010 45916 1
60010 49571 1
60010 50257 1
60010 57239 1
60010 57418 1
60010 60720 1
60010 66924 1
60010 73898 1
60010 73905 1
60010 90005 1
60010 90810 1
60010 123447 1
60720 45916 1
60720 49571 1
60720 50257 1
60720 57239 1
60720 57418 1
60720 60010 1
60720 66924 1
60720 73898 1
60720 73905 1
60720 90005 1
60720 90810 1
60720 123447 1
62569 45916 1
62569 82116 1
66715 39846 1
66715 45916 1
66715 46630 1
66715 55668 1
66715 62881 1
66715 66857 1
66715 68274 1
66715 68741 1
66715 71265 1
66715 79357 2
66715 105984 1
66857 39846 1
66857 45916 1
66857 46630 2
66857 55668 1
66857 62881 1
66857 66406 1
66857 66715 1
66857 68274 1
66857 68741 1
66857 71265 1
66857 79357 1
66924 45916 1
66924 49571 1
66924 50257 1
66924 50290 1
66924 57239 1
66924 57418 1
66924 60010 1
66924 60720 1
66924 65692 1
66924 73898 1
66924 73905 1
66924 86645 1
66924 90005 2
66924 90810 1
66924 111566 2
66924 123447 1
68274 39846 1
68274 45347 1
68274 45916 1
68274 46630 1
68274 55668 1
68274 62881 1
68274 66715 1
68274 66857 1
68274 68272 1
68274 68741 1
68274 71265 1
68274 72847 1
68274 79357 1
68741 39846 1
68741 45916 1
68741 46630 1
68741 49571 1
68741 54116 1
68741 55668 1
68741 62567 1
68741 62881 1
68741 66715 1
68741 66857 1
68741 68274 1
68741 71265 1
68741 79357 1
71265 39846 1
71265 45916 1
71265 46630 1
71265 55668 1
71265 62881 1
71265 66715 1
71265 66857 1
71265 68274 1
71265 68741 1
71265 79357 1
72782 41827 1
72782 45916 1
72782 74336 1
72782 80368 1
72782 80902 1
72782 99510 1
73683 45291 1
73683 45916 1
73683 55316 1
73683 60661 1
73683 72837 1
73683 73905 1
73683 74917 1
73683 78827 1
73683 90005 1
73683 99944 1
73898 45916 1
73898 49571 1
73898 50257 1
73898 55300 1
73898 57239 1
73898 57418 1
73898 60010 1
73898 60720 1
73898 66924 1
73898 73905 1
73898 90005 1
73898 90810 1
73898 123447 1
73905 45916 1
73905 49571 1
73905 50257 1
73905 54116 1
73905 57239 1
73905 57418 1
73905 60010 1
73905 60661 1
73905 60720 1
73905 62572 1
73905 63688 1
73905 65790 1
73905 66924 1
73905 72837 1
73905 73683 1
73905 73898 1
73905 73906 1
73905 90005 1
73905 90810 1
73905 123447 1
74336 41827 1
74336 45916 1
74336 72782 1
74336 80368 1
74336 80902 1
74336 99510 1
77129 45916 1
77129 80421 1
79357 39846 1
79357 45916 1
79357 46630 1
79357 50367 1
79357 55668 1
79357 62881 1
79357 66715 2
79357 66857 1
79357 68274 1
79357 68741 1
79357 71265 1
79357 71303 1
79357 72599 1
79357 75787 1
79357 95822 1
79357 105984 1
80368 41827 1
80368 45916 1
80368 72782 1
80368 74336 1
80368 80902 1
80368 99510 1
80421 45916 1
80421 77129 1
80902 41827 1
80902 45916 1
80902 72782 1
80902 74336 1
80902 74852 1
80902 80368 1
80902 99510 1
82116 45916 1
82116 62569 1
82116 74852 1
84722 45916 1
85493 45916 1
85493 85492 1
90005 45291 1
90005 45916 1
90005 49571 1
90005 50257 1
90005 51293 1
90005 57239 1
90005 57418 1
90005 58775 1
90005 60010 1
90005 60720 1
90005 66924 2
90005 73683 1
90005 73898 1
90005 73905 1
90005 74917 1
90005 75888 1
90005 82499 1
90005 90810 1
90005 111566 1
90005 123447 1
90810 45916 1
90810 49571 1
90810 50257 1
90810 57239 1
90810 57418 1
90810 60010 1
90810 60720 1
90810 66924 1
90810 73898 1
90810 73905 1
90810 90005 1
90810 107152 1
90810 123447 1
99510 33801 1
99510 41827 1
99510 45916 1
99510 72782 1
99510 74336 1
99510 75855 1
99510 80368 1
99510 80902 1
99510 117198 1
99944 45916 1
99944 73683 1
99944 75551 1
123447 45916 1
123447 49571 1
123447 50257 1
123447 57239 2
123447 57418 1
123447 60010 1
123447 60720 1
123447 66924 1
123447 73898 1
123447 73905 1
123447 74917 1
123447 86530 1
123447 90005 1
123447 90810 1
65582 57330 1
56865 57404 1
56865 57915 1
56865 66310 1
56865 70655 1
56865 72608 1
56865 78827 1
56865 78902 1
57404 56865 1
57404 57915 1
57404 66310 1
57404 70655 1
57404 72608 1
57404 78827 1
57404 78902 1
57404 81957 1
61255 57915 1
62494 57915 1
62494 62507 1
62494 71131 1
62494 71303 1
62494 79110 1
62507 57915 1
62507 62494 1
62507 71131 1
62507 79110 1
66310 56865 1
66310 57404 1
66310 57915 1
66310 70655 1
66310 72608 1
66310 78827 1
66310 78902 1
70655 56865 1
70655 57404 1
70655 57915 1
70655 66310 1
70655 72608 1
70655 78827 1
70655 78902 1
70655 98791 1
71131 57915 1
71131 62494 1
71131 62507 1
71131 79110 1
78827 56865 1
78827 57404 1
78827 57915 1
78827 66310 1
78827 70655 1
78827 72608 1
78827 72837 1
78827 73683 1
78827 78902 1
78902 56865 1
78902 57404 1
78902 57915 1
78902 66310 1
78902 70655 1
78902 72608 1
78902 78827 1
79110 57915 1
79110 62494 1
79110 62507 1
79110 71131 1
79110 81087 1
36947 58038 1
36947 62533 1
36947 66402 1
36947 66403 1
36947 66404 1
36947 66405 1
36947 66406 1
36947 66407 1
36947 69608 1
36947 108266 1
36947 112822 1
50661 58038 1
50661 65771 1
62533 36947 1
62533 58038 1
62533 66402 1
62533 66403 1
62533 66404 1
62533 66405 1
62533 66406 1
62533 66407 1
62533 108266 1
62533 112822 1
65771 50661 1
65771 58038 1
66402 36947 1
66402 58038 1
66402 62533 1
66402 66403 1
66402 66404 1
66402 66405 1
66402 66406 1
66402 66407 1
66402 108266 1
66402 112822 1
66403 36947 1
66403 58038 1
66403 62533 1
66403 66402 1
66403 66404 1
66403 66405 1
66403 66406 1
66403 66407 1
66403 108266 1
66403 112822 1
66404 36947 1
66404 58038 1
66404 62533 1
66404 66402 1
66404 66403 1
66404 66405 1
66404 66406 1
66404 66407 1
66404 108266 1
66404 112822 1
66405 36947 1
66405 58038 1
66405 62533 1
66405 66402 1
66405 66403 1
66405 66404 1
66405 66406 1
66405 66407 1
66405 108266 1
66405 112822 1
66406 36947 1
66406 46630 1
66406 58038 1
66406 62533 1
66406 62881 1
66406 66402 1
66406 66403 1
66406 66404 1
66406 66405 1
66406 66407 1
66406 66857 1
66406 108266 1
66406 112822 1
66407 36947 1
66407 58038 1
66407 62533 1
66407 66402 1
66407 66403 1
66407 66404 1
66407 66405 1
66407 66406 1
66407 108266 1
66407 112822 1
73476 30520 1
73476 47107 1
73476 58038 1
73476 73763 1
73476 116198 1
108266 36947 1
108266 58038 1
108266 62533 1
108266 66402 1
108266 66403 1
108266 66404 1
108266 66405 1
108266 66406 1
108266 66407 1
108266 112822 1
112822 36947 1
112822 58038 1
112822 62533 1
112822 66402 1
112822 66403 1
112822 66404 1
112822 66405 1
112822 66406 1
112822 66407 1
112822 87565 1
112822 108266 1
112822 124941 1
40541 42317 1
40541 50367 1
40541 51896 1
40541 55300 1
40541 60661 1
40541 72837 1
42317 40541 1
42317 50367 1
42317 51896 1
42317 55300 1
42317 60661 1
42317 74607 1
42317 99130 1
43442 46620 1
43442 46630 1
43442 53543 1
43442 60661 1
43442 78594 1
43442 81005 1
45151 45316 1
45151 60661 1
45316 45151 1
45316 60661 1
46620 43442 1
46620 46630 1
46620 53543 1
46620 60661 1
50367 40541 1
50367 42317 1
50367 50368 1
50367 51896 1
50367 55300 1
50367 60661 1
50367 71311 1
50367 79357 1
50367 102543 1
50723 59581 1
50723 60661 1
51896 40541 1
51896 42317 1
51896 50367 1
51896 55300 1
51896 60661 1
51896 74852 1
51896 95822 1
53543 43442 1
53543 46620 1
53543 46630 1
53543 60661 1
54589 60661 1
54589 63141 1
55300 40541 1
55300 42317 1
55300 50290 1
55300 50367 1
55300 51896 1
55300 60661 1
55300 73898 1
58633 60661 1
63141 54589 1
63141 60661 1
72791 60661 1
72791 80689 1
80689 60661 1
80689 72791 1
78150 54116 1
78150 73284 1
78150 78151 1
78151 54116 1
78151 73284 1
78151 78150 1
45318 73348 1
74077 80676 1
65296 88508 1
119142 92786 1
56571 62277 1
90262 74919 1
83413 79660 1
50595 85688 1
103888 96136 1
81727 72937 1
122857 72937 1
110276 89117 1
110276 104271 1
110276 111175 1
110276 111179 1
100184 97361 1
71134 62567 1
71134 80453 1
56695 57418 1
56695 62920 1
56695 77053 1
56695 79248 1
56695 80238 1
56695 123364 1
77053 56695 1
77053 79248 1
77053 80238 1
77053 123364 1
80238 56695 1
80238 77053 1
80238 79248 1
80238 123364 1
123364 56695 1
123364 77053 1
123364 79248 1
123364 80238 1
103168 88177 1
103168 94637 1
58831 45347 1
58831 63550 1
63550 45347 1
63550 58831 1
68794 45347 1
68794 49571 1
68794 68793 1
68794 75492 1
68794 87999 1
75492 45347 1
75492 49571 1
75492 68793 1
75492 68794 1
75492 87999 1
87999 45347 1
87999 49571 1
87999 68793 1
87999 68794 1
87999 75492 1
82693 50289 1
126633 54050 1
33553 59920 1
33553 68173 1
68173 33553 1
68173 59920 1
65763 60665 1
65763 82596 1
125470 68380 1
74530 68731 1
71507 71508 1
86707 74917 1
86707 89408 1
117429 104271 1
71316 44092 1
71316 68268 1
71316 70265 1
22268 18394 1
22268 56939 1
22268 64777 1
22268 80088 1
58078 56939 1
58078 63137 1
58078 71206 1
63137 56939 1
63137 58078 1
63137 71206 1
64777 22268 1
64777 56939 1
64777 80088 1
80088 22268 1
80088 56939 1
80088 64777 1
36652 61624 1
36652 65529 1
41799 61624 1
46546 61624 1
61622 61624 1
61622 61628 1
61628 61622 1
61628 61624 1
65529 36652 1
65529 61624 1
53961 68429 1
53961 80303 1
53961 101049 1
80303 53961 1
80303 68429 1
80303 101049 1
101049 53961 1
101049 54383 1
101049 68429 1
101049 79015 1
101049 80303 1
66986 71206 1
56542 75384 1
56542 75385 1
56542 75386 1
56542 75387 1
75385 56542 1
75385 75384 1
75385 75386 2
75385 75387 2
75386 56542 1
75386 75384 1
75386 75385 2
75386 75387 1
75386 124125 1
75387 56542 1
75387 75384 1
75387 75385 2
75387 75386 1
127246 75551 1
84081 75584 1
84081 96017 1
96017 75584 1
96017 84081 1
92541 78729 1
121787 78729 1
45460 46562 1
45460 65918 1
45460 70265 1
45460 82025 1
46562 45460 1
46562 65918 1
46562 70265 1
46562 82025 1
65918 45460 1
65918 46562 1
65918 70265 1
65918 82025 1
70265 45460 1
70265 46562 1
70265 65918 1
70265 71316 1
70265 82025 1
81005 43442 1
81005 78594 1
81005 82025 1
89614 83609 1
125183 125184 1
81383 50290 1
83831 77816 1
83831 87195 1
97071 100536 1
97071 111961 1
117493 108255 1
109549 109548 1
109109 112932 1
88511 125338 1
119113 125338 1
125339 125338 1
125884 125338 1
117427 96553 1
66711 97694 1
112728 97694 1
100870 117198 1
94012 118658 1
55119 74855 1
55119 123879 1
93614 74855 1
123879 55119 1
123879 74855 1
122671 94917 1
111521 97698 1
117758 117757 1
55650 48872 1
114171 83412 1
114171 118890 1
69124 102543 1
120054 103558 1
76812 58995 1
69592 68826 1
55625 57982 1
60904 61748 1
60904 69870 1
68388 61748 1
69870 60904 1
69870 61748 1
66912 108980 1
65391 38506 1
42756 46694 1
42756 49812 1
42756 58882 1
46694 42756 1
46694 49812 1
46694 58882 1
46694 63578 1
49812 42756 1
49812 46694 1
49812 58882 1
50368 50367 1
50368 71311 1
62880 62573 1
78790 62573 1
55734 53867 1
63966 59654 1
54409 64804 1
56900 64805 1
74445 62295 1
61985 39846 1
34105 34106 1
34105 50257 1
34106 34105 1
34106 50257 1
62920 56695 1
62920 57418 1
65790 73905 1
72599 79357 1
75787 79357 1
85492 85493 1
33801 99510 1
81957 57404 1
81087 79110 1
87565 112822 1
78594 43442 1
78594 81005 1
59581 50723 1
63578 46694 1
118890 114171 1
87195 83831 1
124125 75386 1
124125 124124 1
54383 79015 1
54383 101049 1
79015 54383 1
79015 101049 1
18394 22268 1
68268 71316 1
82596 65763 1
80453 71134 1
124124 124125 1
