114451 114450 1
114450 49052 2
114450 50740 1
114450 55357 1
114450 60455 1
114450 79912 1
114450 93052 1
114450 114451 1
114450 119284 1
114450 124750 1
49052 38586 1
49052 54882 1
49052 55166 1
49052 55264 1
49052 55357 1
49052 55364 1
49052 57441 1
49052 60455 1
49052 60460 1
49052 62199 1
49052 62204 1
49052 67582 1
49052 69356 1
49052 69624 1
49052 70955 1
49052 72052 1
49052 72642 1
49052 76252 1
49052 79912 1
49052 82518 1
49052 84250 1
49052 86458 1
49052 91710 1
49052 92880 1
49052 93052 1
49052 95383 1
49052 96596 1
49052 97017 1
49052 97502 1
49052 99175 1
49052 100364 1
49052 100365 1
49052 100366 1
49052 100367 1
49052 100368 1
49052 101113 1
49052 102015 1
49052 102038 1
49052 105090 1
49052 106951 1
49052 107107 1
49052 107667 1
49052 107710 1
49052 108607 1
49052 108648 1
49052 109995 1
49052 112469 1
49052 114450 2
49052 115267 1
49052 115442 1
49052 119284 1
49052 120439 1
49052 124296 1
49052 124750 1
50740 47469 1
50740 55153 1
50740 68345 1
50740 68346 1
50740 68347 1
50740 68348 1
50740 82511 1
50740 85910 1
50740 86442 1
50740 86443 1
50740 86445 1
50740 86450 1
50740 86478 1
50740 90590 1
50740 93530 1
50740 98478 1
50740 99190 1
50740 101013 1
50740 102139 1
50740 113068 1
50740 114450 1
50740 115247 1
55357 49052 1
55357 60455 1
55357 60985 1
55357 65426 1
55357 67154 1
55357 79912 1
55357 85065 1
55357 89027 1
55357 89425 1
55357 93052 1
55357 95091 1
55357 96596 1
55357 97456 1
55357 98177 1
55357 98178 1
55357 98180 1
55357 98182 1
55357 98250 1
55357 98371 1
55357 100092 1
55357 100514 1
55357 103682 1
55357 113071 1
55357 114385 1
55357 114450 1
55357 115426 1
55357 115780 1
55357 116484 1
55357 116903 1
55357 119284 1
60455 39926 1
60455 47960 1
60455 49052 1
60455 55357 1
60455 55390 1
60455 62190 1
60455 65103 1
60455 74170 1
60455 76023 1
60455 79912 1
60455 81653 1
60455 90821 1
60455 90822 1
60455 93052 1
60455 94094 1
60455 103120 1
60455 114450 1
60455 119284 1
79912 49052 1
79912 55357 1
79912 60181 1
79912 60455 1
79912 63803 1
79912 79905 1
79912 79906 1
79912 79907 1
79912 79908 1
79912 79909 1
79912 79910 1
79912 79911 1
79912 79913 1
79912 79917 1
79912 86453 1
79912 89739 1
79912 92883 1
79912 93052 1
79912 97800 1
79912 99203 1
79912 99711 1
79912 100365 1
79912 100492 1
79912 100520 1
79912 102139 1
79912 105223 1
79912 114450 1
79912 117737 1
79912 118215 1
79912 119284 1
93052 49052 1
93052 55357 1
93052 59667 1
93052 60455 1
93052 79912 1
93052 80035 1
93052 86872 1
93052 86873 1
93052 90863 1
93052 91561 1
93052 93053 1
93052 93054 1
93052 93055 1
93052 96776 1
93052 99049 1
93052 99175 1
93052 99711 1
93052 102009 1
93052 103110 1
93052 103280 2
93052 107945 1
93052 108808 1
93052 109037 1
93052 109846 1
93052 114450 1
93052 119284 1
119284 42925 1
119284 49052 1
119284 49926 1
119284 55357 1
119284 59286 1
119284 59676 1
119284 60455 1
119284 60679 1
119284 63081 1
119284 63082 1
119284 63083 1
119284 63084 1
119284 63085 1
119284 71444 1
119284 79912 1
119284 81236 1
119284 93052 1
119284 98128 1
119284 100096 1
119284 102067 1
119284 104492 1
119284 104819 1
119284 104820 1
119284 104821 1
119284 108038 1
119284 108513 1
119284 108818 1
119284 109968 1
119284 112468 1
119284 114450 1
119284 114675 1
124750 49052 1
124750 74159 1
124750 74163 1
124750 74941 1
124750 78903 1
124750 82807 1
124750 87161 1
124750 89311 1
124750 99605 1
124750 101264 1
124750 114450 1
124750 124751 1
38586 49052 1
38586 107667 1
54882 49052 1
54882 55166 1
54882 55386 1
54882 59019 1
54882 61130 1
54882 62190 1
54882 62199 1
54882 62798 1
54882 64392 1
54882 64962 1
54882 65428 1
54882 66055 1
54882 66433 1
54882 71250 1
54882 71592 1
54882 74303 1
54882 76256 1
54882 76579 1
54882 79307 1
54882 79308 1
54882 79820 1
54882 81076 1
54882 81827 1
54882 83463 1
54882 83580 1
54882 84250 1
54882 86292 1
54882 86380 1
54882 86381 1
54882 87059 1
54882 88316 1
54882 92289 1
54882 93091 1
54882 95436 1
54882 95778 1
54882 97017 1
54882 97456 1
54882 97498 1
54882 98126 1
54882 98236 1
54882 99180 1
54882 99190 1
54882 99979 1
54882 100364 1
54882 100519 1
54882 100665 1
54882 100934 1
54882 100999 1
54882 101007 1
54882 101023 1
54882 101724 1
54882 102071 1
54882 103111 1
54882 103115 1
54882 103118 1
54882 103619 1
54882 103683 1
54882 106826 1
54882 106959 1
54882 107106 1
54882 107107 2
54882 107186 1
54882 107787 1
54882 108101 1
54882 108305 1
54882 108398 1
54882 108607 1
54882 108648 1
54882 108649 1
54882 108962 1
54882 108963 1
54882 109650 1
54882 109846 1
54882 110181 1
54882 111401 1
54882 113150 1
54882 113488 1
54882 113722 1
54882 113723 1
54882 114109 1
54882 114325 1
54882 115528 1
54882 115917 1
54882 115918 1
54882 115919 1
54882 115920 1
54882 115921 1
54882 115950 1
54882 116021 1
54882 116214 1
54882 117136 1
54882 117290 1
54882 117311 1
54882 117800 1
54882 121118 1
54882 124296 1
54882 124495 1
55166 49052 1
55166 54882 1
55166 59292 1
55166 62199 1
55166 71593 1
55166 74169 1
55166 76778 1
55166 84242 1
55166 84250 1
55166 97017 1
55166 102021 1
55166 107108 1
55166 108607 1
55166 108648 1
55166 109200 1
55166 109202 1
55166 109203 1
55166 124296 1
55264 29885 1
55264 36984 1
55264 37014 1
55264 39433 1
55264 45206 1
55264 45999 1
55264 49052 1
55264 49231 1
55264 49350 1
55264 51332 1
55264 52165 1
55264 54910 1
55264 55263 2
55264 56276 1
55264 57252 1
55264 57293 1
55264 58990 1
55264 59485 1
55264 59499 2
55264 61754 1
55264 61755 1
55264 62822 1
55264 63698 1
55264 64122 2
55264 64284 1
55264 67179 1
55264 68161 1
55264 68565 1
55264 69598 1
55264 70189 1
55264 70191 1
55264 70245 1
55264 70955 1
55264 71068 1
55264 71093 1
55264 71349 1
55264 71515 1
55264 71621 1
55264 72366 1
55264 72386 1
55264 72642 1
55264 73003 1
55264 74466 1
55264 75466 1
55264 77066 1
55264 80343 1
55264 80473 1
55264 81764 1
55264 82254 1
55264 82698 1
55264 83467 1
55264 85098 1
55264 85196 1
55264 85455 1
55264 86979 1
55264 87586 1
55264 87848 1
55264 87851 1
55264 88007 1
55264 88694 1
55264 88701 1
55264 88703 1
55264 88704 1
55264 88705 1
55264 88707 1
55264 89762 1
55264 91668 1
55264 91710 1
55264 93254 1
55264 94739 1
55264 95348 1
55264 95383 1
55264 95445 3
55264 95521 1
55264 95688 1
55264 96151 1
55264 97391 1
55264 97423 1
55264 98549 1
55264 99530 1
55264 99531 1
55264 100104 1
55264 101113 1
55264 101465 1
55264 102038 1
55264 104829 1
55264 105231 1
55264 109879 1
55264 111560 1
55264 120439 1
55264 122922 1
55264 124374 1
55264 126406 1
55264 127733 1
55364 49052 1
55364 56957 1
55364 57441 1
55364 62186 1
55364 62187 1
55364 62188 1
55364 62191 1
55364 62193 1
55364 62194 1
55364 62204 1
55364 62210 1
55364 91910 1
55364 92880 1
55364 93089 1
55364 97502 1
55364 99175 1
55364 107107 1
55364 112469 1
55364 113070 1
55364 115267 1
57441 29647 1
57441 49052 1
57441 50807 1
57441 53487 1
57441 54809 1
57441 55152 1
57441 55364 1
57441 57303 1
57441 57443 3
57441 58578 1
57441 59912 1
57441 60984 1
57441 61989 1
57441 62204 1
57441 62759 1
57441 63730 1
57441 64424 1
57441 65459 1
57441 66168 1
57441 67212 1
57441 67273 1
57441 71535 1
57441 72490 1
57441 74178 1
57441 74261 1
57441 74262 1
57441 74572 1
57441 74574 1
57441 74575 1
57441 75150 1
57441 76078 1
57441 76264 1
57441 76782 1
57441 78623 1
57441 78624 1
57441 79049 1
57441 79050 1
57441 79051 1
57441 80041 1
57441 81337 3
57441 81463 1
57441 81761 1
57441 81805 1
57441 81828 1
57441 82505 1
57441 83200 1
57441 85064 1
57441 85966 1
57441 86443 1
57441 87054 1
57441 87059 1
57441 89742 1
57441 90821 1
57441 91854 1
57441 92880 1
57441 93082 1
57441 93083 1
57441 93084 1
57441 94070 1
57441 95102 1
57441 95778 1
57441 96775 1
57441 97017 1
57441 97502 1
57441 98247 1
57441 99175 1
57441 99312 1
57441 99666 1
57441 100091 1
57441 100515 1
57441 101288 1
57441 101826 1
57441 101828 1
57441 101942 1
57441 104093 1
57441 104228 1
57441 104958 1
57441 107107 1
57441 107186 1
57441 107786 1
57441 108515 1
57441 108516 1
57441 109646 1
57441 112367 1
57441 112469 1
57441 113099 1
57441 113754 1
57441 114018 1
57441 114988 1
57441 115267 1
57441 126906 1
60460 49052 1
60460 55055 1
60460 55381 1
60460 62199 1
60460 62762 1
60460 62990 1
60460 71972 1
60460 83186 1
60460 85064 1
60460 87251 1
60460 87502 1
60460 88400 1
60460 90478 1
60460 94058 1
60460 96717 1
60460 96718 1
60460 96719 1
60460 98182 1
60460 99179 1
60460 99185 1
60460 100093 1
60460 100099 1
60460 100101 1
60460 100102 1
60460 100103 1
60460 100104 1
60460 100105 1
60460 100106 1
60460 101817 1
60460 105089 1
60460 105344 1
60460 108073 1
60460 109037 1
60460 109238 1
60460 109239 1
60460 115137 1
60460 115441 1
60460 117659 1
60460 118389 1
60460 119497 1
62199 49052 1
62199 54882 1
62199 55166 1
62199 60460 1
62199 62192 1
62199 62195 1
62199 62200 1
62199 62201 1
62199 62202 1
62199 62206 1
62199 84250 1
62199 97017 1
62199 98181 1
62199 98182 1
62199 108607 1
62199 108648 1
62199 115441 1
62199 117659 1
62199 124296 1
62204 20021 1
62204 49052 1
62204 55363 1
62204 55364 1
62204 55369 1
62204 57441 1
62204 62203 1
62204 83511 1
62204 87051 1
62204 92880 1
62204 97502 1
62204 99175 1
62204 107107 1
62204 109200 1
62204 112469 1
62204 115267 1
67582 49052 1
67582 69356 1
67582 69624 1
67582 76252 1
67582 82518 1
67582 100364 1
67582 100365 1
67582 100366 1
67582 100367 1
67582 100368 1
67582 102015 1
67582 105090 1
67582 107710 1
67582 109995 1
67582 115442 1
69356 49052 1
69356 67582 1
69356 69624 1
69356 76252 1
69356 82518 1
69356 100364 1
69356 100365 1
69356 100366 1
69356 100367 1
69356 100368 1
69356 102015 1
69356 105090 1
69356 107710 1
69356 109995 1
69356 115442 1
69624 49052 1
69624 67582 1
69624 69356 1
69624 76252 1
69624 82518 1
69624 86442 1
69624 100364 1
69624 100365 1
69624 100366 1
69624 100367 1
69624 100368 1
69624 102015 1
69624 105090 1
69624 107710 1
69624 109995 1
69624 115442 1
70955 49052 1
70955 55264 1
70955 72642 1
70955 91710 1
70955 95383 1
70955 101113 1
70955 102038 1
70955 120439 1
72052 49052 1
72642 49052 1
72642 55264 1
72642 68565 1
72642 70189 1
72642 70955 1
72642 71621 1
72642 82698 1
72642 83467 1
72642 85196 1
72642 87251 2
72642 91710 1
72642 95383 1
72642 101113 1
72642 102038 1
72642 120439 1
72642 127733 1
76252 49052 1
76252 67582 1
76252 69356 1
76252 69624 1
76252 82518 1
76252 100364 1
76252 100365 1
76252 100366 1
76252 100367 1
76252 100368 1
76252 102015 1
76252 104958 1
76252 105090 1
76252 107710 1
76252 109995 1
76252 113488 1
76252 115442 1
76252 116903 1
82518 49052 1
82518 67582 1
82518 69356 1
82518 69624 1
82518 76252 1
82518 82511 1
82518 100364 1
82518 100365 1
82518 100366 1
82518 100367 1
82518 100368 1
82518 102015 1
82518 105090 1
82518 107710 1
82518 109995 1
82518 115442 2
82518 119497 1
84250 49052 1
84250 54882 1
84250 55166 1
84250 62199 1
84250 97017 1
84250 108607 1
84250 108648 1
84250 124296 1
86458 49052 1
86458 90590 1
91710 49052 1
91710 55264 1
91710 70955 1
91710 72642 1
91710 95383 2
91710 101113 1
91710 102038 1
91710 120439 1
92880 49052 1
92880 55364 1
92880 57441 1
92880 62204 1
92880 97502 1
92880 99175 1
92880 99979 1
92880 107107 1
92880 112469 1
92880 115267 1
95383 49052 1
95383 55264 1
95383 70955 1
95383 72642 1
95383 91710 2
95383 97391 1
95383 101113 1
95383 102038 1
95383 120439 1
96596 47960 1
96596 49052 1
96596 55357 1
96596 60985 1
96596 62192 1
96596 79910 1
96596 85065 1
96596 85966 1
96596 103110 1
96596 105089 1
96596 106951 1
96596 109650 1
96596 113070 1
96596 115426 1
97017 49052 1
97017 54882 1
97017 55166 1
97017 57441 1
97017 57443 1
97017 62199 1
97017 66168 1
97017 84250 1
97017 108607 1
97017 108648 1
97017 124296 1
97502 49052 1
97502 55364 1
97502 57441 1
97502 62201 1
97502 62204 1
97502 81653 1
97502 92880 1
97502 97498 1
97502 99175 1
97502 100105 1
97502 107107 1
97502 108607 1
97502 112468 1
97502 112469 2
97502 115267 1
99175 49052 1
99175 55364 1
99175 57441 1
99175 62204 1
99175 81236 1
99175 86872 1
99175 86873 1
99175 90863 1
99175 91561 1
99175 92880 1
99175 93052 1
99175 97502 1
99175 99049 1
99175 102009 1
99175 103110 1
99175 107107 1
99175 108808 1
99175 109037 1
99175 109846 1
99175 112469 1
99175 115267 1
99175 118389 1
100364 49052 1
100364 54882 1
100364 55386 1
100364 67582 1
100364 69356 1
100364 69624 1
100364 76252 1
100364 79820 1
100364 82518 1
100364 86872 1
100364 86873 1
100364 87502 1
100364 100365 1
100364 100366 1
100364 100367 1
100364 100368 1
100364 100515 1
100364 100519 1
100364 102015 1
100364 105090 1
100364 107710 1
100364 109995 1
100364 113488 1
100364 114109 1
100364 115442 1
100364 115917 1
100364 115918 1
100364 115919 1
100364 115920 1
100364 115921 1
100364 115950 1
100364 116021 1
100365 49052 1
100365 63803 1
100365 67582 1
100365 69356 1
100365 69624 1
100365 76252 1
100365 79308 1
100365 79912 1
100365 82518 1
100365 89739 2
100365 92883 1
100365 95436 1
100365 99203 1
100365 100364 1
100365 100366 1
100365 100367 1
100365 100368 1
100365 102015 1
100365 103619 1
100365 105090 1
100365 105223 1
100365 107710 1
100365 109995 1
100365 114109 1
100365 115442 1
100365 115919 1
100365 115950 1
100365 117737 1
100366 49052 1
100366 67582 1
100366 69356 1
100366 69624 1
100366 76252 1
100366 82518 1
100366 100364 1
100366 100365 1
100366 100367 1
100366 100368 1
100366 102015 2
100366 105090 1
100366 107710 1
100366 109995 1
100366 113068 1
100366 113070 1
100366 113071 1
100366 115442 1
100367 49052 1
100367 67582 1
100367 69356 1
100367 69624 1
100367 76252 1
100367 82518 1
100367 100364 1
100367 100365 1
100367 100366 1
100367 100368 1
100367 102015 1
100367 105090 1
100367 107710 1
100367 109995 1
100367 115442 1
100368 49052 1
100368 67582 1
100368 69356 1
100368 69624 1
100368 76252 1
100368 82518 1
100368 100364 1
100368 100365 1
100368 100366 1
100368 100367 1
100368 102015 1
100368 105090 1
100368 107710 1
100368 109995 1
100368 115442 1
101113 49052 1
101113 55264 1
101113 70955 1
101113 72642 1
101113 91710 1
101113 93254 1
101113 95383 1
101113 102038 2
101113 120439 1
102015 49052 1
102015 67582 1
102015 69356 1
102015 69624 1
102015 76252 1
102015 81236 1
102015 82518 1
102015 100364 1
102015 100365 1
102015 100366 2
102015 100367 1
102015 100368 1
102015 105090 2
102015 107710 1
102015 109995 1
102015 114385 1
102015 115442 1
102038 49052 1
102038 55264 1
102038 70955 1
102038 72642 1
102038 91710 1
102038 93254 3
102038 95383 1
102038 101113 2
102038 120439 1
105090 49052 1
105090 55153 1
105090 63803 1
105090 67582 1
105090 69356 1
105090 69624 1
105090 71592 1
105090 76252 1
105090 79820 1
105090 81236 3
105090 81827 1
105090 82518 1
105090 98128 1
105090 100364 1
105090 100365 1
105090 100366 1
105090 100367 1
105090 100368 1
105090 102015 2
105090 102067 1
105090 107710 1
105090 109238 1
105090 109650 1
105090 109995 1
105090 113754 1
105090 115442 1
105090 117290 1
106951 49052 1
106951 96596 1
107107 49052 1
107107 54882 2
107107 55364 1
107107 57441 1
107107 62204 1
107107 65428 1
107107 74169 1
107107 92880 1
107107 94058 1
107107 95778 1
107107 97502 1
107107 99175 1
107107 101023 1
107107 103619 1
107107 107106 4
107107 108305 1
107107 109202 1
107107 109650 1
107107 109846 1
107107 111401 1
107107 112469 1
107107 113150 1
107107 113723 1
107107 115267 1
107107 117136 1
107107 121118 1
107667 38586 1
107667 49052 1
107667 55369 1
107667 62192 1
107667 62194 1
107667 80041 1
107667 93054 1
107667 96717 1
107667 96718 1
107667 96719 1
107667 98181 1
107667 116214 1
107667 127733 1
107710 49052 1
107710 67582 1
107710 69356 1
107710 69624 1
107710 76252 1
107710 82518 1
107710 90478 1
107710 100364 1
107710 100365 1
107710 100366 1
107710 100367 1
107710 100368 1
107710 102015 1
107710 105090 1
107710 109995 1
107710 115442 1
108607 49052 1
108607 54882 1
108607 55166 1
108607 55390 1
108607 62186 1
108607 62199 1
108607 62206 1
108607 81653 1
108607 84250 1
108607 97017 1
108607 97502 1
108607 101013 1
108607 105089 1
108607 108648 1
108607 112468 1
108607 112469 1
108607 115528 1
108607 124296 1
108648 49052 1
108648 54882 1
108648 55166 1
108648 62199 1
108648 84250 1
108648 97017 1
108648 98549 1
108648 108607 1
108648 108649 1
108648 115267 1
108648 124296 1
109995 49052 1
109995 67582 1
109995 69356 1
109995 69624 1
109995 76252 1
109995 82518 1
109995 100364 1
109995 100365 1
109995 100366 1
109995 100367 1
109995 100368 1
109995 102015 1
109995 104228 1
109995 105090 1
109995 107710 1
109995 115442 1
112469 49052 1
112469 55364 1
112469 57441 1
112469 62204 1
112469 81653 1
112469 92880 1
112469 97502 2
112469 99175 1
112469 107107 1
112469 108607 1
112469 112468 1
112469 115267 1
115267 49052 1
115267 55364 1
115267 57441 1
115267 62204 1
115267 86292 1
115267 92880 1
115267 93053 1
115267 97502 1
115267 98549 1
115267 99175 1
115267 101724 1
115267 107107 1
115267 108648 1
115267 108649 1
115267 112469 1
115267 114018 1
115267 115919 1
115267 115950 1
115267 119179 1
115442 49052 1
115442 67582 1
115442 69356 1
115442 69624 1
115442 76252 1
115442 82518 2
115442 100364 1
115442 100365 1
115442 100366 1
115442 100367 1
115442 100368 1
115442 102015 1
115442 105090 1
115442 107710 1
115442 109995 1
120439 49052 1
120439 55264 1
120439 70955 1
120439 72642 1
120439 91710 1
120439 95383 1
120439 101113 1
120439 102038 1
124296 49052 1
124296 54882 1
124296 55166 1
124296 62188 1
124296 62199 1
124296 84250 1
124296 97017 1
124296 108607 1
124296 108648 1
124296 113722 1
124296 124495 1
47469 50740 1
47469 68345 1
47469 68346 1
47469 68347 1
47469 68348 1
47469 82511 1
47469 100091 1
47469 100999 1
47469 103683 1
47469 113068 1
47469 117659 1
55153 50740 1
55153 85910 1
55153 86442 1
55153 86443 1
55153 86445 1
55153 86450 1
55153 86478 1
55153 90590 1
55153 93530 1
55153 98478 1
55153 99190 1
55153 100999 1
55153 102139 1
55153 105090 1
55153 115247 1
68345 47469 1
68345 50740 1
68345 68346 1
68345 68347 1
68345 68348 1
68345 82511 1
68346 47469 1
68346 50740 1
68346 68345 1
68346 68347 1
68346 68348 1
68346 82511 1
68347 47469 1
68347 50740 1
68347 55381 1
68347 62201 1
68347 68345 1
68347 68346 1
68347 68348 1
68347 71592 1
68347 71593 1
68347 82511 1
68347 100091 1
68347 103682 1
68347 108515 1
68348 47469 1
68348 50740 1
68348 63730 1
68348 68345 1
68348 68346 1
68348 68347 1
68348 82511 1
68348 100096 1
82511 47469 1
82511 50740 1
82511 68345 1
82511 68346 1
82511 68347 1
82511 68348 1
82511 82518 1
82511 100091 1
85910 50740 1
85910 55153 1
85910 86442 1
85910 86443 1
85910 86445 1
85910 86450 1
85910 86478 1
85910 90590 1
85910 93530 1
85910 98478 1
85910 99190 1
85910 102139 1
85910 115247 1
86442 50740 1
86442 55153 1
86442 69624 1
86442 85910 1
86442 86443 1
86442 86445 1
86442 86450 1
86442 86478 1
86442 90590 1
86442 93530 1
86442 98478 1
86442 99190 2
86442 102139 1
86442 115247 1
86443 50740 1
86443 55153 1
86443 57441 1
86443 62759 1
86443 74178 1
86443 81337 1
86443 81828 1
86443 85910 1
86443 86442 1
86443 86445 2
86443 86450 1
86443 86478 1
86443 89742 1
86443 90590 1
86443 93530 1
86443 95102 1
86443 95778 1
86443 98478 1
86443 99190 1
86443 101288 1
86443 102139 1
86443 107186 1
86443 112367 1
86443 113754 1
86443 115247 1
86445 50740 1
86445 55153 1
86445 85910 1
86445 86442 1
86445 86443 2
86445 86450 1
86445 86478 1
86445 90590 1
86445 93530 1
86445 98478 1
86445 99190 1
86445 102139 1
86445 115247 1
86450 50740 1
86450 55153 1
86450 85910 1
86450 86442 1
86450 86443 1
86450 86445 1
86450 86478 1
86450 90590 1
86450 93530 1
86450 98478 1
86450 99190 1
86450 102139 1
86450 115247 1
86478 50740 1
86478 55153 1
86478 72490 1
86478 85910 1
86478 86442 1
86478 86443 1
86478 86445 1
86478 86450 1
86478 90233 1
86478 90590 1
86478 93530 1
86478 98478 1
86478 99190 1
86478 102139 1
86478 115247 1
90590 50740 1
90590 55153 1
90590 85910 1
90590 86442 1
90590 86443 1
90590 86445 1
90590 86450 1
90590 86458 1
90590 86478 1
90590 93530 1
90590 98478 1
90590 99190 1
90590 102139 1
90590 115247 1
93530 50740 1
93530 55153 1
93530 85910 1
93530 86442 1
93530 86443 1
93530 86445 1
93530 86450 1
93530 86478 1
93530 90590 1
93530 98478 1
93530 99190 1
93530 102139 1
93530 115247 1
98478 50740 1
98478 55153 1
98478 85910 1
98478 86442 1
98478 86443 1
98478 86445 1
98478 86450 1
98478 86478 1
98478 90590 1
98478 93530 1
98478 99190 1
98478 101007 1
98478 102139 1
98478 104958 1
98478 115247 1
99190 50740 1
99190 54882 1
99190 55153 1
99190 67154 1
99190 71250 1
99190 79307 1
99190 85910 1
99190 86442 2
99190 86443 1
99190 86445 1
99190 86450 1
99190 86478 1
99190 88316 1
99190 90590 1
99190 93530 1
99190 98126 1
99190 98478 1
99190 99180 1
99190 100097 1
99190 100999 1
99190 102139 1
99190 104093 1
99190 104958 1
99190 107787 1
99190 109202 1
99190 109968 1
99190 114988 1
99190 115247 1
99190 117290 1
101013 50740 1
101013 56957 1
101013 64392 1
101013 71593 1
101013 85065 1
101013 94058 1
101013 105089 1
101013 108607 1
101013 113068 1
101013 114325 1
101013 117290 1
102139 50740 1
102139 55153 1
102139 79912 1
102139 85910 1
102139 86442 1
102139 86443 1
102139 86445 1
102139 86450 1
102139 86478 1
102139 90590 1
102139 93530 1
102139 98478 1
102139 99190 1
102139 115247 1
113068 47469 1
113068 50740 1
113068 60984 1
113068 100091 1
113068 100366 1
113068 101013 1
113068 103115 1
113068 113070 1
113068 113071 2
113068 114018 1
115247 50740 1
115247 55153 1
115247 85910 1
115247 86442 1
115247 86443 1
115247 86445 1
115247 86450 1
115247 86478 1
115247 90590 1
115247 93530 1
115247 98478 1
115247 99190 1
115247 102139 1
60985 55357 1
60985 85064 1
60985 85065 1
60985 85966 1
60985 96596 1
60985 102071 1
60985 115426 1
65426 55357 1
65426 67154 1
65426 76264 1
65426 89027 1
65426 95091 1
65426 97456 1
65426 98177 1
65426 98178 1
65426 98180 1
65426 98182 1
65426 98250 1
65426 98371 1
65426 100092 1
65426 100105 1
65426 103682 1
65426 113754 1
65426 114385 1
65426 115780 1
65426 116484 1
65426 116903 1
67154 55357 1
67154 57443 1
67154 65426 1
67154 89027 1
67154 95091 1
67154 97456 1
67154 98177 1
67154 98178 1
67154 98180 1
67154 98182 1
67154 98250 1
67154 98371 1
67154 99190 1
67154 100092 1
67154 103682 1
67154 114385 1
67154 115780 1
67154 116484 1
67154 116903 1
85065 20309 1
85065 49376 1
85065 53076 1
85065 55357 1
85065 56957 1
85065 60985 1
85065 61989 1
85065 66055 1
85065 68787 1
85065 85064 1
85065 96596 1
85065 98245 1
85065 99312 1
85065 101013 1
85065 103280 1
85065 108515 1
85065 115426 1
89027 55357 1
89027 65426 1
89027 67154 1
89027 95091 1
89027 97456 1
89027 98177 1
89027 98178 1
89027 98180 1
89027 98182 1
89027 98250 1
89027 98371 1
89027 100092 1
89027 103682 1
89027 114385 1
89027 115780 1
89027 116484 1
89027 116903 1
89425 55357 1
89425 100514 1
95091 55357 1
95091 55363 1
95091 59676 1
95091 65426 1
95091 67154 1
95091 74161 1
95091 83200 1
95091 89027 1
95091 97456 1
95091 98177 1
95091 98178 1
95091 98180 1
95091 98182 1
95091 98250 1
95091 98371 1
95091 100092 1
95091 103682 1
95091 114385 1
95091 115780 1
95091 116484 1
95091 116903 1
97456 50832 1
97456 54882 1
97456 55357 1
97456 62190 1
97456 65426 1
97456 67154 1
97456 71592 1
97456 89027 1
97456 95091 1
97456 98177 1
97456 98178 1
97456 98180 1
97456 98182 1
97456 98236 1
97456 98250 1
97456 98371 1
97456 99979 1
97456 100092 1
97456 103682 1
97456 113754 1
97456 114325 1
97456 114385 1
97456 115780 2
97456 116214 1
97456 116484 1
97456 116903 1
98177 55357 1
98177 61130 1
98177 65426 1
98177 67154 1
98177 89027 1
98177 95091 1
98177 97456 1
98177 98178 3
98177 98180 2
98177 98182 2
98177 98250 1
98177 98371 1
98177 100092 1
98177 103682 1
98177 106826 1
98177 114385 1
98177 115780 1
98177 116484 1
98177 116903 1
98177 117290 1
98178 55357 1
98178 61130 1
98178 65426 1
98178 67154 1
98178 89027 1
98178 95091 1
98178 97456 1
98178 98177 3
98178 98180 2
98178 98182 2
98178 98250 1
98178 98371 1
98178 100092 1
98178 103682 1
98178 106826 1
98178 114385 1
98178 115780 1
98178 116484 1
98178 116903 1
98178 117290 1
98180 55357 1
98180 65426 1
98180 67154 1
98180 89027 1
98180 95091 1
98180 97456 1
98180 98177 2
98180 98178 2
98180 98182 1
98180 98250 1
98180 98371 1
98180 100092 1
98180 103682 1
98180 114385 1
98180 115780 1
98180 116484 1
98180 116903 1
98182 55357 1
98182 60460 1
98182 61130 1
98182 62199 1
98182 65426 1
98182 67154 1
98182 89027 1
98182 95091 1
98182 97456 1
98182 98177 2
98182 98178 2
98182 98180 1
98182 98250 1
98182 98371 1
98182 100092 1
98182 100929 1
98182 103682 1
98182 106826 1
98182 114385 1
98182 115035 1
98182 115441 1
98182 115780 1
98182 116484 1
98182 116903 1
98182 117290 1
98182 117659 1
98250 55357 1
98250 65426 1
98250 67154 1
98250 89027 1
98250 95091 1
98250 97456 1
98250 98177 1
98250 98178 1
98250 98180 1
98250 98182 1
98250 98371 1
98250 100092 1
98250 103682 1
98250 112468 1
98250 114385 1
98250 115780 1
98250 116484 1
98250 116903 1
98371 55357 1
98371 65426 1
98371 67154 1
98371 89027 1
98371 95091 1
98371 97456 1
98371 98177 1
98371 98178 1
98371 98180 1
98371 98182 1
98371 98250 1
98371 100092 1
98371 103682 1
98371 114385 1
98371 115780 1
98371 116484 1
98371 116903 1
100092 55357 1
100092 60984 1
100092 65426 1
100092 67154 1
100092 79910 1
100092 89027 1
100092 95091 1
100092 97456 1
100092 98177 1
100092 98178 1
100092 98180 1
100092 98182 1
100092 98250 1
100092 98371 1
100092 103682 1
100092 113071 1
100092 114385 1
100092 115780 1
100092 116484 1
100092 116903 1
100514 55357 1
100514 84242 1
100514 85064 1
100514 89425 1
103682 55357 1
103682 55369 1
103682 65426 1
103682 67154 1
103682 68347 1
103682 87054 1
103682 89027 1
103682 95091 1
103682 96717 1
103682 97456 1
103682 98177 1
103682 98178 1
103682 98180 1
103682 98182 1
103682 98250 1
103682 98371 1
103682 100091 1
103682 100092 1
103682 101817 1
103682 114385 1
103682 115780 1
103682 116484 1
103682 116903 1
113071 55357 1
113071 60984 1
113071 71592 1
113071 76264 1
113071 76579 1
113071 79910 1
113071 81827 1
113071 93054 1
113071 100092 1
113071 100366 1
113071 103683 1
113071 109202 1
113071 113068 2
113071 113070 1
113071 113150 1
114385 55357 1
114385 65426 1
114385 67154 1
114385 89027 1
114385 95091 1
114385 97456 1
114385 98177 1
114385 98178 1
114385 98180 1
114385 98182 1
114385 98250 1
114385 98371 1
114385 100092 1
114385 102015 1
114385 103118 1
114385 103682 1
114385 113754 1
114385 115780 1
114385 116484 1
114385 116903 1
115426 55357 1
115426 60985 1
115426 85065 1
115426 96596 1
115426 109846 1
115426 116021 1
115780 55357 1
115780 62190 1
115780 65426 1
115780 66055 1
115780 67154 1
115780 71592 1
115780 89027 1
115780 95091 1
115780 97456 2
115780 98177 1
115780 98178 1
115780 98180 1
115780 98182 1
115780 98250 1
115780 98371 1
115780 100092 1
115780 103682 1
115780 107040 1
115780 114385 1
115780 116484 1
115780 116903 1
116484 55357 1
116484 65426 1
116484 67154 1
116484 89027 1
116484 95091 1
116484 97456 1
116484 98177 1
116484 98178 1
116484 98180 1
116484 98182 1
116484 98250 1
116484 98371 1
116484 100092 1
116484 103682 1
116484 114385 1
116484 115780 1
116484 116903 1
116484 117136 1
116903 55357 1
116903 57443 1
116903 58578 1
116903 65426 1
116903 67154 1
116903 76252 1
116903 89027 1
116903 95091 1
116903 97456 1
116903 98177 1
116903 98178 1
116903 98180 1
116903 98182 1
116903 98250 1
116903 98371 1
116903 100092 1
116903 103682 1
116903 113488 1
116903 114385 1
116903 115780 1
116903 116484 1
39926 47960 1
39926 55390 1
39926 59019 1
39926 60455 1
39926 74170 1
39926 76023 1
39926 81653 1
39926 87051 1
39926 90821 1
39926 90822 1
39926 94094 1
39926 98247 1
39926 100999 1
39926 103120 1
39926 103683 1
39926 104228 1
39926 104958 1
39926 107945 1
47960 39926 1
47960 55390 1
47960 60455 1
47960 74170 1
47960 76023 1
47960 81653 1
47960 90821 1
47960 90822 1
47960 94094 1
47960 96596 1
47960 103110 1
47960 103120 1
55390 39926 1
55390 47960 1
55390 60455 1
55390 62206 1
55390 65428 1
55390 74170 1
55390 76023 1
55390 81653 1
55390 90821 1
55390 90822 1
55390 94058 1
55390 94094 1
55390 103120 1
55390 108607 1
55390 108818 1
62190 54882 1
62190 60455 1
62190 62193 1
62190 62210 1
62190 62990 1
62190 65103 1
62190 66055 1
62190 71592 1
62190 97456 1
62190 98236 1
62190 104506 1
62190 108516 1
62190 109968 2
62190 114325 1
62190 115780 1
62190 116214 1
62190 117136 1
65103 60455 1
65103 62190 1
74170 39926 1
74170 47960 1
74170 55390 1
74170 60455 1
74170 76023 1
74170 81653 1
74170 90821 1
74170 90822 1
74170 94094 1
74170 103120 1
76023 39926 1
76023 47960 1
76023 55390 1
76023 60455 1
76023 74170 1
76023 81653 1
76023 90821 1
76023 90822 1
76023 94094 1
76023 103120 1
81653 39926 1
81653 47960 1
81653 55390 1
81653 60455 1
81653 71972 1
81653 74170 1
81653 76023 1
81653 90821 1
81653 90822 1
81653 94094 1
81653 97502 1
81653 103120 1
81653 108607 1
81653 112468 1
81653 112469 1
90821 39926 1
90821 47960 1
90821 55390 1
90821 57441 1
90821 58578 1
90821 60455 1
90821 60984 1
90821 63730 1
90821 74170 1
90821 76023 1
90821 81653 1
90821 82505 1
90821 90822 1
90821 94094 1
90821 101826 1
90821 101828 1
90821 103120 1
90821 113099 1
90822 39926 1
90822 47960 1
90822 55390 1
90822 60455 1
90822 74170 1
90822 76023 1
90822 81653 1
90822 90821 1
90822 94094 1
90822 103120 1
94094 39926 1
94094 47960 1
94094 55390 1
94094 60455 1
94094 74170 1
94094 76023 1
94094 81653 1
94094 90821 1
94094 90822 1
94094 103120 1
103120 39926 1
103120 47960 1
103120 55390 1
103120 60455 1
103120 74170 1
103120 76023 1
103120 76256 1
103120 81653 1
103120 90478 1
103120 90821 1
103120 90822 1
103120 94094 1
103120 118948 1
60181 79912 1
60181 118215 1
63803 71250 1
63803 79820 1
63803 79910 1
63803 79912 1
63803 81827 1
63803 89739 1
63803 92883 1
63803 99203 4
63803 100365 1
63803 100519 1
63803 103110 1
63803 103619 1
63803 105090 1
63803 105223 2
63803 114109 1
63803 117737 1
79905 79906 1
79905 79907 1
79905 79908 1
79905 79909 1
79905 79910 1
79905 79911 1
79905 79912 1
79905 79913 1
79905 79917 1
79905 97800 1
79905 99711 1
79905 100492 1
79905 100520 1
79906 79905 1
79906 79907 1
79906 79908 1
79906 79909 1
79906 79910 1
79906 79911 1
79906 79912 1
79906 79913 1
79906 79917 1
79906 97800 1
79906 99711 1
79906 100492 1
79906 100520 1
79907 79905 1
79907 79906 1
79907 79908 1
79907 79909 1
79907 79910 1
79907 79911 1
79907 79912 1
79907 79913 1
79907 79917 1
79907 97800 1
79907 99711 1
79907 100492 1
79907 100520 1
79908 58661 1
79908 74163 1
79908 79905 1
79908 79906 1
79908 79907 1
79908 79909 1
79908 79910 2
79908 79911 1
79908 79912 1
79908 79913 1
79908 79917 1
79908 97800 1
79908 99711 1
79908 99979 1
79908 100492 1
79908 100520 1
79908 101826 1
79908 103115 1
79908 117290 1
79909 79905 1
79909 79906 1
79909 79907 1
79909 79908 1
79909 79910 1
79909 79911 1
79909 79912 1
79909 79913 1
79909 79917 1
79909 97800 1
79909 99711 1
79909 100492 1
79909 100520 1
79909 100999 1
79910 62192 1
79910 63803 1
79910 76778 1
79910 79905 1
79910 79906 1
79910 79907 1
79910 79908 2
79910 79909 1
79910 79911 1
79910 79912 1
79910 79913 1
79910 79917 1
79910 81827 1
79910 93053 1
79910 96596 1
79910 97800 1
79910 99711 1
79910 100091 1
79910 100092 1
79910 100492 1
79910 100520 1
79910 107787 1
79910 108101 2
79910 109202 1
79910 113071 1
79910 117290 1
79911 79905 1
79911 79906 1
79911 79907 1
79911 79908 1
79911 79909 1
79911 79910 1
79911 79912 1
79911 79913 1
79911 79917 1
79911 86873 1
79911 97800 1
79911 99711 1
79911 100492 1
79911 100520 1
79911 109238 1
79911 109239 1
79913 79905 1
79913 79906 1
79913 79907 1
79913 79908 1
79913 79909 1
79913 79910 1
79913 79911 1
79913 79912 1
79913 79917 1
79913 81827 1
79913 97800 1
79913 99711 1
79913 100492 1
79913 100520 1
79913 117737 1
79917 79905 1
79917 79906 1
79917 79907 1
79917 79908 1
79917 79909 1
79917 79910 1
79917 79911 1
79917 79912 1
79917 79913 1
79917 97800 1
79917 99711 1
79917 100492 1
79917 100520 1
86453 79912 1
89739 62990 1
89739 63803 1
89739 79912 1
89739 92883 1
89739 99203 1
89739 100365 2
89739 105223 1
89739 108305 1
89739 117737 1
92883 55381 1
92883 63083 1
92883 63803 1
92883 79912 1
92883 89739 1
92883 96776 1
92883 99203 1
92883 100365 1
92883 105223 1
92883 117737 1
97800 79905 1
97800 79906 1
97800 79907 1
97800 79908 1
97800 79909 1
97800 79910 1
97800 79911 1
97800 79912 1
97800 79913 1
97800 79917 1
97800 99711 1
97800 100492 1
97800 100520 1
97800 115019 1
99203 63803 4
99203 79912 1
99203 89739 1
99203 92883 1
99203 100365 1
99203 105223 1
99203 117737 1
99711 79905 1
99711 79906 1
99711 79907 1
99711 79908 1
99711 79909 1
99711 79910 1
99711 79911 1
99711 79912 1
99711 79913 1
99711 79917 1
99711 93052 1
99711 96776 1
99711 97800 1
99711 100492 1
99711 100520 1
99711 107945 1
99711 108818 1
100492 79905 1
100492 79906 1
100492 79907 1
100492 79908 1
100492 79909 1
100492 79910 1
100492 79911 1
100492 79912 1
100492 79913 1
100492 79917 1
100492 97800 1
100492 99711 1
100492 100520 1
100492 101023 1
100492 106832 1
100520 79905 1
100520 79906 1
100520 79907 1
100520 79908 1
100520 79909 1
100520 79910 1
100520 79911 1
100520 79912 1
100520 79913 1
100520 79917 1
100520 97800 1
100520 99711 1
100520 100492 1
105223 62206 1
105223 63803 2
105223 79912 1
105223 89739 1
105223 91561 1
105223 92883 1
105223 98549 1
105223 99203 1
105223 99979 1
105223 100365 1
105223 103619 1
105223 117737 1
117737 63803 1
117737 79912 1
117737 79913 1
117737 81827 1
117737 89739 1
117737 92883 1
117737 99203 1
117737 100365 1
117737 105223 1
117737 109239 1
118215 60181 1
118215 79912 1
59667 41816 1
59667 67151 1
59667 76264 1
59667 80035 1
59667 93052 1
59667 93053 1
59667 93054 1
59667 93055 1
59667 103280 1
80035 59667 1
80035 93052 1
80035 93053 1
80035 93054 1
80035 93055 1
80035 102098 1
80035 103280 1
86872 86873 3
86872 90863 1
86872 91561 1
86872 93052 1
86872 99049 1
86872 99175 1
86872 100364 1
86872 102009 1
86872 103110 1
86872 108808 1
86872 109037 1
86872 109846 1
86873 42925 1
86873 53487 1
86873 67273 1
86873 79911 1
86873 86872 3
86873 90863 1
86873 91561 1
86873 93052 1
86873 99049 1
86873 99175 1
86873 99979 1
86873 100364 1
86873 100519 1
86873 101942 1
86873 102009 1
86873 103110 2
86873 107945 1
86873 108808 1
86873 109037 1
86873 109846 1
86873 114325 1
90863 86872 1
90863 86873 1
90863 91561 1
90863 93052 1
90863 99049 1
90863 99175 1
90863 102009 1
90863 103110 1
90863 108808 1
90863 109037 1
90863 109846 1
91561 76078 1
91561 86872 1
91561 86873 1
91561 90863 1
91561 93052 1
91561 99049 1
91561 99175 1
91561 102009 1
91561 103110 1
91561 105223 1
91561 108808 1
91561 109037 1
91561 109846 1
93053 59667 1
93053 76579 1
93053 79910 1
93053 80035 1
93053 93052 1
93053 93054 1
93053 93055 1
93053 100091 2
93053 101007 1
93053 103280 1
93053 109650 1
93053 109968 1
93053 114988 1
93053 115267 1
93054 55369 1
93054 59667 1
93054 80035 1
93054 80041 1
93054 81827 1
93054 93052 1
93054 93053 1
93054 93055 1
93054 93056 1
93054 103280 1
93054 107667 1
93054 113071 1
93055 59667 1
93055 80035 1
93055 93052 1
93055 93053 1
93055 93054 1
93055 103280 1
96776 55381 1
96776 63083 1
96776 92883 1
96776 93052 1
96776 99711 1
96776 107945 1
99049 81337 1
99049 81827 1
99049 85064 1
99049 86872 1
99049 86873 1
99049 90863 1
99049 91561 1
99049 91854 1
99049 93052 1
99049 99175 1
99049 101942 1
99049 102009 1
99049 103110 1
99049 103280 1
99049 107186 1
99049 108808 1
99049 109037 1
99049 109846 1
99049 115917 1
102009 86872 1
102009 86873 1
102009 90863 1
102009 91561 1
102009 93052 1
102009 95436 1
102009 99049 1
102009 99175 1
102009 99312 1
102009 100102 1
102009 103110 1
102009 107787 1
102009 108808 1
102009 109037 1
102009 109846 1
102009 115917 1
103110 47960 1
103110 63803 1
103110 86872 1
103110 86873 2
103110 90863 1
103110 91561 1
103110 93052 1
103110 96596 1
103110 99049 1
103110 99175 1
103110 100519 1
103110 102009 1
103110 107945 1
103110 108808 1
103110 109037 1
103110 109846 1
103280 59667 1
103280 80035 1
103280 81236 1
103280 81337 1
103280 85064 1
103280 85065 1
103280 87059 1
103280 93052 2
103280 93053 1
103280 93054 1
103280 93055 1
103280 99049 1
103280 108515 1
107945 39926 1
107945 59019 1
107945 86873 1
107945 87051 1
107945 93052 1
107945 96776 1
107945 98247 1
107945 99711 1
107945 103110 1
108808 72409 1
108808 86872 1
108808 86873 1
108808 90863 1
108808 91561 1
108808 93052 1
108808 99049 1
108808 99175 1
108808 102009 1
108808 103110 1
108808 109037 1
108808 109846 1
109037 60460 1
109037 62762 1
109037 74303 1
109037 85064 1
109037 86872 1
109037 86873 1
109037 90863 1
109037 91561 1
109037 93052 1
109037 99049 1
109037 99175 1
109037 99179 1
109037 100093 1
109037 100099 1
109037 100101 1
109037 100102 1
109037 100103 1
109037 100104 1
109037 100105 1
109037 100106 1
109037 101817 1
109037 102009 1
109037 103110 1
109037 108808 1
109037 109846 1
109037 115137 1
109846 54882 1
109846 86872 1
109846 86873 1
109846 90863 1
109846 91561 1
109846 93052 1
109846 95778 1
109846 99049 1
109846 99175 1
109846 101023 1
109846 102009 1
109846 103110 1
109846 103619 1
109846 107107 1
109846 108305 1
109846 108808 1
109846 109037 1
109846 113723 1
109846 115426 1
109846 121118 1
42925 49926 1
42925 59292 1
42925 59676 1
42925 60679 1
42925 63081 1
42925 63082 1
42925 63083 1
42925 63084 1
42925 63085 1
42925 86873 1
42925 100096 1
42925 108513 2
42925 108515 1
42925 108516 1
42925 108818 1
42925 114325 1
42925 119284 1
49926 42925 1
49926 59676 1
49926 60679 1
49926 63081 1
49926 63082 1
49926 63083 1
49926 63084 1
49926 63085 1
49926 100096 1
49926 108513 1
49926 108818 1
49926 119284 1
59286 71444 3
59286 81236 1
59286 98128 1
59286 104819 2
59286 104820 1
59286 104821 3
59286 108038 2
59286 112468 1
59286 114675 1
59286 119284 1
59676 42925 1
59676 49926 1
59676 55363 1
59676 60679 1
59676 63081 1
59676 63082 1
59676 63083 1
59676 63084 1
59676 63085 1
59676 83200 1
59676 95091 1
59676 100096 1
59676 108513 1
59676 108818 1
59676 119284 1
60679 42925 1
60679 49926 1
60679 59676 1
60679 63081 1
60679 63082 1
60679 63083 1
60679 63084 1
60679 63085 1
60679 100096 1
60679 108513 1
60679 108818 1
60679 117659 1
60679 119284 1
63081 42925 1
63081 49926 1
63081 59676 1
63081 60679 1
63081 63082 1
63081 63083 1
63081 63084 1
63081 63085 1
63081 74574 1
63081 100096 1
63081 108513 1
63081 108818 1
63081 119284 1
63082 42925 1
63082 49926 1
63082 59676 1
63082 60679 1
63082 63081 1
63082 63083 1
63082 63084 1
63082 63085 1
63082 80702 1
63082 80774 1
63082 81045 1
63082 93089 1
63082 93091 1
63082 100096 1
63082 108513 1
63082 108818 1
63082 119284 1
63083 42925 1
63083 49926 1
63083 55381 1
63083 59676 1
63083 60679 1
63083 62191 1
63083 63081 1
63083 63082 1
63083 63084 1
63083 63085 1
63083 92883 1
63083 96776 1
63083 100096 1
63083 108513 1
63083 108818 1
63083 119284 1
63084 42925 1
63084 49926 1
63084 59676 1
63084 60679 1
63084 63081 1
63084 63082 1
63084 63083 1
63084 63085 1
63084 100096 1
63084 100105 1
63084 108513 1
63084 108818 1
63084 119284 1
63085 42925 1
63085 49926 1
63085 59676 1
63085 60679 1
63085 63081 1
63085 63082 1
63085 63083 1
63085 63084 1
63085 100096 1
63085 105089 1
63085 107787 2
63085 108513 1
63085 108818 1
63085 113723 1
63085 119284 1
63085 126093 1
71444 59286 3
71444 81236 1
71444 98128 1
71444 104819 2
71444 104820 1
71444 104821 2
71444 108038 2
71444 112468 1
71444 114675 1
71444 119284 1
81236 29893 1
81236 59286 1
81236 71444 1
81236 81827 1
81236 82803 1
81236 93089 1
81236 98128 1
81236 99175 1
81236 102015 1
81236 102067 1
81236 103280 1
81236 104819 1
81236 104820 1
81236 104821 1
81236 105090 3
81236 108038 1
81236 109650 1
81236 112468 1
81236 113754 1
81236 114675 1
81236 117136 1
81236 119284 1
98128 59286 1
98128 71444 1
98128 81236 1
98128 81337 1
98128 85064 1
98128 104819 1
98128 104820 1
98128 104821 1
98128 105090 1
98128 108038 1
98128 112468 1
98128 114675 1
98128 119284 1
100096 42925 1
100096 49926 1
100096 59676 1
100096 60679 1
100096 63081 1
100096 63082 1
100096 63083 1
100096 63084 1
100096 63085 1
100096 63730 1
100096 68348 1
100096 86381 1
100096 100105 1
100096 102071 1
100096 108513 1
100096 108818 1
100096 119284 1
102067 60984 1
102067 81236 1
102067 81827 1
102067 102071 1
102067 104492 1
102067 105087 1
102067 105090 1
102067 108649 1
102067 109650 1
102067 113754 1
102067 114675 1
102067 119284 1
104492 69622 1
104492 102067 1
104492 112718 1
104492 119284 1
104819 59286 2
104819 71444 2
104819 81236 1
104819 98128 1
104819 104820 1
104819 104821 2
104819 108038 2
104819 112468 1
104819 114675 1
104819 119284 1
104820 59286 1
104820 71444 1
104820 81236 1
104820 98128 1
104820 104819 1
104820 104821 1
104820 108038 3
104820 112468 1
104820 114675 1
104820 119284 1
104821 59286 3
104821 71444 2
104821 81236 1
104821 98128 1
104821 104819 2
104821 104820 1
104821 108038 2
104821 112468 1
104821 114675 1
104821 119284 1
108038 59286 2
108038 71444 2
108038 81236 1
108038 98128 1
108038 104819 2
108038 104820 3
108038 104821 2
108038 112468 1
108038 114675 1
108038 119284 1
108513 42925 2
108513 49926 1
108513 59292 1
108513 59676 1
108513 60679 1
108513 62990 1
108513 63081 1
108513 63082 1
108513 63083 1
108513 63084 1
108513 63085 1
108513 96719 1
108513 99979 1
108513 100096 1
108513 108818 1
108513 113722 1
108513 119284 1
108818 42925 1
108818 49926 1
108818 55390 1
108818 59676 1
108818 60679 1
108818 63081 1
108818 63082 1
108818 63083 1
108818 63084 1
108818 63085 1
108818 99711 1
108818 100096 1
108818 108513 1
108818 119284 1
109968 62190 2
109968 62195 1
109968 62201 1
109968 93053 1
109968 99190 1
109968 108516 1
109968 109650 1
109968 119284 1
112468 59286 1
112468 62186 1
112468 71444 1
112468 81236 1
112468 81653 1
112468 97502 1
112468 98128 1
112468 98250 1
112468 104819 1
112468 104820 1
112468 104821 1
112468 105089 1
112468 108038 1
112468 108607 1
112468 112469 1
112468 112472 1
112468 114675 1
112468 115137 1
112468 117311 1
112468 119284 1
114675 59286 1
114675 71444 1
114675 81236 1
114675 98128 1
114675 102067 1
114675 104819 1
114675 104820 1
114675 104821 1
114675 108038 1
114675 108649 1
114675 112468 1
114675 119284 1
74159 74941 1
74159 87161 1
74159 101264 1
74159 124750 1
74163 71592 1
74163 79908 1
74163 81695 1
74163 96775 1
74163 99605 1
74163 101826 1
74163 124750 1
74941 33705 1
74941 34459 1
74941 67061 1
74941 67526 1
74941 71736 1
74941 74159 1
74941 81247 1
74941 87161 1
74941 96775 1
74941 101264 1
74941 124750 1
78903 89311 1
78903 124750 1
82807 96775 1
82807 124750 1
87161 74159 1
87161 74941 1
87161 80984 1
87161 101264 1
87161 124750 1
89311 69212 1
89311 78903 1
89311 101174 1
89311 124750 1
99605 74163 1
99605 124750 1
101264 71592 1
101264 74159 1
101264 74941 1
101264 81827 1
101264 87161 1
101264 111401 1
101264 124750 1
101264 124751 1
124751 81827 1
124751 101264 1
124751 124750 1
55386 54882 1
55386 71972 1
55386 79820 1
55386 100364 1
55386 100519 1
55386 113070 1
55386 113488 1
55386 114109 1
55386 115917 1
55386 115918 1
55386 115919 1
55386 115920 1
55386 115921 1
55386 115950 1
55386 116021 1
59019 39926 1
59019 54882 1
59019 62798 1
59019 64962 1
59019 66433 1
59019 76256 1
59019 83463 1
59019 86380 1
59019 86381 1
59019 87051 1
59019 92289 1
59019 97498 1
59019 98247 1
59019 100665 1
59019 103118 1
59019 107945 1
59019 117800 1
61130 54882 1
61130 79308 1
61130 86292 1
61130 98177 1
61130 98178 1
61130 98182 1
61130 99979 1
61130 100515 1
61130 100934 1
61130 100999 1
61130 101724 1
61130 103115 1
61130 106826 1
61130 109650 1
61130 117290 1
61130 117311 1
62798 54882 1
62798 59019 1
62798 64962 1
62798 66433 1
62798 76256 1
62798 83463 1
62798 86380 1
62798 86381 1
62798 92289 1
62798 97498 1
62798 100665 1
62798 103118 1
62798 117800 1
64392 54882 1
64392 74303 1
64392 76579 1
64392 81076 1
64392 93091 1
64392 101007 1
64392 101013 1
64392 103683 1
64392 106959 1
64962 54882 1
64962 59019 1
64962 62798 1
64962 66433 1
64962 76256 1
64962 83463 1
64962 86380 1
64962 86381 1
64962 92289 1
64962 97498 1
64962 100665 1
64962 103118 1
64962 117800 1
65428 54882 1
65428 55390 1
65428 71250 1
65428 107106 1
65428 107107 1
65428 111401 1
65428 113150 1
65428 117136 1
66055 54882 1
66055 62190 1
66055 85065 1
66055 115780 1
66433 54882 1
66433 59019 1
66433 62798 1
66433 64962 1
66433 76256 1
66433 83463 1
66433 86380 1
66433 86381 1
66433 92289 1
66433 97498 1
66433 100665 1
66433 103118 1
66433 117800 1
71250 54882 1
71250 63803 1
71250 65428 1
71250 79307 1
71250 88316 1
71250 98126 1
71250 99180 1
71250 99190 1
71250 107787 1
71250 117290 1
71592 54882 1
71592 57443 1
71592 62190 1
71592 62201 1
71592 68347 1
71592 71593 1
71592 74163 1
71592 97456 1
71592 98236 1
71592 101264 1
71592 105090 1
71592 107040 1
71592 108515 1
71592 108516 1
71592 109202 1
71592 113071 1
71592 113150 1
71592 114325 1
71592 115780 1
71592 116214 1
74303 54882 1
74303 64392 1
74303 76579 1
74303 81076 1
74303 93091 1
74303 101007 1
74303 103683 1
74303 106959 1
74303 109037 1
74303 115194 1
74303 119657 1
76256 54882 1
76256 59019 1
76256 62798 1
76256 64962 1
76256 66433 1
76256 83463 1
76256 86380 1
76256 86381 1
76256 87059 1
76256 90478 1
76256 92289 1
76256 97498 1
76256 100665 1
76256 103118 1
76256 103120 1
76256 114030 1
76256 114325 1
76256 117800 1
76256 124818 1
76579 54882 1
76579 64392 1
76579 74303 1
76579 81076 1
76579 87059 1
76579 93053 1
76579 93091 1
76579 101007 1
76579 103683 1
76579 106959 1
76579 113071 1
79307 54882 1
79307 71250 1
79307 88316 1
79307 98126 1
79307 99180 1
79307 99190 1
79307 107787 1
79307 117290 1
79308 54882 1
79308 61130 1
79308 86292 1
79308 99979 1
79308 100365 1
79308 100934 1
79308 100999 1
79308 101724 1
79308 103115 1
79308 103619 1
79308 109650 1
79308 114109 1
79308 115919 1
79308 115950 1
79308 117311 1
79820 54882 1
79820 55386 1
79820 62202 1
79820 63803 1
79820 100364 1
79820 100519 1
79820 105090 1
79820 113488 1
79820 114109 1
79820 115917 1
79820 115918 1
79820 115919 1
79820 115920 1
79820 115921 1
79820 115950 1
79820 116021 1
81076 54882 1
81076 57443 1
81076 64392 1
81076 74303 1
81076 76579 1
81076 93091 1
81076 101007 1
81076 103683 1
81076 106959 1
81076 108515 1
81827 54882 1
81827 62201 1
81827 63803 1
81827 79910 1
81827 79913 1
81827 81236 1
81827 86381 1
81827 91854 1
81827 93054 1
81827 95436 1
81827 99049 1
81827 101264 1
81827 102067 1
81827 102071 1
81827 105090 1
81827 107186 2
81827 108398 1
81827 108649 1
81827 109650 1
81827 110181 1
81827 113071 1
81827 113488 1
81827 117737 1
81827 124751 1
83463 54882 1
83463 59019 1
83463 62798 1
83463 64962 1
83463 66433 1
83463 76256 1
83463 86380 1
83463 86381 1
83463 92289 1
83463 97498 1
83463 100665 1
83463 103118 1
83463 117800 1
83580 54882 1
83580 99979 1
83580 103111 1
83580 106826 1
83580 108101 1
83580 108398 1
83580 108962 1
83580 108963 1
83580 115528 1
86292 54882 1
86292 61130 1
86292 79308 1
86292 99979 1
86292 100934 1
86292 100999 1
86292 101724 1
86292 103115 1
86292 106959 1
86292 109650 1
86292 115267 1
86292 117311 1
86380 54882 1
86380 59019 1
86380 62798 1
86380 64962 1
86380 66433 1
86380 76256 1
86380 83463 1
86380 86381 1
86380 92289 1
86380 97498 1
86380 100665 1
86380 103118 1
86380 117800 1
86381 54882 1
86381 59019 1
86381 62206 1
86381 62798 1
86381 64962 1
86381 66433 1
86381 71972 1
86381 72490 1
86381 76256 1
86381 81827 1
86381 83463 1
86381 86380 1
86381 92289 1
86381 97498 1
86381 100096 1
86381 100105 1
86381 100665 1
86381 103118 1
86381 103683 1
86381 113488 1
86381 117800 1
87059 54882 1
87059 57441 1
87059 62201 1
87059 64436 1
87059 71535 1
87059 76256 1
87059 76579 1
87059 83186 1
87059 103280 1
87059 108101 1
87059 113722 1
87059 114325 1
87059 115917 1
87059 118677 1
88316 54882 1
88316 71250 1
88316 79307 1
88316 98126 1
88316 99180 1
88316 99190 1
88316 107787 1
88316 117290 1
92289 54882 1
92289 59019 1
92289 62798 1
92289 64962 1
92289 66433 1
92289 76256 1
92289 83463 1
92289 86380 1
92289 86381 1
92289 97498 1
92289 100665 1
92289 101023 1
92289 103118 1
92289 117800 1
93091 54882 1
93091 63082 1
93091 64392 1
93091 74303 1
93091 76579 1
93091 81076 1
93091 93089 1
93091 101007 1
93091 103683 1
93091 106959 1
95436 54882 1
95436 81827 1
95436 99312 1
95436 100102 1
95436 100365 1
95436 102009 1
95436 102071 1
95436 107186 1
95436 108649 1
95436 110181 1
95778 54882 1
95778 57441 1
95778 62759 1
95778 74178 1
95778 81337 1
95778 81828 1
95778 86443 1
95778 89742 1
95778 95102 1
95778 101023 1
95778 101288 1
95778 103619 1
95778 107107 1
95778 107186 1
95778 108305 1
95778 109846 1
95778 112367 1
95778 113723 1
95778 113754 1
95778 121118 1
97498 54882 1
97498 59019 1
97498 62798 1
97498 64962 1
97498 66433 1
97498 76256 1
97498 83463 1
97498 86380 1
97498 86381 1
97498 92289 1
97498 94069 1
97498 97502 1
97498 100665 1
97498 103118 1
97498 117800 1
98126 54882 1
98126 71250 1
98126 79307 1
98126 88316 1
98126 99180 1
98126 99190 1
98126 107787 1
98126 117290 1
98236 54882 1
98236 62190 1
98236 71592 1
98236 97456 1
98236 114325 1
98236 116214 1
99180 54882 1
99180 71250 1
99180 79307 1
99180 88316 1
99180 98126 1
99180 99190 1
99180 107787 1
99180 117290 1
99979 54882 1
99979 61130 1
99979 62193 1
99979 62206 1
99979 76782 1
99979 79308 1
99979 79908 1
99979 83580 1
99979 86292 1
99979 86873 1
99979 92880 1
99979 97456 1
99979 100519 1
99979 100934 1
99979 100999 1
99979 101007 1
99979 101724 1
99979 103115 2
99979 105223 1
99979 107786 1
99979 108513 1
99979 109650 1
99979 113754 1
99979 117311 1
100519 54882 1
100519 55386 1
100519 63803 1
100519 79820 1
100519 86873 1
100519 99979 1
100519 100364 1
100519 103110 1
100519 106826 1
100519 113488 1
100519 114109 1
100519 115917 1
100519 115918 1
100519 115919 1
100519 115920 1
100519 115921 1
100519 115950 1
100519 116021 1
100665 54882 1
100665 59019 1
100665 62798 1
100665 64962 1
100665 66433 1
100665 76256 1
100665 83463 1
100665 86380 1
100665 86381 1
100665 92289 1
100665 96719 1
100665 97498 1
100665 103118 1
100665 108101 1
100665 117311 1
100665 117800 1
100934 54882 1
100934 61130 1
100934 79308 1
100934 86292 1
100934 99979 1
100934 100999 1
100934 101724 1
100934 103115 1
100934 109650 1
100934 117311 1
100999 39926 1
100999 47469 1
100999 54882 1
100999 55153 1
100999 61130 1
100999 74262 1
100999 79308 1
100999 79909 1
100999 86292 1
100999 99190 1
100999 99979 1
100999 100091 1
100999 100934 1
100999 101724 1
100999 103115 1
100999 103683 1
100999 104958 1
100999 107787 1
100999 108101 1
100999 109202 5
100999 109650 1
100999 117311 1
101007 54882 1
101007 64392 1
101007 74303 1
101007 76579 1
101007 76782 1
101007 81076 1
101007 93053 1
101007 93091 1
101007 98478 1
101007 99979 1
101007 103683 1
101007 106959 1
101007 114988 1
101023 54882 1
101023 92289 1
101023 95778 1
101023 100492 1
101023 103619 1
101023 107107 1
101023 107787 1
101023 108305 1
101023 109846 1
101023 113723 1
101023 121118 1
101724 54882 1
101724 61130 1
101724 62192 1
101724 79308 1
101724 86292 1
101724 99979 1
101724 100934 1
101724 100999 1
101724 101826 1
101724 103115 1
101724 108515 1
101724 108516 1
101724 109650 1
101724 114018 1
101724 115267 1
101724 115919 1
101724 115950 1
101724 117290 1
101724 117311 1
102071 54882 1
102071 60984 1
102071 60985 1
102071 81827 1
102071 95436 1
102071 100096 1
102071 102067 1
102071 102073 1
102071 107186 1
102071 108305 1
102071 108649 1
102071 110181 1
102071 113754 1
103111 54882 1
103111 83580 1
103111 103115 1
103111 103118 1
103111 106826 1
103111 108101 1
103111 108398 1
103111 108962 1
103111 108963 1
103111 115528 1
103115 54882 1
103115 61130 1
103115 62206 1
103115 76264 1
103115 79308 1
103115 79908 1
103115 86292 1
103115 99979 2
103115 100515 1
103115 100934 1
103115 100999 1
103115 101724 1
103115 103111 1
103115 103118 1
103115 107108 1
103115 109650 1
103115 113068 1
103115 114018 1
103115 117311 1
103118 54882 1
103118 59019 1
103118 62798 1
103118 64962 1
103118 66433 1
103118 76256 1
103118 83463 1
103118 86380 1
103118 86381 1
103118 89422 1
103118 92289 1
103118 97498 1
103118 100665 1
103118 103111 1
103118 103115 1
103118 107786 1
103118 114385 1
103118 115918 1
103118 117800 1
103619 54882 1
103619 63803 1
103619 79308 1
103619 95778 1
103619 100365 1
103619 101023 1
103619 105223 1
103619 107107 1
103619 108305 1
103619 109846 1
103619 113723 2
103619 114109 1
103619 115919 1
103619 115950 1
103619 121118 1
103683 39926 1
103683 47469 1
103683 54882 1
103683 62206 1
103683 64392 1
103683 72490 1
103683 74303 1
103683 76264 1
103683 76579 1
103683 81076 1
103683 86381 1
103683 93091 1
103683 100999 1
103683 101007 1
103683 104958 1
103683 106959 1
103683 113071 1
106826 54882 1
106826 61130 1
106826 83580 1
106826 98177 1
106826 98178 1
106826 98182 1
106826 100519 1
106826 103111 1
106826 108101 1
106826 108398 1
106826 108962 1
106826 108963 1
106826 115528 1
106826 117290 1
106959 54882 1
106959 64392 1
106959 74303 1
106959 76579 1
106959 81076 1
106959 86292 1
106959 93091 1
106959 101007 1
106959 103683 1
107106 54882 1
107106 65428 1
107106 74169 1
107106 94058 1
107106 107107 4
107106 109202 1
107106 109650 1
107106 111401 1
107106 113150 1
107106 117136 1
107186 54882 1
107186 57441 1
107186 62759 1
107186 74178 1
107186 81337 1
107186 81827 2
107186 81828 1
107186 86443 1
107186 89742 1
107186 91854 1
107186 95102 1
107186 95436 1
107186 95778 1
107186 99049 1
107186 101288 1
107186 102071 1
107186 108649 1
107186 110181 1
107186 112367 1
107186 113754 1
107787 5650 1
107787 19515 1
107787 51018 1
107787 54882 1
107787 55152 1
107787 63085 2
107787 71250 1
107787 76112 1
107787 79307 1
107787 79910 1
107787 88316 1
107787 89103 1
107787 94058 1
107787 98126 1
107787 99180 1
107787 99190 1
107787 100999 1
107787 101023 1
107787 102009 1
107787 107786 1
107787 109202 2
107787 115917 1
107787 117290 1
108101 54882 1
108101 76778 1
108101 78623 1
108101 79910 2
108101 83580 1
108101 87059 1
108101 96719 1
108101 100665 1
108101 100999 1
108101 103111 1
108101 106826 1
108101 108398 1
108101 108962 1
108101 108963 1
108101 115528 1
108101 117311 1
108305 54882 1
108305 89739 1
108305 95778 1
108305 101023 1
108305 102071 1
108305 103619 1
108305 107107 1
108305 109846 1
108305 113723 1
108305 121118 1
108398 54882 1
108398 81827 1
108398 83580 1
108398 103111 1
108398 106826 1
108398 108101 1
108398 108962 1
108398 108963 1
108398 115528 1
108649 54882 1
108649 76782 1
108649 81827 1
108649 95436 1
108649 98549 1
108649 102067 1
108649 102071 1
108649 107186 1
108649 108648 1
108649 110181 1
108649 114675 1
108649 115267 1
108962 54882 1
108962 83580 1
108962 103111 1
108962 106826 1
108962 108101 1
108962 108398 1
108962 108963 1
108962 115528 1
108963 54882 1
108963 83580 1
108963 103111 1
108963 106826 1
108963 108101 1
108963 108398 1
108963 108962 1
108963 115528 1
109650 54882 1
109650 61130 1
109650 79308 1
109650 81236 1
109650 81827 1
109650 85966 1
109650 86292 1
109650 93053 1
109650 96596 1
109650 99979 1
109650 100934 1
109650 100999 1
109650 101724 1
109650 102067 1
109650 103115 1
109650 105090 1
109650 107106 1
109650 107107 1
109650 109968 1
109650 117311 1
110181 54882 1
110181 81827 1
110181 95436 1
110181 102071 1
110181 107186 1
110181 108649 1
111401 54882 1
111401 65428 1
111401 101264 1
111401 107106 1
111401 107107 1
111401 113150 1
111401 116021 1
111401 117136 1
113150 54882 1
113150 65428 1
113150 71592 1
113150 107106 1
113150 107107 1
113150 109202 1
113150 111401 1
113150 113071 1
113150 117136 1
113488 54882 1
113488 55386 1
113488 76252 1
113488 79820 1
113488 81827 1
113488 86381 1
113488 100364 1
113488 100515 1
113488 100519 1
113488 105089 1
113488 114109 1
113488 115917 1
113488 115918 1
113488 115919 1
113488 115920 1
113488 115921 1
113488 115950 1
113488 116021 1
113488 116903 1
113722 54882 1
113722 62188 1
113722 87059 1
113722 90478 1
113722 108513 1
113722 113723 1
113722 124296 1
113723 54882 1
113723 63085 1
113723 85064 1
113723 87051 1
113723 90478 1
113723 95778 1
113723 101023 1
113723 103619 2
113723 107107 1
113723 108305 1
113723 109846 1
113723 113722 1
113723 121118 1
113723 124469 1
114109 54882 1
114109 55386 1
114109 63803 1
114109 79308 1
114109 79820 1
114109 100364 1
114109 100365 1
114109 100519 1
114109 103619 1
114109 113488 1
114109 115917 1
114109 115918 2
114109 115919 2
114109 115920 1
114109 115921 1
114109 115950 2
114109 116021 1
114325 42925 1
114325 54882 1
114325 62190 1
114325 71592 1
114325 76256 1
114325 86873 1
114325 87059 1
114325 94058 1
114325 97456 1
114325 98236 1
114325 101013 1
114325 107108 1
114325 108516 1
114325 116214 1
115528 54882 1
115528 62206 1
115528 83580 1
115528 103111 1
115528 106826 1
115528 108101 1
115528 108398 1
115528 108607 1
115528 108962 1
115528 108963 1
115917 54882 1
115917 55386 1
115917 79820 1
115917 87059 1
115917 99049 1
115917 100364 1
115917 100519 1
115917 101942 1
115917 102009 1
115917 107787 1
115917 113488 1
115917 114109 1
115917 115918 1
115917 115919 1
115917 115920 1
115917 115921 1
115917 115950 1
115917 116021 1
115918 54882 1
115918 55386 1
115918 79820 1
115918 100364 1
115918 100519 1
115918 103118 1
115918 113488 1
115918 114109 2
115918 115917 1
115918 115919 1
115918 115920 1
115918 115921 1
115918 115950 1
115918 116021 1
115919 54882 1
115919 55386 1
115919 79308 1
115919 79820 1
115919 100364 1
115919 100365 1
115919 100519 1
115919 101724 1
115919 103619 1
115919 113488 1
115919 114018 1
115919 114109 2
115919 115267 1
115919 115917 1
115919 115918 1
115919 115920 1
115919 115921 1
115919 115950 5
115919 116021 1
115920 54882 1
115920 55386 1
115920 79820 1
115920 100364 1
115920 100519 1
115920 113488 1
115920 114109 1
115920 115917 1
115920 115918 1
115920 115919 1
115920 115921 1
115920 115950 1
115920 116021 1
115921 54882 1
115921 55386 1
115921 79820 1
115921 100364 1
115921 100519 1
115921 113488 1
115921 114109 1
115921 115917 1
115921 115918 1
115921 115919 1
115921 115920 1
115921 115950 1
115921 116021 1
115950 54882 1
115950 55386 1
115950 79308 1
115950 79820 1
115950 100364 1
115950 100365 1
115950 100519 1
115950 101724 1
115950 103619 1
115950 113488 1
115950 114018 1
115950 114109 2
115950 115267 1
115950 115917 1
115950 115918 1
115950 115919 5
115950 115920 1
115950 115921 1
115950 116021 1
116021 54882 1
116021 55386 1
116021 63714 1
116021 79820 1
116021 100364 1
116021 100519 1
116021 111401 1
116021 113488 1
116021 114109 1
116021 115426 1
116021 115917 1
116021 115918 1
116021 115919 1
116021 115920 1
116021 115921 1
116021 115950 1
116214 54882 1
116214 62190 1
116214 62192 1
116214 62202 1
116214 71592 1
116214 97456 1
116214 98181 1
116214 98236 1
116214 107667 1
116214 114325 1
117136 54882 1
117136 62190 1
117136 62195 1
117136 65428 1
117136 81236 1
117136 93089 1
117136 94070 1
117136 107106 1
117136 107107 1
117136 107786 1
117136 111401 1
117136 113150 1
117136 116484 1
117290 54882 1
117290 61130 1
117290 71250 1
117290 79307 1
117290 79908 1
117290 79910 1
117290 88316 1
117290 98126 1
117290 98177 1
117290 98178 1
117290 98182 1
117290 99180 1
117290 99190 1
117290 101013 1
117290 101724 1
117290 105089 1
117290 105090 1
117290 106826 1
117290 107787 1
117290 117800 1
117311 54882 1
117311 61130 1
117311 79308 1
117311 86292 1
117311 96719 1
117311 99979 1
117311 100665 1
117311 100934 1
117311 100999 1
117311 101724 1
117311 103115 1
117311 108101 1
117311 109650 1
117311 112468 1
117800 54882 1
117800 59019 1
117800 62798 1
117800 64962 1
117800 66433 1
117800 76256 1
117800 83463 1
117800 86380 1
117800 86381 1
117800 92289 1
117800 97498 1
117800 100665 1
117800 103118 1
117800 117290 1
121118 54882 1
121118 95778 1
121118 101023 1
121118 103619 1
121118 107107 1
121118 108305 1
121118 109846 1
121118 113723 1
124495 54882 1
124495 114018 1
124495 124296 1
59292 42925 1
59292 55166 1
59292 71593 1
59292 74169 1
59292 76778 1
59292 102021 1
59292 108513 1
59292 109200 1
59292 109202 1
59292 109203 1
71593 55166 1
71593 59292 1
71593 62201 1
71593 68347 1
71593 71592 1
71593 74169 1
71593 76778 1
71593 101013 1
71593 102021 1
71593 108515 1
71593 109200 1
71593 109202 1
71593 109203 1
71593 112115 1
74169 55166 1
74169 59292 1
74169 71593 1
74169 76778 1
74169 94058 1
74169 102021 1
74169 107106 1
74169 107107 1
74169 109200 1
74169 109202 2
74169 109203 1
76778 55166 1
76778 59292 1
76778 71593 1
76778 74169 1
76778 76782 1
76778 79910 1
76778 102021 1
76778 108101 1
76778 109200 1
76778 109202 1
76778 109203 1
84242 55166 1
84242 85064 1
84242 100514 1
84242 107108 1
102021 55166 1
102021 59292 1
102021 71593 1
102021 74169 1
102021 76778 1
102021 95102 1
102021 109200 1
102021 109202 1
102021 109203 1
102021 113070 1
107108 55166 1
107108 84242 1
107108 103115 1
107108 108516 1
107108 114325 1
109200 20021 1
109200 55166 1
109200 59292 1
109200 62203 1
109200 62204 1
109200 71593 1
109200 74169 1
109200 76778 1
109200 102021 1
109200 109202 1
109200 109203 1
109202 55152 1
109202 55166 1
109202 59292 1
109202 62201 1
109202 62990 1
109202 71592 1
109202 71593 1
109202 74169 2
109202 74262 1
109202 76778 1
109202 79910 1
109202 94058 1
109202 99190 1
109202 100091 1
109202 100999 5
109202 102021 1
109202 104093 1
109202 107106 1
109202 107107 1
109202 107787 2
109202 109200 1
109202 109203 1
109202 113071 1
109202 113150 1
109202 114988 1
109203 55166 1
109203 59292 1
109203 71593 1
109203 74169 1
109203 76778 1
109203 102021 1
109203 109200 1
109203 109202 1
29885 55264 1
29885 57293 1
29885 62822 1
29885 69598 1
29885 80473 1
29885 81764 1
29885 85455 1
29885 97423 1
29885 122922 1
36984 37014 1
36984 49231 1
36984 55264 1
36984 82254 1
36984 85098 1
37014 36984 1
37014 49231 1
37014 55264 1
37014 82254 1
37014 85098 1
39433 45999 1
39433 51332 1
39433 54910 1
39433 55264 1
39433 56276 1
39433 64284 1
39433 67179 1
39433 70245 1
39433 72386 1
45206 52165 1
45206 55264 1
45206 59499 1
45206 95445 1
45999 39433 1
45999 51332 1
45999 54910 1
45999 55264 1
45999 56276 1
45999 64284 1
45999 67179 1
45999 70245 1
45999 72386 1
49231 36984 1
49231 37014 1
49231 55264 1
49231 82254 1
49231 85098 1
49350 55264 1
49350 61982 1
49350 68565 1
49350 74466 1
49350 124374 1
51332 39433 1
51332 45999 1
51332 54910 1
51332 55264 1
51332 56276 1
51332 64284 1
51332 67179 1
51332 70245 1
51332 72386 1
52165 45206 1
52165 55264 1
52165 59499 1
52165 88694 1
52165 95445 1
54910 39433 1
54910 45999 1
54910 51332 1
54910 55264 1
54910 56276 1
54910 64284 1
54910 66278 1
54910 67179 1
54910 70245 1
54910 72386 1
55263 55264 2
55263 58990 1
55263 59499 1
55263 63698 1
55263 64122 1
55263 70191 1
55263 72366 1
55263 74466 1
55263 75466 1
55263 86979 1
55263 87586 1
55263 95521 1
56276 39433 1
56276 45999 1
56276 51332 1
56276 54910 1
56276 55264 1
56276 64284 1
56276 67179 1
56276 70245 1
56276 72386 1
57252 55264 1
57252 59485 1
57252 68161 1
57252 71068 1
57252 71093 1
57252 73003 1
57252 87848 1
57252 91668 1
57252 111560 1
57252 126406 1
57293 29885 1
57293 55264 1
57293 62822 1
57293 69598 1
57293 80473 1
57293 81764 1
57293 85455 1
57293 97423 1
57293 122922 1
58990 55263 1
58990 55264 1
58990 63698 1
58990 70191 1
58990 72366 1
58990 74466 1
58990 75466 1
58990 86979 1
58990 87586 1
59485 55264 1
59485 57252 1
59485 68161 1
59485 71068 1
59485 71093 2
59485 73003 1
59485 83467 1
59485 87848 1
59485 91668 1
59485 93565 1
59485 111560 1
59485 126406 1
59499 45206 1
59499 52165 1
59499 55263 1
59499 55264 2
59499 64122 1
59499 68565 1
59499 95445 1
59499 95521 1
59499 95688 1
61754 55264 1
61754 61755 1
61754 88694 1
61754 95688 1
61754 101465 1
61755 55264 1
61755 61754 1
61755 88694 1
61755 95688 1
61755 101465 1
62822 29885 1
62822 55264 1
62822 57293 1
62822 69598 1
62822 80473 1
62822 81764 1
62822 85455 1
62822 97423 1
62822 122922 1
63698 55263 1
63698 55264 1
63698 58990 1
63698 70191 1
63698 72366 1
63698 74466 1
63698 75466 1
63698 86979 1
63698 87586 1
64122 55263 1
64122 55264 2
64122 59499 1
64122 68565 1
64122 70189 1
64122 87851 1
64122 95521 1
64122 98549 1
64122 99530 1
64122 104829 1
64284 39433 1
64284 45999 1
64284 51332 1
64284 54910 1
64284 55264 1
64284 56276 1
64284 67179 1
64284 70245 1
64284 72386 1
67179 39433 1
67179 45999 1
67179 51332 1
67179 54910 1
67179 55264 1
67179 56276 1
67179 64284 1
67179 70245 1
67179 72386 1
68161 55264 1
68161 57252 1
68161 59485 1
68161 71068 1
68161 71093 1
68161 73003 1
68161 87848 1
68161 91668 1
68161 111560 1
68161 126406 1
68565 49350 1
68565 55264 1
68565 59499 1
68565 64122 1
68565 72642 1
68565 87251 1
68565 87848 1
68565 87851 1
68565 88705 1
68565 98549 1
68565 99530 1
68565 104829 1
68565 105231 1
69598 29885 1
69598 55264 1
69598 57293 1
69598 62822 1
69598 70149 1
69598 80473 1
69598 81764 1
69598 85455 1
69598 97423 1
69598 122922 1
70189 47143 1
70189 55264 1
70189 64122 1
70189 71093 1
70189 72642 1
70189 88703 1
70189 99530 1
70189 105231 1
70189 127733 1
70191 55263 1
70191 55264 1
70191 58990 1
70191 63698 1
70191 72366 1
70191 74466 1
70191 75466 1
70191 85196 1
70191 86979 1
70191 87586 1
70245 39433 1
70245 45999 1
70245 51332 1
70245 54910 1
70245 55264 1
70245 56276 1
70245 64284 1
70245 67179 1
70245 72386 1
71068 47256 1
71068 55264 1
71068 57252 1
71068 59485 1
71068 60344 1
71068 61007 1
71068 61222 1
71068 68161 1
71068 68419 1
71068 71093 1
71068 72974 1
71068 73003 1
71068 78200 1
71068 87848 1
71068 91668 1
71068 97135 1
71068 111560 1
71068 123960 1
71068 126406 1
71093 55264 1
71093 57252 1
71093 59485 2
71093 68161 1
71093 70189 1
71093 71068 1
71093 73003 1
71093 87848 1
71093 91668 1
71093 111560 1
71093 126406 1
71349 55264 1
71349 85196 1
71349 88007 1
71349 94739 1
71349 96151 1
71349 99531 1
71349 100104 1
71349 109879 1
71515 55264 1
71515 71621 1
71515 89762 1
71515 93254 1
71515 97391 1
71621 55264 1
71621 71515 1
71621 72642 1
71621 87251 1
71621 89762 1
71621 93254 1
71621 97391 1
72366 55263 1
72366 55264 1
72366 58990 1
72366 63698 1
72366 70191 1
72366 74466 1
72366 75466 1
72366 86979 1
72366 87586 1
72386 39433 1
72386 45999 1
72386 51332 1
72386 54910 1
72386 55264 1
72386 56276 1
72386 64284 1
72386 67179 1
72386 70245 1
73003 55264 1
73003 57252 1
73003 59485 1
73003 68161 1
73003 71068 1
73003 71093 1
73003 87848 1
73003 91668 1
73003 95445 1
73003 111560 1
73003 126406 1
74466 49350 1
74466 55263 1
74466 55264 1
74466 58990 1
74466 63698 1
74466 70191 1
74466 72366 1
74466 75466 1
74466 86979 1
74466 87586 1
75466 55263 1
75466 55264 1
75466 58990 1
75466 63698 1
75466 70191 1
75466 72366 1
75466 74466 1
75466 86979 1
75466 87586 1
77066 55264 1
77066 83467 1
77066 88701 1
77066 88703 1
77066 88704 1
77066 88705 1
77066 88707 1
77066 95348 1
77066 127733 1
80343 55264 1
80343 95445 1
80473 29885 1
80473 55264 1
80473 57293 1
80473 62822 1
80473 69598 1
80473 81764 1
80473 85098 1
80473 85455 1
80473 97423 1
80473 122922 1
81764 29885 1
81764 55264 1
81764 57293 1
81764 62822 1
81764 69598 1
81764 80473 1
81764 85455 1
81764 97423 1
81764 122922 1
82254 36984 1
82254 37014 1
82254 49231 1
82254 55264 1
82254 85098 1
82698 55264 1
82698 57263 1
82698 72642 1
82698 95445 1
83467 55264 1
83467 59485 1
83467 72642 1
83467 77066 1
83467 88701 1
83467 88703 1
83467 88704 1
83467 88705 1
83467 88707 1
83467 95348 1
83467 127733 1
85098 36984 1
85098 37014 1
85098 49231 1
85098 55264 1
85098 80473 1
85098 82254 1
85196 55264 1
85196 70191 1
85196 71349 1
85196 72642 1
85196 88007 1
85196 94739 1
85196 96151 1
85196 99531 1
85196 100104 1
85196 104829 1
85196 109879 1
85196 111560 1
85455 29885 1
85455 55264 1
85455 57293 1
85455 62822 1
85455 69598 1
85455 80473 1
85455 81764 1
85455 97423 1
85455 122922 1
86979 55263 1
86979 55264 1
86979 58990 1
86979 63698 1
86979 70191 1
86979 72366 1
86979 74466 1
86979 75466 1
86979 87586 1
87586 55263 1
87586 55264 1
87586 58990 1
87586 63698 1
87586 70191 1
87586 72366 1
87586 74466 1
87586 75466 1
87586 86979 1
87848 55264 1
87848 57252 1
87848 59485 1
87848 68161 1
87848 68565 1
87848 71068 1
87848 71093 1
87848 73003 1
87848 83536 1
87848 91668 1
87848 105231 1
87848 111560 1
87848 126406 1
87851 55264 1
87851 64122 1
87851 68565 1
87851 98549 1
87851 99530 1
87851 104829 1
88007 55264 1
88007 71349 1
88007 85196 1
88007 94739 1
88007 96151 1
88007 99531 1
88007 100104 1
88007 109879 1
88694 52165 1
88694 55264 1
88694 61754 1
88694 61755 1
88694 95688 1
88694 101465 1
88701 55264 1
88701 77066 1
88701 83467 1
88701 88702 1
88701 88703 1
88701 88704 1
88701 88705 1
88701 88707 1
88701 95348 1
88701 127163 1
88701 127733 1
88703 55264 1
88703 70189 1
88703 77066 1
88703 83467 1
88703 88701 1
88703 88704 1
88703 88705 1
88703 88707 1
88703 95348 1
88703 127733 1
88704 55264 1
88704 77066 1
88704 83467 1
88704 88701 1
88704 88703 1
88704 88705 1
88704 88707 1
88704 95348 1
88704 127733 1
88705 55264 1
88705 68565 1
88705 77066 1
88705 83467 1
88705 88701 1
88705 88703 1
88705 88704 1
88705 88707 1
88705 95348 1
88705 127733 1
88707 55264 1
88707 77066 1
88707 83467 1
88707 88701 1
88707 88703 1
88707 88704 1
88707 88705 1
88707 95348 1
88707 127733 1
89762 55264 1
89762 71515 1
89762 71621 1
89762 93254 2
89762 95445 1
89762 97391 1
91668 55264 1
91668 57252 1
91668 59485 1
91668 68161 1
91668 71068 1
91668 71093 1
91668 73003 1
91668 84686 1
91668 87848 1
91668 111560 1
91668 126406 1
93254 55264 1
93254 71515 1
93254 71621 1
93254 89762 2
93254 97391 1
93254 101113 1
93254 102038 3
94739 55264 1
94739 71349 1
94739 85196 1
94739 88007 1
94739 96151 1
94739 99531 1
94739 100104 1
94739 109879 1
95348 55264 1
95348 77066 1
95348 83467 1
95348 88701 1
95348 88703 1
95348 88704 1
95348 88705 1
95348 88707 1
95348 127733 1
95445 45206 1
95445 52165 1
95445 55264 3
95445 59499 1
95445 73003 1
95445 80343 1
95445 82698 1
95445 89762 1
95445 109428 1
95521 55263 1
95521 55264 1
95521 59499 1
95521 64122 1
95688 55264 1
95688 59499 1
95688 61754 1
95688 61755 1
95688 88694 1
95688 101465 1
96151 55264 1
96151 71349 1
96151 85196 1
96151 88007 1
96151 94739 1
96151 99531 1
96151 100104 1
96151 109879 1
97391 55264 1
97391 71515 1
97391 71621 1
97391 89762 1
97391 93254 1
97391 95383 1
97423 29885 1
97423 55264 1
97423 57293 1
97423 62822 1
97423 69598 1
97423 80473 1
97423 81764 1
97423 85455 1
97423 122922 1
98549 55264 1
98549 64122 1
98549 68565 1
98549 87851 1
98549 99530 1
98549 104829 1
98549 105223 1
98549 108648 1
98549 108649 1
98549 115267 1
99530 55264 1
99530 64122 1
99530 68565 1
99530 70189 1
99530 87851 1
99530 98549 1
99530 104829 1
99531 55264 1
99531 71349 1
99531 85196 1
99531 88007 1
99531 94739 1
99531 96151 1
99531 100104 1
99531 109879 1
100104 55264 1
100104 55343 1
100104 60460 1
100104 62762 1
100104 71349 1
100104 85064 1
100104 85196 1
100104 88007 1
100104 94739 1
100104 96151 1
100104 99179 1
100104 99531 1
100104 100093 1
100104 100099 1
100104 100101 1
100104 100102 1
100104 100103 1
100104 100105 1
100104 100106 1
100104 101817 1
100104 109037 1
100104 109879 1
100104 115137 1
101465 55264 1
101465 61754 1
101465 61755 1
101465 69751 1
101465 78121 1
101465 88694 1
101465 95688 1
104829 55264 1
104829 64122 1
104829 68565 1
104829 85196 1
104829 87851 1
104829 98549 1
104829 99530 1
104829 111560 1
105231 55264 1
105231 68565 1
105231 70189 1
105231 87848 1
105231 99470 1
105231 99471 1
105231 107406 1
109879 55264 1
109879 71349 1
109879 85196 1
109879 88007 1
109879 94739 1
109879 96151 1
109879 99531 1
109879 100104 1
111560 55264 1
111560 57252 1
111560 59485 1
111560 68161 1
111560 71068 1
111560 71093 1
111560 73003 1
111560 85196 1
111560 87848 1
111560 91668 1
111560 104829 1
111560 126406 1
122922 29885 1
122922 55264 1
122922 57293 1
122922 62822 1
122922 69598 1
122922 80473 1
122922 81764 1
122922 85455 1
122922 97423 1
124374 49350 1
124374 55264 1
126406 55264 1
126406 57252 1
126406 59485 1
126406 68161 1
126406 71068 1
126406 71093 1
126406 73003 1
126406 87848 1
126406 91668 1
126406 111560 1
127733 55264 1
127733 70189 1
127733 72642 1
127733 77066 1
127733 83467 1
127733 88701 1
127733 88703 1
127733 88704 1
127733 88705 1
127733 88707 1
127733 95348 1
127733 107667 1
127733 111308 1
127733 112506 1
56957 55364 1
56957 62186 1
56957 62187 1
56957 62188 1
56957 62191 1
56957 62193 1
56957 62194 1
56957 62210 1
56957 85065 1
56957 91910 1
56957 93089 1
56957 101013 1
56957 112427 1
56957 113070 1
62186 55364 1
62186 56957 1
62186 62187 1
62186 62188 1
62186 62191 1
62186 62193 1
62186 62194 1
62186 62210 1
62186 91910 1
62186 93089 1
62186 108607 1
62186 112468 1
62186 113070 1
62187 55364 1
62187 56957 1
62187 62186 1
62187 62188 1
62187 62191 1
62187 62193 1
62187 62194 1
62187 62210 1
62187 91910 1
62187 93089 1
62187 113070 1
62188 55364 1
62188 56957 1
62188 62186 1
62188 62187 1
62188 62191 1
62188 62193 1
62188 62194 1
62188 62210 1
62188 82505 1
62188 91910 1
62188 93089 1
62188 113070 1
62188 113722 1
62188 124296 1
62191 55364 1
62191 56957 1
62191 62186 1
62191 62187 1
62191 62188 1
62191 62193 1
62191 62194 1
62191 62210 1
62191 63083 1
62191 87051 1
62191 91910 1
62191 93089 1
62191 113070 1
62193 55364 1
62193 56957 1
62193 62186 1
62193 62187 1
62193 62188 1
62193 62190 1
62193 62191 1
62193 62194 1
62193 62210 1
62193 91910 1
62193 93089 1
62193 99979 1
62193 113070 1
62194 55364 1
62194 56957 1
62194 62186 1
62194 62187 1
62194 62188 1
62194 62191 1
62194 62193 1
62194 62210 1
62194 85966 1
62194 91910 1
62194 93089 1
62194 96717 1
62194 96718 1
62194 96719 1
62194 107667 1
62194 113070 1
62210 55364 1
62210 56957 1
62210 62186 1
62210 62187 1
62210 62188 1
62210 62190 1
62210 62191 1
62210 62193 1
62210 62194 1
62210 91910 1
62210 93089 1
62210 113070 1
91910 55364 1
91910 56957 1
91910 62186 1
91910 62187 1
91910 62188 1
91910 62191 1
91910 62193 1
91910 62194 1
91910 62210 1
91910 93089 1
91910 113070 1
93089 55364 1
93089 56957 1
93089 62186 1
93089 62187 1
93089 62188 1
93089 62191 1
93089 62193 1
93089 62194 1
93089 62210 1
93089 63082 1
93089 81236 1
93089 91910 1
93089 93091 1
93089 113070 1
93089 117136 1
113070 55364 1
113070 55386 1
113070 56957 1
113070 62186 1
113070 62187 1
113070 62188 1
113070 62191 1
113070 62193 1
113070 62194 1
113070 62206 1
113070 62210 1
113070 91910 1
113070 93089 1
113070 95102 1
113070 96596 1
113070 100366 1
113070 102021 1
113070 113068 1
113070 113071 1
29647 33775 1
29647 57441 1
29647 57443 1
29647 79049 1
29647 79050 1
29647 79051 1
29647 80041 1
29647 81337 1
29647 85064 1
29647 91854 1
29647 94070 1
29647 101942 1
29647 108516 1
50807 55152 1
50807 57441 1
50807 59912 1
50807 76078 1
50807 81805 1
53487 57303 1
53487 57441 1
53487 67273 1
53487 83200 1
53487 86873 1
53487 87054 1
53487 93082 1
53487 93083 1
53487 93084 1
53487 101942 1
54809 57441 1
54809 75150 1
55152 50807 1
55152 57441 1
55152 59912 1
55152 76078 1
55152 81805 1
55152 95102 1
55152 107787 1
55152 109202 1
55152 114988 1
57303 53487 1
57303 57441 1
57303 83200 1
57303 87054 1
57303 93082 1
57303 93083 1
57303 93084 1
57443 29647 1
57443 57441 3
57443 61989 1
57443 66168 1
57443 67154 1
57443 71592 1
57443 71972 1
57443 76264 1
57443 79049 1
57443 79050 1
57443 79051 1
57443 80041 1
57443 81076 1
57443 81337 2
57443 85064 2
57443 85966 1
57443 91854 1
57443 94070 1
57443 96775 1
57443 97017 1
57443 99312 1
57443 101942 1
57443 108516 2
57443 116903 1
58578 57441 1
58578 60984 1
58578 63730 1
58578 82505 1
58578 90821 1
58578 101826 1
58578 101828 1
58578 113099 1
58578 116903 1
59912 50807 1
59912 55152 1
59912 57441 1
59912 76078 1
59912 81805 1
60984 55369 1
60984 57441 1
60984 58578 1
60984 62200 1
60984 63730 1
60984 81337 1
60984 82505 1
60984 90821 1
60984 100092 1
60984 101826 1
60984 101828 1
60984 102067 1
60984 102071 1
60984 113068 1
60984 113071 1
60984 113099 1
60984 113754 1
61989 54267 1
61989 54881 1
61989 57441 1
61989 57443 1
61989 59421 1
61989 76264 1
61989 81337 3
61989 85065 1
61989 85966 3
61989 87051 1
61989 96775 1
61989 98247 1
61989 99312 1
61989 99666 1
61989 108516 1
62759 57441 1
62759 74178 1
62759 81337 2
62759 81828 1
62759 86443 1
62759 89742 1
62759 95102 1
62759 95778 1
62759 101288 1
62759 107186 1
62759 108073 1
62759 109239 1
62759 112367 1
62759 113754 1
63730 57441 1
63730 58578 1
63730 60984 1
63730 68348 1
63730 82505 1
63730 90821 1
63730 100096 1
63730 101826 1
63730 101828 1
63730 113099 1
64424 57441 1
64424 67273 1
64424 74572 1
64424 74574 1
64424 74575 1
64424 76782 1
64424 81463 1
65459 57441 1
65459 67212 5
65459 81900 1
66168 57441 1
66168 57443 1
66168 96717 1
66168 97017 1
67212 57441 1
67212 65459 5
67212 81900 1
67273 53487 1
67273 57441 1
67273 64424 1
67273 74572 1
67273 74574 1
67273 74575 1
67273 76782 1
67273 81463 1
67273 86873 1
67273 101942 1
71535 57441 1
71535 71536 1
71535 87051 1
71535 87059 1
72490 57441 1
72490 62206 1
72490 86381 1
72490 86478 1
72490 103683 1
74178 57441 1
74178 62759 1
74178 81337 1
74178 81828 1
74178 86443 1
74178 89742 1
74178 95102 1
74178 95778 1
74178 101288 1
74178 107186 1
74178 112367 1
74178 113754 1
74261 57441 1
74261 74262 3
74261 100091 1
74261 100515 1
74261 104093 1
74261 104958 1
74262 57441 1
74262 74261 3
74262 100091 1
74262 100515 1
74262 100999 1
74262 104093 2
74262 104958 1
74262 109202 1
74572 43535 1
74572 57441 1
74572 60977 1
74572 64424 1
74572 65098 1
74572 67273 1
74572 74574 1
74572 74575 1
74572 76782 1
74572 81463 1
74574 57441 1
74574 63081 1
74574 64424 1
74574 67273 1
74574 74572 1
74574 74575 1
74574 76782 1
74574 81463 1
74575 57441 1
74575 64424 1
74575 67273 1
74575 74572 1
74575 74574 1
74575 76782 1
74575 81463 1
75150 54809 1
75150 57441 1
76078 50807 1
76078 55152 1
76078 57441 1
76078 59912 1
76078 81805 1
76078 91561 1
76264 57441 1
76264 57443 1
76264 59667 1
76264 61989 1
76264 65426 1
76264 81337 1
76264 85966 1
76264 96775 1
76264 99312 2
76264 100515 1
76264 103115 1
76264 103683 1
76264 108516 1
76264 113071 1
76782 57441 1
76782 64424 1
76782 67273 1
76782 74572 1
76782 74574 1
76782 74575 1
76782 76778 1
76782 81463 1
76782 89742 1
76782 99979 1
76782 101007 1
76782 108649 1
78623 38619 1
78623 57441 1
78623 78624 4
78623 104093 1
78623 108101 1
78623 109646 1
78623 126906 2
78624 38619 1
78624 57441 1
78624 78623 4
78624 104093 1
78624 109646 1
78624 126906 3
79049 29647 1
79049 57441 1
79049 57443 1
79049 79050 1
79049 79051 1
79049 80041 1
79049 81337 1
79049 85064 1
79049 91854 1
79049 94070 1
79049 101942 1
79050 29647 1
79050 57441 1
79050 57443 1
79050 79049 1
79050 79051 1
79050 80041 1
79050 81337 1
79050 85064 1
79050 91854 1
79050 94070 1
79050 101942 1
79051 29647 1
79051 57441 1
79051 57443 1
79051 79049 1
79051 79050 1
79051 80041 1
79051 81337 1
79051 85064 1
79051 91854 1
79051 94070 1
79051 101942 1
80041 29647 1
80041 55369 1
80041 57441 1
80041 57443 1
80041 62990 1
80041 79049 1
80041 79050 1
80041 79051 1
80041 81337 1
80041 85064 1
80041 91854 1
80041 93054 1
80041 94070 1
80041 101942 1
80041 107667 1
81337 29647 1
81337 55369 1
81337 57441 3
81337 57443 2
81337 60984 1
81337 61989 3
81337 62759 2
81337 74178 1
81337 76264 1
81337 79049 1
81337 79050 1
81337 79051 1
81337 80041 1
81337 81045 1
81337 81828 1
81337 85064 3
81337 85966 1
81337 86443 1
81337 89742 1
81337 91854 1
81337 94070 1
81337 95102 1
81337 95778 1
81337 96775 3
81337 98128 1
81337 99049 1
81337 99312 1
81337 101288 1
81337 101942 1
81337 103280 1
81337 107186 1
81337 108516 1
81337 112367 1
81337 113754 1
81463 57441 1
81463 64424 1
81463 67273 1
81463 74572 1
81463 74574 1
81463 74575 1
81463 76782 1
81761 57441 1
81805 50807 1
81805 55152 1
81805 57441 1
81805 59912 1
81805 74175 1
81805 76078 1
81805 94070 1
81828 57441 1
81828 62759 1
81828 74178 1
81828 81337 1
81828 86443 1
81828 89742 1
81828 95102 1
81828 95778 1
81828 101288 1
81828 107186 1
81828 112367 1
81828 113754 1
82505 57441 1
82505 58578 1
82505 60984 1
82505 62188 1
82505 63730 1
82505 90821 1
82505 101826 1
82505 101828 1
82505 113099 1
83200 53487 1
83200 55363 1
83200 57303 1
83200 57441 1
83200 59676 1
83200 87054 1
83200 93082 1
83200 93083 1
83200 93084 1
83200 95091 1
85064 29647 1
85064 57441 1
85064 57443 2
85064 60460 1
85064 60985 1
85064 62762 1
85064 78658 1
85064 79049 1
85064 79050 1
85064 79051 1
85064 80041 1
85064 81337 3
85064 84242 1
85064 85065 1
85064 85966 1
85064 91854 1
85064 94070 1
85064 98128 1
85064 99049 1
85064 99179 1
85064 99312 1
85064 100093 1
85064 100099 1
85064 100101 1
85064 100102 1
85064 100103 1
85064 100104 1
85064 100105 1
85064 100106 1
85064 100514 1
85064 101817 1
85064 101942 1
85064 103280 1
85064 108516 1
85064 109037 1
85064 113723 1
85064 115137 1
85966 57441 1
85966 57443 1
85966 60985 1
85966 61989 3
85966 62194 1
85966 76264 1
85966 81337 1
85966 85064 1
85966 96596 1
85966 96775 2
85966 99312 1
85966 108516 1
85966 109650 1
87054 53487 1
87054 55369 1
87054 57303 1
87054 57441 1
87054 83200 1
87054 93082 1
87054 93083 1
87054 93084 1
87054 101817 1
87054 103682 1
89742 57441 1
89742 62759 1
89742 74178 1
89742 76782 1
89742 81337 1
89742 81828 1
89742 86443 1
89742 95102 1
89742 95778 1
89742 101288 1
89742 107186 1
89742 112367 1
89742 113754 1
91854 29647 1
91854 57441 1
91854 57443 1
91854 79049 1
91854 79050 1
91854 79051 1
91854 80041 1
91854 81337 1
91854 81827 1
91854 85064 1
91854 94070 1
91854 99049 1
91854 101942 1
91854 107186 1
93082 53487 1
93082 57303 1
93082 57441 1
93082 83200 1
93082 87054 1
93082 93083 1
93082 93084 1
93083 53487 1
93083 57303 1
93083 57441 1
93083 83200 1
93083 87054 1
93083 93082 1
93083 93084 1
93084 53487 1
93084 57303 1
93084 57441 1
93084 83200 1
93084 87054 1
93084 93082 1
93084 93083 1
94070 29647 1
94070 57441 1
94070 57443 1
94070 74175 1
94070 79049 1
94070 79050 1
94070 79051 1
94070 80041 1
94070 81337 1
94070 81805 1
94070 85064 1
94070 91854 1
94070 101942 1
94070 117136 1
95102 55152 1
95102 57441 1
95102 62759 1
95102 74178 1
95102 81337 1
95102 81828 1
95102 86443 1
95102 89742 1
95102 95778 1
95102 101288 1
95102 102021 1
95102 107186 1
95102 112367 1
95102 113070 1
95102 113754 1
96775 55062 1
96775 57441 1
96775 57443 1
96775 61989 1
96775 74163 1
96775 74941 1
96775 76264 1
96775 81337 3
96775 82807 1
96775 85966 2
96775 99312 1
96775 108516 1
98247 39926 1
98247 57441 1
98247 59019 1
98247 61989 1
98247 87051 1
98247 99666 2
98247 107945 1
98247 114988 1
99312 39303 1
99312 57441 1
99312 57443 1
99312 61989 1
99312 76264 2
99312 81337 1
99312 85064 1
99312 85065 1
99312 85966 1
99312 95436 1
99312 96775 1
99312 100102 1
99312 102009 1
99312 107676 1
99312 108516 1
99312 114293 1
99666 57441 1
99666 61989 1
99666 98247 2
99666 114988 1
100091 47469 1
100091 57441 1
100091 68347 1
100091 74261 1
100091 74262 1
100091 79910 1
100091 82511 1
100091 93053 2
100091 96718 1
100091 100515 1
100091 100999 1
100091 103682 1
100091 104093 2
100091 104958 2
100091 109202 1
100091 113068 1
100091 113808 1
100091 114830 1
100515 57441 1
100515 61130 1
100515 74261 1
100515 74262 1
100515 76264 1
100515 94058 1
100515 100091 1
100515 100364 1
100515 103115 1
100515 104093 1
100515 104958 1
100515 108508 1
100515 113488 1
101288 57441 1
101288 62759 1
101288 74178 1
101288 81337 1
101288 81828 1
101288 86443 1
101288 89742 1
101288 95102 1
101288 95778 1
101288 107186 1
101288 112367 1
101288 113754 1
101826 57441 1
101826 58578 1
101826 60984 1
101826 62195 1
101826 63730 1
101826 74163 1
101826 79908 1
101826 82505 1
101826 90821 1
101826 101724 1
101826 101828 1
101826 113099 1
101828 57441 1
101828 58578 1
101828 60984 1
101828 63730 1
101828 82505 1
101828 90821 1
101828 101826 1
101828 113099 1
101942 29647 1
101942 53487 1
101942 57441 1
101942 57443 1
101942 67273 1
101942 79049 1
101942 79050 1
101942 79051 1
101942 80041 1
101942 81337 1
101942 85064 1
101942 86873 1
101942 90478 1
101942 91854 1
101942 94070 1
101942 99049 1
101942 115917 1
104093 57441 1
104093 74261 1
104093 74262 2
104093 78623 1
104093 78624 1
104093 99190 1
104093 100091 2
104093 100515 1
104093 104094 1
104093 104958 1
104093 109202 1
104093 126906 1
104228 39926 1
104228 57441 1
104228 62796 1
104228 75181 1
104228 107786 1
104228 109995 1
104228 114018 1
104958 39926 1
104958 57441 1
104958 74261 1
104958 74262 1
104958 76252 1
104958 98478 1
104958 99190 1
104958 100091 2
104958 100515 1
104958 100999 1
104958 103683 1
104958 104093 1
107786 57441 1
107786 62195 1
107786 99979 1
107786 103118 1
107786 104228 1
107786 107787 1
107786 114018 1
107786 117136 1
108515 42925 1
108515 57441 1
108515 62201 1
108515 68347 1
108515 71592 1
108515 71593 1
108515 81076 1
108515 85065 1
108515 101724 1
108515 103280 1
108515 108516 2
108516 29647 1
108516 42925 1
108516 57441 1
108516 57443 2
108516 61989 1
108516 62190 1
108516 71592 1
108516 76264 1
108516 81337 1
108516 85064 1
108516 85966 1
108516 96775 1
108516 99312 1
108516 101724 1
108516 107108 1
108516 108515 2
108516 109968 1
108516 114325 1
109646 57441 1
109646 78623 1
109646 78624 1
109646 126906 1
112367 57441 1
112367 62759 1
112367 74178 1
112367 81337 1
112367 81828 1
112367 86443 1
112367 89742 1
112367 95102 1
112367 95778 1
112367 101288 1
112367 107186 1
112367 113754 1
113099 57441 1
113099 58578 1
113099 60984 1
113099 63730 1
113099 82505 1
113099 90821 1
113099 101826 1
113099 101828 1
113754 57441 1
113754 60984 1
113754 62759 1
113754 65426 1
113754 74178 1
113754 81236 1
113754 81337 1
113754 81828 1
113754 86443 1
113754 89742 1
113754 95102 1
113754 95778 1
113754 97456 1
113754 99979 1
113754 101288 1
113754 102067 1
113754 102071 1
113754 105090 1
113754 107186 1
113754 112367 1
113754 114385 1
113754 119808 1
114018 57441 1
114018 101724 1
114018 103115 1
114018 104228 1
114018 107786 1
114018 113068 1
114018 115267 1
114018 115919 1
114018 115950 1
114018 124495 1
114988 55152 1
114988 57441 1
114988 93053 1
114988 98247 1
114988 99190 1
114988 99666 1
114988 101007 1
114988 109202 1
126906 57441 1
126906 78623 2
126906 78624 3
126906 104093 1
126906 109646 1
55055 55381 1
55055 60460 1
55055 87502 1
55055 88400 1
55055 94058 1
55055 96717 1
55055 96718 1
55055 96719 1
55055 105344 1
55055 117889 1
55055 119497 1
55055 125140 1
55381 55055 1
55381 60460 1
55381 63083 1
55381 68347 1
55381 87502 1
55381 88400 1
55381 92883 1
55381 94058 1
55381 96717 1
55381 96718 1
55381 96719 1
55381 96776 1
55381 105344 1
55381 119497 1
62762 60460 1
62762 85064 1
62762 99179 1
62762 100093 1
62762 100099 1
62762 100101 1
62762 100102 1
62762 100103 1
62762 100104 1
62762 100105 1
62762 100106 1
62762 101817 1
62762 109037 1
62762 115137 1
62990 60460 1
62990 62190 1
62990 71972 1
62990 80041 1
62990 89739 1
62990 96719 1
62990 105089 1
62990 108513 1
62990 109202 1
62990 118389 1
71972 55386 1
71972 57443 1
71972 60460 1
71972 62990 1
71972 81653 1
71972 86381 1
71972 105089 1
71972 118389 1
83186 60460 1
83186 62201 1
83186 87059 1
83186 87251 1
83186 99185 1
83186 108073 1
83186 109238 1
83186 109239 1
87251 60460 1
87251 68565 1
87251 71621 1
87251 72642 2
87251 83186 1
87251 99185 1
87251 108073 1
87251 109238 1
87251 109239 1
87502 55055 1
87502 55381 1
87502 60460 1
87502 87499 1
87502 87501 1
87502 88384 1
87502 88400 1
87502 94058 1
87502 96717 1
87502 96718 1
87502 96719 1
87502 100364 1
87502 105344 1
87502 119497 1
88400 55055 1
88400 55381 1
88400 60460 1
88400 87502 1
88400 94058 1
88400 96717 1
88400 96718 1
88400 96719 1
88400 105344 1
88400 119497 1
90478 60460 1
90478 76256 1
90478 101942 1
90478 103120 1
90478 107710 1
90478 113722 1
90478 113723 1
94058 55055 1
94058 55381 1
94058 55390 1
94058 60460 1
94058 74169 1
94058 87502 1
94058 88400 1
94058 96717 1
94058 96718 1
94058 96719 1
94058 100515 1
94058 101013 1
94058 105344 1
94058 107106 1
94058 107107 1
94058 107787 1
94058 109202 1
94058 114325 1
94058 119497 1
96717 55055 1
96717 55381 1
96717 60460 1
96717 62194 1
96717 66168 1
96717 87502 1
96717 88400 1
96717 94058 1
96717 96718 3
96717 96719 3
96717 103682 1
96717 105344 1
96717 107667 1
96717 119497 1
96718 55055 1
96718 55381 1
96718 60460 1
96718 62194 1
96718 87502 1
96718 88400 1
96718 94058 1
96718 96717 3
96718 96719 3
96718 100091 1
96718 105344 1
96718 107667 1
96718 119497 1
96719 55055 1
96719 55381 1
96719 60460 1
96719 62194 1
96719 62990 1
96719 87502 1
96719 88400 1
96719 94058 1
96719 96717 3
96719 96718 3
96719 100665 1
96719 105344 1
96719 107667 1
96719 108101 1
96719 108513 1
96719 117311 1
96719 119497 1
99179 60460 1
99179 62762 1
99179 85064 1
99179 100093 1
99179 100099 1
99179 100101 1
99179 100102 1
99179 100103 1
99179 100104 1
99179 100105 1
99179 100106 1
99179 101817 1
99179 109037 1
99179 115137 1
99185 60460 1
99185 83186 1
99185 87251 1
99185 108073 1
99185 109238 1
99185 109239 1
100093 55369 1
100093 60460 1
100093 62762 1
100093 85064 1
100093 99179 1
100093 100099 1
100093 100101 1
100093 100102 1
100093 100103 1
100093 100104 1
100093 100105 1
100093 100106 1
100093 101817 1
100093 109037 1
100093 115137 1
100099 60460 1
100099 62762 1
100099 85064 1
100099 99179 1
100099 100093 1
100099 100101 1
100099 100102 1
100099 100103 1
100099 100104 1
100099 100105 1
100099 100106 1
100099 101817 1
100099 109037 1
100099 115137 1
100101 60460 1
100101 62762 1
100101 85064 1
100101 99179 1
100101 100093 1
100101 100099 1
100101 100102 1
100101 100103 1
100101 100104 1
100101 100105 1
100101 100106 1
100101 101817 1
100101 109037 1
100101 115137 1
100102 60460 1
100102 62762 1
100102 85064 1
100102 95436 1
100102 99179 1
100102 99312 1
100102 100093 1
100102 100099 1
100102 100101 1
100102 100103 1
100102 100104 1
100102 100105 1
100102 100106 1
100102 101817 1
100102 102009 1
100102 109037 1
100102 115137 1
100103 60460 1
100103 62762 1
100103 85064 1
100103 99179 1
100103 100093 1
100103 100099 1
100103 100101 1
100103 100102 1
100103 100104 1
100103 100105 1
100103 100106 1
100103 101817 2
100103 109037 1
100103 115137 1
100105 60460 1
100105 62762 1
100105 63084 1
100105 65426 1
100105 85064 1
100105 86381 1
100105 97502 1
100105 99179 1
100105 100093 1
100105 100096 1
100105 100099 1
100105 100101 1
100105 100102 1
100105 100103 1
100105 100104 1
100105 100106 1
100105 101817 1
100105 109037 1
100105 115137 1
100106 60460 1
100106 62762 1
100106 85064 1
100106 99179 1
100106 100093 1
100106 100099 1
100106 100101 1
100106 100102 1
100106 100103 1
100106 100104 1
100106 100105 1
100106 101817 1
100106 109037 1
100106 115137 1
101817 55369 1
101817 60460 1
101817 62762 1
101817 85064 1
101817 87054 1
101817 99179 1
101817 100093 1
101817 100099 1
101817 100101 1
101817 100102 1
101817 100103 2
101817 100104 1
101817 100105 1
101817 100106 1
101817 103682 1
101817 109037 1
101817 115137 1
105089 60460 1
105089 62990 1
105089 63085 1
105089 71972 1
105089 96596 1
105089 101013 1
105089 108607 1
105089 112468 1
105089 113488 1
105089 115137 1
105089 117290 1
105089 118389 1
105344 55055 1
105344 55381 1
105344 60460 1
105344 87502 1
105344 88400 1
105344 94058 1
105344 96717 1
105344 96718 1
105344 96719 1
105344 119497 1
108073 60460 1
108073 62759 1
108073 83186 1
108073 87251 1
108073 99185 1
108073 109238 1
108073 109239 1
109238 60460 1
109238 79911 1
109238 83186 1
109238 87251 1
109238 99185 1
109238 105090 1
109238 108073 1
109238 109239 4
109239 60460 1
109239 62759 1
109239 79911 1
109239 83186 1
109239 87251 1
109239 99185 1
109239 108073 1
109239 109238 4
109239 117737 1
115137 60460 1
115137 62762 1
115137 85064 1
115137 99179 1
115137 100093 1
115137 100099 1
115137 100101 1
115137 100102 1
115137 100103 1
115137 100104 1
115137 100105 1
115137 100106 1
115137 101817 1
115137 105089 1
115137 109037 1
115137 112468 1
115441 60460 1
115441 62199 1
115441 98182 1
115441 117659 1
117659 47469 1
117659 60460 1
117659 60679 1
117659 62199 1
117659 98182 1
117659 115441 1
118389 60460 1
118389 62990 1
118389 71972 1
118389 99175 1
118389 105089 1
119497 55055 1
119497 55363 1
119497 55381 1
119497 60460 1
119497 82518 1
119497 87502 1
119497 88400 1
119497 94058 1
119497 96717 1
119497 96718 1
119497 96719 1
119497 105344 1
62192 62195 1
62192 62199 1
62192 62200 1
62192 62201 1
62192 62202 1
62192 62206 1
62192 79910 1
62192 96596 1
62192 98181 2
62192 101724 1
62192 107667 1
62192 116214 1
62195 62192 1
62195 62199 1
62195 62200 1
62195 62201 2
62195 62202 1
62195 62206 1
62195 98181 1
62195 101826 1
62195 107786 1
62195 109968 1
62195 117136 1
62200 60984 1
62200 62192 1
62200 62195 1
62200 62199 1
62200 62201 1
62200 62202 1
62200 62206 1
62200 98181 1
62201 62192 1
62201 62195 2
62201 62199 1
62201 62200 1
62201 62202 1
62201 62206 1
62201 68347 1
62201 71592 1
62201 71593 1
62201 81827 1
62201 83186 1
62201 87059 1
62201 97502 1
62201 98181 1
62201 108515 1
62201 109202 1
62201 109968 1
62202 62192 1
62202 62195 1
62202 62199 1
62202 62200 1
62202 62201 1
62202 62206 1
62202 79820 1
62202 98181 1
62202 116214 1
62206 55390 1
62206 62192 1
62206 62195 1
62206 62199 1
62206 62200 1
62206 62201 1
62206 62202 1
62206 72490 1
62206 86381 1
62206 98181 1
62206 99979 1
62206 103115 1
62206 103683 1
62206 105223 1
62206 108607 1
62206 113070 1
62206 115528 1
98181 62192 2
98181 62195 1
98181 62199 1
98181 62200 1
98181 62201 1
98181 62202 1
98181 62206 1
98181 107667 1
98181 116214 1
20021 62203 1
20021 62204 1
20021 109200 1
55363 55369 2
55363 59676 1
55363 62204 1
55363 83200 1
55363 83511 1
55363 87051 1
55363 95091 1
55363 101490 1
55363 119497 1
55369 55363 2
55369 60984 1
55369 62204 1
55369 80041 1
55369 81337 1
55369 83511 1
55369 87051 1
55369 87054 1
55369 93054 1
55369 100093 1
55369 101490 1
55369 101817 1
55369 103682 1
55369 107667 1
62203 20021 1
62203 62204 1
62203 109200 1
83511 55363 1
83511 55369 1
83511 62204 1
83511 87051 1
87051 39926 1
87051 55363 1
87051 55369 1
87051 59019 1
87051 61989 1
87051 62191 1
87051 62204 1
87051 67090 1
87051 71535 1
87051 76036 1
87051 83511 1
87051 91848 1
87051 98247 1
87051 107945 1
87051 113723 1
119179 115267 1
90233 86478 1
100097 99190 1
20309 85065 1
49376 85065 1
53076 68787 1
53076 85065 1
53076 98245 1
68787 53076 1
68787 85065 1
68787 98245 1
98245 53076 1
98245 68787 1
98245 85065 1
74161 95091 1
74161 105349 1
50832 97456 1
50832 109217 1
100929 98182 1
100929 115035 1
100929 124436 1
115035 98182 1
115035 100929 1
107040 71592 1
107040 115780 1
104506 62190 1
118948 103120 1
58661 79908 1
115019 97800 1
106832 100492 1
41816 59667 1
41816 67151 1
41816 108229 1
67151 41816 1
67151 59667 1
102098 80035 1
93056 90866 1
93056 93054 1
72409 108808 1
80702 63082 1
80702 80774 1
80702 81045 1
80774 63082 1
80774 80702 1
80774 81045 1
81045 63082 1
81045 80702 1
81045 80774 1
81045 81337 1
126093 63085 1
29893 81236 1
29893 82803 1
82803 29893 1
82803 81236 1
105087 102067 1
69622 104492 1
69622 112718 1
112718 69622 1
112718 72955 1
112718 87164 1
112718 104492 1
112718 126587 1
112472 112468 1
112472 122284 1
112472 122285 2
112472 122363 2
81695 74163 1
33705 34459 1
33705 67061 1
33705 71736 1
33705 74941 1
34459 33705 1
34459 67061 1
34459 71736 1
34459 74941 1
67061 33705 1
67061 34459 1
67061 71736 1
67061 74941 1
67526 55725 1
67526 74941 1
67526 81247 2
71736 33705 1
71736 34459 1
71736 67061 1
71736 74941 1
81247 67526 2
81247 74941 1
80984 87161 1
69212 89311 1
69212 101174 1
101174 69212 1
101174 89311 1
115194 74303 1
115194 119657 1
119657 74303 1
119657 115194 1
114030 76256 1
114030 124818 1
124818 76256 1
124818 114030 1
64436 87059 1
118677 87059 1
94069 97498 1
102073 102071 1
89422 103118 1
5650 19515 1
5650 51018 1
5650 76112 1
5650 107787 1
19515 5650 1
19515 51018 1
19515 76112 1
19515 107787 1
51018 5650 1
51018 19515 1
51018 76112 1
51018 107787 1
76112 5650 1
76112 19515 1
76112 51018 1
76112 107787 1
89103 107787 1
124469 113723 1
63714 116021 1
112115 71593 1
61982 49350 1
66278 54910 1
93565 59485 1
70149 58734 1
70149 69598 1
47143 70189 1
47256 71068 1
60344 71068 1
60344 78200 1
61007 68419 1
61007 71068 1
61007 72974 1
61222 71068 1
61222 72974 1
61222 78200 1
68419 61007 1
68419 71068 1
68419 72974 1
72974 61007 1
72974 61222 1
72974 68419 1
72974 71068 1
78200 60344 1
78200 61222 1
78200 71068 1
97135 71068 1
123960 71068 1
57263 82698 1
83536 87848 1
88702 88701 1
127163 88701 1
84686 91668 1
109428 95445 1
55343 100104 1
69751 78121 1
69751 101465 1
78121 69751 1
78121 101465 1
99470 99471 1
99470 105231 1
99471 99470 1
99471 105231 1
107406 105231 1
111308 127733 1
112506 127733 1
112427 56957 1
33775 29647 1
54267 61989 1
54881 61989 1
59421 61989 1
81900 65459 1
81900 67212 1
71536 71535 1
43535 60977 1
43535 65098 1
43535 74572 1
60977 43535 1
60977 65098 1
60977 74572 1
65098 43535 1
65098 60977 1
65098 74572 1
38619 78623 1
38619 78624 1
74175 81805 1
74175 94070 1
78658 85064 1
55062 96775 1
39303 20283 1
39303 99312 1
107676 99312 1
114293 99312 1
113808 100091 1
114830 100091 1
108508 100515 1
104094 104093 1
62796 104228 1
75181 104228 1
119808 113754 1
117889 55055 1
117889 125140 4
125140 55055 1
125140 117889 4
87499 87501 1
87499 87502 1
87499 88384 1
87501 87499 1
87501 87502 1
87501 88384 1
88384 87499 1
88384 87501 1
88384 87502 1
101490 55363 1
101490 55369 1
67090 87051 1
76036 87051 1
76036 91848 1
91848 76036 1
91848 87051 1
20283 39303 1
58734 70149 1
55725 67526 1
122284 112472 1
122284 122283 1
122284 122285 2
122284 122363 1
122285 112472 2
122285 122283 1
122285 122284 2
122285 122363 3
122363 112472 2
122363 122284 1
122363 122285 3
72955 112718 1
87164 112718 1
126587 112718 1
90866 93056 1
108229 41816 1
124436 100929 1
109217 50832 1
105349 74161 1
122283 122284 1
122283 122285 1
