79418 106713 1
106713 67479 1
106713 69070 1
106713 75298 1
106713 77399 1
106713 78092 1
106713 79418 1
106713 79419 1
106713 90260 1
106713 90261 1
106713 91814 1
106713 92602 1
106713 94319 1
106713 103501 1
67479 10041 1
67479 20847 1
67479 22393 1
67479 40092 1
67479 69403 1
67479 82044 1
67479 82846 1
67479 86180 1
67479 86231 1
67479 91135 1
67479 92042 1
67479 93391 1
67479 94258 1
67479 97351 1
67479 98287 1
67479 99020 1
67479 102442 1
67479 103287 1
67479 103501 1
67479 106713 1
67479 107554 1
67479 109187 1
67479 110589 1
67479 114796 1
69070 73558 1
69070 80182 1
69070 92213 1
69070 92602 1
69070 92606 1
69070 93124 1
69070 106713 1
75298 69480 1
75298 78092 1
75298 78297 1
75298 79419 1
75298 82004 1
75298 87258 1
75298 91814 1
75298 95573 1
75298 99405 1
75298 106086 1
75298 106713 1
75298 109750 1
75298 118483 1
77399 22059 1
77399 31163 1
77399 35552 1
77399 42327 1
77399 44150 1
77399 48224 1
77399 48976 1
77399 53147 1
77399 54074 1
77399 55387 1
77399 56658 1
77399 60462 1
77399 60470 1
77399 61833 1
77399 61934 1
77399 62208 1
77399 63994 1
77399 64448 1
77399 64454 1
77399 65364 1
77399 66166 1
77399 67145 1
77399 67158 1
77399 67164 1
77399 68355 1
77399 72035 1
77399 74165 1
77399 74908 1
77399 75629 1
77399 77398 2
77399 79090 1
77399 79096 1
77399 79331 1
77399 81543 1
77399 82404 1
77399 83177 2
77399 83181 1
77399 84245 1
77399 84252 1
77399 85960 1
77399 86019 1
77399 87519 1
77399 91331 2
77399 91858 1
77399 92757 1
77399 93723 1
77399 94694 1
77399 94985 1
77399 95833 1
77399 95869 1
77399 97504 1
77399 97934 1
77399 98005 1
77399 98122 1
77399 101292 1
77399 106713 1
77399 107701 1
77399 110214 2
77399 112470 1
77399 124610 1
78092 34234 1
78092 34348 1
78092 36657 1
78092 62495 1
78092 67278 1
78092 70778 1
78092 73558 1
78092 75188 1
78092 75298 1
78092 76368 1
78092 79419 1
78092 83553 1
78092 89017 1
78092 91495 1
78092 91814 1
78092 92344 1
78092 94122 1
78092 94549 1
78092 94722 1
78092 96607 1
78092 98335 1
78092 106713 1
78092 111009 1
78092 112568 1
78092 112726 1
79419 75298 1
79419 78092 1
79419 91814 1
79419 103967 1
79419 106713 1
90260 75770 1
90260 77203 1
90260 81499 1
90260 85589 1
90260 89805 1
90260 90261 1
90260 94319 1
90260 99764 1
90260 102601 1
90260 102603 1
90260 103322 1
90260 106713 1
90260 108071 1
90261 90260 1
90261 94319 1
90261 106713 1
91814 36669 1
91814 47975 1
91814 52916 1
91814 56833 1
91814 75298 1
91814 78092 1
91814 79419 1
91814 82335 1
91814 85436 1
91814 89992 1
91814 92396 1
91814 93890 1
91814 99654 1
91814 105646 1
91814 106651 1
91814 106713 1
91814 112726 1
91814 115845 1
91814 116835 1
92602 36802 1
92602 50863 1
92602 51325 1
92602 55080 1
92602 57342 1
92602 60254 1
92602 61659 1
92602 61693 1
92602 69070 1
92602 71601 1
92602 71721 1
92602 75154 1
92602 75823 2
92602 79493 1
92602 80200 1
92602 82741 1
92602 84191 1
92602 87857 1
92602 87991 1
92602 90333 1
92602 91327 1
92602 92600 1
92602 92606 3
92602 94008 1
92602 95310 1
92602 95349 1
92602 95621 1
92602 96731 1
92602 97686 1
92602 99166 1
92602 103985 1
92602 106009 1
92602 106713 1
92602 108670 1
92602 114634 1
92602 117586 1
94319 36845 1
94319 36864 1
94319 46936 1
94319 57039 1
94319 57594 1
94319 59047 1
94319 61800 1
94319 62419 1
94319 63271 1
94319 67967 1
94319 69559 1
94319 72060 1
94319 72521 1
94319 74662 1
94319 75516 1
94319 76048 1
94319 76287 1
94319 76462 1
94319 78163 1
94319 78877 1
94319 79778 1
94319 80606 1
94319 80881 1
94319 83624 1
94319 83625 2
94319 83626 1
94319 83627 1
94319 89656 1
94319 90260 1
94319 90261 1
94319 90819 1
94319 90981 1
94319 92570 1
94319 98277 1
94319 104253 1
94319 105723 1
94319 106713 1
94319 108084 1
94319 117871 1
94319 119377 1
94319 121209 1
103501 42489 1
103501 45770 1
103501 47947 1
103501 50343 1
103501 57768 1
103501 58290 1
103501 60566 1
103501 63774 1
103501 63897 1
103501 67479 1
103501 67795 2
103501 67958 1
103501 68144 1
103501 68622 1
103501 69381 1
103501 70732 1
103501 70770 1
103501 70771 1
103501 70772 1
103501 70942 1
103501 72221 1
103501 75087 1
103501 77203 1
103501 78187 1
103501 78377 1
103501 79986 1
103501 81255 1
103501 83130 1
103501 83642 1
103501 87604 1
103501 87742 1
103501 87897 1
103501 88342 1
103501 89202 1
103501 89791 1
103501 89902 1
103501 91386 1
103501 91387 1
103501 92230 1
103501 92265 1
103501 92392 1
103501 92685 1
103501 92967 1
103501 93849 1
103501 94258 1
103501 95317 2
103501 96481 1
103501 96784 1
103501 96815 1
103501 98655 1
103501 101528 1
103501 101581 1
103501 101789 1
103501 103124 1
103501 103194 1
103501 103504 1
103501 103522 1
103501 104953 1
103501 106713 1
103501 107294 1
103501 107506 1
103501 107566 1
103501 110208 1
103501 110366 1
103501 117112 1
10041 20847 1
10041 22393 1
10041 25173 1
10041 32097 1
10041 35672 1
10041 40092 1
10041 40659 1
10041 67479 1
20847 10041 1
20847 22393 1
20847 38387 1
20847 40092 1
20847 67479 1
22393 10041 1
22393 20847 1
22393 24409 1
22393 32866 1
22393 40092 1
22393 67479 1
40092 10041 1
40092 14066 1
40092 20847 1
40092 22393 1
40092 26691 1
40092 29147 1
40092 30207 1
40092 31173 1
40092 31223 1
40092 32907 1
40092 39782 1
40092 41526 1
40092 44192 1
40092 52000 1
40092 67479 1
69403 28810 1
69403 55454 1
69403 61903 1
69403 67479 1
69403 84051 1
69403 86123 1
69403 87758 1
69403 87894 1
69403 91413 1
69403 97351 1
69403 98287 1
69403 103287 1
69403 106632 1
69403 117098 1
82044 67479 1
82044 67964 1
82044 67967 1
82044 74274 1
82044 78511 1
82044 80924 1
82044 85348 1
82044 86665 1
82044 90403 1
82044 95802 1
82044 108421 1
82044 119583 1
82044 127698 1
82846 65919 1
82846 67479 1
82846 76334 6
82846 76336 1
82846 76337 1
82846 82845 4
82846 91135 1
82846 91646 1
82846 96109 1
82846 107347 1
82846 117538 1
86180 32599 1
86180 39179 1
86180 43828 1
86180 48753 1
86180 50340 1
86180 50467 1
86180 50634 1
86180 51244 1
86180 58308 1
86180 61662 1
86180 61793 1
86180 62637 1
86180 64467 1
86180 67479 1
86180 70876 1
86180 70877 1
86180 73828 1
86180 73850 1
86180 74114 1
86180 74121 1
86180 75143 1
86180 78560 1
86180 79274 1
86180 81344 1
86180 82200 1
86180 83114 1
86180 89839 1
86180 91376 1
86180 92230 1
86180 93842 1
86180 94529 1
86180 94768 1
86180 94781 1
86180 96049 1
86180 97263 1
86180 101534 1
86180 102051 1
86180 102623 1
86180 106306 1
86180 107626 1
86180 108245 1
86180 108467 1
86180 109187 1
86180 114375 1
86180 114796 1
86231 39204 1
86231 41631 1
86231 46094 1
86231 52352 1
86231 52554 1
86231 56440 1
86231 57499 1
86231 58324 1
86231 58463 1
86231 60236 1
86231 62090 1
86231 63335 1
86231 63552 1
86231 63658 1
86231 66194 1
86231 66605 1
86231 67479 1
86231 67631 1
86231 67958 1
86231 69322 1
86231 69397 1
86231 69472 1
86231 70497 1
86231 73556 1
86231 73844 1
86231 78193 1
86231 78454 1
86231 78470 1
86231 78675 1
86231 79265 1
86231 79496 1
86231 79559 1
86231 80115 1
86231 80877 1
86231 81111 1
86231 82126 1
86231 83226 1
86231 83276 1
86231 83864 1
86231 84035 1
86231 85086 1
86231 86056 1
86231 86186 1
86231 88811 1
86231 89046 1
86231 89841 1
86231 90053 1
86231 90054 1
86231 90235 1
86231 90443 1
86231 91326 1
86231 91347 1
86231 91376 1
86231 91383 1
86231 92233 1
86231 92403 1
86231 93111 1
86231 93286 1
86231 93829 1
86231 94360 1
86231 94733 2
86231 95147 1
86231 96604 1
86231 97266 1
86231 97839 1
86231 98438 1
86231 98957 1
86231 99316 1
86231 100132 1
86231 100133 1
86231 100134 1
86231 100260 1
86231 100539 1
86231 101385 1
86231 101890 1
86231 102464 1
86231 105104 1
86231 105361 1
86231 105667 1
86231 106064 1
86231 106341 1
86231 106451 1
86231 108320 2
86231 108332 1
86231 108412 1
86231 110108 1
86231 110439 1
86231 113784 1
86231 116270 1
86231 120780 1
86231 123314 1
86231 123756 1
86231 124734 1
86231 126283 1
91135 45050 1
91135 60714 1
91135 61795 1
91135 64729 1
91135 67479 1
91135 70523 1
91135 76334 2
91135 76338 1
91135 76341 1
91135 81797 1
91135 82846 1
91135 91134 1
91135 91136 1
91135 91139 1
91135 91141 1
91135 91221 2
91135 91646 5
91135 92154 1
91135 93118 1
91135 95755 1
91135 96448 1
91135 102204 1
91135 102514 1
91135 103924 1
91135 106406 1
91135 110042 1
91135 121724 1
91135 125686 1
91135 127124 1
92042 61402 1
92042 67479 1
92042 93391 1
93391 52889 1
93391 64937 1
93391 67479 1
93391 68645 1
93391 69723 1
93391 72312 1
93391 78164 1
93391 79362 1
93391 79564 1
93391 87765 1
93391 91327 1
93391 92042 1
94258 67479 1
94258 69381 1
94258 70942 1
94258 79559 1
94258 101581 1
94258 102442 1
94258 103501 1
94258 107554 1
97351 67479 1
97351 69403 1
97351 98287 1
97351 103287 1
98287 67479 1
98287 69403 1
98287 88634 1
98287 96998 1
98287 97351 1
98287 103287 1
98287 103788 1
98287 108245 1
99020 67479 1
99020 87604 1
99020 94360 1
99020 110589 1
102442 67479 1
102442 81797 1
102442 90054 1
102442 91383 1
102442 94258 1
102442 107554 1
102442 110042 1
103287 36067 1
103287 67479 1
103287 69403 1
103287 97351 1
103287 98287 1
107554 67479 1
107554 70942 1
107554 79496 1
107554 94258 1
107554 102442 1
109187 67479 1
109187 69322 1
109187 86180 1
109187 101581 1
109187 114796 1
110589 67479 1
110589 79362 1
110589 94733 1
110589 99020 1
110589 102204 1
114796 67479 1
114796 86180 1
114796 109187 1
73558 34234 1
73558 34348 1
73558 36657 1
73558 67278 1
73558 69070 1
73558 78092 1
73558 80182 1
73558 83553 1
73558 89017 1
73558 91495 1
73558 92606 2
73558 94122 1
73558 94549 1
73558 96607 1
80182 69070 1
80182 69472 1
80182 73558 1
80182 92606 1
80182 123756 1
92213 69070 1
92213 73828 1
92213 93124 1
92606 45085 1
92606 57342 1
92606 69070 1
92606 73558 2
92606 80182 1
92606 92344 1
92606 92600 2
92606 92602 3
92606 94549 1
92606 95621 1
92606 96731 1
92606 104953 1
93124 69070 1
93124 92213 1
69480 51810 1
69480 58324 1
69480 72221 1
69480 75298 1
69480 78297 1
69480 78377 1
69480 95573 1
69480 106521 1
69480 106522 1
69480 106523 1
69480 114307 1
69480 125545 1
78297 69480 1
78297 75298 1
78297 91383 1
78297 94733 1
78297 95573 1
82004 75298 1
82004 87258 1
82004 109750 1
82004 118483 1
87258 75298 1
87258 82004 1
87258 109750 1
87258 118483 1
95573 69480 1
95573 70942 1
95573 75298 1
95573 78297 1
95573 103124 1
99405 75298 1
99405 106086 1
106086 75298 1
106086 99405 1
109750 61659 1
109750 75298 1
109750 82004 1
109750 87258 1
109750 118483 1
118483 75298 1
118483 82004 1
118483 87258 1
118483 109750 1
118483 110042 1
22059 35552 1
22059 42327 1
22059 61934 1
22059 65364 1
22059 75629 1
22059 77399 1
22059 79090 1
31163 43020 1
31163 60470 1
31163 63994 4
31163 65364 1
31163 77399 1
31163 110214 1
35552 22059 1
35552 42327 1
35552 61934 1
35552 65364 1
35552 75629 1
35552 77399 1
35552 79090 1
42327 22059 1
42327 35552 1
42327 61934 2
42327 65364 1
42327 75629 1
42327 77399 1
42327 79090 1
44150 48976 1
44150 53147 1
44150 54074 1
44150 68355 1
44150 73078 1
44150 77399 1
44150 92757 1
48224 64454 1
48224 77399 1
48976 44150 1
48976 53147 1
48976 54074 2
48976 68355 1
48976 77399 1
48976 92757 1
53147 44150 1
53147 48976 1
53147 52000 1
53147 54074 1
53147 68355 1
53147 77399 1
53147 92757 1
54074 44150 1
54074 48976 2
54074 53147 1
54074 68355 1
54074 77399 1
54074 92757 1
55387 61833 1
55387 77399 1
55387 79096 1
55387 79331 1
55387 84252 1
56658 67164 1
56658 72035 1
56658 77398 1
56658 77399 1
56658 86019 1
56658 94694 1
56658 94985 1
60462 62208 1
60462 63994 1
60462 64448 1
60462 64454 1
60462 74165 1
60462 77399 1
60462 83177 1
60462 83181 1
60462 95869 1
60462 98005 1
60462 98122 1
60462 101292 1
60462 110214 1
60470 31163 1
60470 63994 1
60470 65364 1
60470 66166 1
60470 67145 1
60470 67158 1
60470 77399 1
60470 81543 1
60470 84245 1
60470 85960 1
60470 86019 1
60470 91331 1
60470 93723 1
60470 95833 1
60470 97504 1
60470 97934 1
60470 112470 1
61833 55387 1
61833 77399 1
61833 79096 1
61833 79331 1
61833 84252 1
61934 22059 1
61934 35552 1
61934 42327 2
61934 65364 1
61934 75629 1
61934 77399 1
61934 79090 1
62208 60462 1
62208 64448 1
62208 64454 1
62208 74165 1
62208 77398 1
62208 77399 1
62208 83177 1
62208 95869 1
62208 98005 1
62208 98122 1
62208 101292 1
62208 110214 1
63994 31163 4
63994 60462 1
63994 60470 1
63994 60471 1
63994 65364 1
63994 77399 1
63994 110214 1
64448 60462 1
64448 62208 1
64448 64454 1
64448 74165 1
64448 77399 1
64448 83177 1
64448 93204 1
64448 95869 1
64448 98005 1
64448 98122 1
64448 101292 1
64448 110214 1
64454 48224 1
64454 60462 1
64454 62208 1
64454 64448 1
64454 74165 1
64454 77399 1
64454 83177 1
64454 95869 1
64454 98005 1
64454 98122 1
64454 101292 1
64454 110214 1
65364 22059 1
65364 31163 1
65364 35552 1
65364 42327 1
65364 60470 1
65364 61934 1
65364 63994 1
65364 75629 1
65364 77399 1
65364 79090 1
66166 60470 1
66166 67145 1
66166 67158 1
66166 77399 1
66166 81543 1
66166 84245 1
66166 85960 1
66166 91331 1
66166 93723 1
66166 95833 1
66166 97504 1
66166 97934 1
66166 112470 1
67145 60470 1
67145 66166 1
67145 67158 1
67145 77399 1
67145 81543 1
67145 84245 1
67145 85960 1
67145 91331 1
67145 93723 1
67145 95833 1
67145 97504 1
67145 97934 1
67145 112470 1
67158 60470 1
67158 66166 1
67158 67145 1
67158 77399 1
67158 81543 1
67158 84245 1
67158 85960 1
67158 91331 1
67158 93723 1
67158 95833 1
67158 97504 1
67158 97934 1
67158 112470 1
67164 56658 1
67164 72035 1
67164 77398 1
67164 77399 1
67164 86019 1
67164 94694 1
67164 94985 1
68355 44150 1
68355 48976 1
68355 53147 1
68355 54074 1
68355 77399 1
68355 92757 1
72035 56658 1
72035 67164 1
72035 77398 1
72035 77399 1
72035 86019 1
72035 94694 1
72035 94985 1
74165 60462 1
74165 62208 1
74165 64448 1
74165 64454 1
74165 77399 1
74165 83177 1
74165 95869 1
74165 98005 1
74165 98122 1
74165 101292 1
74165 110214 1
74908 77399 1
75629 22059 1
75629 35552 1
75629 42327 1
75629 61934 1
75629 65364 1
75629 77399 1
75629 79090 1
77398 56658 1
77398 62208 1
77398 67164 1
77398 72035 1
77398 77399 2
77398 86019 1
77398 94694 1
77398 94985 1
79090 22059 1
79090 35552 1
79090 42327 1
79090 61934 1
79090 65364 1
79090 75629 1
79090 77399 1
79096 55387 1
79096 61833 1
79096 77399 1
79096 77943 1
79096 79331 1
79096 84252 1
79096 126667 1
79331 55387 1
79331 61833 1
79331 77399 1
79331 79096 1
79331 82404 1
79331 84252 1
81543 60470 1
81543 66166 1
81543 67145 1
81543 67158 1
81543 77399 1
81543 84245 1
81543 85960 1
81543 91331 1
81543 93723 1
81543 95833 1
81543 97504 1
81543 97934 1
81543 112470 1
82404 55352 1
82404 77399 1
82404 79331 1
83177 60462 1
83177 62208 1
83177 64448 1
83177 64454 1
83177 74165 1
83177 77399 2
83177 83181 1
83177 87519 1
83177 91858 1
83177 95869 1
83177 98005 1
83177 98122 1
83177 101292 1
83177 110214 1
83177 124610 1
83181 60462 1
83181 77399 1
83181 83177 1
83181 87519 1
83181 91858 1
83181 124610 1
84245 20573 1
84245 60470 1
84245 66166 1
84245 67145 1
84245 67158 1
84245 67227 1
84245 77399 1
84245 81543 1
84245 85960 1
84245 91331 1
84245 93723 1
84245 95833 1
84245 97504 1
84245 97934 1
84245 112470 1
84252 55387 1
84252 61833 1
84252 77399 1
84252 79096 1
84252 79331 1
85960 60470 1
85960 66166 1
85960 67145 1
85960 67158 1
85960 77399 1
85960 81543 1
85960 84245 1
85960 91331 1
85960 93723 1
85960 95833 1
85960 97504 1
85960 97934 1
85960 98005 1
85960 112470 1
86019 53952 1
86019 56658 1
86019 60470 1
86019 67164 1
86019 72035 1
86019 77398 1
86019 77399 1
86019 94694 1
86019 94985 1
87519 77399 1
87519 83177 1
87519 83181 1
87519 91858 1
87519 124610 1
91331 60470 1
91331 66166 1
91331 67145 1
91331 67158 1
91331 77399 2
91331 81543 1
91331 84245 1
91331 85960 1
91331 93723 1
91331 95833 1
91331 97504 1
91331 97934 1
91331 112470 1
91858 77399 1
91858 83177 1
91858 83181 1
91858 87519 1
91858 102768 1
91858 124610 1
92757 44150 1
92757 48976 1
92757 53147 1
92757 54074 1
92757 68355 1
92757 77399 1
93723 60470 1
93723 66166 1
93723 67145 1
93723 67158 1
93723 77399 1
93723 81543 1
93723 84245 1
93723 85960 1
93723 91331 1
93723 95833 1
93723 97504 1
93723 97934 1
93723 112470 1
94694 36499 1
94694 49460 1
94694 56658 1
94694 67164 1
94694 72035 1
94694 77398 1
94694 77399 1
94694 86019 1
94694 94985 1
94694 98122 1
94694 99181 1
94694 99970 1
94985 56658 1
94985 67164 1
94985 72035 1
94985 77398 1
94985 77399 1
94985 86019 1
94985 94694 1
95833 59011 1
95833 60470 1
95833 65988 1
95833 66166 1
95833 67145 1
95833 67158 1
95833 76273 1
95833 77399 1
95833 78529 1
95833 81543 1
95833 84245 1
95833 85960 1
95833 91331 1
95833 93723 1
95833 97504 1
95833 97934 1
95833 112470 1
95869 60462 1
95869 62208 1
95869 64448 1
95869 64454 1
95869 74165 1
95869 77399 1
95869 83177 1
95869 97934 1
95869 98005 1
95869 98122 1
95869 101292 1
95869 110214 1
97504 60470 1
97504 66166 1
97504 67145 1
97504 67158 1
97504 77399 1
97504 81543 1
97504 84245 1
97504 85960 1
97504 91331 1
97504 93723 1
97504 95833 1
97504 97934 1
97504 112470 1
97934 60470 1
97934 66166 1
97934 67145 1
97934 67158 1
97934 77399 1
97934 81543 1
97934 84245 1
97934 85960 1
97934 91331 1
97934 93723 1
97934 95833 1
97934 95869 1
97934 97504 1
97934 112470 1
98005 60462 1
98005 62208 1
98005 64448 1
98005 64454 1
98005 74165 1
98005 77399 1
98005 83177 1
98005 85960 1
98005 95869 1
98005 98122 1
98005 101292 1
98005 110214 1
98005 112369 1
98122 36499 1
98122 49460 1
98122 60462 1
98122 62208 1
98122 64448 1
98122 64454 1
98122 74165 1
98122 77399 1
98122 83177 1
98122 94694 1
98122 95869 1
98122 98005 1
98122 101292 1
98122 110214 1
101292 60462 1
101292 62208 1
101292 64448 1
101292 64454 1
101292 74165 1
101292 77399 1
101292 83177 1
101292 95869 1
101292 98005 1
101292 98122 1
101292 110214 1
107701 50844 1
107701 51928 1
107701 59311 1
107701 59312 1
107701 59313 1
107701 59891 1
107701 77399 1
107701 87827 1
110214 31163 1
110214 60462 1
110214 62208 1
110214 63994 1
110214 64448 1
110214 64454 1
110214 74165 1
110214 77399 2
110214 83177 1
110214 95869 1
110214 98005 1
110214 98122 1
110214 101292 1
112470 60470 1
112470 66166 1
112470 67145 1
112470 67158 1
112470 77399 1
112470 81543 1
112470 84245 1
112470 85960 1
112470 91331 1
112470 93723 1
112470 95833 1
112470 97504 1
112470 97934 1
124610 77399 1
124610 83177 1
124610 83181 1
124610 87519 1
124610 91858 1
34234 34348 1
34234 36657 1
34234 67278 1
34234 73558 1
34234 78092 1
34234 83553 1
34234 89017 1
34234 91495 1
34234 94122 1
34234 96607 1
34348 34234 1
34348 36657 1
34348 67278 1
34348 73558 1
34348 75188 1
34348 78092 1
34348 83553 1
34348 89017 1
34348 91495 1
34348 94122 1
34348 96607 1
36657 34234 1
36657 34348 1
36657 67278 1
36657 73558 1
36657 78092 1
36657 83553 1
36657 89017 1
36657 91495 1
36657 94122 1
36657 96607 1
62495 70778 1
62495 78092 1
62495 98335 1
62495 112568 1
67278 34234 1
67278 34348 1
67278 36657 1
67278 58463 1
67278 73558 1
67278 78092 1
67278 83553 1
67278 89017 1
67278 91495 1
67278 94122 1
67278 96607 1
70778 62495 1
70778 78092 1
70778 79496 1
70778 98335 1
70778 112568 1
70778 122714 1
75188 34348 1
75188 36669 1
75188 56213 1
75188 56833 1
75188 78092 1
75188 82667 1
75188 92344 2
75188 94549 1
76368 78092 1
76368 94722 1
76368 111009 1
83553 34234 1
83553 34348 1
83553 36657 1
83553 67278 1
83553 73558 1
83553 78092 1
83553 89017 1
83553 91495 1
83553 94122 1
83553 96607 1
89017 34234 1
89017 34348 1
89017 36657 1
89017 67278 1
89017 73558 1
89017 78092 1
89017 83553 1
89017 91495 1
89017 94122 1
89017 96607 1
91495 34234 1
91495 34348 1
91495 36657 1
91495 67278 1
91495 73558 1
91495 78092 1
91495 83553 1
91495 89017 1
91495 94122 1
91495 96607 1
91495 98438 1
92344 46984 1
92344 75188 2
92344 78092 1
92344 92600 1
92344 92606 1
92344 94549 3
92344 99654 1
92344 104953 1
94122 34234 1
94122 34348 1
94122 36657 1
94122 67278 1
94122 73558 1
94122 78092 1
94122 83553 1
94122 89017 1
94122 91495 1
94122 96607 1
94549 73558 1
94549 75188 1
94549 78092 1
94549 92344 3
94549 92600 1
94549 92606 1
94549 104953 1
94722 76368 1
94722 78092 1
96607 34234 1
96607 34348 1
96607 36657 1
96607 67278 1
96607 73558 1
96607 78092 1
96607 81797 1
96607 82126 1
96607 83553 1
96607 89017 1
96607 89902 1
96607 91495 1
96607 94122 1
96607 96604 1
98335 62495 1
98335 66194 1
98335 70778 1
98335 78092 1
98335 82335 1
98335 106160 1
98335 106590 1
98335 112568 1
111009 44754 1
111009 61374 1
111009 76368 1
111009 78092 1
111009 94733 1
111009 111010 1
112568 62495 1
112568 70778 1
112568 78092 1
112568 98335 1
112568 114226 1
112726 78092 1
112726 82335 1
112726 85436 1
112726 91588 1
112726 91814 1
112726 93890 2
112726 115653 1
103967 79419 1
103967 114204 1
75770 90260 1
75770 108071 1
77203 78377 1
77203 81499 1
77203 85589 1
77203 87742 1
77203 87897 1
77203 90260 1
77203 91376 1
77203 92265 1
77203 92685 1
77203 95317 1
77203 96049 1
77203 101534 1
77203 101789 1
77203 102452 1
77203 103501 1
77203 103522 1
81499 58290 1
81499 64753 1
81499 77203 1
81499 85589 1
81499 90260 1
81499 91413 1
85589 60236 1
85589 77203 1
85589 80881 1
85589 81499 1
85589 90260 1
85589 106009 1
85589 106451 1
89805 78629 1
89805 90260 1
89805 99764 1
89805 102601 1
89805 102603 1
89805 103322 1
99764 89805 1
99764 90260 1
99764 102601 1
99764 102603 1
99764 103322 1
102601 89805 1
102601 90260 1
102601 99764 1
102601 102603 1
102601 103322 1
102603 89805 1
102603 90260 1
102603 99764 1
102603 102601 1
102603 103322 1
103322 89805 1
103322 90260 1
103322 99764 1
103322 102601 1
103322 102603 1
103322 103321 1
108071 65568 1
108071 75770 1
108071 90260 1
108071 108072 1
36669 56833 1
36669 75188 1
36669 82335 1
36669 82667 1
36669 91814 1
36669 92396 1
36669 99654 1
36669 106651 1
47975 52916 1
47975 56833 1
47975 89992 1
47975 91814 1
47975 105646 1
47975 115845 1
47975 116835 1
52916 47975 1
52916 56833 1
52916 89992 1
52916 91814 1
52916 105646 1
52916 115845 1
52916 116835 1
56833 36669 1
56833 47975 1
56833 52916 1
56833 75188 1
56833 82667 1
56833 89992 1
56833 91814 1
56833 105646 1
56833 106651 1
56833 115845 1
56833 116835 1
82335 36669 1
82335 82667 1
82335 91814 1
82335 92396 1
82335 92600 1
82335 98335 1
82335 99654 1
82335 102844 1
82335 106651 1
82335 112726 1
85436 91814 1
85436 93890 1
85436 112726 1
89992 47975 1
89992 52916 1
89992 56833 1
89992 91814 1
89992 105646 1
89992 115845 1
89992 116835 1
92396 36669 1
92396 73844 1
92396 82126 1
92396 82335 1
92396 91814 1
92396 99654 1
92396 106651 1
93890 85436 1
93890 91814 1
93890 112726 2
99654 36669 1
99654 72284 1
99654 82335 1
99654 91814 1
99654 92344 1
99654 92396 1
99654 106651 1
105646 47975 1
105646 52916 1
105646 56833 1
105646 89992 1
105646 91814 1
105646 115845 1
105646 116835 1
106651 36669 1
106651 56833 1
106651 69397 1
106651 82335 1
106651 91814 1
106651 92396 1
106651 94008 1
106651 99654 1
115845 47975 1
115845 52916 1
115845 56833 1
115845 89992 1
115845 91814 1
115845 105646 1
115845 116835 1
115845 118554 1
116835 47975 1
116835 52916 1
116835 56833 1
116835 89992 1
116835 91814 1
116835 105646 1
116835 115845 1
36802 61693 1
36802 92602 1
50863 50340 1
50863 51325 1
50863 61659 1
50863 69745 1
50863 77039 1
50863 80200 1
50863 92602 1
50863 95349 1
50863 103985 1
51325 50863 1
51325 61659 1
51325 68645 1
51325 75823 1
51325 80200 1
51325 90333 1
51325 92602 1
51325 95349 1
51325 103985 1
55080 60254 1
55080 76507 1
55080 79493 1
55080 84191 1
55080 87857 1
55080 92602 1
55080 106009 1
57342 26732 1
57342 39642 1
57342 68645 1
57342 89737 1
57342 90443 1
57342 92602 1
57342 92606 1
57342 95621 1
57342 97421 1
57342 125998 1
57342 127183 1
60254 55080 1
60254 63271 1
60254 76287 1
60254 79493 1
60254 84191 1
60254 87857 1
60254 92602 1
60254 106009 1
61659 32599 1
61659 50863 1
61659 51325 1
61659 80200 2
61659 92602 1
61659 95349 1
61659 103985 1
61659 109750 1
61693 36802 1
61693 92602 1
71601 71721 1
71601 75154 1
71601 91376 1
71601 92602 1
71601 95310 1
71601 99166 1
71601 108412 1
71601 108670 1
71601 108732 1
71721 71601 1
71721 75154 3
71721 92537 1
71721 92602 1
71721 95310 2
71721 99166 1
71721 108670 1
75154 71601 1
75154 71721 3
75154 92602 1
75154 95310 4
75154 99166 3
75154 108670 1
75823 51325 1
75823 52780 1
75823 92602 2
75823 114634 1
79493 55080 1
79493 60254 1
79493 84191 1
79493 87857 1
79493 92602 1
79493 106009 1
80200 50863 1
80200 51325 1
80200 58324 1
80200 61659 2
80200 79274 1
80200 82667 1
80200 92602 1
80200 94733 1
80200 95349 1
80200 103985 1
80200 106451 1
80200 107566 1
82741 28302 1
82741 52771 1
82741 92265 1
82741 92602 1
82741 94008 1
82741 97686 1
82741 103124 1
84191 55080 1
84191 60254 1
84191 79493 1
84191 86665 1
84191 87857 1
84191 90054 1
84191 92602 1
84191 106009 1
84191 123121 1
87857 55080 1
87857 60254 1
87857 79493 1
87857 84191 1
87857 92602 1
87857 106009 1
87991 81255 2
87991 84035 1
87991 91327 1
87991 92602 1
87991 96731 1
87991 117586 1
90333 51325 1
90333 70249 1
90333 84035 1
90333 92602 1
91327 69406 1
91327 69723 1
91327 73844 1
91327 79362 1
91327 86123 1
91327 87991 1
91327 91326 1
91327 92602 1
91327 93391 1
91327 96448 1
91327 96731 1
91327 96784 1
91327 108670 1
91327 117586 1
92600 82335 1
92600 82667 1
92600 92344 1
92600 92602 1
92600 92606 2
92600 94549 1
92600 104953 1
92600 107294 1
92600 111561 1
94008 69397 1
94008 82741 1
94008 92602 1
94008 92735 1
94008 97686 1
94008 106651 1
95310 71601 1
95310 71721 2
95310 75154 4
95310 89841 1
95310 91386 1
95310 91387 1
95310 92602 1
95310 99166 2
95310 108670 1
95349 50863 1
95349 51325 1
95349 61659 1
95349 67892 1
95349 80200 1
95349 92602 1
95349 103985 1
95349 116270 1
95621 57342 1
95621 76371 1
95621 92602 1
95621 92606 1
95621 102192 1
96731 87991 1
96731 91327 1
96731 92602 1
96731 92606 1
96731 117586 1
97686 82741 1
97686 88811 1
97686 92602 1
97686 94008 1
99166 67795 1
99166 71601 1
99166 71721 1
99166 75154 3
99166 78870 1
99166 92602 1
99166 95310 2
99166 108670 1
103985 50863 1
103985 51325 1
103985 61659 1
103985 67631 1
103985 80200 1
103985 92602 1
103985 95349 1
103985 114375 1
106009 55080 1
106009 60254 1
106009 69322 1
106009 79493 1
106009 80881 1
106009 84191 1
106009 85589 1
106009 87857 1
106009 92602 1
108670 71601 1
108670 71721 1
108670 75154 1
108670 86123 1
108670 91327 1
108670 92602 1
108670 95310 1
108670 96784 1
108670 99166 1
108670 101581 1
114634 75823 1
114634 92602 1
117586 70770 1
117586 70942 1
117586 87991 1
117586 91326 1
117586 91327 1
117586 92602 1
117586 96731 1
117586 114161 1
36845 36864 1
36845 62419 1
36845 68622 1
36845 78877 1
36845 94319 1
36864 36845 1
36864 62419 1
36864 78877 1
36864 94319 1
46936 59047 1
46936 61800 1
46936 63271 1
46936 69559 1
46936 76048 1
46936 76287 1
46936 78163 1
46936 79778 1
46936 80606 1
46936 80881 1
46936 94319 1
57039 75516 1
57039 94319 1
57594 37673 1
57594 57803 1
57594 64817 1
57594 94319 1
57594 105723 1
57594 108084 1
57594 127454 1
59047 46936 1
59047 55484 1
59047 60566 1
59047 61169 1
59047 61800 1
59047 63271 1
59047 64759 1
59047 69559 1
59047 76048 1
59047 76287 1
59047 78163 1
59047 79778 1
59047 80606 1
59047 80881 1
59047 94319 1
61800 20221 1
61800 46936 1
61800 59047 1
61800 60605 1
61800 63271 1
61800 69559 1
61800 76048 1
61800 76287 1
61800 78163 1
61800 79778 1
61800 80606 1
61800 80881 1
61800 94319 1
62419 36845 1
62419 36864 1
62419 78877 1
62419 94319 1
63271 41631 1
63271 46936 1
63271 59047 1
63271 60254 1
63271 61800 1
63271 69559 1
63271 73942 1
63271 76048 1
63271 76287 2
63271 78163 1
63271 79778 1
63271 80606 1
63271 80881 1
63271 94319 1
67967 67964 2
67967 74274 1
67967 80924 1
67967 82044 1
67967 85348 1
67967 90403 2
67967 90819 1
67967 92570 1
67967 94319 1
67967 95802 2
67967 104253 1
67967 106064 1
67967 108421 1
69559 46936 1
69559 59047 1
69559 61800 1
69559 63271 1
69559 76048 1
69559 76287 1
69559 78163 1
69559 79778 1
69559 80606 1
69559 80881 1
69559 94319 1
72060 72521 1
72060 94319 1
72521 28746 1
72521 44901 1
72521 53400 1
72521 72060 1
72521 94319 1
74662 89656 1
74662 94319 1
74662 121781 1
75516 57039 1
75516 94319 1
76048 46936 1
76048 59047 1
76048 61800 1
76048 63271 1
76048 69559 1
76048 76287 1
76048 78163 1
76048 79778 1
76048 80606 1
76048 80881 1
76048 94319 1
76287 46936 1
76287 59047 1
76287 60254 1
76287 61800 1
76287 63271 2
76287 69559 1
76287 76048 1
76287 78163 1
76287 79778 1
76287 80606 1
76287 80881 1
76287 94319 1
76462 94319 1
78163 46936 1
78163 59047 1
78163 61800 1
78163 63271 1
78163 69559 1
78163 76048 1
78163 76287 1
78163 79778 1
78163 80606 1
78163 80881 1
78163 94319 1
78877 36845 1
78877 36864 1
78877 62419 1
78877 94319 1
79778 46936 1
79778 59047 1
79778 61800 1
79778 63271 1
79778 69559 1
79778 76048 1
79778 76287 1
79778 78163 1
79778 80606 1
79778 80881 1
79778 94319 1
80606 46936 1
80606 59047 1
80606 61800 1
80606 63271 1
80606 69559 1
80606 76048 1
80606 76287 1
80606 78163 1
80606 79778 1
80606 80881 1
80606 94319 1
80881 46936 1
80881 59047 1
80881 61800 1
80881 63271 1
80881 69559 1
80881 74114 1
80881 76048 1
80881 76287 1
80881 78163 1
80881 79778 1
80881 80606 1
80881 85589 1
80881 94319 1
80881 106009 1
83624 83625 1
83624 83626 1
83624 94319 1
83625 83624 1
83625 83626 1
83625 83627 1
83625 94319 2
83625 119377 1
83626 83624 1
83626 83625 1
83626 94319 1
83627 83625 1
83627 94319 1
83627 119377 1
89656 74662 1
89656 83495 1
89656 94319 1
90819 67967 1
90819 92570 1
90819 94319 1
90819 104253 1
90981 94319 1
92570 67967 1
92570 74274 1
92570 90819 1
92570 94319 1
92570 104253 1
98277 72100 1
98277 94319 1
98277 95802 1
104253 67967 1
104253 73417 1
104253 90819 1
104253 92570 1
104253 94319 1
105723 57594 1
105723 94319 1
108084 57594 1
108084 94319 1
117871 13250 1
117871 13411 1
117871 27690 1
117871 94319 1
117871 118922 2
117871 118975 1
119377 83625 1
119377 83627 1
119377 94319 1
119377 119376 1
119377 120760 1
119377 123335 1
119377 127008 1
119377 127091 1
119377 127156 1
119377 127621 1
121209 94319 1
121209 114176 1
42489 18679 1
42489 25384 1
42489 38450 1
42489 43620 1
42489 53624 1
42489 63774 1
42489 96784 1
42489 103501 1
45770 103501 1
47947 26108 1
47947 49749 1
47947 63897 1
47947 103501 1
47947 104953 1
50343 70942 1
50343 83642 1
50343 87604 1
50343 87897 1
50343 103501 1
50343 110042 1
57768 20602 1
57768 57765 1
57768 57766 1
57768 70732 1
57768 72221 1
57768 89902 1
57768 103501 1
57768 107506 1
58290 68622 1
58290 81499 1
58290 89791 1
58290 103501 1
60566 59047 1
60566 78187 1
60566 78470 1
60566 79559 1
60566 83276 1
60566 98655 1
60566 103501 1
63774 42489 1
63774 68531 1
63774 96784 1
63774 103501 1
63897 47947 1
63897 103501 1
63897 104953 1
67795 67958 1
67795 68144 1
67795 75087 1
67795 78470 1
67795 91383 1
67795 92392 1
67795 95317 2
67795 99166 1
67795 102491 1
67795 103501 2
67795 110042 1
67795 110208 1
67795 115212 1
67958 56440 1
67958 67795 1
67958 68144 1
67958 75087 1
67958 78462 1
67958 86231 1
67958 90443 1
67958 103501 1
67958 110208 1
68144 67795 1
68144 67958 1
68144 75087 1
68144 103501 1
68144 110208 1
68622 36845 1
68622 58290 1
68622 89791 1
68622 103501 1
69381 91386 1
69381 91387 1
69381 94258 1
69381 101581 1
69381 103501 1
69381 107566 1
70732 57768 1
70732 72221 1
70732 89902 1
70732 103501 1
70732 107506 1
70770 70771 1
70770 70772 1
70770 88342 1
70770 92230 1
70770 96481 1
70770 103501 1
70770 117586 1
70771 70770 1
70771 70772 2
70771 88342 1
70771 92230 1
70771 96481 1
70771 103501 1
70772 70770 1
70772 70771 2
70772 88342 1
70772 92230 1
70772 96481 1
70772 103501 1
70942 50343 1
70942 79496 1
70942 83642 1
70942 94258 1
70942 94733 1
70942 95317 1
70942 95573 1
70942 103501 1
70942 107554 1
70942 117586 1
72221 57768 1
72221 69480 1
72221 70732 1
72221 89902 1
72221 98438 1
72221 103501 1
72221 107506 1
72221 114805 1
75087 67795 1
75087 67958 1
75087 68144 1
75087 103501 1
75087 110208 1
78187 60566 1
78187 103501 1
78187 103504 1
78377 69480 1
78377 77203 1
78377 87742 1
78377 87897 1
78377 92265 1
78377 92685 1
78377 96815 1
78377 101789 1
78377 103501 1
78377 103522 1
79986 83864 1
79986 103501 1
81255 84035 1
81255 87991 2
81255 103501 1
81255 108467 1
83130 89202 1
83130 103194 1
83130 103501 1
83130 103504 1
83642 50343 1
83642 70942 1
83642 73850 1
83642 103501 1
87604 50343 1
87604 57067 1
87604 99020 1
87604 103501 1
87604 107294 1
87604 108421 1
87742 77203 1
87742 78377 1
87742 87897 1
87742 92265 1
87742 92685 1
87742 101789 1
87742 103501 1
87742 103522 1
87897 50343 1
87897 77203 1
87897 78377 1
87897 87742 1
87897 87894 1
87897 92265 1
87897 92685 2
87897 101789 1
87897 103501 1
87897 103522 1
88342 70770 1
88342 70771 1
88342 70772 1
88342 92230 1
88342 92403 1
88342 96481 1
88342 102420 1
88342 103501 1
89202 83130 1
89202 103194 1
89202 103501 1
89202 103504 1
89791 58290 1
89791 68622 1
89791 103501 1
89791 111273 1
89902 57768 1
89902 70732 1
89902 72221 1
89902 81797 1
89902 82126 1
89902 85086 1
89902 96604 1
89902 96607 1
89902 97839 1
89902 103501 1
89902 107506 1
91386 69381 1
91386 91387 28
91386 95310 1
91386 101534 1
91386 103124 1
91386 103501 1
91386 107566 1
91387 69381 1
91387 91386 28
91387 95310 1
91387 101534 1
91387 103124 1
91387 103501 1
91387 107566 1
92230 70770 1
92230 70771 1
92230 70772 1
92230 86180 1
92230 86186 1
92230 88342 1
92230 89839 1
92230 96049 1
92230 96481 1
92230 102623 1
92230 103501 1
92230 107626 1
92230 108467 1
92230 114375 1
92265 77203 1
92265 78377 1
92265 82741 1
92265 87742 1
92265 87897 1
92265 92685 1
92265 101789 1
92265 103124 1
92265 103501 1
92265 103522 1
92392 67795 1
92392 95317 1
92392 103501 1
92685 77203 1
92685 78377 1
92685 87742 1
92685 87897 2
92685 92265 1
92685 101789 1
92685 103501 1
92685 103522 1
92967 95317 1
92967 103501 1
92967 117112 1
93849 82126 1
93849 85086 1
93849 103501 1
93849 110366 1
95317 67795 2
95317 70942 1
95317 77203 1
95317 92392 1
95317 92967 1
95317 97839 1
95317 103501 2
95317 106451 1
95317 117112 1
96481 70770 1
96481 70771 1
96481 70772 1
96481 88342 1
96481 92230 1
96481 103501 1
96784 41631 1
96784 42489 1
96784 63774 1
96784 86123 1
96784 91327 1
96784 103501 1
96784 105759 1
96784 108670 1
96784 113784 1
96815 78377 1
96815 92233 1
96815 103501 1
96815 107294 1
98655 48917 1
98655 60566 1
98655 103501 1
101528 94781 1
101528 99316 1
101528 103501 1
101581 69381 1
101581 94258 1
101581 103501 1
101581 108670 1
101581 109187 1
101581 118125 1
101789 77203 1
101789 78377 1
101789 87742 1
101789 87897 1
101789 92265 1
101789 92685 1
101789 103501 1
101789 103522 1
103124 82741 1
103124 91386 1
103124 91387 1
103124 92265 1
103124 95573 1
103124 103501 1
103194 83130 1
103194 89202 1
103194 103501 1
103194 103504 1
103504 78187 1
103504 83130 1
103504 89202 1
103504 103194 1
103504 103501 1
103522 68107 1
103522 77203 1
103522 78377 1
103522 87742 1
103522 87897 1
103522 92265 1
103522 92685 1
103522 101789 1
103522 103501 1
104953 47947 1
104953 63897 1
104953 92344 1
104953 92600 1
104953 92606 1
104953 94549 1
104953 103501 1
107294 87604 1
107294 90054 1
107294 92600 1
107294 96815 1
107294 103501 1
107506 57768 1
107506 70732 1
107506 72221 1
107506 89902 1
107506 93842 1
107506 103501 1
107566 58324 1
107566 69381 1
107566 79274 1
107566 80200 1
107566 91386 1
107566 91387 1
107566 103501 1
107566 108467 1
110208 63552 1
110208 67795 1
110208 67958 1
110208 68144 1
110208 69472 1
110208 75087 1
110208 92403 1
110208 103501 1
110208 110042 1
110366 93849 1
110366 103501 1
117112 92967 1
117112 95317 1
117112 103501 1
25173 10041 1
25173 32097 1
25173 35672 1
25173 40659 1
25173 40732 1
25173 42802 1
25173 42803 1
32097 10041 1
32097 25173 1
32097 35672 1
32097 35892 1
32097 40659 1
32097 45835 1
35672 10041 1
35672 14066 1
35672 25056 1
35672 25173 1
35672 29174 1
35672 30207 1
35672 31173 1
35672 32097 1
35672 32121 1
35672 32125 1
35672 40659 1
40659 10041 1
40659 25173 1
40659 32097 1
40659 35672 1
38387 20847 1
24409 10692 1
24409 22393 1
24409 27400 1
24409 27401 1
24409 32866 1
32866 22393 1
32866 24409 1
14066 26073 1
14066 26691 1
14066 29147 1
14066 30207 2
14066 31223 1
14066 32907 1
14066 35672 1
14066 39782 1
14066 40092 1
14066 41526 1
14066 43941 1
14066 44192 1
14066 52000 1
26691 14066 1
26691 29147 1
26691 30207 1
26691 31223 1
26691 32907 1
26691 39782 1
26691 40092 1
26691 41526 1
26691 44192 1
26691 52000 1
29147 7401 1
29147 14066 1
29147 22848 1
29147 26691 1
29147 26795 1
29147 30207 1
29147 31223 1
29147 31813 1
29147 32113 1
29147 32907 1
29147 34290 1
29147 39782 1
29147 40092 1
29147 41526 1
29147 44192 1
29147 52000 1
29147 125266 1
30207 14066 2
30207 26691 1
30207 29147 1
30207 31223 1
30207 32907 2
30207 35672 1
30207 39468 1
30207 39782 1
30207 40092 1
30207 41526 1
30207 44192 1
30207 52000 1
31173 21470 1
31173 35672 1
31173 38952 1
31173 40092 1
31173 42524 1
31223 14066 1
31223 26691 1
31223 29147 1
31223 30207 1
31223 32907 1
31223 39782 1
31223 40092 1
31223 41526 1
31223 44192 1
31223 52000 1
32907 14066 1
32907 24078 1
32907 26691 1
32907 29147 1
32907 30207 2
32907 31223 1
32907 37827 1
32907 39782 1
32907 40092 1
32907 41526 1
32907 44192 1
32907 52000 1
39782 14066 1
39782 26691 1
39782 29147 1
39782 30207 1
39782 31223 1
39782 32907 1
39782 40092 1
39782 41526 1
39782 44192 1
39782 52000 1
41526 14066 1
41526 26691 1
41526 29147 1
41526 30207 1
41526 31223 1
41526 32907 1
41526 39782 1
41526 40092 1
41526 44192 1
41526 52000 1
44192 990 1
44192 14066 1
44192 26691 1
44192 29147 1
44192 30207 1
44192 31223 1
44192 32907 1
44192 39782 1
44192 40092 1
44192 40984 1
44192 41226 1
44192 41526 1
44192 52000 1
52000 14066 1
52000 26691 1
52000 29147 1
52000 30207 1
52000 31223 1
52000 32907 1
52000 39782 1
52000 40092 1
52000 41526 1
52000 44192 1
52000 53147 1
28810 55454 1
28810 61903 1
28810 69403 1
28810 87758 1
28810 91413 1
55454 28810 1
55454 40546 1
55454 60772 1
55454 61903 1
55454 69403 1
55454 78447 1
55454 87758 1
55454 91413 1
61903 28810 1
61903 55454 1
61903 69403 1
61903 87758 1
61903 91413 1
84051 69403 1
84051 78560 1
84051 86123 1
84051 87894 1
84051 106632 1
84051 117098 1
86123 69403 1
86123 73828 1
86123 79265 1
86123 84051 1
86123 87894 1
86123 91327 1
86123 96784 1
86123 106632 1
86123 108670 1
86123 117098 1
87758 28810 1
87758 55454 1
87758 61903 1
87758 69403 1
87758 91413 1
87894 69403 1
87894 84051 1
87894 86123 1
87894 87897 1
87894 106632 1
87894 117098 1
87894 119032 1
91413 28810 1
91413 55454 1
91413 61903 1
91413 69403 1
91413 81499 1
91413 87758 1
106632 69403 1
106632 84051 1
106632 86123 1
106632 87894 1
106632 117098 1
117098 69403 1
117098 84051 1
117098 86123 1
117098 87894 1
117098 106632 1
67964 67967 2
67964 74274 1
67964 80924 1
67964 82044 1
67964 85348 1
67964 90403 1
67964 95802 1
74274 67964 1
74274 67967 1
74274 80924 1
74274 82044 1
74274 85348 1
74274 90403 1
74274 92570 1
74274 95802 1
78511 82044 1
78511 86665 1
78511 108421 1
80924 67964 1
80924 67967 1
80924 74274 1
80924 82044 1
80924 85348 1
80924 90403 1
80924 95802 1
85348 67964 1
85348 67967 1
85348 74274 1
85348 80924 1
85348 82044 1
85348 90403 1
85348 95802 1
86665 78511 1
86665 82044 1
86665 84191 1
86665 86186 1
86665 108125 1
86665 108421 1
90403 67964 1
90403 67967 2
90403 74274 1
90403 80924 1
90403 82044 1
90403 85348 1
90403 95802 2
95802 67964 1
95802 67967 2
95802 74274 1
95802 80924 1
95802 82044 1
95802 85348 1
95802 90403 2
95802 98277 1
95802 117272 1
108421 67967 1
108421 78511 1
108421 79362 1
108421 82044 1
108421 86665 1
108421 87604 1
108421 108420 1
108421 114155 1
119583 82044 1
119583 127698 1
127698 82044 1
127698 119583 1
65919 82846 1
76334 64729 1
76334 70523 3
76334 76336 3
76334 76337 1
76334 76338 1
76334 76341 1
76334 82845 1
76334 82846 6
76334 91135 2
76334 91646 2
76334 96109 4
76334 103924 1
76334 107347 1
76334 117538 1
76336 70523 2
76336 76334 3
76336 76337 1
76336 82845 1
76336 82846 1
76336 96109 2
76336 107347 1
76336 117538 1
76337 76334 1
76337 76336 1
76337 82845 1
76337 82846 1
76337 96109 1
76337 107347 1
76337 117538 1
82845 76334 1
82845 76336 1
82845 76337 1
82845 82846 4
82845 82847 1
82845 94781 1
82845 96109 1
82845 107347 1
82845 117538 1
91646 64729 1
91646 70523 1
91646 76334 2
91646 76341 1
91646 82846 1
91646 91135 5
91646 91139 1
96109 70523 1
96109 76334 4
96109 76336 2
96109 76337 1
96109 82845 1
96109 82846 1
96109 103924 1
96109 107347 2
96109 117538 1
96109 118851 1
107347 61795 1
107347 76334 1
107347 76336 1
107347 76337 1
107347 82845 1
107347 82846 1
107347 96109 2
107347 117538 1
117538 62960 1
117538 76334 1
117538 76336 1
117538 76337 1
117538 82845 1
117538 82846 1
117538 91134 1
117538 96109 1
117538 107347 1
117538 110439 1
117538 117540 1
32599 39179 1
32599 50340 1
32599 51244 1
32599 61659 1
32599 61662 1
32599 81344 1
32599 86180 1
39179 32599 1
39179 50340 1
39179 51244 1
39179 61662 1
39179 81344 1
39179 86180 1
43828 86180 1
48753 58308 1
48753 86180 1
50340 32599 1
50340 39179 1
50340 50863 1
50340 51244 1
50340 61662 1
50340 81344 1
50340 86180 1
50467 73850 1
50467 86180 1
50634 61793 1
50634 70876 1
50634 70877 1
50634 86180 1
50634 91376 1
50634 94768 1
51244 32599 1
51244 39179 1
51244 50340 1
51244 61662 1
51244 81344 1
51244 86180 1
51244 121255 1
58308 48753 1
58308 86180 1
61662 32599 1
61662 39179 1
61662 50340 1
61662 51244 1
61662 81344 1
61662 86180 1
61793 50634 1
61793 70876 1
61793 70877 1
61793 86180 1
61793 91376 1
61793 94768 1
62637 64467 1
62637 83114 1
62637 86180 1
62637 102051 1
62637 108245 1
64467 62637 1
64467 83114 1
64467 86180 1
64467 102051 1
64467 108245 1
70876 50634 1
70876 61793 1
70876 70877 4
70876 86180 1
70876 91376 1
70876 94768 1
70877 50634 1
70877 61793 1
70877 70876 4
70877 86180 1
70877 91376 1
70877 94768 1
73828 11555 1
73828 74121 1
73828 84035 2
73828 86123 1
73828 86180 1
73828 92213 1
73828 93842 1
73828 94781 1
73828 102371 1
73828 106306 1
73850 50467 1
73850 83642 1
73850 86180 1
74114 80881 1
74114 86180 1
74121 56440 1
74121 73828 1
74121 79265 1
74121 85088 1
74121 86180 1
74121 93842 1
74121 94781 2
74121 106306 1
75143 86180 1
75143 97263 1
75143 105104 1
78560 79274 1
78560 84051 1
78560 86180 1
79274 61949 1
79274 78067 1
79274 78560 1
79274 80200 1
79274 86180 1
79274 107566 1
81344 32599 1
81344 39179 1
81344 50340 1
81344 51244 1
81344 61662 1
81344 86180 1
82200 86180 1
83114 62637 1
83114 64467 1
83114 86180 1
83114 102051 1
83114 108245 1
89839 86180 1
89839 92230 1
89839 96049 1
89839 96674 1
89839 102623 1
89839 107626 1
89839 108467 1
89839 114375 1
89839 122183 1
91376 50634 1
91376 61793 1
91376 70876 1
91376 70877 1
91376 71601 1
91376 77203 1
91376 86180 1
91376 86231 1
91376 94768 1
91376 96049 1
91376 108412 2
91376 126283 1
93842 73828 1
93842 74121 1
93842 86180 1
93842 94781 1
93842 106306 1
93842 107506 1
94529 70899 1
94529 86180 1
94529 124917 1
94768 50634 1
94768 61793 1
94768 70876 1
94768 70877 1
94768 86180 1
94768 91376 1
94781 73828 1
94781 74121 2
94781 81797 1
94781 82701 1
94781 82702 1
94781 82845 1
94781 86180 1
94781 91221 1
94781 93118 1
94781 93842 1
94781 96448 1
94781 101528 1
94781 103924 1
94781 106306 1
96049 77203 1
96049 86180 1
96049 89839 1
96049 91376 1
96049 92230 1
96049 102623 1
96049 107626 1
96049 108467 1
96049 114375 1
97263 42609 1
97263 75143 1
97263 86180 1
101534 77203 1
101534 86180 1
101534 88892 1
101534 91386 1
101534 91387 1
102051 62637 1
102051 64467 1
102051 83114 1
102051 86180 1
102051 108245 1
102051 108467 1
102623 86180 1
102623 89839 1
102623 92230 1
102623 96049 1
102623 107626 1
102623 108467 1
102623 114375 1
106306 69472 1
106306 73828 1
106306 74121 1
106306 86180 1
106306 93842 1
106306 94781 1
107626 79496 1
107626 86180 1
107626 89839 1
107626 92230 1
107626 96049 1
107626 102623 1
107626 108467 1
107626 114375 1
108245 62637 1
108245 64467 1
108245 83114 1
108245 86180 1
108245 92179 1
108245 98287 1
108245 102051 1
108245 103909 1
108467 81255 1
108467 86180 1
108467 89839 1
108467 92230 1
108467 96049 1
108467 102051 1
108467 102623 1
108467 107566 1
108467 107626 1
108467 114375 1
114375 86180 1
114375 89839 1
114375 92230 1
114375 96049 1
114375 102623 1
114375 103985 1
114375 107626 1
114375 108467 1
39204 41631 1
39204 79265 1
39204 86231 1
41631 39204 1
41631 63271 1
41631 65203 1
41631 79265 1
41631 86231 1
41631 92888 1
41631 94733 1
41631 96784 1
46094 52554 1
46094 62090 1
46094 63658 1
46094 86231 1
46094 105104 1
46094 120780 1
52352 57499 1
52352 63335 1
52352 66605 1
52352 67631 1
52352 86231 1
52554 46094 1
52554 62090 1
52554 63658 1
52554 85314 1
52554 86231 1
52554 105104 1
52554 120780 2
56440 67958 1
56440 74121 1
56440 86231 1
56440 90443 1
57499 52352 1
57499 63335 1
57499 66605 1
57499 67631 1
57499 86231 1
58324 66194 1
58324 69322 1
58324 69480 1
58324 80200 1
58324 86186 1
58324 86231 1
58324 95147 1
58324 96604 1
58324 107566 1
58324 108412 1
58324 116270 1
58463 67278 1
58463 86231 1
58463 91326 1
58463 92233 1
60236 28690 1
60236 63219 1
60236 84035 1
60236 85589 1
60236 86231 1
60236 101385 1
62090 46094 1
62090 52554 1
62090 63658 1
62090 73370 1
62090 86231 1
62090 105104 1
62090 120780 1
63335 52352 1
63335 57499 1
63335 66605 1
63335 67631 1
63335 86231 1
63552 69472 1
63552 70497 1
63552 78193 1
63552 86056 1
63552 86231 1
63552 93286 1
63552 94733 1
63552 102452 1
63552 110208 1
63658 46094 1
63658 52554 1
63658 62090 1
63658 86231 1
63658 105104 1
63658 120780 1
66194 58324 1
66194 69322 1
66194 86231 1
66194 95147 1
66194 96604 1
66194 98335 1
66194 108412 1
66194 110042 1
66194 116270 1
66605 52352 1
66605 57499 1
66605 63335 1
66605 67631 1
66605 69472 1
66605 86231 1
66605 120780 1
67631 52352 1
67631 57499 1
67631 63335 1
67631 66605 1
67631 86231 1
67631 103985 1
69322 58324 1
69322 66194 1
69322 86231 1
69322 95147 1
69322 96604 1
69322 106009 1
69322 108412 1
69322 109187 1
69322 116270 1
69397 73844 1
69397 86231 1
69397 90235 1
69397 93829 1
69397 94008 1
69397 98438 1
69397 106064 1
69397 106651 1
69472 63552 1
69472 66605 1
69472 70497 1
69472 78193 1
69472 80182 1
69472 86056 1
69472 86231 1
69472 92403 2
69472 94733 1
69472 106306 1
69472 110208 1
70497 55543 1
70497 63552 1
70497 69472 1
70497 70523 1
70497 78193 1
70497 86056 1
70497 86231 1
70497 94733 1
70497 95988 1
73556 86231 1
73556 89841 1
73556 97839 1
73844 69397 1
73844 86231 1
73844 90235 1
73844 91326 1
73844 91327 1
73844 92396 1
73844 93829 1
73844 98438 1
73844 106064 1
78193 63552 1
78193 69472 1
78193 70497 1
78193 86056 1
78193 86231 1
78193 94733 1
78454 83864 1
78454 86231 1
78454 93286 1
78454 99316 1
78454 102464 1
78470 60566 1
78470 67795 1
78470 69315 1
78470 79559 1
78470 86231 1
78470 90443 1
78470 91383 1
78470 94360 1
78470 94733 1
78470 106451 1
78470 110108 1
78470 124368 1
78675 80877 1
78675 86231 1
78675 88811 1
78675 90053 1
78675 90054 1
78675 100539 1
78675 110108 1
78675 113784 1
79265 32431 1
79265 39204 1
79265 41631 1
79265 50979 1
79265 74121 1
79265 86123 1
79265 86231 1
79496 70778 1
79496 70942 1
79496 80115 1
79496 85086 1
79496 86231 1
79496 91347 1
79496 92403 1
79496 93111 1
79496 94733 1
79496 105667 1
79496 107554 1
79496 107626 1
79559 60566 1
79559 78470 1
79559 83276 1
79559 86231 1
79559 94258 1
79559 94360 1
80115 79496 1
80115 85086 1
80115 86231 1
80115 91347 1
80115 92403 1
80115 93111 1
80115 94733 1
80115 105667 1
80877 78675 1
80877 86231 1
80877 88811 1
80877 90053 1
80877 90054 1
80877 100043 1
80877 100539 6
80877 110108 1
81111 81112 1
81111 86231 1
81111 106451 1
81111 121962 1
82126 81797 1
82126 86231 1
82126 89902 1
82126 91383 1
82126 92396 1
82126 93849 1
82126 96604 1
82126 96607 1
82126 105361 1
82126 123314 1
83226 68055 1
83226 70740 1
83226 70741 1
83226 86231 1
83226 98957 1
83226 100260 1
83276 60566 1
83276 79559 1
83276 86231 1
83276 94360 1
83864 78454 1
83864 79986 1
83864 86231 1
83864 89617 1
83864 93286 1
83864 99316 1
83864 102464 1
84035 60236 1
84035 73828 2
84035 81255 1
84035 86231 1
84035 87991 1
84035 90333 1
84035 101385 1
84035 102774 1
85086 79496 1
85086 80115 1
85086 86231 1
85086 89902 1
85086 91347 1
85086 92403 1
85086 93111 1
85086 93849 1
85086 94733 1
85086 103924 1
85086 105667 2
86056 63552 1
86056 69472 1
86056 70497 1
86056 78193 1
86056 86231 1
86056 94733 1
86186 58324 1
86186 86231 1
86186 86665 1
86186 92230 1
86186 108320 1
86186 108332 1
88811 78675 1
88811 80877 1
88811 86231 1
88811 90053 1
88811 90054 1
88811 97686 1
88811 100539 1
88811 110108 1
89046 86231 1
89046 101890 1
89046 106451 1
89841 73556 1
89841 86231 1
89841 95310 1
89841 97839 1
90053 78675 1
90053 80877 1
90053 86231 1
90053 88811 1
90053 90054 1
90053 100539 1
90053 110108 1
90054 78675 1
90054 80877 1
90054 84191 1
90054 86231 1
90054 88811 1
90054 90053 1
90054 100539 1
90054 102442 1
90054 107294 1
90054 110108 1
90235 69397 1
90235 73844 1
90235 86231 1
90235 93829 1
90235 98438 1
90235 106064 1
90443 50094 1
90443 56440 1
90443 57342 1
90443 67958 1
90443 78470 1
90443 86231 1
90443 94360 2
91326 58463 1
91326 73844 1
91326 86231 1
91326 91327 1
91326 92233 1
91326 117586 1
91347 79496 1
91347 80115 1
91347 85086 1
91347 86231 1
91347 92403 1
91347 93111 1
91347 94733 1
91347 105667 1
91383 67795 1
91383 78297 1
91383 78470 1
91383 82126 1
91383 86231 1
91383 88003 1
91383 94360 1
91383 102442 1
91383 105361 1
91383 123314 1
92233 53563 1
92233 58463 1
92233 86231 1
92233 91326 1
92233 94360 1
92233 96815 1
92403 69472 2
92403 79496 1
92403 80115 1
92403 84822 1
92403 85086 1
92403 86231 1
92403 88342 1
92403 91347 1
92403 93111 1
92403 94733 1
92403 105667 1
92403 110208 1
93111 79496 1
93111 80115 1
93111 85086 1
93111 86231 1
93111 91347 1
93111 92403 1
93111 94733 1
93111 97653 1
93111 105667 1
93286 63552 1
93286 78454 1
93286 83864 1
93286 86231 1
93286 99316 1
93286 102464 1
93829 69397 1
93829 73844 1
93829 86231 1
93829 90235 1
93829 98438 1
93829 106064 1
94360 78470 1
94360 79559 1
94360 83276 1
94360 86231 1
94360 90443 2
94360 91383 1
94360 92233 1
94360 99020 1
94733 41631 1
94733 63552 1
94733 69472 1
94733 70497 1
94733 70942 1
94733 78193 1
94733 78297 1
94733 78470 1
94733 79496 1
94733 80115 1
94733 80200 1
94733 85086 1
94733 86056 1
94733 86231 2
94733 91347 1
94733 92403 1
94733 93111 1
94733 105361 1
94733 105667 1
94733 110589 1
94733 111009 1
95147 58324 1
95147 66194 1
95147 69322 1
95147 86231 1
95147 96604 1
95147 108412 1
95147 116270 1
96604 58324 1
96604 66194 1
96604 69322 1
96604 81797 1
96604 82126 1
96604 86231 1
96604 89902 1
96604 95147 1
96604 96607 1
96604 108412 1
96604 116270 1
97266 52905 1
97266 86231 1
97266 110439 1
97266 113784 1
97266 123756 1
97266 124734 1
97839 73556 1
97839 86231 1
97839 89841 1
97839 89902 1
97839 95317 1
98438 69397 1
98438 72221 1
98438 73844 1
98438 86231 1
98438 90235 1
98438 91495 1
98438 93829 1
98438 106064 1
98957 83226 1
98957 86231 1
98957 100260 1
99316 78454 1
99316 83864 1
99316 86231 1
99316 93286 1
99316 101528 1
99316 102464 1
100132 86231 1
100132 100133 1
100132 100134 1
100132 108320 1
100133 86231 1
100133 100132 1
100133 100134 1
100133 108320 1
100134 86231 1
100134 100132 1
100134 100133 1
100134 108320 1
100260 83226 1
100260 86231 1
100260 92888 1
100260 98957 1
100539 78675 1
100539 80877 6
100539 86231 1
100539 88811 1
100539 90053 1
100539 90054 1
100539 100043 1
100539 110108 1
101385 60236 1
101385 66118 1
101385 84035 1
101385 86231 1
101890 86231 1
101890 89046 1
102464 78454 1
102464 83864 1
102464 86231 1
102464 93286 1
102464 99316 1
105104 39464 1
105104 46094 1
105104 52554 1
105104 62090 1
105104 63658 1
105104 75143 1
105104 79362 1
105104 86231 1
105104 106406 1
105104 120780 1
105361 82126 1
105361 86231 1
105361 91383 1
105361 94733 1
105361 108412 1
105361 111273 1
105361 123314 1
105667 79496 1
105667 80115 1
105667 85086 2
105667 86231 1
105667 91347 1
105667 92403 1
105667 93111 1
105667 94733 1
106064 67967 1
106064 69397 1
106064 73844 1
106064 86231 1
106064 90235 1
106064 93829 1
106064 98438 1
106341 86231 1
106451 78470 1
106451 80200 1
106451 81111 1
106451 85589 1
106451 86231 1
106451 89046 1
106451 95317 1
108320 86186 1
108320 86231 2
108320 100132 1
108320 100133 1
108320 100134 1
108320 108284 1
108320 108319 1
108320 108332 1
108332 86186 1
108332 86231 1
108332 108320 1
108412 58324 1
108412 66194 1
108412 69322 1
108412 71601 1
108412 86231 1
108412 91376 2
108412 95147 1
108412 96604 1
108412 105361 1
108412 108414 1
108412 116270 1
110108 78470 1
110108 78675 1
110108 80877 1
110108 86231 1
110108 88811 1
110108 90053 1
110108 90054 1
110108 100539 1
110439 86231 1
110439 97266 1
110439 113784 1
110439 117538 1
110439 123756 1
110439 124734 1
113784 78675 1
113784 86231 1
113784 96784 1
113784 97266 1
113784 110439 1
113784 123756 1
113784 124734 1
116270 58324 1
116270 66194 1
116270 69322 1
116270 86231 1
116270 95147 1
116270 95349 1
116270 96604 1
116270 103924 1
116270 108412 1
120780 46094 1
120780 52554 2
120780 62090 1
120780 63658 1
120780 66605 1
120780 86231 1
120780 105104 1
123314 82126 1
123314 86231 1
123314 91383 1
123314 105361 1
123756 80182 1
123756 86231 1
123756 97266 1
123756 110439 1
123756 113784 1
123756 119574 1
123756 124734 1
124734 54010 1
124734 86231 1
124734 97266 1
124734 110439 1
124734 113784 1
124734 123756 1
126283 86231 1
126283 91376 1
45050 91135 1
60714 61795 4
60714 81797 3
60714 91135 1
60714 91221 1
60714 93118 2
60714 103924 7
60714 106406 1
61795 60714 4
61795 81797 1
61795 91135 1
61795 93118 1
61795 103924 2
61795 107347 1
64729 70523 1
64729 76334 1
64729 76341 1
64729 91135 1
64729 91646 1
70523 64729 1
70523 70497 1
70523 76334 3
70523 76336 2
70523 76341 1
70523 91135 1
70523 91646 1
70523 96109 1
76338 76334 1
76338 91135 1
76341 64729 1
76341 70523 1
76341 76334 1
76341 91135 1
76341 91646 1
81797 46267 1
81797 60714 3
81797 61795 1
81797 82126 1
81797 89902 1
81797 91135 1
81797 93118 1
81797 94781 1
81797 96448 1
81797 96604 1
81797 96607 1
81797 102442 1
81797 103924 2
81797 110042 1
91134 91135 1
91134 102514 1
91134 117538 1
91134 117540 1
91136 91135 1
91139 91135 1
91139 91646 1
91141 91135 1
91221 60714 1
91221 91135 2
91221 94781 1
91221 103924 1
91221 110042 1
91221 121724 1
91221 125686 1
91221 127124 1
92154 91135 1
92154 93118 1
92154 115472 1
93118 60714 2
93118 61795 1
93118 81797 1
93118 85088 1
93118 91135 1
93118 92154 1
93118 94781 1
93118 96448 1
93118 103924 2
93118 106406 3
95755 91135 1
96448 81797 1
96448 91135 1
96448 91327 1
96448 93118 1
96448 94781 1
96448 103924 1
102204 91135 1
102204 110589 1
102514 82694 1
102514 82695 1
102514 91134 1
102514 91135 1
103924 60714 7
103924 61795 2
103924 76334 1
103924 81797 2
103924 85086 1
103924 91135 1
103924 91221 1
103924 93118 2
103924 94781 1
103924 96109 1
103924 96448 1
103924 106406 1
103924 116270 1
106406 60714 1
106406 85088 1
106406 91135 1
106406 93118 3
106406 103924 1
106406 105104 1
110042 50343 1
110042 66194 1
110042 67795 1
110042 81797 1
110042 91135 1
110042 91221 1
110042 102442 1
110042 110208 1
110042 118483 1
110042 121724 1
110042 127124 1
121724 42905 1
121724 80505 1
121724 91135 1
121724 91221 1
121724 110042 1
121724 127124 1
125686 91135 1
125686 91221 1
127124 91135 1
127124 91221 1
127124 110042 1
127124 121724 1
61402 92042 1
52889 78164 1
52889 93391 1
52889 95858 1
52889 95859 1
64937 72312 1
64937 93391 1
64937 122251 1
68645 51325 1
68645 57342 1
68645 93391 1
69723 79362 1
69723 91327 1
69723 93391 1
72312 64937 1
72312 93391 1
78164 52889 1
78164 63558 1
78164 93391 1
79362 69723 1
79362 91327 1
79362 93391 1
79362 105104 1
79362 108421 1
79362 110589 1
79564 87765 1
79564 93391 1
87765 79564 1
87765 93391 1
88634 96998 1
88634 98287 1
96998 88634 1
96998 98287 1
103788 98287 1
36067 103287 1
45085 92606 1
51810 69480 1
106521 69480 1
106521 106522 1
106521 106523 1
106522 69480 1
106522 106521 1
106522 106523 1
106523 69480 1
106523 106521 1
106523 106522 1
114307 69480 1
125545 69480 1
125545 122758 1
125545 126072 1
43020 31163 1
73078 44150 1
60471 57050 1
60471 63994 1
93204 64448 1
77943 79096 1
126667 79096 1
55352 82404 1
20573 59263 1
20573 67227 1
20573 72604 1
20573 84245 1
67227 20573 1
67227 84245 1
53952 86019 1
102768 91858 1
36499 49460 1
36499 94694 1
36499 98122 1
49460 36499 1
49460 94694 1
49460 98122 1
99181 94694 1
99970 81348 1
99970 94694 1
59011 65988 1
59011 76273 1
59011 78529 1
59011 95833 1
65988 59011 1
65988 76273 1
65988 78529 1
65988 95833 1
76273 59011 1
76273 65988 1
76273 78529 1
76273 95833 1
78529 59011 1
78529 65988 1
78529 76273 1
78529 95833 1
112369 98005 1
50844 51928 1
50844 59311 1
50844 59312 1
50844 59313 1
50844 59891 1
50844 87827 1
50844 107701 1
51928 50844 1
51928 59311 1
51928 59312 1
51928 59313 1
51928 59891 1
51928 87827 1
51928 107701 1
59311 50844 1
59311 51928 1
59311 59312 1
59311 59313 1
59311 59891 1
59311 87827 1
59311 107701 1
59312 50844 1
59312 51928 1
59312 59311 1
59312 59313 1
59312 59891 1
59312 87827 1
59312 107701 1
59313 50844 1
59313 51928 1
59313 59311 1
59313 59312 1
59313 59891 1
59313 87827 1
59313 107701 1
59891 50844 1
59891 51928 1
59891 59311 1
59891 59312 1
59891 59313 1
59891 87827 1
59891 107701 1
87827 50844 1
87827 51928 1
87827 59311 1
87827 59312 1
87827 59313 1
87827 59891 1
87827 107701 1
122714 70778 1
56213 75188 1
82667 36669 1
82667 56833 1
82667 75188 1
82667 80200 1
82667 82335 1
82667 92600 1
46984 92344 1
106160 98335 1
106590 98335 1
44754 61374 1
44754 111009 1
61374 44754 1
61374 111009 1
111010 111009 1
114226 112568 1
91588 112726 1
115653 112726 1
114204 62960 1
114204 103967 1
102452 63552 1
102452 77203 1
64753 81499 1
78629 77577 1
78629 89805 1
78629 121545 1
103321 103322 1
65568 108071 1
108072 108071 1
102844 82335 1
72284 99654 1
118554 115845 1
118554 118555 1
69745 50863 1
69745 77039 1
69745 103562 1
77039 50863 1
77039 69745 1
76507 55080 1
26732 39642 1
26732 57342 1
39642 26732 1
39642 35669 1
39642 35736 1
39642 57342 1
89737 45093 1
89737 57342 1
97421 57342 1
125998 57342 1
125998 123655 2
125998 125999 1
125998 127183 3
127183 57342 1
127183 123655 1
127183 125998 3
108732 71601 1
92537 71721 1
52780 75823 1
28302 82741 1
52771 82741 1
123121 84191 1
70249 90333 1
69406 91327 1
111561 92600 1
92735 94008 1
67892 95349 1
76371 95621 1
102192 95621 1
78870 99166 1
114161 117586 1
37673 57594 1
57803 57594 1
57803 127454 1
64817 57594 1
127454 57594 1
127454 57803 1
127454 127453 1
55484 59047 1
55484 61169 1
55484 64759 1
61169 55484 1
61169 59047 1
61169 64759 1
64759 55484 1
64759 59047 1
64759 61169 1
20221 60605 1
20221 61800 1
60605 20221 1
60605 61800 1
73942 63271 1
28746 44901 1
28746 53400 1
28746 72521 1
44901 28746 1
44901 53400 1
44901 72521 1
53400 28746 1
53400 44901 1
53400 72521 1
121781 74662 1
83495 89656 1
72100 98277 1
73417 104253 1
13250 13411 1
13250 27690 1
13250 117871 1
13411 13250 1
13411 27690 1
13411 117871 1
27690 13250 1
27690 13411 1
27690 117871 1
118922 117871 2
118975 117871 1
119376 119377 1
120760 119377 1
120760 123335 1
120760 127008 1
120760 127091 1
120760 127156 1
120760 127621 1
123335 119377 1
123335 120760 1
123335 123334 1
123335 127008 1
123335 127091 2
123335 127156 1
123335 127621 3
127008 119377 1
127008 120760 1
127008 123335 1
127008 125274 3
127008 125628 1
127008 127091 1
127008 127156 2
127008 127342 1
127008 127345 1
127008 127621 1
127091 119377 1
127091 120760 1
127091 123335 2
127091 127008 1
127091 127090 1
127091 127156 1
127091 127621 3
127156 119377 1
127156 120760 1
127156 123335 1
127156 127008 2
127156 127091 1
127156 127342 2
127156 127345 3
127156 127367 1
127156 127621 1
127621 119377 1
127621 120760 1
127621 123334 1
127621 123335 3
127621 127008 1
127621 127090 1
127621 127091 3
127621 127156 1
114176 121209 1
18679 42489 1
25384 42489 1
25384 53624 1
38450 42489 1
43620 42489 1
53624 25384 1
53624 42489 1
26108 47947 1
26108 49749 1
49749 26108 1
49749 47947 1
20602 57765 1
20602 57766 1
20602 57768 1
57765 20602 1
57765 57766 1
57765 57768 1
57766 20602 1
57766 57765 1
57766 57768 1
68531 63774 1
102491 67795 1
115212 67795 1
78462 67958 1
114805 72221 1
57067 87604 1
102420 88342 1
111273 89791 1
111273 105361 1
105759 96784 1
105759 105758 1
48917 98655 1
118125 101581 1
68107 103522 1
40732 25173 1
40732 42802 1
40732 42803 1
42802 25173 1
42802 40732 1
42802 42803 1
42803 25173 1
42803 40732 1
42803 42802 1
35892 32097 1
35892 45835 1
45835 32097 1
45835 35892 1
25056 35672 1
29174 32121 1
29174 32125 1
29174 35672 1
32121 29174 1
32121 32125 1
32121 35672 1
32125 29174 1
32125 32121 1
32125 35672 1
10692 24409 1
10692 27400 1
10692 27401 1
27400 10692 1
27400 24409 1
27400 27401 1
27401 10692 1
27401 24409 1
27401 27400 1
26073 14066 1
43941 14066 1
7401 22848 1
7401 29147 1
7401 31813 1
7401 32113 1
7401 125266 1
22848 7401 1
22848 29147 1
22848 31813 1
22848 32113 1
22848 125266 1
26795 23286 1
26795 25451 1
26795 29147 1
26795 31049 1
31813 7401 1
31813 22848 1
31813 29147 1
31813 32113 1
31813 125266 1
32113 7401 1
32113 22848 1
32113 29147 1
32113 31813 1
32113 125266 1
34290 29147 1
125266 7401 1
125266 22848 1
125266 29147 1
125266 31813 1
125266 32113 1
39468 30207 1
21470 31173 1
21470 42524 1
38952 31173 1
42524 21470 1
42524 31173 1
24078 32907 1
37827 32907 1
990 41226 1
990 44192 1
40984 44192 1
41226 990 1
41226 44192 1
40546 55454 1
40546 60772 1
40546 78447 1
60772 40546 1
60772 55454 1
60772 78447 1
78447 40546 1
78447 55454 1
78447 60772 1
119032 87894 1
108125 86665 1
117272 95802 1
108420 108421 1
108420 114155 1
114155 108420 1
114155 108421 1
82847 82845 1
118851 96109 1
62960 114204 1
62960 117538 1
117540 91134 1
117540 117538 1
121255 51244 1
11555 73828 1
102371 73828 1
85088 74121 1
85088 93118 1
85088 106406 1
61949 78067 4
61949 79274 1
78067 61949 4
78067 79274 1
96674 89839 1
122183 89839 1
70899 94529 1
70899 124917 1
124917 70899 1
124917 94529 1
82701 82702 8
82701 94781 1
82702 82701 8
82702 94781 1
42609 97263 1
88892 101534 1
92179 103909 1
92179 108245 1
103909 92179 1
103909 108245 1
65203 41631 1
65203 92888 1
92888 41631 1
92888 65203 1
92888 100260 1
85314 52554 1
28690 60236 1
28690 63219 1
63219 28690 1
63219 60236 1
73370 62090 1
55543 70497 1
95988 70497 1
69315 78470 1
124368 78470 1
32431 50979 1
32431 79265 1
50979 32431 1
50979 79265 1
100043 80877 1
100043 100539 1
81112 81111 1
81112 121962 1
121962 81111 1
121962 81112 1
68055 83226 1
70740 70741 1
70740 83226 1
70741 70740 1
70741 83226 1
89617 83864 1
102774 84035 1
50094 90443 1
88003 91383 1
53563 92233 1
84822 92403 1
97653 93111 1
52905 97266 1
66118 101385 1
39464 105104 1
108284 108320 1
108319 108320 1
108414 108412 1
119574 123756 1
54010 124734 1
46267 81797 1
115472 92154 1
82694 82695 1
82694 102514 1
82695 82694 1
82695 102514 1
42905 121724 1
80505 121724 1
95858 52889 1
95859 52889 1
122251 64937 1
63558 78164 1
23286 25451 1
23286 26795 1
25451 23286 1
25451 26795 1
31049 26795 1
105758 105759 1
123334 123335 1
123334 127621 1
125274 125628 1
125274 127008 3
125628 125274 1
125628 125629 1
125628 127008 1
127342 127008 1
127342 127156 2
127342 127341 1
127342 127345 2
127342 127367 1
127345 127008 1
127345 127156 3
127345 127342 2
127345 127344 1
127345 127367 1
127090 127091 1
127090 127621 1
127367 127156 1
127367 127342 1
127367 127345 1
127367 127347 1
127453 127454 1
35669 35736 1
35669 39642 1
35736 35669 1
35736 39642 1
45093 89737 1
123655 125998 2
123655 127183 1
125999 125998 1
103562 69745 1
118555 118554 1
77577 78629 1
77577 121545 1
121545 77577 1
121545 78629 1
81348 99970 1
59263 20573 1
59263 72604 1
72604 20573 1
72604 59263 1
57050 60471 1
122758 125545 1
122758 126072 1
126072 122758 1
126072 125545 1
125629 125628 1
127341 127342 1
127344 127345 1
127347 127367 1
