86528 83311 1
83311 83339 1
83311 86528 1
83339 83311 1
83339 90217 1
83339 91099 1
83339 102546 1
83339 102648 1
90217 71301 1
90217 83339 1
90217 90216 1
90217 91099 1
90217 101071 1
90217 102546 1
91099 83339 1
91099 90217 1
91099 102546 1
102546 83339 1
102546 90217 1
102546 91099 1
102546 94227 1
102648 83339 1
102648 90512 1
71301 61507 1
71301 78736 1
71301 90216 1
71301 90217 1
71301 101071 1
71301 107631 1
90216 71301 1
90216 90217 1
90216 101071 1
101071 71301 1
101071 90216 1
101071 90217 1
94227 102546 1
90512 29984 1
90512 45561 1
90512 63776 1
90512 64615 1
90512 68546 1
90512 75119 1
90512 96338 1
90512 102648 1
61507 52644 1
61507 56422 1
61507 71301 1
61507 78736 1
61507 81208 1
61507 107631 1
78736 49573 1
78736 55104 1
78736 55194 1
78736 61507 1
78736 69971 1
78736 71301 1
78736 107631 1
78736 108895 1
107631 61507 1
107631 71301 1
107631 78736 1
29984 63776 1
29984 76503 1
29984 87490 1
29984 90512 1
45561 68546 1
45561 75119 1
45561 90512 1
63776 29984 1
63776 48962 1
63776 55125 1
63776 65058 1
63776 76936 1
63776 89750 1
63776 90512 1
63776 101859 1
64615 29873 1
64615 76939 1
64615 90512 1
64615 96338 1
64615 97481 1
64615 104412 1
64615 108094 1
64615 108504 1
64615 108505 1
64615 122172 1
64615 126572 1
68546 45561 1
68546 75119 1
68546 90512 1
75119 45559 1
75119 45561 1
75119 68546 1
75119 70133 1
75119 90512 1
96338 62444 1
96338 64615 1
96338 77650 1
96338 82874 1
96338 90512 1
96338 108094 1
52644 56422 1
52644 61507 1
56422 52644 1
56422 57660 1
56422 61507 1
56422 65691 1
56422 88738 1
56422 95662 1
56422 95995 1
56422 109519 1
81208 61507 1
81208 94067 1
81208 96554 1
81208 115278 1
81208 127150 1
49573 69971 1
49573 78736 1
49573 108895 1
55104 37654 1
55104 55194 1
55104 60221 1
55104 78736 1
55194 55104 1
55194 78736 1
69971 49573 1
69971 78736 1
69971 108895 1
108895 49573 1
108895 55629 1
108895 69971 1
108895 78736 1
108895 89411 1
108895 90045 1
108895 93334 1
108895 108894 1
76503 29984 1
76503 40927 1
76503 48085 1
76503 48090 1
76503 52069 1
76503 66485 1
76503 76500 1
76503 87490 1
87490 29984 1
87490 48460 1
87490 56030 1
87490 64437 1
87490 76503 1
48962 47850 1
48962 63776 1
48962 68784 1
55125 29997 1
55125 47850 1
55125 63776 1
55125 76936 1
55125 89750 1
55125 101859 1
65058 52035 1
65058 63776 1
65058 63869 1
76936 55125 1
76936 63776 1
76936 63997 1
76936 75735 1
76936 89750 1
76936 101859 1
89750 48256 1
89750 55125 1
89750 59429 1
89750 63776 1
89750 76936 1
89750 101859 1
101859 36904 2
101859 55125 1
101859 63776 1
101859 68930 1
101859 76936 1
101859 89750 1
101859 96627 2
101859 97239 1
101859 101860 1
101859 102576 1
101859 125562 1
29873 64615 1
29873 104451 1
29873 106638 1
29873 108094 1
29873 112240 1
29873 122172 1
29873 126572 1
76939 47850 1
76939 64615 1
76939 97481 1
76939 108504 1
76939 108505 1
97481 29773 1
97481 64615 1
97481 70139 1
97481 76939 1
97481 88154 1
97481 90508 1
97481 90511 1
97481 91637 1
97481 102577 1
97481 107894 1
97481 107957 1
97481 107959 1
97481 108504 1
97481 108505 1
97481 117470 1
104412 64615 1
104412 85060 1
104412 101526 1
104412 104411 1
104412 104413 1
104412 106851 1
104412 107354 1
108094 29873 1
108094 48967 1
108094 52036 1
108094 59730 1
108094 64615 1
108094 91892 1
108094 96338 1
108094 122172 1
108094 126572 1
108504 64615 1
108504 76939 1
108504 97481 1
108504 108505 1
108505 64615 1
108505 76939 1
108505 77987 1
108505 97481 1
108505 107873 1
108505 108504 1
122172 29873 1
122172 64615 1
122172 108094 1
122172 126572 1
126572 29873 1
126572 64615 1
126572 108094 1
126572 122172 1
126572 126571 1
45559 53642 1
45559 70133 1
45559 71405 1
45559 75119 1
45559 76918 1
45559 94629 1
70133 42521 1
70133 45559 1
70133 53642 1
70133 59730 1
70133 65397 1
70133 65606 1
70133 69569 1
70133 69570 1
70133 71405 1
70133 72001 1
70133 75119 1
70133 76918 1
70133 90012 1
70133 94629 1
70133 100304 1
70133 106824 1
62444 77650 1
62444 82874 1
62444 96338 1
77650 45849 1
77650 62444 1
77650 82874 2
77650 96338 1
77650 109488 1
82874 45849 1
82874 62444 1
82874 77650 2
82874 96338 1
82874 109488 1
57660 50954 1
57660 56422 1
57660 81350 1
57660 87556 1
57660 95662 1
57660 109519 1
57660 125986 1
65691 45289 1
65691 56422 1
65691 65690 1
65691 67857 1
65691 75784 1
65691 79332 1
65691 83198 1
88738 56422 1
88738 98722 1
95662 56422 1
95662 57660 1
95662 60400 1
95662 86805 1
95662 109519 1
95662 110097 1
95995 33930 1
95995 46962 1
95995 55199 1
95995 56422 1
95995 65067 1
95995 80203 1
95995 89590 1
95995 92278 1
95995 101368 1
95995 102649 1
95995 103633 1
109519 56422 1
109519 57660 1
109519 95662 1
94067 45289 1
94067 81208 1
94067 81518 1
94067 96554 1
94067 101016 1
94067 115278 1
94067 116663 1
94067 127150 1
96554 81208 1
96554 90388 1
96554 94067 1
96554 96556 1
96554 113978 1
96554 115278 1
96554 115279 1
96554 115281 1
96554 115282 1
96554 117170 1
96554 127150 1
115278 81208 1
115278 94067 1
115278 96554 1
115278 127150 1
127150 81208 1
127150 94067 1
127150 96554 1
127150 111309 1
127150 115278 1
37654 55104 1
37654 60221 1
60221 37654 1
60221 55104 1
55629 89411 1
55629 92669 1
55629 108895 1
89411 39742 1
89411 48463 1
89411 55629 1
89411 89407 1
89411 89409 1
89411 89413 1
89411 108895 1
89411 126100 1
90045 69992 1
90045 92279 1
90045 101893 1
90045 108894 1
90045 108895 1
93334 87381 1
93334 91312 1
93334 96603 1
93334 108247 1
93334 108895 1
93334 111978 1
93334 117723 1
108894 51537 1
108894 52263 1
108894 76989 1
108894 76990 1
108894 90045 1
108894 108895 1
108894 111856 1
40927 44544 1
40927 44545 1
40927 76503 1
48085 52069 1
48085 76503 1
48090 76503 1
52069 48085 1
52069 76503 1
66485 52674 1
66485 63738 1
66485 66481 2
66485 66483 1
66485 72919 1
66485 76503 1
76500 76503 1
76500 108287 1
48460 38186 1
48460 45716 1
48460 54838 1
48460 56030 1
48460 64437 1
48460 87490 1
56030 48426 1
56030 48460 1
56030 61809 1
56030 64437 1
56030 87490 1
64437 48460 1
64437 56030 1
64437 87490 1
47850 5587 1
47850 19020 1
47850 36395 1
47850 48962 1
47850 55125 1
47850 62137 1
47850 68784 1
47850 71404 1
47850 71577 1
47850 76939 1
47850 85057 1
47850 88873 1
68784 39322 1
68784 47850 1
68784 48962 1
68784 60989 1
29997 42515 1
29997 51706 1
29997 55125 1
52035 49810 1
52035 63869 1
52035 65058 1
52035 83569 1
52035 84890 1
63869 52035 1
63869 65058 1
63869 87590 1
63869 97447 1
63997 75735 1
63997 76936 1
75735 63997 1
75735 76936 1
48256 52030 1
48256 89750 1
59429 15245 1
59429 33519 1
59429 47205 1
59429 48108 1
59429 48245 1
59429 52135 1
59429 56240 1
59429 59554 1
59429 60955 1
59429 69134 1
59429 74752 1
59429 89750 1
59429 92012 1
59429 108555 1
36904 68930 1
36904 96627 1
36904 97239 1
36904 101859 2
36904 101860 1
36904 101956 1
68930 36904 1
68930 47842 1
68930 68929 1
68930 96627 1
68930 97239 1
68930 101859 1
68930 101860 1
96627 36904 1
96627 66349 1
96627 68930 1
96627 97239 1
96627 101859 2
96627 101860 1
96627 102576 1
96627 102577 2
96627 102578 2
96627 107897 1
96627 108476 1
97239 36904 1
97239 68930 1
97239 96627 1
97239 101859 1
97239 101860 1
101860 36904 1
101860 68930 1
101860 96627 1
101860 97239 1
101860 101859 1
101860 105305 1
102576 66349 1
102576 71637 1
102576 85060 1
102576 86752 1
102576 94630 1
102576 96627 1
102576 101859 1
102576 101956 1
102576 102577 1
102576 102578 1
102576 107897 1
102576 109488 1
125562 101859 1
104451 29873 1
104451 106638 1
104451 106639 1
104451 112240 1
104451 113790 1
106638 29873 1
106638 90459 1
106638 102871 1
106638 104451 1
106638 106639 2
106638 112240 1
112240 29873 1
112240 104451 1
112240 106638 1
29773 14896 1
29773 15652 1
29773 19081 1
29773 21069 1
29773 22366 1
29773 23517 1
29773 29883 1
29773 31140 1
29773 47061 1
29773 97481 1
70139 90511 1
70139 91637 1
70139 97481 1
70139 107894 1
88154 90508 1
88154 97481 1
90508 88154 1
90508 97481 1
90511 37280 1
90511 52030 1
90511 70139 1
90511 91637 1
90511 97481 1
90511 107894 1
91637 70139 1
91637 90511 1
91637 97481 1
91637 107894 1
102577 66349 1
102577 96627 2
102577 97481 1
102577 102576 1
102577 102578 2
102577 107897 1
102577 107957 1
102577 107959 1
102577 117470 1
107894 70139 1
107894 90511 1
107894 91637 1
107894 97481 1
107894 106512 1
107894 107892 1
107894 107897 1
107957 97481 1
107957 102577 1
107957 107959 1
107957 117470 1
107959 97481 1
107959 102577 1
107959 106512 1
107959 107873 1
107959 107957 1
107959 117470 1
117470 85060 1
117470 97481 1
117470 102577 1
117470 107957 1
117470 107959 1
85060 102576 1
85060 104411 1
85060 104412 1
85060 104413 1
85060 106851 1
85060 107354 1
85060 117470 1
101526 50880 1
101526 104412 1
104411 85060 1
104411 95050 1
104411 104412 1
104411 104413 1
104411 106254 1
104411 106851 2
104411 107354 2
104413 85060 1
104413 104411 1
104413 104412 1
104413 106851 1
104413 107354 1
106851 85060 1
106851 95050 1
106851 104411 2
106851 104412 1
106851 104413 1
106851 106850 1
106851 106852 2
106851 107354 5
107354 85060 1
107354 95050 1
107354 104411 2
107354 104412 1
107354 104413 1
107354 106851 5
107354 106852 2
48967 59730 1
48967 108094 1
52036 73983 2
52036 91892 1
52036 100566 1
52036 108094 1
52036 109526 1
59730 48967 1
59730 70133 1
59730 85056 1
59730 106559 1
59730 106639 1
59730 106824 1
59730 107873 1
59730 108094 1
59730 111449 1
59730 116218 1
91892 45556 1
91892 52036 1
91892 105608 1
91892 108094 1
91892 115517 1
77987 107873 1
77987 108505 1
107873 28432 1
107873 58167 1
107873 59730 1
107873 70127 1
107873 76937 1
107873 77987 1
107873 82872 1
107873 84257 1
107873 85056 1
107873 106512 1
107873 106639 1
107873 107959 1
107873 108476 1
107873 108477 1
107873 108505 1
107873 110067 1
107873 114883 1
107873 126745 1
126571 73354 1
126571 119117 1
126571 126572 1
53642 45559 1
53642 70133 1
53642 71405 1
53642 76918 1
53642 94629 1
71405 45559 1
71405 53642 1
71405 63594 1
71405 68967 1
71405 70133 1
71405 76918 1
71405 94629 1
76918 44439 1
76918 45559 1
76918 52030 1
76918 53642 1
76918 60531 1
76918 70133 1
76918 71405 1
76918 74600 1
76918 77093 1
76918 79391 1
76918 85616 1
76918 94629 1
76918 120747 1
94629 45559 1
94629 53642 1
94629 70133 1
94629 71405 1
94629 76918 1
94629 94630 1
94629 101956 1
42521 44181 1
42521 48091 1
42521 65397 8
42521 65606 1
42521 69569 4
42521 69570 8
42521 70133 1
42521 72001 8
42521 100304 1
65397 42521 8
65397 65606 1
65397 69569 4
65397 69570 8
65397 70133 1
65397 72001 8
65397 100304 1
65606 42521 1
65606 65397 1
65606 69569 1
65606 69570 1
65606 70133 1
65606 72001 1
65606 100304 1
69569 42521 4
69569 65397 4
69569 65606 1
69569 69570 4
69569 70133 1
69569 72001 5
69569 100304 1
69570 42521 8
69570 65397 8
69570 65606 1
69570 69569 4
69570 70133 1
69570 72001 8
69570 100304 1
72001 42521 8
72001 65397 8
72001 65606 1
72001 69569 5
72001 69570 8
72001 70133 1
72001 100304 1
90012 70133 1
100304 42521 1
100304 43676 1
100304 65397 1
100304 65606 1
100304 69569 1
100304 69570 1
100304 70133 1
100304 72001 1
100304 100301 3
100304 100302 4
100304 101956 1
100304 107263 1
106824 37289 1
106824 52061 1
106824 59730 1
106824 62441 1
106824 70133 1
106824 71577 1
106824 106641 1
106824 108130 1
45849 22340 1
45849 31139 1
45849 35845 1
45849 77650 1
45849 82874 1
45849 109488 1
45849 109626 1
109488 45849 1
109488 71637 1
109488 77569 1
109488 77650 1
109488 82874 1
109488 102576 1
50954 47614 1
50954 49132 1
50954 57660 1
50954 81350 1
50954 87556 1
50954 125986 1
81350 50954 1
81350 57660 1
81350 87556 1
81350 108892 1
81350 125986 1
87556 50954 1
87556 57660 1
87556 81350 1
87556 125986 1
125986 50954 1
125986 57660 1
125986 67806 1
125986 81350 1
125986 87556 1
125986 107736 1
45289 65691 1
45289 81518 1
45289 94067 1
65690 42263 1
65690 53935 1
65690 55683 1
65690 60905 1
65690 65691 1
65690 67857 1
65690 71753 1
65690 72037 1
65690 72840 1
65690 75784 1
65690 83198 1
65690 103666 1
65690 103667 1
65690 103766 1
65690 108661 1
67857 65066 1
67857 65690 1
67857 65691 1
67857 65946 1
67857 65947 1
67857 72051 1
67857 75784 1
67857 83198 1
67857 89793 1
67857 91204 1
67857 100372 1
75784 39295 1
75784 51680 1
75784 65690 1
75784 65691 1
75784 67857 1
75784 70585 1
75784 72193 1
75784 72194 1
75784 83198 1
75784 89254 1
75784 94737 1
75784 110566 1
79332 37440 1
79332 46988 1
79332 53654 1
79332 61173 1
79332 65691 1
79332 78724 1
83198 44993 1
83198 62347 1
83198 65690 1
83198 65691 1
83198 67857 1
83198 75784 1
83198 79449 1
83198 83543 1
98722 88738 1
98722 100572 1
60400 67746 1
60400 78039 1
60400 79981 1
60400 86805 1
60400 91499 1
60400 94585 1
60400 95662 1
60400 101046 1
60400 110097 1
86805 60400 1
86805 95662 1
86805 110097 1
110097 60400 1
110097 86805 1
110097 95662 1
110097 97730 1
33930 46962 1
33930 55199 1
33930 95995 1
46962 33930 1
46962 36811 1
46962 55199 1
46962 95995 1
55199 21144 1
55199 33930 1
55199 46962 1
55199 55040 1
55199 95995 1
65067 95995 1
65067 103633 1
80203 57350 1
80203 64699 2
80203 68504 1
80203 84034 1
80203 88147 1
80203 89590 1
80203 89644 1
80203 92278 1
80203 95995 1
80203 101368 1
80203 102649 1
89590 45965 1
89590 54733 1
89590 64836 1
89590 69277 1
89590 80203 1
89590 82107 1
89590 82322 1
89590 84673 1
89590 86147 1
89590 91484 1
89590 92278 1
89590 93557 1
89590 95995 1
89590 101368 1
89590 101873 1
89590 102649 1
89590 106349 1
89590 106742 1
92278 45022 1
92278 50434 1
92278 50909 1
92278 56152 1
92278 58485 1
92278 59582 1
92278 62709 1
92278 66049 1
92278 70074 1
92278 75076 1
92278 80203 1
92278 84004 1
92278 87493 1
92278 89045 1
92278 89590 1
92278 91379 1
92278 94734 3
92278 95995 1
92278 101368 1
92278 102649 1
92278 103421 1
101368 63051 1
101368 70888 1
101368 70889 1
101368 78571 1
101368 80203 1
101368 89590 1
101368 92278 1
101368 95995 1
101368 102649 1
101368 104295 1
101368 107502 1
102649 58456 1
102649 58489 1
102649 78184 1
102649 80203 1
102649 82111 1
102649 86057 1
102649 89016 1
102649 89590 1
102649 90032 1
102649 92278 1
102649 93813 1
102649 95995 1
102649 101368 1
102649 102650 1
103633 65067 1
103633 81518 1
103633 95995 1
103633 103631 1
103633 103632 1
103633 114172 1
81518 45289 1
81518 62952 1
81518 86181 1
81518 92110 1
81518 93412 1
81518 94067 1
81518 99132 1
81518 100071 1
81518 100479 1
81518 103633 1
81518 108565 1
81518 110111 1
101016 58234 1
101016 94067 1
101016 115073 1
101016 116663 1
116663 64458 1
116663 72418 1
116663 94067 1
116663 101016 1
116663 108606 1
116663 115494 1
116663 118053 1
90388 96554 1
90388 117170 1
96556 96554 1
96556 115281 1
96556 116884 1
113978 96554 1
113978 106584 1
113978 106587 1
113978 112637 1
113978 126100 1
115279 96554 1
115279 115281 1
115279 115282 1
115281 96554 1
115281 96556 1
115281 96932 2
115281 115279 1
115281 115282 1
115281 125189 1
115282 96554 1
115282 115279 1
115282 115281 1
117170 90388 1
117170 96554 1
117170 117169 1
111309 38524 1
111309 50906 2
111309 51537 1
111309 65736 1
111309 103513 1
111309 127150 1
92669 55629 1
92669 62304 1
92669 79608 1
92669 82052 1
92669 86760 1
92669 92837 1
92669 94653 1
92669 96582 1
92669 99644 1
92669 103631 1
92669 105010 1
92669 125313 2
39742 33645 1
39742 48463 1
39742 58829 1
39742 63575 1
39742 89407 1
39742 89409 1
39742 89411 1
39742 89413 1
39742 95835 1
39742 126100 1
48463 39742 1
48463 72595 1
48463 73317 1
48463 84303 1
48463 84304 1
48463 84725 1
48463 86635 1
48463 87040 1
48463 89407 1
48463 89409 1
48463 89411 1
48463 89413 1
48463 96618 1
48463 126100 1
89407 39742 1
89407 48463 1
89407 58095 1
89407 62341 1
89407 79891 1
89407 80691 1
89407 85638 1
89407 89409 1
89407 89411 1
89407 89413 1
89407 90392 1
89407 90393 1
89407 108410 1
89407 126100 1
89409 39742 1
89409 48463 1
89409 71751 1
89409 74018 1
89409 89407 1
89409 89411 1
89409 89413 1
89409 126100 1
89413 39742 1
89413 48463 1
89413 63592 1
89413 81041 1
89413 89407 1
89413 89409 1
89413 89411 1
89413 92788 1
89413 126100 1
126100 39742 1
126100 48463 1
126100 89407 1
126100 89409 1
126100 89411 1
126100 89413 1
126100 113978 1
69992 90045 1
69992 92279 1
69992 101893 1
92279 61969 1
92279 69992 1
92279 90045 1
92279 101893 1
92279 119678 1
101893 69992 1
101893 75038 1
101893 78398 1
101893 90045 1
101893 92279 1
101893 93877 1
101893 103163 1
101893 103165 1
101893 103166 1
101893 103167 1
101893 107066 1
87381 91312 1
87381 93334 1
87381 96603 1
87381 108247 1
87381 111978 1
91312 73652 1
91312 87381 1
91312 92274 1
91312 93334 1
91312 96603 1
91312 108247 1
91312 111978 1
96603 87381 1
96603 91312 1
96603 93334 1
96603 108247 1
96603 111978 1
108247 87381 1
108247 91312 1
108247 93334 1
108247 96603 1
108247 108246 1
108247 111978 1
108247 113868 1
111978 87381 1
111978 91312 1
111978 93334 1
111978 96603 1
111978 108247 1
117723 71073 1
117723 93334 1
117723 100169 1
51537 38524 1
51537 50906 1
51537 52263 1
51537 65090 1
51537 65736 1
51537 76989 1
51537 76990 1
51537 77185 1
51537 82095 1
51537 92270 1
51537 108894 1
51537 111309 1
52263 51537 1
52263 76989 1
52263 76990 1
52263 94034 1
52263 108894 1
76989 51537 1
76989 52263 1
76989 76990 1
76989 98778 1
76989 108894 1
76990 51537 1
76990 52263 1
76990 76989 1
76990 108894 1
111856 108894 1
44544 40927 1
44545 40927 1
52674 63738 1
52674 66481 1
52674 66485 1
52674 72919 1
63738 52674 1
63738 66481 1
63738 66485 1
66481 52674 1
66481 63738 1
66481 66483 1
66481 66485 2
66481 72919 1
66483 66481 1
66483 66485 1
66483 72919 1
72919 52674 1
72919 66481 1
72919 66483 1
72919 66485 1
108287 76500 1
38186 45716 1
38186 46840 1
38186 48460 1
38186 54838 1
38186 56262 1
38186 61208 1
38186 61289 1
45716 38186 1
45716 48460 1
45716 54838 1
54838 38186 1
54838 45716 1
54838 48460 1
48426 56030 1
61809 56030 1
5587 36395 1
5587 47850 1
5587 69134 1
5587 71404 1
5587 71577 1
5587 85057 1
5587 88873 1
19020 47850 1
19020 62137 1
36395 5587 1
36395 47850 1
36395 71404 1
36395 71577 1
36395 85057 1
36395 88873 1
62137 19020 1
62137 47850 1
71404 5587 1
71404 36395 1
71404 47850 1
71404 71577 1
71404 85057 1
71404 88873 1
71577 5587 1
71577 36395 1
71577 37289 1
71577 47850 1
71577 52061 1
71577 62441 1
71577 71404 1
71577 85057 1
71577 88873 1
71577 106824 1
71577 108130 1
85057 5587 1
85057 36395 1
85057 47850 1
85057 71404 1
85057 71577 1
85057 88873 1
88873 5587 1
88873 36395 1
88873 47850 1
88873 71404 1
88873 71577 1
88873 85057 1
39322 60989 1
39322 68784 1
60989 39322 1
60989 68784 1
60989 68967 1
42515 29997 1
42515 51706 1
51706 29997 1
51706 42515 1
49810 52035 1
49810 83569 1
49810 84890 1
83569 49810 1
83569 52035 1
83569 84890 1
84890 49810 1
84890 52035 1
84890 83569 1
87590 63869 1
87590 97447 1
97447 63869 1
97447 87590 1
52030 37280 1
52030 48256 1
52030 76918 1
52030 79391 1
52030 90511 1
15245 48108 1
15245 56240 1
15245 59429 1
33519 47205 1
33519 48245 1
33519 59429 1
33519 60955 1
33519 69134 2
47205 33519 1
47205 48245 1
47205 59429 1
47205 60955 1
47205 69134 2
48108 15245 1
48108 56240 1
48108 59429 1
48245 33519 1
48245 47205 1
48245 59429 1
48245 60955 1
48245 69134 1
52135 59429 1
52135 59554 1
52135 74752 1
52135 92012 1
56240 15245 1
56240 48108 1
56240 59429 1
59554 52135 1
59554 59429 1
59554 74752 1
59554 92012 1
60955 33519 1
60955 47205 1
60955 48245 1
60955 59429 1
60955 69134 1
69134 5587 1
69134 33519 2
69134 47205 2
69134 48245 1
69134 59429 1
69134 60955 1
74752 52135 1
74752 59429 1
74752 59554 1
74752 92012 1
92012 52135 1
92012 59429 1
92012 59554 1
92012 74752 1
92012 90459 1
108555 59429 1
108555 113790 1
101956 36904 1
101956 86752 1
101956 94629 1
101956 94630 2
101956 100301 1
101956 100302 1
101956 100304 1
101956 102576 1
101956 107263 1
47842 68929 1
47842 68930 1
68929 47842 1
68929 68930 1
66349 90459 1
66349 96627 1
66349 102576 1
66349 102577 1
66349 102578 1
66349 106512 1
66349 107897 1
66349 110067 1
102578 66349 1
102578 96627 2
102578 102576 1
102578 102577 2
102578 107897 1
107897 66349 1
107897 96627 1
107897 102576 1
107897 102577 1
107897 102578 1
107897 106512 1
107897 107892 1
107897 107894 1
108476 96627 1
108476 107873 1
108476 108477 1
108476 126745 1
105305 101860 1
71637 102576 1
71637 109488 1
86752 94630 1
86752 101956 1
86752 102576 1
94630 86752 1
94630 94629 1
94630 101956 2
94630 102576 1
94630 109626 1
106639 59730 1
106639 70127 1
106639 76937 1
106639 84257 1
106639 90459 1
106639 104451 1
106639 106512 1
106639 106638 2
106639 107873 1
106639 110067 1
106639 116218 1
113790 104451 1
113790 107263 1
113790 108555 1
113790 116218 1
90459 66349 1
90459 92012 1
90459 106512 1
90459 106638 1
90459 106639 1
90459 110067 1
102871 106638 1
14896 19081 1
14896 22366 1
14896 29773 1
15652 23517 1
15652 29773 1
19081 14896 1
19081 22366 1
19081 29773 1
21069 29773 1
21069 29883 1
21069 31140 1
21069 47061 1
22366 14896 1
22366 19081 1
22366 29773 1
23517 15652 1
23517 29773 1
29883 21069 1
29883 29773 1
29883 31140 1
29883 47061 1
31140 21069 1
31140 29773 1
31140 29883 1
31140 47061 1
47061 21069 1
47061 29773 1
47061 29883 1
47061 31140 1
37280 52030 1
37280 90511 1
106512 66349 1
106512 90459 1
106512 106639 1
106512 107873 1
106512 107892 1
106512 107894 1
106512 107897 1
106512 107959 1
106512 110067 1
106512 116218 1
107892 106512 1
107892 107894 1
107892 107897 1
50880 37718 1
50880 40463 1
50880 40464 1
50880 40465 1
50880 41635 1
50880 42164 1
50880 51047 1
50880 52576 1
50880 101526 1
95050 104411 1
95050 106851 1
95050 107354 1
106254 104411 1
106850 106851 1
106850 106852 1
106852 106850 1
106852 106851 2
106852 107354 2
73983 52036 2
73983 100566 1
73983 109526 1
100566 52036 1
100566 73983 1
100566 109526 1
109526 52036 1
109526 73983 1
109526 100566 1
85056 59730 1
85056 107873 1
106559 59730 1
111449 59730 1
111449 106641 1
116218 59730 1
116218 106512 1
116218 106639 1
116218 113790 1
45556 91892 1
45556 105608 1
45556 115517 1
105608 45556 1
105608 91892 1
105608 115517 1
115517 45556 1
115517 91892 1
115517 105608 1
28432 107873 1
58167 107873 1
70127 76937 1
70127 84257 1
70127 106639 1
70127 107873 1
70127 110067 1
76937 70127 1
76937 84257 1
76937 106639 1
76937 107873 1
76937 110067 1
82872 107873 1
82872 114883 1
84257 70127 1
84257 76937 1
84257 106639 1
84257 107873 1
84257 110067 1
108477 107873 1
108477 108476 1
108477 126745 1
110067 66349 1
110067 70127 1
110067 76937 1
110067 84257 1
110067 90459 1
110067 106512 1
110067 106639 1
110067 107873 1
114883 82872 1
114883 107873 1
126745 107873 1
126745 108476 1
126745 108477 1
73354 119117 1
73354 126571 1
119117 73354 1
119117 126571 1
63594 68967 1
63594 71405 1
68967 60989 1
68967 63594 1
68967 71405 1
44439 60531 1
44439 74600 1
44439 76918 1
44439 77093 1
44439 85616 1
44439 92695 1
44439 92696 1
44439 120747 1
60531 43577 1
60531 44439 1
60531 64994 1
60531 64995 2
60531 74600 1
60531 76918 1
60531 77093 1
60531 85616 1
60531 120747 1
74600 44439 1
74600 60531 1
74600 76918 1
74600 77093 1
74600 85616 2
74600 107001 2
74600 120747 1
77093 44439 1
77093 60531 1
77093 74600 1
77093 76918 1
77093 85616 2
77093 120747 1
79391 52030 1
79391 76918 1
85616 44439 1
85616 60531 1
85616 74600 2
85616 76918 1
85616 77093 2
85616 107001 1
85616 120747 1
120747 44439 1
120747 60531 1
120747 74600 1
120747 76918 1
120747 77093 1
120747 85616 1
44181 42521 1
44181 48091 1
48091 42521 1
48091 44181 1
43676 100304 1
100301 100302 3
100301 100304 3
100301 101956 1
100301 107263 1
100302 100301 3
100302 100304 4
100302 101956 1
100302 107263 1
107263 100301 1
107263 100302 1
107263 100304 1
107263 101956 1
107263 113790 1
37289 52061 1
37289 62441 1
37289 71577 1
37289 106824 1
37289 108130 1
52061 37289 1
52061 62441 1
52061 71577 1
52061 106824 1
52061 108130 1
62441 37289 1
62441 52061 1
62441 71577 1
62441 106824 1
62441 108130 1
106641 106824 1
106641 111449 1
108130 37289 1
108130 52061 1
108130 62441 1
108130 71577 1
108130 106824 1
22340 31139 1
22340 35845 1
22340 45849 1
22340 109626 1
31139 22340 1
31139 35845 1
31139 45849 1
31139 109626 1
35845 22340 1
35845 31139 1
35845 45849 1
35845 109626 1
109626 22340 1
109626 31139 1
109626 35845 1
109626 45849 1
109626 94630 1
77569 109488 1
47614 50954 1
49132 50954 1
108892 81350 1
67806 57350 1
67806 107736 1
67806 125986 1
107736 67806 1
107736 125986 1
42263 65690 1
53935 55683 1
53935 65690 1
53935 71753 1
53935 72037 1
53935 108661 1
55683 53935 1
55683 65690 1
55683 71753 1
55683 72037 1
55683 108661 1
60905 65690 1
60905 72840 1
71753 53935 1
71753 55683 1
71753 65690 1
71753 72037 1
71753 108661 1
72037 53935 1
72037 55683 1
72037 65690 1
72037 71753 1
72037 108661 1
72840 60905 1
72840 65690 1
72840 83328 1
103666 65690 1
103666 103667 1
103666 103766 1
103667 65690 1
103667 103666 1
103667 103766 1
103766 65690 1
103766 103666 1
103766 103667 1
108661 53935 1
108661 55683 1
108661 65690 1
108661 71753 1
108661 72037 1
65066 65946 1
65066 65947 1
65066 67857 1
65066 100372 1
65946 65066 1
65946 65947 1
65946 67857 1
65946 100372 1
65947 65066 1
65947 65946 1
65947 67857 1
65947 100372 1
72051 67857 1
72051 89793 1
72051 91204 1
89793 67857 1
89793 72051 1
89793 91204 1
91204 67857 1
91204 72051 1
91204 89793 1
100372 65066 1
100372 65946 1
100372 65947 1
100372 67857 1
39295 51680 1
39295 70585 1
39295 75784 1
51680 39295 1
51680 70585 1
51680 75784 1
70585 39295 1
70585 51680 1
70585 75784 1
72193 72194 1
72193 75784 1
72193 89254 1
72194 72193 1
72194 75784 1
72194 89254 1
89254 72193 1
89254 72194 1
89254 75784 1
94737 75784 1
94737 110566 1
110566 75784 1
110566 94737 1
37440 79332 1
46988 53654 1
46988 61173 1
46988 78724 1
46988 79332 1
53654 46988 1
53654 61173 1
53654 78724 1
53654 79332 1
61173 46988 1
61173 53654 1
61173 78724 1
61173 79332 1
78724 46988 1
78724 53654 1
78724 61173 1
78724 79332 1
44993 83198 1
62347 79449 1
62347 83198 1
62347 83543 1
79449 62347 1
79449 83198 1
79449 83543 1
83543 62347 1
83543 79449 1
83543 83198 1
100572 98722 1
67746 60400 1
67746 73529 1
67746 78039 1
67746 79981 1
67746 102800 1
78039 60400 1
78039 67746 1
78039 79981 1
78039 90797 1
79981 60400 1
79981 67746 1
79981 78039 1
91499 60400 1
91499 101046 1
94585 60400 1
101046 60400 1
101046 91499 1
97730 110097 1
36811 46962 1
21144 55040 1
21144 55199 1
55040 21144 1
55040 55199 1
57350 67806 1
57350 80203 1
64699 51814 1
64699 60304 1
64699 80203 2
64699 84034 1
64699 89644 1
64699 99626 1
68504 80203 1
84034 50229 1
84034 50231 1
84034 64699 1
84034 68819 1
84034 80203 1
84034 89644 1
88147 80203 1
89644 64699 1
89644 80203 1
89644 84034 1
45965 82107 1
45965 89590 1
54733 69277 1
54733 82322 1
54733 84673 1
54733 89590 1
64836 89590 1
64836 91484 1
64836 101873 1
69277 54733 1
69277 82322 7
69277 84673 7
69277 89590 1
82107 45965 1
82107 89590 1
82107 94734 1
82322 54733 1
82322 69277 7
82322 84673 9
82322 87163 1
82322 89590 1
84673 54733 1
84673 69277 7
84673 82322 9
84673 89590 1
86147 89590 1
91484 64836 1
91484 89590 1
91484 101873 1
93557 89590 1
93557 106349 1
101873 64836 1
101873 89590 1
101873 91484 1
106349 89590 1
106349 93557 1
106742 89590 1
45022 91379 1
45022 92278 1
50434 92278 1
50909 53568 1
50909 87493 1
50909 89045 1
50909 92278 1
56152 62709 1
56152 66049 1
56152 70074 1
56152 92278 1
56152 94734 1
58485 75076 1
58485 92278 1
59582 92278 1
62709 56152 1
62709 66049 1
62709 70074 1
62709 92278 1
62709 94734 1
66049 56152 1
66049 62709 1
66049 70074 1
66049 92278 1
66049 94734 1
70074 56152 1
70074 62709 1
70074 66049 1
70074 92278 1
70074 94734 1
75076 58485 1
75076 72833 1
75076 92278 1
84004 62643 1
84004 92278 1
84004 92514 1
87493 50909 1
87493 89045 1
87493 92278 1
89045 50909 1
89045 87493 1
89045 92278 1
91379 45022 1
91379 58489 1
91379 92278 1
94734 56152 1
94734 62709 1
94734 66049 1
94734 70074 1
94734 82107 1
94734 92278 3
94734 96625 1
94734 99603 1
103421 78585 1
103421 92278 1
103421 97537 1
103421 97538 1
63051 70888 1
63051 70889 1
63051 78571 1
63051 101368 1
63051 107502 1
70888 63051 1
70888 70889 1
70888 78571 1
70888 101368 1
70888 107502 1
70889 63051 1
70889 70888 1
70889 78571 1
70889 101368 1
70889 107502 1
78571 63051 1
78571 70888 1
78571 70889 1
78571 101368 1
78571 107502 1
104295 101368 1
107502 63051 1
107502 70888 1
107502 70889 1
107502 78571 1
107502 101368 1
58456 58489 1
58456 78184 1
58456 89016 1
58456 102649 1
58489 58456 1
58489 78184 1
58489 89016 1
58489 91379 1
58489 102649 1
78184 58456 1
78184 58489 1
78184 89016 1
78184 102649 1
82111 102649 1
82111 113054 1
86057 93813 1
86057 102649 1
89016 58456 1
89016 58489 1
89016 78184 1
89016 102649 1
90032 77701 1
90032 102649 1
90032 102650 1
93813 86057 1
93813 102649 1
102650 90032 1
102650 102649 1
102650 115857 1
102650 117509 1
103631 62304 1
103631 65090 1
103631 79608 1
103631 80313 1
103631 82052 1
103631 86760 1
103631 92669 1
103631 92837 1
103631 94653 1
103631 96582 1
103631 99644 2
103631 103632 1
103631 103633 1
103631 105010 1
103631 114172 1
103631 125313 1
103632 83340 1
103632 103631 1
103632 103633 1
103632 114172 1
114172 103631 1
114172 103632 1
114172 103633 1
62952 75980 1
62952 81518 1
62952 86181 1
62952 92110 1
62952 93412 1
62952 97103 1
62952 100071 1
62952 100479 1
62952 108565 2
62952 110111 1
86181 62952 1
86181 81518 1
86181 92110 1
86181 93412 1
86181 100071 1
86181 100479 1
86181 108565 1
86181 110111 1
92110 62952 1
92110 81518 1
92110 86181 1
92110 93412 1
92110 100071 1
92110 100479 1
92110 108565 1
92110 110111 1
93412 62952 1
93412 81518 1
93412 86181 1
93412 92110 1
93412 100071 1
93412 100479 1
93412 108565 1
93412 110111 1
99132 81518 1
99132 94034 1
100071 62952 1
100071 81518 1
100071 86181 1
100071 92110 1
100071 93412 1
100071 100479 1
100071 108565 1
100071 110111 1
100479 62952 1
100479 81518 1
100479 86181 1
100479 92110 1
100479 93412 1
100479 100071 1
100479 108565 1
100479 110111 1
108565 62952 2
108565 81518 1
108565 86181 1
108565 92110 1
108565 93412 1
108565 100071 1
108565 100479 1
108565 110111 1
110111 62952 1
110111 81518 1
110111 86181 1
110111 92110 1
110111 93412 1
110111 100071 1
110111 100479 1
110111 108565 1
58234 101016 1
115073 101016 1
64458 108606 1
64458 115494 1
64458 116663 1
64458 118053 1
72418 116663 1
108606 64458 1
108606 115494 1
108606 116663 1
108606 118053 1
115494 64458 1
115494 108606 1
115494 116663 1
115494 118053 1
118053 64458 1
118053 108606 1
118053 115494 1
118053 116663 1
116884 96556 1
106584 106587 1
106584 112637 1
106584 113978 1
106587 106584 1
106587 112637 1
106587 113978 1
112637 106584 1
112637 106587 1
112637 113978 1
96932 115281 2
125189 115281 1
117169 117170 1
38524 50906 1
38524 51537 1
38524 65736 1
38524 111309 1
50906 38524 1
50906 51537 1
50906 65736 1
50906 103513 1
50906 111309 2
65736 38524 1
65736 50906 1
65736 51537 1
65736 111309 1
103513 50906 1
103513 111309 1
62304 79608 1
62304 82052 1
62304 86760 1
62304 87969 1
62304 92669 1
62304 92837 1
62304 94653 1
62304 96582 1
62304 99644 1
62304 103631 1
62304 105010 1
62304 125313 1
79608 62304 1
79608 82052 1
79608 86760 1
79608 92669 1
79608 92837 1
79608 94653 1
79608 96582 1
79608 99644 1
79608 103631 1
79608 105010 1
79608 125313 1
82052 62304 1
82052 79608 1
82052 86760 1
82052 92669 1
82052 92837 1
82052 94653 1
82052 96582 1
82052 99644 1
82052 103631 1
82052 105010 1
82052 125313 1
86760 62304 1
86760 79608 1
86760 82052 1
86760 92669 1
86760 92837 1
86760 94653 1
86760 96582 1
86760 99644 1
86760 103631 1
86760 105010 1
86760 125313 1
92837 62304 1
92837 79608 1
92837 82052 1
92837 86760 1
92837 92669 1
92837 94653 1
92837 96582 1
92837 99644 1
92837 103631 1
92837 105010 1
92837 125313 1
94653 62304 1
94653 79608 1
94653 82052 1
94653 86760 1
94653 92669 1
94653 92837 1
94653 96582 1
94653 99644 1
94653 103631 1
94653 105010 1
94653 125313 1
96582 62304 1
96582 79608 1
96582 82052 1
96582 86760 1
96582 92669 1
96582 92837 1
96582 94653 1
96582 99644 1
96582 103631 1
96582 105010 1
96582 125313 1
99644 62304 1
99644 79608 1
99644 82052 1
99644 86760 1
99644 92669 1
99644 92837 1
99644 94653 1
99644 96582 1
99644 103631 2
99644 105010 1
99644 125313 1
105010 62304 1
105010 79608 1
105010 82052 1
105010 86760 1
105010 92669 1
105010 92837 1
105010 94653 1
105010 96582 1
105010 99644 1
105010 103631 1
105010 125313 1
125313 62304 1
125313 79608 1
125313 82052 1
125313 86760 1
125313 92669 2
125313 92837 1
125313 94653 1
125313 96582 1
125313 99644 1
125313 103631 1
125313 105010 1
33645 39742 1
33645 58829 1
33645 63575 1
58829 33645 1
58829 39742 1
58829 63575 1
63575 33645 1
63575 39742 1
63575 58829 1
95835 39742 1
72595 48463 1
72595 73317 1
72595 84303 1
72595 84304 1
72595 84725 1
72595 86635 1
72595 87040 1
72595 96618 1
73317 48463 1
73317 72595 1
73317 84303 1
73317 84304 1
73317 84725 1
73317 86635 1
73317 87040 1
73317 96618 1
84303 48463 1
84303 72595 1
84303 73317 1
84303 84304 1
84303 84725 1
84303 86635 1
84303 87040 1
84303 96618 1
84304 48463 1
84304 72595 1
84304 73317 1
84304 84303 1
84304 84725 1
84304 86635 1
84304 87040 1
84304 96618 1
84725 48463 1
84725 72595 1
84725 73317 1
84725 84303 1
84725 84304 1
84725 86635 1
84725 87040 1
84725 96618 1
86635 48463 1
86635 72595 1
86635 73317 1
86635 84303 1
86635 84304 1
86635 84725 1
86635 87040 1
86635 96618 1
87040 48463 1
87040 72595 1
87040 73317 1
87040 84303 1
87040 84304 1
87040 84725 1
87040 86635 1
87040 96618 1
96618 48463 1
96618 72595 1
96618 73317 1
96618 78174 1
96618 84303 1
96618 84304 1
96618 84725 1
96618 86635 1
96618 87040 1
58095 62341 1
58095 79891 1
58095 80691 1
58095 85638 1
58095 89407 1
58095 90392 1
58095 90393 1
58095 108410 1
62341 58095 1
62341 79891 1
62341 80691 1
62341 85638 1
62341 89407 1
62341 90392 1
62341 90393 1
62341 108410 1
79891 58095 1
79891 62341 1
79891 80691 1
79891 85638 1
79891 89407 1
79891 90392 1
79891 90393 1
79891 108410 1
80691 58095 1
80691 62341 1
80691 79891 1
80691 85638 1
80691 89407 1
80691 90392 1
80691 90393 1
80691 108410 1
85638 58095 1
85638 62341 1
85638 79891 1
85638 80691 1
85638 89407 1
85638 90392 1
85638 90393 1
85638 108410 1
90392 58095 1
90392 62341 1
90392 79891 1
90392 80691 1
90392 85638 1
90392 89407 1
90392 90393 1
90392 108410 1
90393 58095 1
90393 62341 1
90393 79891 1
90393 80691 1
90393 85638 1
90393 89407 1
90393 90392 1
90393 108410 1
108410 58095 1
108410 62341 1
108410 79891 1
108410 80691 1
108410 85638 1
108410 89407 1
108410 90392 1
108410 90393 1
71751 89409 1
74018 62961 1
74018 69541 1
74018 82120 1
74018 89409 1
63592 66867 1
63592 71155 1
63592 81041 1
63592 89413 1
63592 92788 1
81041 63592 1
81041 89413 1
81041 92788 1
92788 63592 1
92788 81041 1
92788 89413 1
61969 92279 1
61969 119678 1
119678 61969 1
119678 92279 1
75038 78398 1
75038 93877 1
75038 101893 1
75038 103163 1
75038 103165 1
75038 103166 1
75038 103167 1
78398 75038 1
78398 93877 1
78398 101893 1
78398 103163 1
78398 103165 1
78398 103166 1
78398 103167 1
93877 75038 1
93877 78398 1
93877 101893 1
93877 103163 1
93877 103165 1
93877 103166 1
93877 103167 1
103163 75038 1
103163 78398 1
103163 93877 1
103163 101893 1
103163 103165 1
103163 103166 1
103163 103167 1
103165 75038 1
103165 78398 1
103165 93877 1
103165 101893 1
103165 103163 1
103165 103166 1
103165 103167 1
103166 75038 1
103166 78398 1
103166 93877 1
103166 101893 1
103166 103163 1
103166 103165 1
103166 103167 1
103167 75038 1
103167 78398 1
103167 93877 1
103167 101893 1
103167 103163 1
103167 103165 1
103167 103166 1
107066 101893 1
73652 91312 1
73652 92274 1
92274 73652 1
92274 91312 1
108246 108247 1
108246 113868 1
113868 108246 1
113868 108247 1
71073 100169 1
71073 117723 1
100169 71073 1
100169 117723 1
65090 51537 1
65090 103631 1
77185 51537 1
77185 82095 1
77185 92270 1
82095 51537 1
82095 70887 1
82095 77185 1
82095 92270 1
92270 51537 1
92270 77185 1
92270 82095 1
92270 95149 1
94034 52263 1
94034 99132 1
98778 76989 1
46840 38186 1
46840 56262 1
56262 38186 1
56262 46840 1
61208 38186 1
61208 61289 1
61289 38186 1
61289 61208 1
37718 40463 1
37718 40464 1
37718 40465 1
37718 50880 1
37718 52576 1
40463 37718 1
40463 40464 1
40463 40465 1
40463 50880 1
40463 52576 1
40464 37718 1
40464 40463 1
40464 40465 1
40464 50880 1
40464 52576 1
40465 37718 1
40465 40463 1
40465 40464 1
40465 50880 1
40465 52576 1
41635 42164 1
41635 50880 1
41635 51047 1
42164 41635 1
42164 50880 1
42164 51047 1
51047 41635 1
51047 42164 1
51047 50880 1
52576 37718 1
52576 40463 1
52576 40464 1
52576 40465 1
52576 50880 1
92695 44439 1
92695 92696 1
92696 44439 1
92696 92695 1
43577 60531 1
43577 64995 1
64994 60531 1
64994 64995 3
64995 43577 1
64995 60531 2
64995 64994 3
107001 74600 2
107001 85616 1
83328 72840 1
73529 67746 1
73529 102800 1
102800 67746 1
102800 73529 1
90797 78039 1
51814 60304 1
51814 64699 1
60304 51814 1
60304 64699 1
99626 64699 1
50229 50231 2
50229 68819 1
50229 84034 1
50231 50229 2
50231 68819 1
50231 84034 1
68819 50229 1
68819 50231 1
68819 84034 1
87163 82322 1
53568 50909 1
72833 75076 1
62643 84004 1
92514 84004 1
96625 94734 1
99603 94734 1
78585 103421 1
97537 97538 1
97537 103421 1
97538 97537 1
97538 103421 1
113054 82111 1
77701 90032 1
115857 102650 1
117509 102650 1
80313 103631 1
83340 103632 1
75980 62952 1
97103 62952 1
87969 62304 1
78174 96618 1
62961 69541 1
62961 74018 1
62961 82120 1
69541 62961 1
69541 74018 1
69541 82120 1
82120 62961 1
82120 69541 1
82120 74018 1
66867 63592 1
71155 63592 1
70887 82095 1
95149 92270 1
