95439 105493 1
105493 66524 1
105493 75415 1
105493 95439 1
105493 99656 1
105493 100977 1
105493 125496 1
66524 75415 1
66524 99656 1
66524 100977 1
66524 105493 1
66524 125496 1
75415 40407 1
75415 66524 1
75415 66525 1
75415 69487 1
75415 69488 1
75415 76017 1
75415 83834 1
75415 83835 1
75415 99656 1
75415 100977 1
75415 105493 1
75415 119719 1
75415 125496 1
99656 50541 1
99656 66524 1
99656 73338 1
99656 75415 1
99656 85147 1
99656 100977 1
99656 101251 1
99656 101252 1
99656 103114 1
99656 105493 1
99656 106070 1
99656 112136 1
99656 112251 1
99656 125496 1
100977 54562 1
100977 57977 1
100977 60453 1
100977 66524 1
100977 75415 1
100977 76263 1
100977 83836 1
100977 85991 1
100977 93130 1
100977 95093 1
100977 95094 1
100977 99656 1
100977 102935 1
100977 105493 1
100977 107255 1
100977 108548 1
100977 108807 1
100977 114080 1
100977 115531 1
100977 117374 1
100977 118698 1
100977 119010 1
100977 119255 1
100977 125496 1
100977 126468 1
125496 66524 1
125496 75415 1
125496 92296 1
125496 99656 1
125496 100977 1
125496 105493 1
125496 118682 1
40407 66525 1
40407 69487 2
40407 69488 1
40407 75415 1
40407 76017 1
40407 83834 1
40407 83835 1
40407 119719 1
66525 26628 1
66525 26629 1
66525 30624 1
66525 40407 1
66525 43561 1
66525 43562 1
66525 43564 1
66525 51082 1
66525 65915 1
66525 69487 2
66525 69488 2
66525 75415 1
66525 76017 1
66525 83834 1
66525 83835 2
66525 119719 1
69487 26628 1
69487 26629 1
69487 30624 1
69487 40407 2
69487 43561 1
69487 43562 2
69487 43564 1
69487 50542 1
69487 51082 1
69487 59052 1
69487 65915 1
69487 66525 2
69487 67060 1
69487 69488 2
69487 75415 1
69487 76017 1
69487 83834 1
69487 83835 3
69487 112217 1
69487 119719 2
69488 26628 1
69488 26629 1
69488 30624 1
69488 40407 1
69488 43561 1
69488 43562 1
69488 43564 1
69488 51082 1
69488 65915 1
69488 66525 2
69488 69487 2
69488 75415 1
69488 76017 1
69488 83834 1
69488 83835 2
69488 119719 1
76017 40407 1
76017 66525 1
76017 69487 1
76017 69488 1
76017 75415 1
76017 83834 1
76017 83835 1
76017 119719 1
83834 35533 1
83834 40407 1
83834 66525 1
83834 69487 1
83834 69488 1
83834 75415 1
83834 76017 1
83834 83835 1
83834 118079 1
83834 119719 1
83835 20029 1
83835 26553 1
83835 26628 1
83835 26629 1
83835 30624 1
83835 35532 1
83835 40407 1
83835 43561 1
83835 43562 2
83835 43564 1
83835 50542 1
83835 51082 1
83835 59052 1
83835 65915 1
83835 66525 2
83835 67060 1
83835 69487 3
83835 69488 2
83835 71448 1
83835 75415 1
83835 76017 1
83835 83834 1
83835 89028 1
83835 89029 1
83835 94978 1
83835 101107 1
83835 119719 1
119719 40407 1
119719 54566 1
119719 66525 1
119719 69487 2
119719 69488 1
119719 75415 1
119719 76017 1
119719 83834 1
119719 83835 1
50541 22036 1
50541 23831 1
50541 35110 1
50541 35728 1
50541 52479 1
50541 55697 1
50541 56250 1
50541 58963 1
50541 59356 1
50541 61193 1
50541 61848 1
50541 65927 1
50541 73305 1
50541 76772 1
50541 85118 1
50541 86751 1
50541 99656 1
50541 107371 1
73338 43565 1
73338 55341 1
73338 57727 1
73338 58848 1
73338 60103 1
73338 62216 1
73338 73337 1
73338 79812 1
73338 80132 1
73338 84247 1
73338 85422 1
73338 92878 1
73338 93090 1
73338 93093 1
73338 95440 1
73338 95441 2
73338 97290 1
73338 99656 1
73338 102870 1
73338 102925 1
73338 116213 1
73338 116326 1
73338 119252 1
73338 122643 1
85147 38614 1
85147 38621 1
85147 44919 1
85147 63383 1
85147 63384 1
85147 71826 1
85147 74362 1
85147 74985 1
85147 78131 1
85147 81379 1
85147 81380 1
85147 81824 2
85147 81826 2
85147 84793 1
85147 85146 1
85147 85148 1
85147 90161 1
85147 92117 1
85147 98867 1
85147 98869 1
85147 99656 1
85147 101251 1
85147 101252 1
85147 103114 1
85147 106070 1
85147 108405 1
85147 108406 1
85147 109657 1
85147 112136 1
85147 112251 1
85147 120730 1
101251 85147 1
101251 99656 1
101251 101252 1
101251 103114 1
101251 106070 1
101251 112136 1
101251 112251 1
101252 53092 1
101252 77981 1
101252 85147 1
101252 89453 1
101252 92927 1
101252 94840 1
101252 94841 1
101252 95108 1
101252 99656 1
101252 101251 1
101252 103114 1
101252 106070 1
101252 106900 1
101252 112136 1
101252 112251 1
103114 76268 1
103114 84536 1
103114 85147 1
103114 99656 1
103114 100931 1
103114 101251 1
103114 101252 1
103114 102277 1
103114 106070 1
103114 112136 1
103114 112251 1
106070 85147 1
106070 89275 1
106070 91857 1
106070 99656 1
106070 101251 1
106070 101252 1
106070 103114 1
106070 112136 1
106070 112251 1
112136 55654 1
112136 59193 1
112136 60143 1
112136 61128 1
112136 62211 1
112136 62980 1
112136 62983 1
112136 62984 1
112136 62985 1
112136 62986 1
112136 62987 1
112136 62988 1
112136 62989 1
112136 62991 1
112136 62993 1
112136 62994 1
112136 69997 1
112136 76249 1
112136 79099 1
112136 84536 1
112136 85032 1
112136 85147 1
112136 86974 1
112136 99100 1
112136 99102 1
112136 99656 1
112136 100360 1
112136 101009 1
112136 101251 1
112136 101252 1
112136 102754 1
112136 102755 1
112136 103114 1
112136 106070 1
112136 109644 1
112136 109645 1
112136 112251 1
112136 116834 1
112136 117135 1
112251 58960 1
112251 79219 1
112251 85147 1
112251 85987 1
112251 91598 1
112251 92913 1
112251 92914 1
112251 96484 1
112251 96485 1
112251 99656 1
112251 101251 1
112251 101252 1
112251 103114 1
112251 103231 1
112251 103722 1
112251 106070 1
112251 108259 1
112251 108261 1
112251 112136 1
112251 115550 1
54562 83836 1
54562 85991 1
54562 100977 1
54562 119010 1
54562 119255 1
54562 126468 1
57977 46970 1
57977 57975 1
57977 57976 1
57977 80755 1
57977 87128 1
57977 87130 1
57977 96085 1
57977 100977 1
57977 100978 1
57977 106963 1
57977 110549 1
57977 112785 1
57977 115922 1
57977 115984 1
57977 117374 1
57977 119251 1
57977 122273 1
57977 125176 1
60453 95093 1
60453 95094 1
60453 100977 1
60453 107255 1
60453 118698 1
76263 55707 1
76263 93130 1
76263 100977 1
76263 101293 1
76263 102935 1
76263 108548 1
76263 108807 1
76263 114080 1
76263 115377 1
76263 115531 1
76263 116152 1
83836 54562 1
83836 85991 1
83836 85992 1
83836 87126 1
83836 87127 1
83836 87129 1
83836 87131 1
83836 88789 1
83836 93738 2
83836 97289 1
83836 100977 1
83836 114911 1
83836 114912 3
83836 114913 1
83836 119010 2
83836 119120 2
83836 119250 3
83836 119251 1
83836 119252 2
83836 119253 1
83836 119254 2
83836 119255 3
83836 121673 2
83836 121674 2
83836 121675 3
83836 122209 2
83836 122273 3
83836 126468 1
83836 127475 1
85991 54562 1
85991 83836 1
85991 87126 1
85991 87127 2
85991 87128 1
85991 87130 1
85991 100977 1
85991 114912 1
85991 119010 2
85991 119120 1
85991 119253 1
85991 119255 1
85991 126468 1
93130 66169 1
93130 76263 1
93130 96223 1
93130 100977 1
93130 102935 1
93130 108548 1
93130 108807 1
93130 114080 1
93130 115531 1
95093 60453 1
95093 82818 1
95093 86879 1
95093 95094 4
95093 100977 1
95093 101218 1
95093 102008 1
95093 107255 1
95093 111533 1
95093 114586 1
95093 114623 1
95093 115199 1
95093 118698 1
95094 60453 1
95094 81209 1
95094 82818 1
95094 86879 2
95094 87005 1
95094 93059 1
95094 95093 4
95094 100977 1
95094 101218 1
95094 102008 1
95094 107255 1
95094 109945 1
95094 111170 1
95094 111533 1
95094 114586 1
95094 114623 1
95094 115064 1
95094 115199 1
95094 118698 1
102935 45272 1
102935 48981 1
102935 52584 1
102935 55137 1
102935 55634 1
102935 55692 1
102935 60654 1
102935 61526 1
102935 71555 1
102935 73158 1
102935 76263 1
102935 82516 1
102935 83088 1
102935 85114 1
102935 93130 1
102935 95096 1
102935 98865 1
102935 100360 1
102935 100977 1
102935 100994 1
102935 101308 1
102935 102936 1
102935 103109 1
102935 103865 1
102935 108548 1
102935 108807 1
102935 109862 1
102935 111533 1
102935 114079 1
102935 114080 1
102935 115062 1
102935 115531 1
102935 118742 1
102935 119513 1
107255 46925 1
107255 55341 1
107255 60453 1
107255 65915 1
107255 70434 1
107255 70534 1
107255 92296 1
107255 94065 1
107255 95093 1
107255 95094 1
107255 95095 1
107255 95096 1
107255 95103 1
107255 99099 1
107255 100977 1
107255 107253 1
107255 109657 1
107255 110549 1
107255 115524 1
107255 116152 1
107255 118698 1
107255 121195 1
107255 127573 1
108548 38633 1
108548 55380 1
108548 62216 1
108548 62988 1
108548 65425 1
108548 76263 1
108548 93130 1
108548 96099 1
108548 100977 1
108548 100989 1
108548 102935 1
108548 106953 1
108548 106954 1
108548 106966 1
108548 108807 1
108548 109445 1
108548 114080 1
108548 115531 1
108548 117965 1
108548 118682 1
108807 76263 1
108807 93130 1
108807 100977 1
108807 102935 1
108807 108548 1
108807 114080 1
108807 115531 1
114080 48219 1
114080 63276 1
114080 64444 1
114080 68179 1
114080 76263 1
114080 87486 1
114080 93130 1
114080 95096 1
114080 99708 1
114080 100977 1
114080 102935 1
114080 108303 1
114080 108548 1
114080 108807 1
114080 114078 1
114080 114079 1
114080 115531 1
114080 116316 1
114080 116906 1
114080 117329 1
114080 118689 1
115531 51559 1
115531 62761 1
115531 69187 1
115531 76263 1
115531 82521 1
115531 86454 1
115531 89928 1
115531 91807 1
115531 93130 1
115531 97877 1
115531 97879 1
115531 98244 1
115531 100090 1
115531 100977 1
115531 102935 1
115531 108548 1
115531 108807 1
115531 110095 1
115531 111525 1
115531 114080 1
115531 116889 1
115531 117701 1
117374 57977 1
117374 60650 1
117374 74298 1
117374 76780 1
117374 76781 1
117374 79373 1
117374 79423 1
117374 81830 1
117374 82402 1
117374 84182 1
117374 88303 1
117374 88304 1
117374 90476 1
117374 91560 1
117374 93437 1
117374 98249 1
117374 98362 1
117374 100332 1
117374 100518 1
117374 100977 1
117374 101290 1
117374 101293 1
117374 106833 1
117374 107019 1
117374 111170 1
117374 113487 1
117374 114661 1
117374 115679 1
117374 116219 1
117374 117135 1
117374 117965 1
117374 122237 5
118698 60453 1
118698 95093 1
118698 95094 1
118698 97206 1
118698 100977 1
118698 103787 1
118698 104535 1
118698 107255 1
118698 109848 1
118698 109865 1
118698 111527 1
118698 113279 1
118698 116551 1
118698 118637 1
119010 54562 1
119010 65915 1
119010 83836 2
119010 85991 2
119010 87119 1
119010 87126 1
119010 87127 1
119010 87128 1
119010 87129 1
119010 87130 1
119010 88789 1
119010 93738 1
119010 97289 1
119010 100977 1
119010 114911 1
119010 114912 1
119010 119120 1
119010 119254 1
119010 119255 1
119010 126468 1
119255 54562 1
119255 54690 1
119255 83836 3
119255 85991 1
119255 85992 1
119255 87125 1
119255 87126 2
119255 87127 1
119255 87129 1
119255 87130 1
119255 87131 1
119255 88789 1
119255 93738 2
119255 100977 1
119255 114911 2
119255 114912 3
119255 114913 1
119255 119010 1
119255 119120 2
119255 119250 2
119255 119251 1
119255 119252 2
119255 119253 2
119255 119254 2
119255 121673 2
119255 121674 1
119255 121675 2
119255 122209 2
119255 122273 1
119255 126468 1
119255 127475 1
126468 54562 1
126468 83836 1
126468 85991 1
126468 100977 1
126468 108594 1
126468 119010 1
126468 119255 1
92296 65915 1
92296 70534 1
92296 71454 2
92296 76037 1
92296 83202 1
92296 85114 1
92296 95096 2
92296 95103 1
92296 102104 1
92296 107255 1
92296 109647 1
92296 112812 1
92296 116152 1
92296 118682 1
92296 125496 1
118682 38633 1
118682 54887 1
118682 55380 1
118682 59053 1
118682 61125 1
118682 62216 1
118682 62810 1
118682 62988 1
118682 74162 1
118682 76191 1
118682 77318 1
118682 87007 1
118682 87521 1
118682 92296 1
118682 95100 1
118682 96099 1
118682 103620 1
118682 103621 1
118682 103622 1
118682 104397 1
118682 105224 1
118682 106953 1
118682 106954 1
118682 108548 1
118682 115009 1
118682 115513 1
118682 115966 1
118682 116662 1
118682 117801 1
118682 118683 1
118682 121195 1
118682 125496 1
26628 26629 1
26628 30624 1
26628 43561 1
26628 43562 1
26628 43564 1
26628 51082 1
26628 65915 1
26628 66525 1
26628 69487 1
26628 69488 1
26628 83835 1
26629 26628 1
26629 30624 1
26629 43561 1
26629 43562 1
26629 43564 2
26629 43565 1
26629 51082 1
26629 65915 1
26629 66525 1
26629 69487 1
26629 69488 1
26629 83835 1
30624 26628 1
30624 26629 1
30624 43561 1
30624 43562 1
30624 43564 1
30624 51082 1
30624 55728 1
30624 65915 1
30624 66525 1
30624 69487 1
30624 69488 1
30624 73332 1
30624 83835 1
43561 26628 1
43561 26629 1
43561 30624 1
43561 43562 1
43561 43564 2
43561 50542 1
43561 51082 2
43561 57994 1
43561 65915 1
43561 66525 1
43561 68744 1
43561 69487 1
43561 69488 1
43561 83835 1
43562 26628 1
43562 26629 1
43562 30624 1
43562 43561 1
43562 43564 1
43562 50542 1
43562 51082 1
43562 59052 1
43562 65915 1
43562 66525 1
43562 67060 1
43562 69487 2
43562 69488 1
43562 83835 2
43564 26628 1
43564 26629 2
43564 30624 1
43564 43561 2
43564 43562 1
43564 43565 1
43564 51082 1
43564 65915 1
43564 66525 1
43564 69487 1
43564 69488 1
43564 83835 1
51082 26628 1
51082 26629 1
51082 30624 1
51082 43561 2
51082 43562 1
51082 43564 1
51082 57994 1
51082 65915 1
51082 66525 1
51082 69487 1
51082 69488 1
51082 83835 1
65915 26628 1
65915 26629 1
65915 30624 1
65915 43561 1
65915 43562 1
65915 43564 1
65915 51082 1
65915 66525 1
65915 69487 1
65915 69488 1
65915 70534 1
65915 76037 1
65915 83835 1
65915 87119 1
65915 88789 1
65915 92296 1
65915 93738 1
65915 95096 1
65915 95103 1
65915 97289 1
65915 104397 1
65915 107255 1
65915 114911 1
65915 116152 1
65915 119010 1
65915 119254 1
50542 43561 1
50542 43562 1
50542 45272 1
50542 59052 1
50542 67060 1
50542 69487 1
50542 83835 1
59052 43562 1
59052 50542 1
59052 67060 1
59052 69487 1
59052 83835 1
67060 43562 1
67060 50542 1
67060 59052 1
67060 69487 1
67060 83835 1
112217 69487 1
112217 88303 1
35533 79304 1
35533 83229 1
35533 83834 1
35533 118079 1
118079 35533 1
118079 83834 1
118079 89029 1
20029 26553 1
20029 35532 1
20029 71448 1
20029 83835 1
20029 89028 1
20029 89029 1
20029 94978 1
20029 101107 1
26553 20029 1
26553 35532 1
26553 71448 1
26553 83835 1
26553 89028 1
26553 89029 1
26553 94978 1
26553 101107 1
35532 20029 1
35532 26553 1
35532 71448 1
35532 83835 1
35532 89028 1
35532 89029 1
35532 94978 1
35532 101107 1
71448 20029 1
71448 26553 1
71448 35532 1
71448 62985 1
71448 83835 1
71448 89028 1
71448 89029 1
71448 94978 1
71448 101107 1
89028 20029 1
89028 26553 1
89028 35532 1
89028 71448 1
89028 83835 1
89028 89029 1
89028 94978 1
89028 101107 1
89029 20029 1
89029 26553 1
89029 35532 1
89029 71448 1
89029 83835 1
89029 89028 1
89029 94978 1
89029 101107 1
89029 118079 1
94978 20029 1
94978 26553 1
94978 35532 1
94978 71448 1
94978 83835 1
94978 89028 1
94978 89029 1
94978 101107 1
101107 20029 1
101107 26553 1
101107 35532 1
101107 71448 1
101107 83835 1
101107 89028 1
101107 89029 1
101107 94065 1
101107 94978 1
54566 119719 1
22036 20027 1
22036 35110 1
22036 50541 1
22036 52479 1
22036 61848 1
23831 50541 1
35110 22036 1
35110 48981 1
35110 50541 1
35110 52479 1
35110 61848 1
35728 50541 1
35728 56250 1
35728 65927 1
35728 107371 1
52479 22036 1
52479 24269 1
52479 35110 1
52479 39386 1
52479 50541 1
52479 52482 1
52479 59436 1
52479 61848 1
52479 61851 1
52479 79219 1
55697 50541 1
55697 57976 1
55697 73305 1
55697 76772 1
55697 85118 1
55697 86751 1
56250 35728 1
56250 50541 1
56250 65927 1
56250 107371 1
58963 50541 1
58963 59356 1
58963 61193 1
59356 32984 1
59356 35905 1
59356 45140 1
59356 50541 1
59356 58963 1
59356 59354 1
59356 60663 1
59356 61193 1
61193 50541 1
61193 58963 1
61193 59356 1
61848 22036 1
61848 31929 1
61848 32843 1
61848 35110 1
61848 49381 1
61848 50541 1
61848 52479 1
65927 35728 1
65927 50541 1
65927 56250 1
65927 107371 1
73305 50541 1
73305 55697 1
73305 73304 1
73305 76772 1
73305 85118 1
73305 86751 1
76772 50541 1
76772 55697 1
76772 73305 1
76772 85118 1
76772 86751 1
76772 96001 1
85118 50541 1
85118 55697 1
85118 73305 1
85118 76772 1
85118 84793 1
85118 86751 1
86751 50541 1
86751 55697 1
86751 73305 1
86751 73337 2
86751 76772 1
86751 77981 1
86751 85118 1
86751 122741 1
107371 35728 1
107371 50541 1
107371 56250 1
107371 65927 1
43565 26629 1
43565 43564 1
43565 55341 1
43565 73338 1
43565 97290 1
43565 102870 1
43565 119252 1
55341 43565 1
55341 48379 1
55341 55729 1
55341 59053 1
55341 70434 1
55341 73338 1
55341 97290 1
55341 102870 1
55341 107253 1
55341 107255 1
55341 119252 1
55341 121195 1
57727 58848 1
57727 60103 1
57727 73338 1
57727 81830 1
57727 84247 1
57727 85422 1
57727 92878 1
57727 93090 1
57727 93093 1
57727 95441 1
57727 116213 1
57727 116326 1
58848 57727 1
58848 60103 1
58848 73338 1
58848 84247 1
58848 85422 1
58848 92878 1
58848 93090 1
58848 93093 1
58848 95441 1
58848 116213 1
58848 116326 1
60103 57727 1
60103 58848 1
60103 73338 1
60103 84247 1
60103 85422 1
60103 92878 1
60103 93090 1
60103 93093 1
60103 95441 1
60103 116213 1
60103 116326 1
62216 38633 1
62216 55380 1
62216 62988 1
62216 73337 1
62216 73338 1
62216 80132 1
62216 96099 1
62216 106953 1
62216 106954 1
62216 108548 1
62216 118682 1
62216 122643 1
73337 60676 1
73337 62216 1
73337 64146 1
73337 68745 1
73337 70543 1
73337 72956 1
73337 72957 1
73337 73338 1
73337 76037 1
73337 77375 1
73337 77981 1
73337 79311 1
73337 79314 1
73337 80132 1
73337 86751 2
73337 90476 1
73337 95441 1
73337 122643 1
73337 122741 1
79812 62983 1
79812 62985 1
79812 62986 1
79812 62987 1
79812 73338 1
79812 76069 1
79812 89648 1
79812 89649 1
79812 95440 1
79812 95441 1
79812 102925 1
79812 109945 1
80132 62216 1
80132 73337 1
80132 73338 1
80132 79733 1
80132 79734 1
80132 122643 1
84247 57727 1
84247 58848 1
84247 60103 1
84247 73338 1
84247 85422 1
84247 92878 1
84247 93090 1
84247 93093 1
84247 95441 1
84247 116213 1
84247 116326 1
85422 57727 1
85422 58848 1
85422 60103 1
85422 73338 1
85422 84247 1
85422 92878 1
85422 93090 1
85422 93093 1
85422 95441 1
85422 116213 1
85422 116326 1
92878 57727 1
92878 58848 1
92878 60103 1
92878 73338 1
92878 81459 1
92878 84247 1
92878 85422 1
92878 93090 1
92878 93093 1
92878 95441 1
92878 116213 1
92878 116326 1
93090 57727 1
93090 58848 1
93090 60103 1
93090 62991 1
93090 62993 1
93090 73338 1
93090 84247 1
93090 85422 1
93090 87124 1
93090 92878 1
93090 93093 1
93090 93437 1
93090 95441 1
93090 96255 1
93090 108264 1
93090 116213 1
93090 116326 1
93093 57727 1
93093 58848 1
93093 60103 1
93093 60654 1
93093 73338 1
93093 84247 1
93093 85422 1
93093 92878 1
93093 93090 1
93093 95441 1
93093 104943 1
93093 116213 1
93093 116326 1
95440 73338 1
95440 79812 1
95440 95441 1
95440 102925 1
95441 57727 1
95441 58848 1
95441 60103 1
95441 64146 1
95441 68745 1
95441 73337 1
95441 73338 2
95441 77375 1
95441 79812 1
95441 84247 1
95441 85422 1
95441 90353 1
95441 90476 1
95441 92878 1
95441 93090 1
95441 93093 1
95441 95440 1
95441 102925 1
95441 116213 1
95441 116326 1
97290 43565 1
97290 55341 1
97290 73338 1
97290 87125 1
97290 87129 1
97290 87131 1
97290 97289 1
97290 102870 1
97290 119252 1
97290 119254 1
97290 121673 1
102870 43565 1
102870 55341 1
102870 62211 1
102870 73338 1
102870 97290 1
102870 104397 1
102870 119252 1
102925 73338 1
102925 79812 1
102925 95440 1
102925 95441 1
102925 102277 1
116213 57727 1
116213 58848 1
116213 60103 1
116213 73338 1
116213 84247 1
116213 85422 1
116213 92878 1
116213 93090 1
116213 93093 1
116213 95441 1
116213 112782 1
116213 116326 1
116326 57727 1
116326 58848 1
116326 60103 1
116326 73338 1
116326 84247 1
116326 85422 1
116326 92878 1
116326 93090 1
116326 93093 1
116326 95441 1
116326 116213 1
116326 116776 1
119252 43565 1
119252 55341 1
119252 73338 1
119252 83836 2
119252 87125 1
119252 87126 2
119252 87127 1
119252 87131 1
119252 88789 2
119252 93738 3
119252 97289 1
119252 97290 1
119252 102870 1
119252 114911 2
119252 114912 2
119252 114913 2
119252 119120 1
119252 119250 1
119252 119251 1
119252 119253 2
119252 119254 3
119252 119255 2
119252 121673 2
119252 121674 1
119252 121675 2
119252 122209 2
119252 122273 2
122643 62216 1
122643 73337 1
122643 73338 1
122643 76069 1
122643 80132 1
122643 81699 1
122643 95376 1
38614 38621 1
38614 63383 2
38614 63384 2
38614 81379 2
38614 81380 1
38614 85146 1
38614 85147 1
38614 85148 2
38614 90161 2
38614 98867 1
38614 98869 1
38614 120730 2
38621 38614 1
38621 63383 1
38621 63384 1
38621 81379 1
38621 81380 1
38621 85146 1
38621 85147 1
38621 85148 1
38621 90161 1
38621 98867 1
38621 98869 1
38621 120730 2
44919 74362 1
44919 74985 1
44919 78131 1
44919 84793 1
44919 85147 1
44919 87007 1
44919 92117 1
63383 38614 2
63383 38621 1
63383 50497 1
63383 63384 2
63383 81379 3
63383 81380 3
63383 85146 2
63383 85147 1
63383 85148 1
63383 90161 2
63383 98867 2
63383 98869 2
63383 120730 1
63384 38614 2
63384 38621 1
63384 63383 2
63384 81379 2
63384 81380 1
63384 85146 1
63384 85147 1
63384 85148 1
63384 90161 2
63384 98867 1
63384 98869 1
63384 120730 1
71826 57788 1
71826 81826 1
71826 85147 1
71826 108405 1
71826 108406 1
71826 109657 1
74362 44919 1
74362 74985 1
74362 78131 1
74362 84793 1
74362 85147 1
74362 92117 1
74985 44919 1
74985 74362 1
74985 78131 1
74985 84793 1
74985 85147 1
74985 90476 1
74985 92117 1
78131 44919 1
78131 65581 1
78131 74362 1
78131 74985 1
78131 76037 1
78131 82402 1
78131 84793 1
78131 85147 1
78131 92117 1
81379 38614 2
81379 38621 1
81379 63383 3
81379 63384 2
81379 81380 2
81379 85146 1
81379 85147 1
81379 85148 1
81379 90161 2
81379 98867 2
81379 98869 2
81379 120730 1
81380 38614 1
81380 38621 1
81380 63383 3
81380 63384 1
81380 81379 2
81380 85146 2
81380 85147 1
81380 85148 1
81380 90161 1
81380 98867 1
81380 98869 1
81380 120730 1
81824 81826 2
81824 85147 2
81826 60454 1
81826 71826 1
81826 81824 2
81826 83089 1
81826 85147 2
81826 93972 1
81826 97274 1
81826 108405 1
81826 108406 1
81826 109657 1
84793 44919 1
84793 74362 1
84793 74985 1
84793 78131 1
84793 85118 1
84793 85147 1
84793 92117 1
84793 117801 1
85146 38614 1
85146 38621 1
85146 63383 2
85146 63384 1
85146 81379 1
85146 81380 2
85146 85147 1
85146 85148 1
85146 90161 1
85146 98867 1
85146 98869 1
85146 120730 1
85148 38614 2
85148 38621 1
85148 63383 1
85148 63384 1
85148 81379 1
85148 81380 1
85148 85146 1
85148 85147 1
85148 90161 1
85148 98867 1
85148 98869 1
85148 120730 2
90161 38614 2
90161 38621 1
90161 63383 2
90161 63384 2
90161 81379 2
90161 81380 1
90161 85146 1
90161 85147 1
90161 85148 1
90161 98867 1
90161 98869 1
90161 120730 1
92117 44919 1
92117 74362 1
92117 74985 1
92117 76460 1
92117 78131 1
92117 84793 1
92117 85147 1
92117 116834 1
98867 38614 1
98867 38621 1
98867 63383 2
98867 63384 1
98867 81379 2
98867 81380 1
98867 85146 1
98867 85147 1
98867 85148 1
98867 90161 1
98867 91341 1
98867 98869 2
98867 111525 1
98867 120730 2
98869 38614 1
98869 38621 1
98869 63383 2
98869 63384 1
98869 81379 2
98869 81380 1
98869 85146 1
98869 85147 1
98869 85148 1
98869 90161 1
98869 98867 2
98869 120730 1
108405 71826 1
108405 81826 1
108405 85147 1
108405 108406 14
108405 109657 1
108405 116889 1
108406 71826 1
108406 81826 1
108406 85147 1
108406 108405 14
108406 109657 1
108406 116889 1
109657 55378 1
109657 71826 1
109657 81826 1
109657 85147 1
109657 86974 1
109657 94065 1
109657 100994 1
109657 107255 1
109657 108405 1
109657 108406 1
120730 38614 2
120730 38621 2
120730 63383 1
120730 63384 1
120730 81379 1
120730 81380 1
120730 85146 1
120730 85147 1
120730 85148 2
120730 90161 1
120730 91341 1
120730 98867 2
120730 98869 1
53092 89453 1
53092 92927 1
53092 94840 1
53092 94841 1
53092 101252 1
77981 69647 1
77981 72012 1
77981 73337 1
77981 86751 1
77981 87133 1
77981 90342 1
77981 95108 1
77981 101252 1
77981 106900 2
77981 111525 1
77981 122741 1
89453 53092 1
89453 92927 1
89453 94840 2
89453 94841 1
89453 101252 1
92927 53092 1
92927 55382 1
92927 57474 1
92927 68922 1
92927 87521 1
92927 89453 1
92927 94840 1
92927 94841 1
92927 101252 1
94840 53092 1
94840 89453 2
94840 92927 1
94840 94841 1
94840 101252 1
94840 105112 1
94841 53092 1
94841 89453 1
94841 92927 1
94841 94840 1
94841 101252 1
95108 77981 1
95108 90017 1
95108 90018 1
95108 101252 1
95108 106900 1
95108 117615 1
106900 77981 2
106900 95108 1
106900 101252 1
76268 84536 1
76268 100931 1
76268 102277 1
76268 103114 1
84536 30248 1
84536 60143 1
84536 76249 1
84536 76268 1
84536 76780 1
84536 85032 1
84536 88304 2
84536 90476 1
84536 99100 1
84536 99102 1
84536 100931 1
84536 101009 1
84536 102008 1
84536 102277 1
84536 103114 1
84536 103621 1
84536 112136 1
84536 116219 1
100931 76268 1
100931 84536 1
100931 102277 1
100931 103114 1
102277 76268 1
102277 83202 1
102277 84536 1
102277 100931 1
102277 102925 1
102277 103114 1
102277 109647 1
89275 91857 1
89275 106070 1
91857 59053 1
91857 62810 1
91857 89275 1
91857 91855 1
91857 102936 1
91857 106070 1
91857 109644 1
91857 109645 1
55654 59193 1
55654 62211 1
55654 69997 1
55654 79099 1
55654 100360 1
55654 102754 1
55654 102755 1
55654 109644 1
55654 109645 1
55654 112136 1
55654 116834 1
59193 55654 1
59193 62211 1
59193 69997 1
59193 79099 1
59193 100360 1
59193 102754 1
59193 102755 1
59193 109644 2
59193 109645 2
59193 110549 1
59193 112136 1
59193 116834 1
59193 124878 1
60143 76249 1
60143 84536 1
60143 85032 1
60143 99100 1
60143 99102 1
60143 101009 1
60143 112136 1
61128 76781 1
61128 96085 1
61128 112136 1
61128 117135 1
62211 55654 1
62211 59193 1
62211 69997 1
62211 79099 1
62211 100360 1
62211 102754 1
62211 102755 1
62211 102870 1
62211 109644 1
62211 109645 1
62211 112136 1
62211 116834 1
62980 33733 1
62980 33735 1
62980 57445 1
62980 60612 1
62980 62983 1
62980 62984 1
62980 62985 1
62980 62986 1
62980 62987 1
62980 62988 1
62980 62989 1
62980 62991 1
62980 62993 1
62980 62994 1
62980 73616 1
62980 86974 1
62980 112136 1
62983 62980 1
62983 62984 2
62983 62985 4
62983 62986 4
62983 62987 3
62983 62988 2
62983 62989 3
62983 62991 1
62983 62993 1
62983 62994 1
62983 79812 1
62983 86974 1
62983 112136 1
62984 62980 1
62984 62983 2
62984 62985 2
62984 62986 2
62984 62987 2
62984 62988 2
62984 62989 2
62984 62991 1
62984 62993 1
62984 62994 1
62984 63425 1
62984 76249 1
62984 79453 1
62984 86974 1
62984 94065 1
62984 112136 1
62985 62980 1
62985 62983 4
62985 62984 2
62985 62986 6
62985 62987 4
62985 62988 4
62985 62989 4
62985 62991 1
62985 62993 1
62985 62994 2
62985 71448 1
62985 79812 1
62985 86974 1
62985 112136 1
62986 62980 1
62986 62983 4
62986 62984 2
62986 62985 6
62986 62987 4
62986 62988 4
62986 62989 4
62986 62991 1
62986 62993 1
62986 62994 2
62986 79812 1
62986 86974 1
62986 112136 1
62987 62980 1
62987 62983 3
62987 62984 2
62987 62985 4
62987 62986 4
62987 62988 3
62987 62989 3
62987 62991 1
62987 62993 1
62987 62994 2
62987 79812 1
62987 86874 1
62987 86974 1
62987 103621 1
62987 112136 1
62987 116219 1
62988 38633 1
62988 55380 1
62988 62216 1
62988 62980 1
62988 62983 2
62988 62984 2
62988 62985 4
62988 62986 4
62988 62987 3
62988 62989 4
62988 62991 1
62988 62993 1
62988 62994 2
62988 86974 1
62988 96099 1
62988 106953 1
62988 106954 1
62988 108548 1
62988 112136 1
62988 118682 1
62989 62980 1
62989 62983 3
62989 62984 2
62989 62985 4
62989 62986 4
62989 62987 3
62989 62988 4
62989 62991 1
62989 62993 1
62989 62994 2
62989 86974 1
62989 111525 1
62989 112136 1
62989 114623 1
62989 125176 1
62991 62980 1
62991 62983 1
62991 62984 1
62991 62985 1
62991 62986 1
62991 62987 1
62991 62988 1
62991 62989 1
62991 62993 3
62991 62994 1
62991 69572 1
62991 86974 1
62991 93090 1
62991 93437 1
62991 112136 1
62993 62980 1
62993 62983 1
62993 62984 1
62993 62985 1
62993 62986 1
62993 62987 1
62993 62988 1
62993 62989 1
62993 62991 3
62993 62994 1
62993 69572 1
62993 86974 1
62993 93090 1
62993 93437 1
62993 112136 1
62994 62980 1
62994 62983 1
62994 62984 1
62994 62985 2
62994 62986 2
62994 62987 2
62994 62988 2
62994 62989 2
62994 62991 1
62994 62993 1
62994 85032 1
62994 86974 1
62994 112136 1
69997 55654 1
69997 59193 1
69997 62211 1
69997 79099 1
69997 87453 1
69997 100360 1
69997 102754 1
69997 102755 1
69997 109644 1
69997 109645 1
69997 112136 1
69997 114577 1
69997 114623 1
69997 116834 1
76249 60143 1
76249 62984 1
76249 84536 1
76249 85032 1
76249 94065 1
76249 99100 1
76249 99102 1
76249 101009 1
76249 112136 1
79099 55654 1
79099 59193 1
79099 62211 1
79099 69997 1
79099 100360 1
79099 102754 1
79099 102755 1
79099 109644 1
79099 109645 1
79099 112136 1
79099 116834 1
85032 60143 1
85032 62994 1
85032 76107 1
85032 76249 1
85032 84536 1
85032 99100 1
85032 99102 1
85032 101009 1
85032 111527 1
85032 112136 1
85032 116761 1
86974 62980 1
86974 62983 1
86974 62984 1
86974 62985 1
86974 62986 1
86974 62987 1
86974 62988 1
86974 62989 1
86974 62991 1
86974 62993 1
86974 62994 1
86974 100994 1
86974 109647 1
86974 109657 1
86974 112136 1
86974 121195 1
99100 60143 1
99100 76249 1
99100 84536 1
99100 85032 1
99100 99102 1
99100 101009 1
99100 112136 1
99102 60143 1
99102 76249 1
99102 81830 1
99102 84536 1
99102 85032 1
99102 99100 1
99102 101009 1
99102 106833 1
99102 112136 1
99102 112785 1
99102 114623 1
99102 117007 1
99102 117701 2
100360 55654 1
100360 59193 1
100360 62211 1
100360 69997 1
100360 79099 1
100360 98865 1
100360 102754 1
100360 102755 1
100360 102935 1
100360 102936 1
100360 109644 1
100360 109645 1
100360 112136 1
100360 116834 1
101009 60143 1
101009 76249 1
101009 84536 1
101009 85032 1
101009 99100 1
101009 99102 1
101009 112136 1
102754 55654 1
102754 59193 1
102754 62211 1
102754 69997 1
102754 79099 1
102754 100360 1
102754 102755 1
102754 109644 1
102754 109645 1
102754 112136 1
102754 116834 1
102755 55654 1
102755 59193 1
102755 62211 1
102755 69997 1
102755 79099 1
102755 100360 1
102755 102754 1
102755 109644 1
102755 109645 1
102755 112136 1
102755 116834 1
109644 55654 1
109644 59193 2
109644 62211 1
109644 62810 1
109644 69997 1
109644 79099 1
109644 91857 1
109644 100360 1
109644 102754 1
109644 102755 1
109644 109645 6
109644 112136 1
109644 116834 1
109644 124878 1
109645 55654 1
109645 59193 2
109645 62211 1
109645 62810 1
109645 69997 1
109645 79099 1
109645 91857 1
109645 100360 1
109645 102754 1
109645 102755 1
109645 109644 6
109645 112136 1
109645 116834 1
109645 124878 1
116834 55634 1
116834 55654 1
116834 59193 1
116834 62211 1
116834 69997 1
116834 79099 1
116834 92117 1
116834 100360 1
116834 102754 1
116834 102755 1
116834 109644 1
116834 109645 1
116834 112136 1
117135 61128 1
117135 81830 1
117135 96713 1
117135 100332 1
117135 100518 1
117135 102652 1
117135 106833 2
117135 112136 1
117135 116152 1
117135 116219 1
117135 117374 1
117135 122237 1
58960 52983 1
58960 54559 1
58960 92913 1
58960 96484 1
58960 96485 1
58960 112251 1
79219 24269 1
79219 39386 1
79219 52479 1
79219 52482 1
79219 59436 1
79219 61851 1
79219 92913 1
79219 92914 1
79219 112251 1
85987 91598 1
85987 103722 1
85987 108259 1
85987 108261 1
85987 112251 1
91598 60370 1
91598 85987 1
91598 103722 1
91598 108259 1
91598 108261 1
91598 112251 1
92913 30737 1
92913 52983 1
92913 54559 1
92913 58960 1
92913 79219 1
92913 92914 1
92913 112251 1
92914 47232 1
92914 79219 1
92914 92913 1
92914 109945 1
92914 112251 1
92914 115199 1
92914 115550 1
92914 127158 1
96484 58960 1
96484 96485 1
96484 112251 1
96485 58960 1
96485 96484 1
96485 112251 1
103231 72126 1
103231 112251 1
103231 115550 1
103722 85987 1
103722 91598 1
103722 108259 1
103722 108261 1
103722 112251 1
108259 85987 1
108259 91598 1
108259 103722 1
108259 108261 1
108259 112251 1
108261 85987 1
108261 91598 1
108261 103722 1
108261 108259 1
108261 112251 1
115550 83505 1
115550 83507 1
115550 83509 1
115550 83510 1
115550 87521 1
115550 92914 1
115550 103231 1
115550 112251 1
46970 46969 1
46970 57975 1
46970 57976 1
46970 57977 1
57975 46970 1
57975 57976 1
57975 57977 1
57975 60650 1
57976 46970 1
57976 55697 1
57976 57975 1
57976 57977 1
80755 57977 1
80755 100487 1
87128 57977 1
87128 85991 1
87128 87126 1
87128 87127 1
87128 87130 2
87128 114912 1
87128 119010 1
87128 119120 1
87128 119251 1
87128 122273 1
87130 54690 1
87130 57977 1
87130 85991 1
87130 87126 1
87130 87127 1
87130 87128 2
87130 87129 1
87130 114912 1
87130 119010 1
87130 119120 1
87130 119251 1
87130 119255 1
87130 122273 2
96085 57977 1
96085 60474 1
96085 61128 1
96085 100978 1
96085 106963 1
96085 112785 1
96085 116219 1
96085 119198 1
96085 125175 1
100978 50814 1
100978 55395 1
100978 57977 1
100978 79915 1
100978 95834 1
100978 96085 1
100978 103119 1
100978 106963 1
100978 112785 1
106963 57977 1
106963 96085 1
106963 100978 1
106963 112785 1
110549 57977 1
110549 59193 1
110549 96223 1
110549 107255 1
110549 115524 1
110549 115922 1
110549 115984 1
110549 125176 1
110549 127573 1
112785 57977 1
112785 86454 1
112785 96085 1
112785 99102 1
112785 100978 1
112785 106833 1
112785 106963 1
115922 57977 1
115922 110549 1
115922 115984 1
115922 125176 1
115984 57977 1
115984 110549 1
115984 115922 1
115984 115983 1
115984 118637 1
115984 125176 1
119251 57977 1
119251 83836 1
119251 87126 1
119251 87127 1
119251 87128 1
119251 87130 1
119251 87131 1
119251 93738 1
119251 114911 1
119251 114912 1
119251 119120 1
119251 119250 1
119251 119252 1
119251 119253 1
119251 119254 1
119251 119255 1
119251 122209 1
119251 122273 2
122273 57977 1
122273 83836 3
122273 87126 1
122273 87127 1
122273 87128 1
122273 87130 2
122273 87131 1
122273 88789 1
122273 93738 2
122273 97289 1
122273 114911 1
122273 114912 2
122273 114913 1
122273 119120 1
122273 119250 2
122273 119251 2
122273 119252 2
122273 119253 1
122273 119254 2
122273 119255 1
122273 121673 1
122273 121674 1
122273 121675 2
122273 122209 2
125176 57977 1
125176 62989 1
125176 110549 1
125176 114623 1
125176 115922 1
125176 115984 1
55707 76263 1
55707 101293 2
101293 55707 2
101293 70434 1
101293 74298 1
101293 76263 1
101293 100487 1
101293 100518 1
101293 101290 4
101293 102104 1
101293 113487 1
101293 115679 1
101293 117374 1
101293 117965 1
115377 76263 1
115377 95095 1
115377 116152 1
116152 65915 1
116152 70534 1
116152 76263 1
116152 92296 1
116152 95096 1
116152 95103 1
116152 107255 1
116152 115377 1
116152 117135 1
85992 83836 1
85992 114912 1
85992 119120 1
85992 119250 1
85992 119255 1
85992 121673 1
85992 121674 1
85992 121675 1
85992 127475 1
87126 83836 1
87126 85991 1
87126 87125 1
87126 87127 2
87126 87128 1
87126 87130 1
87126 87131 1
87126 88789 1
87126 93738 2
87126 114911 2
87126 114912 3
87126 114913 1
87126 119010 1
87126 119120 2
87126 119250 1
87126 119251 1
87126 119252 2
87126 119253 2
87126 119254 2
87126 119255 2
87126 121673 1
87126 121675 1
87126 122209 2
87126 122273 1
87127 83836 1
87127 85991 2
87127 87126 2
87127 87128 1
87127 87130 1
87127 87131 1
87127 93738 1
87127 114911 1
87127 114912 2
87127 119010 1
87127 119120 2
87127 119250 1
87127 119251 1
87127 119252 1
87127 119253 2
87127 119254 1
87127 119255 1
87127 122209 1
87127 122273 1
87129 54690 1
87129 83836 1
87129 87125 1
87129 87130 1
87129 87131 1
87129 97289 1
87129 97290 1
87129 119010 1
87129 119254 1
87129 119255 1
87129 121673 1
87131 83836 1
87131 87125 1
87131 87126 1
87131 87127 1
87131 87129 1
87131 93738 1
87131 97289 1
87131 97290 1
87131 114911 1
87131 114912 1
87131 119120 1
87131 119250 1
87131 119251 1
87131 119252 1
87131 119253 1
87131 119254 2
87131 119255 1
87131 121673 1
87131 122209 1
87131 122273 1
88789 65915 1
88789 83836 1
88789 87119 1
88789 87125 2
88789 87126 1
88789 93738 3
88789 97289 2
88789 114911 2
88789 114912 1
88789 114913 2
88789 119010 1
88789 119252 2
88789 119253 1
88789 119254 3
88789 119255 1
88789 121673 2
88789 121674 1
88789 121675 2
88789 122209 1
88789 122273 1
93738 65915 1
93738 83836 2
93738 87119 1
93738 87125 1
93738 87126 2
93738 87127 1
93738 87131 1
93738 88789 3
93738 97289 2
93738 114911 3
93738 114912 2
93738 114913 2
93738 119010 1
93738 119120 1
93738 119250 1
93738 119251 1
93738 119252 3
93738 119253 2
93738 119254 4
93738 119255 2
93738 121673 2
93738 121674 1
93738 121675 2
93738 122209 2
93738 122273 2
97289 65915 1
97289 83836 1
97289 87119 1
97289 87125 1
97289 87129 1
97289 87131 1
97289 88789 2
97289 93738 2
97289 97290 1
97289 114911 1
97289 114913 1
97289 119010 1
97289 119252 1
97289 119254 3
97289 121673 2
97289 121674 1
97289 121675 1
97289 122273 1
114911 65915 1
114911 83836 1
114911 87119 2
114911 87125 1
114911 87126 2
114911 87127 1
114911 87131 1
114911 88789 2
114911 93738 3
114911 97289 1
114911 114912 2
114911 114913 1
114911 119010 1
114911 119120 1
114911 119250 1
114911 119251 1
114911 119252 2
114911 119253 2
114911 119254 3
114911 119255 2
114911 121673 2
114911 121675 1
114911 122209 2
114911 122273 1
114912 83836 3
114912 85991 1
114912 85992 1
114912 87125 1
114912 87126 3
114912 87127 2
114912 87128 1
114912 87130 1
114912 87131 1
114912 88789 1
114912 93738 2
114912 114911 2
114912 114913 1
114912 119010 1
114912 119120 3
114912 119250 3
114912 119251 1
114912 119252 2
114912 119253 2
114912 119254 2
114912 119255 3
114912 121673 2
114912 121674 1
114912 121675 3
114912 122209 3
114912 122273 2
114912 127475 1
114913 83836 1
114913 87125 1
114913 87126 1
114913 88789 2
114913 93738 2
114913 97289 1
114913 114911 1
114913 114912 1
114913 119252 2
114913 119253 1
114913 119254 2
114913 119255 1
114913 121673 2
114913 121674 1
114913 121675 2
114913 122209 1
114913 122273 1
119120 83836 2
119120 85991 1
119120 85992 1
119120 87126 2
119120 87127 2
119120 87128 1
119120 87130 1
119120 87131 1
119120 93738 1
119120 114911 1
119120 114912 3
119120 119010 1
119120 119250 2
119120 119251 1
119120 119252 1
119120 119253 1
119120 119254 1
119120 119255 2
119120 121673 1
119120 121674 1
119120 121675 1
119120 122209 1
119120 122273 1
119120 127475 1
119250 83836 3
119250 85992 1
119250 87126 1
119250 87127 1
119250 87131 1
119250 93738 1
119250 114911 1
119250 114912 3
119250 119120 2
119250 119251 1
119250 119252 1
119250 119253 1
119250 119254 1
119250 119255 2
119250 121673 1
119250 121674 1
119250 121675 2
119250 122209 2
119250 122273 2
119250 127475 1
119253 83836 1
119253 85991 1
119253 87125 1
119253 87126 2
119253 87127 2
119253 87131 1
119253 88789 1
119253 93738 2
119253 114911 2
119253 114912 2
119253 114913 1
119253 119120 1
119253 119250 1
119253 119251 1
119253 119252 2
119253 119254 2
119253 119255 2
119253 121673 1
119253 121675 1
119253 122209 2
119253 122273 1
119254 65915 1
119254 73341 1
119254 83836 2
119254 87119 1
119254 87125 2
119254 87126 2
119254 87127 1
119254 87129 1
119254 87131 2
119254 88789 3
119254 93738 4
119254 97289 3
119254 97290 1
119254 114911 3
119254 114912 2
119254 114913 2
119254 119010 1
119254 119120 1
119254 119250 1
119254 119251 1
119254 119252 3
119254 119253 2
119254 119255 2
119254 121673 3
119254 121674 1
119254 121675 2
119254 122209 2
119254 122273 2
121673 83836 2
121673 85992 1
121673 87125 2
121673 87126 1
121673 87129 1
121673 87131 1
121673 88789 2
121673 93738 2
121673 97289 2
121673 97290 1
121673 114911 2
121673 114912 2
121673 114913 2
121673 119120 1
121673 119250 1
121673 119252 2
121673 119253 1
121673 119254 3
121673 119255 2
121673 121674 2
121673 121675 3
121673 122209 1
121673 122273 1
121673 127475 1
121674 83836 2
121674 85992 1
121674 88789 1
121674 93738 1
121674 97289 1
121674 114912 1
121674 114913 1
121674 119120 1
121674 119250 1
121674 119252 1
121674 119254 1
121674 119255 1
121674 121673 2
121674 121675 2
121674 122273 1
121674 127475 1
121675 83836 3
121675 85992 1
121675 87125 1
121675 87126 1
121675 88789 2
121675 93738 2
121675 97289 1
121675 114911 1
121675 114912 3
121675 114913 2
121675 119120 1
121675 119250 2
121675 119252 2
121675 119253 1
121675 119254 2
121675 119255 2
121675 121673 3
121675 121674 2
121675 122209 2
121675 122273 2
121675 127475 1
122209 83836 2
122209 87125 1
122209 87126 2
122209 87127 1
122209 87131 1
122209 88789 1
122209 93738 2
122209 114911 2
122209 114912 3
122209 114913 1
122209 119120 1
122209 119250 2
122209 119251 1
122209 119252 2
122209 119253 2
122209 119254 2
122209 119255 2
122209 121673 1
122209 121675 2
122209 122273 2
127475 83836 1
127475 85992 1
127475 114912 1
127475 119120 1
127475 119250 1
127475 119255 1
127475 121673 1
127475 121674 1
127475 121675 1
66169 93130 1
66169 96223 1
96223 66169 1
96223 85386 1
96223 93130 1
96223 110549 1
96223 115972 1
82818 23825 1
82818 57471 1
82818 59671 1
82818 86879 1
82818 95093 1
82818 95094 1
82818 111533 1
82818 114623 1
82818 115199 1
86879 81209 1
86879 82818 1
86879 93059 1
86879 95093 1
86879 95094 2
86879 111533 1
86879 114623 1
86879 115064 1
86879 115199 1
101218 95093 1
101218 95094 1
101218 102008 1
101218 114586 1
102008 68179 1
102008 76780 1
102008 84536 1
102008 95093 1
102008 95094 1
102008 101218 1
102008 103621 1
102008 114586 1
102008 116219 1
111533 55634 1
111533 60654 1
111533 61526 1
111533 82818 1
111533 85114 1
111533 86879 1
111533 95093 1
111533 95094 1
111533 95096 1
111533 100993 1
111533 100994 1
111533 102935 1
111533 103865 1
111533 114079 1
111533 114623 1
111533 115062 1
111533 115199 1
111533 119513 1
114586 92928 1
114586 95093 1
114586 95094 1
114586 101218 1
114586 102008 1
114586 114623 1
114586 125919 1
114623 62989 1
114623 69997 1
114623 82818 1
114623 86879 1
114623 87453 1
114623 92928 1
114623 95093 1
114623 95094 1
114623 99102 1
114623 111533 1
114623 114577 1
114623 114586 1
114623 115199 1
114623 125176 1
114623 125919 1
115199 80510 1
115199 82818 1
115199 86879 1
115199 92914 1
115199 94923 1
115199 95093 1
115199 95094 1
115199 109945 1
115199 111533 1
115199 114623 1
81209 86879 1
81209 93059 1
81209 95094 1
81209 115064 1
87005 95094 1
87005 111170 1
93059 81209 1
93059 86879 1
93059 95094 1
93059 115064 1
109945 51792 1
109945 51809 1
109945 79812 1
109945 92914 1
109945 95094 1
109945 115199 1
111170 87005 1
111170 95094 1
111170 98362 1
111170 117374 1
115064 81209 1
115064 86879 1
115064 91560 1
115064 93059 1
115064 95094 1
45272 48981 1
45272 50542 1
45272 52584 1
45272 55137 2
45272 55692 1
45272 71555 1
45272 102935 1
48981 35110 1
48981 45272 1
48981 52584 1
48981 55137 1
48981 55692 1
48981 71555 1
48981 102935 1
52584 45272 1
52584 48981 1
52584 55137 1
52584 55692 1
52584 71555 1
52584 102935 1
55137 45272 2
55137 48981 1
55137 52584 1
55137 55692 1
55137 60555 1
55137 71555 1
55137 102935 1
55634 60654 1
55634 61526 1
55634 85114 1
55634 95096 1
55634 97890 1
55634 100332 1
55634 100994 1
55634 102935 1
55634 103865 1
55634 111533 1
55634 113279 1
55634 114079 1
55634 115062 1
55634 116834 1
55634 119513 1
55692 24312 1
55692 30625 1
55692 45272 1
55692 48981 1
55692 52584 1
55692 55137 1
55692 63284 1
55692 67222 1
55692 70013 1
55692 70014 1
55692 70015 1
55692 71446 1
55692 71555 1
55692 73076 1
55692 102935 1
60654 55634 1
60654 61526 1
60654 85114 1
60654 93093 1
60654 95096 1
60654 100994 1
60654 102935 1
60654 103865 1
60654 111533 1
60654 114079 1
60654 115062 1
60654 119513 1
61526 55634 1
61526 60654 1
61526 85114 1
61526 95096 1
61526 100994 1
61526 102935 1
61526 103865 1
61526 111533 1
61526 114079 1
61526 115062 1
61526 119513 1
71555 45272 1
71555 48981 1
71555 52584 1
71555 55137 1
71555 55692 1
71555 63286 1
71555 102935 1
73158 82516 1
73158 83088 1
73158 101308 1
73158 102935 1
73158 103109 1
73158 109862 2
73158 118742 1
73158 127573 1
82516 73158 1
82516 83088 1
82516 101308 1
82516 102935 1
82516 103109 1
82516 109862 1
82516 118742 1
83088 51559 1
83088 73158 1
83088 80794 1
83088 82516 1
83088 101308 1
83088 102935 1
83088 103109 1
83088 109862 1
83088 118742 1
85114 55634 1
85114 60654 1
85114 61526 1
85114 71454 1
85114 92296 1
85114 95096 1
85114 100994 1
85114 102935 1
85114 103865 1
85114 109647 2
85114 111533 1
85114 112812 1
85114 114079 1
85114 115062 1
85114 119513 1
95096 55634 1
95096 60654 1
95096 61526 1
95096 65915 1
95096 70534 1
95096 71454 1
95096 83202 1
95096 85114 1
95096 92296 2
95096 95103 1
95096 100994 1
95096 102935 1
95096 103865 1
95096 107255 1
95096 111533 1
95096 114079 1
95096 114080 1
95096 115062 1
95096 116152 1
95096 119513 1
98865 100360 1
98865 102935 1
98865 102936 1
100994 55634 1
100994 60654 1
100994 61526 1
100994 85114 1
100994 86974 1
100994 95096 1
100994 102935 1
100994 103865 1
100994 109657 1
100994 111533 1
100994 114079 1
100994 115062 1
100994 119513 1
101308 73158 1
101308 82516 1
101308 83088 1
101308 102935 1
101308 103109 1
101308 109862 1
101308 118742 1
102936 59053 1
102936 91857 1
102936 98865 1
102936 100360 1
102936 102935 1
103109 73158 1
103109 82516 1
103109 83088 1
103109 101308 1
103109 102935 1
103109 109862 1
103109 116183 1
103109 118742 1
103865 55634 1
103865 60654 1
103865 61526 1
103865 85114 1
103865 95096 1
103865 100994 1
103865 102935 1
103865 111533 1
103865 114079 1
103865 115062 1
103865 119513 1
109862 73158 2
109862 76191 1
109862 82516 1
109862 83088 1
109862 95095 1
109862 101308 1
109862 102935 1
109862 103109 1
109862 118742 1
114079 48219 1
114079 55634 1
114079 60654 1
114079 61526 1
114079 64444 1
114079 85114 1
114079 95096 1
114079 100994 1
114079 102935 1
114079 103690 1
114079 103865 1
114079 111531 1
114079 111533 1
114079 114078 1
114079 114080 1
114079 115062 1
114079 116316 1
114079 118689 1
114079 119513 1
115062 55634 1
115062 60654 1
115062 61526 1
115062 85114 1
115062 95096 1
115062 100518 1
115062 100994 1
115062 102935 1
115062 103865 1
115062 106613 1
115062 111533 1
115062 114079 1
115062 119513 1
118742 73158 1
118742 82516 1
118742 83088 1
118742 101308 1
118742 102935 1
118742 103109 1
118742 109862 1
118742 114238 1
119513 55634 1
119513 60654 1
119513 61526 1
119513 85114 1
119513 95096 1
119513 100667 1
119513 100994 1
119513 102935 1
119513 103865 1
119513 104397 1
119513 111533 1
119513 114079 1
119513 115062 1
46925 107255 1
70434 55341 1
70434 101293 1
70434 107253 1
70434 107255 1
70434 121195 1
70534 65915 1
70534 92296 1
70534 95096 1
70534 95103 1
70534 107255 1
70534 115966 1
70534 116152 1
94065 62984 1
94065 76249 1
94065 95103 1
94065 101107 1
94065 107255 1
94065 109657 1
95095 76191 1
95095 107255 1
95095 109862 1
95095 115377 1
95103 65915 1
95103 70534 1
95103 87133 1
95103 92296 1
95103 94065 1
95103 95096 1
95103 100332 1
95103 107255 1
95103 116152 1
99099 107255 1
107253 55341 1
107253 70434 1
107253 86874 1
107253 95656 1
107253 107255 1
107253 121195 2
115524 107255 1
115524 110549 1
115524 127573 1
121195 55341 1
121195 70434 1
121195 71454 1
121195 86974 1
121195 87521 1
121195 106833 1
121195 107253 2
121195 107255 1
121195 118682 1
127573 73158 1
127573 103622 1
127573 107255 1
127573 110549 1
127573 115524 1
38633 55380 1
38633 62216 1
38633 62988 1
38633 96099 1
38633 106953 1
38633 106954 1
38633 108548 1
38633 118682 1
55380 38633 1
55380 62216 1
55380 62988 1
55380 96099 1
55380 106953 3
55380 106954 3
55380 108548 1
55380 118682 1
65425 100989 2
65425 104397 1
65425 106966 1
65425 108548 1
65425 109445 1
65425 117965 1
96099 38633 1
96099 55380 1
96099 62216 1
96099 62988 1
96099 106953 1
96099 106954 1
96099 108548 1
96099 118682 1
100989 65425 2
100989 79423 1
100989 106966 1
100989 108548 1
100989 109445 1
100989 117965 1
106953 38633 1
106953 55380 3
106953 62216 1
106953 62988 1
106953 96099 1
106953 106954 3
106953 108548 1
106953 118682 1
106954 38633 1
106954 55380 3
106954 62216 1
106954 62988 1
106954 96099 1
106954 106953 3
106954 108548 1
106954 118682 1
106966 65425 1
106966 100989 1
106966 103621 1
106966 106833 1
106966 108548 1
106966 109445 1
106966 113279 1
106966 117965 1
109445 65425 1
109445 100989 1
109445 106966 1
109445 108548 1
109445 117965 1
117965 53594 1
117965 65425 1
117965 74298 1
117965 100518 1
117965 100989 1
117965 101290 1
117965 101293 1
117965 106966 1
117965 108548 1
117965 109445 1
117965 113487 1
117965 115679 1
117965 117374 1
48219 64444 1
48219 114078 1
48219 114079 1
48219 114080 1
48219 116316 1
48219 118689 1
63276 68179 1
63276 108303 1
63276 114080 1
63276 116906 1
63276 117329 1
64444 48219 1
64444 68922 1
64444 114078 1
64444 114079 1
64444 114080 1
64444 116316 1
64444 118689 1
68179 63276 1
68179 102008 1
68179 108303 1
68179 109849 1
68179 114080 1
68179 116906 1
68179 117329 3
87486 70539 1
87486 114080 1
99708 68922 1
99708 73630 1
99708 109848 1
99708 109849 1
99708 114080 1
108303 63276 1
108303 68179 1
108303 114080 1
108303 116906 1
108303 117329 1
114078 48219 1
114078 64444 1
114078 114079 1
114078 114080 1
114078 116316 1
114078 118689 1
116316 48219 1
116316 64444 1
116316 114078 1
116316 114079 1
116316 114080 1
116316 118689 1
116906 63276 1
116906 68179 1
116906 108303 1
116906 114080 1
116906 117329 1
117329 63276 1
117329 68179 3
117329 108303 1
117329 109849 1
117329 114080 1
117329 116906 1
118689 48219 1
118689 64444 1
118689 111527 1
118689 114078 1
118689 114079 1
118689 114080 1
118689 116316 1
51559 82521 1
51559 83088 1
51559 110095 1
51559 111525 1
51559 115531 1
51559 116889 1
62761 69187 1
62761 86454 1
62761 89928 1
62761 91807 1
62761 97877 1
62761 97879 1
62761 98244 1
62761 100090 1
62761 115531 1
62761 117701 1
69187 62761 1
69187 86454 2
69187 89928 1
69187 91807 1
69187 97877 1
69187 97879 1
69187 98244 1
69187 100090 1
69187 115531 1
69187 117701 1
82521 51559 1
82521 110095 1
82521 111525 1
82521 115531 1
82521 116889 1
82521 118119 1
86454 62761 1
86454 69187 2
86454 89928 1
86454 91807 1
86454 97877 1
86454 97879 1
86454 98244 1
86454 100090 1
86454 112785 1
86454 115531 1
86454 117701 1
89928 62761 1
89928 69187 1
89928 86454 1
89928 91807 1
89928 97877 1
89928 97879 1
89928 98244 1
89928 100090 1
89928 115531 1
89928 117701 1
91807 62761 1
91807 69187 1
91807 86454 1
91807 89928 1
91807 97877 1
91807 97879 1
91807 98244 1
91807 100090 1
91807 115531 1
91807 117701 1
97877 19503 1
97877 62761 1
97877 69187 1
97877 70177 1
97877 76307 1
97877 86454 1
97877 89928 1
97877 91807 1
97877 97879 1
97877 98244 1
97877 100090 3
97877 115531 1
97877 117701 1
97877 120906 1
97879 62761 1
97879 69187 1
97879 81059 1
97879 86454 1
97879 89928 1
97879 91807 1
97879 97877 1
97879 98244 1
97879 100090 1
97879 115531 1
97879 117701 1
98244 62761 1
98244 69187 1
98244 76109 1
98244 83202 1
98244 86454 1
98244 89928 1
98244 91807 1
98244 97877 1
98244 97879 1
98244 100090 1
98244 115531 1
98244 117701 2
100090 62761 1
100090 69187 1
100090 86042 1
100090 86454 1
100090 89928 1
100090 91807 1
100090 97877 3
100090 97879 1
100090 98244 1
100090 115531 1
100090 117701 1
100090 121002 1
110095 51559 1
110095 82521 1
110095 111525 1
110095 115531 1
110095 116889 1
111525 51559 1
111525 62989 1
111525 77981 1
111525 82521 1
111525 86457 1
111525 98867 1
111525 110095 1
111525 115531 1
111525 115679 1
111525 116889 1
116889 51559 1
116889 71252 1
116889 82521 1
116889 100667 1
116889 108405 1
116889 108406 1
116889 110095 1
116889 111525 1
116889 115531 1
117701 62761 1
117701 69187 1
117701 76109 1
117701 86454 1
117701 89928 1
117701 91807 1
117701 97877 1
117701 97879 1
117701 98244 2
117701 99102 2
117701 100090 1
117701 115531 1
60650 57975 1
60650 73275 1
60650 79373 1
60650 88303 1
60650 88304 1
60650 90476 1
60650 91560 1
60650 117374 1
74298 87521 1
74298 100518 1
74298 101290 1
74298 101293 1
74298 113487 1
74298 115679 1
74298 117374 1
74298 117965 1
76780 74359 1
76780 76781 2
76780 84536 1
76780 95414 1
76780 102008 1
76780 103621 1
76780 107019 1
76780 114816 1
76780 116219 1
76780 117374 1
76780 121013 1
76780 122237 1
76781 61128 1
76781 74359 1
76781 76780 2
76781 83202 1
76781 95414 1
76781 107019 1
76781 114816 1
76781 115966 1
76781 117374 1
76781 122237 1
79373 60650 1
79373 75033 1
79373 88303 1
79373 88304 1
79373 90476 1
79373 91560 2
79373 95253 1
79373 117374 1
79423 84182 1
79423 98249 1
79423 100989 1
79423 117374 1
81830 57727 1
81830 99102 1
81830 100332 1
81830 106833 1
81830 117135 1
81830 117374 1
81830 122237 1
82402 55346 1
82402 65581 1
82402 78131 1
82402 94923 1
82402 116219 1
82402 117374 1
84182 79163 1
84182 79423 1
84182 98249 1
84182 117374 1
88303 60650 1
88303 79373 1
88303 88304 1
88303 90476 1
88303 91560 1
88303 112217 1
88303 117374 1
88304 30248 1
88304 60650 1
88304 79373 1
88304 84536 2
88304 88303 1
88304 90476 1
88304 91560 1
88304 117374 1
90476 60650 1
90476 64146 1
90476 68745 1
90476 73337 1
90476 74985 1
90476 77375 1
90476 79373 1
90476 84536 1
90476 88303 1
90476 88304 1
90476 91560 1
90476 95441 1
90476 117374 1
91560 60650 1
91560 76464 1
91560 77322 1
91560 79373 2
91560 85595 1
91560 88303 1
91560 88304 1
91560 90476 1
91560 115064 1
91560 117374 1
93437 62991 1
93437 62993 1
93437 93090 1
93437 117374 1
93437 122237 1
98249 79423 1
98249 84182 1
98249 117374 1
98362 111170 1
98362 117374 1
100332 55634 1
100332 77442 1
100332 81830 1
100332 87133 1
100332 95103 1
100332 106833 1
100332 113279 1
100332 117135 1
100332 117374 1
100332 117692 1
100332 122237 1
100518 74298 1
100518 101290 1
100518 101293 1
100518 106833 1
100518 113487 1
100518 115062 1
100518 115679 1
100518 116219 1
100518 117135 1
100518 117374 1
100518 117965 1
101290 62184 1
101290 66998 1
101290 74298 1
101290 100518 1
101290 101293 4
101290 102104 1
101290 113487 1
101290 115679 1
101290 117374 1
101290 117965 1
106833 71454 1
106833 81830 1
106833 87521 1
106833 99102 1
106833 100332 1
106833 100518 1
106833 106966 1
106833 112785 1
106833 113487 1
106833 116219 1
106833 117135 2
106833 117374 1
106833 117692 1
106833 121195 1
106833 122237 1
107019 76780 1
107019 76781 1
107019 117374 1
107019 122237 1
113487 74298 1
113487 100518 1
113487 101290 1
113487 101293 1
113487 106833 1
113487 115679 2
113487 117374 1
113487 117965 1
114661 117374 1
115679 74298 1
115679 86457 1
115679 95105 1
115679 100518 1
115679 101290 1
115679 101293 1
115679 103620 1
115679 111525 1
115679 113487 2
115679 117374 1
115679 117965 1
116219 62987 1
116219 76780 1
116219 82402 1
116219 84536 1
116219 96085 1
116219 100518 1
116219 102008 1
116219 103621 2
116219 106833 1
116219 117135 1
116219 117374 1
122237 76780 1
122237 76781 1
122237 81830 1
122237 93437 1
122237 100332 1
122237 106833 1
122237 107019 1
122237 117135 1
122237 117374 5
97206 99710 1
97206 104535 1
97206 113279 1
97206 118637 1
97206 118698 1
103787 94526 1
103787 97305 1
103787 109865 1
103787 118698 1
104535 97206 1
104535 113279 1
104535 118637 1
104535 118698 1
109848 68922 1
109848 73630 1
109848 99708 1
109848 109849 1
109848 118698 1
109865 103787 1
109865 106604 6
109865 110873 1
109865 115142 2
109865 118698 1
111527 60452 1
111527 85032 1
111527 118689 1
111527 118698 1
113279 55634 1
113279 97206 1
113279 100332 1
113279 103621 1
113279 104535 1
113279 106966 1
113279 118637 1
113279 118698 1
116551 116550 1
116551 118698 1
118637 97206 1
118637 104535 1
118637 113279 1
118637 115984 1
118637 118698 1
87119 65915 1
87119 88789 1
87119 93738 1
87119 97289 1
87119 100995 1
87119 114911 2
87119 119010 1
87119 119254 1
54690 87129 1
54690 87130 1
54690 100487 1
54690 119255 1
87125 87126 1
87125 87129 1
87125 87131 1
87125 88789 2
87125 93738 1
87125 97289 1
87125 97290 1
87125 114911 1
87125 114912 1
87125 114913 1
87125 119252 1
87125 119253 1
87125 119254 2
87125 119255 1
87125 121673 2
87125 121675 1
87125 122209 1
108594 126468 1
71454 83202 1
71454 85114 1
71454 87521 1
71454 92296 2
71454 95096 1
71454 106833 1
71454 109647 1
71454 112812 1
71454 121195 1
76037 65915 1
76037 73337 1
76037 78131 1
76037 92296 1
76037 104397 1
83202 67872 1
83202 71454 1
83202 76781 1
83202 92296 1
83202 95096 1
83202 98244 1
83202 102277 1
83202 115966 1
102104 55684 1
102104 57725 1
102104 92296 1
102104 101290 1
102104 101293 1
109647 71454 1
109647 85114 2
109647 86974 1
109647 92296 1
109647 102277 1
109647 112812 1
112812 71454 1
112812 85114 1
112812 92296 1
112812 109647 1
54887 59053 1
54887 118682 1
59053 54887 1
59053 55341 1
59053 91857 1
59053 102936 1
59053 118682 1
61125 62810 1
61125 74162 1
61125 76191 1
61125 77318 1
61125 87007 1
61125 95100 1
61125 103620 1
61125 103621 1
61125 103622 1
61125 104397 1
61125 105224 1
61125 115513 1
61125 116662 1
61125 118682 1
62810 61125 1
62810 74162 1
62810 76191 1
62810 77318 1
62810 87007 3
62810 91857 1
62810 95100 1
62810 103620 1
62810 103621 1
62810 103622 1
62810 104397 1
62810 105224 2
62810 109644 1
62810 109645 1
62810 115513 1
62810 116662 1
62810 117608 1
62810 118682 1
74162 61125 1
74162 62810 1
74162 76191 1
74162 77318 1
74162 87007 1
74162 95100 1
74162 103620 1
74162 103621 1
74162 103622 1
74162 104397 1
74162 105224 1
74162 115513 1
74162 116662 1
74162 118682 1
76191 61125 1
76191 62810 1
76191 74162 1
76191 77318 1
76191 87007 1
76191 95095 1
76191 95100 1
76191 103620 1
76191 103621 1
76191 103622 1
76191 104397 1
76191 105224 1
76191 109862 1
76191 115513 1
76191 116548 1
76191 116662 1
76191 118682 1
77318 61125 1
77318 62810 1
77318 74162 1
77318 76191 1
77318 87007 1
77318 95100 1
77318 103620 1
77318 103621 1
77318 103622 1
77318 104397 1
77318 105224 1
77318 115513 1
77318 116662 1
77318 118682 1
87007 44919 1
87007 61125 1
87007 62810 3
87007 74162 1
87007 76191 1
87007 77318 1
87007 83006 1
87007 95100 1
87007 103620 1
87007 103621 1
87007 103622 1
87007 104397 1
87007 105224 2
87007 115513 1
87007 116662 1
87007 117987 1
87007 118682 1
87521 55382 1
87521 57474 1
87521 71454 1
87521 74298 1
87521 83505 1
87521 83507 1
87521 83509 1
87521 83510 1
87521 92927 1
87521 106833 1
87521 115550 1
87521 118682 1
87521 118683 1
87521 121195 1
95100 61125 1
95100 62810 1
95100 74162 1
95100 76191 1
95100 77318 1
95100 87007 1
95100 98240 1
95100 103620 1
95100 103621 1
95100 103622 1
95100 104397 1
95100 105224 1
95100 115513 1
95100 116662 1
95100 118682 1
103620 61125 1
103620 62810 1
103620 74162 1
103620 76191 1
103620 77318 1
103620 87007 1
103620 95100 1
103620 103621 2
103620 103622 2
103620 104397 1
103620 105224 1
103620 115513 1
103620 115679 1
103620 116662 2
103620 118682 1
103621 61125 1
103621 62810 1
103621 62987 1
103621 74162 1
103621 76191 1
103621 76780 1
103621 77318 1
103621 84536 1
103621 87007 1
103621 95100 1
103621 102008 1
103621 103620 2
103621 103622 3
103621 104397 1
103621 105224 1
103621 106966 1
103621 113279 1
103621 115513 1
103621 116219 2
103621 116662 2
103621 117549 1
103621 118682 1
103622 61125 1
103622 62810 1
103622 74162 1
103622 76191 1
103622 77318 1
103622 87007 1
103622 95100 1
103622 103620 2
103622 103621 3
103622 104397 1
103622 105224 1
103622 115513 1
103622 116662 2
103622 118682 1
103622 127573 1
104397 61125 1
104397 62810 1
104397 65425 1
104397 65915 1
104397 74162 1
104397 76037 1
104397 76191 1
104397 77318 1
104397 87007 1
104397 95100 1
104397 97274 1
104397 102870 1
104397 103620 1
104397 103621 1
104397 103622 1
104397 105224 1
104397 115513 1
104397 116662 1
104397 117411 1
104397 118682 1
104397 119513 1
105224 61125 1
105224 62810 2
105224 74162 1
105224 76191 1
105224 77318 1
105224 87007 2
105224 95100 1
105224 103620 1
105224 103621 1
105224 103622 1
105224 104397 1
105224 115513 1
105224 116662 1
105224 118682 1
115009 115010 1
115009 118682 1
115513 61125 1
115513 62810 1
115513 74162 1
115513 76191 1
115513 77318 1
115513 87007 1
115513 95100 1
115513 103620 1
115513 103621 1
115513 103622 1
115513 103871 1
115513 104397 1
115513 105224 1
115513 111274 1
115513 116662 1
115513 118682 1
115966 70534 1
115966 76781 1
115966 83202 1
115966 118682 1
116662 61125 1
116662 62810 1
116662 74162 1
116662 76191 1
116662 77318 1
116662 87007 1
116662 95100 1
116662 103620 2
116662 103621 2
116662 103622 2
116662 104397 1
116662 105224 1
116662 115513 1
116662 118682 1
117801 84793 1
117801 118682 1
118683 87521 1
118683 118682 1
55728 30624 1
55728 73332 1
73332 30624 1
73332 55728 1
57994 43561 1
57994 51082 1
68744 43561 1
79304 35533 1
83229 35533 1
20027 22036 1
24269 39386 1
24269 52479 1
24269 52482 1
24269 59436 1
24269 61851 1
24269 79219 1
39386 24269 1
39386 52479 1
39386 52482 1
39386 59436 1
39386 61851 1
39386 79219 1
52482 24269 1
52482 39386 1
52482 52479 1
52482 59436 1
52482 61851 1
52482 79219 1
59436 24269 1
59436 39386 1
59436 52479 1
59436 52482 1
59436 61851 1
59436 79219 1
61851 24269 1
61851 39386 1
61851 52479 1
61851 52482 1
61851 59436 1
61851 79219 1
32984 35905 1
32984 45140 1
32984 59354 1
32984 59356 1
32984 60663 1
35905 32984 1
35905 45140 1
35905 59354 1
35905 59356 1
35905 60663 1
45140 32984 1
45140 35905 1
45140 59354 1
45140 59356 1
45140 60663 1
59354 32984 1
59354 35905 1
59354 45140 1
59354 59356 1
59354 60663 1
60663 32984 1
60663 35905 1
60663 45140 1
60663 59354 1
60663 59356 1
31929 20025 1
31929 49381 1
31929 61848 1
32843 61848 1
49381 31929 1
49381 61848 1
73304 73305 1
96001 76772 1
96001 127138 1
122741 73337 1
122741 77981 1
122741 86751 1
48379 55341 1
48379 55729 1
55729 48379 1
55729 55341 1
60676 70543 1
60676 73337 1
64146 68745 1
64146 73337 1
64146 77375 1
64146 90476 1
64146 95441 1
68745 64146 1
68745 73337 1
68745 77375 1
68745 79314 1
68745 90476 1
68745 95441 1
70543 60676 1
70543 73337 1
72956 72957 2
72956 73337 1
72956 79311 1
72956 79314 1
72957 72956 2
72957 73337 1
77375 64146 1
77375 68745 1
77375 73337 1
77375 90476 1
77375 95441 1
79311 72956 1
79311 73337 1
79311 79314 1
79314 68745 1
79314 72956 1
79314 73337 1
79314 79311 1
76069 79812 1
76069 89648 1
76069 89649 1
76069 122643 1
89648 76069 1
89648 79812 1
89648 89649 1
89649 76069 1
89649 79812 1
89649 89648 1
79733 79734 2
79733 80132 1
79734 79733 2
79734 80132 1
81459 92878 1
87124 93090 1
96255 93090 1
96255 108264 1
108264 93090 1
108264 96255 1
104943 93093 1
90353 95441 1
112782 86042 1
112782 116213 1
116776 116326 1
81699 95376 1
81699 122643 1
95376 81699 1
95376 122643 1
50497 63383 1
57788 71826 1
65581 78131 1
65581 82402 1
60454 81826 1
60454 83089 1
60454 93972 1
60454 97274 1
83089 60454 1
83089 81826 1
83089 93972 1
83089 97274 1
93972 60454 1
93972 81826 1
93972 83089 1
93972 97274 1
97274 60454 1
97274 81826 1
97274 83089 1
97274 93972 1
97274 101699 1
97274 104397 1
76460 92117 1
91341 98867 1
91341 120730 1
55378 109657 1
69647 77981 1
69647 90342 1
72012 77981 1
72012 87133 1
87133 72012 1
87133 77981 1
87133 95103 1
87133 100332 1
90342 69647 1
90342 77981 1
55382 57474 1
55382 73630 1
55382 87521 1
55382 92927 1
57474 55382 1
57474 87521 1
57474 92927 1
68922 64444 1
68922 73630 1
68922 92927 1
68922 99708 1
68922 109848 1
68922 109849 1
105112 94840 1
90017 90018 1
90017 95108 1
90018 90017 1
90018 95108 1
117615 95108 1
30248 84536 1
30248 88304 1
91855 91857 1
124878 59193 1
124878 109644 1
124878 109645 1
33733 33735 1
33733 60612 1
33733 62980 1
33733 73616 1
33735 33733 1
33735 60612 1
33735 62980 1
33735 73616 1
57445 62980 1
60612 33733 1
60612 33735 1
60612 62980 1
60612 73616 1
73616 33733 1
73616 33735 1
73616 60612 1
73616 62980 1
63425 62984 1
63425 79453 1
79453 62984 1
79453 63425 1
86874 62987 1
86874 95656 1
86874 107253 1
69572 62991 1
69572 62993 1
87453 69997 1
87453 114577 1
87453 114623 1
114577 69997 1
114577 87453 1
114577 114623 1
76107 85032 1
116761 85032 1
117007 99102 1
96713 117135 1
102652 117135 1
52983 54559 1
52983 58960 1
52983 92913 1
54559 52983 1
54559 58960 1
54559 92913 1
60370 91598 1
30737 92913 1
47232 92914 1
127158 92914 1
72126 103231 1
83505 83507 1
83505 83509 1
83505 83510 1
83505 87521 1
83505 115550 1
83507 83505 1
83507 83509 1
83507 83510 1
83507 87521 1
83507 115550 1
83509 83505 1
83509 83507 1
83509 83510 1
83509 87521 1
83509 115550 1
83510 83505 1
83510 83507 1
83510 83509 1
83510 87521 1
83510 115550 1
46969 46970 1
100487 54690 1
100487 80755 1
100487 101293 1
60474 96085 1
60474 125175 1
119198 96085 1
125175 60474 1
125175 92928 1
125175 96085 1
50814 55395 1
50814 79915 1
50814 95834 1
50814 100978 1
50814 103119 1
55395 50814 1
55395 79915 1
55395 95834 1
55395 100978 1
55395 103119 1
79915 50814 1
79915 55395 1
79915 95834 1
79915 100978 1
79915 103119 1
95834 50814 1
95834 55395 1
95834 79915 1
95834 100978 1
95834 103119 1
103119 50814 1
103119 55395 1
103119 79915 1
103119 95834 1
103119 100978 1
115983 115984 1
73341 119254 1
85386 96223 1
85386 115972 1
115972 85386 1
115972 96223 1
23825 57471 1
23825 59671 1
23825 82818 1
57471 23825 1
57471 59671 1
57471 82818 1
59671 23825 1
59671 57471 1
59671 82818 1
100993 111533 1
92928 114586 1
92928 114623 1
92928 125175 1
92928 125919 1
125919 92928 1
125919 114586 1
125919 114623 1
80510 94923 1
80510 115199 1
94923 55346 1
94923 80510 1
94923 82402 1
94923 115199 1
51792 51809 2
51792 109945 1
51809 51792 2
51809 109945 1
60555 55137 1
97890 55634 1
24312 30625 1
24312 55692 1
24312 63284 1
24312 67222 1
24312 70013 1
24312 70014 1
24312 70015 1
24312 71446 1
30625 24312 1
30625 55692 1
30625 63284 1
30625 67222 1
30625 70013 1
30625 70014 1
30625 70015 1
30625 71446 1
63284 24312 1
63284 30625 1
63284 55692 1
63284 67222 1
63284 70013 1
63284 70014 1
63284 70015 1
63284 71446 1
67222 24312 1
67222 30625 1
67222 55692 1
67222 63284 1
67222 70013 1
67222 70014 1
67222 70015 1
67222 71446 1
70013 24312 1
70013 30625 1
70013 55692 1
70013 63284 1
70013 67222 1
70013 70014 1
70013 70015 1
70013 71446 1
70014 24312 1
70014 30625 1
70014 55692 1
70014 63284 1
70014 67222 1
70014 70013 1
70014 70015 1
70014 71446 1
70015 24312 1
70015 30625 1
70015 55692 1
70015 63284 1
70015 67222 1
70015 70013 1
70015 70014 1
70015 71446 1
71446 24312 1
71446 30625 1
71446 55692 1
71446 63284 1
71446 67222 1
71446 70013 1
71446 70014 1
71446 70015 1
73076 55692 1
63286 71555 1
80794 83088 1
116183 103109 1
103690 111531 1
103690 114079 1
111531 103690 1
111531 114079 1
106613 115062 1
114238 118742 1
100667 116889 1
100667 119513 1
95656 86874 1
95656 107253 1
53594 117965 1
109849 68179 1
109849 68922 1
109849 73630 1
109849 99708 1
109849 109848 1
109849 117329 1
70539 87486 1
73630 55382 1
73630 68922 1
73630 99708 1
73630 109848 1
73630 109849 1
118119 82521 1
19503 76307 1
19503 97877 1
19503 120906 1
70177 97877 1
76307 19503 1
76307 97877 1
76307 120906 1
120906 19503 1
120906 67424 1
120906 67573 1
120906 76307 1
120906 97877 1
81059 97879 1
76109 98244 1
76109 117701 1
86042 100090 1
86042 112782 1
121002 100090 1
86457 111525 1
86457 115679 1
71252 116889 1
73275 60650 1
74359 76780 1
74359 76781 1
74359 95414 1
74359 114816 1
95414 74359 1
95414 76780 1
95414 76781 1
95414 114816 1
114816 74359 1
114816 76780 1
114816 76781 1
114816 95414 1
121013 76780 1
75033 79373 1
75033 95253 1
95253 75033 1
95253 79373 1
55346 82402 1
55346 94923 1
79163 84182 1
76464 77322 1
76464 91560 1
77322 76464 1
77322 91560 1
85595 91560 1
77442 100332 1
117692 100332 1
117692 106833 1
62184 66998 1
62184 101290 1
66998 62184 1
66998 101290 1
95105 115679 1
99710 97206 1
94526 103787 1
97305 103787 1
106604 109865 6
106604 110873 1
106604 115142 2
110873 106604 1
110873 109865 1
115142 106604 2
115142 109865 2
60452 111527 1
116550 116551 1
100995 87119 1
67872 83202 1
55684 57725 1
55684 102104 1
57725 55684 1
57725 102104 1
117608 62810 1
116548 76191 1
83006 87007 1
83006 117987 1
117987 83006 1
117987 87007 1
98240 95100 1
117549 103621 1
117411 104397 1
115010 115009 1
103871 115513 1
111274 115513 1
101699 97274 1
67424 67573 1
67424 120906 1
67573 67424 1
67573 120906 1
127138 96001 1
20025 31929 1
