122546 122547 1
122547 111021 1
122547 118670 1
122547 119950 1
122547 122546 1
111021 111022 1
111021 118255 1
111021 119397 1
111021 120970 1
111021 122547 1
118670 113605 1
118670 118515 1
118670 118669 1
118670 118755 1
118670 119805 1
118670 119950 1
118670 120458 1
118670 122547 1
118670 124927 1
119950 83501 1
119950 100784 1
119950 108717 1
119950 108735 1
119950 112208 1
119950 118670 1
119950 118805 1
119950 118808 3
119950 118810 1
119950 118812 1
119950 119949 2
119950 121838 1
119950 121929 1
119950 122547 1
119950 122629 1
111022 111021 1
111022 118255 1
111022 119397 1
111022 120970 1
111022 125086 1
111022 125095 1
118255 52767 1
118255 108289 1
118255 111021 1
118255 111022 1
118255 111770 1
118255 112706 1
118255 112707 1
118255 112891 1
118255 115610 1
118255 116746 1
118255 116750 1
118255 116752 1
118255 118142 2
118255 118146 1
118255 119397 1
118255 120015 1
118255 120036 1
118255 120585 1
118255 120628 1
118255 120957 1
118255 120970 1
118255 127031 1
119397 95294 1
119397 100579 1
119397 111021 1
119397 111022 1
119397 118255 1
119397 119395 1
119397 119398 2
119397 120970 1
120970 102693 1
120970 102695 1
120970 102696 1
120970 105731 1
120970 110422 1
120970 111021 1
120970 111022 1
120970 111787 1
120970 116748 1
120970 116749 1
120970 118255 1
120970 118745 3
120970 118749 2
120970 118751 1
120970 118757 1
120970 118758 1
120970 118759 1
120970 118760 1
120970 118805 1
120970 118866 1
120970 118867 1
120970 118868 1
120970 119397 1
120970 120026 1
120970 120077 1
120970 120253 2
120970 120458 1
120970 120968 1
120970 120969 1
120970 122723 1
120970 124925 1
120970 126118 1
113605 105731 1
113605 111797 1
113605 113558 1
113605 113563 1
113605 113604 1
113605 113897 1
113605 117515 1
113605 118238 1
113605 118515 1
113605 118669 1
113605 118670 1
113605 118745 1
113605 118748 1
113605 118749 1
113605 118750 1
113605 118751 1
113605 118752 1
113605 118753 1
113605 118754 1
113605 118755 2
113605 118756 1
113605 119805 1
113605 120026 1
113605 120253 1
113605 120458 1
113605 121277 2
113605 124922 1
113605 124927 1
113605 124981 1
113605 125614 1
113605 126501 2
118515 102176 1
118515 102693 1
118515 111760 1
118515 113605 1
118515 113897 1
118515 116395 1
118515 117515 1
118515 118148 1
118515 118669 1
118515 118670 1
118515 118749 1
118515 118755 1
118515 119794 1
118515 119805 1
118515 120457 1
118515 120458 2
118515 120628 1
118515 124927 1
118515 125067 1
118515 125069 1
118669 113605 1
118669 118515 1
118669 118670 1
118669 118755 1
118669 119805 1
118669 120458 1
118669 124927 1
118755 113605 2
118755 113897 1
118755 117515 1
118755 118515 1
118755 118669 1
118755 118670 1
118755 118745 1
118755 118748 1
118755 118749 1
118755 118750 1
118755 118751 1
118755 118752 1
118755 118753 1
118755 118754 1
118755 118756 1
118755 119805 1
118755 120458 1
118755 121277 1
118755 124922 1
118755 124927 1
118755 124981 1
119805 39030 1
119805 81522 1
119805 99860 1
119805 99914 1
119805 103020 1
119805 104644 1
119805 111786 1
119805 112047 1
119805 112048 1
119805 112049 1
119805 112050 1
119805 112051 1
119805 112052 1
119805 112053 1
119805 112055 1
119805 112056 1
119805 112057 1
119805 112058 1
119805 112059 1
119805 112708 1
119805 113567 1
119805 113605 1
119805 113686 1
119805 115166 1
119805 116395 1
119805 116749 1
119805 117346 1
119805 117347 1
119805 118437 1
119805 118515 1
119805 118669 1
119805 118670 1
119805 118745 1
119805 118749 1
119805 118755 1
119805 118907 1
119805 119797 1
119805 120458 1
119805 120540 1
119805 120988 1
119805 121110 1
119805 121298 1
119805 121352 1
119805 122649 1
119805 124927 1
120458 34336 1
120458 102176 1
120458 102693 1
120458 103408 1
120458 104368 1
120458 105730 1
120458 111760 1
120458 112266 1
120458 113605 1
120458 113897 2
120458 115582 1
120458 115613 1
120458 116395 1
120458 116748 1
120458 117515 2
120458 118146 1
120458 118148 2
120458 118289 1
120458 118291 1
120458 118515 2
120458 118669 1
120458 118670 1
120458 118751 1
120458 118755 1
120458 118757 1
120458 118812 1
120458 118866 1
120458 118867 1
120458 118868 1
120458 119805 1
120458 120133 1
120458 120142 1
120458 120143 1
120458 120180 1
120458 120456 1
120458 120457 2
120458 120628 2
120458 120791 1
120458 120970 1
120458 124925 1
120458 124927 1
120458 125067 1
120458 125069 1
124927 110346 1
124927 113605 1
124927 118515 1
124927 118669 1
124927 118670 1
124927 118755 1
124927 119805 1
124927 120458 1
124927 124926 1
83501 38572 1
83501 67014 1
83501 70287 1
83501 73189 1
83501 76315 1
83501 78140 2
83501 78966 1
83501 79596 1
83501 81387 1
83501 82170 1
83501 82410 1
83501 82411 1
83501 82436 2
83501 82756 1
83501 82757 1
83501 83252 1
83501 83253 1
83501 83254 1
83501 83255 2
83501 84302 2
83501 86439 3
83501 87085 2
83501 89688 1
83501 94641 1
83501 96714 1
83501 98900 1
83501 101116 1
83501 101855 1
83501 114708 1
83501 118805 1
83501 118812 1
83501 119950 1
83501 120056 1
83501 121029 1
83501 125143 1
83501 125463 1
100784 108717 1
100784 108735 1
100784 112208 1
100784 119950 1
100784 121838 1
100784 121929 1
108717 100784 1
108717 108735 1
108717 112208 1
108717 119950 1
108717 121838 1
108717 121929 1
108735 83754 1
108735 95610 1
108735 99410 1
108735 99411 1
108735 99412 1
108735 100784 1
108735 108717 1
108735 108736 1
108735 112208 1
108735 119950 1
108735 120476 1
108735 120477 1
108735 120478 1
108735 120479 1
108735 120480 1
108735 120481 1
108735 120482 1
108735 120483 1
108735 120484 1
108735 120485 1
108735 120486 1
108735 120487 1
108735 120488 1
108735 121838 1
108735 121929 1
108735 123792 1
112208 93673 1
112208 93703 1
112208 93704 1
112208 93711 1
112208 94476 1
112208 95288 1
112208 95295 1
112208 99785 1
112208 99786 1
112208 99793 1
112208 99823 1
112208 99828 1
112208 100784 1
112208 101932 1
112208 103064 1
112208 103077 1
112208 103081 1
112208 103475 1
112208 104596 1
112208 104599 1
112208 104625 1
112208 104645 1
112208 104664 1
112208 104680 1
112208 104728 1
112208 104730 1
112208 105875 1
112208 107512 1
112208 107717 1
112208 108717 1
112208 108735 1
112208 108741 1
112208 108776 1
112208 108912 1
112208 108921 1
112208 109558 1
112208 109564 1
112208 109701 1
112208 110663 1
112208 110782 1
112208 110847 1
112208 111035 1
112208 112205 1
112208 112206 1
112208 112207 1
112208 112209 3
112208 112210 1
112208 112211 1
112208 112212 1
112208 112213 1
112208 112328 1
112208 113655 1
112208 116401 1
112208 118300 1
112208 119616 1
112208 119950 1
112208 120171 1
112208 120263 1
112208 120264 1
112208 120285 1
112208 120482 1
112208 120542 1
112208 120654 1
112208 121322 1
112208 121837 1
112208 121838 1
112208 121839 1
112208 121928 1
112208 121929 1
112208 122046 1
112208 122181 1
112208 122903 1
112208 123444 1
112208 123792 1
112208 126121 1
118805 83501 1
118805 84201 1
118805 99902 1
118805 104622 1
118805 104717 1
118805 105731 1
118805 105839 1
118805 109480 1
118805 111345 1
118805 111647 1
118805 111743 1
118805 111749 1
118805 111772 1
118805 113925 1
118805 114711 1
118805 115985 1
118805 117346 1
118805 117347 2
118805 117512 1
118805 117518 1
118805 117530 1
118805 118322 1
118805 118361 1
118805 118362 1
118805 118363 1
118805 118364 1
118805 118449 1
118805 118745 1
118805 118749 1
118805 118754 1
118805 118812 1
118805 119490 1
118805 119491 1
118805 119822 1
118805 119950 1
118805 120179 1
118805 120288 1
118805 120536 1
118805 120583 1
118805 120797 1
118805 120946 1
118805 120970 1
118805 120988 1
118805 121313 1
118805 121662 1
118805 121804 1
118808 113895 1
118808 117346 1
118808 117347 1
118808 118810 1
118808 119949 3
118808 119950 3
118808 121277 1
118808 122629 1
118810 65093 1
118810 75707 1
118810 93366 1
118810 93374 1
118810 101867 1
118810 101868 1
118810 102693 1
118810 102696 1
118810 102697 1
118810 112643 1
118810 112646 1
118810 112704 1
118810 112705 3
118810 112706 1
118810 112707 1
118810 112708 1
118810 117345 2
118810 117346 1
118810 117347 2
118810 117352 1
118810 118751 1
118810 118808 1
118810 118811 1
118810 118812 1
118810 118813 1
118810 118814 1
118810 119794 1
118810 119796 1
118810 119949 1
118810 119950 1
118810 120988 1
118810 121352 1
118810 127289 1
118812 83501 1
118812 113897 1
118812 117346 1
118812 117347 1
118812 117515 1
118812 118805 1
118812 118810 1
118812 118811 1
118812 118813 1
118812 118814 1
118812 119950 1
118812 120458 1
118812 120628 1
119949 64806 1
119949 76198 1
119949 92807 1
119949 93440 1
119949 95079 1
119949 100776 1
119949 111786 1
119949 113895 1
119949 114427 1
119949 114428 1
119949 114429 1
119949 117347 1
119949 118706 1
119949 118707 1
119949 118808 3
119949 118810 1
119949 118912 1
119949 119950 2
119949 121156 1
119949 121277 1
119949 121308 1
119949 122807 1
119949 123165 1
119949 123166 1
121838 100784 1
121838 103089 1
121838 103377 1
121838 105835 1
121838 108717 1
121838 108735 1
121838 109262 1
121838 112208 1
121838 112209 1
121838 119950 1
121838 121929 1
121838 122122 1
121838 122123 1
121929 100784 1
121929 108717 1
121929 108735 1
121929 112208 1
121929 119950 1
121929 121838 1
122629 104126 1
122629 110344 1
122629 112647 1
122629 113567 1
122629 113677 1
122629 115724 1
122629 116749 1
122629 117121 1
122629 117345 1
122629 117346 1
122629 117352 1
122629 118308 1
122629 118749 1
122629 118751 1
122629 118808 1
122629 119794 1
122629 119796 1
122629 119950 1
122629 120036 1
122629 120218 1
122629 121330 1
122629 122455 1
122629 123741 1
122629 124981 1
122629 127031 1
125086 111022 1
125086 125095 1
125095 111022 1
125095 125086 1
125095 125096 1
52767 108289 1
52767 111770 1
52767 118255 1
108289 52767 1
108289 111770 1
108289 118255 1
111770 52767 1
111770 108289 1
111770 118255 1
112706 93366 1
112706 93374 1
112706 112643 1
112706 112704 1
112706 112705 1
112706 112707 2
112706 112708 1
112706 117345 5
112706 117346 1
112706 117347 1
112706 117352 4
112706 117357 1
112706 118255 1
112706 118810 1
112706 119794 1
112706 127289 1
112707 93366 1
112707 93374 1
112707 112206 1
112707 112643 1
112707 112704 1
112707 112705 1
112707 112706 2
112707 112708 1
112707 117345 2
112707 117352 1
112707 118255 1
112707 118810 1
112707 119794 1
112707 120015 2
112707 127289 1
112891 113567 1
112891 115610 1
112891 116746 2
112891 116750 2
112891 116752 1
112891 118255 1
112891 118811 1
112891 120015 1
112891 120230 1
112891 120584 1
112891 120585 1
112891 120957 2
112891 122192 1
112891 123377 1
115610 111787 1
115610 112891 1
115610 116395 1
115610 116746 1
115610 116750 1
115610 116752 1
115610 118255 1
115610 118759 1
115610 120015 1
115610 120585 1
115610 120797 1
115610 120957 1
115610 121330 1
116746 92807 1
116746 99835 1
116746 112647 1
116746 112891 2
116746 115610 1
116746 116745 1
116746 116747 1
116746 116748 1
116746 116749 1
116746 116750 2
116746 116752 1
116746 118255 1
116746 120015 1
116746 120585 1
116746 120957 1
116746 121662 1
116750 104612 1
116750 112891 2
116750 115610 1
116750 116746 2
116750 116752 1
116750 118255 1
116750 120015 1
116750 120584 1
116750 120585 1
116750 120957 1
116750 125289 1
116752 112891 1
116752 115610 1
116752 116746 1
116752 116750 1
116752 118255 1
116752 120015 1
116752 120585 1
116752 120957 1
118142 118146 1
118142 118255 2
118142 120036 1
118142 120628 1
118142 127031 1
118146 93380 1
118146 93382 1
118146 102693 1
118146 103408 1
118146 104368 1
118146 105730 2
118146 112266 1
118146 115582 1
118146 115613 1
118146 117346 1
118146 117347 1
118146 118142 1
118146 118255 1
118146 118289 1
118146 118291 1
118146 118751 1
118146 118752 1
118146 118753 1
118146 118757 1
118146 120036 1
118146 120133 1
118146 120142 1
118146 120143 1
118146 120180 1
118146 120458 1
118146 120628 1
118146 120791 1
118146 127031 1
120015 112206 1
120015 112707 2
120015 112891 1
120015 115610 1
120015 116746 1
120015 116750 1
120015 116752 1
120015 117345 1
120015 117352 1
120015 118255 1
120015 118760 1
120015 120585 1
120015 120957 1
120015 121352 1
120036 112647 1
120036 113567 1
120036 117121 1
120036 117345 1
120036 117346 1
120036 117352 1
120036 118142 1
120036 118146 1
120036 118255 1
120036 118751 1
120036 119794 1
120036 119796 1
120036 120628 1
120036 122629 1
120036 124981 1
120036 127031 1
120585 112891 1
120585 115610 1
120585 116746 1
120585 116750 1
120585 116752 1
120585 118255 1
120585 120015 1
120585 120957 1
120585 123377 1
120628 102176 1
120628 111760 1
120628 113897 2
120628 116395 1
120628 117515 2
120628 118142 1
120628 118146 1
120628 118255 1
120628 118515 1
120628 118812 1
120628 120036 1
120628 120457 1
120628 120458 2
120628 125067 1
120628 125069 1
120628 127031 1
120957 112891 2
120957 115610 1
120957 116746 1
120957 116750 1
120957 116752 1
120957 118255 1
120957 120015 1
120957 120230 1
120957 120584 1
120957 120585 1
120957 122192 1
120957 123377 1
127031 113677 1
127031 116749 1
127031 118142 1
127031 118146 1
127031 118255 1
127031 118745 1
127031 118749 1
127031 120036 1
127031 120628 1
127031 122629 1
95294 99793 1
95294 100579 1
95294 101932 1
95294 105875 1
95294 111035 1
95294 112207 1
95294 112209 1
95294 119397 1
100579 95294 1
100579 119397 1
119395 101678 1
119395 111087 1
119395 118343 1
119395 118797 1
119395 119396 1
119395 119397 1
119395 119398 1
119395 127053 1
119395 127787 1
119398 119395 1
119398 119397 2
102693 90881 1
102693 102696 4
102693 102697 5
102693 103408 1
102693 104368 1
102693 105730 1
102693 112266 1
102693 112640 1
102693 112642 1
102693 112643 1
102693 112644 1
102693 112646 2
102693 112647 1
102693 112705 1
102693 115582 1
102693 115613 1
102693 116747 1
102693 117345 1
102693 117346 1
102693 117347 3
102693 117352 1
102693 117515 1
102693 118146 1
102693 118148 1
102693 118289 1
102693 118291 1
102693 118515 1
102693 118745 1
102693 118749 1
102693 118751 1
102693 118757 1
102693 118810 1
102693 119794 1
102693 119796 2
102693 120077 1
102693 120133 1
102693 120142 1
102693 120143 1
102693 120180 1
102693 120458 1
102693 120791 1
102693 120951 1
102693 120970 1
102693 120988 1
102693 121352 1
102693 127793 1
102695 120968 1
102695 120969 2
102695 120970 1
102695 120988 1
102695 122723 1
102696 102693 4
102696 102697 2
102696 112640 1
102696 112642 1
102696 112643 1
102696 112644 1
102696 112646 2
102696 112647 1
102696 112705 1
102696 117345 1
102696 117347 1
102696 117352 1
102696 118745 1
102696 118751 1
102696 118810 1
102696 119796 1
102696 120077 1
102696 120970 1
102696 120988 1
102696 121352 1
105731 111797 1
105731 113605 1
105731 117346 1
105731 118745 1
105731 118749 1
105731 118805 1
105731 120253 1
105731 120970 1
105731 125614 1
110422 111787 1
110422 116749 1
110422 118745 1
110422 118749 1
110422 118757 1
110422 118758 1
110422 118759 1
110422 118760 1
110422 120026 1
110422 120970 1
110422 126118 1
111787 110422 1
111787 113567 1
111787 115610 1
111787 116749 1
111787 118745 1
111787 118749 1
111787 118757 1
111787 118758 1
111787 118759 3
111787 118760 1
111787 120026 1
111787 120970 1
111787 126118 1
116748 112647 1
116748 116745 1
116748 116746 1
116748 116747 1
116748 116749 1
116748 118751 1
116748 118758 1
116748 118760 1
116748 118866 1
116748 118867 1
116748 118868 1
116748 120458 1
116748 120970 1
116748 124925 1
116749 99860 1
116749 110274 1
116749 110422 1
116749 111787 1
116749 112647 1
116749 113677 1
116749 116745 1
116749 116746 1
116749 116747 1
116749 116748 1
116749 118745 1
116749 118749 2
116749 118757 1
116749 118758 1
116749 118759 1
116749 118760 1
116749 119805 1
116749 120026 1
116749 120970 1
116749 122629 1
116749 126118 1
116749 127031 1
118745 102693 1
118745 102696 1
118745 105731 1
118745 110422 1
118745 111647 1
118745 111787 1
118745 112708 1
118745 113567 1
118745 113605 1
118745 113897 1
118745 116395 1
118745 116749 1
118745 117346 1
118745 117347 1
118745 117515 1
118745 118238 1
118745 118746 1
118745 118748 1
118745 118749 4
118745 118750 1
118745 118751 1
118745 118752 1
118745 118753 1
118745 118754 1
118745 118755 1
118745 118756 1
118745 118757 2
118745 118758 2
118745 118759 2
118745 118760 2
118745 118805 1
118745 119797 1
118745 119805 1
118745 120026 2
118745 120077 1
118745 120970 3
118745 120988 1
118745 121277 1
118745 121352 1
118745 124915 1
118745 124922 1
118745 124981 1
118745 126118 1
118745 127031 1
118749 102693 1
118749 105731 1
118749 110422 1
118749 111787 1
118749 112708 1
118749 113567 1
118749 113605 1
118749 113677 1
118749 113897 1
118749 116395 1
118749 116749 2
118749 117346 1
118749 117347 1
118749 117515 1
118749 118148 1
118749 118515 1
118749 118745 4
118749 118748 1
118749 118750 1
118749 118751 1
118749 118752 1
118749 118753 1
118749 118754 1
118749 118755 1
118749 118756 1
118749 118757 1
118749 118758 1
118749 118759 1
118749 118760 1
118749 118805 1
118749 119794 1
118749 119797 1
118749 119805 1
118749 120026 1
118749 120970 2
118749 120988 1
118749 121277 1
118749 121352 1
118749 122629 1
118749 124922 1
118749 124981 1
118749 126118 1
118749 127031 1
118751 102693 1
118751 102696 1
118751 102697 1
118751 112646 1
118751 112647 1
118751 112705 1
118751 113567 2
118751 113605 1
118751 113897 1
118751 116154 1
118751 116155 1
118751 116748 1
118751 117121 1
118751 117345 2
118751 117346 1
118751 117347 1
118751 117352 2
118751 117515 1
118751 118146 1
118751 118745 1
118751 118748 1
118751 118749 1
118751 118750 1
118751 118752 2
118751 118753 2
118751 118754 1
118751 118755 1
118751 118756 2
118751 118810 1
118751 118866 1
118751 118867 1
118751 118868 1
118751 119794 1
118751 119796 2
118751 120036 1
118751 120458 1
118751 120970 1
118751 120988 1
118751 121277 1
118751 121352 1
118751 122629 1
118751 124922 1
118751 124925 1
118751 124981 2
118751 126118 1
118757 102693 1
118757 103408 1
118757 104368 1
118757 104717 1
118757 105730 1
118757 110422 1
118757 111787 1
118757 112266 2
118757 115582 1
118757 115613 1
118757 116749 1
118757 117518 1
118757 118146 1
118757 118289 1
118757 118291 1
118757 118745 2
118757 118749 1
118757 118758 2
118757 118759 2
118757 118760 2
118757 120026 2
118757 120133 1
118757 120142 1
118757 120143 1
118757 120180 1
118757 120458 1
118757 120791 1
118757 120970 1
118757 126118 1
118758 110422 1
118758 111787 1
118758 116748 1
118758 116749 1
118758 118745 2
118758 118749 1
118758 118757 2
118758 118759 3
118758 118760 2
118758 120026 2
118758 120970 1
118758 126118 1
118759 110422 1
118759 111787 3
118759 112059 1
118759 115610 1
118759 116749 1
118759 117512 1
118759 117518 1
118759 118745 2
118759 118749 1
118759 118757 2
118759 118758 3
118759 118760 2
118759 120026 2
118759 120970 1
118759 121322 1
118759 126118 1
118760 110422 1
118760 111787 1
118760 116748 1
118760 116749 1
118760 118745 2
118760 118749 1
118760 118757 2
118760 118758 2
118760 118759 2
118760 120015 1
118760 120026 2
118760 120540 1
118760 120970 1
118760 121352 1
118760 126118 1
118866 116748 1
118866 118751 1
118866 118867 1
118866 118868 1
118866 120458 1
118866 120970 1
118866 124925 1
118867 116748 1
118867 118751 1
118867 118866 1
118867 118868 1
118867 120458 1
118867 120970 1
118867 124925 1
118868 111346 1
118868 116748 1
118868 118751 1
118868 118866 1
118868 118867 1
118868 120458 1
118868 120970 1
118868 124925 1
120026 110422 1
120026 111787 1
120026 113558 1
120026 113563 1
120026 113604 1
120026 113605 1
120026 116749 1
120026 118238 1
120026 118745 2
120026 118749 1
120026 118757 2
120026 118758 2
120026 118759 2
120026 118760 2
120026 120970 1
120026 121277 1
120026 126118 1
120026 126501 1
120077 102693 1
120077 102696 1
120077 115985 1
120077 118745 1
120077 118912 1
120077 120513 1
120077 120791 1
120077 120970 1
120253 105731 1
120253 111797 1
120253 113605 1
120253 115613 1
120253 120970 2
120253 125614 1
120968 102695 1
120968 120969 1
120968 120970 1
120968 122723 1
120969 102695 2
120969 120968 1
120969 120970 1
120969 120988 1
120969 122723 1
122723 102695 1
122723 120968 1
122723 120969 1
122723 120970 1
124925 116748 1
124925 118751 1
124925 118866 1
124925 118867 1
124925 118868 1
124925 120458 1
124925 120970 1
126118 110422 1
126118 111787 1
126118 116749 1
126118 118745 1
126118 118749 1
126118 118751 1
126118 118756 1
126118 118757 1
126118 118758 1
126118 118759 1
126118 118760 1
126118 120026 1
126118 120970 1
126118 121250 1
111797 99914 1
111797 105731 1
111797 111749 1
111797 113605 1
111797 115724 2
111797 118364 1
111797 119822 1
111797 120253 1
111797 125614 1
113558 112328 1
113558 113563 2
113558 113567 1
113558 113604 1
113558 113605 1
113558 118238 1
113558 120026 1
113558 121277 1
113558 126501 1
113563 113558 2
113563 113567 1
113563 113604 1
113563 113605 1
113563 118238 1
113563 120026 1
113563 121277 1
113563 126501 1
113604 113558 1
113604 113563 1
113604 113605 1
113604 118238 1
113604 120026 1
113604 121277 1
113604 126501 1
113897 102176 1
113897 111760 1
113897 113605 1
113897 113895 1
113897 116395 1
113897 117515 5
113897 118515 1
113897 118706 1
113897 118707 1
113897 118745 1
113897 118748 1
113897 118749 1
113897 118750 1
113897 118751 1
113897 118752 1
113897 118753 1
113897 118754 1
113897 118755 1
113897 118756 1
113897 118812 1
113897 120457 1
113897 120458 2
113897 120628 2
113897 121277 1
113897 124922 1
113897 124981 2
113897 125067 1
113897 125069 1
117515 102176 1
117515 102693 1
117515 111760 1
117515 113605 1
117515 113895 1
117515 113897 5
117515 116395 1
117515 118515 1
117515 118745 1
117515 118748 1
117515 118749 1
117515 118750 1
117515 118751 1
117515 118752 1
117515 118753 1
117515 118754 1
117515 118755 1
117515 118756 1
117515 118812 1
117515 120457 1
117515 120458 2
117515 120628 2
117515 121277 1
117515 124922 1
117515 124981 2
117515 125067 1
117515 125069 1
118238 113558 1
118238 113563 1
118238 113604 1
118238 113605 1
118238 118745 1
118238 120026 1
118238 121277 1
118238 126501 1
118748 113605 1
118748 113897 1
118748 117515 1
118748 118745 1
118748 118749 1
118748 118750 1
118748 118751 1
118748 118752 1
118748 118753 1
118748 118754 1
118748 118755 1
118748 118756 1
118748 121277 1
118748 124922 1
118748 124981 1
118750 113605 1
118750 113897 1
118750 117515 1
118750 118745 1
118750 118748 1
118750 118749 1
118750 118751 1
118750 118752 1
118750 118753 1
118750 118754 1
118750 118755 1
118750 118756 1
118750 121277 1
118750 124922 1
118750 124981 1
118752 113605 1
118752 113897 1
118752 117515 1
118752 118146 1
118752 118745 1
118752 118748 1
118752 118749 1
118752 118750 1
118752 118751 2
118752 118753 2
118752 118754 1
118752 118755 1
118752 118756 1
118752 121277 1
118752 124922 1
118752 124981 1
118753 54832 1
118753 113605 1
118753 113897 1
118753 117515 1
118753 118146 1
118753 118745 1
118753 118748 1
118753 118749 1
118753 118750 1
118753 118751 2
118753 118752 2
118753 118754 1
118753 118755 1
118753 118756 1
118753 121277 1
118753 124922 1
118753 124981 1
118754 99902 2
118754 104717 1
118754 111749 1
118754 111772 1
118754 113605 1
118754 113897 1
118754 117512 2
118754 117515 1
118754 117518 1
118754 118308 1
118754 118322 2
118754 118361 1
118754 118362 1
118754 118363 1
118754 118364 1
118754 118449 1
118754 118745 1
118754 118748 1
118754 118749 1
118754 118750 1
118754 118751 1
118754 118752 1
118754 118753 1
118754 118755 1
118754 118756 1
118754 118805 1
118754 119822 1
118754 120143 1
118754 120218 1
118754 120536 1
118754 121277 1
118754 124922 1
118754 124981 1
118756 113605 1
118756 113897 1
118756 117515 1
118756 118745 1
118756 118748 1
118756 118749 1
118756 118750 1
118756 118751 2
118756 118752 1
118756 118753 1
118756 118754 1
118756 118755 1
118756 121277 1
118756 124922 1
118756 124981 1
118756 126118 1
121277 113558 1
121277 113563 1
121277 113604 1
121277 113605 2
121277 113686 1
121277 113897 1
121277 117515 1
121277 118238 1
121277 118745 1
121277 118748 1
121277 118749 1
121277 118750 1
121277 118751 1
121277 118752 1
121277 118753 1
121277 118754 1
121277 118755 1
121277 118756 1
121277 118808 1
121277 119949 1
121277 120026 1
121277 124922 1
121277 124981 1
121277 126501 1
124922 113605 1
124922 113897 1
124922 117515 1
124922 118745 1
124922 118748 1
124922 118749 1
124922 118750 1
124922 118751 1
124922 118752 1
124922 118753 1
124922 118754 1
124922 118755 1
124922 118756 1
124922 121277 1
124922 124981 1
124981 112647 1
124981 112708 1
124981 113567 1
124981 113605 1
124981 113895 1
124981 113897 2
124981 117121 1
124981 117345 1
124981 117346 1
124981 117352 1
124981 117515 2
124981 118745 1
124981 118748 1
124981 118749 1
124981 118750 1
124981 118751 2
124981 118752 1
124981 118753 1
124981 118754 1
124981 118755 1
124981 118756 1
124981 119794 1
124981 119796 1
124981 120036 1
124981 121277 1
124981 121352 1
124981 122629 1
124981 124922 1
125614 100741 1
125614 105731 1
125614 111797 1
125614 113605 1
125614 120253 1
125614 127087 1
126501 113558 1
126501 113563 1
126501 113604 1
126501 113605 2
126501 118238 1
126501 120026 1
126501 121277 1
102176 111760 1
102176 113897 1
102176 116395 1
102176 117515 1
102176 118515 1
102176 120457 1
102176 120458 1
102176 120628 1
102176 125067 1
102176 125069 1
111760 102176 1
111760 113567 1
111760 113897 1
111760 116395 1
111760 117515 1
111760 118515 1
111760 120457 1
111760 120458 1
111760 120628 1
111760 125067 1
111760 125069 1
116395 102176 1
116395 111760 1
116395 112708 1
116395 113567 1
116395 113897 1
116395 115610 1
116395 117346 1
116395 117347 1
116395 117515 1
116395 118515 1
116395 118745 1
116395 118749 1
116395 119797 1
116395 119805 1
116395 120457 1
116395 120458 1
116395 120628 1
116395 120988 1
116395 121330 1
116395 121352 1
116395 125067 1
116395 125069 1
118148 102693 1
118148 116747 1
118148 117347 1
118148 118515 1
118148 118749 1
118148 119794 1
118148 119797 1
118148 120458 2
119794 93366 1
119794 93374 1
119794 102693 1
119794 112643 1
119794 112647 1
119794 112704 1
119794 112705 1
119794 112706 1
119794 112707 1
119794 112708 1
119794 113567 1
119794 117121 1
119794 117345 2
119794 117346 1
119794 117352 1
119794 118148 1
119794 118515 1
119794 118749 1
119794 118751 1
119794 118810 1
119794 119796 2
119794 119797 1
119794 120036 1
119794 122629 1
119794 124981 1
119794 127289 1
120457 34336 1
120457 102176 1
120457 111760 1
120457 113897 1
120457 116395 1
120457 117515 1
120457 118515 1
120457 120456 1
120457 120458 2
120457 120628 1
120457 125067 1
120457 125069 1
125067 102176 1
125067 111760 1
125067 113897 1
125067 116395 1
125067 117515 1
125067 118515 1
125067 120457 1
125067 120458 1
125067 120628 1
125067 125069 1
125069 102176 1
125069 111760 1
125069 113897 1
125069 116395 1
125069 117515 1
125069 118515 1
125069 120457 1
125069 120458 1
125069 120628 1
125069 125067 1
39030 103020 1
39030 119805 1
39030 122649 1
81522 104644 1
81522 112047 1
81522 112048 1
81522 112049 1
81522 112050 1
81522 112051 1
81522 112052 1
81522 112053 1
81522 112055 1
81522 112056 1
81522 112057 1
81522 112058 1
81522 112059 1
81522 118437 1
81522 119805 1
81522 120540 1
81522 121110 1
99860 100776 1
99860 104728 1
99860 110698 1
99860 112056 1
99860 116749 1
99860 118289 2
99860 119805 1
99860 120791 2
99860 121322 2
99914 99835 1
99914 111797 1
99914 115724 1
99914 119805 1
99914 119822 1
99914 123963 1
103020 39030 1
103020 94469 1
103020 99437 1
103020 99767 1
103020 102167 1
103020 104343 1
103020 119805 1
103020 122649 1
103020 126008 1
104644 81522 1
104644 104112 1
104644 111674 1
104644 111941 1
104644 112047 1
104644 112048 2
104644 112049 1
104644 112050 1
104644 112051 1
104644 112052 1
104644 112053 1
104644 112055 1
104644 112056 1
104644 112057 1
104644 112058 1
104644 112059 1
104644 114037 1
104644 118437 1
104644 119805 1
104644 120540 1
104644 121110 1
104644 121523 1
104644 125289 1
104644 125290 1
111786 64806 1
111786 76198 1
111786 93440 1
111786 111772 1
111786 113686 1
111786 117512 2
111786 118308 1
111786 118907 1
111786 119805 1
111786 119949 1
111786 120797 1
111786 121298 1
112047 81522 1
112047 104644 1
112047 112048 1
112047 112049 1
112047 112050 1
112047 112051 1
112047 112052 1
112047 112053 1
112047 112055 1
112047 112056 1
112047 112057 1
112047 112058 1
112047 112059 1
112047 118437 1
112047 119805 1
112047 120540 1
112047 121110 1
112048 81522 1
112048 104112 1
112048 104644 2
112048 111674 1
112048 111941 1
112048 112047 1
112048 112049 1
112048 112050 1
112048 112051 1
112048 112052 1
112048 112053 1
112048 112055 1
112048 112056 1
112048 112057 1
112048 112058 1
112048 112059 1
112048 114037 1
112048 118437 1
112048 119805 1
112048 120540 1
112048 121110 1
112048 121523 1
112048 125289 1
112048 125290 1
112049 81522 1
112049 104644 1
112049 112047 1
112049 112048 1
112049 112050 1
112049 112051 1
112049 112052 1
112049 112053 1
112049 112055 1
112049 112056 1
112049 112057 1
112049 112058 1
112049 112059 1
112049 118437 1
112049 119805 1
112049 120540 1
112049 121110 1
112050 81522 1
112050 104644 1
112050 112047 1
112050 112048 1
112050 112049 1
112050 112051 1
112050 112052 1
112050 112053 1
112050 112055 1
112050 112056 1
112050 112057 1
112050 112058 1
112050 112059 1
112050 118437 1
112050 119805 1
112050 120540 1
112050 121110 1
112051 81522 1
112051 104644 1
112051 112047 1
112051 112048 1
112051 112049 1
112051 112050 1
112051 112052 1
112051 112053 1
112051 112055 1
112051 112056 1
112051 112057 1
112051 112058 1
112051 112059 1
112051 118437 1
112051 119805 1
112051 120540 1
112051 121110 1
112052 81522 1
112052 104644 1
112052 112047 1
112052 112048 1
112052 112049 1
112052 112050 1
112052 112051 1
112052 112053 1
112052 112055 1
112052 112056 1
112052 112057 1
112052 112058 1
112052 112059 1
112052 118437 1
112052 119805 1
112052 120540 1
112052 121110 1
112053 81522 1
112053 104644 1
112053 112047 1
112053 112048 1
112053 112049 1
112053 112050 1
112053 112051 1
112053 112052 1
112053 112055 1
112053 112056 1
112053 112057 1
112053 112058 1
112053 112059 1
112053 118437 1
112053 119805 1
112053 120540 1
112053 121110 1
112055 81522 1
112055 101463 1
112055 104644 1
112055 112047 1
112055 112048 1
112055 112049 1
112055 112050 1
112055 112051 1
112055 112052 1
112055 112053 1
112055 112056 1
112055 112057 1
112055 112058 1
112055 112059 1
112055 118437 1
112055 119805 1
112055 120540 1
112055 121110 1
112055 121322 1
112055 123081 1
112056 81522 1
112056 99860 1
112056 104644 1
112056 104728 2
112056 112047 1
112056 112048 1
112056 112049 1
112056 112050 1
112056 112051 1
112056 112052 1
112056 112053 1
112056 112055 1
112056 112057 1
112056 112058 1
112056 112059 1
112056 118289 1
112056 118437 1
112056 119805 1
112056 120540 1
112056 120791 1
112056 121110 1
112057 81522 1
112057 104644 1
112057 112047 1
112057 112048 1
112057 112049 1
112057 112050 1
112057 112051 1
112057 112052 1
112057 112053 1
112057 112055 1
112057 112056 1
112057 112058 1
112057 112059 1
112057 118437 1
112057 119805 1
112057 120540 1
112057 121110 1
112058 81522 1
112058 104644 1
112058 112047 1
112058 112048 1
112058 112049 1
112058 112050 1
112058 112051 1
112058 112052 1
112058 112053 1
112058 112055 1
112058 112056 1
112058 112057 1
112058 112059 1
112058 118437 1
112058 119805 1
112058 120540 1
112058 121110 1
112058 121804 1
112059 81522 1
112059 104644 1
112059 112047 1
112059 112048 1
112059 112049 1
112059 112050 1
112059 112051 1
112059 112052 1
112059 112053 1
112059 112055 1
112059 112056 1
112059 112057 1
112059 112058 1
112059 112646 1
112059 115724 1
112059 118437 1
112059 118759 1
112059 119805 1
112059 120540 1
112059 121110 1
112708 93366 1
112708 93374 1
112708 112643 1
112708 112704 1
112708 112705 1
112708 112706 1
112708 112707 1
112708 113567 1
112708 116395 1
112708 117345 2
112708 117346 2
112708 117347 1
112708 117352 1
112708 118745 1
112708 118749 1
112708 118810 1
112708 119794 1
112708 119796 1
112708 119797 1
112708 119805 1
112708 120988 1
112708 121352 4
112708 124981 1
112708 127289 1
113567 99828 1
113567 103408 1
113567 104368 1
113567 105693 1
113567 111760 1
113567 111787 1
113567 112647 1
113567 112708 1
113567 112891 1
113567 113558 1
113567 113563 1
113567 116154 1
113567 116155 1
113567 116395 1
113567 117121 1
113567 117345 1
113567 117346 2
113567 117347 1
113567 117352 1
113567 117512 1
113567 118449 1
113567 118745 1
113567 118749 1
113567 118751 2
113567 118811 2
113567 119794 1
113567 119796 1
113567 119797 1
113567 119805 1
113567 120036 1
113567 120285 1
113567 120288 1
113567 120988 1
113567 121352 1
113567 122629 1
113567 124981 1
113567 127787 1
113686 111786 1
113686 115724 1
113686 118907 1
113686 119805 1
113686 120263 1
113686 121277 1
113686 121298 1
115166 119805 1
117346 102693 1
117346 102697 1
117346 105730 1
117346 105731 1
117346 112647 1
117346 112706 1
117346 112708 2
117346 113567 2
117346 116395 1
117346 117121 1
117346 117345 6
117346 117347 20
117346 117352 6
117346 118146 1
117346 118745 1
117346 118749 1
117346 118751 1
117346 118805 1
117346 118808 1
117346 118810 1
117346 118811 1
117346 118812 1
117346 118813 1
117346 118814 1
117346 119794 1
117346 119796 7
117346 119797 1
117346 119805 1
117346 120036 1
117346 120179 1
117346 120988 1
117346 121352 2
117346 122629 1
117346 124981 1
117347 92807 1
117347 95079 1
117347 100776 1
117347 102693 3
117347 102696 1
117347 102697 2
117347 105730 1
117347 111345 1
117347 112646 1
117347 112705 1
117347 112706 1
117347 112708 1
117347 113567 1
117347 114427 1
117347 114428 1
117347 114429 1
117347 116395 1
117347 117345 4
117347 117346 20
117347 117352 4
117347 118146 1
117347 118148 1
117347 118706 1
117347 118707 1
117347 118745 1
117347 118749 1
117347 118751 1
117347 118805 2
117347 118808 1
117347 118810 2
117347 118811 1
117347 118812 1
117347 118813 1
117347 118814 1
117347 118912 1
117347 119796 4
117347 119797 1
117347 119805 1
117347 119949 1
117347 120179 1
117347 120988 2
117347 121156 1
117347 121308 1
117347 121352 2
117347 121662 1
117347 122807 1
117347 123165 1
117347 123166 1
118437 81522 1
118437 104644 1
118437 112047 1
118437 112048 1
118437 112049 1
118437 112050 1
118437 112051 1
118437 112052 1
118437 112053 1
118437 112055 1
118437 112056 1
118437 112057 1
118437 112058 1
118437 112059 1
118437 113704 1
118437 119805 1
118437 120540 1
118437 121110 1
118907 111786 1
118907 113686 1
118907 119805 1
118907 121298 1
119797 112708 1
119797 113567 1
119797 116395 1
119797 117346 1
119797 117347 1
119797 118148 1
119797 118745 1
119797 118749 1
119797 119794 1
119797 119796 1
119797 119805 1
119797 120988 1
119797 121352 1
120540 81522 1
120540 104644 1
120540 112047 1
120540 112048 1
120540 112049 1
120540 112050 1
120540 112051 1
120540 112052 1
120540 112053 1
120540 112055 1
120540 112056 1
120540 112057 1
120540 112058 1
120540 112059 1
120540 118437 1
120540 118760 1
120540 119805 1
120540 120536 1
120540 121110 1
120988 102693 1
120988 102695 1
120988 102696 1
120988 102697 1
120988 112646 1
120988 112705 1
120988 112708 1
120988 113567 1
120988 114711 2
120988 116395 1
120988 117345 1
120988 117346 1
120988 117347 2
120988 117352 1
120988 117530 1
120988 118745 1
120988 118749 1
120988 118751 1
120988 118805 1
120988 118810 1
120988 119490 1
120988 119491 1
120988 119796 1
120988 119797 1
120988 119805 1
120988 120583 1
120988 120946 1
120988 120969 1
120988 121352 2
121110 81522 1
121110 104644 1
121110 104716 1
121110 104722 1
121110 108800 1
121110 110680 1
121110 112047 1
121110 112048 1
121110 112049 1
121110 112050 1
121110 112051 1
121110 112052 1
121110 112053 1
121110 112055 1
121110 112056 1
121110 112057 1
121110 112058 1
121110 112059 1
121110 113512 1
121110 118437 1
121110 119805 1
121110 120540 1
121110 121104 1
121110 121105 1
121110 121106 1
121110 121108 1
121110 121109 1
121110 121942 1
121110 121944 1
121298 111786 1
121298 113686 1
121298 118907 1
121298 119805 1
121298 120285 1
121298 120536 1
121352 102693 1
121352 102696 1
121352 102697 1
121352 112646 1
121352 112705 1
121352 112708 4
121352 113567 1
121352 116395 1
121352 117345 2
121352 117346 2
121352 117347 2
121352 117352 2
121352 118745 1
121352 118749 1
121352 118751 1
121352 118760 1
121352 118810 1
121352 119796 2
121352 119797 1
121352 119805 1
121352 120015 1
121352 120988 2
121352 124981 1
122649 39030 1
122649 103020 1
122649 119805 1
34336 27751 1
34336 120456 1
34336 120457 1
34336 120458 1
103408 102693 1
103408 104368 2
103408 105730 1
103408 112266 1
103408 113567 1
103408 115582 2
103408 115613 1
103408 118146 1
103408 118289 1
103408 118291 1
103408 118757 1
103408 118811 1
103408 120133 1
103408 120142 1
103408 120143 1
103408 120180 1
103408 120458 1
103408 120791 1
103408 122455 1
104368 102693 1
104368 103408 2
104368 105730 1
104368 112266 1
104368 113567 1
104368 115582 1
104368 115613 1
104368 118146 1
104368 118289 1
104368 118291 1
104368 118757 1
104368 118811 1
104368 120133 1
104368 120142 1
104368 120143 1
104368 120180 1
104368 120458 1
104368 120791 1
105730 102693 1
105730 103408 1
105730 104368 1
105730 112266 1
105730 115582 1
105730 115613 1
105730 117346 1
105730 117347 1
105730 118146 2
105730 118289 1
105730 118291 1
105730 118757 1
105730 120133 1
105730 120142 1
105730 120143 1
105730 120180 1
105730 120458 1
105730 120791 1
112266 102693 1
112266 103408 1
112266 104368 1
112266 105730 1
112266 115582 1
112266 115613 1
112266 118146 1
112266 118289 1
112266 118291 1
112266 118757 2
112266 120133 1
112266 120142 1
112266 120143 1
112266 120180 1
112266 120458 1
112266 120791 1
115582 102693 1
115582 103408 2
115582 104368 1
115582 105730 1
115582 112266 1
115582 115613 1
115582 118146 1
115582 118289 1
115582 118291 1
115582 118757 1
115582 120133 1
115582 120142 1
115582 120143 1
115582 120180 1
115582 120458 1
115582 120791 1
115613 102693 1
115613 103408 1
115613 104368 1
115613 105730 1
115613 112266 1
115613 115582 1
115613 118146 1
115613 118289 1
115613 118291 1
115613 118757 1
115613 120133 3
115613 120142 1
115613 120143 1
115613 120180 1
115613 120253 1
115613 120458 1
115613 120791 1
118289 99860 2
118289 100776 1
118289 102693 1
118289 103408 1
118289 104368 1
118289 104728 1
118289 105730 1
118289 112056 1
118289 112266 1
118289 115582 1
118289 115613 1
118289 118146 1
118289 118291 1
118289 118757 1
118289 120133 1
118289 120142 1
118289 120143 1
118289 120180 1
118289 120458 1
118289 120791 2
118291 102693 1
118291 103408 1
118291 104368 1
118291 105730 1
118291 112266 1
118291 115582 1
118291 115613 1
118291 118146 1
118291 118289 1
118291 118757 1
118291 120133 1
118291 120142 1
118291 120143 1
118291 120180 1
118291 120458 1
118291 120791 1
118291 122192 1
120133 102693 1
120133 103408 1
120133 104368 1
120133 105730 1
120133 112266 1
120133 115582 1
120133 115613 3
120133 118146 1
120133 118289 1
120133 118291 1
120133 118757 1
120133 120142 1
120133 120143 1
120133 120180 1
120133 120458 1
120133 120791 1
120142 102693 1
120142 103408 1
120142 104368 1
120142 105730 1
120142 112266 1
120142 115582 1
120142 115613 1
120142 118146 1
120142 118289 1
120142 118291 1
120142 118757 1
120142 120133 1
120142 120143 2
120142 120180 1
120142 120458 1
120142 120791 1
120143 102693 1
120143 103408 1
120143 104368 1
120143 105730 1
120143 112266 1
120143 115582 1
120143 115613 1
120143 118146 1
120143 118289 1
120143 118291 1
120143 118754 1
120143 118757 1
120143 120133 1
120143 120142 2
120143 120180 1
120143 120458 1
120143 120791 1
120180 102693 1
120180 103408 1
120180 104368 1
120180 105730 1
120180 112266 1
120180 115582 1
120180 115613 1
120180 117512 1
120180 118146 1
120180 118289 1
120180 118291 1
120180 118757 1
120180 120133 1
120180 120142 1
120180 120143 1
120180 120458 1
120180 120791 1
120456 34336 1
120456 120457 1
120456 120458 1
120791 47591 1
120791 99839 1
120791 99860 2
120791 99866 1
120791 102693 1
120791 103408 1
120791 104368 1
120791 104728 1
120791 105730 1
120791 112056 1
120791 112260 1
120791 112266 1
120791 115582 1
120791 115613 1
120791 118146 1
120791 118289 2
120791 118291 1
120791 118757 1
120791 118912 1
120791 120077 1
120791 120133 1
120791 120142 1
120791 120143 1
120791 120180 1
120791 120458 1
120791 120513 1
120791 121322 1
110346 124926 1
110346 124927 1
124926 110346 1
124926 124927 1
38572 67014 1
38572 83501 1
38572 84302 1
38572 86439 1
38572 87085 1
38572 98900 1
38572 125463 1
67014 38572 1
67014 83501 1
67014 86439 1
67014 98900 1
67014 125463 1
70287 76315 1
70287 82436 1
70287 83255 1
70287 83501 1
70287 84302 1
70287 87085 1
70287 94641 1
70287 125143 1
73189 78966 1
73189 82410 1
73189 82411 1
73189 82436 1
73189 83501 1
73189 84302 1
73189 87085 1
73189 120056 1
73189 126569 1
76315 70287 1
76315 82436 1
76315 83255 1
76315 83501 1
76315 84302 1
76315 87085 1
76315 94641 1
76315 113895 1
76315 125143 1
78140 81387 1
78140 83253 1
78140 83254 1
78140 83501 2
78140 87085 2
78140 96714 1
78966 73189 1
78966 82410 1
78966 82411 1
78966 82436 1
78966 83501 1
78966 84302 1
78966 120056 2
79596 82756 1
79596 82757 1
79596 83252 1
79596 83253 2
79596 83254 2
79596 83255 2
79596 83501 1
79596 86439 1
79596 89688 2
79596 101855 2
79596 114708 1
79596 121029 1
81387 78140 1
81387 83501 1
81387 87085 2
81387 96714 1
82170 83501 1
82410 73189 1
82410 78966 1
82410 82411 1
82410 82436 1
82410 83501 1
82410 84302 1
82410 120056 1
82411 73189 1
82411 78966 1
82411 82410 1
82411 82436 1
82411 83501 1
82411 84302 1
82411 120056 1
82436 70287 1
82436 73189 1
82436 76315 1
82436 78966 1
82436 82410 1
82436 82411 1
82436 82757 1
82436 83255 1
82436 83501 2
82436 84302 2
82436 87085 1
82436 94641 1
82436 120056 1
82436 125143 1
82756 79596 1
82756 82757 3
82756 83252 1
82756 83253 2
82756 83254 1
82756 83255 1
82756 83501 1
82756 86439 2
82756 89688 1
82756 101855 1
82756 114708 1
82756 121029 1
82757 79596 1
82757 82436 1
82757 82756 3
82757 83252 1
82757 83253 2
82757 83254 1
82757 83255 1
82757 83501 1
82757 86439 3
82757 89688 1
82757 101855 1
82757 114708 1
82757 121029 1
83252 79596 1
83252 82756 1
83252 82757 1
83252 83253 1
83252 83254 1
83252 83255 1
83252 83501 1
83252 86439 1
83252 89688 1
83252 101855 1
83252 114708 1
83252 121029 1
83253 78140 1
83253 79596 2
83253 82756 2
83253 82757 2
83253 83252 1
83253 83254 4
83253 83255 5
83253 83501 1
83253 86439 2
83253 87085 2
83253 89688 3
83253 101855 1
83253 114708 1
83253 121029 4
83253 121073 1
83254 78140 1
83254 79596 2
83254 82756 1
83254 82757 1
83254 83252 1
83254 83253 4
83254 83255 3
83254 83501 1
83254 86439 1
83254 87085 3
83254 89688 2
83254 101855 2
83254 114708 1
83254 121029 2
83254 125143 1
83255 70287 1
83255 76315 1
83255 79596 2
83255 82436 1
83255 82756 1
83255 82757 1
83255 83252 1
83255 83253 5
83255 83254 3
83255 83501 2
83255 84302 1
83255 86439 1
83255 87085 2
83255 89688 2
83255 94641 1
83255 101855 1
83255 114708 1
83255 121029 4
83255 125143 1
84302 38572 1
84302 70287 1
84302 73189 1
84302 76315 1
84302 78966 1
84302 82410 1
84302 82411 1
84302 82436 2
84302 83255 1
84302 83501 2
84302 87085 2
84302 94641 1
84302 120056 1
84302 125143 1
86439 38572 1
86439 67014 1
86439 79596 1
86439 82756 2
86439 82757 3
86439 83252 1
86439 83253 2
86439 83254 1
86439 83255 1
86439 83501 3
86439 89688 1
86439 98900 1
86439 101855 1
86439 114708 1
86439 121029 1
86439 125463 1
87085 38572 1
87085 70287 1
87085 73189 1
87085 76315 1
87085 78140 2
87085 81387 2
87085 82436 1
87085 83253 2
87085 83254 3
87085 83255 2
87085 83501 2
87085 84302 2
87085 94641 1
87085 96714 1
87085 121029 1
87085 125143 1
89688 79596 2
89688 82756 1
89688 82757 1
89688 83252 1
89688 83253 3
89688 83254 2
89688 83255 2
89688 83501 1
89688 86439 1
89688 88392 1
89688 101855 1
89688 114708 1
89688 121029 2
89688 126484 1
94641 70287 1
94641 76315 1
94641 82436 1
94641 83255 1
94641 83501 1
94641 84302 1
94641 87085 1
94641 121029 1
94641 125143 1
96714 78140 1
96714 81387 1
96714 83501 1
96714 87085 1
98900 38572 1
98900 67014 1
98900 83501 1
98900 86439 1
98900 125463 1
101116 83501 1
101116 91902 1
101116 100045 1
101116 104185 1
101855 79596 2
101855 82756 1
101855 82757 1
101855 83252 1
101855 83253 1
101855 83254 2
101855 83255 1
101855 83501 1
101855 86439 1
101855 89688 1
101855 114708 1
101855 121029 1
114708 79596 1
114708 82756 1
114708 82757 1
114708 83252 1
114708 83253 1
114708 83254 1
114708 83255 1
114708 83501 1
114708 86439 1
114708 89688 1
114708 101855 1
114708 121029 1
120056 73189 1
120056 78966 2
120056 82410 1
120056 82411 1
120056 82436 1
120056 83501 1
120056 84302 1
121029 79596 1
121029 82756 1
121029 82757 1
121029 83252 1
121029 83253 4
121029 83254 2
121029 83255 4
121029 83501 1
121029 86439 1
121029 87085 1
121029 89688 2
121029 94641 1
121029 101855 1
121029 114708 1
125143 70287 1
125143 76315 1
125143 82436 1
125143 83254 1
125143 83255 1
125143 83501 1
125143 84302 1
125143 87085 1
125143 94641 1
125463 38572 1
125463 67014 1
125463 83501 1
125463 86439 1
125463 98900 1
83754 95610 1
83754 99410 2
83754 99411 1
83754 99412 1
83754 108735 1
83754 108736 1
83754 115886 1
83754 115887 1
83754 120476 1
83754 120477 1
83754 120478 1
83754 120479 1
83754 120480 1
83754 120481 1
83754 120482 1
83754 120483 1
83754 120484 1
83754 120485 1
83754 120486 1
83754 120487 1
83754 120488 1
83754 123792 1
95610 83754 1
95610 99410 1
95610 99411 1
95610 99412 1
95610 108735 1
95610 108736 1
95610 120476 1
95610 120477 1
95610 120478 1
95610 120479 2
95610 120480 1
95610 120481 1
95610 120482 1
95610 120483 1
95610 120484 1
95610 120485 1
95610 120486 1
95610 120487 1
95610 120488 1
95610 123792 1
99410 83754 2
99410 95610 1
99410 99411 1
99410 99412 1
99410 108735 1
99410 108736 1
99410 120476 1
99410 120477 1
99410 120478 1
99410 120479 1
99410 120480 1
99410 120481 1
99410 120482 1
99410 120483 1
99410 120484 1
99410 120485 1
99410 120486 1
99410 120487 1
99410 120488 1
99410 123792 1
99411 83754 1
99411 95610 1
99411 99410 1
99411 99412 1
99411 108735 1
99411 108736 1
99411 120476 1
99411 120477 1
99411 120478 1
99411 120479 1
99411 120480 1
99411 120481 1
99411 120482 1
99411 120483 1
99411 120484 1
99411 120485 1
99411 120486 1
99411 120487 1
99411 120488 1
99411 123792 1
99412 83754 1
99412 95610 1
99412 99410 1
99412 99411 1
99412 108735 1
99412 108736 1
99412 120476 1
99412 120477 1
99412 120478 1
99412 120479 1
99412 120480 1
99412 120481 1
99412 120482 1
99412 120483 1
99412 120484 3
99412 120485 1
99412 120486 1
99412 120487 1
99412 120488 1
99412 123792 1
108736 83754 1
108736 93671 1
108736 93673 1
108736 93712 1
108736 95610 1
108736 99410 1
108736 99411 1
108736 99412 1
108736 103025 1
108736 103077 1
108736 104727 1
108736 108735 1
108736 120269 1
108736 120476 1
108736 120477 1
108736 120478 1
108736 120479 1
108736 120480 1
108736 120481 1
108736 120482 1
108736 120483 1
108736 120484 1
108736 120485 1
108736 120486 1
108736 120487 2
108736 120488 1
108736 123792 2
120476 83754 1
120476 95610 1
120476 99410 1
120476 99411 1
120476 99412 1
120476 108735 1
120476 108736 1
120476 120477 2
120476 120478 1
120476 120479 1
120476 120480 1
120476 120481 1
120476 120482 1
120476 120483 1
120476 120484 1
120476 120485 1
120476 120486 1
120476 120487 1
120476 120488 1
120476 123166 1
120476 123792 1
120477 83754 1
120477 95610 1
120477 99410 1
120477 99411 1
120477 99412 1
120477 108735 1
120477 108736 1
120477 120476 2
120477 120478 1
120477 120479 1
120477 120480 1
120477 120481 1
120477 120482 1
120477 120483 1
120477 120484 1
120477 120485 1
120477 120486 1
120477 120487 1
120477 120488 1
120477 123166 1
120477 123792 1
120478 83754 1
120478 95610 1
120478 99410 1
120478 99411 1
120478 99412 1
120478 108735 1
120478 108736 1
120478 120476 1
120478 120477 1
120478 120479 1
120478 120480 2
120478 120481 1
120478 120482 2
120478 120483 1
120478 120484 1
120478 120485 1
120478 120486 1
120478 120487 1
120478 120488 1
120478 123792 1
120479 83754 1
120479 95610 2
120479 97769 1
120479 97770 1
120479 99410 1
120479 99411 1
120479 99412 1
120479 108735 1
120479 108736 1
120479 120476 1
120479 120477 1
120479 120478 1
120479 120480 1
120479 120481 1
120479 120482 1
120479 120483 1
120479 120484 1
120479 120485 1
120479 120486 1
120479 120487 1
120479 120488 1
120479 123792 1
120480 83754 1
120480 95610 1
120480 97312 1
120480 99410 1
120480 99411 1
120480 99412 1
120480 102179 1
120480 108735 1
120480 108736 1
120480 120476 1
120480 120477 1
120480 120478 2
120480 120479 1
120480 120481 1
120480 120482 3
120480 120483 1
120480 120484 1
120480 120485 1
120480 120486 2
120480 120487 1
120480 120488 1
120480 122769 1
120480 123792 1
120481 83754 1
120481 95610 1
120481 99410 1
120481 99411 1
120481 99412 1
120481 108735 1
120481 108736 1
120481 120476 1
120481 120477 1
120481 120478 1
120481 120479 1
120481 120480 1
120481 120482 1
120481 120483 1
120481 120484 1
120481 120485 1
120481 120486 1
120481 120487 1
120481 120488 1
120481 123792 1
120482 83754 1
120482 93711 1
120482 95610 1
120482 97312 1
120482 99410 1
120482 99411 1
120482 99412 1
120482 99785 1
120482 99823 1
120482 102179 1
120482 104599 1
120482 104625 1
120482 107512 1
120482 108735 1
120482 108736 1
120482 108741 1
120482 112208 1
120482 112209 1
120482 119616 1
120482 120476 1
120482 120477 1
120482 120478 2
120482 120479 1
120482 120480 3
120482 120481 1
120482 120483 1
120482 120484 1
120482 120485 1
120482 120486 1
120482 120487 1
120482 120488 1
120482 122046 1
120482 122769 1
120482 123792 1
120483 83754 1
120483 95610 1
120483 99410 1
120483 99411 1
120483 99412 1
120483 99728 1
120483 101455 1
120483 108735 1
120483 108736 1
120483 119048 1
120483 120476 1
120483 120477 1
120483 120478 1
120483 120479 1
120483 120480 1
120483 120481 1
120483 120482 1
120483 120484 1
120483 120485 1
120483 120486 1
120483 120487 1
120483 120488 1
120483 123792 1
120484 83754 1
120484 95610 1
120484 99408 1
120484 99410 1
120484 99411 1
120484 99412 3
120484 108735 1
120484 108736 1
120484 120476 1
120484 120477 1
120484 120478 1
120484 120479 1
120484 120480 1
120484 120481 1
120484 120482 1
120484 120483 1
120484 120485 3
120484 120486 1
120484 120487 1
120484 120488 1
120484 120784 1
120484 123792 1
120485 83754 1
120485 95610 1
120485 99408 1
120485 99410 1
120485 99411 1
120485 99412 1
120485 108735 1
120485 108736 1
120485 120476 1
120485 120477 1
120485 120478 1
120485 120479 1
120485 120480 1
120485 120481 1
120485 120482 1
120485 120483 1
120485 120484 3
120485 120486 1
120485 120487 1
120485 120488 1
120485 120784 1
120485 123792 1
120486 83754 1
120486 95610 1
120486 99410 1
120486 99411 1
120486 99412 1
120486 99785 1
120486 108735 1
120486 108736 1
120486 120476 1
120486 120477 1
120486 120478 1
120486 120479 1
120486 120480 2
120486 120481 1
120486 120482 1
120486 120483 1
120486 120484 1
120486 120485 1
120486 120487 1
120486 120488 1
120486 123792 1
120487 83754 1
120487 95610 1
120487 99410 1
120487 99411 1
120487 99412 1
120487 103077 1
120487 108735 1
120487 108736 2
120487 120476 1
120487 120477 1
120487 120478 1
120487 120479 1
120487 120480 1
120487 120481 1
120487 120482 1
120487 120483 1
120487 120484 1
120487 120485 1
120487 120486 1
120487 120488 1
120487 123792 2
120488 83754 1
120488 92804 1
120488 95610 1
120488 99410 1
120488 99411 1
120488 99412 1
120488 108735 1
120488 108736 1
120488 120476 1
120488 120477 1
120488 120478 1
120488 120479 1
120488 120480 1
120488 120481 1
120488 120482 1
120488 120483 1
120488 120484 1
120488 120485 1
120488 120486 1
120488 120487 1
120488 123792 1
123792 83754 1
123792 95610 1
123792 99410 1
123792 99411 1
123792 99412 1
123792 99793 1
123792 101932 1
123792 103064 1
123792 103081 1
123792 103475 1
123792 104645 1
123792 105381 1
123792 105875 1
123792 108735 1
123792 108736 2
123792 108776 1
123792 108921 1
123792 109564 1
123792 109701 1
123792 111035 1
123792 112208 1
123792 112209 1
123792 120476 1
123792 120477 1
123792 120478 1
123792 120479 1
123792 120480 1
123792 120481 1
123792 120482 1
123792 120483 1
123792 120484 1
123792 120485 1
123792 120486 1
123792 120487 2
123792 120488 1
123792 123444 1
93673 93671 1
93673 93703 1
93673 93704 1
93673 93712 1
93673 95288 1
93673 95295 1
93673 99786 1
93673 99828 1
93673 103025 1
93673 103077 1
93673 104727 1
93673 104728 1
93673 107717 1
93673 108736 1
93673 108912 1
93673 109558 1
93673 110847 1
93673 112208 1
93673 112328 1
93673 113655 1
93673 120269 1
93673 120285 1
93673 120542 1
93673 121837 1
93673 122181 1
93703 93673 1
93703 93704 1
93703 95288 1
93703 95295 1
93703 99786 1
93703 99828 1
93703 104596 1
93703 104599 1
93703 107717 1
93703 108912 1
93703 109558 1
93703 110847 1
93703 112208 1
93703 112209 1
93703 112328 1
93703 113655 1
93703 120285 1
93703 120542 1
93703 121837 1
93703 122046 1
93703 122181 1
93704 93673 1
93704 93703 1
93704 95288 1
93704 95295 1
93704 99786 1
93704 99828 1
93704 107717 1
93704 108912 1
93704 109558 1
93704 110847 1
93704 112208 1
93704 112328 1
93704 113655 1
93704 120285 1
93704 120542 1
93704 121837 1
93704 122181 1
93711 99785 1
93711 99823 1
93711 104599 1
93711 104625 1
93711 107512 1
93711 108741 1
93711 112208 1
93711 112209 1
93711 119616 1
93711 120482 1
93711 122046 1
94476 100796 1
94476 105838 1
94476 107447 1
94476 109480 1
94476 110782 2
94476 112208 1
94476 121839 1
94476 122046 1
94476 126121 1
95288 93673 1
95288 93703 1
95288 93704 1
95288 95295 1
95288 99786 1
95288 99828 1
95288 107717 1
95288 108912 1
95288 109558 1
95288 110847 1
95288 112208 1
95288 112328 1
95288 113655 1
95288 120285 1
95288 120542 1
95288 121837 1
95288 122181 1
95295 93673 1
95295 93703 1
95295 93704 1
95295 95288 1
95295 99786 1
95295 99828 1
95295 107717 1
95295 108912 1
95295 109558 1
95295 110847 1
95295 112208 1
95295 112328 1
95295 113655 1
95295 120285 1
95295 120542 1
95295 121837 1
95295 122181 1
99785 93711 1
99785 99823 1
99785 104599 1
99785 104625 1
99785 107512 1
99785 108741 1
99785 112208 1
99785 112209 1
99785 119616 1
99785 120482 1
99785 120486 1
99785 122046 1
99786 93673 1
99786 93703 1
99786 93704 1
99786 95288 1
99786 95295 1
99786 99828 1
99786 107717 1
99786 108912 1
99786 109558 1
99786 110847 1
99786 112208 1
99786 112328 1
99786 113655 1
99786 120285 1
99786 120542 1
99786 121837 1
99786 122181 1
99793 95294 1
99793 101932 2
99793 103064 1
99793 103081 2
99793 103475 1
99793 104645 1
99793 105875 1
99793 108776 1
99793 108921 1
99793 109564 1
99793 109701 1
99793 111035 2
99793 112208 1
99793 112209 1
99793 123444 1
99793 123792 1
99823 93711 1
99823 99785 1
99823 103377 1
99823 104599 1
99823 104625 1
99823 107512 1
99823 108741 1
99823 112208 1
99823 112209 1
99823 119616 1
99823 120482 1
99823 122046 1
99828 93673 1
99828 93703 1
99828 93704 1
99828 95288 1
99828 95295 1
99828 99786 1
99828 107717 1
99828 108912 1
99828 109558 1
99828 110847 1
99828 112208 1
99828 112328 1
99828 113567 1
99828 113655 1
99828 120285 1
99828 120542 1
99828 121837 1
99828 122181 1
101932 95294 1
101932 99793 2
101932 103064 1
101932 103081 1
101932 103475 1
101932 104645 1
101932 105875 1
101932 108776 1
101932 108921 1
101932 109564 1
101932 109701 1
101932 111035 2
101932 112208 1
101932 112209 1
101932 123444 1
101932 123792 1
103064 99793 1
103064 101932 1
103064 103081 1
103064 103475 1
103064 104645 1
103064 105875 1
103064 108776 1
103064 108921 1
103064 109564 1
103064 109701 1
103064 111035 1
103064 112208 1
103064 112209 1
103064 123444 1
103064 123792 1
103077 93671 1
103077 93673 1
103077 93712 1
103077 103025 1
103077 104625 1
103077 104664 1
103077 104680 1
103077 104727 1
103077 104730 1
103077 108736 1
103077 112205 1
103077 112206 1
103077 112207 1
103077 112208 1
103077 112209 1
103077 112210 1
103077 112211 1
103077 112212 1
103077 112213 1
103077 116401 1
103077 118300 1
103077 119616 1
103077 120171 1
103077 120263 1
103077 120264 1
103077 120269 1
103077 120487 1
103077 120654 1
103081 99793 2
103081 101932 1
103081 103064 1
103081 103475 1
103081 104645 1
103081 105875 1
103081 108776 1
103081 108921 1
103081 109564 1
103081 109701 1
103081 111035 1
103081 112208 1
103081 112209 1
103081 123444 1
103081 123792 1
103475 99793 1
103475 101932 1
103475 103064 1
103475 103081 1
103475 104645 1
103475 105875 1
103475 108776 1
103475 108921 2
103475 109564 1
103475 109701 1
103475 111035 1
103475 112208 1
103475 112209 1
103475 123444 1
103475 123792 1
104596 93703 1
104596 104599 1
104596 110847 1
104596 112208 1
104596 112209 3
104596 122046 1
104599 93703 1
104599 93711 1
104599 99785 1
104599 99823 1
104599 104596 1
104599 104625 1
104599 107512 1
104599 108741 1
104599 108743 1
104599 112208 1
104599 112209 2
104599 119616 1
104599 120482 1
104599 122046 2
104625 93689 1
104625 93711 1
104625 94943 1
104625 99785 1
104625 99823 1
104625 103077 1
104625 104116 1
104625 104351 1
104625 104599 1
104625 104603 1
104625 107512 1
104625 108741 1
104625 109260 1
104625 109261 1
104625 109262 1
104625 112208 1
104625 112209 1
104625 119616 1
104625 120482 1
104625 122046 1
104645 94943 1
104645 96284 1
104645 99793 1
104645 101932 1
104645 103032 1
104645 103064 1
104645 103081 1
104645 103475 1
104645 104730 1
104645 105709 1
104645 105875 1
104645 108776 1
104645 108921 1
104645 109564 1
104645 109701 1
104645 110808 1
104645 111035 1
104645 112208 1
104645 112209 1
104645 123216 1
104645 123217 1
104645 123218 1
104645 123220 1
104645 123221 1
104645 123223 1
104645 123444 1
104645 123792 1
104664 103077 1
104664 104680 1
104664 104730 1
104664 112205 1
104664 112206 1
104664 112207 1
104664 112208 1
104664 112209 1
104664 112210 1
104664 112211 1
104664 112212 1
104664 112213 1
104664 116401 1
104664 118300 1
104664 120171 1
104664 120263 1
104664 120264 1
104664 120654 1
104680 103077 1
104680 104664 1
104680 104730 1
104680 105875 1
104680 112205 1
104680 112206 1
104680 112207 1
104680 112208 1
104680 112209 1
104680 112210 1
104680 112211 1
104680 112212 1
104680 112213 1
104680 113655 1
104680 116401 1
104680 118300 1
104680 120171 1
104680 120263 1
104680 120264 1
104680 120654 1
104728 93673 1
104728 99860 1
104728 110663 1
104728 112056 2
104728 112208 1
104728 118289 1
104728 120791 1
104728 121322 1
104728 121662 1
104730 103077 1
104730 104645 1
104730 104664 1
104730 104680 1
104730 105835 1
104730 110808 1
104730 112205 1
104730 112206 1
104730 112207 1
104730 112208 1
104730 112209 1
104730 112210 1
104730 112211 1
104730 112212 1
104730 112213 1
104730 116401 1
104730 118300 1
104730 120171 1
104730 120263 1
104730 120264 1
104730 120654 1
104730 123216 1
104730 123217 1
104730 123218 1
104730 123220 1
104730 123221 1
104730 123223 1
105875 95294 1
105875 99793 1
105875 101932 1
105875 103064 1
105875 103081 1
105875 103475 1
105875 104645 1
105875 104680 1
105875 108776 1
105875 108921 1
105875 109564 1
105875 109701 1
105875 111035 1
105875 112208 1
105875 112209 2
105875 123444 1
105875 123792 1
107512 93711 1
107512 99785 1
107512 99823 1
107512 104599 1
107512 104625 1
107512 108741 1
107512 112208 1
107512 112209 1
107512 119616 1
107512 120482 1
107512 122046 1
107717 93673 1
107717 93703 1
107717 93704 1
107717 95288 1
107717 95295 1
107717 99786 1
107717 99828 1
107717 108912 1
107717 109558 1
107717 110847 1
107717 112208 1
107717 112328 1
107717 113655 1
107717 120285 1
107717 120542 1
107717 121837 1
107717 122181 1
108741 93711 1
108741 99785 1
108741 99823 1
108741 104599 1
108741 104625 1
108741 107512 1
108741 107803 1
108741 112208 1
108741 112209 1
108741 119616 1
108741 120482 1
108741 122036 1
108741 122046 1
108776 99793 1
108776 101932 1
108776 103064 1
108776 103081 1
108776 103475 1
108776 104645 1
108776 105875 1
108776 108921 1
108776 109564 1
108776 109701 1
108776 111035 1
108776 112208 1
108776 112209 1
108776 123444 1
108776 123792 1
108912 93673 1
108912 93703 1
108912 93704 1
108912 95288 1
108912 95295 1
108912 99786 1
108912 99828 1
108912 107717 1
108912 109558 1
108912 110847 1
108912 112208 1
108912 112328 1
108912 113655 1
108912 120285 1
108912 120542 1
108912 121837 1
108912 122181 1
108921 99793 1
108921 101932 1
108921 103064 1
108921 103081 1
108921 103475 2
108921 104645 1
108921 105875 1
108921 108776 1
108921 109564 1
108921 109701 1
108921 111035 1
108921 112208 1
108921 112209 1
108921 112210 1
108921 123444 1
108921 123792 1
109558 93673 1
109558 93703 1
109558 93704 1
109558 95288 1
109558 95295 1
109558 99786 1
109558 99828 1
109558 107717 1
109558 108912 1
109558 110847 1
109558 112208 1
109558 112328 1
109558 113655 1
109558 120285 1
109558 120542 1
109558 121837 1
109558 122046 1
109558 122181 1
109564 99793 1
109564 101932 1
109564 103064 1
109564 103081 1
109564 103475 1
109564 104645 1
109564 105875 1
109564 108776 1
109564 108921 1
109564 109701 1
109564 111035 1
109564 112208 1
109564 112209 1
109564 112210 1
109564 112212 1
109564 123444 1
109564 123792 1
109701 99793 1
109701 101932 1
109701 103064 1
109701 103081 1
109701 103475 1
109701 104645 1
109701 105875 1
109701 108776 1
109701 108921 1
109701 109564 1
109701 111035 1
109701 112208 1
109701 112209 1
109701 123444 1
109701 123792 1
110663 104728 1
110663 112208 1
110663 121322 1
110782 94476 2
110782 112208 1
110782 121839 1
110782 126121 1
110847 93673 1
110847 93703 1
110847 93704 1
110847 95288 1
110847 95295 1
110847 99786 1
110847 99828 1
110847 103377 1
110847 104596 1
110847 107717 1
110847 108912 1
110847 109558 1
110847 112208 1
110847 112209 1
110847 112328 1
110847 113655 1
110847 120285 1
110847 120542 1
110847 121837 1
110847 122046 1
110847 122122 1
110847 122123 1
110847 122181 1
111035 95294 1
111035 99793 2
111035 101932 2
111035 103064 1
111035 103081 1
111035 103475 1
111035 104645 1
111035 105875 1
111035 108776 1
111035 108921 1
111035 109564 1
111035 109701 1
111035 112208 1
111035 112209 1
111035 123444 1
111035 123792 1
112205 103077 1
112205 104664 1
112205 104680 1
112205 104730 1
112205 112206 1
112205 112207 1
112205 112208 1
112205 112209 1
112205 112210 1
112205 112211 1
112205 112212 1
112205 112213 1
112205 116401 1
112205 118300 1
112205 120171 1
112205 120263 1
112205 120264 1
112205 120654 1
112206 99811 1
112206 103077 1
112206 104664 1
112206 104680 1
112206 104730 1
112206 112205 1
112206 112207 1
112206 112208 1
112206 112209 1
112206 112210 1
112206 112211 1
112206 112212 1
112206 112213 1
112206 112707 1
112206 116401 1
112206 118300 1
112206 120015 1
112206 120171 1
112206 120263 1
112206 120264 1
112206 120654 1
112207 95294 1
112207 103077 1
112207 104664 1
112207 104680 1
112207 104730 1
112207 112205 1
112207 112206 1
112207 112208 1
112207 112209 1
112207 112210 1
112207 112211 1
112207 112212 1
112207 112213 1
112207 116401 1
112207 118300 1
112207 120171 1
112207 120263 1
112207 120264 1
112207 120654 1
112209 93703 1
112209 93711 1
112209 95294 1
112209 99785 1
112209 99793 1
112209 99823 1
112209 101932 1
112209 103064 1
112209 103077 1
112209 103081 1
112209 103089 1
112209 103377 1
112209 103475 1
112209 104596 3
112209 104599 2
112209 104625 1
112209 104645 1
112209 104664 1
112209 104680 1
112209 104730 1
112209 105835 1
112209 105875 2
112209 107512 1
112209 108741 1
112209 108776 1
112209 108921 1
112209 109262 1
112209 109564 1
112209 109701 1
112209 110847 1
112209 111035 1
112209 112205 1
112209 112206 1
112209 112207 1
112209 112208 3
112209 112210 1
112209 112211 1
112209 112212 1
112209 112213 1
112209 116401 1
112209 118300 1
112209 119616 1
112209 120171 1
112209 120263 1
112209 120264 1
112209 120482 1
112209 120654 1
112209 121838 1
112209 122046 2
112209 122122 1
112209 122123 1
112209 123444 1
112209 123792 1
112210 103077 1
112210 104664 1
112210 104680 1
112210 104730 1
112210 108921 1
112210 109564 1
112210 112205 1
112210 112206 1
112210 112207 1
112210 112208 1
112210 112209 1
112210 112211 1
112210 112212 2
112210 112213 1
112210 116401 1
112210 118300 1
112210 120171 1
112210 120263 1
112210 120264 1
112210 120654 1
112211 103077 1
112211 104664 1
112211 104680 1
112211 104730 1
112211 112205 1
112211 112206 1
112211 112207 1
112211 112208 1
112211 112209 1
112211 112210 1
112211 112212 1
112211 112213 1
112211 116401 1
112211 118300 1
112211 120171 1
112211 120263 1
112211 120264 1
112211 120654 1
112212 103077 1
112212 104664 1
112212 104680 1
112212 104730 1
112212 109564 1
112212 112205 1
112212 112206 1
112212 112207 1
112212 112208 1
112212 112209 1
112212 112210 2
112212 112211 1
112212 112213 1
112212 113655 1
112212 116401 1
112212 118300 1
112212 120171 1
112212 120263 1
112212 120264 1
112212 120654 1
112213 103077 1
112213 104664 1
112213 104680 1
112213 104730 1
112213 112205 1
112213 112206 1
112213 112207 1
112213 112208 1
112213 112209 1
112213 112210 1
112213 112211 1
112213 112212 1
112213 116401 1
112213 118300 1
112213 120171 1
112213 120263 1
112213 120264 1
112213 120654 1
112328 92807 1
112328 93673 1
112328 93703 1
112328 93704 1
112328 95288 1
112328 95295 1
112328 99786 1
112328 99828 1
112328 107717 1
112328 108912 1
112328 109558 1
112328 110847 1
112328 111610 1
112328 111714 1
112328 111738 1
112328 111943 1
112328 112208 1
112328 113558 1
112328 113655 1
112328 120285 1
112328 120542 1
112328 121837 1
112328 122181 1
113655 93673 1
113655 93703 1
113655 93704 1
113655 95288 1
113655 95295 1
113655 99786 1
113655 99828 1
113655 104680 1
113655 107717 1
113655 108912 1
113655 109558 1
113655 110847 1
113655 112208 1
113655 112212 1
113655 112328 1
113655 120285 1
113655 120542 1
113655 121837 1
113655 122181 1
116401 103077 1
116401 104664 1
116401 104680 1
116401 104730 1
116401 112205 1
116401 112206 1
116401 112207 1
116401 112208 1
116401 112209 1
116401 112210 1
116401 112211 1
116401 112212 1
116401 112213 1
116401 118300 1
116401 120171 1
116401 120263 1
116401 120264 1
116401 120654 1
118300 103077 1
118300 104664 1
118300 104680 1
118300 104730 1
118300 112205 1
118300 112206 1
118300 112207 1
118300 112208 1
118300 112209 1
118300 112210 1
118300 112211 1
118300 112212 1
118300 112213 1
118300 116401 1
118300 120171 1
118300 120263 1
118300 120264 1
118300 120654 1
119616 93711 1
119616 99785 1
119616 99823 1
119616 103077 1
119616 104599 1
119616 104625 1
119616 107512 1
119616 108741 1
119616 112208 1
119616 112209 1
119616 120482 1
119616 122046 1
120171 103077 1
120171 104664 1
120171 104680 1
120171 104730 1
120171 112205 1
120171 112206 1
120171 112207 1
120171 112208 1
120171 112209 1
120171 112210 1
120171 112211 1
120171 112212 1
120171 112213 1
120171 116401 1
120171 118300 1
120171 120263 1
120171 120264 1
120171 120654 1
120263 103077 1
120263 104664 1
120263 104680 1
120263 104730 1
120263 112205 1
120263 112206 1
120263 112207 1
120263 112208 1
120263 112209 1
120263 112210 1
120263 112211 1
120263 112212 1
120263 112213 1
120263 113686 1
120263 115724 1
120263 116401 1
120263 117512 1
120263 118300 1
120263 120171 1
120263 120264 1
120263 120536 1
120263 120654 1
120264 103077 1
120264 104664 1
120264 104680 1
120264 104730 1
120264 112205 1
120264 112206 1
120264 112207 1
120264 112208 1
120264 112209 1
120264 112210 1
120264 112211 1
120264 112212 1
120264 112213 1
120264 116401 1
120264 118300 1
120264 120171 1
120264 120263 1
120264 120654 1
120285 93673 1
120285 93703 1
120285 93704 1
120285 95288 1
120285 95295 1
120285 99786 1
120285 99828 1
120285 99902 1
120285 107717 1
120285 108912 1
120285 109558 1
120285 110847 1
120285 112208 1
120285 112328 1
120285 113567 1
120285 113655 1
120285 120288 1
120285 120536 1
120285 120542 1
120285 121298 1
120285 121837 1
120285 122181 1
120542 93673 1
120542 93703 1
120542 93704 1
120542 95288 1
120542 95295 1
120542 99786 1
120542 99828 1
120542 107717 1
120542 108912 1
120542 109558 1
120542 110847 1
120542 112208 1
120542 112328 1
120542 113655 1
120542 120285 1
120542 121837 1
120542 122181 1
120654 103077 1
120654 104664 1
120654 104680 1
120654 104730 1
120654 112205 1
120654 112206 1
120654 112207 1
120654 112208 1
120654 112209 1
120654 112210 1
120654 112211 1
120654 112212 1
120654 112213 1
120654 116401 1
120654 118300 1
120654 120171 1
120654 120263 1
120654 120264 1
121322 99860 2
121322 99902 1
121322 104717 1
121322 104728 1
121322 110663 1
121322 112055 1
121322 112208 1
121322 118707 1
121322 118759 1
121322 120302 1
121322 120791 1
121322 121315 1
121322 121320 1
121837 93673 1
121837 93703 1
121837 93704 1
121837 95288 1
121837 95295 1
121837 99786 1
121837 99828 1
121837 107717 1
121837 108912 1
121837 109558 1
121837 110847 1
121837 112208 1
121837 112328 1
121837 113655 1
121837 120285 1
121837 120542 1
121837 122181 1
121839 94476 1
121839 110782 1
121839 112208 1
121839 126121 1
121928 112208 1
121928 122903 1
122046 93703 1
122046 93711 1
122046 94476 1
122046 99785 1
122046 99823 1
122046 103377 1
122046 104596 1
122046 104599 2
122046 104625 1
122046 107512 1
122046 108741 1
122046 109480 1
122046 109558 1
122046 110847 1
122046 112208 1
122046 112209 2
122046 119616 1
122046 120482 1
122046 122122 1
122046 122123 1
122181 93673 1
122181 93703 1
122181 93704 1
122181 95288 1
122181 95295 1
122181 99786 1
122181 99828 1
122181 107717 1
122181 108912 1
122181 109558 1
122181 110847 1
122181 112208 1
122181 112328 1
122181 113655 1
122181 120285 1
122181 120542 1
122181 121837 1
122903 104605 1
122903 112208 1
122903 121928 1
123444 99793 1
123444 101932 1
123444 103064 1
123444 103081 1
123444 103475 1
123444 104645 1
123444 105875 1
123444 108776 1
123444 108921 1
123444 109564 1
123444 109701 1
123444 111035 1
123444 112208 1
123444 112209 1
123444 123792 1
126121 94476 1
126121 110782 1
126121 112208 1
126121 121839 1
84201 115985 1
84201 118805 1
84201 120797 1
99902 104717 2
99902 111749 1
99902 111772 1
99902 117512 1
99902 117518 1
99902 118308 1
99902 118322 3
99902 118361 1
99902 118362 1
99902 118363 1
99902 118364 1
99902 118449 1
99902 118754 2
99902 118805 1
99902 119822 1
99902 120285 1
99902 120536 1
99902 121315 1
99902 121320 1
99902 121322 1
104622 105839 1
104622 109480 1
104622 111647 1
104622 111743 1
104622 113925 1
104622 118805 1
104622 120288 1
104622 121313 1
104622 121804 1
104717 99902 2
104717 111749 1
104717 111772 1
104717 117512 1
104717 117518 1
104717 118322 1
104717 118361 1
104717 118362 1
104717 118363 1
104717 118364 1
104717 118449 1
104717 118754 1
104717 118757 1
104717 118805 1
104717 119822 1
104717 120536 1
104717 121315 1
104717 121320 1
104717 121322 1
105839 104622 1
105839 109480 1
105839 111647 1
105839 111743 1
105839 113925 1
105839 118805 1
105839 120288 1
105839 121313 1
105839 121804 1
109480 94476 1
109480 104622 1
109480 105839 1
109480 111647 1
109480 111743 1
109480 113925 1
109480 118805 1
109480 120288 1
109480 121313 1
109480 121804 1
109480 122046 1
111345 111344 1
111345 111346 1
111345 117347 1
111345 118805 1
111345 121662 1
111647 104622 1
111647 105839 1
111647 109480 1
111647 111743 2
111647 113925 1
111647 118745 1
111647 118746 1
111647 118805 1
111647 120288 2
111647 121313 1
111647 121804 2
111647 124915 1
111743 104622 1
111743 105839 1
111743 109480 1
111743 110666 1
111743 111647 2
111743 113925 1
111743 118805 1
111743 120288 3
111743 121313 1
111743 121804 3
111749 99902 1
111749 104717 1
111749 111772 1
111749 111797 1
111749 117512 1
111749 117518 1
111749 118322 1
111749 118361 1
111749 118362 1
111749 118363 1
111749 118364 1
111749 118449 1
111749 118754 1
111749 118805 1
111749 119822 1
111749 120536 1
111772 99902 1
111772 104717 1
111772 111749 1
111772 111786 1
111772 117512 2
111772 117518 1
111772 118308 1
111772 118322 1
111772 118361 1
111772 118362 1
111772 118363 1
111772 118364 1
111772 118449 1
111772 118754 1
111772 118805 1
111772 119822 1
111772 120536 1
113925 104622 1
113925 105839 1
113925 109480 1
113925 111647 1
113925 111743 1
113925 118805 1
113925 120288 1
113925 121313 1
113925 121804 1
114711 117530 1
114711 118805 1
114711 119490 1
114711 119491 1
114711 120583 1
114711 120946 1
114711 120988 2
115985 84201 1
115985 93374 1
115985 110344 1
115985 118805 1
115985 120077 1
115985 120141 1
115985 120797 1
117512 99902 1
117512 104717 1
117512 111749 1
117512 111772 2
117512 111786 2
117512 113567 1
117512 117518 1
117512 118308 1
117512 118322 1
117512 118361 1
117512 118362 1
117512 118363 1
117512 118364 1
117512 118449 1
117512 118754 2
117512 118759 1
117512 118805 1
117512 119822 1
117512 120180 1
117512 120218 1
117512 120263 1
117512 120536 2
117512 120797 1
117518 99902 1
117518 104717 1
117518 111749 1
117518 111772 1
117518 117512 1
117518 118322 1
117518 118361 1
117518 118362 1
117518 118363 1
117518 118364 1
117518 118449 1
117518 118754 1
117518 118757 1
117518 118759 1
117518 118805 1
117518 119822 1
117518 120536 1
117530 114711 1
117530 118805 1
117530 119490 1
117530 119491 1
117530 120583 1
117530 120946 1
117530 120988 1
118322 99902 3
118322 104717 1
118322 111749 1
118322 111772 1
118322 117512 1
118322 117518 1
118322 118308 1
118322 118361 1
118322 118362 1
118322 118363 1
118322 118364 1
118322 118449 1
118322 118754 2
118322 118805 1
118322 119822 1
118322 120536 1
118361 99902 1
118361 104717 1
118361 111749 1
118361 111772 1
118361 117512 1
118361 117518 1
118361 118322 1
118361 118362 1
118361 118363 1
118361 118364 1
118361 118449 1
118361 118754 1
118361 118805 1
118361 119822 1
118361 120536 1
118362 99902 1
118362 104717 1
118362 111749 1
118362 111772 1
118362 117512 1
118362 117518 1
118362 118322 1
118362 118361 1
118362 118363 1
118362 118364 1
118362 118449 1
118362 118754 1
118362 118805 1
118362 119822 1
118362 120536 1
118363 99902 1
118363 104717 1
118363 111749 1
118363 111772 1
118363 117512 1
118363 117518 1
118363 118322 1
118363 118361 1
118363 118362 1
118363 118364 1
118363 118449 1
118363 118754 1
118363 118805 1
118363 119822 1
118363 120536 1
118364 99902 1
118364 104717 1
118364 111749 1
118364 111772 1
118364 111797 1
118364 115724 1
118364 117512 1
118364 117518 1
118364 118322 1
118364 118361 1
118364 118362 1
118364 118363 1
118364 118449 1
118364 118754 1
118364 118805 1
118364 119822 2
118364 120536 1
118449 99902 1
118449 104717 1
118449 111749 1
118449 111772 1
118449 113567 1
118449 117512 1
118449 117518 1
118449 118322 1
118449 118361 1
118449 118362 1
118449 118363 1
118449 118364 1
118449 118754 1
118449 118805 1
118449 119822 1
118449 120536 1
119490 114711 1
119490 117530 1
119490 118805 1
119490 119491 1
119490 120583 1
119490 120946 1
119490 120988 1
119491 114711 1
119491 117530 1
119491 118805 1
119491 119490 1
119491 120583 1
119491 120946 1
119491 120988 1
119822 99902 1
119822 99914 1
119822 104717 1
119822 111749 1
119822 111772 1
119822 111797 1
119822 115724 1
119822 117512 1
119822 117518 1
119822 118322 1
119822 118361 1
119822 118362 1
119822 118363 1
119822 118364 2
119822 118449 1
119822 118754 1
119822 118805 1
119822 120536 1
120179 117346 1
120179 117347 1
120179 118805 1
120288 104622 1
120288 105839 1
120288 108906 1
120288 109480 1
120288 111647 2
120288 111743 3
120288 113567 1
120288 113925 1
120288 118805 1
120288 120285 1
120288 121313 1
120288 121804 3
120536 99902 1
120536 104717 1
120536 111749 1
120536 111772 1
120536 117512 2
120536 117518 1
120536 118322 1
120536 118361 1
120536 118362 1
120536 118363 1
120536 118364 1
120536 118449 1
120536 118754 1
120536 118805 1
120536 119822 1
120536 120263 1
120536 120285 1
120536 120540 1
120536 121298 1
120583 114711 1
120583 117530 1
120583 118805 1
120583 119490 1
120583 119491 1
120583 120946 1
120583 120988 1
120797 84201 1
120797 111786 1
120797 115610 1
120797 115985 1
120797 117512 1
120797 118805 1
120946 114711 1
120946 117530 1
120946 118805 1
120946 119490 1
120946 119491 1
120946 120583 1
120946 120988 1
121313 104622 1
121313 105839 1
121313 109480 1
121313 111647 1
121313 111743 1
121313 113925 1
121313 118805 1
121313 120288 1
121313 121314 1
121313 121804 1
121662 104728 1
121662 111345 1
121662 116746 1
121662 117347 1
121662 118805 1
121662 123377 1
121804 104622 1
121804 105839 1
121804 109480 1
121804 111647 2
121804 111743 3
121804 112058 1
121804 113925 1
121804 118805 1
121804 120288 3
121804 121313 1
113895 51845 1
113895 71486 1
113895 76315 1
113895 108074 1
113895 113897 1
113895 117515 1
113895 118808 1
113895 119949 1
113895 124981 1
65093 75707 1
65093 101867 1
65093 101868 1
65093 112705 1
65093 118810 1
75707 65093 1
75707 101867 1
75707 101868 1
75707 112705 1
75707 118810 1
93366 93374 2
93366 112643 1
93366 112644 1
93366 112704 1
93366 112705 1
93366 112706 1
93366 112707 1
93366 112708 1
93366 117345 1
93366 118810 1
93366 119794 1
93366 120584 1
93366 120951 1
93366 127289 1
93374 93366 2
93374 110344 1
93374 112643 1
93374 112704 1
93374 112705 1
93374 112706 1
93374 112707 1
93374 112708 1
93374 115985 1
93374 117345 1
93374 118810 1
93374 119794 1
93374 120951 1
93374 127289 1
101867 65093 1
101867 75707 1
101867 101868 1
101867 112705 1
101867 118810 1
101868 65093 1
101868 75707 1
101868 97644 1
101868 101867 1
101868 107697 1
101868 108655 1
101868 109416 1
101868 112705 1
101868 118810 1
101868 124885 1
102697 102693 5
102697 102696 2
102697 112640 1
102697 112642 1
102697 112643 1
102697 112644 1
102697 112646 3
102697 112647 1
102697 112705 1
102697 116747 1
102697 117345 1
102697 117346 1
102697 117347 2
102697 117352 1
102697 118751 1
102697 118810 1
102697 119796 1
102697 120951 1
102697 120988 1
102697 121352 1
102697 127793 1
112643 93366 1
112643 93374 1
112643 102693 1
112643 102696 1
112643 102697 1
112643 112640 1
112643 112642 1
112643 112644 1
112643 112646 1
112643 112647 1
112643 112704 1
112643 112705 1
112643 112706 1
112643 112707 1
112643 112708 1
112643 117345 1
112643 118810 1
112643 119794 1
112643 127289 1
112646 102693 2
112646 102696 2
112646 102697 3
112646 112059 1
112646 112640 1
112646 112642 1
112646 112643 1
112646 112644 1
112646 112647 2
112646 112705 1
112646 117345 1
112646 117347 1
112646 117352 1
112646 118751 1
112646 118810 1
112646 119796 1
112646 120988 1
112646 121352 1
112704 93366 1
112704 93374 1
112704 112643 1
112704 112705 1
112704 112706 1
112704 112707 1
112704 112708 1
112704 117345 1
112704 118810 1
112704 119794 1
112704 127289 1
112705 65093 1
112705 75707 1
112705 90881 1
112705 93366 1
112705 93374 1
112705 101867 1
112705 101868 1
112705 102693 1
112705 102696 1
112705 102697 1
112705 112643 1
112705 112646 1
112705 112704 1
112705 112706 1
112705 112707 1
112705 112708 1
112705 117345 2
112705 117347 1
112705 117352 1
112705 118751 1
112705 118810 3
112705 119794 1
112705 119796 1
112705 120988 1
112705 121352 1
112705 127289 1
117345 93366 1
117345 93374 1
117345 102693 1
117345 102696 1
117345 102697 1
117345 112643 1
117345 112646 1
117345 112647 1
117345 112704 1
117345 112705 2
117345 112706 5
117345 112707 2
117345 112708 2
117345 113567 1
117345 117121 1
117345 117346 6
117345 117347 4
117345 117352 18
117345 117357 1
117345 118751 2
117345 118810 2
117345 119794 2
117345 119796 4
117345 120015 1
117345 120036 1
117345 120988 1
117345 121352 2
117345 122629 1
117345 124981 1
117345 127289 1
117352 102693 1
117352 102696 1
117352 102697 1
117352 112646 1
117352 112647 1
117352 112705 1
117352 112706 4
117352 112707 1
117352 112708 1
117352 113567 1
117352 117121 1
117352 117345 18
117352 117346 6
117352 117347 4
117352 117357 1
117352 118751 2
117352 118810 1
117352 119794 1
117352 119796 4
117352 120015 1
117352 120036 1
117352 120988 1
117352 121352 2
117352 122629 1
117352 124981 1
118811 103408 1
118811 104368 1
118811 112891 1
118811 113567 2
118811 117346 1
118811 117347 1
118811 118810 1
118811 118812 1
118811 118813 1
118811 118814 1
118813 117346 1
118813 117347 1
118813 118810 1
118813 118811 1
118813 118812 1
118813 118814 1
118814 117346 1
118814 117347 1
118814 118810 1
118814 118811 1
118814 118812 1
118814 118813 1
118814 119796 1
119796 102693 2
119796 102696 1
119796 102697 1
119796 112646 1
119796 112647 1
119796 112705 1
119796 112708 1
119796 113567 1
119796 117121 1
119796 117345 4
119796 117346 7
119796 117347 4
119796 117352 4
119796 118751 2
119796 118810 1
119796 118814 1
119796 119794 2
119796 119797 1
119796 120036 1
119796 120988 1
119796 121352 2
119796 122629 1
119796 124915 1
119796 124981 1
127289 93366 1
127289 93374 1
127289 112643 1
127289 112704 1
127289 112705 1
127289 112706 1
127289 112707 1
127289 112708 1
127289 117345 1
127289 118810 1
127289 119794 1
64806 76198 1
64806 93440 1
64806 111786 1
64806 119949 1
76198 64806 1
76198 93440 1
76198 111786 1
76198 119949 1
92807 95079 1
92807 100776 1
92807 112328 1
92807 114427 1
92807 114428 1
92807 114429 1
92807 116746 1
92807 117347 1
92807 118706 1
92807 118707 1
92807 118912 1
92807 119949 1
92807 121156 1
92807 121308 1
92807 122807 1
92807 123165 1
92807 123166 1
93440 64806 1
93440 76198 1
93440 87450 1
93440 93441 1
93440 111786 1
93440 119949 1
93440 123192 1
93440 127560 1
95079 92807 1
95079 100776 1
95079 114427 1
95079 114428 1
95079 114429 1
95079 117347 1
95079 118706 1
95079 118707 1
95079 118912 1
95079 119949 1
95079 121156 1
95079 121308 1
95079 122807 1
95079 123165 1
95079 123166 1
100776 92807 1
100776 95079 1
100776 99860 1
100776 114427 1
100776 114428 1
100776 114429 1
100776 117347 1
100776 118289 1
100776 118706 1
100776 118707 1
100776 118912 1
100776 119949 1
100776 121156 1
100776 121308 1
100776 122807 1
100776 123165 1
100776 123166 1
114427 92807 1
114427 95079 1
114427 100776 1
114427 114428 1
114427 114429 1
114427 117347 1
114427 118706 1
114427 118707 1
114427 118912 1
114427 119949 1
114427 121156 1
114427 121308 1
114427 122807 1
114427 123165 1
114427 123166 1
114428 92807 1
114428 95079 1
114428 100776 1
114428 114427 1
114428 114429 1
114428 117347 1
114428 118706 1
114428 118707 1
114428 118912 1
114428 119949 1
114428 121156 1
114428 121308 1
114428 122807 1
114428 123165 1
114428 123166 1
114429 92807 1
114429 95079 1
114429 100776 1
114429 114427 1
114429 114428 1
114429 117347 1
114429 118706 1
114429 118707 1
114429 118912 1
114429 119949 1
114429 121156 1
114429 121308 1
114429 122807 1
114429 123165 1
114429 123166 1
118706 92807 1
118706 95079 1
118706 100776 1
118706 113897 1
118706 114427 1
118706 114428 1
118706 114429 1
118706 117347 1
118706 118707 2
118706 118912 1
118706 119949 1
118706 121156 1
118706 121308 1
118706 122807 1
118706 123165 1
118706 123166 1
118707 92807 1
118707 95079 1
118707 100776 1
118707 113897 1
118707 114427 1
118707 114428 1
118707 114429 1
118707 117347 1
118707 118706 2
118707 118912 1
118707 119949 1
118707 121156 1
118707 121308 1
118707 121322 1
118707 122807 1
118707 123165 1
118707 123166 1
118912 92807 1
118912 95079 1
118912 100776 1
118912 114427 1
118912 114428 1
118912 114429 1
118912 117347 1
118912 118706 1
118912 118707 1
118912 119949 1
118912 120077 1
118912 120513 1
118912 120791 1
118912 121156 1
118912 121308 1
118912 122807 2
118912 123165 1
118912 123166 1
121156 92807 1
121156 95079 1
121156 100776 1
121156 114427 1
121156 114428 1
121156 114429 1
121156 117347 1
121156 118706 1
121156 118707 1
121156 118912 1
121156 119949 1
121156 121308 1
121156 122807 1
121156 123165 1
121156 123166 1
121308 92807 1
121308 95079 1
121308 100776 1
121308 114427 1
121308 114428 1
121308 114429 1
121308 117347 1
121308 118706 1
121308 118707 1
121308 118912 1
121308 119949 1
121308 121156 1
121308 122807 1
121308 123165 1
121308 123166 1
122807 92807 1
122807 95079 1
122807 100776 1
122807 114427 1
122807 114428 1
122807 114429 1
122807 117347 1
122807 118706 1
122807 118707 1
122807 118912 2
122807 119949 1
122807 121156 1
122807 121308 1
122807 122550 1
122807 123165 1
122807 123166 1
123165 92807 1
123165 95079 1
123165 100776 1
123165 114427 1
123165 114428 1
123165 114429 1
123165 117347 1
123165 118706 1
123165 118707 1
123165 118912 1
123165 119949 1
123165 121156 1
123165 121308 1
123165 122807 1
123165 123166 2
123166 92807 1
123166 95079 1
123166 100776 1
123166 114427 1
123166 114428 1
123166 114429 1
123166 117347 1
123166 118706 1
123166 118707 1
123166 118912 1
123166 119949 1
123166 120476 1
123166 120477 1
123166 121156 1
123166 121308 1
123166 122807 1
123166 123165 2
103089 103377 1
103089 105835 1
103089 109262 1
103089 112209 1
103089 121838 1
103089 122122 1
103089 122123 1
103377 99823 1
103377 103089 1
103377 105835 1
103377 109262 1
103377 110847 1
103377 112209 1
103377 121838 1
103377 122046 1
103377 122122 2
103377 122123 2
105835 103089 1
105835 103377 1
105835 104730 1
105835 109262 1
105835 112209 1
105835 121838 1
105835 122122 1
105835 122123 1
109262 103089 1
109262 103377 1
109262 104625 1
109262 105835 1
109262 109260 1
109262 109261 1
109262 112209 1
109262 121838 1
109262 122122 1
109262 122123 1
122122 103089 1
122122 103377 2
122122 105835 1
122122 109262 1
122122 110847 1
122122 112209 1
122122 121838 1
122122 122046 1
122122 122123 3
122123 103089 1
122123 103377 2
122123 105835 1
122123 109262 1
122123 110847 1
122123 112209 1
122123 121838 1
122123 122046 1
122123 122122 3
104126 115724 1
104126 118308 1
104126 120218 1
104126 121330 1
104126 122455 1
104126 122629 1
104126 123741 1
110344 93374 1
110344 115985 1
110344 122629 1
112647 102693 1
112647 102696 1
112647 102697 1
112647 112640 1
112647 112642 1
112647 112643 1
112647 112644 1
112647 112646 2
112647 113567 1
112647 116745 1
112647 116746 1
112647 116747 1
112647 116748 1
112647 116749 1
112647 117121 1
112647 117345 1
112647 117346 1
112647 117352 1
112647 118751 1
112647 119794 1
112647 119796 1
112647 120036 1
112647 122629 1
112647 124981 1
113677 116749 1
113677 118749 1
113677 122629 1
113677 127031 1
115724 99914 1
115724 104126 1
115724 111797 2
115724 112059 1
115724 113686 1
115724 118308 1
115724 118364 1
115724 119822 1
115724 120218 1
115724 120263 1
115724 121330 1
115724 122455 1
115724 122629 1
115724 123741 1
117121 112647 1
117121 113567 1
117121 117345 1
117121 117346 1
117121 117352 1
117121 118751 1
117121 119794 1
117121 119796 1
117121 120036 1
117121 122629 1
117121 124981 1
118308 99902 1
118308 104126 1
118308 111772 1
118308 111786 1
118308 115724 1
118308 117512 1
118308 118322 1
118308 118754 1
118308 120218 1
118308 121330 1
118308 122455 1
118308 122629 1
118308 123741 1
120218 104126 1
120218 115724 1
120218 117512 1
120218 118308 1
120218 118754 1
120218 121330 1
120218 122455 1
120218 122629 1
120218 123741 1
121330 104126 1
121330 115610 1
121330 115724 1
121330 116395 1
121330 118308 1
121330 120218 1
121330 122455 1
121330 122629 1
121330 123741 1
122455 103408 1
122455 104126 1
122455 115724 1
122455 118308 1
122455 120218 1
122455 121330 1
122455 122629 1
122455 123741 1
123741 104126 1
123741 115724 1
123741 118308 1
123741 120218 1
123741 121330 1
123741 122455 1
123741 122629 1
125096 125095 1
117357 112706 1
117357 117345 1
117357 117352 1
120230 112891 1
120230 120584 1
120230 120957 1
120230 122192 1
120230 123377 1
120584 93366 1
120584 112644 1
120584 112891 1
120584 116750 1
120584 120230 1
120584 120957 1
120584 122192 1
120584 123377 1
122192 112891 1
122192 118291 1
122192 120230 1
122192 120584 1
122192 120957 1
122192 123377 2
123377 112891 1
123377 120230 1
123377 120584 1
123377 120585 1
123377 120957 1
123377 121662 1
123377 122192 2
99835 99914 1
99835 116746 1
99835 123963 1
116745 112647 1
116745 116746 1
116745 116747 1
116745 116748 1
116745 116749 1
116747 102693 1
116747 102697 1
116747 112647 1
116747 116745 1
116747 116746 1
116747 116748 1
116747 116749 1
116747 118148 1
104612 116750 1
104612 125289 1
125289 104112 1
125289 104612 1
125289 104644 1
125289 111674 1
125289 111941 1
125289 112048 1
125289 114037 1
125289 116750 1
125289 121523 1
125289 125290 2
93380 93382 2
93380 118146 1
93382 93380 2
93382 118146 1
101678 119395 1
101678 127053 1
111087 119395 1
118343 119395 1
118797 119395 1
119396 119395 1
127053 101678 1
127053 119395 1
127787 113567 1
127787 119395 1
90881 102693 1
90881 112705 1
112640 102693 1
112640 102696 1
112640 102697 1
112640 112642 1
112640 112643 1
112640 112644 1
112640 112646 1
112640 112647 1
112642 102693 1
112642 102696 1
112642 102697 1
112642 112640 1
112642 112643 1
112642 112644 1
112642 112646 1
112642 112647 1
112644 93366 1
112644 102693 1
112644 102696 1
112644 102697 1
112644 112640 1
112644 112642 1
112644 112643 1
112644 112646 1
112644 112647 1
112644 120584 1
120951 93366 1
120951 93374 1
120951 102693 1
120951 102697 1
120951 127793 1
127793 102693 1
127793 102697 1
127793 120951 1
110274 116749 1
118746 111647 1
118746 118745 1
118746 124915 1
124915 111647 1
124915 118745 1
124915 118746 1
124915 119796 1
116154 113567 1
116154 116155 1
116154 118751 1
116155 113567 1
116155 116154 1
116155 118751 1
111346 111344 1
111346 111345 1
111346 118868 1
120513 118912 1
120513 120077 1
120513 120791 1
121250 126118 1
54832 118753 1
100741 125614 1
100741 127087 1
127087 100741 1
127087 125614 1
110698 99860 1
123963 99835 1
123963 99874 3
123963 99914 1
123963 127595 1
94469 99437 1
94469 99767 1
94469 102167 1
94469 103020 1
94469 104343 1
94469 126008 1
99437 94469 1
99437 99767 1
99437 102167 1
99437 103020 1
99437 104343 1
99437 126008 1
99767 94469 1
99767 99437 1
99767 102167 1
99767 103020 1
99767 104343 1
99767 126008 1
102167 94469 1
102167 99437 1
102167 99767 1
102167 103020 1
102167 104343 1
102167 126008 1
104343 94469 1
104343 99437 1
104343 99767 1
104343 102167 1
104343 103020 1
104343 126008 1
126008 94469 1
126008 99437 1
126008 99767 1
126008 102167 1
126008 103020 1
126008 104343 1
104112 104644 1
104112 111674 1
104112 111941 1
104112 112048 1
104112 114037 1
104112 121523 1
104112 125289 1
104112 125290 1
111674 104112 1
111674 104644 1
111674 111941 1
111674 112048 1
111674 114037 1
111674 121523 1
111674 125289 1
111674 125290 1
111941 104112 1
111941 104644 1
111941 109080 1
111941 111674 1
111941 112048 1
111941 114037 1
111941 121523 1
111941 122548 1
111941 125289 1
111941 125290 1
114037 104112 1
114037 104644 1
114037 111674 1
114037 111941 1
114037 112048 1
114037 121523 1
114037 125289 1
114037 125290 1
121523 104112 1
121523 104644 1
121523 111674 1
121523 111941 1
121523 112048 1
121523 114037 1
121523 125289 1
121523 125290 1
125290 104112 1
125290 104644 1
125290 111674 1
125290 111941 1
125290 112048 1
125290 114037 1
125290 121523 1
125290 125289 2
101463 112055 1
101463 123081 1
123081 101463 1
123081 112055 1
105693 113567 1
113704 118437 1
104716 121104 1
104716 121105 1
104716 121106 1
104716 121108 1
104716 121109 1
104716 121110 1
104722 108800 1
104722 110680 1
104722 113512 1
104722 121110 1
104722 121942 1
104722 121944 1
108800 104722 1
108800 110680 1
108800 113512 1
108800 121110 1
108800 121942 1
108800 121944 1
110680 104722 1
110680 108800 1
110680 113512 1
110680 121110 1
110680 121942 1
110680 121944 1
113512 104722 1
113512 108800 1
113512 110680 1
113512 121110 1
113512 121942 1
113512 121944 1
121104 104716 1
121104 121105 1
121104 121106 1
121104 121108 1
121104 121109 1
121104 121110 1
121105 104716 1
121105 121104 1
121105 121106 1
121105 121108 1
121105 121109 1
121105 121110 1
121106 104716 1
121106 121104 1
121106 121105 1
121106 121108 1
121106 121109 1
121106 121110 1
121108 104716 1
121108 121104 1
121108 121105 1
121108 121106 1
121108 121109 1
121108 121110 1
121109 104716 1
121109 121104 1
121109 121105 1
121109 121106 1
121109 121108 1
121109 121110 1
121942 104722 1
121942 108800 1
121942 110680 1
121942 113512 1
121942 121110 1
121942 121944 1
121944 104722 1
121944 108800 1
121944 110680 1
121944 113512 1
121944 121110 1
121944 121942 1
27751 34336 1
47591 99839 1
47591 99866 1
47591 112260 1
47591 120335 1
47591 120791 1
99839 47591 1
99839 99866 1
99839 112260 1
99839 120791 1
99866 47591 1
99866 99839 1
99866 112260 1
99866 120791 1
112260 47591 1
112260 99839 1
112260 99866 1
112260 120791 1
126569 73189 1
121073 83253 1
88392 89688 1
88392 126484 1
126484 88392 1
126484 89688 1
91902 100045 1
91902 101116 1
100045 91902 1
100045 101116 1
104185 101116 1
115886 83754 1
115886 115887 1
115887 83754 1
115887 115886 1
93671 93673 1
93671 93712 1
93671 103025 1
93671 103077 1
93671 104727 1
93671 108736 1
93671 120269 1
93712 93671 1
93712 93673 1
93712 103025 1
93712 103077 1
93712 104727 1
93712 108736 1
93712 120269 1
103025 93671 1
103025 93673 1
103025 93712 1
103025 103077 1
103025 104727 1
103025 108736 1
103025 120269 1
104727 93671 1
104727 93673 1
104727 93712 1
104727 103025 1
104727 103077 1
104727 104726 1
104727 108736 1
104727 120269 1
120269 93671 1
120269 93673 1
120269 93712 1
120269 103025 1
120269 103077 1
120269 104727 1
120269 108736 1
97769 97770 1
97769 120479 1
97770 97769 1
97770 120479 1
97312 102179 1
97312 120480 1
97312 120482 1
97312 122769 1
102179 97312 1
102179 120480 1
102179 120482 1
102179 122769 1
122769 97312 1
122769 102179 1
122769 120480 1
122769 120482 1
99728 101455 1
99728 119048 1
99728 120483 1
101455 99728 1
101455 119048 1
101455 120483 1
119048 99728 1
119048 101455 1
119048 119045 1
119048 119049 1
119048 120483 1
99408 120484 1
99408 120485 1
99408 120784 1
120784 99408 1
120784 120484 1
120784 120485 1
92804 120488 1
105381 123792 1
100796 94476 1
105838 94476 1
105838 107447 1
107447 94476 1
107447 105838 1
108743 104599 1
93689 104625 1
94943 96284 1
94943 103032 1
94943 104116 1
94943 104603 1
94943 104625 1
94943 104645 1
94943 105709 1
104116 94943 1
104116 104603 1
104116 104625 1
104351 104625 1
104603 94943 1
104603 104116 1
104603 104625 1
109260 104625 1
109260 109261 1
109260 109262 1
109261 104625 1
109261 109260 1
109261 109262 1
96284 94943 1
96284 103032 1
96284 104645 1
96284 105709 1
103032 94943 1
103032 96284 1
103032 104645 1
103032 105709 1
105709 94943 1
105709 96284 1
105709 103032 1
105709 104645 1
110808 104645 1
110808 104730 1
110808 123216 1
110808 123217 1
110808 123218 1
110808 123220 1
110808 123221 1
110808 123223 1
123216 104645 1
123216 104730 1
123216 110808 1
123216 123217 1
123216 123218 1
123216 123220 1
123216 123221 1
123216 123223 1
123217 104645 1
123217 104730 1
123217 110808 1
123217 123216 1
123217 123218 1
123217 123220 1
123217 123221 1
123217 123223 1
123218 104645 1
123218 104730 1
123218 110808 1
123218 123216 1
123218 123217 1
123218 123220 1
123218 123221 1
123218 123223 1
123220 104645 1
123220 104730 1
123220 110808 1
123220 123216 1
123220 123217 1
123220 123218 1
123220 123221 1
123220 123223 1
123221 104645 1
123221 104730 1
123221 110808 1
123221 123216 1
123221 123217 1
123221 123218 1
123221 123220 1
123221 123223 1
123223 104645 1
123223 104730 1
123223 110808 1
123223 123216 1
123223 123217 1
123223 123218 1
123223 123220 1
123223 123221 1
107803 108741 1
107803 122036 1
122036 107803 1
122036 108741 1
99811 112206 1
111610 111714 1
111610 111738 1
111610 111943 1
111610 112328 1
111714 111610 1
111714 111738 1
111714 111943 1
111714 112328 1
111738 111610 1
111738 111714 1
111738 111943 1
111738 112328 1
111943 111610 1
111943 111714 1
111943 111738 1
111943 112328 1
120302 121322 1
121315 99902 1
121315 104717 1
121315 121320 1
121315 121322 1
121320 99902 1
121320 104717 1
121320 121315 1
121320 121322 1
104605 122903 1
111344 110556 1
111344 110991 1
111344 111345 1
111344 111346 1
110666 111743 1
120141 115985 1
108906 120288 1
121314 105845 1
121314 109672 1
121314 111701 1
121314 121313 1
51845 113895 1
71486 108074 1
71486 113895 1
108074 71486 1
108074 113895 1
97644 101868 1
97644 107697 1
97644 108655 1
97644 109416 1
107697 97644 1
107697 101868 1
107697 108655 1
107697 109416 1
108655 97644 1
108655 101868 1
108655 107697 1
108655 109416 1
109416 97644 1
109416 101868 1
109416 107697 1
109416 108655 1
124885 101868 1
87450 93440 1
87450 93441 1
93441 87450 1
93441 93440 1
123192 93440 1
127560 93440 1
122550 122807 1
105845 109672 1
105845 111701 1
105845 121314 1
109672 105845 1
109672 111701 1
109672 121314 1
111701 105845 1
111701 109672 1
111701 121314 1
110556 111344 1
110991 111344 1
104726 104727 1
119045 119046 1
119045 119047 2
119045 119048 1
119045 119049 2
119049 119045 2
119049 119048 1
120335 47591 1
120335 115617 1
120335 121511 1
109080 111941 1
109080 122548 1
122548 109080 1
122548 111941 1
99874 123963 3
99874 127595 1
127595 99874 1
127595 123963 1
119046 119045 1
119046 119047 2
119047 119045 2
119047 119046 2
115617 120335 1
115617 121511 1
121511 115617 1
121511 120335 1
