124582 73670 1
73670 52528 1
73670 55737 1
73670 62182 1
73670 76580 1
73670 98001 1
73670 124582 1
52528 17474 1
52528 43621 1
52528 52529 1
52528 55737 1
52528 60330 1
52528 62182 1
52528 62777 1
52528 73670 1
52528 76580 1
52528 98001 1
55737 51190 1
55737 52528 1
55737 62182 1
55737 73670 1
55737 76580 1
55737 98001 1
62182 52528 1
62182 55737 1
62182 56959 1
62182 68945 1
62182 73670 1
62182 76580 1
62182 98001 1
62182 98239 1
62182 117010 1
76580 52528 1
76580 55737 1
76580 62182 1
76580 66493 1
76580 73670 1
76580 80371 1
76580 98001 1
76580 105436 1
98001 49333 1
98001 52528 1
98001 55737 1
98001 62182 1
98001 73670 1
98001 76580 1
98001 91975 1
17474 43621 1
17474 52528 1
17474 54886 1
17474 59048 1
17474 60330 1
17474 61117 1
17474 62777 1
43621 17474 1
43621 52528 1
43621 60330 1
43621 62777 1
52529 48216 1
52529 52528 1
52529 66045 1
52529 67159 1
52529 93648 1
60330 17474 1
60330 43621 1
60330 52528 1
60330 62777 1
62777 17474 1
62777 43621 1
62777 52528 1
62777 60330 1
51190 28427 1
51190 28568 1
51190 40445 1
51190 52537 1
51190 55737 1
56959 62182 1
68945 56112 1
68945 62182 1
68945 63814 1
68945 64525 1
68945 64528 1
68945 64606 1
68945 65140 2
68945 65680 1
68945 85420 1
68945 119680 1
68945 121003 1
98239 62182 1
98239 64617 1
98239 64618 1
117010 62182 1
66493 76580 1
66493 80371 1
66493 81584 1
66493 105436 1
80371 35936 1
80371 41099 1
80371 56201 1
80371 57785 1
80371 57786 1
80371 57787 1
80371 63767 1
80371 66493 1
80371 76580 1
80371 105436 1
105436 66493 1
105436 76580 1
105436 80371 1
49333 49334 1
49333 49338 1
49333 82359 1
49333 91975 1
49333 98001 1
49333 122486 1
49333 124599 1
91975 49333 1
91975 64422 1
91975 93724 1
91975 98001 1
91975 106834 1
91975 115249 1
54886 17474 1
54886 59048 1
54886 61117 1
59048 17474 1
59048 54886 1
59048 61117 1
61117 5638 1
61117 17474 1
61117 41828 1
61117 50734 1
61117 54886 1
61117 59048 1
61117 70057 1
48216 52529 1
48216 61123 1
48216 66045 1
48216 67159 1
48216 93648 1
66045 48216 1
66045 48239 1
66045 52529 1
66045 59688 1
66045 61780 1
66045 67159 1
66045 69890 1
66045 81440 1
66045 93648 1
66045 104509 1
66045 108632 1
67159 48216 1
67159 52529 1
67159 66045 1
67159 93648 1
93648 48216 1
93648 52529 1
93648 66045 1
93648 67159 1
28427 40445 1
28427 51190 1
28568 51190 1
28568 52537 1
40445 28427 1
40445 32165 1
40445 51190 1
52537 28568 1
52537 51190 1
52537 89926 1
52537 123206 1
56112 59188 1
56112 62789 1
56112 64606 1
56112 65140 1
56112 66337 1
56112 68945 1
56112 81056 1
56112 81058 1
56112 85420 1
56112 86479 1
56112 86480 1
56112 120903 1
56112 125508 1
63814 64528 1
63814 68945 1
63814 83343 1
63814 85420 1
63814 119680 1
64525 15768 1
64525 45882 1
64525 56648 1
64525 56656 1
64525 58649 1
64525 58656 2
64525 59150 1
64525 59188 1
64525 61020 1
64525 62428 1
64525 63728 1
64525 63733 1
64525 63805 1
64525 64253 1
64525 64526 1
64525 64528 1
64525 64531 1
64525 65140 1
64525 65680 2
64525 68945 1
64525 70304 1
64525 75736 1
64525 75737 1
64525 76428 1
64525 79916 1
64525 82522 1
64525 85424 1
64525 124505 1
64528 26244 1
64528 63727 1
64528 63814 1
64528 64525 1
64528 65140 1
64528 65680 1
64528 68945 1
64528 68946 1
64528 69623 1
64528 70023 1
64528 75956 1
64528 76309 1
64528 83343 1
64528 106948 1
64606 56112 1
64606 65140 1
64606 65680 1
64606 68945 1
65140 56112 1
65140 59188 1
65140 64525 1
65140 64528 1
65140 64606 1
65140 65680 1
65140 68945 2
65680 59150 1
65680 61020 1
65680 63805 1
65680 64253 1
65680 64525 2
65680 64528 1
65680 64606 1
65680 65140 1
65680 65679 1
65680 68945 1
65680 70304 1
65680 75737 1
65680 85972 1
85420 55157 1
85420 56112 1
85420 63719 1
85420 63814 1
85420 64386 1
85420 64526 1
85420 68945 1
85420 70057 1
85420 81079 1
85420 81455 1
85420 85972 1
85420 109038 1
85420 119680 1
119680 63814 1
119680 64387 1
119680 68945 1
119680 85420 1
119680 94241 1
119680 94242 1
119680 96597 1
121003 68945 1
64617 64618 1
64617 98239 1
64617 115781 1
64618 64617 1
64618 98239 1
81584 66493 1
81584 88839 1
81584 103103 1
81584 119452 1
35936 41099 1
35936 56201 1
35936 57785 1
35936 57786 1
35936 57787 1
35936 63767 1
35936 80371 1
41099 35936 1
41099 56201 1
41099 57785 1
41099 57786 1
41099 57787 1
41099 63767 1
41099 80371 1
41099 103249 1
56201 30600 1
56201 35936 1
56201 41099 1
56201 54090 1
56201 57785 1
56201 57786 1
56201 57787 1
56201 63767 1
56201 80371 1
57785 35936 1
57785 41099 1
57785 56201 1
57785 57786 1
57785 57787 1
57785 63767 1
57785 80371 1
57786 35936 1
57786 41099 1
57786 50817 1
57786 56201 1
57786 57785 1
57786 57787 1
57786 63767 1
57786 79165 1
57786 79315 1
57786 80371 1
57787 35936 1
57787 41099 1
57787 56201 1
57787 57785 1
57787 57786 1
57787 63767 1
57787 80371 1
63767 35936 1
63767 41099 1
63767 56201 1
63767 57785 1
63767 57786 1
63767 57787 1
63767 58646 1
63767 63801 1
63767 77256 1
63767 77260 1
63767 80371 1
63767 108514 1
63767 108633 1
49334 49333 1
49334 49338 1
49334 62431 1
49334 62437 1
49334 82359 1
49334 95437 1
49334 122486 2
49334 124599 1
49338 47441 1
49338 47442 1
49338 49333 1
49338 49334 1
49338 53500 1
49338 62784 1
49338 66704 1
49338 82359 1
49338 122486 1
49338 124599 1
82359 49333 1
82359 49334 1
82359 49338 1
82359 112786 1
82359 122486 2
82359 124599 2
122486 49333 1
122486 49334 2
122486 49338 1
122486 62431 1
122486 62437 1
122486 82359 2
122486 95437 1
122486 103687 1
122486 112786 1
122486 124599 2
124599 49333 1
124599 49334 1
124599 49338 1
124599 82359 2
124599 112786 1
124599 122486 2
64422 91975 1
64422 93724 1
64422 106834 1
64422 115249 1
64422 124667 1
93724 64422 1
93724 91975 1
93724 106834 1
93724 115249 1
106834 64422 1
106834 91975 1
106834 93724 1
106834 115249 1
115249 64422 1
115249 91975 1
115249 93724 1
115249 106834 1
5638 41828 1
5638 50734 1
5638 61117 1
5638 70057 1
41828 5638 1
41828 26851 1
41828 37728 1
41828 46736 1
41828 50734 1
41828 50742 1
41828 50743 1
41828 50972 1
41828 56637 1
41828 61117 1
41828 70057 1
50734 5638 1
50734 41828 1
50734 61117 1
50734 70057 1
70057 5638 1
70057 41828 1
70057 50734 1
70057 61117 1
70057 81455 1
70057 85420 1
70057 109038 1
61123 48216 1
61123 55362 1
61123 57532 1
61123 58753 1
61123 66698 1
61123 72416 1
61123 73621 1
61123 87826 1
61123 95431 1
61123 95433 1
61123 95434 1
61123 99197 1
61123 114012 1
61123 115427 1
48239 61780 1
48239 66045 1
48239 104509 1
48239 108632 1
59688 66045 1
59688 69890 1
59688 81440 1
61780 48239 1
61780 66045 1
61780 104509 1
61780 108632 1
69890 39928 1
69890 53090 1
69890 54357 1
69890 59435 1
69890 59688 1
69890 66045 1
69890 71647 1
69890 72024 1
69890 74073 1
69890 74694 1
69890 79310 1
69890 81440 1
69890 118138 1
81440 59688 1
81440 66045 1
81440 69890 1
104509 48239 1
104509 61780 1
104509 63411 1
104509 63412 1
104509 63415 1
104509 66045 1
104509 75356 1
104509 76251 1
104509 108632 1
108632 48239 1
108632 61780 1
108632 66045 1
108632 86022 1
108632 90768 1
108632 104509 1
108632 108630 1
108632 108631 1
108632 108633 2
108632 108634 1
108632 119336 1
32165 23828 1
32165 40445 1
32165 41123 1
32165 47239 1
32165 58589 1
32165 59030 1
32165 64922 1
32165 73657 1
32165 124667 1
89926 52537 1
89926 105494 1
89926 106405 1
89926 108514 1
89926 109996 1
89926 115658 1
123206 52537 1
59188 19504 1
59188 56112 1
59188 58656 1
59188 62789 1
59188 63728 1
59188 63733 1
59188 64525 1
59188 65140 1
59188 79916 1
59188 85424 1
59188 118060 1
59188 121813 1
62789 55167 1
62789 56112 1
62789 59188 1
62789 62791 1
62789 62792 1
62789 62793 1
62789 90505 1
66337 56112 1
66337 68657 1
66337 69958 1
66337 79902 1
66337 81056 1
66337 81058 1
66337 81064 1
66337 83692 1
66337 85424 1
66337 86479 1
66337 86480 1
66337 94244 1
66337 94247 1
66337 94248 1
66337 98847 1
66337 101004 1
66337 120903 1
66337 121813 1
81056 56112 1
81056 63729 1
81056 66337 1
81056 73121 1
81056 79762 1
81056 81058 1
81056 81458 1
81056 86479 1
81056 86480 1
81056 86973 1
81056 97878 1
81056 106825 1
81056 120903 1
81058 56112 1
81058 66337 1
81058 75389 1
81058 79918 1
81058 81056 1
81058 85972 1
81058 86479 1
81058 86480 1
81058 120903 1
86479 56112 1
86479 66337 1
86479 79824 1
86479 81056 1
86479 81058 1
86479 86480 1
86479 120903 1
86480 56112 1
86480 66337 1
86480 81056 1
86480 81058 1
86480 86479 1
86480 120903 1
120903 56112 1
120903 66337 1
120903 81056 1
120903 81058 1
120903 86479 1
120903 86480 1
125508 56112 1
125508 59025 1
83343 63814 1
83343 64528 1
15768 15764 1
15768 18802 1
15768 24375 1
15768 30536 1
15768 32765 1
15768 35938 1
15768 39751 1
15768 56648 1
15768 56656 1
15768 58649 1
15768 62428 1
15768 64525 1
15768 76428 1
15768 124505 1
45882 64525 1
45882 66333 1
45882 106027 1
45882 109435 1
56648 15768 1
56648 56656 1
56648 58649 1
56648 62428 1
56648 64525 1
56648 76428 1
56648 124505 1
56656 15768 1
56656 37035 1
56656 40406 1
56656 54084 1
56656 56648 1
56656 58649 1
56656 62428 1
56656 64525 1
56656 76428 1
56656 121983 1
56656 124505 1
58649 15768 1
58649 56648 1
58649 56656 1
58649 62428 1
58649 64525 1
58649 76428 1
58649 124505 1
58656 59188 1
58656 63728 1
58656 63733 1
58656 64525 2
58656 75736 1
58656 79916 1
58656 85424 1
59150 61020 1
59150 63805 1
59150 64253 1
59150 64525 1
59150 65680 1
59150 70304 1
59150 74545 1
59150 75737 1
59150 90598 1
61020 34124 1
61020 53499 1
61020 54683 1
61020 59150 1
61020 60764 1
61020 63805 1
61020 64253 1
61020 64525 1
61020 65680 1
61020 70304 1
61020 75737 1
62428 15768 1
62428 56648 1
62428 56656 1
62428 58649 1
62428 63861 1
62428 64525 1
62428 72631 1
62428 76428 1
62428 77972 1
62428 84601 1
62428 87409 1
62428 87410 1
62428 88062 1
62428 98025 1
62428 109304 1
62428 124505 1
63728 38589 1
63728 58656 1
63728 59188 1
63728 63733 1
63728 64525 1
63728 79916 1
63728 85424 1
63733 58656 1
63733 59188 1
63733 63728 1
63733 64525 1
63733 64526 1
63733 79916 1
63733 85266 1
63733 85424 2
63733 112228 1
63805 59150 1
63805 61020 1
63805 64253 1
63805 64525 1
63805 65680 1
63805 70304 1
63805 75737 1
64253 59150 1
64253 61020 1
64253 63805 1
64253 64525 1
64253 65680 1
64253 70304 1
64253 75737 1
64526 55157 1
64526 63733 1
64526 64525 1
64526 81079 1
64526 82522 1
64526 85266 1
64526 85420 1
64526 106435 1
64526 112228 1
64531 64525 1
70304 59150 1
70304 61020 1
70304 63805 1
70304 64253 1
70304 64525 1
70304 65680 1
70304 75737 1
75736 48449 1
75736 50888 1
75736 58656 1
75736 64525 1
75736 73117 1
75736 98197 1
75737 59150 1
75737 61020 1
75737 63805 1
75737 64253 1
75737 64525 1
75737 65680 1
75737 70304 1
76428 15768 1
76428 36515 1
76428 56648 1
76428 56656 1
76428 58649 1
76428 62428 1
76428 63346 1
76428 64525 1
76428 67577 1
76428 74282 1
76428 124505 1
79916 58656 1
79916 59188 1
79916 63728 1
79916 63733 1
79916 64525 1
79916 85424 1
82522 64525 1
82522 64526 1
82522 64532 1
82522 77069 1
85424 58656 1
85424 59188 1
85424 63728 1
85424 63733 2
85424 64386 1
85424 64525 1
85424 66337 1
85424 68657 1
85424 79916 1
85424 81065 1
85424 81069 1
85424 81075 1
85424 81079 1
85424 82524 1
85424 88699 1
85424 98479 1
124505 15768 1
124505 56648 1
124505 56656 1
124505 58649 1
124505 62428 1
124505 63424 1
124505 64525 1
124505 76428 1
26244 4450 1
26244 8096 1
26244 16918 1
26244 19930 1
26244 26242 1
26244 64528 1
26244 70055 1
63727 64528 1
63727 65326 1
63727 68946 1
63727 69623 1
63727 70023 1
63727 74311 1
63727 75956 1
63727 76309 1
63727 94241 1
63727 106948 1
68946 63727 1
68946 64528 1
68946 69623 1
68946 70023 1
68946 75956 1
68946 76309 1
68946 106948 1
69623 63727 1
69623 64528 1
69623 68946 1
69623 70023 1
69623 75956 1
69623 76309 1
69623 106948 1
70023 63727 1
70023 64528 1
70023 68946 1
70023 69623 1
70023 75956 1
70023 76309 1
70023 106948 1
75956 63727 1
75956 64528 1
75956 68946 1
75956 69623 1
75956 70023 1
75956 76309 1
75956 106948 1
76309 63727 1
76309 64528 1
76309 68946 1
76309 69623 1
76309 70023 1
76309 75956 1
76309 106948 1
106948 63727 1
106948 64528 1
106948 68946 1
106948 69623 1
106948 70023 1
106948 75956 1
106948 76309 1
106948 79709 1
106948 96096 1
106948 99995 1
106948 115493 1
65679 63880 1
65679 65680 1
65679 85972 1
85972 63719 1
85972 64386 1
85972 65679 1
85972 65680 1
85972 75389 1
85972 79918 1
85972 81058 1
85972 85420 1
55157 64526 1
55157 81079 1
55157 85420 1
55157 103889 1
55157 103890 1
63719 64386 1
63719 85420 1
63719 85972 1
64386 63719 1
64386 81069 1
64386 81075 1
64386 85420 1
64386 85424 1
64386 85972 1
64386 98479 1
81079 55157 1
81079 64526 1
81079 82524 1
81079 85420 1
81079 85424 1
81079 88699 1
81455 70057 1
81455 85420 1
81455 109038 1
109038 48231 1
109038 58966 1
109038 70057 1
109038 81455 1
109038 85420 1
109038 90486 1
109038 109036 1
109038 109039 3
109038 116483 1
109038 116485 1
109038 116486 1
64387 94241 1
64387 94242 1
64387 96597 1
64387 119680 1
94241 59431 1
94241 60480 1
94241 63727 1
94241 64387 1
94241 68177 1
94241 74311 1
94241 94242 1
94241 96597 1
94241 114012 1
94241 119680 1
94242 64387 1
94242 94241 1
94242 96597 1
94242 119680 1
96597 56958 1
96597 64387 1
96597 65993 1
96597 83004 1
96597 94241 1
96597 94242 1
96597 97998 1
96597 104137 1
96597 108351 1
96597 114910 1
96597 119680 1
115781 64617 1
115781 99101 1
115781 99187 1
115781 105553 1
115781 109110 1
115781 113438 1
115781 115782 1
88839 81584 1
88839 88842 1
88839 92724 1
88839 99483 1
88839 99485 1
88839 103103 1
103103 81584 1
103103 88839 1
119452 81584 1
119452 119448 1
119452 119450 5
119452 119451 5
119452 120991 1
119452 120992 3
119452 120993 4
103249 41099 1
30600 41577 1
30600 51008 1
30600 53868 1
30600 56201 1
54090 37035 1
54090 44817 1
54090 56201 1
50817 57786 1
50817 79165 1
50817 79315 1
79165 33228 1
79165 50817 1
79165 57786 1
79165 79315 1
79315 50817 1
79315 57786 1
79315 79165 1
58646 43314 1
58646 43378 1
58646 43787 1
58646 63767 1
58646 63801 1
58646 77256 1
58646 121989 1
63801 36267 1
63801 58646 1
63801 63767 1
63801 77256 1
63801 87560 1
63801 108753 1
63801 118688 1
77256 58646 1
77256 63767 1
77256 63801 1
77260 63767 1
77260 108514 1
77260 108633 1
108514 63767 1
108514 77260 1
108514 89926 1
108514 96086 1
108514 108633 1
108514 109996 1
108633 55164 1
108633 59431 1
108633 63767 1
108633 77260 1
108633 86022 1
108633 90768 1
108633 100511 1
108633 108514 1
108633 108630 1
108633 108631 1
108633 108632 2
108633 108634 1
108633 113026 1
108633 118060 1
108633 119336 1
108633 124200 1
62431 49334 1
62431 62437 1
62431 95437 1
62431 122486 1
62437 49334 1
62437 53468 1
62437 61886 1
62437 62431 1
62437 95437 1
62437 122486 1
95437 49334 1
95437 62431 1
95437 62437 1
95437 122486 1
47441 47442 1
47441 49338 1
47442 47441 1
47442 48377 1
47442 49338 1
47442 65665 1
53500 49338 1
53500 53473 1
53500 56906 1
53500 62784 1
53500 64243 1
53500 66704 1
53500 83861 1
62784 49338 1
62784 53500 1
62784 66704 1
66704 49338 1
66704 53500 1
66704 62784 1
112786 82359 1
112786 122486 1
112786 124599 1
103687 66520 1
103687 113100 1
103687 122486 1
124667 23828 1
124667 32165 1
124667 59030 1
124667 64422 1
124667 64922 1
124667 73121 1
26851 37728 1
26851 41828 1
26851 46736 1
26851 50742 1
26851 50743 1
26851 50972 1
26851 56637 1
37728 26851 1
37728 41828 1
37728 46736 1
37728 50742 1
37728 50743 1
37728 50972 1
37728 56637 1
46736 26851 1
46736 37728 1
46736 41828 1
46736 50742 1
46736 50743 1
46736 50972 1
46736 56637 1
50742 26851 1
50742 37728 1
50742 41828 1
50742 46736 1
50742 50743 1
50742 50972 1
50742 56637 1
50743 26851 1
50743 37728 1
50743 41828 1
50743 46736 1
50743 50742 1
50743 50972 1
50743 56637 1
50972 26513 1
50972 26851 1
50972 37728 1
50972 41828 1
50972 46736 1
50972 50742 1
50972 50743 1
50972 56637 1
56637 26851 1
56637 37728 1
56637 41828 1
56637 46736 1
56637 50742 1
56637 50743 1
56637 50972 1
55362 61123 1
55362 95431 1
55362 95433 1
55362 95434 1
55362 99197 1
57532 61123 1
57532 73621 1
58753 61123 1
58753 66698 1
66698 58753 1
66698 61123 1
72416 61123 1
73621 57532 1
73621 61123 1
87826 61123 1
87826 114012 1
87826 114324 1
87826 115427 2
87826 116882 1
87826 116984 1
87826 116985 1
95431 55362 1
95431 61123 1
95431 95433 1
95431 95434 1
95431 99197 1
95433 55362 1
95433 61123 1
95433 64393 1
95433 95431 1
95433 95434 1
95433 99197 1
95434 55362 1
95434 61123 1
95434 79872 1
95434 95431 1
95434 95433 1
95434 99197 1
99197 55362 1
99197 61123 1
99197 95431 1
99197 95433 1
99197 95434 1
114012 59431 1
114012 61123 1
114012 68177 1
114012 87826 1
114012 94241 1
114012 115427 1
115427 61123 1
115427 87826 2
115427 114012 1
39928 53090 1
39928 54357 1
39928 59435 1
39928 69890 1
39928 74073 1
39928 74694 1
53090 39928 1
53090 54357 1
53090 59435 1
53090 69890 1
53090 74073 1
53090 74694 1
54357 39928 1
54357 53090 1
54357 59435 1
54357 69890 1
54357 74073 1
54357 74694 1
59435 39928 1
59435 53090 1
59435 54357 1
59435 69890 1
59435 74073 1
59435 74694 1
71647 69890 1
71647 72024 1
71647 118138 1
72024 34124 1
72024 69890 1
72024 71647 1
72024 118138 1
74073 39928 1
74073 53090 1
74073 54357 1
74073 59435 1
74073 69890 1
74073 74694 1
74694 39928 1
74694 53090 1
74694 54357 1
74694 59435 1
74694 69890 1
74694 74073 1
79310 69890 1
118138 69890 1
118138 71647 1
118138 72024 1
118138 90598 1
63411 63412 1
63411 63415 1
63411 75356 1
63411 76251 1
63411 104509 1
63412 63411 1
63412 63415 1
63412 75356 1
63412 76251 1
63412 104509 1
63415 63411 1
63415 63412 1
63415 75356 1
63415 76251 1
63415 104509 1
75356 63411 1
75356 63412 1
75356 63415 1
75356 76251 1
75356 104509 1
76251 63411 1
76251 63412 1
76251 63415 1
76251 75356 1
76251 104509 1
86022 90768 3
86022 108630 1
86022 108631 1
86022 108632 1
86022 108633 1
86022 108634 1
90768 86022 3
90768 108632 1
90768 108633 1
90768 119336 1
108630 86022 1
108630 108631 1
108630 108632 1
108630 108633 1
108630 108634 1
108631 86022 1
108631 108630 1
108631 108632 1
108631 108633 1
108631 108634 1
108634 86022 1
108634 108630 1
108634 108631 1
108634 108632 1
108634 108633 1
119336 90768 1
119336 108632 1
119336 108633 1
119336 115533 1
23828 32165 1
23828 59029 1
23828 59030 1
23828 64922 1
23828 124667 1
41123 32165 1
41123 47239 1
41123 58589 1
41123 73657 1
47239 32165 1
47239 41123 1
47239 58589 1
47239 73657 1
58589 32165 1
58589 41123 1
58589 47239 1
58589 73657 1
59030 23828 1
59030 32165 1
59030 64922 1
59030 124667 1
64922 23828 1
64922 32165 1
64922 59030 1
64922 124667 1
73657 32165 1
73657 41123 1
73657 47239 1
73657 58589 1
105494 89926 1
105494 106405 1
105494 111303 1
105494 115658 1
106405 89926 1
106405 95654 1
106405 99193 1
106405 105494 1
106405 115658 1
109996 86032 1
109996 89926 1
109996 108514 1
115658 89926 1
115658 105494 1
115658 106405 1
19504 59188 1
19504 118060 1
118060 19504 1
118060 55164 1
118060 55384 1
118060 59188 1
118060 59431 1
118060 100511 1
118060 108633 1
118060 113026 1
121813 59188 1
121813 66337 1
121813 79902 1
121813 83692 1
121813 101004 1
121813 106825 1
55167 62789 1
55167 62792 1
55167 62793 1
55167 90505 1
62791 62789 1
62791 122497 1
62792 55167 1
62792 62789 1
62792 62793 1
62792 90505 1
62793 55167 1
62793 62789 1
62793 62792 1
62793 90505 1
90505 55167 1
90505 62789 1
90505 62792 1
90505 62793 1
90505 90506 1
68657 66337 1
68657 85424 1
69958 66337 1
69958 76243 1
69958 99193 1
79902 66337 1
79902 83692 1
79902 101004 1
79902 121813 1
81064 66337 1
81064 94244 1
81064 94247 1
81064 94248 1
81064 106873 1
83692 66337 1
83692 79902 1
83692 101004 1
83692 121813 1
94244 66337 1
94244 81064 1
94244 94247 1
94244 94248 1
94247 66337 1
94247 81064 1
94247 94244 1
94247 94248 1
94248 66337 1
94248 81064 1
94248 94244 1
94248 94247 1
98847 66337 1
98847 104137 1
98847 114910 1
101004 66337 1
101004 79902 1
101004 83692 1
101004 101003 1
101004 101005 1
101004 121813 1
63729 73121 1
63729 81056 1
63729 86973 1
63729 97878 1
63729 106825 1
73121 55351 1
73121 60450 1
73121 63729 1
73121 73122 1
73121 73123 1
73121 73124 1
73121 73125 1
73121 81056 1
73121 86973 1
73121 106825 1
73121 124667 1
79762 54665 1
79762 81056 1
79762 81458 1
79762 97878 1
81458 79762 1
81458 81056 1
81458 97878 1
86973 63729 1
86973 73121 1
86973 81056 1
86973 106825 1
97878 63729 1
97878 79762 1
97878 81056 1
97878 81458 1
106825 63729 1
106825 72412 1
106825 73121 1
106825 81056 1
106825 86973 1
106825 108806 1
106825 121813 1
75389 79918 1
75389 81058 1
75389 85972 1
79918 75389 1
79918 81058 1
79918 85972 1
79824 86479 1
59025 57478 1
59025 125508 1
15764 15768 1
18802 15768 1
18802 24375 1
18802 30536 1
18802 32765 1
18802 35938 1
18802 39751 1
24375 15768 1
24375 18802 1
24375 30536 1
24375 32765 1
24375 35938 1
24375 39751 1
30536 11256 1
30536 15768 1
30536 18802 1
30536 24343 1
30536 24375 1
30536 26498 1
30536 27089 1
30536 31507 1
30536 31508 1
30536 31510 1
30536 31511 1
30536 32765 1
30536 33468 1
30536 35938 1
30536 39751 1
32765 15768 1
32765 18802 1
32765 24375 1
32765 30536 1
32765 35938 1
32765 39751 1
35938 15768 1
35938 18802 1
35938 24375 1
35938 30536 1
35938 32765 1
35938 39751 1
39751 15768 1
39751 18802 1
39751 24375 1
39751 30536 1
39751 32765 1
39751 35938 1
66333 45882 1
106027 45882 1
109435 45882 1
37035 54084 1
37035 54090 1
37035 56656 1
40406 56656 1
40406 121983 1
54084 37035 1
54084 56656 1
121983 40406 1
121983 56656 1
74545 59150 1
90598 59150 1
90598 118138 1
34124 53499 1
34124 54683 1
34124 60764 1
34124 61020 1
34124 72024 1
53499 34124 1
53499 54683 1
53499 60764 1
53499 61020 1
54683 21219 1
54683 34124 1
54683 47512 1
54683 52484 1
54683 53499 1
54683 57730 1
54683 60764 1
54683 61020 1
60764 34124 1
60764 53499 1
60764 54683 1
60764 61020 1
63861 62428 1
63861 84601 1
63861 88062 1
63861 98025 1
72631 62428 1
72631 77972 1
77972 62428 1
77972 72631 1
84601 62428 1
84601 63861 1
84601 88062 1
84601 98025 1
87409 62428 1
87409 87410 1
87409 109304 1
87410 62428 1
87410 87409 1
87410 109304 1
88062 62428 1
88062 63861 1
88062 84601 1
88062 98025 1
98025 62428 1
98025 63861 1
98025 84601 1
98025 88062 1
109304 62428 1
109304 87409 1
109304 87410 1
38589 63728 1
85266 63733 1
85266 64526 1
85266 112228 1
112228 63733 1
112228 64526 1
112228 85266 1
106435 64526 1
106435 65708 1
106435 90506 1
48449 50888 1
48449 73117 1
48449 75736 1
48449 98197 1
50888 48449 1
50888 50889 2
50888 73117 1
50888 75736 1
50888 98197 1
73117 48449 1
73117 50888 1
73117 60346 1
73117 75736 1
73117 98197 1
98197 48449 1
98197 50888 1
98197 73117 1
98197 75736 1
98197 98199 1
98197 115030 1
36515 33810 1
36515 33812 2
36515 74282 1
36515 76428 1
63346 76428 1
67577 76428 1
74282 36515 1
74282 76428 1
64532 77069 1
64532 82522 1
77069 64532 1
77069 82522 1
81065 85424 1
81069 64386 1
81069 81075 1
81069 83861 1
81069 85424 1
81069 98479 1
81075 64386 1
81075 81069 1
81075 85424 1
81075 98479 1
82524 81079 1
82524 85424 1
82524 88699 1
88699 81079 1
88699 82524 1
88699 85424 1
98479 64386 1
98479 81069 1
98479 81075 1
98479 85424 1
63424 124505 1
4450 8096 1
4450 16918 1
4450 19930 1
4450 26242 1
4450 26244 1
4450 70055 1
8096 4450 1
8096 8095 1
8096 15766 1
8096 16918 2
8096 19930 1
8096 25921 1
8096 26242 1
8096 26244 1
8096 70055 1
16918 4450 1
16918 8095 1
16918 8096 2
16918 15766 1
16918 19930 1
16918 25921 1
16918 26242 1
16918 26244 1
16918 32979 1
16918 36269 1
16918 70055 1
16918 122167 1
19930 4450 1
19930 8096 1
19930 16918 1
19930 26242 1
19930 26244 1
19930 70055 1
26242 4450 1
26242 8096 1
26242 16918 1
26242 19930 1
26242 26244 1
26242 70055 1
70055 4450 1
70055 8096 1
70055 16918 1
70055 19930 1
70055 26242 1
70055 26244 1
65326 60480 1
65326 63727 1
65326 74311 1
74311 60480 1
74311 63727 1
74311 65326 1
74311 94241 1
74311 127690 1
79709 99995 1
79709 106948 1
96096 106948 1
96096 115493 1
96096 116228 1
99995 79709 1
99995 106948 1
115493 89741 1
115493 96096 1
115493 106948 1
63880 65679 1
103889 55157 1
103889 103890 1
103890 55157 1
103890 103889 1
48231 58966 1
48231 109038 1
48231 109039 1
58966 48231 1
58966 109038 1
58966 109039 1
90486 109036 1
90486 109038 1
90486 109039 1
109036 90486 1
109036 109038 1
109036 109039 1
109036 116483 1
109036 116486 1
109039 48231 1
109039 58966 1
109039 90486 1
109039 109036 1
109039 109038 3
109039 116483 1
109039 116485 1
109039 116486 1
116483 109036 1
116483 109038 1
116483 109039 1
116483 116485 1
116483 116486 2
116485 109038 1
116485 109039 1
116485 116483 1
116485 116486 1
116486 109036 1
116486 109038 1
116486 109039 1
116486 116483 2
116486 116485 1
59431 55164 1
59431 68177 1
59431 94241 1
59431 100511 1
59431 108633 1
59431 113026 1
59431 114012 1
59431 115782 1
59431 118060 1
60480 65326 1
60480 74311 1
60480 94241 1
68177 59431 1
68177 94241 1
68177 114012 1
68177 124026 1
68177 125915 1
68177 126013 1
56958 65993 1
56958 83004 1
56958 96597 1
56958 97998 1
56958 104137 1
56958 114069 1
56958 114070 1
56958 114072 1
65993 56958 1
65993 83004 1
65993 96597 1
65993 97998 1
65993 104137 1
83004 56958 1
83004 65993 1
83004 96597 1
83004 97998 1
83004 104137 1
97998 56958 1
97998 65993 1
97998 83004 1
97998 96597 1
97998 104137 1
104137 56958 1
104137 65993 1
104137 83004 1
104137 96597 1
104137 97998 1
104137 98847 1
108351 96597 1
108351 114910 1
114910 82397 1
114910 82813 1
114910 96597 1
114910 98847 1
114910 108351 1
99101 99187 1
99101 105553 1
99101 109110 1
99101 113438 1
99101 115781 1
99101 115782 1
99187 99101 1
99187 105553 1
99187 109110 1
99187 113438 1
99187 115781 1
99187 115782 1
105553 99101 1
105553 99187 1
105553 109110 1
105553 113438 1
105553 115781 1
105553 115782 1
109110 99101 1
109110 99187 1
109110 105553 1
109110 113438 1
109110 115781 1
109110 115782 1
113438 99101 1
113438 99187 1
113438 105553 1
113438 109110 1
113438 115781 1
113438 115782 1
115782 59431 1
115782 99101 1
115782 99187 1
115782 105553 1
115782 109110 1
115782 113438 1
115782 115781 1
88842 88839 1
92724 88839 1
92724 99483 1
92724 99485 1
99483 88839 1
99483 92724 1
99483 99485 1
99485 88839 1
99485 92724 1
99485 99483 1
119448 119450 1
119448 119451 1
119448 119452 1
119448 120992 1
119448 120993 1
119450 119448 1
119450 119451 5
119450 119452 5
119450 120991 1
119450 120992 3
119450 120993 4
119451 119448 1
119451 119450 5
119451 119452 5
119451 120991 1
119451 120992 3
119451 120993 4
120991 119450 1
120991 119451 1
120991 119452 1
120991 120992 1
120991 120993 1
120992 119448 1
120992 119450 3
120992 119451 3
120992 119452 3
120992 120991 1
120992 120993 3
120993 119448 1
120993 119450 4
120993 119451 4
120993 119452 4
120993 120991 1
120993 120992 3
41577 30600 1
41577 35540 1
41577 51008 1
41577 53868 1
41577 59869 1
51008 30600 1
51008 41577 1
51008 53868 1
53868 30600 1
53868 41577 1
53868 51008 1
44817 54090 1
33228 79165 1
43314 58646 1
43378 43787 1
43378 58646 1
43378 121989 1
43787 40917 1
43787 43378 1
43787 58646 1
43787 121989 1
121989 43378 1
121989 43787 1
121989 58646 1
36267 63801 1
87560 63801 1
87560 87561 1
87560 87564 1
108753 63801 1
108753 118688 1
118688 63801 1
118688 108753 1
96086 108514 1
96086 114280 1
55164 59431 1
55164 100511 1
55164 108633 1
55164 113026 1
55164 118060 1
100511 55164 1
100511 59431 1
100511 108633 1
100511 113026 1
100511 118060 1
113026 55164 1
113026 59431 1
113026 100511 1
113026 108633 1
113026 118060 1
124200 108633 1
53468 61886 1
53468 62437 1
61886 53468 1
61886 62437 1
48377 47442 1
48377 65665 1
65665 47442 1
65665 48377 1
53473 53500 1
53473 56906 1
53473 64243 1
53473 83861 1
56906 53473 1
56906 53500 1
56906 64243 1
56906 83861 1
64243 53473 1
64243 53500 1
64243 56906 1
64243 83861 1
83861 53473 1
83861 53500 1
83861 56906 1
83861 64243 1
83861 81069 1
66520 103687 1
66520 113100 1
113100 66520 1
113100 103687 1
26513 50972 1
114324 64393 1
114324 87826 1
114324 116882 1
116882 87826 1
116882 114324 1
116984 87826 1
116984 116985 3
116985 87826 1
116985 116984 3
64393 95433 1
64393 114324 1
79872 95434 1
115533 119336 1
59029 23828 1
111303 105494 1
95654 99193 1
95654 106405 1
99193 69958 1
99193 76243 1
99193 95654 1
99193 106405 1
86032 109996 1
55384 118060 1
122497 62791 1
90506 90505 1
90506 106435 1
76243 69958 1
76243 99193 1
106873 81064 1
101003 101004 1
101003 101005 1
101005 101003 1
101005 101004 1
55351 60450 1
55351 73121 1
55351 73122 1
55351 73123 1
55351 73124 1
55351 73125 1
60450 55351 1
60450 73121 1
60450 73122 1
60450 73123 1
60450 73124 1
60450 73125 1
73122 55351 1
73122 60450 1
73122 73121 1
73122 73123 1
73122 73124 1
73122 73125 1
73123 55351 1
73123 60450 1
73123 73121 1
73123 73122 1
73123 73124 1
73123 73125 1
73124 55351 1
73124 60450 1
73124 73121 1
73124 73122 1
73124 73123 1
73124 73125 1
73125 55351 1
73125 60450 1
73125 73121 1
73125 73122 1
73125 73123 1
73125 73124 1
54665 79762 1
72412 106825 1
72412 108806 1
108806 72412 1
108806 106825 1
11256 24343 1
11256 27089 1
11256 30536 1
11256 31507 1
11256 31508 1
11256 31510 1
11256 31511 1
11256 33468 1
24343 11256 1
24343 27089 1
24343 30536 1
24343 31507 1
24343 31508 1
24343 31510 1
24343 31511 1
24343 33468 1
26498 30536 1
27089 11256 1
27089 24343 1
27089 30536 1
27089 31507 1
27089 31508 1
27089 31510 1
27089 31511 1
27089 33468 1
31507 11256 1
31507 24343 1
31507 27089 1
31507 30536 1
31507 31508 1
31507 31510 1
31507 31511 1
31507 33468 1
31508 11256 1
31508 24343 1
31508 27089 1
31508 30536 1
31508 31507 1
31508 31510 1
31508 31511 1
31508 33468 1
31510 11256 1
31510 24343 1
31510 27089 1
31510 30536 1
31510 31507 1
31510 31508 1
31510 31511 1
31510 33468 1
31511 11256 1
31511 24343 1
31511 27089 1
31511 30536 1
31511 31507 1
31511 31508 1
31511 31510 1
31511 33468 1
33468 11256 1
33468 24343 1
33468 27089 1
33468 30536 1
33468 31507 1
33468 31508 1
33468 31510 1
33468 31511 1
21219 52484 1
21219 54683 1
21219 57730 1
47512 54683 1
52484 21219 1
52484 54683 1
52484 57730 1
57730 21219 1
57730 52484 1
57730 54683 1
65708 106435 1
50889 50888 2
60346 73117 1
98199 98197 1
98199 115030 1
115030 98197 1
115030 98199 1
33810 33812 1
33810 36515 1
33812 33810 1
33812 36515 2
8095 8096 1
8095 15766 1
8095 16918 1
8095 25921 1
15766 8095 1
15766 8096 1
15766 16918 1
15766 25921 1
25921 8095 1
25921 8096 1
25921 15766 1
25921 16918 1
32979 16918 1
32979 36269 1
32979 122167 1
36269 16918 1
36269 32979 1
36269 122167 1
122167 16918 1
122167 32979 1
122167 36269 1
127690 74311 1
116228 96096 1
89741 115493 1
124026 68177 1
124026 126013 2
125915 68177 1
126013 68177 1
126013 124026 2
114069 56958 1
114069 114070 1
114069 114072 1
114070 56958 1
114070 114069 1
114070 114072 1
114072 56958 1
114072 114069 1
114072 114070 1
82397 82813 1
82397 114910 1
82813 82397 1
82813 114910 1
35540 41577 1
35540 59869 1
59869 35540 1
59869 41577 1
40917 43787 1
87561 87560 1
87561 87564 1
87564 87560 1
87564 87561 1
114280 96086 1
57478 59025 1
