123733 117951 1
117951 52819 1
117951 64724 1
117951 78550 1
117951 91151 1
117951 96865 1
117951 103733 1
117951 105638 1
117951 110728 1
117951 113465 1
117951 116002 1
117951 117065 1
117951 117420 1
117951 123733 1
117951 124729 1
52819 34013 1
52819 34014 1
52819 42816 1
52819 47332 1
52819 50462 1
52819 51328 1
52819 52989 1
52819 53012 1
52819 54750 1
52819 57357 1
52819 60212 1
52819 62639 1
52819 63502 1
52819 64724 1
52819 66207 1
52819 67868 1
52819 69063 1
52819 72432 1
52819 74216 1
52819 74676 1
52819 74686 1
52819 75112 1
52819 77524 1
52819 77564 1
52819 78194 1
52819 78550 1
52819 79398 1
52819 84618 1
52819 88183 1
52819 89067 1
52819 91151 1
52819 94926 1
52819 95421 1
52819 95490 1
52819 101726 1
52819 102282 1
52819 102651 1
52819 102848 1
52819 103733 1
52819 103839 1
52819 105638 1
52819 108779 1
52819 110728 1
52819 116621 1
52819 117951 1
64724 43597 4
64724 48877 1
64724 49107 1
64724 50318 1
64724 52753 1
64724 52803 1
64724 52819 1
64724 52976 1
64724 55521 1
64724 56788 1
64724 62240 1
64724 62613 1
64724 62666 1
64724 66252 1
64724 66598 1
64724 68012 1
64724 68501 1
64724 75214 1
64724 75326 1
64724 75984 1
64724 75985 1
64724 77214 1
64724 78304 4
64724 78396 1
64724 78550 1
64724 80723 1
64724 82092 1
64724 85770 1
64724 86691 1
64724 89371 1
64724 89768 1
64724 90812 1
64724 91151 1
64724 92062 1
64724 92130 1
64724 92229 1
64724 92385 1
64724 92825 1
64724 93492 1
64724 94237 1
64724 94307 1
64724 94593 1
64724 95743 1
64724 100141 1
64724 103733 1
64724 104549 1
64724 105638 1
64724 106256 1
64724 106339 1
64724 109183 1
64724 110469 1
64724 110728 1
64724 111322 1
64724 113030 1
64724 117664 1
64724 117951 1
78550 38566 1
78550 51434 1
78550 51564 1
78550 52819 1
78550 52999 1
78550 56778 1
78550 57241 1
78550 58480 1
78550 60628 1
78550 64724 1
78550 70154 1
78550 74865 1
78550 74866 1
78550 74867 1
78550 78130 1
78550 79078 1
78550 85432 1
78550 87912 1
78550 88408 1
78550 88409 1
78550 90938 1
78550 91151 1
78550 92151 1
78550 92466 1
78550 96690 1
78550 103733 1
78550 105638 1
78550 110728 1
78550 117951 1
78550 121966 1
91151 52819 1
91151 60379 1
91151 64724 1
91151 74878 1
91151 78550 1
91151 96794 1
91151 102496 1
91151 103733 1
91151 105638 1
91151 110728 1
91151 117951 1
96865 38803 1
96865 52910 1
96865 55441 1
96865 62697 1
96865 75916 1
96865 82284 1
96865 86155 1
96865 86691 1
96865 87889 1
96865 89864 1
96865 92045 1
96865 92232 1
96865 92363 1
96865 92744 1
96865 93716 1
96865 95464 1
96865 96034 1
96865 96864 1
96865 96866 1
96865 96868 1
96865 96879 1
96865 98934 1
96865 99417 1
96865 102254 1
96865 102868 1
96865 103439 1
96865 106807 1
96865 113426 1
96865 117951 1
96865 118856 1
103733 52819 1
103733 61904 1
103733 64724 1
103733 68614 1
103733 75155 1
103733 78550 1
103733 84087 1
103733 86093 1
103733 86155 1
103733 86243 1
103733 87136 1
103733 89731 1
103733 91151 1
103733 91681 1
103733 93811 1
103733 95784 1
103733 96310 1
103733 96848 1
103733 97089 1
103733 97166 1
103733 97209 1
103733 97211 1
103733 100484 1
103733 101509 1
103733 103732 1
103733 104973 1
103733 105295 1
103733 105504 1
103733 105638 1
103733 105648 1
103733 106228 1
103733 106408 1
103733 107320 1
103733 109104 1
103733 109320 1
103733 110062 1
103733 110728 1
103733 111434 1
103733 114115 1
103733 116034 1
103733 117195 1
103733 117951 1
103733 118011 1
103733 118932 1
103733 119518 1
103733 122446 1
103733 123275 1
103733 124009 1
103733 125678 1
105638 36865 1
105638 48289 1
105638 52819 1
105638 55564 1
105638 64724 1
105638 65628 1
105638 66380 1
105638 68080 1
105638 72216 1
105638 74112 1
105638 78197 2
105638 78420 1
105638 78550 1
105638 79949 1
105638 80114 1
105638 81481 1
105638 81531 1
105638 86118 1
105638 89199 1
105638 91151 1
105638 91702 1
105638 91938 1
105638 95361 1
105638 97339 1
105638 98114 1
105638 98333 1
105638 98391 1
105638 99496 1
105638 99622 1
105638 100445 1
105638 100482 1
105638 100483 1
105638 102289 1
105638 102750 1
105638 102759 1
105638 103439 1
105638 103733 1
105638 103824 1
105638 104801 1
105638 105118 1
105638 105975 1
105638 106335 1
105638 107311 1
105638 107403 1
105638 108222 1
105638 108951 1
105638 109167 1
105638 109875 1
105638 109998 1
105638 110466 1
105638 110594 1
105638 110601 1
105638 110728 1
105638 113626 1
105638 114111 1
105638 114605 1
105638 114693 1
105638 116502 1
105638 117951 1
105638 125375 1
110728 52819 1
110728 64724 1
110728 78550 1
110728 91151 1
110728 103733 1
110728 105638 1
110728 117951 1
113465 62418 1
113465 64491 1
113465 65048 1
113465 69369 1
113465 69408 1
113465 78273 1
113465 78274 1
113465 81573 1
113465 82389 1
113465 83227 1
113465 85879 1
113465 85887 1
113465 86241 1
113465 86267 1
113465 88544 1
113465 89833 1
113465 90632 1
113465 94329 1
113465 95422 1
113465 96410 1
113465 97102 1
113465 97637 1
113465 97638 1
113465 97640 1
113465 97792 1
113465 98325 1
113465 100127 1
113465 101260 1
113465 102706 1
113465 102707 1
113465 104556 1
113465 104934 1
113465 106007 1
113465 107262 1
113465 110059 1
113465 110326 1
113465 110613 1
113465 111325 1
113465 111827 1
113465 112060 1
113465 112517 1
113465 112792 1
113465 113467 1
113465 113643 1
113465 114412 1
113465 114413 1
113465 114718 1
113465 115453 1
113465 116002 1
113465 117951 1
113465 118501 1
113465 118630 1
113465 123240 1
113465 123565 1
113465 123980 1
113465 124076 1
116002 36891 1
116002 57518 1
116002 63655 1
116002 64272 1
116002 72451 1
116002 74271 1
116002 79201 1
116002 87636 1
116002 98552 1
116002 112054 1
116002 113465 1
116002 114637 1
116002 115234 1
116002 116003 1
116002 116004 1
116002 116365 1
116002 117337 1
116002 117348 1
116002 117566 1
116002 117951 1
116002 118360 1
116002 119795 1
116002 125047 1
117065 117951 1
117420 78485 1
117420 85499 1
117420 95939 1
117420 102842 1
117420 104522 1
117420 106154 1
117420 106228 1
117420 106626 1
117420 108953 1
117420 112997 1
117420 113642 1
117420 114415 1
117420 114593 1
117420 114605 1
117420 115234 2
117420 115461 1
117420 117052 1
117420 117419 1
117420 117421 1
117420 117422 1
117420 117951 1
117420 118932 1
124729 52019 1
124729 74882 1
124729 85073 1
124729 94342 1
124729 98999 1
124729 117951 1
34013 2700 1
34013 6854 1
34013 34014 5
34013 50462 1
34013 51394 2
34013 51434 1
34013 52819 1
34013 52989 1
34013 56156 1
34013 56778 1
34013 64485 1
34013 65259 1
34013 69369 1
34013 70986 1
34013 74219 2
34013 85432 1
34013 101726 1
34013 102651 1
34013 102848 1
34013 105650 1
34013 121874 1
34014 34013 5
34014 50462 1
34014 51434 1
34014 52819 1
34014 52989 1
34014 75326 1
34014 78362 1
34014 101726 1
34014 102651 1
34014 102848 1
34014 114937 1
42816 52819 1
42816 53012 1
42816 54750 1
42816 62639 1
42816 66207 1
42816 67868 1
42816 79398 1
47332 51159 1
47332 52819 1
47332 57357 1
47332 60212 1
47332 67912 1
47332 69063 1
47332 72432 1
47332 74216 1
47332 77524 1
47332 79078 1
47332 83116 1
47332 85792 1
47332 95743 1
50462 34013 1
50462 34014 1
50462 52819 1
50462 52989 1
50462 74686 1
50462 101726 1
50462 102651 1
50462 102848 1
51328 45051 1
51328 52819 1
51328 63502 1
51328 75677 1
51328 77535 1
51328 83673 1
51328 83674 1
51328 89067 1
52989 34013 1
52989 34014 1
52989 50462 1
52989 52819 1
52989 57357 1
52989 68501 1
52989 74878 1
52989 84502 1
52989 92062 1
52989 93492 1
52989 97166 1
52989 101726 1
52989 102651 1
52989 102848 1
53012 42816 1
53012 52819 1
53012 54750 1
53012 62639 1
53012 66207 1
53012 67868 1
53012 79398 1
54750 42816 1
54750 52819 1
54750 53012 1
54750 62639 1
54750 66207 1
54750 67868 1
54750 79398 1
57357 47332 1
57357 48152 1
57357 51438 1
57357 52819 1
57357 52989 1
57357 57922 1
57357 61167 1
57357 68148 1
57357 74676 1
57357 74686 1
57357 83438 1
57357 84618 1
57357 88183 1
57357 94926 1
57357 95421 1
57357 108779 1
60212 43236 1
60212 47332 1
60212 52819 1
60212 53210 1
60212 69063 1
60212 72432 1
60212 74216 1
60212 77524 1
62639 42816 1
62639 52819 1
62639 53012 1
62639 54750 1
62639 66207 1
62639 67868 1
62639 79398 1
62639 89768 1
63502 51328 1
63502 52220 1
63502 52819 1
63502 86697 1
63502 89067 1
66207 42816 1
66207 46088 1
66207 52819 1
66207 53012 1
66207 54750 1
66207 62639 1
66207 67868 1
66207 79398 1
66207 93647 1
67868 33692 1
67868 42816 1
67868 44932 1
67868 52819 1
67868 53012 1
67868 54750 1
67868 62639 1
67868 66207 1
67868 66233 1
67868 79398 1
69063 44040 1
69063 47332 1
69063 52819 1
69063 60212 1
69063 72432 1
69063 74216 1
69063 77524 1
72432 47332 1
72432 47399 1
72432 48400 1
72432 48752 1
72432 51309 1
72432 52819 1
72432 55480 1
72432 55579 1
72432 60212 1
72432 60379 1
72432 61863 1
72432 69063 1
72432 69521 1
72432 72431 1
72432 72433 1
72432 73635 1
72432 73636 1
72432 74216 1
72432 77524 1
74216 47332 1
74216 52819 1
74216 60212 1
74216 64919 1
74216 68537 1
74216 69063 1
74216 72432 1
74216 77524 1
74216 87389 1
74216 109854 1
74676 52819 1
74676 57357 1
74676 74686 1
74676 75214 1
74676 84618 1
74676 88183 1
74676 94926 1
74676 95421 1
74676 104793 1
74676 108779 1
74686 50462 1
74686 52819 1
74686 52956 1
74686 57357 1
74686 69438 1
74686 74676 1
74686 84618 1
74686 88183 1
74686 89727 1
74686 94926 1
74686 95421 1
74686 101726 1
74686 108779 1
75112 51871 1
75112 52819 1
75112 65484 1
75112 70211 1
75112 77564 1
75112 78194 1
75112 82709 1
75112 102282 1
77524 47332 1
77524 52819 1
77524 60212 1
77524 66235 1
77524 69063 1
77524 72432 1
77524 74216 1
77524 89768 1
77524 101098 1
77524 101235 1
77524 106687 1
77524 114718 1
77564 52819 1
77564 54726 1
77564 63773 1
77564 65794 1
77564 66945 1
77564 66946 1
77564 75112 1
77564 77563 1
77564 78194 1
77564 78685 1
77564 102282 1
78194 52819 1
78194 75112 1
78194 77564 1
78194 102282 1
79398 42816 1
79398 52819 1
79398 53012 1
79398 54750 1
79398 62639 1
79398 66207 1
79398 67868 1
84618 52819 1
84618 57357 1
84618 74676 1
84618 74686 1
84618 80578 1
84618 88183 1
84618 94926 1
84618 95421 1
84618 108779 1
88183 52819 1
88183 57357 1
88183 74676 1
88183 74686 1
88183 84618 1
88183 94926 1
88183 95421 1
88183 102651 1
88183 105260 2
88183 108779 1
89067 51328 1
89067 52819 1
89067 53033 1
89067 63502 1
89067 66204 1
89067 92272 1
94926 52819 1
94926 57357 1
94926 74676 1
94926 74686 1
94926 84618 1
94926 88183 1
94926 90520 1
94926 95421 1
94926 108779 1
94926 115765 1
95421 52819 1
95421 57357 1
95421 70854 1
95421 74676 1
95421 74686 1
95421 84618 1
95421 88183 1
95421 94926 1
95421 102254 1
95421 105132 1
95421 106484 1
95421 108779 1
95421 109998 1
95490 52819 1
95490 56778 1
95490 82284 1
95490 109947 1
101726 34013 1
101726 34014 1
101726 43597 1
101726 50462 1
101726 52819 1
101726 52989 1
101726 74686 1
101726 74882 1
101726 98552 1
101726 102254 1
101726 102651 1
101726 102848 1
101726 111322 1
101726 116074 1
101726 123419 1
102282 52819 1
102282 75112 1
102282 77214 1
102282 77564 1
102282 78194 1
102282 86748 1
102282 90031 1
102282 91350 1
102282 105752 1
102282 109352 1
102282 110059 1
102282 111680 1
102282 111850 1
102282 114976 1
102282 115234 1
102651 34013 1
102651 34014 1
102651 50462 1
102651 52819 1
102651 52989 1
102651 88183 1
102651 99707 1
102651 101509 1
102651 101726 1
102651 102848 1
102651 105260 1
102651 107282 1
102848 34013 1
102848 34014 1
102848 50462 1
102848 52819 1
102848 52989 1
102848 101726 1
102848 102651 1
103839 52819 1
103839 90941 1
103839 116621 1
108779 52819 1
108779 57357 1
108779 70798 1
108779 74676 1
108779 74686 1
108779 84618 1
108779 88183 1
108779 90987 1
108779 91404 1
108779 94926 1
108779 95421 1
108779 98552 1
116621 52819 1
116621 62666 1
116621 84502 1
116621 87836 1
116621 102254 1
116621 102264 1
116621 103839 1
116621 114718 1
116621 127328 1
43597 48845 1
43597 55521 1
43597 64724 4
43597 68501 1
43597 78304 2
43597 78396 1
43597 89768 1
43597 92130 1
43597 100141 1
43597 101726 1
43597 110469 1
43597 111322 2
48877 49107 1
48877 50318 1
48877 56788 2
48877 62240 1
48877 64724 1
48877 66598 1
48877 75984 1
48877 75985 1
48877 77214 1
48877 89371 1
49107 48877 1
49107 50318 1
49107 56788 1
49107 62240 1
49107 62885 1
49107 64724 1
49107 66598 1
49107 75984 1
49107 75985 1
49107 77214 1
49107 79201 1
49107 82344 1
49107 82345 1
49107 89371 1
49107 109728 1
49107 109729 1
49107 111866 1
50318 48877 1
50318 49107 1
50318 56788 1
50318 62240 1
50318 64724 1
50318 66598 1
50318 75984 1
50318 75985 1
50318 77214 1
50318 89371 1
52753 64724 1
52753 82092 1
52753 91613 1
52753 92229 1
52753 93492 1
52753 100417 1
52753 104549 1
52753 106256 1
52753 106339 1
52753 109183 1
52753 113426 1
52803 38045 1
52803 45957 1
52803 58480 1
52803 62613 1
52803 63970 1
52803 64724 1
52803 85770 1
52803 106044 1
52976 62666 1
52976 64724 1
52976 75326 1
52976 86691 1
52976 92062 1
52976 92825 1
52976 116034 1
55521 43597 1
55521 64724 1
55521 78396 1
55521 86243 1
55521 89768 1
55521 110469 1
55521 111322 1
56788 24942 1
56788 30832 1
56788 40070 1
56788 41537 1
56788 48877 2
56788 49107 1
56788 50318 1
56788 62240 1
56788 64724 1
56788 65868 1
56788 66598 1
56788 75969 1
56788 75984 1
56788 75985 1
56788 77214 1
56788 89371 1
56788 90363 1
56788 99297 1
62240 25925 1
62240 48877 1
62240 49107 1
62240 50318 1
62240 56788 1
62240 64724 1
62240 64761 1
62240 66598 1
62240 75984 1
62240 75985 1
62240 77214 1
62240 89371 1
62613 52803 1
62613 64724 1
62613 70476 1
62613 73375 1
62613 82853 1
62613 85770 1
62613 126562 1
62666 52976 1
62666 64724 1
62666 71722 1
62666 75326 1
62666 79197 1
62666 86691 1
62666 87836 1
62666 92062 1
62666 92825 1
62666 108222 1
62666 108901 1
62666 111993 1
62666 116621 1
66252 64724 1
66252 78304 1
66252 79078 1
66252 85763 1
66252 85770 1
66252 90812 1
66252 98956 1
66598 48877 1
66598 49107 1
66598 50318 1
66598 56788 1
66598 62240 1
66598 64724 1
66598 75984 1
66598 75985 1
66598 77214 1
66598 89371 1
68012 64724 1
68012 68011 1
68012 68013 1
68012 75214 1
68012 80723 1
68012 84776 1
68012 94593 1
68012 113030 1
68012 117095 1
68012 117664 1
68501 43597 1
68501 52989 1
68501 64724 1
68501 78304 1
68501 100141 1
68501 105504 1
75214 64724 1
75214 68012 1
75214 74676 1
75214 76530 1
75214 80723 1
75214 94593 1
75214 100141 1
75214 104973 1
75214 113030 1
75214 117664 1
75326 34014 1
75326 52976 1
75326 62666 1
75326 64724 1
75326 78362 1
75326 78463 1
75326 86691 1
75326 92062 1
75326 92825 1
75326 95361 1
75326 114937 1
75326 115234 3
75326 123614 1
75984 48877 1
75984 49107 1
75984 50318 1
75984 56788 1
75984 62240 1
75984 64724 1
75984 66598 1
75984 75985 1
75984 77214 1
75984 89371 1
75985 48877 1
75985 49107 1
75985 50318 1
75985 56788 1
75985 62240 1
75985 64724 1
75985 66598 1
75985 75984 1
75985 77214 1
75985 89371 1
77214 48877 1
77214 49107 1
77214 50318 1
77214 56788 1
77214 62240 1
77214 64724 1
77214 66598 1
77214 75984 1
77214 75985 1
77214 89371 1
77214 90031 1
77214 102282 1
77214 115234 1
78304 6794 1
78304 43597 2
78304 64724 4
78304 66252 1
78304 68501 1
78304 90812 1
78304 100141 1
78396 43597 1
78396 55521 1
78396 64724 1
78396 89768 1
78396 110469 1
78396 111298 1
78396 111322 1
78396 116831 1
80723 64724 1
80723 68012 1
80723 75214 1
80723 82808 1
80723 94593 1
80723 102996 1
80723 113030 1
80723 117664 1
82092 52753 1
82092 64724 1
82092 92229 1
82092 93492 1
82092 104549 1
82092 106256 1
82092 106339 1
82092 109183 1
85770 52803 1
85770 57344 1
85770 62613 1
85770 64724 1
85770 66252 1
85770 94679 1
85770 112744 1
86691 52976 1
86691 55441 1
86691 62666 1
86691 64724 1
86691 75326 1
86691 85432 1
86691 92062 1
86691 92825 3
86691 96034 1
86691 96865 1
86691 97166 1
86691 109632 1
86691 113030 1
86691 113426 1
89371 48877 1
89371 49107 1
89371 50318 1
89371 56788 1
89371 62240 1
89371 64724 1
89371 66598 1
89371 75984 1
89371 75985 1
89371 77214 1
89371 83166 1
89768 43597 1
89768 55521 1
89768 62639 1
89768 64724 1
89768 77524 1
89768 78396 1
89768 88443 1
89768 98999 1
89768 110469 1
89768 111322 1
90812 64724 1
90812 66252 1
90812 78304 1
90812 109820 1
92062 52976 1
92062 52989 1
92062 62666 1
92062 64724 1
92062 75326 1
92062 86691 1
92062 92825 1
92130 43597 1
92130 64724 1
92130 95464 1
92130 98999 1
92130 101533 1
92130 113030 1
92130 126793 1
92229 46073 1
92229 52753 1
92229 64724 1
92229 82092 1
92229 93492 1
92229 104549 1
92229 106256 1
92229 106339 1
92229 108951 1
92229 109183 1
92385 64724 1
92385 94307 1
92825 52976 1
92825 62666 1
92825 64724 1
92825 73944 1
92825 75326 1
92825 86691 3
92825 92062 1
92825 93013 1
92825 94544 1
93492 52753 1
93492 52989 1
93492 64724 1
93492 70506 1
93492 71685 1
93492 82092 1
93492 92229 1
93492 104549 1
93492 106256 1
93492 106339 1
93492 109183 1
93492 114718 1
93492 123749 1
94237 64724 1
94237 80762 1
94237 95743 1
94237 118213 1
94307 37340 1
94307 52894 1
94307 64724 1
94307 73505 1
94307 84776 1
94307 92385 1
94307 97166 1
94307 102254 1
94593 64724 1
94593 68012 1
94593 75214 1
94593 80723 1
94593 113030 1
94593 117664 1
95743 47332 1
95743 50410 1
95743 64724 1
95743 67827 1
95743 76802 1
95743 94237 1
100141 43597 1
100141 64724 1
100141 68501 1
100141 75214 1
100141 78304 1
100141 94879 1
100141 120058 1
104549 52753 1
104549 64724 1
104549 82092 1
104549 92229 1
104549 93492 1
104549 106256 1
104549 106339 1
104549 109183 1
106256 52753 1
106256 64724 1
106256 82092 1
106256 92229 1
106256 93492 1
106256 104549 1
106256 106339 1
106256 109183 1
106339 52753 1
106339 64724 1
106339 82092 1
106339 83664 1
106339 92229 1
106339 93492 1
106339 104549 1
106339 106256 1
106339 109183 1
106339 111434 1
109183 52753 1
109183 64724 1
109183 65048 1
109183 82092 1
109183 92229 1
109183 93492 1
109183 104443 1
109183 104549 1
109183 105514 1
109183 106256 1
109183 106339 1
110469 43597 1
110469 55521 1
110469 64724 1
110469 78396 1
110469 86267 1
110469 89768 1
110469 97089 1
110469 111322 1
110469 111404 1
110469 123408 1
111322 43597 2
111322 52019 1
111322 55521 1
111322 64724 1
111322 78396 1
111322 89768 1
111322 94125 1
111322 101726 1
111322 102706 1
111322 102707 1
111322 105298 1
111322 110469 1
113030 64724 1
113030 68012 1
113030 75214 1
113030 80723 1
113030 86691 1
113030 89180 1
113030 92130 1
113030 94593 1
113030 98999 1
113030 112997 1
113030 117664 1
113030 118662 1
117664 64724 1
117664 67270 1
117664 68012 1
117664 75214 1
117664 80723 1
117664 94593 1
117664 113030 1
38566 57241 1
38566 60628 1
38566 74865 1
38566 74866 1
38566 74867 1
38566 78130 1
38566 78550 1
38566 92466 1
51434 34013 1
51434 34014 1
51434 51394 1
51434 56778 1
51434 64485 1
51434 78550 1
51434 90662 1
51434 127151 1
51564 52999 1
51564 70154 1
51564 78550 1
51564 79078 1
51564 92151 1
52999 51564 1
52999 70154 1
52999 78550 1
52999 79078 1
52999 92151 1
56778 34013 1
56778 51394 1
56778 51434 1
56778 78550 1
56778 85432 2
56778 95490 1
57241 38566 1
57241 60628 1
57241 74865 1
57241 74866 1
57241 74867 1
57241 78130 1
57241 78550 1
57241 92466 1
58480 52803 1
58480 78550 1
60628 38566 1
60628 57241 1
60628 74865 1
60628 74866 1
60628 74867 1
60628 78130 1
60628 78550 1
60628 92466 1
70154 17876 1
70154 51564 1
70154 52999 1
70154 78550 1
70154 79078 1
70154 92151 1
70154 93647 3
70154 120470 1
74865 34138 1
74865 38566 1
74865 57241 1
74865 60628 1
74865 74866 1
74865 74867 1
74865 78130 1
74865 78550 1
74865 92466 1
74866 38566 1
74866 57241 1
74866 60628 1
74866 74865 1
74866 74867 1
74866 78130 1
74866 78550 1
74866 92466 1
74866 124791 1
74867 38566 1
74867 57241 1
74867 60628 1
74867 74865 1
74867 74866 1
74867 78130 1
74867 78550 1
74867 92466 1
78130 38566 1
78130 57241 1
78130 60628 1
78130 74865 1
78130 74866 1
78130 74867 1
78130 78550 1
78130 92466 1
79078 47332 1
79078 51564 1
79078 52999 1
79078 66252 1
79078 70154 1
79078 71697 1
79078 78550 1
79078 84087 1
79078 84461 1
79078 92151 1
79078 93716 1
85432 34013 1
85432 51798 1
85432 56778 2
85432 62697 1
85432 78550 1
85432 86691 1
85432 96848 1
85432 105650 1
87912 78550 1
87912 111008 1
87912 121966 1
88408 72334 1
88408 78550 1
88408 88409 6
88408 88410 2
88409 78550 1
88409 81986 1
88409 88408 6
88409 88410 3
90938 78550 1
90938 81990 1
90938 117474 1
92151 51564 1
92151 52999 1
92151 70154 1
92151 78550 1
92151 79078 1
92466 38566 1
92466 46777 1
92466 57241 1
92466 60628 1
92466 71722 1
92466 74865 1
92466 74866 1
92466 74867 1
92466 78130 1
92466 78550 1
92466 91967 1
92466 96536 1
92466 110480 1
92466 115765 1
96690 75155 1
96690 78550 1
96690 97166 1
96690 98504 1
121966 78550 1
121966 87912 1
60379 72432 1
60379 74878 1
60379 91151 1
60379 96794 1
60379 102496 1
74878 46820 1
74878 52989 1
74878 60379 1
74878 63476 1
74878 75481 1
74878 91151 1
74878 96794 1
74878 102496 1
96794 60379 1
96794 74878 1
96794 91151 1
96794 92199 1
96794 102496 1
96794 110326 1
96794 119069 1
102496 60379 1
102496 74878 1
102496 91151 1
102496 96794 1
38803 62697 1
38803 69291 1
38803 75916 1
38803 87889 1
38803 89864 1
38803 96865 1
38803 102254 1
38803 102868 1
38803 118856 1
52910 82284 1
52910 92232 1
52910 92744 1
52910 95464 1
52910 96865 1
52910 98934 5
52910 99417 1
52910 106807 1
52910 112672 1
52910 113110 1
55441 86691 1
55441 89864 1
55441 96034 1
55441 96865 1
55441 97166 1
55441 104561 1
55441 113426 1
62697 38803 1
62697 85432 1
62697 87889 1
62697 89864 1
62697 91681 3
62697 96865 1
62697 102254 1
62697 102868 1
62697 104973 2
62697 115744 2
62697 118856 1
62697 118981 1
62697 119240 1
62697 119764 1
75916 38803 1
75916 86155 1
75916 92045 1
75916 92363 1
75916 93716 1
75916 96864 1
75916 96865 1
75916 96866 1
75916 96868 1
75916 97102 1
75916 103439 1
75916 113426 1
82284 52910 1
82284 92232 1
82284 92744 1
82284 95464 1
82284 95490 1
82284 96865 1
82284 98934 1
82284 99417 1
82284 106807 1
86155 75916 1
86155 86093 1
86155 87136 1
86155 89731 1
86155 92045 1
86155 92363 1
86155 93716 1
86155 96848 1
86155 96864 1
86155 96865 1
86155 96866 1
86155 96868 1
86155 100484 1
86155 103439 1
86155 103733 1
86155 105648 1
86155 110062 1
87889 38803 1
87889 62697 1
87889 89864 1
87889 96865 1
87889 102254 1
87889 102868 1
87889 118856 1
89864 38803 1
89864 55441 1
89864 62697 1
89864 87889 1
89864 96865 1
89864 101098 1
89864 102254 1
89864 102868 1
89864 104522 1
89864 113426 1
89864 114607 1
89864 118856 1
92045 75916 1
92045 86155 1
92045 91647 1
92045 92363 1
92045 93716 1
92045 96864 1
92045 96865 1
92045 96866 1
92045 96868 1
92045 103439 1
92232 52910 1
92232 82284 1
92232 92744 1
92232 95464 1
92232 96865 1
92232 98934 1
92232 99417 1
92232 106807 1
92232 113426 1
92363 75916 1
92363 86155 1
92363 92045 1
92363 93716 1
92363 96864 2
92363 96865 1
92363 96866 1
92363 96868 1
92363 103439 1
92744 52910 1
92744 82284 1
92744 92232 1
92744 95464 1
92744 96865 1
92744 98934 1
92744 99417 1
92744 106807 1
92744 112672 1
93716 62421 1
93716 75916 1
93716 79078 1
93716 86155 1
93716 92045 1
93716 92363 1
93716 96864 1
93716 96865 1
93716 96866 1
93716 96868 1
93716 103439 1
95464 52910 1
95464 79197 1
95464 82284 1
95464 92130 1
95464 92232 1
95464 92348 1
95464 92744 1
95464 96865 1
95464 97873 1
95464 98934 1
95464 99417 1
95464 106807 1
95464 117445 1
96034 42622 1
96034 55441 1
96034 78485 1
96034 79985 1
96034 86691 1
96034 96865 1
96034 110059 1
96034 113426 1
96034 114518 1
96864 75916 1
96864 86155 1
96864 92045 1
96864 92363 2
96864 93716 1
96864 96865 1
96864 96866 1
96864 96868 1
96864 103439 1
96866 75916 1
96866 86155 1
96866 92045 1
96866 92363 1
96866 93716 1
96866 96864 1
96866 96865 1
96866 96868 1
96866 103439 1
96868 52881 1
96868 75916 1
96868 86155 1
96868 92045 1
96868 92363 1
96868 93716 1
96868 96864 1
96868 96865 1
96868 96866 1
96868 103439 1
96868 122214 1
96879 96865 1
98934 52910 5
98934 82284 1
98934 92232 1
98934 92744 1
98934 95464 1
98934 96865 1
98934 99417 1
98934 105815 1
98934 106807 1
98934 114647 1
98934 123980 1
99417 52910 1
99417 82284 1
99417 92232 1
99417 92744 1
99417 95464 1
99417 96100 2
99417 96865 1
99417 97541 1
99417 98934 1
99417 106807 1
102254 38803 1
102254 62697 1
102254 87889 1
102254 89864 1
102254 94307 1
102254 95421 1
102254 96865 1
102254 101726 1
102254 102868 1
102254 114718 1
102254 116621 1
102254 118856 1
102868 38803 1
102868 62697 1
102868 87889 1
102868 89864 1
102868 96865 1
102868 102254 1
102868 113642 1
102868 118856 1
102868 127168 1
103439 55564 1
103439 75916 1
103439 78197 1
103439 78420 1
103439 81481 1
103439 86118 1
103439 86155 1
103439 92045 1
103439 92363 1
103439 93716 1
103439 96864 1
103439 96865 1
103439 96866 1
103439 96868 1
103439 102289 1
103439 102759 1
103439 105638 1
106807 52910 1
106807 82284 1
106807 92232 1
106807 92744 1
106807 95464 1
106807 96865 1
106807 98934 1
106807 99417 1
106807 110189 1
106807 111469 1
106807 116937 1
113426 25623 1
113426 52753 1
113426 55441 1
113426 75916 1
113426 86691 1
113426 89864 1
113426 92232 1
113426 96034 1
113426 96865 1
118856 38803 1
118856 62697 1
118856 87889 1
118856 89864 1
118856 96865 1
118856 102254 1
118856 102868 1
118856 112095 1
118856 118044 1
118856 123423 1
61904 93811 1
61904 97166 1
61904 101509 1
61904 103732 1
61904 103733 1
61904 105504 1
61904 106408 1
61904 109104 1
61904 109320 1
61904 113626 1
61904 118932 1
68614 75155 1
68614 91681 1
68614 95784 1
68614 97260 1
68614 102707 1
68614 103733 1
68614 104973 1
68614 107215 1
75155 68614 1
75155 84087 1
75155 89834 1
75155 96690 1
75155 98275 1
75155 102707 1
75155 103733 1
75155 107262 1
75155 108951 1
75155 112198 1
84087 75155 1
84087 79078 1
84087 91681 1
84087 92135 1
84087 103733 1
84087 112516 1
84087 112517 1
84087 115234 1
86093 86155 1
86093 87136 1
86093 89731 1
86093 96848 1
86093 100484 1
86093 103733 1
86093 105648 1
86093 110062 1
86243 55521 1
86243 65628 1
86243 93811 1
86243 97209 1
86243 97211 1
86243 103733 1
86243 105295 1
86243 106228 1
86243 106335 1
86243 109393 1
86243 115450 1
86243 118011 1
86243 124009 1
87136 35601 1
87136 44458 1
87136 52958 1
87136 86093 1
87136 86155 1
87136 89731 1
87136 96848 1
87136 100484 1
87136 103733 1
87136 105592 1
87136 105648 1
87136 107738 1
87136 107920 1
87136 110062 1
89731 86093 1
89731 86155 1
89731 86199 1
89731 87136 1
89731 96848 1
89731 98999 1
89731 100484 1
89731 103733 1
89731 104951 1
89731 105648 1
89731 110062 1
89731 115929 1
89731 117858 1
91681 62697 3
91681 68614 1
91681 84087 1
91681 89834 1
91681 98944 2
91681 102374 1
91681 103733 1
91681 106223 2
91681 110326 1
93811 61904 1
93811 86243 1
93811 97102 1
93811 97209 1
93811 97211 1
93811 103733 1
93811 105295 1
93811 106228 1
93811 110996 1
93811 110998 1
93811 110999 1
93811 113626 1
93811 118011 1
93811 124009 1
95784 58415 1
95784 68614 1
95784 103733 1
95784 114637 1
96310 103733 1
96310 107320 1
96848 27880 1
96848 85432 1
96848 86093 1
96848 86155 1
96848 87136 1
96848 89731 1
96848 95466 1
96848 100484 1
96848 103674 2
96848 103733 1
96848 105648 1
96848 110062 1
97089 103733 1
97089 110469 1
97089 111404 1
97089 117195 1
97166 52989 1
97166 55441 1
97166 61904 1
97166 78485 1
97166 84502 1
97166 86691 1
97166 87877 1
97166 94307 1
97166 96690 1
97166 101509 1
97166 103732 1
97166 103733 1
97166 105504 1
97166 106408 1
97166 109104 1
97166 109320 1
97166 118932 1
97209 86243 1
97209 93811 1
97209 97211 1
97209 103733 1
97209 105295 1
97209 106228 1
97209 118011 1
97209 124009 1
97211 74218 1
97211 74219 1
97211 86243 1
97211 93811 1
97211 97209 1
97211 103733 1
97211 105295 1
97211 106228 1
97211 118011 1
97211 124009 1
100484 86093 1
100484 86155 1
100484 87136 1
100484 89731 1
100484 96848 1
100484 103733 1
100484 105187 1
100484 105648 1
100484 110062 1
101509 37219 1
101509 61904 1
101509 70031 1
101509 70032 2
101509 70034 1
101509 73171 1
101509 73172 1
101509 73173 2
101509 73174 1
101509 73175 1
101509 81573 1
101509 97166 1
101509 102651 1
101509 103732 1
101509 103733 1
101509 104972 1
101509 105504 1
101509 106408 1
101509 107282 1
101509 109104 1
101509 109320 1
101509 115461 1
101509 118932 1
101509 125047 1
103732 61904 1
103732 97166 1
103732 101509 1
103732 103733 1
103732 105504 1
103732 106408 1
103732 109104 1
103732 109320 1
103732 118932 1
104973 62697 2
104973 68614 1
104973 75214 1
104973 103733 1
104973 114115 1
105295 66187 1
105295 78485 1
105295 86243 1
105295 93811 1
105295 95300 1
105295 97209 1
105295 97211 1
105295 102707 1
105295 103733 1
105295 106228 1
105295 118011 1
105295 122576 1
105295 123419 1
105295 124009 1
105504 61904 1
105504 68501 1
105504 97166 1
105504 101509 1
105504 103732 1
105504 103733 1
105504 106408 1
105504 109104 1
105504 109320 1
105504 118932 1
105648 86093 1
105648 86155 1
105648 87136 1
105648 89731 1
105648 96848 1
105648 100484 1
105648 103733 1
105648 110062 1
106228 86191 1
106228 86243 1
106228 93811 1
106228 95939 1
106228 97209 1
106228 97211 1
106228 102842 1
106228 103733 1
106228 105295 1
106228 106626 1
106228 113642 1
106228 114413 1
106228 114593 1
106228 114605 1
106228 115234 1
106228 115450 1
106228 117420 1
106228 118011 1
106228 124009 1
106408 61904 1
106408 89086 1
106408 95753 1
106408 97166 1
106408 101509 1
106408 103732 1
106408 103733 1
106408 105504 1
106408 108205 1
106408 109104 1
106408 109320 1
106408 118932 1
107320 96310 1
107320 103733 1
109104 61904 1
109104 70847 1
109104 97166 1
109104 101509 1
109104 103732 1
109104 103733 1
109104 105504 1
109104 106408 1
109104 109320 1
109104 118932 1
109320 51386 1
109320 61904 1
109320 97166 1
109320 101509 1
109320 103732 1
109320 103733 1
109320 105504 1
109320 106408 1
109320 109104 1
109320 118932 1
110062 86093 1
110062 86155 1
110062 87136 1
110062 89731 1
110062 96848 1
110062 98391 1
110062 100484 1
110062 103733 1
110062 105648 1
110062 107262 1
111434 103733 1
111434 106339 1
111434 122446 1
111434 123275 1
114115 103733 1
114115 104754 1
114115 104973 1
116034 52976 1
116034 77220 1
116034 98504 1
116034 103733 1
116034 113467 1
117195 97089 1
117195 103733 1
118011 86243 1
118011 93811 1
118011 97209 1
118011 97211 1
118011 103733 1
118011 105295 1
118011 106228 1
118011 124009 1
118932 61904 1
118932 77507 1
118932 78485 1
118932 97166 1
118932 101509 1
118932 103732 1
118932 103733 1
118932 105504 1
118932 106408 1
118932 109104 1
118932 109320 1
118932 117420 1
119518 78313 1
119518 103733 1
122446 68074 1
122446 89180 1
122446 103733 1
122446 111434 1
122446 123275 1
123275 103733 1
123275 111434 1
123275 122446 1
124009 86224 1
124009 86243 1
124009 93811 1
124009 97209 1
124009 97211 1
124009 103733 1
124009 105295 1
124009 106228 1
124009 118011 1
124009 119201 1
124009 125375 1
125678 103733 1
125678 118055 1
36865 55564 1
36865 66380 1
36865 80114 1
36865 81019 1
36865 102759 1
36865 105638 1
48289 55564 1
48289 72216 1
48289 78197 2
48289 79949 1
48289 80114 1
48289 91702 1
48289 91938 1
48289 105638 1
48289 107311 1
48289 109167 1
48289 116502 1
48289 123240 1
55564 36865 1
55564 46915 1
55564 48289 1
55564 74112 1
55564 78197 2
55564 78420 1
55564 81481 1
55564 86118 1
55564 102289 1
55564 103439 1
55564 105638 1
65628 40953 1
65628 45975 1
65628 86243 1
65628 97637 1
65628 98333 1
65628 98391 1
65628 105118 1
65628 105638 1
65628 106335 1
65628 109998 1
65628 113626 1
66380 26318 1
66380 36865 1
66380 74112 1
66380 78197 1
66380 98114 1
66380 104801 1
66380 105638 1
66380 109167 1
66380 110601 1
66380 113467 1
66380 114412 1
66380 114693 1
68080 67939 1
68080 74112 1
68080 97260 1
68080 97339 1
68080 100445 1
68080 100482 1
68080 100483 1
68080 103824 1
68080 105638 1
68080 107403 1
68080 110466 1
68080 114111 1
68080 114605 1
68080 118577 1
72216 48289 1
72216 79949 1
72216 80114 1
72216 91702 1
72216 91938 1
72216 105638 1
72216 107311 1
72216 116502 1
74112 55564 1
74112 66380 1
74112 68080 1
74112 97339 1
74112 100445 1
74112 100482 1
74112 100483 1
74112 103824 1
74112 105638 1
74112 105975 1
74112 107403 1
74112 110466 1
74112 114111 1
74112 114605 1
78197 48289 2
78197 55564 2
78197 66380 1
78197 78420 1
78197 79951 1
78197 81481 1
78197 86118 1
78197 98114 1
78197 102289 1
78197 102759 2
78197 103439 1
78197 105638 2
78197 109167 2
78197 110601 1
78197 114693 1
78420 55564 1
78420 69354 1
78420 78197 1
78420 81481 2
78420 86118 1
78420 93876 1
78420 97339 1
78420 102289 1
78420 102759 1
78420 103439 1
78420 105638 1
78420 110466 1
78420 110601 1
78420 122216 1
79949 48289 1
79949 72216 1
79949 80114 1
79949 91702 1
79949 91938 1
79949 105638 1
79949 107311 1
79949 116502 1
80114 36865 1
80114 48289 1
80114 72216 1
80114 79949 1
80114 91702 1
80114 91938 1
80114 102289 2
80114 105638 1
80114 107311 3
80114 109167 1
80114 114605 1
80114 116502 1
81481 55564 1
81481 78197 1
81481 78420 2
81481 86118 2
81481 97339 1
81481 102289 1
81481 103439 1
81481 105638 1
81531 89199 1
81531 102750 1
81531 104801 1
81531 105638 1
81531 108222 1
86118 55564 1
86118 73600 1
86118 78197 1
86118 78420 1
86118 81481 2
86118 96535 1
86118 102289 1
86118 103439 1
86118 105638 1
86118 111372 1
86118 114398 1
89199 81531 1
89199 102750 1
89199 104801 1
89199 105638 1
89199 108222 1
89199 115447 1
91702 48289 1
91702 72216 1
91702 79949 1
91702 80114 1
91702 91938 1
91702 93611 1
91702 105638 1
91702 107311 1
91702 116502 1
91938 48289 1
91938 51373 1
91938 72216 1
91938 79949 1
91938 80114 1
91938 83842 1
91938 91702 1
91938 98114 1
91938 98717 1
91938 102289 1
91938 102759 2
91938 105638 1
91938 107311 2
91938 114439 1
91938 116502 1
95361 75326 1
95361 85898 1
95361 97489 1
95361 99496 5
95361 105638 1
95361 127701 1
97339 68080 1
97339 74112 1
97339 74211 1
97339 78420 1
97339 81481 1
97339 100445 2
97339 100482 1
97339 100483 1
97339 103824 1
97339 105638 1
97339 107403 1
97339 110466 2
97339 114111 1
97339 114605 1
97339 123378 1
98114 55510 1
98114 66380 1
98114 78197 1
98114 91938 1
98114 105638 1
98114 109167 1
98114 110601 1
98114 114693 1
98333 65628 1
98333 98391 1
98333 105118 1
98333 105638 1
98333 106335 1
98333 109998 1
98333 113626 1
98391 65628 1
98391 86280 1
98391 98333 1
98391 105118 1
98391 105638 1
98391 106335 1
98391 109998 1
98391 110062 1
98391 113626 1
98391 117782 1
99496 81780 1
99496 95361 5
99496 97489 1
99496 105638 1
99496 109317 1
99496 119487 1
99622 105638 1
99622 108951 1
99622 109871 1
99622 109875 1
99622 110594 1
100445 51373 1
100445 68080 1
100445 74112 1
100445 97339 2
100445 97792 1
100445 100482 1
100445 100483 1
100445 103824 1
100445 104801 1
100445 105638 1
100445 107403 1
100445 110466 1
100445 114111 1
100445 114605 1
100445 118358 1
100482 68080 1
100482 74112 1
100482 97339 1
100482 100445 1
100482 100483 9
100482 103824 1
100482 105638 1
100482 107403 1
100482 110466 1
100482 114111 1
100482 114605 1
100483 68080 1
100483 74112 1
100483 97339 1
100483 100445 1
100483 100482 9
100483 103824 1
100483 105638 1
100483 107403 1
100483 110466 1
100483 114111 1
100483 114605 1
102289 55564 1
102289 78197 1
102289 78420 1
102289 80114 2
102289 81481 1
102289 86118 1
102289 91938 1
102289 103439 1
102289 105638 1
102289 107311 1
102289 109167 1
102289 119201 1
102750 81531 1
102750 89199 1
102750 93290 1
102750 93292 1
102750 100606 1
102750 104801 1
102750 105638 1
102750 108222 2
102750 124635 1
102759 36865 1
102759 75317 1
102759 78197 2
102759 78420 1
102759 91938 2
102759 103439 1
102759 105638 1
102759 110466 1
102759 114693 1
103824 68080 1
103824 74112 1
103824 97339 1
103824 100445 1
103824 100482 1
103824 100483 1
103824 103823 1
103824 105638 1
103824 107403 1
103824 110466 1
103824 114111 1
103824 114605 1
104801 66380 1
104801 81531 1
104801 89199 1
104801 100445 1
104801 102750 1
104801 105638 1
104801 107403 1
104801 108222 1
104801 114111 1
105118 65628 1
105118 98333 1
105118 98391 1
105118 105638 1
105118 106335 1
105118 109998 1
105118 113626 1
105975 74112 1
105975 97792 1
105975 105638 1
106335 65628 1
106335 86243 1
106335 98333 1
106335 98391 1
106335 105118 1
106335 105638 1
106335 109998 1
106335 113626 1
107311 48289 1
107311 72216 1
107311 79949 1
107311 80114 3
107311 91702 1
107311 91938 2
107311 102289 1
107311 105638 1
107311 109167 1
107311 116502 1
107403 56038 1
107403 68080 1
107403 69408 1
107403 74112 1
107403 83140 1
107403 97339 1
107403 100445 1
107403 100482 1
107403 100483 1
107403 103824 1
107403 104801 1
107403 105638 1
107403 108820 1
107403 110466 2
107403 114111 1
107403 114605 1
108222 51587 1
108222 51588 1
108222 62666 1
108222 81531 1
108222 89199 1
108222 93290 1
108222 93292 1
108222 102750 2
108222 104801 1
108222 105638 1
108951 75155 1
108951 92229 1
108951 99622 1
108951 105638 1
108951 105650 1
108951 108953 1
108951 109875 1
108951 110594 1
109167 48289 1
109167 66380 1
109167 78197 2
109167 78273 1
109167 78421 1
109167 80114 1
109167 98114 1
109167 102289 1
109167 105638 1
109167 107311 1
109167 109168 1
109167 110601 1
109167 114693 1
109875 99622 1
109875 105638 1
109875 108951 1
109875 110594 1
109998 65628 1
109998 95421 1
109998 98333 1
109998 98391 1
109998 105118 1
109998 105638 1
109998 106335 1
109998 113626 1
110466 68080 1
110466 74112 1
110466 78420 1
110466 97339 2
110466 100445 1
110466 100482 1
110466 100483 1
110466 102759 1
110466 103824 1
110466 105638 1
110466 107403 2
110466 114111 1
110466 114605 1
110466 121866 1
110594 81530 1
110594 84766 1
110594 89180 1
110594 99622 1
110594 102632 1
110594 105638 1
110594 108951 1
110594 109875 1
110601 66380 1
110601 78197 1
110601 78420 1
110601 98114 1
110601 105638 1
110601 109167 1
110601 114693 1
113626 51494 1
113626 61904 1
113626 65628 1
113626 93811 1
113626 98333 1
113626 98391 1
113626 102619 1
113626 105118 1
113626 105638 1
113626 106335 1
113626 109998 1
113626 112355 1
114111 68080 1
114111 74112 1
114111 97339 1
114111 100445 1
114111 100482 1
114111 100483 1
114111 103824 1
114111 104801 1
114111 105638 1
114111 107403 1
114111 110466 1
114111 114605 1
114605 68080 1
114605 70785 1
114605 74112 1
114605 79201 1
114605 80114 1
114605 95939 1
114605 97339 1
114605 98552 1
114605 100445 1
114605 100482 1
114605 100483 1
114605 102842 1
114605 103824 1
114605 105638 1
114605 106228 1
114605 107403 1
114605 109317 1
114605 110466 1
114605 113642 1
114605 114111 1
114605 114593 1
114605 115234 1
114605 117420 1
114693 66380 1
114693 78197 1
114693 98114 1
114693 102759 1
114693 105638 1
114693 109167 1
114693 110601 1
114693 116178 1
116502 48289 1
116502 72216 1
116502 79949 1
116502 80114 1
116502 91702 1
116502 91938 1
116502 105638 1
116502 107311 1
125375 105638 1
125375 119201 1
125375 124009 1
62418 64845 1
62418 86241 1
62418 94329 1
62418 103523 1
62418 113465 1
62418 113643 1
62418 114412 1
62418 114413 2
62418 114414 1
62418 114415 1
64491 112792 1
64491 113465 1
64491 113467 1
64491 114412 1
64491 114413 1
64491 114798 1
64491 123240 1
65048 78273 1
65048 78274 1
65048 81573 1
65048 85879 1
65048 96410 1
65048 101260 1
65048 105278 1
65048 105883 1
65048 109183 1
65048 113465 1
69369 34013 1
69369 74219 1
69369 97792 1
69369 113465 1
69408 89833 1
69408 106007 1
69408 107403 1
69408 113465 1
69408 124076 1
78273 65048 1
78273 78274 1
78273 81573 1
78273 85879 1
78273 101260 1
78273 109167 1
78273 113465 1
78274 65048 1
78274 78273 1
78274 81573 1
78274 85879 1
78274 101260 1
78274 110528 1
78274 113465 1
78274 124911 1
81573 65048 1
81573 67936 1
81573 78273 1
81573 78274 1
81573 85879 1
81573 93080 1
81573 97593 1
81573 101260 1
81573 101509 1
81573 104972 1
81573 110975 1
81573 112997 1
81573 113465 1
81573 125047 1
82389 91607 1
82389 97637 1
82389 97638 1
82389 97640 1
82389 110059 1
82389 111424 1
82389 112060 1
82389 113465 1
82389 114718 1
83227 46777 1
83227 84467 1
83227 97346 1
83227 104556 1
83227 113465 1
83227 123980 1
83227 125868 1
85879 65048 1
85879 78273 1
85879 78274 1
85879 81573 1
85879 101260 1
85879 113465 1
85887 95422 1
85887 96410 1
85887 113465 1
86241 62418 1
86241 94329 1
86241 113465 1
86241 113643 1
86267 70223 1
86267 79201 1
86267 80875 1
86267 87877 1
86267 92550 1
86267 110469 1
86267 113465 1
88544 82999 1
88544 113465 1
88544 118630 1
88544 123370 4
88544 123565 1
89833 69408 1
89833 106007 1
89833 109221 1
89833 113465 1
89833 115461 1
89833 124076 1
89833 125181 1
90632 98325 1
90632 102706 1
90632 102707 1
90632 111325 1
90632 113465 1
90632 117145 1
94329 40714 1
94329 55480 1
94329 62418 1
94329 78485 1
94329 86241 1
94329 86268 1
94329 113465 1
94329 113643 1
95422 85483 1
95422 85887 1
95422 96410 1
95422 113465 1
96410 65048 1
96410 85887 1
96410 95422 1
96410 113465 1
97102 75916 1
97102 93811 1
97102 106789 1
97102 107262 1
97102 110996 1
97102 110998 1
97102 110999 1
97102 113465 1
97102 114855 1
97637 59570 1
97637 65628 1
97637 82389 1
97637 88443 1
97637 97638 1
97637 97640 1
97637 110059 1
97637 112060 1
97637 113465 1
97637 114718 1
97638 82389 1
97638 97637 1
97638 97640 1
97638 110059 1
97638 112060 1
97638 113465 1
97638 114718 1
97640 82389 1
97640 97637 1
97640 97638 1
97640 110059 1
97640 112060 1
97640 113465 1
97640 114718 1
97792 69369 1
97792 100445 1
97792 105975 1
97792 113465 1
98325 90632 1
98325 102706 1
98325 102707 1
98325 111325 1
98325 113465 1
100127 78313 1
100127 112792 1
100127 113097 1
100127 113465 1
100127 114332 1
100127 114493 1
100127 119340 1
101260 65048 1
101260 78273 1
101260 78274 1
101260 81573 1
101260 85879 1
101260 113465 1
102706 90632 1
102706 98325 1
102706 102707 5
102706 105298 1
102706 110975 1
102706 111322 1
102706 111325 1
102706 113465 1
102707 68614 1
102707 75155 1
102707 90632 1
102707 98325 1
102707 102706 5
102707 105295 1
102707 105298 1
102707 109613 1
102707 111322 1
102707 111325 1
102707 113465 1
104556 83227 1
104556 113465 1
104556 123980 1
104934 113465 1
106007 55245 1
106007 69408 1
106007 89833 1
106007 113465 1
106007 124076 1
107262 75155 1
107262 97102 1
107262 107865 1
107262 110062 1
107262 112198 1
107262 113465 1
107262 119326 1
110059 82087 1
110059 82389 1
110059 88899 1
110059 94302 1
110059 96034 1
110059 97637 1
110059 97638 1
110059 97640 1
110059 102282 1
110059 107766 1
110059 112060 1
110059 113465 1
110059 114718 1
110326 72314 1
110326 91681 1
110326 96794 1
110326 109970 1
110326 112517 1
110326 113465 1
110326 116898 1
110326 118501 1
110326 120899 1
110326 121023 1
110326 123642 1
110613 113465 1
111325 90632 1
111325 98325 1
111325 102706 1
111325 102707 1
111325 113465 1
111827 52971 1
111827 52972 1
111827 75248 1
111827 113465 1
112060 82389 1
112060 97637 1
112060 97638 1
112060 97640 1
112060 110059 1
112060 113465 1
112060 114718 2
112517 84087 1
112517 110326 1
112517 112516 1
112517 113465 1
112517 118501 1
112517 119300 1
112517 119581 1
112792 64491 1
112792 78313 1
112792 100127 1
112792 108429 1
112792 109326 1
112792 113465 1
112792 113467 1
112792 114412 1
112792 114413 1
112792 119111 1
112792 119112 1
112792 119340 1
112792 123240 1
113467 64491 1
113467 66380 1
113467 97167 1
113467 112792 1
113467 113465 1
113467 114412 2
113467 114413 1
113467 116034 1
113467 123240 1
113643 62418 1
113643 74211 1
113643 78298 1
113643 81506 1
113643 86241 1
113643 94329 1
113643 107274 1
113643 113465 1
114412 62418 1
114412 64491 1
114412 64845 1
114412 66380 1
114412 103523 1
114412 112430 1
114412 112792 1
114412 113130 1
114412 113465 1
114412 113467 2
114412 113642 1
114412 114413 3
114412 114414 2
114412 114415 1
114412 114753 1
114412 117858 1
114412 123240 1
114413 62418 2
114413 64491 1
114413 64845 1
114413 69774 1
114413 70748 1
114413 98527 1
114413 103523 2
114413 106228 1
114413 106626 1
114413 111004 1
114413 112792 1
114413 113465 1
114413 113467 1
114413 114412 3
114413 114414 2
114413 114415 1
114413 117052 1
114413 118501 1
114413 122693 1
114413 122935 1
114413 123240 1
114413 124979 1
114718 69242 1
114718 70785 1
114718 77524 1
114718 82389 1
114718 93492 1
114718 97637 1
114718 97638 1
114718 97640 1
114718 102254 1
114718 110059 1
114718 112060 2
114718 113465 1
114718 116621 1
114718 117844 1
114718 122348 1
114718 123642 1
115453 113465 1
118501 110326 1
118501 112517 1
118501 113465 1
118501 114413 1
118501 119568 1
118630 88544 1
118630 113465 1
118630 123565 1
123240 48289 1
123240 64491 1
123240 112792 1
123240 113465 1
123240 113467 1
123240 114412 1
123240 114413 1
123240 123391 1
123565 88544 1
123565 113465 1
123565 118630 1
123980 83227 1
123980 98934 1
123980 104556 1
123980 105815 1
123980 113465 1
123980 123979 1
124076 69408 1
124076 89833 1
124076 106007 1
124076 113465 1
124076 115837 1
36891 32561 1
36891 40370 1
36891 63655 1
36891 64272 1
36891 72451 1
36891 74271 1
36891 87636 1
36891 116002 1
36891 116365 1
57518 79201 1
57518 114637 1
57518 115234 1
57518 116002 1
57518 117566 1
57518 122979 1
63655 36891 1
63655 64272 1
63655 72451 1
63655 74271 1
63655 87636 2
63655 116002 1
63655 116365 1
64272 36891 1
64272 63655 1
64272 72451 1
64272 74271 1
64272 87636 1
64272 116002 1
64272 116365 1
72451 36891 1
72451 63655 1
72451 64272 1
72451 74271 1
72451 87636 1
72451 116002 1
72451 116365 1
74271 36891 1
74271 63655 1
74271 64272 1
74271 72451 1
74271 87636 1
74271 101599 1
74271 116002 1
74271 116365 1
79201 49107 1
79201 51561 1
79201 57518 1
79201 60931 1
79201 79197 1
79201 86267 1
79201 87744 1
79201 88899 1
79201 98322 1
79201 103653 1
79201 106716 1
79201 112606 1
79201 114605 1
79201 114637 2
79201 115234 1
79201 116002 1
79201 117058 1
79201 117566 1
79201 118344 1
87636 36891 1
87636 63655 2
87636 64272 1
87636 72451 1
87636 74271 1
87636 116002 1
87636 116365 2
98552 94863 1
98552 101726 1
98552 108779 1
98552 114605 1
98552 116002 1
98552 117337 1
112054 116002 1
112054 116003 1
112054 116004 1
112054 117348 1
112054 118360 1
112054 119795 1
114637 57518 1
114637 79201 2
114637 95784 1
114637 104561 1
114637 106252 1
114637 106272 1
114637 108230 1
114637 109462 1
114637 114635 1
114637 115234 1
114637 116002 1
114637 117566 1
114637 117870 1
115234 57518 1
115234 75326 3
115234 75920 1
115234 77214 1
115234 78463 1
115234 79201 1
115234 84087 1
115234 90031 1
115234 95939 1
115234 102282 1
115234 102842 1
115234 104522 1
115234 106154 1
115234 106228 1
115234 108953 1
115234 109317 1
115234 112997 1
115234 113284 1
115234 113642 1
115234 114415 1
115234 114593 1
115234 114605 1
115234 114637 1
115234 115461 1
115234 115843 1
115234 116002 1
115234 117052 1
115234 117419 1
115234 117420 2
115234 117421 1
115234 117422 1
115234 117566 1
115234 119340 1
116003 112054 1
116003 116002 1
116003 116004 1
116003 117348 1
116003 118360 1
116003 119795 1
116004 112054 1
116004 116002 1
116004 116003 1
116004 117348 2
116004 118360 1
116004 119795 1
116365 36891 1
116365 63655 1
116365 64272 1
116365 72451 1
116365 74271 1
116365 87636 2
116365 102619 1
116365 116002 1
117337 77380 1
117337 98552 1
117337 114980 2
117337 114981 3
117337 114982 1
117337 116002 1
117337 117292 1
117337 119361 1
117348 110715 1
117348 112054 1
117348 116002 1
117348 116003 1
117348 116004 2
117348 118145 1
117348 118147 1
117348 118360 1
117348 118809 1
117348 118815 1
117348 119693 1
117348 119793 1
117348 119795 5
117348 119798 1
117566 57518 1
117566 79201 1
117566 114637 1
117566 115234 1
117566 116002 1
118360 56500 1
118360 112054 1
118360 116002 1
118360 116003 1
118360 116004 1
118360 117348 1
118360 118603 1
118360 118604 1
118360 119795 1
119795 100042 1
119795 112054 1
119795 116002 1
119795 116003 1
119795 116004 1
119795 117348 5
119795 118360 1
119795 119793 1
125047 81573 1
125047 101509 1
125047 104972 1
125047 116002 1
78485 75924 1
78485 86199 1
78485 93791 1
78485 94329 1
78485 96034 1
78485 97166 1
78485 105295 1
78485 112968 1
78485 117420 1
78485 118536 1
78485 118932 1
85499 102786 1
85499 102787 1
85499 107614 1
85499 116293 1
85499 117420 1
85499 126670 1
95939 102842 2
95939 106228 1
95939 113642 1
95939 114593 1
95939 114605 1
95939 115234 1
95939 117420 1
102842 76530 1
102842 84386 1
102842 95939 2
102842 103819 1
102842 104553 1
102842 106228 1
102842 113642 1
102842 114593 1
102842 114605 1
102842 115234 1
102842 117420 1
104522 89864 1
104522 104517 1
104522 106154 1
104522 108953 1
104522 112997 1
104522 114415 1
104522 115234 1
104522 115461 1
104522 117052 1
104522 117419 1
104522 117420 1
104522 117421 1
104522 117422 1
106154 104522 1
106154 108953 1
106154 112997 1
106154 114415 1
106154 115234 1
106154 115461 1
106154 117052 1
106154 117419 1
106154 117420 1
106154 117421 1
106154 117422 1
106626 106228 1
106626 113642 1
106626 114413 1
106626 117420 1
106626 117468 1
106626 125227 1
108953 104522 1
108953 105650 1
108953 106154 1
108953 108951 1
108953 112997 1
108953 114415 1
108953 115234 1
108953 115461 1
108953 117052 1
108953 117419 1
108953 117420 1
108953 117421 1
108953 117422 1
112997 81573 1
112997 104522 1
112997 106154 1
112997 108953 1
112997 109317 1
112997 110975 2
112997 112085 1
112997 113030 1
112997 114415 1
112997 115234 1
112997 115461 1
112997 117052 1
112997 117419 1
112997 117420 1
112997 117421 1
112997 117422 1
113642 75318 1
113642 95939 1
113642 102842 1
113642 102868 1
113642 106228 1
113642 106626 1
113642 114412 1
113642 114593 1
113642 114605 1
113642 115234 1
113642 117420 1
114415 62418 1
114415 64845 1
114415 103523 1
114415 104522 1
114415 106154 1
114415 108953 1
114415 112997 1
114415 114412 1
114415 114413 1
114415 114414 1
114415 115234 1
114415 115461 1
114415 117052 1
114415 117419 1
114415 117420 1
114415 117421 1
114415 117422 1
114593 95939 1
114593 102842 1
114593 106228 1
114593 113642 1
114593 114605 1
114593 115234 1
114593 117420 1
115461 89833 1
115461 91608 1
115461 91680 1
115461 101509 1
115461 104522 1
115461 106154 1
115461 108953 1
115461 112997 1
115461 114415 1
115461 115234 1
115461 117052 1
115461 117419 1
115461 117420 1
115461 117421 1
115461 117422 1
115461 127168 2
117052 104522 1
117052 106154 1
117052 108953 1
117052 109581 1
117052 112997 1
117052 114413 1
117052 114415 1
117052 115234 1
117052 115461 1
117052 117419 1
117052 117420 1
117052 117421 1
117052 117422 1
117052 118844 1
117052 125190 1
117419 104522 1
117419 106154 1
117419 108953 1
117419 112997 1
117419 114415 1
117419 115234 1
117419 115461 1
117419 117052 1
117419 117420 1
117419 117421 1
117419 117422 1
117421 104522 1
117421 106154 1
117421 108953 1
117421 112997 1
117421 114415 1
117421 115234 1
117421 115461 1
117421 117052 1
117421 117419 1
117421 117420 1
117421 117422 1
117422 104522 1
117422 106154 1
117422 108953 1
117422 112997 1
117422 114415 1
117422 115234 1
117422 115461 1
117422 117052 1
117422 117419 1
117422 117420 1
117422 117421 1
52019 74882 1
52019 85073 1
52019 94342 1
52019 98999 1
52019 111322 1
52019 114798 1
52019 124729 1
74882 52019 1
74882 82195 1
74882 85073 1
74882 94342 1
74882 98999 2
74882 101726 1
74882 124729 1
85073 52019 1
85073 74882 1
85073 78875 1
85073 93249 1
85073 94342 1
85073 98504 1
85073 98999 1
85073 108186 1
85073 124729 1
94342 52019 1
94342 74882 1
94342 78313 1
94342 85073 1
94342 98999 2
94342 124729 1
98999 52019 1
98999 74882 2
98999 78313 1
98999 85073 1
98999 86199 1
98999 88443 1
98999 89731 1
98999 89768 1
98999 92130 1
98999 92202 1
98999 94342 2
98999 113030 1
98999 114183 1
98999 115929 1
98999 123597 1
98999 124729 1
2700 6854 1
2700 34013 1
2700 65259 1
2700 121874 1
6854 2700 1
6854 34013 1
6854 65259 1
6854 121874 1
51394 34013 2
51394 51434 1
51394 56778 1
51394 65259 1
51394 91404 1
56156 34013 1
64485 34013 1
64485 51434 1
64485 105650 1
65259 2700 1
65259 6854 1
65259 34013 1
65259 51394 1
65259 121874 1
70986 34013 1
70986 38045 1
70986 105650 1
74219 34013 2
74219 69369 1
74219 74218 2
74219 83842 1
74219 97211 1
105650 34013 1
105650 51798 1
105650 64485 1
105650 70986 1
105650 85432 1
105650 108951 1
105650 108953 1
121874 2700 1
121874 6854 1
121874 34013 1
121874 65259 1
78362 34014 1
78362 75326 1
78362 114937 1
114937 34014 1
114937 75326 1
114937 78362 1
51159 47332 1
67912 47332 1
83116 47332 1
83116 85792 1
85792 47332 1
85792 83116 1
45051 51328 1
45051 75677 1
45051 77535 1
75677 45051 1
75677 51328 1
75677 77535 1
77535 45051 1
77535 51328 1
77535 75677 1
83673 51328 1
83673 83674 1
83674 51328 1
83674 83673 1
84502 52989 1
84502 66262 1
84502 97166 1
84502 116621 1
48152 57357 1
51438 57357 1
57922 57357 1
61167 57357 1
61167 75481 1
61167 111850 1
68148 47399 1
68148 53033 1
68148 57357 1
83438 57357 1
43236 60212 1
53210 60212 1
52220 63502 1
86697 63502 1
46088 66207 1
93647 66207 1
93647 70154 3
93647 120470 1
33692 44932 1
33692 66233 1
33692 67868 1
44932 33692 1
44932 66233 1
44932 67868 1
66233 33692 1
66233 44932 1
66233 67868 1
44040 69063 1
47399 51309 1
47399 55579 1
47399 61863 1
47399 68148 1
47399 69521 1
47399 72431 1
47399 72432 1
47399 72433 1
48400 72432 1
48752 72432 1
51309 47399 1
51309 55579 1
51309 61863 1
51309 69521 1
51309 72431 1
51309 72432 1
51309 72433 1
55480 72432 1
55480 73635 1
55480 73636 1
55480 94329 1
55579 47399 1
55579 51309 1
55579 61863 1
55579 69521 1
55579 72431 1
55579 72432 1
55579 72433 1
61863 47399 1
61863 51309 1
61863 55579 1
61863 69521 1
61863 72431 1
61863 72432 1
61863 72433 1
69521 47399 1
69521 51309 1
69521 55579 1
69521 61863 1
69521 72431 1
69521 72432 1
69521 72433 1
72431 47399 1
72431 51309 1
72431 55579 1
72431 61863 1
72431 69521 1
72431 72432 1
72431 72433 1
72433 47399 1
72433 51309 1
72433 55579 1
72433 61863 1
72433 69521 1
72433 72431 1
72433 72432 1
73635 55480 1
73635 72432 1
73635 73636 1
73636 55480 1
73636 72432 1
73636 73635 1
64919 68537 1
64919 74216 1
64919 87389 1
68537 64919 1
68537 74216 1
68537 87389 1
87389 64919 1
87389 68537 1
87389 74216 1
109854 74216 1
104793 74676 1
52956 69438 1
52956 74686 1
52956 89727 1
69438 52956 1
69438 74686 1
69438 89727 1
89727 52956 1
89727 69438 1
89727 74686 1
51871 75112 1
51871 82709 1
65484 75112 1
70211 75112 1
82709 51871 1
82709 75112 1
66235 77524 1
101098 77524 1
101098 89864 1
101098 101235 1
101235 77524 1
101235 101098 1
106687 77524 1
54726 63773 1
54726 65794 1
54726 77564 1
54726 78685 1
63773 54726 1
63773 65794 1
63773 77564 1
63773 78685 1
65794 54726 1
65794 63773 1
65794 77564 1
65794 78685 1
66945 66946 2
66945 72314 1
66945 77563 1
66945 77564 1
66946 66945 2
66946 72314 1
66946 77563 1
66946 77564 1
66946 90520 1
77563 66945 1
77563 66946 1
77563 77564 1
78685 54726 1
78685 63773 1
78685 65794 1
78685 77564 1
80578 84618 1
80578 123059 2
105260 40953 1
105260 88183 2
105260 102651 1
53033 66204 1
53033 68148 1
53033 89067 1
53033 92272 1
66204 53033 1
66204 89067 1
66204 92272 1
92272 53033 1
92272 59570 1
92272 66204 1
92272 89067 1
92272 91608 1
90520 66946 1
90520 94926 1
90520 115765 1
115765 90520 1
115765 91967 1
115765 92466 1
115765 94926 1
70854 95421 1
70854 105132 1
105132 70854 1
105132 95421 1
106484 95421 1
109947 95490 1
109947 112430 1
116074 101726 1
123419 101726 1
123419 105295 1
86748 91350 1
86748 102282 1
86748 109352 1
86748 111680 1
90031 77214 1
90031 102282 1
90031 115234 1
91350 86748 1
91350 102282 1
91350 109352 1
91350 111680 1
105752 102282 1
109352 86748 1
109352 91350 1
109352 102282 1
109352 111680 1
111680 86748 1
111680 91350 1
111680 102282 1
111680 109352 1
111850 61167 1
111850 102282 1
114976 102282 1
99707 102651 1
107282 101509 1
107282 102651 1
90941 90201 1
90941 103839 1
70798 108779 1
90987 108779 1
91404 51394 1
91404 97346 1
91404 108779 1
87836 62666 1
87836 116621 1
102264 116621 1
127328 116621 1
48845 43597 1
62885 49107 1
82344 49107 1
82344 82345 1
82344 109728 1
82344 109729 1
82344 111866 1
82345 49107 1
82345 82344 1
82345 109728 1
82345 109729 1
82345 111866 1
109728 49107 1
109728 82344 1
109728 82345 1
109728 109729 2
109728 111866 1
109729 49107 1
109729 82344 1
109729 82345 1
109729 109728 2
109729 111866 1
111866 49107 1
111866 82344 1
111866 82345 1
111866 109728 1
111866 109729 1
91613 52753 1
100417 52753 1
38045 45957 1
38045 52803 1
38045 63970 1
38045 70986 1
38045 106044 1
45957 38045 1
45957 52803 1
45957 63970 1
45957 106044 1
63970 38045 1
63970 45957 1
63970 52803 1
63970 106044 1
106044 38045 1
106044 45957 1
106044 52803 1
106044 63970 1
24942 56788 1
30832 41537 1
30832 56788 1
40070 56788 1
41537 30832 1
41537 56788 1
65868 56788 1
75969 56788 1
90363 56788 1
99297 56788 1
25925 62240 1
25925 71697 1
64761 45975 1
64761 62240 1
70476 62613 1
73375 62613 1
82853 62613 1
126562 62613 1
71722 46777 1
71722 62666 1
71722 79197 1
71722 92466 1
79197 62666 1
79197 71722 1
79197 79201 1
79197 95464 1
79197 116702 1
108901 62666 1
111993 62666 1
85763 66252 1
85763 98956 1
85763 127168 1
98956 66252 1
98956 85763 1
68011 68012 1
68011 68013 1
68013 68011 1
68013 68012 1
84776 52894 1
84776 68012 1
84776 73505 1
84776 94307 1
117095 68012 1
76530 75214 1
76530 102842 1
76530 108820 1
78463 75326 1
78463 111004 1
78463 115234 1
123614 75326 1
6794 78304 1
111298 78396 1
116831 78396 1
82808 80723 1
102996 80723 1
57344 85770 1
57344 94679 1
94679 57344 1
94679 85770 1
112744 85770 1
109632 86691 1
83166 89371 1
88443 59570 1
88443 89768 1
88443 97637 1
88443 98999 1
109820 90812 1
101533 92130 1
101533 126793 1
126793 92130 1
126793 101533 1
46073 92229 1
73944 92825 1
73944 94544 1
93013 92825 1
94544 73944 1
94544 92825 1
70506 93492 1
71685 93492 1
123749 93492 1
123749 125190 1
80762 94237 1
118213 94237 1
37340 94307 1
52894 73505 1
52894 84776 1
52894 94307 1
73505 52894 1
73505 84776 1
73505 94307 1
50410 95743 1
67827 95743 1
76802 95743 1
94879 100141 1
120058 100141 1
83664 106223 1
83664 106339 1
104443 109183 1
105514 109183 1
111404 97089 1
111404 110469 1
123408 110469 1
94125 111322 1
105298 102706 1
105298 102707 1
105298 111322 1
89180 68074 1
89180 81530 1
89180 84766 1
89180 110594 1
89180 113030 1
89180 118662 1
89180 122446 1
118662 89180 1
118662 113030 1
67270 117664 1
90662 51434 1
127151 51434 1
17876 70154 1
120470 70154 1
120470 93647 1
34138 74865 1
124791 74866 1
71697 25925 1
71697 79078 1
84461 79078 1
51798 85432 1
51798 105650 1
111008 87912 1
72334 88408 1
72334 97260 1
88410 81986 1
88410 88408 2
88410 88409 3
81986 88409 1
81986 88410 1
81990 90938 1
81990 117474 1
117474 81990 1
117474 90938 1
46777 71722 1
46777 83227 1
46777 92466 1
46777 125868 1
91967 92466 1
91967 115765 1
96536 92466 1
110480 92466 1
98504 77220 1
98504 85073 1
98504 96690 1
98504 116034 1
46820 63476 1
46820 74878 1
63476 46820 1
63476 74878 1
75481 61167 1
75481 74878 1
92199 96794 1
119069 96794 1
69291 38803 1
112672 52910 1
112672 92744 1
113110 52910 1
104561 55441 1
104561 114637 1
115744 62697 2
118981 62697 1
119240 62697 1
119240 121392 1
119764 62697 1
119764 121392 1
114607 89864 1
91647 92045 1
62421 93716 1
92348 95464 1
92348 117445 1
97873 95464 1
117445 92348 1
117445 95464 1
42622 96034 1
79985 96034 1
114518 96034 1
52881 96868 1
52881 122214 1
122214 52881 1
122214 96868 1
105815 98934 1
105815 123980 1
114647 98934 1
96100 97541 11
96100 99417 2
97541 96100 11
97541 99417 1
127168 85763 1
127168 102868 1
127168 115461 2
110189 106807 1
110189 111469 1
110189 116937 1
111469 106807 1
111469 110189 1
111469 116937 1
116937 78298 1
116937 106807 1
116937 109168 1
116937 110189 1
116937 111469 1
25623 113426 1
112095 70223 1
112095 118856 1
118044 118856 1
123423 118856 1
97260 67939 1
97260 68080 1
97260 68614 1
97260 72334 1
97260 118577 1
107215 68614 1
89834 75155 1
89834 91681 1
98275 75155 1
112198 75155 1
112198 107262 1
112198 109317 1
92135 84087 1
92135 122728 1
112516 84087 1
112516 112517 1
109393 86243 1
115450 86191 1
115450 86243 1
115450 106228 1
35601 44458 1
35601 52958 1
35601 87136 1
44458 35601 1
44458 52958 1
44458 87136 1
52958 35601 1
52958 44458 1
52958 87136 1
105592 87136 1
105592 107738 2
105592 107920 2
107738 87136 1
107738 105592 2
107738 107920 2
107920 87136 1
107920 105592 2
107920 107738 2
86199 78485 1
86199 89731 1
86199 98999 1
86199 112968 1
86199 115929 1
86199 118536 1
104951 89731 1
104951 117858 1
115929 86199 1
115929 89731 1
115929 98999 1
117858 89731 1
117858 104951 1
117858 114412 1
98944 84386 1
98944 91681 2
98944 106223 1
98944 126500 1
102374 91681 1
106223 83664 1
106223 91681 2
106223 98944 1
110996 93811 1
110996 97102 1
110996 110998 1
110996 110999 1
110998 93811 1
110998 97102 1
110998 110996 1
110998 110999 1
110999 75318 1
110999 93811 1
110999 97102 1
110999 110996 1
110999 110998 1
58415 95784 1
27880 95466 1
27880 96848 1
95466 27880 1
95466 96848 1
103674 96848 2
87877 80875 1
87877 86267 1
87877 92550 1
87877 97166 1
74218 74219 2
74218 83842 1
74218 97211 1
105187 100484 1
37219 101509 1
70031 70032 2
70031 70034 1
70031 73171 3
70031 73172 1
70031 73173 1
70031 73174 2
70031 73175 3
70031 101509 1
70032 70031 2
70032 70034 2
70032 73171 5
70032 73172 3
70032 73173 14
70032 73174 13
70032 73175 5
70032 101509 2
70034 70031 1
70034 70032 2
70034 73171 1
70034 73173 1
70034 73174 1
70034 73175 1
70034 101509 1
73171 70031 3
73171 70032 5
73171 70034 1
73171 73172 3
73171 73173 4
73171 73174 5
73171 73175 6
73171 101509 1
73172 70031 1
73172 70032 3
73172 73171 3
73172 73173 3
73172 73174 3
73172 73175 3
73172 101509 1
73173 70031 1
73173 70032 14
73173 70034 1
73173 73171 4
73173 73172 3
73173 73174 21
73173 73175 3
73173 101509 2
73174 70031 2
73174 70032 13
73174 70034 1
73174 73171 5
73174 73172 3
73174 73173 21
73174 73175 5
73174 101509 1
73175 70031 3
73175 70032 5
73175 70034 1
73175 73171 6
73175 73172 3
73175 73173 3
73175 73174 5
73175 101509 1
104972 81573 1
104972 101509 1
104972 125047 1
66187 95300 1
66187 105295 1
95300 66187 1
95300 105295 1
95300 106549 1
122576 43892 2
122576 105295 1
86191 106228 1
86191 115450 1
89086 106408 1
95753 106408 1
95753 108205 1
108205 95753 1
108205 106408 1
70847 109104 1
51386 79132 1
51386 109320 1
104754 114115 1
77220 98504 1
77220 116034 1
77507 118932 1
78313 94342 1
78313 98999 1
78313 100127 1
78313 103653 1
78313 112792 1
78313 119340 1
78313 119518 1
68074 89180 1
68074 122446 1
86224 124009 1
119201 102289 1
119201 124009 1
119201 125375 1
118055 125678 1
81019 36865 1
46915 55564 1
40953 45975 1
40953 65628 1
40953 105260 1
45975 40953 1
45975 64761 1
45975 65628 1
26318 66380 1
67939 68080 1
67939 97260 1
67939 118577 1
118577 67939 1
118577 68080 1
118577 97260 1
79951 78197 1
69354 78420 1
69354 93876 1
69354 122216 1
93876 69354 1
93876 78420 1
93876 122216 1
122216 69354 1
122216 78420 1
122216 93876 1
73600 86118 1
73600 96535 1
73600 111372 1
96535 73600 1
96535 86118 1
96535 111372 1
111372 73600 1
111372 86118 1
111372 96535 1
114398 86118 1
115447 89199 1
93611 91702 1
51373 91938 1
51373 100445 1
51373 114439 1
51373 118358 1
83842 74218 1
83842 74219 1
83842 91938 1
98717 91938 1
114439 51373 1
114439 91938 1
85898 95361 1
97489 95361 1
97489 99496 1
127701 95361 1
74211 78298 1
74211 81506 1
74211 92202 1
74211 97339 1
74211 107274 1
74211 113643 1
123378 97339 1
123378 123379 2
55510 98114 1
86280 98391 1
117782 98391 1
81780 99496 1
109317 70785 1
109317 99496 1
109317 110975 1
109317 112198 1
109317 112997 1
109317 114605 1
109317 115234 1
119487 99496 1
109871 99622 1
118358 51373 1
118358 100445 1
93290 93292 1
93290 102750 1
93290 108222 1
93292 93290 1
93292 102750 1
93292 108222 1
100606 102750 1
124635 102750 1
75317 102759 1
103823 103824 1
56038 107403 1
83140 107403 1
83140 108820 1
108820 76530 1
108820 83140 1
108820 107403 1
51587 51588 1
51587 108222 1
51588 51587 1
51588 108222 1
78421 109167 1
78421 109168 1
109168 78298 1
109168 78421 1
109168 109167 1
109168 116937 1
121866 110466 1
81530 84766 1
81530 89180 1
81530 110594 1
84766 81530 1
84766 89180 1
84766 110594 1
102632 110594 1
51494 113626 1
102619 110975 1
102619 113626 1
102619 116365 1
112355 113626 1
70785 69242 1
70785 109317 1
70785 114605 1
70785 114718 1
116178 114693 1
64845 62418 1
64845 103523 1
64845 114412 1
64845 114413 1
64845 114414 1
64845 114415 1
103523 62418 1
103523 64845 1
103523 111004 1
103523 114412 1
103523 114413 2
103523 114414 2
103523 114415 1
114414 62418 1
114414 64845 1
114414 103523 2
114414 111004 2
114414 112430 4
114414 114412 2
114414 114413 2
114414 114415 1
114798 52019 1
114798 64491 1
105278 65048 1
105883 65048 1
110528 78274 1
110528 124911 4
124911 78274 1
124911 110528 4
67936 81573 1
93080 81573 1
97593 81573 1
110975 81573 1
110975 102619 1
110975 102706 1
110975 109317 1
110975 112997 2
91607 82389 1
91607 111424 1
111424 82389 1
111424 91607 1
111424 116959 1
111424 117059 1
84467 83227 1
97346 83227 1
97346 91404 1
125868 46777 1
125868 83227 1
70223 86267 1
70223 112095 1
80875 86267 1
80875 87877 1
80875 92550 1
92550 80875 1
92550 86267 1
92550 87877 1
82999 88544 1
123370 88544 4
109221 89833 1
125181 89833 1
117145 90632 1
40714 94329 1
86268 94329 1
85483 95422 1
106789 97102 1
114855 97102 1
59570 88443 1
59570 91608 1
59570 92272 1
59570 97637 1
113097 100127 1
114332 100127 1
114332 114493 1
114493 100127 1
114493 114332 1
119340 78313 1
119340 100127 1
119340 112792 1
119340 115234 1
109613 102707 1
55245 106007 1
107865 107262 1
119326 107262 1
82087 88899 1
82087 94302 1
82087 110059 1
88899 51561 1
88899 60931 1
88899 79201 1
88899 82087 1
88899 94302 1
88899 110059 1
88899 112606 1
88899 117058 1
94302 82087 1
94302 88899 1
94302 110059 1
107766 110059 1
72314 66945 1
72314 66946 1
72314 110326 1
109970 110326 1
109970 121023 1
116898 110326 1
120899 110326 1
121023 109970 1
121023 110326 1
123642 110326 1
123642 114718 1
52971 52972 1
52971 75248 1
52971 111827 1
52972 52971 1
52972 75248 1
52972 111827 1
75248 52971 1
75248 52972 1
75248 111827 1
119300 112517 1
119581 112517 1
108429 112792 1
109326 112792 1
119111 112792 1
119112 68099 1
119112 112792 1
97167 113467 1
78298 74211 1
78298 81506 1
78298 107274 1
78298 109168 1
78298 113643 1
78298 116937 1
81506 74211 1
81506 78298 1
81506 107274 1
81506 113643 1
107274 74211 1
107274 78298 1
107274 81506 1
107274 113643 1
112430 109947 1
112430 111004 1
112430 114412 1
112430 114414 4
113130 114412 1
114753 114412 1
69774 114413 1
69774 122935 12
69774 122936 1
70748 114413 1
98527 114413 1
111004 78463 1
111004 103523 1
111004 112430 1
111004 114413 1
111004 114414 2
122693 114413 1
122935 69774 12
122935 114413 1
122935 122936 2
124979 108656 1
124979 114413 1
69242 70785 1
69242 93249 1
69242 114718 1
117844 114718 1
122348 114718 1
119568 118501 1
123391 123240 1
123979 123980 1
115837 124076 1
32561 36891 1
32561 40370 1
40370 32561 1
40370 36891 1
122979 57518 1
122979 122763 1
101599 74271 1
51561 60931 1
51561 79201 1
51561 88899 1
51561 112606 1
51561 117058 1
60931 51561 1
60931 79201 1
60931 88899 1
60931 112606 1
60931 117058 1
87744 79201 1
87744 98322 1
98322 79201 1
98322 87744 1
103653 78313 1
103653 79201 1
106716 79201 1
112606 51561 1
112606 60931 1
112606 79201 1
112606 88899 1
112606 117058 1
117058 51561 1
117058 60931 1
117058 79201 1
117058 88899 1
117058 112606 1
118344 79201 1
94863 98552 1
106252 106272 1
106252 114635 1
106252 114637 1
106252 117870 1
106272 106252 1
106272 114635 1
106272 114637 1
106272 117870 1
108230 109462 1
108230 114637 1
109462 108230 1
109462 114637 1
114635 106252 1
114635 106272 1
114635 114637 1
114635 117870 1
117870 106252 1
117870 106272 1
117870 114635 1
117870 114637 1
75920 115234 1
113284 115234 1
115843 115234 1
77380 117337 1
114980 114981 5
114980 114982 1
114980 117337 2
114980 119361 2
114981 114980 5
114981 114982 1
114981 117337 3
114981 119361 6
114982 108186 1
114982 114980 1
114982 114981 1
114982 117337 1
114982 119361 1
117292 117337 1
119361 114980 2
119361 114981 6
119361 114982 1
119361 117337 1
110715 117348 1
118145 117348 1
118145 118147 1
118147 117348 1
118147 118145 1
118147 119693 1
118809 117348 1
118815 117348 1
119693 117348 1
119693 118147 1
119793 117348 1
119793 119795 1
119798 117348 1
56500 118360 1
118603 118360 1
118603 118604 2
118603 118605 1
118604 118360 1
118604 118603 2
118604 118605 1
100042 119795 1
75924 78485 1
93791 78485 1
112968 78485 1
112968 86199 1
112968 118536 1
118536 78485 1
118536 86199 1
118536 112968 1
102786 85499 1
102786 102787 1
102786 107614 1
102787 65912 1
102787 85499 1
102787 102786 1
102787 107614 1
107614 85499 1
107614 102786 1
107614 102787 1
116293 85499 1
126670 53905 1
126670 85499 1
84386 98944 1
84386 102842 1
103819 102842 1
104553 102842 1
104517 104522 1
117468 106626 1
117468 125227 1
125227 106626 1
125227 117468 1
112085 112997 1
75318 110999 1
75318 113642 1
91608 59570 1
91608 92272 1
91608 115461 1
91680 115461 1
109581 117052 1
118844 117052 1
125190 117052 1
125190 123749 1
82195 74882 1
78875 85073 1
93249 69242 1
93249 85073 1
108186 85073 1
108186 114982 1
92202 74211 1
92202 98999 1
114183 98999 1
123597 98999 1
65912 102787 1
53905 68168 1
53905 126670 1
118605 118603 1
118605 118604 1
116702 79197 1
122763 122979 1
122936 69774 1
122936 122935 2
122936 126271 1
108656 124979 1
68099 119112 1
116959 111424 1
116959 117059 1
117059 111424 1
117059 116959 1
123379 123378 2
79132 51386 1
106549 95300 1
43892 122576 2
66262 84502 1
126500 98944 1
122728 92135 1
121392 119240 1
121392 119764 1
90201 90941 1
123059 80578 2
68168 53905 1
126271 122936 1
