120870 118237 1
118237 55545 1
118237 75071 1
118237 80225 1
118237 86826 1
118237 95377 1
118237 99743 1
118237 100068 1
118237 102535 1
118237 102772 1
118237 105272 1
118237 111652 1
118237 111765 1
118237 112415 1
118237 113263 1
118237 114148 1
118237 118231 1
118237 118232 1
118237 118233 2
118237 118234 2
118237 118236 7
118237 118415 1
118237 120321 1
118237 120541 1
118237 120866 1
118237 120867 1
118237 120868 1
118237 120870 1
118237 120877 1
118237 122188 1
118237 122952 1
118237 123956 1
118237 124054 1
118237 126084 1
118237 126206 1
55545 78534 2
55545 78568 1
55545 79172 1
55545 79878 1
55545 80225 1
55545 80571 1
55545 83766 1
55545 97129 1
55545 102535 1
55545 118237 1
55545 120835 1
75071 70479 1
75071 70480 1
75071 84880 1
75071 89479 1
75071 90245 1
75071 92428 1
75071 97247 1
75071 102772 1
75071 102778 1
75071 104434 1
75071 105272 1
75071 106743 1
75071 107639 1
75071 107640 1
75071 107661 1
75071 107973 1
75071 108841 1
75071 109124 2
75071 109125 1
75071 109129 1
75071 109380 2
75071 110477 1
75071 110582 1
75071 110584 1
75071 110585 2
75071 110586 2
75071 113977 2
75071 114148 3
75071 118237 1
80225 5456 1
80225 55545 1
80225 57821 1
80225 59253 1
80225 62398 1
80225 68056 1
80225 69054 1
80225 69511 1
80225 79215 1
80225 80226 1
80225 80667 1
80225 82839 1
80225 85771 1
80225 88657 1
80225 89532 1
80225 94748 1
80225 98027 1
80225 102535 1
80225 118237 1
86826 31009 1
86826 51225 1
86826 80821 1
86826 84558 1
86826 110039 1
86826 118233 1
86826 118234 1
86826 118236 1
86826 118237 1
86826 124054 1
95377 36108 1
95377 39543 1
95377 47973 1
95377 51249 1
95377 51387 1
95377 51963 1
95377 53752 1
95377 60778 1
95377 61781 1
95377 63877 1
95377 63927 1
95377 65509 1
95377 65625 1
95377 70858 1
95377 72887 1
95377 72945 1
95377 75343 1
95377 78009 1
95377 80218 1
95377 82985 1
95377 86308 1
95377 87483 1
95377 89539 1
95377 90916 1
95377 94606 1
95377 95998 1
95377 96804 1
95377 102714 1
95377 104131 1
95377 104229 1
95377 104434 1
95377 108124 1
95377 109321 1
95377 111545 1
95377 113763 1
95377 116275 1
95377 118237 1
99743 99391 1
99743 99439 1
99743 99885 1
99743 104120 1
99743 104121 1
99743 105380 1
99743 108720 1
99743 108938 1
99743 108965 1
99743 108967 1
99743 109351 1
99743 111277 1
99743 111652 1
99743 111692 1
99743 111742 1
99743 111765 1
99743 118237 1
99743 118901 1
99743 120321 1
99743 120541 1
99743 122188 1
99743 122952 1
100068 64787 1
100068 66203 1
100068 66641 1
100068 67640 1
100068 68100 1
100068 70935 1
100068 89585 1
100068 89883 1
100068 92145 1
100068 94538 1
100068 95205 1
100068 95316 1
100068 95891 1
100068 96792 1
100068 98939 1
100068 100217 1
100068 101302 1
100068 102657 1
100068 104278 1
100068 105080 1
100068 105081 1
100068 106796 1
100068 106797 1
100068 106798 1
100068 115382 1
100068 118237 1
100068 119009 1
102535 52290 1
102535 55545 1
102535 69739 2
102535 80225 1
102535 115304 1
102535 118237 1
102772 67876 1
102772 75071 1
102772 77227 1
102772 105272 1
102772 111917 2
102772 112176 1
102772 112177 2
102772 114148 1
102772 115271 1
102772 115525 1
102772 115889 1
102772 118237 1
105272 75071 1
105272 102772 1
105272 114148 1
105272 118237 1
111652 84623 1
111652 99743 1
111652 99855 1
111652 104694 1
111652 111657 1
111652 111765 1
111652 111771 1
111652 111782 1
111652 113939 1
111652 118237 1
111652 120321 1
111652 120541 1
111652 120635 1
111652 120636 1
111652 120638 1
111652 120809 1
111652 122188 1
111652 122952 1
111652 127224 1
111765 99743 1
111765 99849 1
111765 110668 1
111765 111652 1
111765 112876 1
111765 118237 1
111765 118293 1
111765 118900 1
111765 120166 1
111765 120239 1
111765 120321 1
111765 120541 1
111765 120809 1
111765 122188 1
111765 122952 1
111765 125021 1
112415 69505 1
112415 74256 1
112415 80122 1
112415 85511 1
112415 92217 1
112415 105593 1
112415 107765 1
112415 109741 1
112415 110026 1
112415 118237 1
112415 119423 1
112415 125092 1
113263 104096 1
113263 118237 1
114148 70479 2
114148 74136 1
114148 75071 3
114148 75966 1
114148 77168 1
114148 80742 2
114148 89479 1
114148 89480 1
114148 90700 1
114148 91086 1
114148 102772 1
114148 105272 1
114148 106190 1
114148 107329 1
114148 108841 1
114148 109125 1
114148 109127 1
114148 109380 1
114148 110582 1
114148 110584 1
114148 110585 3
114148 110586 1
114148 113977 2
114148 118237 1
118231 118232 1
118231 118233 1
118231 118234 1
118231 118236 1
118231 118237 1
118232 51261 1
118232 118231 1
118232 118233 1
118232 118234 1
118232 118236 1
118232 118237 1
118233 86826 1
118233 118231 1
118233 118232 1
118233 118234 2
118233 118236 2
118233 118237 2
118233 124054 1
118234 69275 1
118234 84547 1
118234 86826 1
118234 91704 1
118234 92247 1
118234 110040 1
118234 118231 1
118234 118232 1
118234 118233 2
118234 118236 2
118234 118237 2
118234 124054 1
118234 125008 1
118236 69880 1
118236 69881 1
118236 86826 1
118236 118231 1
118236 118232 1
118236 118233 2
118236 118234 2
118236 118237 7
118236 124054 1
118236 126084 1
118415 99868 1
118415 100787 1
118415 103398 1
118415 112872 1
118415 112876 1
118415 112878 1
118415 113668 1
118415 113689 1
118415 115714 1
118415 115727 1
118415 117510 1
118415 117526 1
118415 118237 1
118415 118407 1
118415 118414 1
118415 118435 1
118415 118450 1
118415 118905 1
118415 119830 1
118415 120242 1
118415 120244 1
118415 120286 1
118415 120877 1
118415 121280 1
118415 121289 2
118415 121292 2
118415 122188 1
118415 122453 3
118415 122454 1
118415 122456 2
118415 122853 1
118415 123702 1
118415 123785 1
118415 124363 1
118415 124412 1
118415 124761 3
120321 99743 1
120321 99886 1
120321 100653 1
120321 102345 1
120321 111652 1
120321 111657 1
120321 111765 1
120321 115625 1
120321 118237 1
120321 118406 1
120321 120176 1
120321 120177 1
120321 120178 1
120321 120289 1
120321 120290 1
120321 120291 1
120321 120310 1
120321 120311 1
120321 120312 1
120321 120313 1
120321 120315 1
120321 120316 1
120321 120317 1
120321 120318 1
120321 120319 1
120321 120320 1
120321 120322 1
120321 120323 1
120321 120527 1
120321 120541 1
120321 120808 1
120321 122188 1
120321 122952 1
120541 99743 1
120541 99868 1
120541 111652 1
120541 111675 1
120541 111765 1
120541 115616 1
120541 117510 1
120541 118237 1
120541 120232 1
120541 120321 1
120541 120537 1
120541 120538 1
120541 120539 1
120541 121278 1
120541 122188 1
120541 122853 1
120541 122952 1
120541 123491 1
120541 123524 1
120541 124763 1
120866 118237 1
120866 120867 1
120866 123956 1
120866 126206 1
120867 118237 1
120867 120866 1
120867 123956 1
120867 126206 1
120868 118237 1
120877 58551 1
120877 63291 1
120877 63292 1
120877 65668 1
120877 65675 1
120877 67660 1
120877 70166 1
120877 71707 1
120877 87483 1
120877 89013 1
120877 92556 1
120877 95625 1
120877 97019 2
120877 98731 1
120877 102931 1
120877 105171 1
120877 108769 1
120877 112088 1
120877 117062 1
120877 117178 1
120877 118237 1
120877 118415 1
120877 118597 1
120877 127398 1
122188 99743 1
122188 99868 1
122188 111652 1
122188 111765 1
122188 112872 1
122188 112878 1
122188 115714 1
122188 118237 1
122188 118407 1
122188 118414 1
122188 118415 1
122188 120321 1
122188 120541 1
122188 121280 1
122188 121289 1
122188 121292 1
122188 122453 1
122188 122456 1
122188 122952 1
122188 123702 1
122188 124412 1
122188 124761 1
122952 99743 1
122952 111652 1
122952 111765 1
122952 118237 1
122952 120321 1
122952 120541 1
122952 122188 1
123956 66962 1
123956 111161 1
123956 115381 1
123956 117259 1
123956 118237 1
123956 118478 1
123956 120866 1
123956 120867 1
123956 123953 1
123956 123955 1
123956 126206 1
123956 126308 1
123956 126470 1
123956 126471 1
123956 127380 1
124054 49837 1
124054 52733 1
124054 55127 1
124054 69382 1
124054 73747 1
124054 81091 1
124054 82189 1
124054 86178 1
124054 86826 1
124054 89998 1
124054 92166 1
124054 97199 2
124054 98595 1
124054 107314 1
124054 107670 1
124054 109878 1
124054 110027 1
124054 110486 1
124054 114006 1
124054 118233 1
124054 118234 1
124054 118236 1
124054 118237 1
124054 119007 1
126084 86151 1
126084 118236 1
126084 118237 1
126084 126094 1
126206 118237 1
126206 120866 1
126206 120867 1
126206 123956 1
78534 55545 2
78534 68730 1
78534 84445 1
78534 122163 1
78534 123985 1
78568 55545 1
78568 100264 1
79172 55545 1
79172 92556 1
79172 97129 1
79172 120835 1
79878 55545 1
79878 79780 1
80571 55545 1
80571 82839 1
83766 55545 1
97129 55545 1
97129 79172 1
97129 120835 1
120835 55545 1
120835 79172 1
120835 97129 1
70479 74136 1
70479 75071 1
70479 75966 1
70479 80742 1
70479 89479 2
70479 89480 1
70479 90700 1
70479 107329 1
70479 108841 1
70479 109124 2
70479 109125 1
70479 109127 2
70479 109129 2
70479 109380 2
70479 110585 2
70479 113977 6
70479 114148 2
70480 75071 1
70480 84880 2
70480 102778 1
70480 106743 3
70480 106744 2
70480 107576 1
70480 107639 1
70480 107640 1
70480 110477 1
84880 70480 2
84880 75071 1
84880 102778 1
84880 106743 1
84880 106744 1
84880 107639 1
84880 107640 1
84880 110477 1
89479 31229 1
89479 70479 2
89479 74136 2
89479 75071 1
89479 75966 1
89479 77168 1
89479 80742 1
89479 89480 5
89479 90700 2
89479 97247 1
89479 98027 1
89479 104434 2
89479 107329 1
89479 107973 1
89479 109124 3
89479 109125 3
89479 109127 3
89479 109129 3
89479 109380 5
89479 110585 1
89479 113977 5
89479 114148 1
90245 75071 1
90245 92428 1
90245 92904 1
90245 107661 1
90245 109380 1
92428 38492 1
92428 75071 1
92428 90245 1
92428 96281 1
92428 100718 1
92428 107661 1
92428 109380 1
97247 68524 1
97247 75071 1
97247 89479 1
97247 90718 1
97247 93831 1
97247 97251 1
97247 103423 1
97247 104434 1
97247 107973 1
97247 109124 1
97247 109125 1
97247 109129 1
97247 109380 1
97247 109887 1
97247 113977 1
97247 114995 1
97247 121752 1
102778 70480 1
102778 75071 1
102778 84880 1
102778 89457 1
102778 106743 2
102778 107639 1
102778 107640 3
102778 110477 1
104434 39543 1
104434 51249 1
104434 60778 1
104434 63877 1
104434 65625 1
104434 75071 1
104434 75343 1
104434 75424 1
104434 77168 1
104434 89479 2
104434 89480 2
104434 90700 2
104434 95377 1
104434 97247 1
104434 103515 1
104434 103518 1
104434 107973 1
104434 109124 1
104434 109125 2
104434 109129 1
104434 109380 2
104434 113977 1
104434 116275 1
106743 70480 3
106743 75071 1
106743 84880 1
106743 102365 1
106743 102778 2
106743 105690 1
106743 106744 1
106743 107576 1
106743 107639 1
106743 107640 2
106743 109119 1
106743 110477 1
106743 111826 2
107639 70480 1
107639 75071 1
107639 80706 1
107639 80710 1
107639 84880 1
107639 102778 1
107639 106743 1
107639 106922 1
107639 107640 3
107639 109321 1
107639 110477 1
107639 118513 1
107640 70480 1
107640 75071 1
107640 80706 1
107640 80710 1
107640 84880 1
107640 89457 1
107640 102778 3
107640 106743 2
107640 106922 1
107640 107639 3
107640 109321 1
107640 110477 1
107640 118513 1
107661 75071 1
107661 90245 1
107661 92428 1
107661 109380 1
107661 124113 1
107661 124115 1
107661 124524 1
107973 75071 1
107973 89479 1
107973 89480 1
107973 97247 1
107973 104434 1
107973 109124 1
107973 109125 1
107973 109129 1
107973 109380 1
107973 113977 1
107973 116134 1
108841 70479 1
108841 75071 1
108841 80742 1
108841 96900 1
108841 104918 1
108841 104921 1
108841 109124 1
108841 109127 3
108841 109129 1
108841 109380 1
108841 110585 1
108841 113977 2
108841 114148 1
109124 70479 2
109124 75071 2
109124 89479 3
109124 97247 1
109124 104434 1
109124 107973 1
109124 108841 1
109124 109125 2
109124 109127 7
109124 109129 6
109124 109380 5
109124 110586 3
109124 113977 6
109124 115503 1
109125 70479 1
109125 74136 1
109125 75071 1
109125 75966 1
109125 77168 1
109125 80742 1
109125 89479 3
109125 89480 2
109125 90700 2
109125 97247 1
109125 104434 2
109125 107329 1
109125 107973 1
109125 109124 2
109125 109127 2
109125 109129 2
109125 109380 2
109125 110585 1
109125 113977 2
109125 114148 1
109129 70479 2
109129 75071 1
109129 89479 3
109129 97247 1
109129 104434 1
109129 107579 1
109129 107973 1
109129 108841 1
109129 109124 6
109129 109125 2
109129 109127 5
109129 109380 5
109129 113977 4
109380 70479 2
109380 74136 2
109380 75071 2
109380 75966 2
109380 80742 1
109380 89479 5
109380 89480 1
109380 90245 1
109380 90700 1
109380 92428 1
109380 97247 1
109380 104434 2
109380 107329 1
109380 107661 1
109380 107973 1
109380 108841 1
109380 109124 5
109380 109125 2
109380 109127 5
109380 109129 5
109380 110585 1
109380 113977 5
109380 114148 1
110477 70480 1
110477 75071 1
110477 84880 1
110477 102778 1
110477 106743 1
110477 107639 1
110477 107640 1
110582 75071 1
110582 110584 1
110582 110585 2
110582 110586 1
110582 114148 1
110584 75071 1
110584 110582 1
110584 110585 2
110584 110586 3
110584 111861 1
110584 114148 1
110584 118857 1
110585 70479 2
110585 74136 1
110585 75071 2
110585 75966 1
110585 80742 1
110585 89479 1
110585 89480 1
110585 90700 1
110585 107329 1
110585 108841 1
110585 109125 1
110585 109127 1
110585 109380 1
110585 110582 2
110585 110584 2
110585 110586 2
110585 113977 2
110585 114148 3
110586 75071 2
110586 109124 3
110586 109127 1
110586 110582 1
110586 110584 3
110586 110585 2
110586 111861 1
110586 114148 1
110586 118857 1
113977 70479 6
113977 74136 1
113977 75071 2
113977 75966 1
113977 77168 1
113977 80742 2
113977 89479 5
113977 89480 2
113977 90700 1
113977 97247 1
113977 104434 1
113977 107329 1
113977 107973 1
113977 108841 2
113977 109124 6
113977 109125 2
113977 109127 4
113977 109129 4
113977 109380 5
113977 110585 2
113977 114148 2
5456 57821 1
5456 80225 1
5456 88657 1
5456 89532 1
57821 5456 1
57821 80225 1
57821 88657 1
57821 89532 1
59253 58631 1
59253 69511 1
59253 79215 1
59253 80225 1
59253 80226 1
59253 85771 1
59253 98027 1
62398 334 1
62398 7820 1
62398 8512 1
62398 68056 1
62398 69054 1
62398 79255 1
62398 80225 1
62398 80667 1
62398 82839 1
62398 83772 1
62398 84255 1
68056 49163 1
68056 53706 1
68056 55936 1
68056 62398 1
68056 69054 1
68056 70552 1
68056 74482 1
68056 80225 1
68056 80403 1
68056 80667 1
68056 82839 1
68056 83773 1
68056 116068 1
69054 62398 1
69054 68056 1
69054 80225 1
69054 80667 1
69054 82839 1
69511 59253 1
69511 79215 1
69511 80225 1
69511 80226 1
69511 85771 1
69511 89171 1
69511 95202 1
69511 98027 1
69511 109172 1
79215 59253 1
79215 69511 1
79215 80225 1
79215 80226 1
79215 85771 1
79215 98027 1
80226 59253 1
80226 69511 1
80226 79215 1
80226 80225 1
80226 85771 1
80226 98027 1
80667 53146 1
80667 62398 1
80667 68056 1
80667 69054 1
80667 77452 1
80667 79154 1
80667 79155 1
80667 80225 1
80667 82839 1
80667 85781 1
82839 62398 1
82839 68056 1
82839 69054 1
82839 80225 1
82839 80571 1
82839 80667 1
85771 59253 1
85771 69511 1
85771 79215 1
85771 80225 1
85771 80226 1
85771 98027 1
88657 5456 1
88657 57821 1
88657 80225 1
88657 87992 1
88657 89532 1
88657 96795 1
89532 5456 1
89532 50873 1
89532 57821 1
89532 76834 1
89532 77580 1
89532 80225 1
89532 85938 1
89532 88657 1
94748 80225 1
98027 59253 1
98027 69511 1
98027 70471 1
98027 79215 1
98027 80225 1
98027 80226 1
98027 85771 1
98027 89479 1
31009 51225 1
31009 80821 1
31009 84558 1
31009 86826 1
31009 86845 1
31009 91969 1
31009 97874 1
51225 31009 1
51225 80821 1
51225 84558 1
51225 86826 1
51225 92312 1
80821 31009 1
80821 51225 1
80821 84558 1
80821 86826 1
84558 31009 1
84558 51225 1
84558 80821 1
84558 81615 1
84558 86826 1
110039 86826 1
36108 70858 1
36108 95377 1
39543 51249 1
39543 60778 1
39543 63877 1
39543 75343 1
39543 95377 1
39543 104434 1
39543 116275 1
47973 65625 1
47973 87890 1
47973 95377 1
47973 102714 1
47973 108124 1
51249 39543 1
51249 60778 1
51249 63877 1
51249 75343 1
51249 95377 1
51249 104434 1
51249 116275 1
51387 90916 1
51387 95377 1
51963 53752 1
51963 80218 1
51963 87483 1
51963 95377 1
53752 51963 1
53752 80218 1
53752 87483 1
53752 95377 1
60778 39543 1
60778 51249 1
60778 63877 1
60778 75343 1
60778 95377 1
60778 104434 1
60778 110328 1
60778 116275 1
61781 67973 1
61781 78009 1
61781 95377 1
63877 39543 1
63877 40451 1
63877 51249 1
63877 60778 1
63877 75343 1
63877 81260 1
63877 95377 1
63877 104434 1
63877 116275 1
63927 80494 2
63927 94606 1
63927 95377 1
63927 95998 1
65509 72945 1
65509 75821 1
65509 86308 1
65509 95316 1
65509 95377 1
65509 104131 1
65625 47973 1
65625 75424 1
65625 82828 1
65625 95377 1
65625 102714 1
65625 103515 1
65625 103518 1
65625 104434 1
65625 108124 1
70858 36108 1
70858 95377 1
70858 107399 1
70858 108366 1
70858 109127 1
72887 82985 1
72887 90519 1
72887 95377 1
72945 65509 1
72945 84445 1
72945 86308 1
72945 95377 1
72945 104131 1
75343 39543 1
75343 51249 1
75343 60300 1
75343 60778 1
75343 63877 1
75343 72634 1
75343 95377 1
75343 104434 1
75343 116275 1
78009 61781 1
78009 82350 1
78009 95377 1
80218 51963 1
80218 53752 1
80218 76082 1
80218 87483 1
80218 95377 1
82985 72887 1
82985 95377 1
86308 35617 1
86308 53016 1
86308 65509 1
86308 72945 1
86308 77565 1
86308 95377 1
86308 104131 1
87483 51963 1
87483 53752 1
87483 58551 1
87483 63291 1
87483 63292 1
87483 65668 1
87483 65675 1
87483 67660 2
87483 70166 2
87483 71707 3
87483 80218 1
87483 92556 1
87483 95377 1
87483 120877 1
87483 127398 1
89539 82377 1
89539 95377 1
89539 109321 1
89539 111545 1
89539 113763 1
89539 122761 1
90916 51387 1
90916 82439 1
90916 95377 1
90916 106338 1
94606 26297 1
94606 63927 1
94606 95377 1
94606 95998 1
94606 100693 1
95998 63927 1
95998 67929 1
95998 94606 1
95998 95377 1
95998 117684 1
96804 58516 1
96804 69265 1
96804 95377 1
96804 109321 1
102714 47973 1
102714 65625 1
102714 95377 1
102714 108124 1
104131 65509 1
104131 69617 1
104131 72945 1
104131 78566 1
104131 80349 1
104131 86308 1
104131 93912 1
104131 95377 1
104131 104134 1
104131 127656 1
104229 46653 1
104229 59133 1
104229 69269 1
104229 87633 1
104229 95377 1
104229 113368 1
104229 122084 1
108124 47973 1
108124 65625 1
108124 95377 1
108124 102714 1
108124 106628 1
109321 70762 1
109321 80706 1
109321 80710 1
109321 89539 1
109321 95377 1
109321 96804 1
109321 106922 1
109321 107639 1
109321 107640 1
109321 111545 1
109321 113763 2
109321 113764 1
109321 113765 1
109321 118513 1
109321 120713 1
111545 89539 1
111545 95377 1
111545 101324 1
111545 109321 1
111545 111546 1
111545 113763 7
113763 70762 1
113763 89539 1
113763 95377 1
113763 101324 1
113763 109321 2
113763 111545 7
113763 111546 1
113763 113764 1
113763 113765 1
116275 39543 1
116275 51249 1
116275 60778 1
116275 63877 1
116275 75343 1
116275 95377 1
116275 104434 1
116275 120173 1
116275 123971 2
99391 99439 1
99391 99743 1
99391 104120 1
99391 104121 1
99391 105380 1
99391 108720 1
99391 108965 1
99391 108967 1
99391 109351 1
99391 111277 1
99391 111692 1
99391 111742 1
99439 99391 1
99439 99743 1
99439 104120 1
99439 104121 1
99439 105380 1
99439 108720 1
99439 108965 1
99439 108967 1
99439 109351 1
99439 111277 1
99439 111692 1
99439 111742 1
99439 120177 1
99885 99743 1
99885 108938 1
99885 118901 1
104120 99391 1
104120 99439 1
104120 99743 1
104120 104121 1
104120 105380 1
104120 108720 1
104120 108965 1
104120 108967 1
104120 109351 1
104120 111277 1
104120 111692 1
104120 111742 1
104121 99391 1
104121 99439 1
104121 99743 1
104121 104120 1
104121 105380 1
104121 108720 1
104121 108965 1
104121 108967 1
104121 109349 1
104121 109351 1
104121 111277 1
104121 111692 1
104121 111742 1
105380 99391 1
105380 99439 1
105380 99440 1
105380 99743 1
105380 104120 1
105380 104121 1
105380 105872 1
105380 108720 1
105380 108965 1
105380 108967 1
105380 109351 1
105380 111043 1
105380 111277 1
105380 111692 1
105380 111742 1
108720 99391 1
108720 99439 1
108720 99743 1
108720 104120 1
108720 104121 1
108720 105380 1
108720 108965 1
108720 108967 1
108720 109351 1
108720 111277 1
108720 111692 1
108720 111742 1
108938 99743 1
108938 99885 1
108938 118901 1
108965 99391 1
108965 99439 1
108965 99743 1
108965 104120 1
108965 104121 1
108965 105380 1
108965 108720 1
108965 108967 1
108965 109351 1
108965 111277 1
108965 111692 1
108965 111742 1
108967 99391 1
108967 99439 1
108967 99743 1
108967 104120 1
108967 104121 1
108967 105380 1
108967 108720 1
108967 108965 1
108967 109351 1
108967 111277 1
108967 111692 1
108967 111742 1
109351 99391 1
109351 99439 1
109351 99743 1
109351 104120 1
109351 104121 1
109351 105380 1
109351 108720 1
109351 108965 1
109351 108967 1
109351 111277 1
109351 111692 1
109351 111742 1
109351 112530 1
111277 99391 1
111277 99439 1
111277 99743 1
111277 104120 1
111277 104121 1
111277 105380 1
111277 108720 1
111277 108965 1
111277 108967 1
111277 109351 1
111277 111692 1
111277 111742 1
111692 99391 1
111692 99439 1
111692 99743 1
111692 104120 1
111692 104121 1
111692 105380 1
111692 108720 1
111692 108965 1
111692 108967 1
111692 109351 1
111692 111277 1
111692 111742 1
111742 99391 1
111742 99439 1
111742 99743 1
111742 104120 1
111742 104121 1
111742 105380 1
111742 108720 1
111742 108965 1
111742 108967 1
111742 109351 1
111742 111277 1
111742 111692 1
111742 118905 1
111742 120244 1
118901 99743 1
118901 99877 1
118901 99885 1
118901 108938 1
118901 118304 1
118901 118900 1
64787 100068 1
64787 115527 1
66203 36566 1
66203 66250 1
66203 66641 1
66203 67640 1
66203 68730 1
66203 77227 1
66203 78526 1
66203 78527 1
66203 78528 1
66203 100068 1
66641 66203 1
66641 67640 1
66641 100068 1
67640 66203 1
67640 66641 1
67640 86845 1
67640 91353 1
67640 100068 1
68100 100068 1
70935 59636 1
70935 78566 1
70935 80662 1
70935 92332 1
70935 95625 1
70935 100068 1
70935 100438 1
70935 108145 1
70935 110836 1
70935 118045 1
89585 80124 1
89585 94117 1
89585 98939 1
89585 100068 1
89585 104278 2
89585 107670 1
89585 111451 1
89585 115382 1
89883 51476 1
89883 92145 1
89883 100068 1
89883 106796 1
89883 106797 1
89883 106798 1
89883 119009 1
92145 59092 1
92145 77215 1
92145 80747 1
92145 89883 1
92145 100068 1
92145 106338 2
92145 106796 1
92145 106797 1
92145 106798 1
92145 119009 1
94538 95891 1
94538 100068 1
95205 95316 1
95205 100068 1
95205 100217 1
95205 101302 1
95205 102657 1
95205 105080 1
95205 105081 1
95316 63351 1
95316 65509 1
95316 67417 1
95316 91527 1
95316 95205 1
95316 95899 1
95316 100068 1
95316 100217 1
95316 101302 1
95316 102657 1
95316 105080 1
95316 105081 1
95316 105444 1
95316 119184 1
95891 14670 1
95891 14672 1
95891 14673 1
95891 15280 1
95891 15386 1
95891 15389 1
95891 45958 1
95891 52008 1
95891 52832 1
95891 56380 1
95891 66228 1
95891 76175 1
95891 94538 1
95891 100068 1
96792 75238 1
96792 100068 1
96792 100318 1
96792 116104 1
98939 46103 1
98939 89585 1
98939 100068 1
98939 104278 1
100217 43692 1
100217 75670 1
100217 80706 1
100217 80710 1
100217 86193 1
100217 88949 1
100217 90417 1
100217 90743 1
100217 95205 1
100217 95316 1
100217 95791 1
100217 99949 1
100217 100068 1
100217 101302 1
100217 102657 1
100217 105080 1
100217 105081 1
100217 113877 1
100217 115382 1
101302 95205 1
101302 95316 1
101302 100068 1
101302 100217 1
101302 102657 1
101302 105080 1
101302 105081 1
102657 95205 1
102657 95316 1
102657 100068 1
102657 100217 1
102657 101302 1
102657 105080 1
102657 105081 1
102657 107182 1
102657 110774 1
104278 80124 1
104278 87596 1
104278 89585 2
104278 94117 1
104278 95899 1
104278 98783 1
104278 98939 1
104278 100068 1
104278 105663 1
104278 106430 1
104278 107670 1
104278 113641 1
104278 115382 1
105080 95205 1
105080 95316 1
105080 100068 1
105080 100217 1
105080 101302 1
105080 102657 1
105080 105081 3
105081 95205 1
105081 95316 1
105081 100068 1
105081 100217 1
105081 101302 1
105081 102657 1
105081 105080 3
106796 89883 1
106796 92145 1
106796 100068 1
106796 106797 1
106796 106798 1
106796 119009 1
106797 89883 1
106797 92145 1
106797 100068 1
106797 106796 1
106797 106798 1
106797 119009 1
106798 67953 1
106798 89883 1
106798 92145 1
106798 100068 1
106798 106796 1
106798 106797 1
106798 119009 1
115382 80124 1
115382 81257 1
115382 89585 1
115382 90743 1
115382 94117 1
115382 100068 1
115382 100217 1
115382 104278 1
115382 107670 1
115382 113877 1
119009 89883 1
119009 92145 1
119009 100068 1
119009 106796 1
119009 106797 1
119009 106798 1
52290 102535 1
52290 110840 1
69739 102535 2
69739 115304 1
115304 69739 1
115304 102535 1
67876 44934 1
67876 102772 1
67876 110925 1
67876 112176 1
67876 112177 1
67876 115525 1
67876 116068 1
67876 116273 1
67876 124021 1
77227 42320 1
77227 54727 1
77227 66203 1
77227 77516 1
77227 81281 1
77227 102772 1
77227 103639 1
77227 105120 2
111917 102772 2
111917 108769 1
111917 123787 1
112176 67876 1
112176 102772 1
112176 112177 1
112176 115525 1
112177 67876 1
112177 102772 2
112177 112176 1
112177 115525 2
115271 102772 1
115525 67876 1
115525 102772 1
115525 112176 1
115525 112177 2
115525 115526 1
115525 115527 1
115889 102772 1
115889 114956 1
84623 56834 1
84623 65221 1
84623 68057 1
84623 90049 1
84623 96832 1
84623 103529 1
84623 111652 1
84623 111771 1
84623 127224 1
99855 104694 1
99855 111652 1
99855 111657 1
99855 111782 1
99855 113939 1
99855 120635 1
99855 120636 1
99855 120638 1
99855 120809 1
104694 99855 1
104694 111652 1
104694 111657 1
104694 111782 1
104694 113939 1
104694 120635 1
104694 120636 1
104694 120638 1
104694 120809 1
111657 99855 1
111657 99886 1
111657 100653 1
111657 102345 1
111657 104694 1
111657 111652 1
111657 111782 1
111657 113939 1
111657 115625 1
111657 118406 1
111657 120321 1
111657 120527 1
111657 120635 1
111657 120636 1
111657 120638 1
111657 120809 1
111771 84623 1
111771 111652 1
111771 127224 1
111782 99855 1
111782 104694 1
111782 111652 1
111782 111657 1
111782 113939 1
111782 120635 1
111782 120636 1
111782 120638 1
111782 120809 1
113939 99855 1
113939 104694 1
113939 111652 1
113939 111657 1
113939 111782 1
113939 120635 1
113939 120636 1
113939 120638 1
113939 120809 1
120635 99855 1
120635 104694 1
120635 111652 1
120635 111657 1
120635 111782 1
120635 113939 1
120635 120636 1
120635 120638 1
120635 120809 1
120636 99855 1
120636 104694 1
120636 111652 1
120636 111657 1
120636 111782 1
120636 113939 1
120636 120635 1
120636 120638 1
120636 120809 1
120638 99855 1
120638 104694 1
120638 111652 1
120638 111657 1
120638 111782 1
120638 113939 1
120638 120635 1
120638 120636 1
120638 120809 1
120638 122023 1
120638 126190 1
120809 99849 1
120809 99855 1
120809 104694 1
120809 110668 1
120809 111652 1
120809 111657 1
120809 111765 1
120809 111782 1
120809 113939 1
120809 118293 1
120809 118900 1
120809 120166 1
120809 120635 1
120809 120636 1
120809 120638 1
120809 125021 1
127224 84623 1
127224 99833 1
127224 99873 1
127224 111652 1
127224 111771 1
127224 117526 1
127224 118435 1
127224 120119 1
127224 121285 1
127224 121289 1
127224 121294 1
127224 123136 1
127224 123137 1
127224 124068 1
127224 124763 3
99849 103395 1
99849 110668 2
99849 111765 1
99849 118293 1
99849 118900 1
99849 120166 2
99849 120809 1
99849 125021 1
110668 99849 2
110668 103395 1
110668 111765 1
110668 118293 1
110668 118900 1
110668 120166 2
110668 120809 1
110668 125021 1
112876 100787 1
112876 103398 1
112876 111765 1
112876 117510 1
112876 118415 1
112876 118435 1
118293 99849 1
118293 110668 1
118293 111765 1
118293 118900 1
118293 120166 1
118293 120809 1
118293 125021 1
118900 99849 1
118900 110668 1
118900 111765 1
118900 118293 1
118900 118901 1
118900 120166 1
118900 120244 1
118900 120809 1
118900 125021 1
120166 99849 2
120166 103395 1
120166 110668 2
120166 111765 1
120166 118293 1
120166 118900 1
120166 120809 1
120166 125021 1
120239 111765 1
125021 99849 1
125021 110668 1
125021 111765 1
125021 118293 1
125021 118900 1
125021 120166 1
125021 120809 1
125021 121289 1
125021 121297 1
125021 122453 1
125021 122954 1
125021 124077 1
125021 124760 1
125021 124761 1
125021 124762 1
125021 124763 1
69505 107259 1
69505 109741 1
69505 112415 1
74256 85511 1
74256 92217 1
74256 105593 1
74256 107765 1
74256 110026 1
74256 112415 1
74256 125092 1
80122 112415 1
80122 119423 1
85511 52823 1
85511 57044 1
85511 74256 1
85511 89392 1
85511 92217 1
85511 105593 1
85511 106221 1
85511 107765 1
85511 110026 1
85511 112415 1
85511 125092 1
92217 45102 1
92217 74256 1
92217 75019 1
92217 85511 1
92217 92358 1
92217 105593 1
92217 107765 1
92217 110026 1
92217 112415 1
92217 125092 1
105593 74256 1
105593 85511 1
105593 92217 1
105593 107765 1
105593 110026 1
105593 112415 1
105593 125092 1
107765 74256 1
107765 85511 1
107765 92217 1
107765 105593 1
107765 110026 1
107765 112415 1
107765 125092 1
109741 69505 1
109741 87513 1
109741 109887 1
109741 112415 1
109741 114968 1
109741 115655 1
110026 74256 1
110026 85511 1
110026 92217 1
110026 105593 1
110026 107765 1
110026 112415 1
110026 125092 1
119423 80122 1
119423 112415 1
125092 74256 1
125092 85511 1
125092 92217 1
125092 105593 1
125092 107765 1
125092 110026 1
125092 112415 1
104096 50532 1
104096 104097 1
104096 104098 1
104096 112357 2
104096 113263 1
74136 70479 1
74136 75966 1
74136 80742 1
74136 89479 2
74136 89480 2
74136 90700 1
74136 106404 1
74136 107329 1
74136 109125 1
74136 109127 1
74136 109380 2
74136 110585 1
74136 113977 1
74136 114148 1
75966 70479 1
75966 74136 1
75966 80742 1
75966 89479 1
75966 89480 1
75966 90700 1
75966 107329 1
75966 109125 1
75966 109127 1
75966 109380 2
75966 109993 1
75966 110585 1
75966 113977 1
75966 114148 1
77168 55869 1
77168 80742 2
77168 89479 1
77168 89480 2
77168 90700 1
77168 91086 1
77168 102202 1
77168 104434 1
77168 106190 1
77168 109125 1
77168 113977 1
77168 114148 1
80742 70479 1
80742 74136 1
80742 75966 1
80742 77168 2
80742 89479 1
80742 89480 1
80742 90700 1
80742 91086 1
80742 106190 1
80742 107329 1
80742 108841 1
80742 109125 1
80742 109127 1
80742 109380 1
80742 110585 1
80742 113977 2
80742 114148 2
89480 70479 1
89480 74136 2
89480 75966 1
89480 77168 2
89480 80742 1
89480 89479 5
89480 90700 3
89480 104434 2
89480 107329 1
89480 107973 1
89480 109125 2
89480 109127 1
89480 109380 1
89480 110585 1
89480 113977 2
89480 114148 1
90700 70479 1
90700 74136 1
90700 75966 1
90700 77168 1
90700 80742 1
90700 89479 2
90700 89480 3
90700 104434 2
90700 107329 1
90700 109125 2
90700 109127 1
90700 109380 1
90700 110585 1
90700 113977 1
90700 114148 1
91086 77168 1
91086 80742 1
91086 90191 1
91086 99558 1
91086 106190 1
91086 107329 2
91086 114148 1
106190 77168 1
106190 80742 1
106190 91086 1
106190 114148 1
107329 70479 1
107329 74136 1
107329 75966 1
107329 80742 1
107329 89479 1
107329 89480 1
107329 90191 1
107329 90700 1
107329 91086 2
107329 96288 1
107329 99558 1
107329 104744 1
107329 105725 1
107329 107328 1
107329 109125 1
107329 109127 1
107329 109380 1
107329 110585 1
107329 113977 1
107329 114148 1
107329 123653 1
107329 123736 1
109127 30927 1
109127 46889 1
109127 46894 1
109127 70479 2
109127 70858 1
109127 74136 1
109127 75966 1
109127 80742 1
109127 89479 3
109127 89480 1
109127 90700 1
109127 107329 1
109127 107399 1
109127 108366 1
109127 108841 3
109127 109124 7
109127 109125 2
109127 109129 5
109127 109380 5
109127 110585 1
109127 110586 1
109127 113977 4
109127 114148 1
51261 99053 1
51261 118232 1
69275 84547 1
69275 91704 1
69275 110040 1
69275 111227 1
69275 112942 1
69275 118234 1
69275 125008 1
84547 69275 1
84547 91704 1
84547 104437 1
84547 110040 1
84547 118234 1
84547 125008 1
91704 69275 1
91704 81545 1
91704 84547 1
91704 98201 1
91704 101589 1
91704 110040 1
91704 118234 1
91704 125008 1
92247 117178 1
92247 118234 1
92247 122557 1
110040 69275 1
110040 84547 1
110040 91704 1
110040 118234 1
110040 125008 1
125008 69275 1
125008 84547 1
125008 91704 1
125008 110040 1
125008 118234 1
69880 69881 1
69880 118236 1
69881 69880 1
69881 118236 1
99868 111675 1
99868 112872 1
99868 112878 1
99868 115616 1
99868 115714 1
99868 117510 1
99868 118407 1
99868 118414 1
99868 118415 1
99868 120541 1
99868 120808 1
99868 121280 1
99868 121289 1
99868 121292 1
99868 122188 1
99868 122453 1
99868 122456 1
99868 122853 1
99868 123524 1
99868 123702 1
99868 124412 1
99868 124761 1
99868 124763 1
100787 103398 1
100787 112876 1
100787 117510 1
100787 117526 1
100787 118415 1
100787 118435 1
100787 118451 1
103398 99771 1
103398 99833 1
103398 99867 1
103398 100787 1
103398 103756 1
103398 104366 1
103398 104367 1
103398 108937 1
103398 112876 1
103398 117510 1
103398 118415 1
103398 118435 1
103398 118450 1
103398 120177 1
103398 120315 1
103398 120316 1
103398 120317 1
103398 120318 1
103398 120319 1
103398 120798 1
103398 121316 1
112872 99856 1
112872 99868 1
112872 112878 1
112872 115714 1
112872 117933 1
112872 118407 1
112872 118414 1
112872 118415 1
112872 121280 1
112872 121289 1
112872 121292 1
112872 122188 1
112872 122453 1
112872 122456 1
112872 123702 1
112872 124412 1
112872 124761 1
112878 99868 1
112878 112872 1
112878 115714 1
112878 118407 1
112878 118414 1
112878 118415 1
112878 121280 1
112878 121289 1
112878 121292 1
112878 122188 1
112878 122453 1
112878 122456 1
112878 123702 1
112878 124412 2
112878 124761 1
113668 113689 1
113668 118415 1
113668 118905 1
113668 119830 2
113668 120242 2
113668 120244 1
113668 120286 1
113668 122853 1
113689 113668 1
113689 115625 1
113689 118415 1
113689 118905 1
113689 119830 1
113689 120242 1
113689 120244 1
113689 120286 1
113689 122853 1
115714 99868 1
115714 112872 1
115714 112878 1
115714 118407 1
115714 118414 1
115714 118415 1
115714 121280 1
115714 121289 1
115714 121292 1
115714 122188 1
115714 122453 1
115714 122456 1
115714 123702 1
115714 124412 1
115714 124761 1
115727 117526 1
115727 118407 1
115727 118415 1
115727 118435 1
115727 118450 2
115727 121289 1
115727 121292 1
115727 122453 1
115727 122454 1
115727 122456 1
115727 123785 1
115727 124363 1
115727 124761 1
117510 99868 1
117510 100787 1
117510 103398 1
117510 111675 1
117510 112876 1
117510 115616 1
117510 118415 1
117510 118435 1
117510 120541 1
117510 122853 1
117510 123524 1
117510 124763 1
117526 99900 1
117526 100787 1
117526 115727 1
117526 118415 1
117526 118450 1
117526 118451 2
117526 119823 1
117526 120080 1
117526 121289 1
117526 121292 1
117526 122453 1
117526 122454 1
117526 122456 1
117526 123785 1
117526 124068 2
117526 124363 1
117526 124761 1
117526 124940 1
117526 127224 1
118407 99868 1
118407 112872 1
118407 112878 1
118407 115714 1
118407 115727 1
118407 118414 1
118407 118415 1
118407 118450 1
118407 121280 1
118407 121289 1
118407 121292 1
118407 122188 1
118407 122453 1
118407 122456 1
118407 123702 1
118407 124412 1
118407 124761 1
118414 99868 1
118414 112872 1
118414 112878 1
118414 115714 1
118414 118407 1
118414 118415 1
118414 121280 1
118414 121289 1
118414 121292 1
118414 122188 1
118414 122453 1
118414 122456 1
118414 123702 1
118414 124412 2
118414 124761 1
118435 100787 1
118435 103398 1
118435 112876 1
118435 115727 1
118435 117510 1
118435 118415 1
118435 118450 1
118435 124763 1
118435 127224 1
118450 103398 1
118450 112870 1
118450 115727 2
118450 116411 1
118450 117526 1
118450 118407 1
118450 118415 1
118450 118435 1
118450 121273 1
118450 121275 1
118450 121278 1
118450 121289 1
118450 121292 2
118450 121295 1
118450 122453 1
118450 122454 1
118450 122456 1
118450 123524 1
118450 123785 1
118450 124363 1
118450 124761 2
118905 111742 1
118905 113668 1
118905 113689 1
118905 118415 1
118905 119830 1
118905 120242 1
118905 120244 2
118905 120286 1
118905 122853 1
119830 113668 2
119830 113689 1
119830 118415 1
119830 118905 1
119830 120242 2
119830 120244 1
119830 120286 1
119830 122853 1
120242 113668 2
120242 113689 1
120242 118415 1
120242 118905 1
120242 119830 2
120242 120244 1
120242 120286 1
120242 122853 1
120244 111742 1
120244 113668 1
120244 113689 1
120244 118415 1
120244 118900 1
120244 118905 2
120244 119830 1
120244 120242 1
120244 120286 1
120244 122853 1
120286 113668 1
120286 113689 1
120286 118415 1
120286 118905 1
120286 119830 1
120286 120242 1
120286 120244 1
120286 120289 1
120286 120290 1
120286 120291 1
120286 120620 1
120286 122853 1
121280 99868 1
121280 112872 1
121280 112878 1
121280 115714 1
121280 118407 1
121280 118414 1
121280 118415 1
121280 121289 1
121280 121292 1
121280 122188 1
121280 122453 1
121280 122456 1
121280 123702 1
121280 124412 1
121280 124761 1
121289 99868 1
121289 112872 1
121289 112878 1
121289 115714 1
121289 115727 1
121289 117526 1
121289 118407 1
121289 118414 1
121289 118415 2
121289 118450 1
121289 120138 1
121289 121280 1
121289 121285 1
121289 121292 2
121289 121294 1
121289 121297 1
121289 121678 1
121289 122188 1
121289 122453 3
121289 122454 2
121289 122456 2
121289 122954 1
121289 123702 1
121289 123785 2
121289 124077 1
121289 124362 1
121289 124363 1
121289 124412 1
121289 124760 1
121289 124761 2
121289 125021 1
121289 127224 1
121292 99868 1
121292 112872 1
121292 112878 1
121292 115714 1
121292 115727 1
121292 117526 1
121292 118407 1
121292 118414 1
121292 118415 2
121292 118450 2
121292 121280 1
121292 121289 2
121292 122188 1
121292 122453 2
121292 122454 1
121292 122456 2
121292 123491 1
121292 123702 1
121292 123785 1
121292 124363 1
121292 124412 1
121292 124761 3
122453 99868 1
122453 112872 1
122453 112878 1
122453 115714 1
122453 115727 1
122453 117526 1
122453 118407 1
122453 118414 1
122453 118415 3
122453 118450 1
122453 118747 1
122453 121280 1
122453 121289 3
122453 121292 2
122453 121294 2
122453 121295 1
122453 121296 2
122453 121297 1
122453 122188 1
122453 122454 2
122453 122456 2
122453 122954 1
122453 123702 1
122453 123785 1
122453 124068 1
122453 124077 1
122453 124363 1
122453 124412 1
122453 124761 3
122453 125021 1
122453 125587 2
122454 115727 1
122454 117526 1
122454 118415 1
122454 118450 1
122454 120138 1
122454 121289 2
122454 121292 1
122454 121294 1
122454 121678 1
122454 122453 2
122454 122456 1
122454 123785 2
122454 124068 1
122454 124362 1
122454 124363 1
122454 124760 1
122454 124761 1
122454 125587 1
122456 99868 1
122456 112872 1
122456 112878 1
122456 115714 1
122456 115727 1
122456 117526 1
122456 118407 1
122456 118414 1
122456 118415 2
122456 118450 1
122456 121280 1
122456 121289 2
122456 121292 2
122456 122188 1
122456 122453 2
122456 122454 1
122456 123702 1
122456 123785 1
122456 124363 1
122456 124412 1
122456 124761 2
122853 99868 1
122853 111675 1
122853 113668 1
122853 113689 1
122853 115616 1
122853 117510 1
122853 118415 1
122853 118905 1
122853 119830 1
122853 120242 1
122853 120244 1
122853 120286 1
122853 120541 1
122853 123491 1
122853 123524 1
122853 124763 1
123702 99868 1
123702 112872 1
123702 112878 1
123702 115714 1
123702 118407 1
123702 118414 1
123702 118415 1
123702 121280 1
123702 121289 1
123702 121292 1
123702 122188 1
123702 122453 1
123702 122456 1
123702 124412 1
123702 124761 1
123785 115727 1
123785 117526 1
123785 118415 1
123785 118450 1
123785 120138 1
123785 121289 2
123785 121292 1
123785 121294 1
123785 121678 1
123785 122453 1
123785 122454 2
123785 122456 1
123785 123784 1
123785 124350 1
123785 124362 1
123785 124363 1
123785 124760 1
123785 124761 1
124363 112877 1
124363 115727 1
124363 117526 1
124363 118415 1
124363 118446 1
124363 118450 1
124363 118451 1
124363 120112 1
124363 120138 1
124363 121289 1
124363 121292 1
124363 122453 1
124363 122454 1
124363 122456 1
124363 123785 1
124363 124361 1
124363 124362 1
124363 124761 1
124412 99868 1
124412 112872 1
124412 112878 2
124412 115714 1
124412 118407 1
124412 118414 2
124412 118415 1
124412 121280 1
124412 121289 1
124412 121292 1
124412 122188 1
124412 122453 1
124412 122456 1
124412 123702 1
124412 124411 1
124412 124413 3
124412 124761 1
124761 99868 1
124761 112872 1
124761 112878 1
124761 115714 1
124761 115727 1
124761 117526 1
124761 118407 1
124761 118414 1
124761 118415 3
124761 118450 2
124761 118911 1
124761 119804 1
124761 121280 1
124761 121289 2
124761 121292 3
124761 121678 1
124761 122188 1
124761 122453 3
124761 122454 1
124761 122456 2
124761 123702 1
124761 123785 1
124761 124031 1
124761 124363 1
124761 124412 1
124761 124760 2
124761 124762 2
124761 124763 1
124761 125021 1
124761 125587 1
99886 100653 1
99886 102345 1
99886 111657 1
99886 115625 1
99886 118406 1
99886 120321 1
99886 120527 1
100653 99886 1
100653 102345 1
100653 111657 1
100653 115625 1
100653 118406 1
100653 120321 1
100653 120527 1
102345 99886 1
102345 100653 1
102345 111657 1
102345 115625 1
102345 118406 1
102345 120321 1
102345 120527 1
115625 99886 1
115625 100653 1
115625 102345 1
115625 111657 1
115625 113689 1
115625 118406 1
115625 118602 1
115625 120176 1
115625 120178 1
115625 120321 1
115625 120527 1
118406 99886 1
118406 100653 1
118406 102345 1
118406 111657 1
118406 115625 1
118406 120321 1
118406 120527 1
120176 115625 1
120176 118602 1
120176 120170 1
120176 120172 1
120176 120177 2
120176 120178 3
120176 120289 1
120176 120290 1
120176 120291 1
120176 120310 1
120176 120311 1
120176 120312 1
120176 120313 1
120176 120315 1
120176 120316 1
120176 120317 1
120176 120318 1
120176 120319 1
120176 120320 1
120176 120321 1
120176 120322 1
120176 120323 1
120176 120808 1
120177 99439 1
120177 103398 1
120177 120170 1
120177 120172 1
120177 120176 2
120177 120178 2
120177 120289 1
120177 120290 1
120177 120291 1
120177 120310 1
120177 120311 1
120177 120312 1
120177 120313 1
120177 120315 3
120177 120316 2
120177 120317 2
120177 120318 2
120177 120319 2
120177 120320 1
120177 120321 1
120177 120322 1
120177 120323 1
120177 120808 1
120178 115625 1
120178 118602 1
120178 120170 1
120178 120172 1
120178 120176 3
120178 120177 2
120178 120289 1
120178 120290 1
120178 120291 1
120178 120310 1
120178 120311 1
120178 120312 1
120178 120313 1
120178 120315 1
120178 120316 1
120178 120317 1
120178 120318 1
120178 120319 1
120178 120320 1
120178 120321 1
120178 120322 1
120178 120323 1
120178 120808 1
120289 120176 1
120289 120177 1
120289 120178 1
120289 120286 1
120289 120290 3
120289 120291 2
120289 120310 1
120289 120311 1
120289 120312 1
120289 120313 2
120289 120315 1
120289 120316 1
120289 120317 1
120289 120318 1
120289 120319 1
120289 120320 1
120289 120321 1
120289 120322 1
120289 120323 1
120289 120808 1
120290 120176 1
120290 120177 1
120290 120178 1
120290 120286 1
120290 120289 3
120290 120291 2
120290 120310 1
120290 120311 1
120290 120312 1
120290 120313 2
120290 120315 1
120290 120316 1
120290 120317 1
120290 120318 1
120290 120319 1
120290 120320 1
120290 120321 1
120290 120322 1
120290 120323 1
120290 120808 1
120291 120176 1
120291 120177 1
120291 120178 1
120291 120286 1
120291 120289 2
120291 120290 2
120291 120310 1
120291 120311 1
120291 120312 1
120291 120313 1
120291 120315 1
120291 120316 1
120291 120317 1
120291 120318 1
120291 120319 1
120291 120320 1
120291 120321 1
120291 120322 1
120291 120323 1
120291 120808 1
120310 120176 1
120310 120177 1
120310 120178 1
120310 120289 1
120310 120290 1
120310 120291 1
120310 120311 1
120310 120312 1
120310 120313 1
120310 120315 1
120310 120316 1
120310 120317 1
120310 120318 1
120310 120319 1
120310 120320 1
120310 120321 1
120310 120322 1
120310 120323 1
120310 120808 1
120311 120176 1
120311 120177 1
120311 120178 1
120311 120289 1
120311 120290 1
120311 120291 1
120311 120310 1
120311 120312 1
120311 120313 1
120311 120315 1
120311 120316 1
120311 120317 1
120311 120318 1
120311 120319 1
120311 120320 1
120311 120321 1
120311 120322 1
120311 120323 1
120311 120808 1
120312 120176 1
120312 120177 1
120312 120178 1
120312 120289 1
120312 120290 1
120312 120291 1
120312 120310 1
120312 120311 1
120312 120313 1
120312 120315 1
120312 120316 1
120312 120317 1
120312 120318 1
120312 120319 1
120312 120320 1
120312 120321 1
120312 120322 1
120312 120323 1
120312 120808 1
120313 120176 1
120313 120177 1
120313 120178 1
120313 120289 2
120313 120290 2
120313 120291 1
120313 120310 1
120313 120311 1
120313 120312 1
120313 120315 1
120313 120316 1
120313 120317 1
120313 120318 1
120313 120319 1
120313 120320 1
120313 120321 1
120313 120322 1
120313 120323 1
120313 120808 1
120315 103398 1
120315 120176 1
120315 120177 3
120315 120178 1
120315 120289 1
120315 120290 1
120315 120291 1
120315 120310 1
120315 120311 1
120315 120312 1
120315 120313 1
120315 120316 2
120315 120317 2
120315 120318 2
120315 120319 2
120315 120320 1
120315 120321 1
120315 120322 1
120315 120323 1
120315 120808 1
120316 103398 1
120316 120176 1
120316 120177 2
120316 120178 1
120316 120289 1
120316 120290 1
120316 120291 1
120316 120310 1
120316 120311 1
120316 120312 1
120316 120313 1
120316 120315 2
120316 120317 2
120316 120318 2
120316 120319 2
120316 120320 1
120316 120321 1
120316 120322 1
120316 120323 1
120316 120808 1
120317 103398 1
120317 120176 1
120317 120177 2
120317 120178 1
120317 120289 1
120317 120290 1
120317 120291 1
120317 120310 1
120317 120311 1
120317 120312 1
120317 120313 1
120317 120315 2
120317 120316 2
120317 120318 3
120317 120319 3
120317 120320 1
120317 120321 1
120317 120322 1
120317 120323 2
120317 120808 1
120317 120810 1
120318 103398 1
120318 120176 1
120318 120177 2
120318 120178 1
120318 120289 1
120318 120290 1
120318 120291 1
120318 120310 1
120318 120311 1
120318 120312 1
120318 120313 1
120318 120315 2
120318 120316 2
120318 120317 3
120318 120319 3
120318 120320 1
120318 120321 1
120318 120322 1
120318 120323 2
120318 120808 1
120318 120810 1
120319 103398 1
120319 120176 1
120319 120177 2
120319 120178 1
120319 120289 1
120319 120290 1
120319 120291 1
120319 120310 1
120319 120311 1
120319 120312 1
120319 120313 1
120319 120315 2
120319 120316 2
120319 120317 3
120319 120318 3
120319 120320 1
120319 120321 1
120319 120322 1
120319 120323 2
120319 120808 1
120319 120810 1
120320 120176 1
120320 120177 1
120320 120178 1
120320 120289 1
120320 120290 1
120320 120291 1
120320 120310 1
120320 120311 1
120320 120312 1
120320 120313 1
120320 120315 1
120320 120316 1
120320 120317 1
120320 120318 1
120320 120319 1
120320 120321 1
120320 120322 1
120320 120323 1
120320 120808 1
120322 120176 1
120322 120177 1
120322 120178 1
120322 120289 1
120322 120290 1
120322 120291 1
120322 120310 1
120322 120311 1
120322 120312 1
120322 120313 1
120322 120315 1
120322 120316 1
120322 120317 1
120322 120318 1
120322 120319 1
120322 120320 1
120322 120321 1
120322 120323 1
120322 120537 1
120322 120808 1
120323 120176 1
120323 120177 1
120323 120178 1
120323 120289 1
120323 120290 1
120323 120291 1
120323 120310 1
120323 120311 1
120323 120312 1
120323 120313 1
120323 120315 1
120323 120316 1
120323 120317 2
120323 120318 2
120323 120319 2
120323 120320 1
120323 120321 1
120323 120322 1
120323 120808 1
120323 120810 1
120527 99886 1
120527 100653 1
120527 102345 1
120527 111657 1
120527 115625 1
120527 118406 1
120527 120321 1
120808 99868 1
120808 120176 1
120808 120177 1
120808 120178 1
120808 120289 1
120808 120290 1
120808 120291 1
120808 120310 1
120808 120311 1
120808 120312 1
120808 120313 1
120808 120315 1
120808 120316 1
120808 120317 1
120808 120318 1
120808 120319 1
120808 120320 1
120808 120321 1
120808 120322 1
120808 120323 1
111675 99868 1
111675 115616 1
111675 117510 1
111675 120541 1
111675 122853 1
111675 123524 1
111675 124763 1
115616 99868 1
115616 111675 1
115616 117510 1
115616 120541 1
115616 122853 1
115616 123524 1
115616 124763 1
120232 120541 1
120232 121278 1
120232 123491 1
120537 120322 1
120537 120538 1
120537 120539 1
120537 120541 1
120537 127066 1
120538 120537 1
120538 120539 1
120538 120541 1
120539 120537 1
120539 120538 1
120539 120541 1
121278 116411 1
121278 118450 1
121278 120232 1
121278 120541 1
121278 121273 1
121278 121275 1
121278 123491 1
123491 120232 1
123491 120541 1
123491 121278 1
123491 121292 1
123491 122853 1
123524 99868 1
123524 111675 1
123524 112870 1
123524 115616 1
123524 117510 1
123524 118450 1
123524 120541 1
123524 121295 1
123524 122853 1
123524 124763 1
124763 99868 1
124763 111675 1
124763 115616 1
124763 117510 1
124763 118435 1
124763 120541 1
124763 121294 1
124763 122853 1
124763 123524 1
124763 124760 1
124763 124761 1
124763 124762 1
124763 125021 1
124763 127224 3
58551 62258 1
58551 62733 1
58551 62735 1
58551 63291 1
58551 63292 1
58551 65668 1
58551 65675 1
58551 67660 1
58551 70166 1
58551 71707 1
58551 87483 1
58551 92556 1
58551 120877 1
58551 127398 1
63291 58551 1
63291 63292 1
63291 65668 2
63291 65675 1
63291 67660 2
63291 70166 1
63291 71707 1
63291 87483 1
63291 92556 1
63291 120877 1
63291 127398 1
63292 58551 1
63292 63291 1
63292 65668 1
63292 65675 1
63292 67660 1
63292 70166 1
63292 71707 1
63292 87483 1
63292 92556 1
63292 120877 1
63292 127398 1
65668 58551 1
65668 63291 2
65668 63292 1
65668 65675 3
65668 67660 3
65668 70166 1
65668 71707 1
65668 87483 1
65668 92556 1
65668 120877 1
65668 127398 1
65675 58551 1
65675 63291 1
65675 63292 1
65675 65668 3
65675 67660 4
65675 68561 1
65675 70166 2
65675 71707 1
65675 87483 1
65675 92556 1
65675 120877 1
65675 127398 1
67660 53146 1
67660 55559 1
67660 58551 1
67660 63291 2
67660 63292 1
67660 65668 3
67660 65675 4
67660 70166 3
67660 71707 1
67660 72701 1
67660 87483 2
67660 92556 1
67660 120877 1
67660 127398 1
70166 58551 1
70166 63291 1
70166 63292 1
70166 65668 1
70166 65675 2
70166 67660 3
70166 71707 2
70166 87483 2
70166 92556 1
70166 120877 1
70166 127398 1
71707 42632 1
71707 58551 1
71707 63291 1
71707 63292 1
71707 64050 1
71707 65668 1
71707 65675 1
71707 66873 1
71707 67660 1
71707 70166 2
71707 87483 3
71707 92556 1
71707 120877 1
71707 127398 1
89013 98731 1
89013 102931 1
89013 105171 1
89013 117178 7
89013 120877 1
92556 58551 1
92556 63291 1
92556 63292 1
92556 65668 1
92556 65675 1
92556 67660 1
92556 70166 1
92556 71707 1
92556 72701 1
92556 79172 1
92556 80395 1
92556 87483 1
92556 120877 1
92556 127398 1
95625 70935 1
95625 108769 1
95625 118597 1
95625 120877 1
95625 127610 1
97019 120877 2
98731 88759 1
98731 89013 1
98731 102931 1
98731 104352 1
98731 105171 1
98731 117178 1
98731 120877 1
102931 89013 1
102931 98731 1
102931 105171 1
102931 117178 1
102931 118820 1
102931 120877 1
105171 89013 1
105171 98731 1
105171 102931 1
105171 117178 1
105171 120877 1
108769 95625 1
108769 111917 1
108769 118597 1
108769 120877 1
112088 120877 1
117062 120877 1
117178 89013 7
117178 92247 1
117178 98731 1
117178 102931 1
117178 105171 1
117178 120877 1
117178 126595 1
118597 95625 1
118597 107579 1
118597 108769 1
118597 119347 1
118597 120877 1
127398 40543 1
127398 56259 1
127398 58551 1
127398 63291 1
127398 63292 1
127398 65668 1
127398 65675 1
127398 67660 1
127398 70166 1
127398 71707 1
127398 87483 1
127398 92556 1
127398 120877 1
127398 121730 1
66962 111161 1
66962 115381 1
66962 117259 1
66962 118478 1
66962 123956 1
66962 126308 1
111161 66962 1
111161 115381 1
111161 117259 1
111161 118478 1
111161 123956 1
111161 126308 1
115381 66962 1
115381 111161 1
115381 117259 1
115381 118478 1
115381 123956 1
115381 126308 1
117259 66962 1
117259 111161 1
117259 115381 1
117259 118478 1
117259 123956 1
117259 126308 1
118478 66962 1
118478 111161 1
118478 115381 1
118478 117259 1
118478 123956 1
118478 126308 1
123953 123954 1
123953 123955 1
123953 123956 1
123953 126470 1
123953 126471 1
123953 127380 1
123955 123953 1
123955 123956 1
123955 126470 1
123955 126471 1
123955 127380 1
126308 66962 1
126308 111161 1
126308 115381 1
126308 117259 1
126308 118478 1
126308 123956 1
126308 126171 1
126470 123953 1
126470 123955 1
126470 123956 1
126470 126469 3
126470 126471 7
126470 126472 1
126470 127380 1
126471 123953 1
126471 123955 1
126471 123956 1
126471 126469 3
126471 126470 7
126471 126472 1
126471 127380 1
127380 113832 1
127380 123953 1
127380 123955 1
127380 123956 1
127380 126470 1
127380 126471 1
49837 86178 1
49837 89998 1
49837 110027 1
49837 124054 1
52733 76536 1
52733 107314 1
52733 119007 1
52733 121101 1
52733 124054 1
52733 126629 1
55127 57046 1
55127 82189 1
55127 124054 1
69382 73747 1
69382 81091 1
69382 86079 1
69382 97199 1
69382 98595 1
69382 107314 2
69382 107670 1
69382 111912 1
69382 113405 1
69382 124054 1
73747 69382 1
73747 81091 3
73747 81571 1
73747 92166 1
73747 92887 1
73747 97199 1
73747 98595 1
73747 107314 1
73747 107670 1
73747 111509 1
73747 124054 1
81091 69382 1
81091 73747 3
81091 81571 1
81091 92887 1
81091 97199 1
81091 98595 1
81091 107314 1
81091 107670 1
81091 109878 1
81091 110927 1
81091 124054 1
82189 55127 1
82189 68197 1
82189 124054 1
86178 49837 1
86178 89998 1
86178 110027 1
86178 124054 1
89998 49837 1
89998 86178 1
89998 110027 1
89998 124054 1
92166 73747 1
92166 109878 1
92166 110038 1
92166 124054 1
97199 69382 1
97199 73747 1
97199 81091 1
97199 82828 1
97199 87471 1
97199 98595 1
97199 107314 1
97199 107670 1
97199 119007 1
97199 124054 2
98595 69382 1
98595 73747 1
98595 81091 1
98595 97199 1
98595 107314 1
98595 107670 1
98595 110486 1
98595 124054 1
107314 52733 1
107314 69382 2
107314 73747 1
107314 81091 1
107314 86079 1
107314 97199 1
107314 98595 1
107314 107670 1
107314 111912 1
107314 113405 1
107314 124054 1
107670 69382 1
107670 73747 1
107670 80124 1
107670 81091 1
107670 89585 1
107670 94117 1
107670 97199 1
107670 98595 1
107670 104278 1
107670 107314 1
107670 107669 1
107670 115382 1
107670 124054 1
109878 52730 1
109878 81091 1
109878 92166 1
109878 103878 1
109878 109005 1
109878 110484 1
109878 110486 3
109878 116266 1
109878 116603 1
109878 124054 1
110027 48797 1
110027 49837 1
110027 53027 1
110027 69113 1
110027 76713 1
110027 86178 1
110027 89998 1
110027 95179 1
110027 95516 1
110027 99006 1
110027 99504 1
110027 102060 1
110027 105565 1
110027 124054 1
110486 97749 1
110486 98595 1
110486 109005 1
110486 109878 3
110486 119110 1
110486 124054 1
114006 68197 1
114006 81317 1
114006 119007 1
114006 124054 1
119007 52733 1
119007 76536 1
119007 97199 1
119007 114006 1
119007 119006 1
119007 121101 1
119007 122689 1
119007 124054 1
119007 126629 1
119007 126632 1
86151 126084 1
126094 126084 1
126094 127790 1
68730 66203 1
68730 78534 1
84445 72945 1
84445 78534 1
84445 123985 1
122163 78534 1
122163 122162 1
123985 78534 1
123985 84445 1
100264 78568 1
79780 79878 1
106744 70480 2
106744 84880 1
106744 106743 1
106744 107576 1
107576 70480 1
107576 106743 1
107576 106744 1
31229 89479 1
92904 90245 1
38492 92428 1
96281 92428 1
96281 100718 1
100718 92428 1
100718 96281 1
68524 97247 1
68524 113877 1
68524 121752 1
90718 97247 1
93831 97247 1
93831 103423 1
93831 109887 1
97251 97247 1
97251 114995 1
103423 93831 1
103423 97247 1
103423 109887 1
109887 87513 1
109887 93831 1
109887 97247 1
109887 103423 1
109887 109741 1
114995 97247 1
114995 97251 1
121752 68524 1
121752 97247 1
121752 105663 1
89457 102778 1
89457 107640 1
75424 65625 1
75424 103515 1
75424 103518 1
75424 104434 1
103515 65625 1
103515 75424 1
103515 103518 1
103515 104434 1
103518 65625 1
103518 75424 1
103518 103515 1
103518 104434 1
102365 106743 1
105690 106743 1
105690 111826 1
109119 106743 1
109119 111826 1
111826 105690 1
111826 106743 2
111826 109119 1
80706 80710 10
80706 86193 1
80706 88949 1
80706 95791 1
80706 100217 1
80706 106922 1
80706 107639 1
80706 107640 1
80706 109321 1
80706 118513 1
80710 80706 10
80710 86193 1
80710 88949 1
80710 95791 1
80710 100217 1
80710 106922 1
80710 107639 1
80710 107640 1
80710 109321 1
80710 118513 1
106922 80706 1
106922 80710 1
106922 107639 1
106922 107640 1
106922 109321 1
106922 118513 1
118513 80706 1
118513 80710 1
118513 106922 1
118513 107639 1
118513 107640 1
118513 109321 1
124113 107661 1
124113 124114 1
124113 124115 3
124115 107661 1
124115 124113 3
124524 107661 1
116134 107973 1
96900 104918 1
96900 104921 1
96900 108841 1
104918 96900 1
104918 104921 1
104918 108841 1
104921 96900 1
104921 104918 1
104921 108841 1
115503 109124 1
107579 109129 1
107579 118597 1
111861 110584 1
111861 110586 1
111861 118857 1
118857 110584 1
118857 110586 1
118857 111861 1
58631 59253 1
334 7820 1
334 8512 1
334 62398 1
7820 334 1
7820 8512 1
7820 62398 1
8512 334 1
8512 7820 1
8512 62398 1
79255 62398 1
79255 87004 1
83772 62398 1
84255 62398 1
49163 53706 1
49163 68056 1
49163 70552 1
53706 49163 1
53706 68056 1
53706 70552 1
55936 68056 1
55936 74482 1
70552 49163 1
70552 53706 1
70552 68056 1
74482 55936 1
74482 68056 1
80403 68056 1
83773 68056 1
83773 116068 1
116068 67876 1
116068 68056 1
116068 83773 1
89171 69511 1
95202 69511 1
109172 69511 1
53146 67660 1
53146 77452 1
53146 80667 1
53146 85781 1
77452 53146 1
77452 80667 1
77452 85781 1
79154 79155 1
79154 80667 1
79155 79154 1
79155 80667 1
85781 53146 1
85781 77452 1
85781 80667 1
87992 88657 1
96795 88657 1
50873 89532 1
76834 89532 1
77580 89532 1
85938 89532 1
70471 98027 1
86845 31009 1
86845 67640 1
86845 91353 1
91969 31009 1
91969 97874 1
97874 31009 1
97874 91969 1
92312 51225 1
81615 84558 1
87890 47973 1
110328 60778 1
67973 61781 1
40451 63877 1
40451 81260 1
81260 40451 1
81260 63877 1
80494 63927 2
75821 65509 1
82828 65625 1
82828 87471 1
82828 97199 1
107399 70858 1
107399 108366 1
107399 109127 1
108366 70858 1
108366 107399 1
108366 109127 1
90519 72887 1
60300 75343 1
72634 75343 1
82350 78009 1
76082 80218 1
35617 77565 1
35617 86308 1
53016 5866 1
53016 86308 1
77565 35617 1
77565 86308 1
82377 89539 1
82377 122761 1
122761 82377 1
122761 89539 1
82439 90916 1
106338 59092 1
106338 80747 1
106338 90916 1
106338 92145 2
26297 94606 1
100693 94606 1
67929 95998 1
117684 95998 1
58516 96804 1
69265 96804 1
69617 78566 1
69617 80349 1
69617 104131 1
78566 69617 1
78566 70935 1
78566 80349 1
78566 104131 1
80349 69617 1
80349 78566 1
80349 104131 1
93912 104131 1
93912 104134 1
104134 93912 1
104134 104131 1
104134 121355 1
127656 104131 1
46653 104229 1
59133 104229 1
69269 104229 1
87633 69245 1
87633 104229 1
87633 122084 1
113368 104229 1
122084 87633 1
122084 104229 1
106628 108124 1
70762 109321 1
70762 113763 1
70762 113764 1
70762 113765 1
113764 70762 1
113764 109321 1
113764 113763 1
113764 113765 1
113765 70762 1
113765 109321 1
113765 113763 1
113765 113764 1
120713 109321 1
101324 111545 1
101324 113763 1
111546 111545 1
111546 113763 1
120173 116275 1
123971 116275 2
109349 104121 1
99440 105380 1
99440 105872 1
99440 111043 1
105872 99440 1
105872 105380 1
105872 111043 1
111043 99440 1
111043 105380 1
111043 105872 1
112530 109351 1
99877 118901 1
118304 118901 1
115527 64787 1
115527 115525 1
115527 115526 1
36566 66203 1
36566 78526 1
36566 78527 1
36566 78528 1
66250 66203 1
78526 36566 1
78526 66203 1
78526 78527 1
78526 78528 1
78527 36566 1
78527 66203 1
78527 78526 1
78527 78528 1
78528 36566 1
78528 66203 1
78528 78526 1
78528 78527 1
91353 67640 1
91353 86845 1
59636 70935 1
80662 70935 1
92332 70935 1
100438 70935 1
108145 70935 1
108145 118045 1
110836 70935 1
118045 70935 1
118045 108145 1
80124 89585 1
80124 94117 1
80124 104278 1
80124 107670 1
80124 115382 1
94117 80124 1
94117 89585 1
94117 104278 1
94117 107670 1
94117 115382 1
111451 89585 1
51476 89883 1
59092 80747 1
59092 92145 1
59092 106338 1
77215 92145 1
80747 59092 1
80747 92145 1
80747 106338 1
63351 91527 1
63351 95316 1
63351 95899 1
67417 95316 1
91527 63351 1
91527 95316 1
91527 95899 1
95899 63351 1
95899 91527 1
95899 95316 1
95899 104278 1
105444 95316 1
119184 95316 1
14670 14672 1
14670 14673 1
14670 15280 1
14670 15386 1
14670 15389 1
14670 95891 1
14672 14670 1
14672 14673 1
14672 15280 1
14672 15386 1
14672 15389 1
14672 95891 1
14673 14670 1
14673 14672 1
14673 15280 1
14673 15386 1
14673 15389 1
14673 95891 1
15280 14670 1
15280 14672 1
15280 14673 1
15280 15386 1
15280 15389 1
15280 95891 1
15386 14670 1
15386 14672 1
15386 14673 1
15386 15280 1
15386 15389 1
15386 95891 1
15389 14670 1
15389 14672 1
15389 14673 1
15389 15280 1
15389 15386 1
15389 95891 1
45958 52832 1
45958 95891 1
52008 95891 1
52832 45958 1
52832 95891 1
56380 76175 1
56380 95891 1
66228 95891 1
76175 56380 1
76175 95891 1
75238 96792 1
75238 100318 1
100318 75238 1
100318 96792 1
116104 96792 1
46103 98939 1
43692 100217 1
75670 100217 1
86193 80706 1
86193 80710 1
86193 88949 1
86193 95791 1
86193 100217 1
88949 80706 1
88949 80710 1
88949 86193 1
88949 95791 1
88949 100217 1
90417 100217 1
90743 100217 1
90743 113877 1
90743 115382 1
95791 80706 1
95791 80710 1
95791 86193 1
95791 88949 1
95791 100217 1
99949 100217 1
113877 68524 1
113877 90743 1
113877 100217 1
113877 114370 1
113877 115382 1
107182 102657 1
107182 110774 1
110774 102657 1
110774 107182 1
87596 104278 1
98783 104278 1
98783 105663 1
105663 98783 1
105663 104278 1
105663 121752 1
106430 104278 1
106430 113641 1
113641 104278 1
113641 106430 1
67953 106798 1
81257 115382 1
110840 52290 1
110840 110841 1
44934 67876 1
110925 67876 1
116273 67876 1
124021 67876 1
42320 54727 1
42320 77227 1
42320 77516 1
42320 81281 1
54727 42320 1
54727 77227 1
54727 77516 1
54727 81281 1
77516 42320 1
77516 54727 1
77516 77227 1
77516 81281 1
81281 42320 1
81281 54727 1
81281 77227 1
81281 77516 1
81281 79658 1
103639 77227 1
105120 77227 2
123787 111917 1
115526 115525 1
115526 115527 1
114956 115889 1
56834 84623 1
65221 84623 1
68057 84623 1
68057 96832 1
68057 103529 1
90049 84623 1
96832 68057 1
96832 84623 1
96832 103529 1
103529 68057 1
103529 84623 1
103529 96832 1
122023 120638 1
122023 126190 1
126190 120638 1
126190 122023 1
99833 99771 1
99833 99873 1
99833 103398 1
99833 103756 1
99833 104366 1
99833 104367 1
99833 120119 1
99833 120798 1
99833 123136 1
99833 123137 1
99833 127224 1
99873 99833 1
99873 120119 1
99873 123136 1
99873 123137 1
99873 127224 1
120119 99833 1
120119 99873 1
120119 123136 1
120119 123137 1
120119 127224 1
121285 121289 1
121285 127224 1
121294 120138 1
121294 121289 1
121294 121295 1
121294 121296 2
121294 121678 1
121294 122453 2
121294 122454 1
121294 123785 1
121294 124362 1
121294 124760 1
121294 124763 1
121294 127224 1
123136 99833 1
123136 99873 1
123136 120119 1
123136 123137 1
123136 127224 1
123137 99833 1
123137 99873 1
123137 120119 1
123137 123136 1
123137 127224 1
124068 117526 2
124068 119823 1
124068 120080 1
124068 122453 1
124068 122454 1
124068 125587 1
124068 127224 1
103395 99849 1
103395 110668 1
103395 120166 1
121297 121289 1
121297 122453 1
121297 122954 1
121297 124077 1
121297 125021 1
122954 121289 1
122954 121297 1
122954 122453 1
122954 124077 1
122954 125021 1
124077 121289 1
124077 121297 1
124077 122453 1
124077 122954 1
124077 125021 1
124760 118911 1
124760 119804 1
124760 120138 1
124760 121289 1
124760 121294 1
124760 121678 2
124760 122454 1
124760 123785 1
124760 124031 1
124760 124362 1
124760 124761 2
124760 124762 2
124760 124763 1
124760 125021 1
124760 125587 1
124762 118911 1
124762 119804 1
124762 121678 1
124762 124031 1
124762 124760 2
124762 124761 2
124762 124763 1
124762 125021 1
124762 125587 1
107259 69505 1
52823 85511 1
52823 106221 1
57044 85511 1
57044 89392 1
89392 57044 1
89392 85511 1
106221 52823 1
106221 85511 1
45102 92217 1
45102 92358 1
75019 92217 1
92358 45102 1
92358 92217 1
87513 109741 1
87513 109887 1
114968 109741 1
115655 109741 1
50532 104096 1
104097 104096 1
104098 81552 1
104098 104096 1
104098 115101 1
112357 104096 2
106404 74136 1
109993 75966 1
55869 77168 1
55869 90191 1
55869 99558 1
102202 77168 1
90191 55869 1
90191 91086 1
90191 99558 2
90191 107329 1
90191 109575 1
99558 55869 1
99558 90191 2
99558 91086 1
99558 107329 1
96288 104744 1
96288 105725 1
96288 107328 1
96288 107329 1
96288 123653 1
96288 123736 1
104744 96288 1
104744 105725 1
104744 107328 1
104744 107329 1
104744 123653 1
104744 123736 1
105725 96288 1
105725 104744 1
105725 105445 1
105725 107328 1
105725 107329 1
105725 123653 1
105725 123736 1
107328 96288 1
107328 104744 1
107328 105725 1
107328 107329 1
107328 123653 1
107328 123736 1
123653 96288 1
123653 104744 1
123653 105725 1
123653 107328 1
123653 107329 1
123653 123654 2
123653 123736 2
123736 96288 1
123736 104744 1
123736 105725 1
123736 107328 1
123736 107329 1
123736 123653 2
123736 123654 1
30927 46889 1
30927 46894 1
30927 109127 1
46889 30927 1
46889 46894 1
46889 109127 1
46894 30927 1
46894 46889 1
46894 109127 1
99053 51261 1
111227 69275 1
112942 69275 1
104437 84547 1
81545 91704 1
81545 101589 2
98201 91704 1
101589 81545 2
101589 91704 1
122557 92247 1
118451 100787 1
118451 112877 1
118451 117526 2
118451 118446 1
118451 120112 1
118451 120138 1
118451 124363 1
118451 124940 1
99771 99425 1
99771 99833 1
99771 103398 1
99771 103756 1
99771 104366 1
99771 104367 1
99771 120798 1
99867 103398 1
99867 108937 1
99867 121316 1
103756 99771 1
103756 99833 1
103756 103398 1
103756 104366 1
103756 104367 1
103756 120798 1
104366 99771 1
104366 99833 1
104366 103398 1
104366 103756 1
104366 104367 1
104366 120798 1
104367 99771 1
104367 99833 1
104367 103398 1
104367 103756 1
104367 104366 1
104367 120798 1
108937 99867 1
108937 103398 1
108937 121316 1
120798 99771 1
120798 99833 1
120798 103398 1
120798 103756 1
120798 104366 1
120798 104367 1
121316 99867 1
121316 103398 1
121316 108937 1
99856 112872 1
99856 117933 1
117933 99856 1
117933 112872 1
99900 117526 1
119823 117526 1
119823 120080 1
119823 124068 1
120080 117526 1
120080 119823 1
120080 124068 1
124940 117526 1
124940 118451 1
112870 118450 1
112870 121295 1
112870 123524 1
116411 118450 1
116411 121273 1
116411 121275 1
116411 121278 1
121273 116411 1
121273 118450 1
121273 121275 1
121273 121278 1
121275 116411 1
121275 118450 1
121275 121273 1
121275 121278 1
121295 112870 1
121295 118450 1
121295 121294 1
121295 121296 1
121295 122453 1
121295 123524 1
120620 112877 1
120620 120286 1
120138 112877 1
120138 118446 1
120138 118451 1
120138 120112 1
120138 121289 1
120138 121294 1
120138 121678 1
120138 122454 1
120138 123785 1
120138 124362 1
120138 124363 1
120138 124760 1
121678 117514 1
121678 118911 1
121678 119804 1
121678 120138 1
121678 121289 1
121678 121294 1
121678 122454 1
121678 123785 1
121678 124031 1
121678 124362 1
121678 124760 2
121678 124761 1
121678 124762 1
121678 125587 1
124362 118747 1
124362 120138 1
124362 121289 1
124362 121294 1
124362 121678 1
124362 122454 1
124362 123785 1
124362 124361 1
124362 124363 1
124362 124760 1
118747 122453 1
118747 124362 1
121296 121294 2
121296 121295 1
121296 122453 2
125587 118911 1
125587 119804 1
125587 121678 1
125587 122453 2
125587 122454 1
125587 124031 1
125587 124068 1
125587 124760 1
125587 124761 1
125587 124762 1
123784 123785 1
124350 123785 1
112877 118446 1
112877 118451 1
112877 120112 1
112877 120138 1
112877 120620 1
112877 124363 1
118446 112877 1
118446 118451 1
118446 120112 1
118446 120138 1
118446 124363 1
120112 112877 1
120112 118446 1
120112 118451 1
120112 120138 1
120112 124363 1
124361 124362 1
124361 124363 1
124411 124412 1
124411 124413 1
124411 125426 1
124413 124411 1
124413 124412 3
118911 119804 1
118911 121678 1
118911 124031 1
118911 124760 1
118911 124761 1
118911 124762 1
118911 125587 1
119804 118911 1
119804 121678 1
119804 124031 1
119804 124760 1
119804 124761 1
119804 124762 1
119804 125587 1
124031 118911 1
124031 119804 1
124031 121678 1
124031 124760 1
124031 124761 1
124031 124762 1
124031 125587 1
118602 115625 1
118602 120176 1
118602 120178 1
120170 120172 1
120170 120176 1
120170 120177 1
120170 120178 1
120172 120170 1
120172 120176 1
120172 120177 1
120172 120178 1
120810 120317 1
120810 120318 1
120810 120319 1
120810 120323 1
127066 120537 1
62258 58551 1
62258 62733 1
62258 62735 1
62733 58551 1
62733 62258 1
62733 62735 1
62735 58551 1
62735 62258 1
62735 62733 1
68561 65675 1
55559 67660 1
72701 67660 1
72701 80395 1
72701 92556 1
42632 64050 1
42632 66873 1
42632 71707 1
64050 42632 1
64050 66873 1
64050 71707 1
66873 42632 1
66873 64050 1
66873 71707 1
80395 72701 1
80395 92556 1
127610 95625 1
88759 98731 1
88759 104352 1
104352 88759 1
104352 98731 1
118820 102931 1
126595 117178 1
119347 118597 1
40543 56259 1
40543 121730 1
40543 127398 1
56259 40543 1
56259 121730 1
56259 127398 1
121730 40543 1
121730 56259 1
121730 127398 1
123954 123953 1
126171 126308 1
126469 126470 3
126469 126471 3
126472 126470 1
126472 126471 1
113832 127380 1
76536 52733 1
76536 119007 1
76536 121101 1
76536 126629 1
121101 52733 1
121101 76536 1
121101 119007 1
121101 126629 2
126629 52733 1
126629 76536 1
126629 119007 1
126629 121101 2
57046 55127 1
86079 69382 1
86079 107314 1
86079 111912 1
86079 113405 1
111912 69382 1
111912 86079 1
111912 107314 1
111912 113405 1
113405 69382 1
113405 86079 1
113405 107314 1
113405 111912 1
81571 73747 1
81571 81091 1
81571 92887 1
92887 73747 1
92887 81091 1
92887 81571 1
111509 73747 1
110927 81091 1
68197 82189 1
68197 114006 1
110038 92166 1
87471 82828 1
87471 97199 1
107669 107670 1
52730 109878 1
103878 109878 1
109005 109878 1
109005 110486 1
110484 109878 1
116266 109878 1
116603 109878 1
48797 23644 1
48797 53027 2
48797 76713 2
48797 110027 1
53027 48797 2
53027 76713 2
53027 110027 1
69113 95179 1
69113 95516 1
69113 99006 1
69113 102060 1
69113 110027 1
76713 48797 2
76713 53027 2
76713 110027 1
95179 69113 1
95179 95516 1
95179 99006 1
95179 102060 1
95179 110027 1
95516 69113 1
95516 95179 1
95516 99006 1
95516 102060 1
95516 110027 1
99006 69113 1
99006 95179 1
99006 95516 1
99006 102060 1
99006 110027 1
99504 110027 1
102060 69113 1
102060 95179 1
102060 95516 1
102060 99006 1
102060 110027 1
105565 110027 1
97749 110486 1
119110 110486 1
81317 114006 1
119006 119007 1
119006 122689 1
119006 126632 1
122689 119006 1
122689 119007 1
122689 126632 1
126632 119006 1
126632 119007 1
126632 122689 1
127790 126094 1
127790 127785 2
127790 127811 1
127785 127790 2
127785 127811 1
127811 127785 1
127811 127790 1
23644 48797 1
117514 121678 1
125426 124411 1
99425 99771 1
109575 90191 1
105445 105725 1
123654 123653 2
123654 123736 1
81552 104098 1
81552 115101 1
115101 81552 1
115101 104098 1
79658 81281 1
110841 110840 1
114370 113877 1
69245 87633 1
121355 104134 1
5866 53016 1
87004 79255 1
124114 124113 1
122162 122163 1
