55499 68154 2
68154 47566 1
68154 54238 1
68154 55499 2
47566 47580 1
47566 54238 1
47566 68154 1
54238 34829 1
54238 47566 1
54238 66898 1
54238 68154 1
54238 84301 1
47580 47566 1
34829 11442 1
34829 54238 1
34829 70010 1
34829 80530 1
34829 84301 1
66898 32576 1
66898 44918 1
66898 47835 1
66898 52057 1
66898 54238 1
66898 118351 1
84301 34829 1
84301 54238 1
84301 83308 1
11442 11440 1
11442 20248 1
11442 34829 1
70010 34829 1
70010 80530 1
80530 34829 1
80530 55141 1
80530 70010 1
80530 70556 1
80530 70687 1
80530 75420 1
80530 84022 1
80530 85188 1
80530 87884 1
80530 88692 1
80530 90872 1
80530 90873 1
80530 95448 1
80530 111201 1
32576 44918 1
32576 47835 1
32576 52057 1
32576 66898 1
44918 32576 1
44918 47835 1
44918 52057 1
44918 66898 1
44918 76910 1
47835 32576 1
47835 44918 1
47835 52057 1
47835 66898 1
52057 32576 1
52057 41118 1
52057 44918 1
52057 47835 1
52057 50418 1
52057 66898 1
118351 66898 1
118351 69391 1
118351 69392 1
118351 69393 1
83308 84301 1
11440 11442 1
11440 16810 1
11440 20248 1
20248 11440 1
20248 11442 1
20248 34794 1
55141 70556 1
55141 75420 1
55141 80530 1
55141 84022 1
55141 87884 1
55141 111201 1
70556 55141 1
70556 75420 1
70556 80530 1
70556 84022 1
70556 87884 1
70556 111201 1
70687 56896 1
70687 68568 1
70687 80530 1
70687 88692 1
75420 55141 1
75420 70556 1
75420 80530 1
75420 84022 1
75420 87884 1
75420 97799 1
75420 111201 1
75420 116717 1
84022 35156 1
84022 55141 1
84022 70556 1
84022 74375 1
84022 75420 1
84022 77249 1
84022 80530 1
84022 84023 1
84022 84027 1
84022 87199 1
84022 87884 1
84022 88660 1
84022 111201 1
85188 80530 1
85188 90872 1
85188 90873 1
87884 55141 1
87884 70556 1
87884 75420 1
87884 80530 1
87884 84022 1
87884 111201 1
87884 114096 1
88692 70687 1
88692 75893 1
88692 80530 1
88692 88039 1
90872 55769 1
90872 80530 1
90872 85188 1
90872 90873 1
90872 91301 1
90872 108954 1
90873 80530 1
90873 85188 1
90873 90872 1
95448 55769 1
95448 71731 1
95448 78232 1
95448 80530 1
95448 85041 1
95448 85675 2
95448 90541 1
95448 92325 1
95448 97799 1
95448 109019 1
95448 109880 1
95448 113896 1
95448 117789 1
111201 46909 1
111201 55141 1
111201 70556 1
111201 75420 1
111201 80530 1
111201 84022 1
111201 87884 1
111201 109609 1
111201 109732 1
111201 117124 1
76910 44918 1
41118 42060 1
41118 50418 1
41118 52057 1
41118 58773 1
50418 41118 1
50418 52057 1
50418 59487 1
50418 83449 1
16810 11440 1
34794 20248 1
34794 30264 1
34794 34799 1
34794 35187 1
34794 53618 1
56896 70687 1
56896 110264 1
68568 56257 1
68568 60040 1
68568 70687 1
68568 72669 1
68568 83449 1
68568 89626 1
97799 45014 1
97799 75420 1
97799 75893 1
97799 78876 1
97799 83262 1
97799 95448 1
97799 98204 1
97799 106485 1
97799 116717 1
97799 118817 1
97799 119523 1
116717 49715 1
116717 75404 1
116717 75420 1
116717 95659 1
116717 97799 1
116717 110223 1
35156 55755 1
35156 60049 1
35156 84022 1
35156 84023 1
35156 84027 1
74375 84022 1
74375 88660 1
77249 38073 1
77249 83428 1
77249 84022 1
77249 87199 2
84023 32185 1
84023 35156 1
84023 64340 1
84023 67016 1
84023 84022 1
84023 84027 1
84023 85650 1
84027 35156 1
84027 84022 1
84027 84023 1
87199 38073 1
87199 77249 2
87199 82408 1
87199 83428 1
87199 84022 1
87199 86435 1
87199 125723 1
88660 74375 1
88660 84022 1
114096 87884 1
75893 88039 1
75893 88692 1
75893 94336 1
75893 94337 1
75893 94339 1
75893 97799 1
75893 111220 1
88039 59487 1
88039 75893 1
88039 88038 1
88039 88040 2
88039 88041 1
88039 88043 3
88039 88692 1
88039 106328 2
55769 53215 1
55769 73538 1
55769 84140 1
55769 90872 1
55769 91301 1
55769 95448 1
55769 101820 1
55769 108954 1
91301 55769 1
91301 90872 1
91301 108954 1
108954 55769 1
108954 90872 1
108954 91301 1
71731 85675 1
71731 95448 1
71731 109880 1
78232 50899 1
78232 80093 1
78232 95448 1
85041 90541 1
85041 92325 1
85041 95448 1
85041 109019 1
85041 113896 1
85675 41809 1
85675 49354 1
85675 58610 1
85675 66767 1
85675 70717 1
85675 71731 1
85675 83455 1
85675 84299 1
85675 86428 1
85675 89296 1
85675 95448 2
85675 99964 1
85675 109880 1
90541 85041 1
90541 92325 1
90541 95448 1
90541 109019 1
90541 113896 1
92325 85041 1
92325 90541 1
92325 95448 1
92325 109019 1
92325 113896 1
109019 58818 1
109019 85041 1
109019 90541 1
109019 92325 1
109019 95448 1
109019 113896 1
109019 114833 1
109019 118279 1
109880 61228 1
109880 63746 1
109880 65125 1
109880 71731 1
109880 80310 1
109880 84135 1
109880 85675 1
109880 92936 1
109880 94792 1
109880 95448 1
109880 101664 1
109880 104899 1
109880 117030 1
113896 80522 1
113896 85041 1
113896 86430 1
113896 90541 1
113896 92325 1
113896 95448 1
113896 106328 1
113896 109019 1
117789 95448 1
46909 77764 1
46909 85942 1
46909 93974 1
46909 94598 1
46909 94601 1
46909 95457 1
46909 95855 1
46909 99928 1
46909 106663 1
46909 107823 1
46909 111201 1
46909 126353 1
109609 100940 1
109609 109606 1
109609 109732 1
109609 111201 1
109609 117124 1
109732 98719 1
109732 109609 1
109732 111201 1
109732 116700 1
109732 117124 1
117124 109609 1
117124 109732 1
117124 111201 1
42060 41118 1
42060 58773 1
58773 29889 1
58773 41118 1
58773 42060 1
58773 43329 1
58773 63030 1
58773 63031 1
58773 63120 1
58773 84296 1
58773 84345 1
58773 88662 1
58773 90480 1
58773 93974 1
58773 114745 1
59487 50418 1
59487 83449 1
59487 88038 1
59487 88039 1
59487 88040 1
59487 88041 1
59487 88043 1
83449 50418 1
83449 59487 1
83449 63031 1
83449 68568 1
83449 75449 1
83449 106332 1
30264 34794 1
30264 34799 1
30264 35187 1
30264 53618 1
34799 28053 1
34799 30264 1
34799 34794 1
34799 35187 1
34799 37166 1
34799 53618 1
35187 30264 1
35187 34794 1
35187 34799 1
35187 53618 1
53618 30264 1
53618 34794 1
53618 34799 1
53618 35187 1
110264 56896 1
56257 68568 1
60040 68568 1
60040 72669 1
60040 89626 1
72669 60040 1
72669 68568 1
72669 89626 1
89626 60040 1
89626 68568 1
89626 72669 1
45014 78876 1
45014 83262 1
45014 97799 1
45014 106485 1
45014 118817 1
78876 45014 1
78876 83262 1
78876 97799 1
78876 106485 1
78876 118817 1
83262 45014 1
83262 78876 1
83262 97799 1
83262 106485 1
83262 118817 1
98204 83152 1
98204 96644 1
98204 97799 1
98204 106081 1
98204 111082 1
98204 116784 1
106485 45014 1
106485 78876 1
106485 83262 1
106485 97799 1
106485 118817 1
118817 45014 1
118817 78876 1
118817 83262 1
118817 86431 1
118817 95456 1
118817 97799 1
118817 101341 1
118817 106485 1
118817 109024 1
118817 109453 1
118817 109615 1
118817 119637 1
119523 60746 1
119523 80525 1
119523 85613 1
119523 85651 1
119523 86657 1
119523 97799 1
119523 106571 1
119523 119312 1
119523 119524 1
49715 30306 1
49715 31363 1
49715 33119 1
49715 38854 1
49715 41324 1
49715 45141 1
49715 46233 1
49715 46929 1
49715 47803 1
49715 56058 1
49715 57262 1
49715 58800 1
49715 62337 1
49715 116717 1
75404 95659 1
75404 116717 1
95659 75404 1
95659 116717 1
110223 116717 1
55755 35156 1
60049 35156 1
60049 73155 1
38073 77249 1
38073 83428 1
38073 87199 1
83428 24766 1
83428 38073 1
83428 73187 1
83428 74645 1
83428 75896 1
83428 77249 1
83428 79067 1
83428 79736 1
83428 87199 1
83428 88033 1
32185 64340 1
32185 67016 1
32185 84023 1
32185 85650 1
64340 32185 1
64340 41279 1
64340 63116 1
64340 66015 1
64340 67016 1
64340 80093 1
64340 83613 1
64340 84023 1
64340 85650 1
64340 125002 1
64340 125387 1
67016 32185 1
67016 64340 1
67016 84023 1
67016 85650 1
85650 32185 1
85650 64340 1
85650 67016 1
85650 84023 1
82408 57721 1
82408 82407 1
82408 82409 1
82408 87199 1
82408 125723 1
86435 83234 1
86435 87199 1
125723 82408 1
125723 87199 1
94336 75893 1
94336 94337 1
94336 94339 1
94336 111220 1
94337 75893 1
94337 81319 1
94337 94336 1
94337 94339 1
94337 100035 1
94337 101399 1
94337 101400 1
94337 105283 1
94337 111220 1
94337 121527 1
94339 75893 1
94339 94336 1
94339 94337 1
94339 111220 1
111220 75893 1
111220 94336 1
111220 94337 1
111220 94339 1
88038 59487 1
88038 88039 1
88038 88040 2
88038 88041 2
88038 88043 2
88040 59487 1
88040 88038 2
88040 88039 2
88040 88041 2
88040 88043 4
88041 59487 1
88041 88038 2
88041 88039 1
88041 88040 2
88041 88043 2
88043 59487 1
88043 88038 2
88043 88039 3
88043 88040 4
88043 88041 2
106328 60890 1
106328 72530 1
106328 82237 1
106328 86430 1
106328 88039 2
106328 106327 1
106328 113896 1
53215 28005 1
53215 55769 1
53215 64360 1
53215 73538 1
73538 51062 1
73538 53215 1
73538 55769 1
73538 72691 1
84140 55769 1
84140 101820 1
101820 55769 1
101820 74806 1
101820 84140 1
101820 101877 1
50899 78232 1
80093 41279 1
80093 63116 1
80093 64340 1
80093 66015 1
80093 78232 1
80093 83613 1
80093 125002 1
80093 125387 1
41809 85675 1
41809 89296 1
49354 76777 1
49354 80690 1
49354 84299 1
49354 85675 1
49354 116498 1
49354 125191 1
58610 85675 1
58610 86428 1
66767 85675 1
66767 106083 1
66767 117028 1
66767 117030 1
66767 119717 1
66767 123171 1
66767 125178 1
70717 85675 1
70717 85694 1
70717 99964 1
83455 44779 1
83455 84343 1
83455 85675 1
84299 49354 1
84299 61231 1
84299 79028 1
84299 85675 1
86428 58610 1
86428 60890 1
86428 85675 1
86428 109453 1
86428 112906 1
86428 118522 1
89296 41809 1
89296 60882 1
89296 80244 1
89296 85675 1
89296 95910 1
89296 100939 1
89296 123722 1
99964 70717 1
99964 85675 1
58818 109019 1
58818 117783 1
114833 109019 1
114833 118279 1
118279 56432 1
118279 109019 1
118279 114833 1
118279 123171 1
61228 65125 1
61228 66513 1
61228 80310 1
61228 84135 1
61228 94792 1
61228 101664 1
61228 109880 1
63746 104899 1
63746 109880 1
63746 117030 1
65125 61228 1
65125 80310 1
65125 84135 1
65125 94792 1
65125 101664 1
65125 109880 1
80310 61228 1
80310 65125 1
80310 84135 1
80310 94792 1
80310 101664 1
80310 109880 1
84135 61228 1
84135 65125 1
84135 80310 1
84135 94792 1
84135 101664 1
84135 109880 1
92936 50812 1
92936 81327 1
92936 109880 1
94792 59494 1
94792 61228 1
94792 65125 1
94792 79020 1
94792 80310 1
94792 84135 1
94792 94787 1
94792 94789 1
94792 94791 1
94792 94793 1
94792 101664 1
94792 109880 1
101664 53449 1
101664 61228 1
101664 61805 1
101664 65125 1
101664 80310 1
101664 84135 1
101664 94570 1
101664 94792 1
101664 109880 1
104899 63746 1
104899 85954 1
104899 86657 1
104899 98874 1
104899 104900 1
104899 104901 1
104899 104903 1
104899 109880 1
104899 117030 1
117030 63746 1
117030 66767 1
117030 78111 1
117030 104899 1
117030 109880 1
117030 112905 1
117030 112906 1
117030 112907 1
117030 117028 1
117030 123171 1
80522 113896 1
86430 84371 1
86430 85612 1
86430 88019 1
86430 97003 1
86430 98874 1
86430 106196 1
86430 106328 1
86430 113865 1
86430 113896 1
77764 46909 1
77764 94598 1
77764 112860 1
85942 46909 1
85942 58847 1
85942 83465 1
85942 85941 1
85942 106663 1
85942 107003 1
85942 107007 1
93974 29889 1
93974 46909 1
93974 58773 1
93974 81982 1
93974 88662 1
93974 90549 1
93974 94601 1
93974 95457 1
93974 104482 2
93974 104483 1
93974 105438 1
93974 105439 1
93974 107823 1
93974 115649 1
93974 118572 1
93974 127023 1
94598 46909 1
94598 77764 1
94601 46909 1
94601 84345 1
94601 93974 1
94601 95457 1
94601 107823 1
95457 46909 1
95457 93974 1
95457 94601 1
95457 95455 1
95457 95456 1
95457 95458 2
95457 107823 1
95855 17224 1
95855 46909 1
95855 99928 1
95855 111842 1
95855 126353 1
99928 46909 1
99928 95855 1
99928 126353 1
106663 46909 1
106663 68566 1
106663 85942 1
106663 106664 1
107823 46909 1
107823 93974 1
107823 94601 1
107823 95457 1
126353 46909 1
126353 65091 1
126353 95855 1
126353 99928 1
126353 111192 1
126353 111193 2
100940 100939 1
100940 104901 1
100940 109609 1
109606 109609 1
98719 109732 1
98719 116700 1
116700 98719 1
116700 109432 1
116700 109732 1
116700 116698 1
116700 116701 1
29889 17224 1
29889 49353 1
29889 58773 1
29889 86657 1
29889 88662 1
29889 93974 1
43329 43328 1
43329 58773 1
43329 58987 1
43329 63120 1
43329 79847 1
43329 84343 1
43329 90480 1
43329 114745 1
43329 115457 1
63030 58773 1
63030 63031 1
63031 58773 1
63031 58837 1
63031 63030 1
63031 64360 1
63031 83449 1
63120 43329 1
63120 49808 1
63120 58773 1
63120 79415 1
63120 90480 1
63120 102507 1
63120 109916 1
63120 114745 1
84296 58773 1
84345 58773 1
84345 94601 1
88662 29889 1
88662 58773 1
88662 84799 1
88662 93974 1
90480 43329 1
90480 58773 1
90480 63120 1
90480 114745 1
114745 43329 1
114745 49724 1
114745 58773 1
114745 63120 1
114745 90480 1
75449 49353 1
75449 83449 1
75449 88479 1
75449 125398 1
106332 83449 1
28053 34799 1
28053 37166 1
37166 28053 1
37166 28258 1
37166 34799 1
37166 123130 1
83152 98204 1
83152 116784 1
96644 98204 1
96644 106081 1
96644 111082 1
106081 96644 1
106081 98204 1
106081 106083 1
106081 111082 1
111082 96644 1
111082 98204 1
111082 106081 1
116784 83152 1
116784 98204 1
86431 45381 1
86431 54507 1
86431 57389 1
86431 109453 1
86431 118817 1
86431 119637 1
95456 95455 1
95456 95457 1
95456 95458 1
95456 109024 1
95456 118817 1
101341 109615 1
101341 118817 1
109024 95456 1
109024 118817 1
109453 86428 1
109453 86431 1
109453 118817 1
109453 119637 1
109615 101341 1
109615 118817 1
119637 86431 1
119637 109453 1
119637 118817 1
60746 80525 1
60746 85613 1
60746 85651 1
60746 86657 1
60746 106571 1
60746 119312 1
60746 119523 1
80525 60746 1
80525 85613 1
80525 85651 1
80525 86657 1
80525 106571 1
80525 119312 1
80525 119523 1
85613 60746 1
85613 80525 1
85613 85651 1
85613 86657 1
85613 106571 1
85613 119312 1
85613 119523 1
85651 60746 1
85651 80525 1
85651 85613 1
85651 86657 1
85651 106571 1
85651 119312 1
85651 119523 1
86657 17224 1
86657 29889 1
86657 49353 1
86657 60746 1
86657 80525 1
86657 85613 1
86657 85651 1
86657 85954 1
86657 98874 1
86657 104899 1
86657 104900 1
86657 104901 1
86657 104903 1
86657 106571 1
86657 115649 1
86657 119312 1
86657 119523 1
106571 60746 1
106571 80525 1
106571 85613 1
106571 85651 1
106571 86657 1
106571 119312 1
106571 119523 1
119312 60746 1
119312 80525 1
119312 85613 1
119312 85651 1
119312 86657 1
119312 106571 1
119312 119523 1
119524 119523 1
30306 31363 1
30306 33119 1
30306 38854 1
30306 41324 1
30306 45141 1
30306 46233 1
30306 46929 1
30306 47803 1
30306 49715 1
30306 56058 1
30306 57262 1
30306 58800 1
30306 62337 1
31363 30306 1
31363 33119 1
31363 38854 1
31363 41324 1
31363 45141 1
31363 46233 1
31363 46929 1
31363 47803 1
31363 49715 1
31363 56058 1
31363 57262 1
31363 58800 1
31363 62337 1
33119 30306 1
33119 31363 1
33119 38854 1
33119 41324 1
33119 45141 1
33119 46233 1
33119 46929 1
33119 47803 1
33119 49715 1
33119 56058 1
33119 57262 1
33119 58800 1
33119 62337 1
38854 30306 1
38854 31363 1
38854 33119 1
38854 41324 1
38854 45141 1
38854 46233 1
38854 46929 1
38854 47803 1
38854 49715 1
38854 56058 1
38854 57262 1
38854 58800 1
38854 62337 1
41324 30306 1
41324 31363 1
41324 33119 1
41324 38854 1
41324 45141 1
41324 46233 1
41324 46929 1
41324 47803 1
41324 49715 1
41324 56058 1
41324 57262 1
41324 58800 1
41324 62337 1
45141 30306 1
45141 31363 1
45141 33119 1
45141 38854 1
45141 41324 1
45141 46233 1
45141 46929 1
45141 47803 1
45141 49715 1
45141 56058 1
45141 57262 1
45141 58800 1
45141 62337 1
46233 30306 1
46233 31363 1
46233 33119 1
46233 38854 1
46233 41324 1
46233 45141 1
46233 46929 1
46233 47803 1
46233 49715 1
46233 56058 1
46233 57262 1
46233 58800 1
46233 62337 1
46929 30306 1
46929 31363 1
46929 33119 1
46929 38854 1
46929 41324 1
46929 45141 1
46929 46233 1
46929 47803 1
46929 49715 1
46929 56058 1
46929 57262 1
46929 58800 1
46929 62337 1
47803 30306 1
47803 31363 1
47803 33119 1
47803 38854 1
47803 41324 1
47803 45141 1
47803 46233 1
47803 46929 1
47803 49715 1
47803 53069 1
47803 56058 1
47803 57262 1
47803 58800 1
47803 62337 1
56058 30306 1
56058 31363 1
56058 33119 1
56058 38854 1
56058 41324 1
56058 45141 1
56058 46233 1
56058 46929 1
56058 47803 1
56058 49715 1
56058 57262 1
56058 58800 1
56058 62337 1
57262 30306 1
57262 31363 1
57262 33119 1
57262 38854 1
57262 41324 1
57262 45141 1
57262 46233 1
57262 46929 1
57262 47803 1
57262 49715 1
57262 56058 1
57262 58800 1
57262 62337 1
58800 30306 1
58800 31363 1
58800 33119 1
58800 38854 1
58800 41324 1
58800 45141 1
58800 46233 1
58800 46929 1
58800 47803 1
58800 49715 1
58800 56058 1
58800 57262 1
58800 62337 1
62337 30306 1
62337 31363 1
62337 33119 1
62337 38854 1
62337 41324 1
62337 45141 1
62337 46233 1
62337 46929 1
62337 47803 1
62337 49715 1
62337 56058 1
62337 57262 1
62337 58800 1
73155 60049 1
24766 83428 1
73187 74645 1
73187 83428 1
74645 73187 1
74645 75896 1
74645 79736 1
74645 83428 1
74645 85654 1
74645 88033 1
75896 74645 1
75896 79736 1
75896 83428 1
75896 88033 1
79067 83428 1
79067 104507 1
79736 74645 1
79736 75896 1
79736 83428 1
79736 88033 2
88033 74645 1
88033 75896 1
88033 79736 2
88033 83428 1
41279 63116 1
41279 64340 1
41279 66015 1
41279 80093 1
41279 83613 1
41279 125002 1
41279 125387 1
63116 41279 1
63116 64340 1
63116 66015 1
63116 80093 1
63116 83613 1
63116 125002 1
63116 125387 1
66015 41279 1
66015 63116 1
66015 64340 1
66015 80093 1
66015 83613 1
66015 125002 1
66015 125387 1
66015 125398 1
83613 41279 1
83613 63116 1
83613 64340 1
83613 66015 1
83613 80093 1
83613 125002 1
83613 125387 1
125002 41279 1
125002 63116 1
125002 64340 1
125002 66015 1
125002 80093 1
125002 83613 1
125002 125387 1
125387 41279 1
125387 63116 1
125387 64340 1
125387 66015 1
125387 80093 1
125387 83613 1
125387 125002 1
57721 82408 1
82407 82408 1
82407 82409 1
82409 82407 1
82409 82408 1
83234 86435 1
83234 123863 1
81319 94337 1
81319 100035 1
100035 81319 1
100035 94337 1
101399 94337 1
101399 101400 1
101399 105283 1
101399 121527 1
101400 94337 1
101400 101399 1
101400 105283 1
101400 121527 1
105283 94337 1
105283 101399 1
105283 101400 1
105283 121527 1
121527 94337 1
121527 101399 1
121527 101400 1
121527 105283 1
60890 72530 1
60890 86428 1
60890 106327 1
60890 106328 1
72530 60890 1
72530 106327 1
72530 106328 1
82237 106328 1
106327 60890 1
106327 72530 1
106327 106328 1
28005 53215 1
28005 64360 1
64360 28005 1
64360 53215 1
64360 58837 1
64360 63031 1
51062 72691 1
51062 73538 1
51062 80690 1
51062 125191 2
72691 51062 1
72691 73538 1
74806 101820 1
74806 101877 1
101877 74806 1
101877 101820 1
76777 49354 1
76777 88659 1
76777 100838 1
80690 49354 1
80690 51062 1
80690 116498 1
80690 125191 2
116498 49354 1
116498 80690 1
116498 125191 1
125191 49354 1
125191 51062 2
125191 80690 2
125191 116498 1
106083 66767 1
106083 106081 1
106083 119717 1
117028 66767 1
117028 117030 1
117028 123171 1
119717 66767 1
119717 106083 1
123171 56432 1
123171 66767 1
123171 81982 1
123171 117028 1
123171 117030 1
123171 118279 1
125178 66767 1
85694 70717 1
44779 83455 1
84343 43328 1
84343 43329 1
84343 58846 1
84343 83455 1
84343 84341 1
84343 84342 1
84343 115457 1
61231 79028 1
61231 84299 1
79028 61231 1
79028 84299 1
112906 78111 1
112906 81327 1
112906 86428 1
112906 104482 1
112906 112905 1
112906 112907 1
112906 117030 1
118522 48286 1
118522 86428 1
60882 80244 1
60882 89296 1
60882 95910 1
60882 100939 1
60882 123722 1
80244 60882 1
80244 89296 1
80244 95910 1
80244 100939 1
80244 123722 1
95910 60882 1
95910 80244 1
95910 89296 1
95910 100939 1
95910 123722 1
100939 60882 1
100939 80244 1
100939 89296 1
100939 95910 1
100939 100940 1
100939 104901 1
100939 123722 1
123722 60882 1
123722 80244 1
123722 89296 1
123722 95910 1
123722 100939 1
117783 58818 1
56432 118279 1
56432 123171 1
66513 61228 1
50812 81327 1
50812 92936 1
81327 50812 1
81327 92936 1
81327 104482 1
81327 112906 1
59494 79020 1
59494 94787 1
59494 94789 1
59494 94791 1
59494 94792 1
59494 94793 1
79020 59494 1
79020 88034 1
79020 89291 1
79020 94787 1
79020 94789 1
79020 94791 1
79020 94792 1
79020 94793 1
79020 97918 1
94787 59494 1
94787 79020 1
94787 94789 1
94787 94791 1
94787 94792 1
94787 94793 1
94789 59494 1
94789 79020 1
94789 94787 1
94789 94791 1
94789 94792 1
94789 94793 1
94791 59494 1
94791 79020 1
94791 94787 1
94791 94789 1
94791 94792 1
94791 94793 1
94793 59494 1
94793 79020 1
94793 94787 1
94793 94789 1
94793 94791 1
94793 94792 1
53449 61805 1
53449 94570 1
53449 101664 1
61805 53449 1
61805 64637 1
61805 69195 1
61805 72759 1
61805 94570 1
61805 98712 1
61805 101664 1
94570 53449 1
94570 61805 1
94570 101664 1
85954 86657 1
85954 98874 1
85954 104899 1
85954 104900 1
85954 104901 1
85954 104903 1
98874 85954 1
98874 86430 1
98874 86657 1
98874 104899 1
98874 104900 1
98874 104901 1
98874 104903 1
98874 106196 1
98874 109429 1
104900 85954 1
104900 86657 1
104900 98874 1
104900 104899 1
104900 104901 1
104900 104903 1
104901 85954 1
104901 86657 1
104901 98874 1
104901 100939 1
104901 100940 1
104901 104899 1
104901 104900 1
104901 104903 1
104903 85954 1
104903 86657 1
104903 98874 1
104903 104899 1
104903 104900 1
104903 104901 1
78111 112905 1
78111 112906 1
78111 112907 1
78111 117030 1
112905 78111 1
112905 112906 1
112905 112907 1
112905 117030 1
112907 78111 1
112907 112905 1
112907 112906 1
112907 117030 1
84371 86430 1
84371 88019 1
84371 113865 1
85612 86430 1
85612 97003 1
88019 84371 1
88019 86430 1
88019 113865 1
97003 85612 1
97003 86430 1
106196 86430 1
106196 98874 1
113865 84371 1
113865 86430 1
113865 88019 1
112860 77764 1
58847 85942 1
58847 107003 1
58847 107007 1
83465 85941 1
83465 85942 1
85941 83465 1
85941 85942 1
107003 58847 1
107003 85942 1
107003 107007 1
107007 58847 1
107007 85942 1
107007 107003 1
81982 93974 1
81982 104482 2
81982 105438 1
81982 105439 1
81982 115649 1
81982 118572 1
81982 123171 1
81982 127023 1
90549 93974 1
90549 104483 1
104482 81327 1
104482 81982 2
104482 93974 2
104482 105438 1
104482 105439 1
104482 112906 1
104482 115649 1
104482 118572 1
104482 127023 1
104483 90549 1
104483 93974 1
105438 81982 1
105438 93974 1
105438 104482 1
105438 105439 1
105438 115649 1
105438 118572 1
105438 127023 1
105439 81982 1
105439 93974 1
105439 104482 1
105439 105438 1
105439 115649 1
105439 118572 1
105439 127023 1
115649 81982 1
115649 86657 1
115649 93974 1
115649 104482 1
115649 105438 1
115649 105439 1
115649 118572 2
115649 127023 1
118572 81982 1
118572 93974 1
118572 104482 1
118572 105438 1
118572 105439 1
118572 114683 1
118572 115649 2
118572 116698 1
118572 127023 1
127023 81982 1
127023 93974 1
127023 104482 1
127023 105438 1
127023 105439 1
127023 115649 1
127023 118572 1
95455 95456 1
95455 95457 1
95455 95458 1
95458 95455 1
95458 95456 1
95458 95457 2
17224 29889 1
17224 49353 1
17224 86657 1
17224 95855 1
111842 95855 1
68566 106663 1
68566 106664 1
106664 68566 1
106664 106663 1
65091 42184 1
65091 68402 1
65091 69160 1
65091 69916 1
65091 126353 1
111192 111193 1
111192 126353 1
111193 111192 1
111193 126353 2
109432 116698 1
109432 116700 1
109432 116701 1
116698 109432 1
116698 116700 1
116698 116701 1
116698 118572 1
116701 109432 1
116701 116698 1
116701 116700 1
49353 17224 1
49353 29889 1
49353 75449 1
49353 86657 1
49353 125398 1
43328 43329 1
43328 84343 1
43328 115457 1
58987 43329 1
58987 79847 1
79847 43329 1
79847 58987 1
115457 43328 1
115457 43329 1
115457 84343 1
58837 38252 1
58837 63031 1
58837 64360 1
49808 63120 1
49808 79415 1
79415 49808 1
79415 63120 1
102507 63120 1
102507 109916 1
109916 63120 1
109916 102507 1
84799 88662 1
49724 114745 1
88479 75449 1
125398 49353 1
125398 66015 1
125398 75449 1
28258 37166 1
28258 123130 1
123130 28258 1
123130 37166 1
45381 54507 1
45381 57389 1
45381 86431 1
54507 45381 1
54507 57389 1
54507 86431 1
57389 45381 1
57389 54507 1
57389 86431 1
53069 47803 1
85654 74645 1
104507 79067 1
123863 83234 1
88659 76777 1
88659 100838 1
100838 76777 1
100838 88659 1
58846 84341 1
58846 84342 1
58846 84343 1
84341 58846 1
84341 84342 1
84341 84343 1
84342 58846 1
84342 84341 1
84342 84343 1
48286 118522 1
88034 79020 1
88034 89291 1
88034 97918 1
89291 79020 1
89291 88034 1
89291 97918 1
97918 79020 1
97918 88034 1
97918 89291 1
64637 61805 1
64637 69195 1
64637 72759 1
64637 98712 1
69195 61805 1
69195 64637 1
69195 72759 1
69195 98712 1
72759 61805 1
72759 64637 1
72759 69195 1
72759 98712 1
98712 61805 1
98712 64637 1
98712 69195 1
98712 72759 1
109429 98874 1
114683 118572 1
42184 65091 1
42184 68402 1
42184 69160 1
42184 69916 1
68402 42184 1
68402 65091 1
68402 69160 1
68402 69916 1
69160 42184 1
69160 58897 1
69160 65091 1
69160 68402 1
69160 69916 1
69160 77487 1
69916 42184 1
69916 65091 1
69916 68402 1
69916 69160 1
38252 58837 1
58897 69160 1
58897 77487 1
77487 58897 1
77487 69160 1
69391 69392 1
69391 69393 1
69391 118351 1
69392 69391 1
69392 69393 1
69392 118351 1
69393 69391 1
69393 69392 1
69393 118351 1
