113289 111555 1
111555 33772 1
111555 47499 1
111555 85033 1
111555 111556 1
111555 113289 1
111555 115264 1
33772 47499 1
33772 111555 1
47499 33772 1
47499 111555 1
85033 45727 1
85033 47907 1
85033 55975 1
85033 60444 1
85033 63296 1
85033 64442 2
85033 64931 3
85033 66696 1
85033 69129 1
85033 80306 1
85033 83807 1
85033 84013 1
85033 86405 1
85033 89414 1
85033 91860 1
85033 92579 1
85033 96566 1
85033 100858 1
85033 102022 1
85033 104198 1
85033 111112 1
85033 111535 1
85033 111555 1
85033 111556 1
85033 114388 1
85033 117343 1
85033 119942 1
111556 85033 1
111556 86077 1
111556 88543 1
111556 103470 1
111556 111555 1
115264 85076 1
115264 111555 1
115264 115265 1
45727 44416 1
45727 50087 1
45727 55756 1
45727 67955 1
45727 85033 1
45727 86405 1
45727 90529 1
45727 94315 1
45727 98338 1
45727 98640 1
45727 100858 1
47907 10774 1
47907 43350 1
47907 45465 1
47907 47896 1
47907 49405 1
47907 65550 1
47907 69649 1
47907 70276 1
47907 71275 1
47907 71545 1
47907 71548 1
47907 71689 1
47907 74059 1
47907 76545 1
47907 76546 1
47907 80474 1
47907 81913 1
47907 85033 1
55975 84013 1
55975 85033 1
55975 110829 1
55975 121759 1
60444 48375 1
60444 59680 1
60444 63410 1
60444 63420 1
60444 64931 1
60444 67152 1
60444 71968 1
60444 71969 1
60444 73429 1
60444 73615 1
60444 74537 1
60444 80848 1
60444 85033 1
60444 88187 1
60444 89427 1
60444 91337 1
60444 102022 1
60444 103113 1
60444 105385 1
63296 47331 1
63296 60933 1
63296 63763 1
63296 68993 2
63296 69129 1
63296 78444 2
63296 79580 1
63296 83807 1
63296 84571 1
63296 85033 1
63296 86065 2
63296 90299 1
63296 94344 1
63296 94804 1
63296 101978 1
63296 102424 1
63296 105584 1
63296 114895 1
63296 117792 1
63296 123894 1
64442 34669 1
64442 76258 1
64442 80131 1
64442 80306 1
64442 81080 1
64442 85033 2
64442 87073 1
64442 93315 1
64442 103743 1
64442 103969 1
64442 103970 1
64442 103971 1
64442 103972 1
64442 103973 4
64442 103974 1
64442 104198 1
64442 104199 1
64442 105543 1
64442 106283 1
64442 107361 1
64442 107572 1
64442 111112 2
64442 116323 1
64442 117343 2
64442 117552 1
64442 118896 1
64442 119333 1
64442 124563 1
64931 47755 1
64931 49500 1
64931 56752 1
64931 57037 1
64931 59197 1
64931 60444 1
64931 61434 1
64931 64276 1
64931 74305 1
64931 74357 1
64931 75687 1
64931 76261 1
64931 78248 1
64931 80391 1
64931 81718 1
64931 84765 1
64931 85033 3
64931 89850 1
64931 91860 1
64931 96194 1
64931 97547 1
64931 100039 1
64931 102022 1
64931 103107 1
64931 103281 1
64931 103893 1
64931 107633 1
64931 107634 1
64931 108391 1
64931 114089 1
64931 114377 2
64931 114378 2
66696 67149 1
66696 80682 1
66696 80683 1
66696 80684 1
66696 80685 2
66696 80687 1
66696 85033 1
66696 85946 1
66696 88314 1
66696 92404 1
66696 92579 1
66696 96565 1
66696 100574 1
69129 40376 1
69129 63296 1
69129 65897 1
69129 70247 1
69129 76788 1
69129 83807 1
69129 85033 1
69129 92496 1
69129 92497 1
69129 95267 1
69129 98071 1
69129 117821 1
69129 126117 1
80306 55759 1
80306 58817 1
80306 64118 1
80306 64442 1
80306 69758 1
80306 72676 1
80306 80307 1
80306 83521 1
80306 85033 1
80306 90871 1
80306 94218 1
80306 104198 1
80306 105049 1
80306 106028 1
80306 111112 1
83807 59562 1
83807 61879 1
83807 63296 1
83807 69129 1
83807 70048 1
83807 72516 1
83807 75767 1
83807 75768 3
83807 77794 1
83807 80129 1
83807 80447 1
83807 81231 1
83807 82773 4
83807 82886 1
83807 83808 1
83807 83809 2
83807 83811 1
83807 83812 1
83807 85033 1
83807 90332 2
83807 91580 1
83807 91868 1
83807 94333 1
83807 118369 1
83807 118657 1
83807 123493 1
83807 124109 1
84013 55975 1
84013 81855 1
84013 84014 1
84013 85033 1
84013 106011 1
86405 45727 1
86405 71732 1
86405 85033 1
86405 100858 1
86405 117985 1
86405 119716 1
86405 121441 1
89414 62197 1
89414 85033 1
89414 96566 1
89414 111535 1
89414 114388 1
91860 64931 1
91860 85033 1
92579 66696 1
92579 85033 1
96566 64276 1
96566 85033 1
96566 89414 1
96566 96565 1
96566 111535 1
96566 114388 1
96566 123113 1
100858 39530 1
100858 45727 1
100858 51344 1
100858 62420 1
100858 70500 1
100858 73811 1
100858 75569 1
100858 81230 1
100858 85033 1
100858 86405 1
100858 86796 1
100858 89096 1
100858 90026 1
100858 96134 1
100858 96546 1
100858 97752 1
100858 102119 1
100858 107673 1
100858 113212 1
102022 56646 1
102022 58653 1
102022 60444 1
102022 61116 1
102022 61774 1
102022 63717 1
102022 63723 1
102022 64388 2
102022 64391 2
102022 64931 1
102022 65678 1
102022 68652 1
102022 69956 1
102022 74302 1
102022 75388 1
102022 75943 1
102022 75948 1
102022 81060 1
102022 82520 1
102022 83185 1
102022 85033 1
102022 85911 1
102022 87837 1
102022 91344 1
102022 92074 1
102022 92705 2
102022 92706 1
102022 93743 1
102022 93746 1
102022 94054 1
102022 99271 1
102022 100513 1
102022 101333 1
102022 102006 1
102022 102018 1
102022 102020 1
102022 104395 1
102022 104537 1
102022 105429 1
102022 115287 1
102022 115423 1
102022 116629 1
102022 120727 1
102022 124504 1
102022 125075 1
102022 125486 2
102022 127761 1
104198 64126 1
104198 64442 1
104198 80306 1
104198 80820 1
104198 80966 1
104198 81985 1
104198 85033 1
104198 87233 1
104198 88474 1
104198 88484 1
104198 90619 1
104198 93411 1
104198 101053 1
104198 104197 1
104198 104209 1
104198 104210 1
104198 104902 1
104198 105440 1
104198 106320 1
104198 111112 1
104198 111202 1
111112 64442 2
111112 68755 1
111112 80306 1
111112 85033 1
111112 93439 1
111112 97743 1
111112 104198 1
111112 105543 1
111112 106060 1
111112 108376 2
111112 112039 1
111112 118375 1
111535 76266 1
111535 85033 1
111535 89414 1
111535 94245 1
111535 96566 1
111535 109763 1
111535 109764 1
111535 114388 1
111535 115554 1
114388 85033 1
114388 89414 1
114388 96566 1
114388 111535 1
117343 64442 2
117343 85033 1
119942 85033 1
119942 113859 1
86077 88543 1
86077 103470 1
86077 111556 1
88543 61879 1
88543 72554 4
88543 77610 1
88543 77624 1
88543 81843 1
88543 81844 1
88543 85782 1
88543 86077 1
88543 88538 1
88543 95267 1
88543 98116 3
88543 98117 3
88543 102991 1
88543 103470 1
88543 111556 1
88543 113382 4
88543 113383 1
88543 114916 1
88543 126174 1
103470 86077 1
103470 88543 1
103470 111556 1
85076 69540 1
85076 87295 1
85076 89581 1
85076 89582 1
85076 89583 1
85076 89584 1
85076 104810 1
85076 106758 1
85076 115264 1
85076 115265 1
85076 116923 1
115265 85076 1
115265 115264 1
44416 45727 1
44416 107673 1
50087 45727 1
50087 51509 1
50087 67955 1
50087 94315 1
50087 98338 1
50087 98640 2
50087 119331 1
50087 119332 1
55756 45727 1
67955 45727 1
67955 50087 1
67955 52982 1
67955 94315 1
67955 98338 1
67955 98640 1
67955 118841 1
67955 123746 1
90529 45727 1
94315 45727 1
94315 50087 1
94315 66384 1
94315 67955 1
94315 98338 1
94315 98640 1
94315 118027 1
98338 45727 1
98338 50087 1
98338 67955 1
98338 76748 1
98338 94315 1
98338 98640 1
98640 45727 1
98640 50087 2
98640 67955 1
98640 90557 1
98640 94315 1
98640 98338 1
10774 43350 1
10774 45465 1
10774 47896 1
10774 47907 1
10774 49405 1
10774 56953 1
10774 65550 1
10774 69649 1
10774 71689 1
10774 74059 1
10774 80474 1
43350 10774 1
43350 44223 1
43350 45465 1
43350 47896 1
43350 47907 1
43350 49405 1
43350 63625 1
43350 65550 1
43350 69649 1
43350 71689 1
43350 74059 1
43350 78873 1
43350 80474 1
45465 10774 1
45465 43350 1
45465 47896 1
45465 47907 1
45465 49405 1
45465 65550 1
45465 69649 1
45465 71689 1
45465 74059 1
45465 80474 1
45465 83244 1
47896 10774 1
47896 43350 1
47896 45465 1
47896 47907 1
47896 49405 1
47896 65550 1
47896 69649 1
47896 71689 1
47896 74059 1
47896 80474 1
49405 10774 1
49405 43350 1
49405 45465 1
49405 47896 1
49405 47907 1
49405 54485 1
49405 65550 1
49405 69649 1
49405 71689 1
49405 74059 1
49405 80474 1
65550 10774 1
65550 43350 1
65550 45465 1
65550 47896 1
65550 47907 1
65550 49405 1
65550 69649 1
65550 71689 1
65550 74059 1
65550 80474 1
69649 10774 1
69649 43350 1
69649 45465 1
69649 47896 1
69649 47907 1
69649 49405 1
69649 63267 1
69649 65550 1
69649 71273 1
69649 71274 1
69649 71275 1
69649 71277 1
69649 71280 1
69649 71689 1
69649 74059 1
69649 80474 1
69649 122821 1
70276 44578 1
70276 47907 1
70276 65455 1
70276 71016 1
70276 71275 2
70276 71545 3
70276 71548 1
70276 76545 1
70276 76546 1
70276 81913 1
70276 122529 1
70276 122733 1
70276 123288 1
70276 123332 1
70276 123333 2
70276 124105 1
71275 47907 1
71275 53219 1
71275 60815 1
71275 68295 1
71275 69649 1
71275 70275 1
71275 70276 2
71275 71016 2
71275 71273 2
71275 71274 1
71275 71277 2
71275 71280 2
71275 71542 1
71275 71545 1
71275 71548 1
71275 71796 1
71275 76545 1
71275 76546 1
71275 77483 1
71275 81913 1
71275 122529 2
71275 122821 1
71275 122824 1
71275 123269 1
71275 123288 3
71275 123333 2
71275 123508 1
71545 44578 1
71545 47907 1
71545 70276 3
71545 71275 1
71545 71548 1
71545 76545 1
71545 76546 1
71545 81913 1
71545 122733 1
71545 123332 3
71545 123333 2
71548 47907 1
71548 70276 1
71548 71275 1
71548 71545 1
71548 76545 1
71548 76546 1
71548 81913 1
71689 10774 1
71689 43350 1
71689 45465 1
71689 47896 1
71689 47907 1
71689 49405 1
71689 65550 1
71689 69649 1
71689 74059 1
71689 80474 1
74059 10774 1
74059 43350 1
74059 45465 1
74059 47896 1
74059 47907 1
74059 49405 1
74059 65550 1
74059 69649 1
74059 71689 1
74059 80474 1
76545 47907 1
76545 70276 1
76545 71275 1
76545 71545 1
76545 71548 1
76545 76546 1
76545 81913 1
76546 47907 1
76546 70276 1
76546 71275 1
76546 71545 1
76546 71548 1
76546 76545 1
76546 81913 1
80474 10774 1
80474 43350 1
80474 45465 1
80474 47896 1
80474 47907 1
80474 49405 1
80474 65550 1
80474 69649 1
80474 71689 1
80474 74059 1
81913 47907 1
81913 64776 1
81913 70276 1
81913 71275 1
81913 71545 1
81913 71548 1
81913 72959 1
81913 76545 1
81913 76546 1
81913 81914 1
110829 55975 1
110829 96873 1
110829 99601 1
110829 106155 1
110829 110830 1
110829 112767 1
110829 114899 1
110829 121759 1
121759 55975 1
121759 110829 1
48375 60444 1
59680 60444 1
59680 67152 1
59680 73429 1
59680 73615 1
59680 74537 1
59680 80848 1
59680 88187 1
59680 91337 1
59680 103113 1
63410 60444 1
63410 62181 1
63410 73127 1
63410 85911 1
63410 98004 1
63410 98009 1
63410 98010 1
63410 99173 1
63410 101443 1
63410 105385 1
63410 105881 1
63410 109653 1
63420 60444 1
63420 64276 1
63420 71968 1
63420 71969 1
63420 113212 1
67152 59680 1
67152 60444 1
67152 73429 1
67152 73615 1
67152 74537 1
67152 80848 1
67152 88187 1
67152 91337 1
67152 103113 1
67152 108059 1
71968 60444 1
71968 63420 1
71968 71969 2
71968 102006 1
71968 117104 1
71969 60444 1
71969 63420 1
71969 71968 2
73429 59680 1
73429 60444 1
73429 67152 1
73429 73615 1
73429 74537 1
73429 80848 1
73429 88187 1
73429 91337 1
73429 103113 1
73615 59680 1
73615 60444 1
73615 67152 1
73615 73429 1
73615 74537 1
73615 80848 1
73615 88187 1
73615 91337 1
73615 103113 1
74537 59680 1
74537 60444 1
74537 67152 1
74537 73429 1
74537 73615 1
74537 80848 1
74537 88187 1
74537 91337 1
74537 103113 1
80848 59680 1
80848 60444 1
80848 61439 1
80848 67152 1
80848 73429 1
80848 73615 1
80848 74537 1
80848 88187 1
80848 91337 1
80848 103113 1
88187 59680 1
88187 60444 1
88187 67152 1
88187 73429 1
88187 73615 1
88187 74537 1
88187 80848 1
88187 91337 1
88187 103113 1
89427 60444 1
89427 70662 1
89427 106813 1
91337 59680 1
91337 60444 1
91337 67152 1
91337 73429 1
91337 73615 1
91337 74537 1
91337 80848 1
91337 88187 1
91337 89707 1
91337 89708 1
91337 103113 1
91337 111304 1
103113 59680 1
103113 60444 1
103113 67152 1
103113 73429 1
103113 73615 1
103113 74537 1
103113 80848 1
103113 88187 1
103113 91337 1
103113 94054 1
103113 116292 1
105385 60444 1
105385 63410 1
105385 72065 1
47331 63296 1
47331 89008 1
47331 89009 1
60933 63296 1
60933 77084 1
60933 84571 2
60933 94344 2
60933 94804 1
63763 30803 1
63763 46028 1
63763 52952 1
63763 63296 1
63763 65273 1
68993 46028 1
68993 63296 2
68993 65273 1
68993 68990 1
68993 68991 1
68993 73586 1
68993 78444 1
68993 79580 1
68993 86065 4
68993 86995 1
68993 90299 1
68993 101978 2
68993 102424 2
68993 102425 1
68993 105584 1
68993 114895 1
68993 117792 1
78444 63296 2
78444 68993 1
78444 79580 1
78444 81523 1
78444 83849 1
78444 83850 1
78444 86065 1
78444 87062 1
78444 90299 1
78444 96777 2
78444 101978 1
78444 102424 4
78444 102425 6
78444 105584 1
78444 114895 1
78444 117792 1
79580 62811 1
79580 63296 1
79580 68993 1
79580 78248 1
79580 78444 1
79580 84571 1
79580 86065 1
79580 90299 1
79580 93122 1
79580 93633 1
79580 96242 1
79580 101978 1
79580 105186 1
79580 105584 1
79580 114895 1
79580 117792 1
84571 60933 2
84571 63296 1
84571 79580 1
84571 86995 1
84571 94344 1
84571 94804 1
84571 96242 1
86065 63296 2
86065 68993 4
86065 78444 1
86065 79580 1
86065 86064 1
86065 90299 1
86065 101978 2
86065 102424 1
86065 105584 1
86065 114895 1
86065 117792 1
90299 63296 1
90299 68993 1
90299 78444 1
90299 79580 1
90299 86065 1
90299 101978 1
90299 105584 1
90299 114895 1
90299 117792 1
94344 55507 1
94344 60933 2
94344 62606 1
94344 63296 1
94344 78453 1
94344 84571 1
94344 89074 1
94344 92163 1
94344 94804 1
94804 60933 1
94804 63296 1
94804 84571 1
94804 94344 1
101978 63296 1
101978 68993 2
101978 78444 1
101978 79580 1
101978 86065 2
101978 90299 1
101978 105584 1
101978 114895 1
101978 117792 1
101978 119305 1
102424 63296 1
102424 68993 2
102424 76832 1
102424 78444 4
102424 83849 1
102424 83850 1
102424 86065 1
102424 87062 1
102424 88817 1
102424 102425 5
102424 117792 1
105584 63296 1
105584 68993 1
105584 78444 1
105584 79580 1
105584 86065 1
105584 90299 1
105584 101978 1
105584 114895 1
105584 117792 1
114895 63296 1
114895 68993 1
114895 78444 1
114895 79580 1
114895 86065 1
114895 90299 1
114895 98561 1
114895 101978 1
114895 105584 1
114895 117792 1
117792 63296 1
117792 68993 1
117792 78444 1
117792 79580 1
117792 86065 1
117792 90299 1
117792 101978 1
117792 102424 1
117792 105584 1
117792 114895 1
123894 63296 1
123894 90608 1
123894 102174 1
123894 110146 1
123894 117954 1
123894 118826 1
34669 26562 1
34669 31253 1
34669 34670 1
34669 64442 1
34669 69668 1
34669 74480 1
34669 74484 1
34669 74567 2
34669 93110 1
34669 103969 1
34669 103970 5
34669 103971 1
34669 103972 3
34669 103973 1
34669 103974 1
34669 110827 1
76258 58652 1
76258 60032 1
76258 64442 1
76258 80779 1
76258 83204 1
76258 94093 1
76258 107021 1
76258 107361 1
76258 118896 1
76258 119333 1
80131 64442 1
81080 64442 1
81080 96040 2
87073 64442 1
87073 101762 1
87073 104199 1
87073 106283 1
87073 116323 1
93315 63433 1
93315 64442 1
93315 76935 1
93315 85407 1
93315 92497 1
93315 100863 1
93315 100959 1
93315 101805 1
93315 102449 1
93315 103481 1
93315 112039 1
93315 113109 1
93315 114996 1
103743 64442 1
103743 80037 1
103969 34669 1
103969 64442 1
103969 103970 1
103969 103971 1
103969 103972 1
103969 103973 1
103969 103974 1
103970 34669 5
103970 64442 1
103970 103969 1
103970 103971 1
103970 103972 3
103970 103973 1
103970 103974 1
103970 110827 1
103971 34669 1
103971 64442 1
103971 103969 1
103971 103970 1
103971 103972 1
103971 103973 1
103971 103974 1
103972 34669 3
103972 64442 1
103972 103969 1
103972 103970 3
103972 103971 1
103972 103973 1
103972 103974 1
103972 106022 1
103973 34669 1
103973 64442 4
103973 103969 1
103973 103970 1
103973 103971 1
103973 103972 1
103973 103974 1
103973 107572 1
103974 34669 1
103974 64442 1
103974 103969 1
103974 103970 1
103974 103971 1
103974 103972 1
103974 103973 1
104199 64442 1
104199 87073 1
104199 106283 1
104199 116323 1
105543 64442 1
105543 105538 1
105543 105539 1
105543 105545 1
105543 106182 1
105543 111112 1
105543 112938 1
106283 64442 1
106283 87073 1
106283 104199 1
106283 116323 1
107361 64442 1
107361 76258 1
107361 118896 1
107361 119333 1
107572 64442 1
107572 103973 1
116323 64442 1
116323 87073 1
116323 104199 1
116323 106283 1
116323 113161 1
116323 116322 1
116323 119173 1
117552 64442 1
118896 64442 1
118896 76258 1
118896 107361 1
118896 119333 1
119333 64442 1
119333 76258 1
119333 107361 1
119333 118896 1
124563 64442 1
47755 49500 1
47755 61434 1
47755 64931 1
47755 75687 1
47755 103893 1
47755 114089 1
49500 47755 1
49500 61434 1
49500 64931 1
49500 75687 1
49500 75688 1
49500 75689 1
49500 75690 1
49500 79716 1
49500 103893 1
49500 114089 1
56752 49389 1
56752 64931 1
56752 96194 1
56752 114943 1
57037 64931 1
57037 80391 1
57037 81718 1
57037 103107 1
57037 108391 1
59197 64931 1
59197 107634 1
61434 47755 1
61434 49500 1
61434 64931 1
61434 75687 1
61434 76685 1
61434 103893 1
61434 114089 1
64276 29585 1
64276 63420 1
64276 64931 1
64276 84765 1
64276 89850 1
64276 96565 1
64276 96566 1
64276 97547 1
64276 102711 1
64276 103281 1
64276 103324 1
64276 103325 1
64276 104912 1
64276 105348 1
64276 107633 1
64276 107634 2
64276 109763 2
64276 109764 1
64276 117104 1
64276 123113 1
74305 57276 1
74305 64931 1
74357 64931 1
74357 96591 1
74357 107634 1
74357 116904 1
74357 122427 1
75687 47755 1
75687 49500 1
75687 61434 1
75687 64931 1
75687 103893 1
75687 114089 1
76261 64931 1
76261 103281 1
78248 22397 1
78248 64931 1
78248 79580 1
78248 81523 1
78248 85358 1
78248 89670 1
80391 57037 1
80391 64931 1
80391 67747 1
80391 81718 1
80391 91678 1
80391 103107 1
80391 108391 1
81718 57037 1
81718 64931 1
81718 80391 1
81718 103107 1
81718 108391 1
84765 64276 1
84765 64931 1
84765 88079 1
84765 88658 1
84765 89850 1
84765 97547 1
84765 103870 1
84765 107633 1
84765 107634 1
89850 64276 1
89850 64931 1
89850 84765 1
89850 97547 1
89850 107633 1
89850 107634 1
96194 56752 1
96194 64931 1
97547 64276 1
97547 64931 1
97547 84765 1
97547 89850 1
97547 107633 1
97547 107634 1
100039 51467 1
100039 64931 1
100039 76897 1
100039 82102 1
100039 95403 1
100039 99649 1
100039 113886 1
100039 114296 1
100039 117797 1
100039 127629 1
103107 57037 1
103107 64931 1
103107 77367 1
103107 80391 1
103107 81718 1
103107 90619 1
103107 108126 1
103107 108391 1
103281 53946 1
103281 64276 1
103281 64931 1
103281 76261 1
103281 92507 1
103281 92508 1
103281 92509 1
103281 92510 1
103281 113872 1
103893 47755 1
103893 49500 1
103893 61434 1
103893 64931 1
103893 75687 1
103893 114089 1
107633 64276 1
107633 64931 1
107633 76788 1
107633 80377 1
107633 84765 1
107633 89850 1
107633 97547 1
107633 107634 3
107633 112699 1
107634 59197 1
107634 64276 2
107634 64931 1
107634 74357 1
107634 76788 1
107634 80377 1
107634 84765 1
107634 89850 1
107634 97547 1
107634 107633 3
107634 112699 1
108391 57037 1
108391 64931 1
108391 80391 1
108391 81718 1
108391 103107 1
114089 47755 1
114089 49500 1
114089 61434 1
114089 64931 1
114089 75687 1
114089 94004 1
114089 103893 1
114377 64931 2
114377 114378 2
114378 64931 2
114378 114377 2
67149 47456 1
67149 55624 1
67149 58817 1
67149 66696 1
67149 80682 1
67149 80683 1
67149 80684 1
67149 88314 1
67149 92404 1
67149 96565 1
67149 100574 1
80682 66696 1
80682 67149 1
80682 80683 1
80682 80684 1
80682 88314 1
80682 92404 1
80682 96565 1
80682 100574 1
80683 66696 1
80683 67149 1
80683 80682 1
80683 80684 1
80683 88314 1
80683 92404 1
80683 96565 1
80683 100574 1
80684 66696 1
80684 67149 1
80684 80682 1
80684 80683 1
80684 88314 1
80684 92404 1
80684 96565 1
80684 100574 1
80685 60521 1
80685 66696 2
80685 74370 1
80685 76274 1
80685 80687 1
80685 82314 1
80687 66696 1
80687 80685 1
85946 64956 1
85946 66696 1
88314 66696 1
88314 67149 1
88314 80682 1
88314 80683 1
88314 80684 1
88314 88315 1
88314 92404 1
88314 96565 1
88314 100574 1
92404 66696 1
92404 67149 1
92404 80682 1
92404 80683 1
92404 80684 1
92404 88314 1
92404 96565 1
92404 100574 1
92404 109166 1
96565 64276 1
96565 66696 1
96565 67149 1
96565 80682 1
96565 80683 1
96565 80684 1
96565 88314 1
96565 92404 1
96565 96566 1
96565 100574 1
96565 123113 1
100574 66696 1
100574 67149 1
100574 80682 1
100574 80683 1
100574 80684 1
100574 88314 1
100574 92404 1
100574 96565 1
40376 46025 1
40376 65201 1
40376 69129 1
40376 98071 1
40376 126117 1
65897 43262 1
65897 47537 1
65897 51913 1
65897 51914 1
65897 56279 1
65897 56581 1
65897 69129 1
65897 70247 1
65897 76788 1
65897 77973 1
65897 79320 1
65897 89204 1
65897 89205 1
65897 92496 1
65897 92497 1
65897 95267 1
70247 65897 1
70247 69129 1
70247 76788 1
70247 91580 1
70247 92496 1
70247 92497 1
70247 95267 1
70247 118217 1
70247 121732 1
70247 122429 1
76788 65897 1
76788 69129 1
76788 70247 1
76788 80377 1
76788 92496 1
76788 92497 1
76788 95267 1
76788 107633 1
76788 107634 1
92496 65897 1
92496 69129 1
92496 70247 1
92496 76788 1
92496 90332 1
92496 92497 1
92496 95267 1
92497 65897 1
92497 69129 1
92497 70247 1
92497 76788 1
92497 80027 1
92497 88536 1
92497 92496 1
92497 93315 1
92497 94803 1
92497 95267 1
95267 65897 1
95267 69129 1
95267 70247 1
95267 76788 1
95267 85782 1
95267 88543 1
95267 92496 1
95267 92497 1
95267 114916 1
98071 40376 1
98071 69129 1
98071 126117 1
117821 44491 1
117821 69129 1
117821 92218 1
117821 93216 1
117821 114118 1
126117 40376 1
126117 60184 1
126117 69129 1
126117 98071 1
126117 115076 1
55759 64126 1
55759 80306 1
55759 90871 1
55759 97851 1
58817 64118 1
58817 67149 1
58817 69758 1
58817 72676 1
58817 80306 1
58817 80307 1
58817 83521 1
58817 90871 1
58817 94218 1
58817 105049 1
58817 106028 1
64118 58817 1
64118 69758 1
64118 72676 1
64118 80306 1
64118 80307 1
64118 83521 1
64118 88474 1
64118 90871 1
64118 94218 1
64118 105049 1
64118 106028 1
69758 58817 1
69758 64118 1
69758 72676 1
69758 80306 1
69758 80307 1
69758 83521 1
69758 90871 1
69758 94218 1
69758 105049 1
69758 106028 1
72676 58817 1
72676 64118 1
72676 69758 1
72676 80306 1
72676 80307 1
72676 83521 1
72676 90871 1
72676 94218 1
72676 105049 1
72676 106028 1
80307 58817 1
80307 64118 1
80307 69758 1
80307 72676 1
80307 80306 1
80307 83521 1
80307 90871 1
80307 94218 1
80307 105049 1
80307 106028 1
83521 58817 1
83521 64118 1
83521 69758 1
83521 72676 1
83521 80306 1
83521 80307 1
83521 81934 1
83521 90871 1
83521 94218 1
83521 101857 1
83521 105049 1
83521 106028 1
90871 55759 1
90871 58817 1
90871 64118 1
90871 69758 1
90871 72676 1
90871 80306 1
90871 80307 1
90871 83521 1
90871 94218 1
90871 105049 1
90871 106028 1
94218 58817 1
94218 64118 1
94218 69758 1
94218 72676 1
94218 80306 1
94218 80307 1
94218 81985 1
94218 83521 1
94218 85383 1
94218 90871 1
94218 105049 1
94218 106028 1
105049 58817 1
105049 64118 1
105049 69758 1
105049 72676 1
105049 80306 1
105049 80307 1
105049 83521 1
105049 90871 1
105049 94218 1
105049 106028 1
106028 58817 1
106028 64118 1
106028 69758 1
106028 72676 1
106028 80306 1
106028 80307 1
106028 83521 1
106028 90871 1
106028 94218 1
106028 105049 1
59562 70469 1
59562 75768 1
59562 77612 1
59562 77614 1
59562 77615 1
59562 81231 1
59562 82773 1
59562 83807 1
59562 88535 1
59562 90332 1
59562 91580 1
59562 126300 1
61879 70048 1
61879 72554 1
61879 77610 2
61879 77624 1
61879 81231 1
61879 81843 1
61879 81844 1
61879 83807 1
61879 83808 1
61879 83809 1
61879 83811 1
61879 88543 1
61879 90332 1
61879 91580 1
61879 91868 1
61879 118369 1
61879 123493 1
61879 124109 1
61879 126174 1
70048 61879 1
70048 71513 1
70048 81231 2
70048 83807 1
70048 83808 1
70048 83809 1
70048 83811 1
70048 90332 1
70048 91580 2
70048 91868 1
70048 120384 1
70048 123493 1
70048 124109 1
72516 75767 1
72516 75768 1
72516 77794 1
72516 79257 1
72516 82773 1
72516 83807 1
72516 83809 2
72516 98844 1
72516 118369 1
72516 118657 2
72516 123493 1
75767 72516 1
75767 75768 1
75767 77794 1
75767 82773 1
75767 83807 1
75767 83809 1
75767 118369 1
75767 118657 1
75768 59562 1
75768 72516 1
75768 75767 1
75768 77794 1
75768 82773 3
75768 83807 3
75768 83809 1
75768 90332 1
75768 118369 1
75768 118657 1
77794 72516 1
77794 75767 1
77794 75768 1
77794 77793 1
77794 82773 1
77794 83807 1
77794 83809 1
77794 118369 3
77794 118657 1
80129 51226 1
80129 61339 1
80129 80057 1
80129 81448 1
80129 81988 1
80129 83807 1
80129 84508 1
80129 86011 1
80129 87812 1
80129 89279 1
80129 98268 1
80129 101655 1
80447 66608 1
80447 82347 1
80447 82886 1
80447 83807 1
81231 59562 1
81231 61879 1
81231 64182 1
81231 70048 2
81231 71513 1
81231 75176 1
81231 77624 1
81231 81230 1
81231 83807 1
81231 83808 1
81231 83809 1
81231 83811 1
81231 86163 7
81231 87254 1
81231 90332 1
81231 91580 2
81231 91868 4
81231 94447 1
81231 104587 1
81231 123493 3
81231 124109 1
82773 59562 1
82773 72516 1
82773 74567 1
82773 75767 1
82773 75768 3
82773 77794 1
82773 83807 4
82773 83809 1
82773 90332 1
82773 118369 1
82773 118657 1
82886 80447 1
82886 83807 1
83808 61879 1
83808 70048 1
83808 81231 1
83808 83807 1
83808 83809 1
83808 83811 1
83808 90332 1
83808 91580 1
83808 91868 1
83808 123493 1
83808 124109 1
83809 61879 1
83809 70048 1
83809 72516 2
83809 75767 1
83809 75768 1
83809 76399 1
83809 77794 1
83809 79257 1
83809 81231 1
83809 82773 1
83809 83807 2
83809 83808 1
83809 83811 1
83809 88535 1
83809 90332 1
83809 91580 1
83809 91868 1
83809 98844 1
83809 118369 1
83809 118657 2
83809 123493 1
83809 124109 1
83811 61879 1
83811 70048 1
83811 81231 1
83811 83807 1
83811 83808 1
83811 83809 1
83811 90332 1
83811 91580 1
83811 91868 2
83811 123493 1
83811 124109 1
83812 83807 1
83812 94333 1
90332 59562 1
90332 61879 1
90332 70048 1
90332 75768 1
90332 81231 1
90332 82773 1
90332 83807 2
90332 83808 1
90332 83809 1
90332 83811 1
90332 91580 1
90332 91868 1
90332 92496 1
90332 118657 1
90332 123493 1
90332 124109 1
91580 59562 1
91580 61879 1
91580 70048 2
91580 70247 1
91580 77620 1
91580 78965 1
91580 81231 2
91580 83807 1
91580 83808 1
91580 83809 1
91580 83811 1
91580 90332 1
91580 91582 1
91580 91583 1
91580 91868 2
91580 93420 1
91580 93421 1
91580 99293 1
91580 99294 1
91580 103208 1
91580 118657 1
91580 123493 1
91580 124109 1
91580 126300 1
91868 61879 1
91868 70048 1
91868 81231 4
91868 83807 1
91868 83808 1
91868 83809 1
91868 83811 2
91868 90332 1
91868 91580 2
91868 123493 2
91868 124109 1
94333 83807 1
94333 83812 1
118369 61879 1
118369 72516 1
118369 75767 1
118369 75768 1
118369 77610 1
118369 77793 1
118369 77794 3
118369 82773 1
118369 83807 1
118369 83809 1
118369 118657 1
118369 126764 1
118657 72516 2
118657 75767 1
118657 75768 1
118657 77794 1
118657 79257 1
118657 80463 1
118657 82773 1
118657 83807 1
118657 83809 2
118657 90332 1
118657 91580 1
118657 98844 1
118657 103208 1
118657 118369 1
118657 119044 1
123493 61879 1
123493 70048 1
123493 72516 1
123493 81231 3
123493 83807 1
123493 83808 1
123493 83809 1
123493 83811 1
123493 85782 1
123493 90332 1
123493 91580 1
123493 91868 2
123493 124109 1
124109 61879 1
124109 70048 1
124109 81231 1
124109 83807 1
124109 83808 1
124109 83809 1
124109 83811 1
124109 90332 1
124109 91580 1
124109 91868 1
124109 123493 1
81855 84013 1
81855 106011 1
84014 84013 1
106011 81855 1
106011 84013 1
106011 115292 1
71732 86405 1
71732 117985 1
71732 119716 1
117985 71732 1
117985 86405 1
117985 119716 1
119716 71732 1
119716 85049 1
119716 86405 1
119716 117985 1
121441 86405 1
62197 89414 1
62197 106282 1
62197 113088 1
123113 64276 1
123113 83185 1
123113 96565 1
123113 96566 1
123113 116221 2
123113 117739 1
39530 62420 1
39530 69454 1
39530 100858 1
51344 86796 1
51344 89096 1
51344 90026 1
51344 96546 1
51344 97752 1
51344 100858 1
62420 39530 1
62420 100858 1
70500 96134 1
70500 100858 1
73811 38151 1
73811 52817 1
73811 55459 1
73811 60022 1
73811 66249 1
73811 69244 1
73811 75185 1
73811 78073 1
73811 89008 1
73811 90849 1
73811 98268 1
73811 100306 1
73811 100858 1
75569 100858 1
81230 28106 1
81230 81231 1
81230 81232 1
81230 81233 1
81230 100858 1
86796 51344 1
86796 59479 1
86796 89096 1
86796 90026 1
86796 96546 1
86796 97752 1
86796 97950 1
86796 100858 1
89096 51344 1
89096 86796 1
89096 90026 1
89096 96546 1
89096 97752 1
89096 100858 1
90026 51344 1
90026 86796 1
90026 89096 1
90026 90019 1
90026 90020 1
90026 90022 1
90026 90023 1
90026 90025 1
90026 96546 1
90026 97752 2
90026 100858 1
96134 70500 1
96134 100858 1
96546 48359 1
96546 51344 1
96546 82105 1
96546 86796 1
96546 89096 1
96546 90026 1
96546 97752 1
96546 100858 1
97752 51344 1
97752 86796 1
97752 89096 1
97752 90026 2
97752 96546 1
97752 100858 1
102119 100858 1
102119 107673 1
102119 113212 1
107673 44416 1
107673 100858 1
107673 102119 1
107673 113212 1
113212 63420 1
113212 97668 1
113212 100858 1
113212 102119 1
113212 107673 1
113212 107972 1
113212 116026 1
113212 117330 1
56646 102022 1
56646 112994 1
56646 125486 1
58653 58652 1
58653 64388 1
58653 64391 1
58653 68652 1
58653 69956 1
58653 75948 1
58653 101333 1
58653 102022 1
61116 74302 1
61116 76105 1
61116 87837 1
61116 92705 1
61116 93746 1
61116 99271 1
61116 100513 1
61116 102022 1
61116 106570 1
61116 125075 1
61116 125486 1
61774 75388 1
61774 102022 1
61774 105429 1
63717 63716 1
63717 63718 1
63717 81051 1
63717 81054 1
63717 81055 1
63717 81060 1
63717 81070 1
63717 81072 2
63717 102022 1
63717 125486 1
63717 127054 1
63723 49650 1
63723 64391 1
63723 68253 1
63723 75945 1
63723 76115 1
63723 102022 1
63723 102748 1
63723 109149 1
64388 58653 1
64388 64391 1
64388 68652 1
64388 69956 1
64388 75948 1
64388 82520 1
64388 83185 1
64388 83204 1
64388 91344 1
64388 92705 1
64388 92706 1
64388 101333 1
64388 102022 2
64388 104395 1
64388 104534 1
64388 104536 1
64388 104537 1
64388 104538 1
64388 120727 1
64388 124504 1
64388 127761 1
64391 58653 1
64391 63723 1
64391 64388 1
64391 68652 1
64391 69956 1
64391 75948 1
64391 101333 1
64391 102022 2
65678 70116 1
65678 93743 1
65678 102022 1
65678 115423 1
68652 58653 1
68652 64388 1
68652 64391 1
68652 69956 1
68652 75948 1
68652 101333 1
68652 102022 1
68652 125075 1
69956 58653 1
69956 64388 1
69956 64391 1
69956 68652 1
69956 69957 1
69956 69961 1
69956 75948 1
69956 93746 1
69956 101333 1
69956 102022 1
74302 58663 1
74302 61116 1
74302 74301 1
74302 87837 1
74302 92705 1
74302 93746 1
74302 98370 1
74302 99271 1
74302 100513 1
74302 102022 1
74302 112425 1
74302 120989 1
74302 125075 1
74302 125486 1
75388 58663 1
75388 61774 1
75388 81060 1
75388 102022 1
75943 75942 1
75943 75944 1
75943 75945 1
75943 75948 1
75943 81051 1
75943 81060 1
75943 81063 1
75943 92074 1
75943 93743 1
75943 93746 1
75943 93747 1
75943 97771 1
75943 98370 1
75943 102022 1
75943 113534 1
75943 116629 1
75943 117678 1
75943 120727 1
75943 121053 1
75943 122499 1
75948 58653 1
75948 64388 1
75948 64391 1
75948 68652 1
75948 69956 1
75948 75942 1
75948 75943 1
75948 75944 1
75948 75945 1
75948 93746 1
75948 101333 1
75948 102022 1
75948 124504 1
81060 58652 1
81060 63716 1
81060 63717 1
81060 63718 1
81060 71995 1
81060 75388 1
81060 75943 1
81060 81051 2
81060 81054 1
81060 81055 1
81060 81063 1
81060 81070 1
81060 81072 1
81060 93743 1
81060 93747 1
81060 97771 1
81060 98370 1
81060 102022 1
81060 113534 1
81060 117678 1
81060 120727 1
81060 121053 1
81060 122499 1
81060 127054 1
82520 64388 1
82520 83185 1
82520 91344 1
82520 92705 1
82520 92706 1
82520 102022 1
82520 104395 1
82520 120727 1
82520 124504 1
82520 127761 1
83185 64388 1
83185 82520 1
83185 91344 1
83185 92705 1
83185 92706 1
83185 102022 1
83185 104395 1
83185 116221 1
83185 117739 1
83185 120727 1
83185 123113 1
83185 124504 1
83185 127761 1
85911 63410 1
85911 63800 1
85911 84246 1
85911 85908 1
85911 85909 1
85911 85912 1
85911 94054 2
85911 99173 1
85911 102006 1
85911 102018 1
85911 102020 1
85911 102022 1
85911 104537 1
87837 61116 1
87837 74302 1
87837 92705 1
87837 93746 1
87837 99271 1
87837 100513 1
87837 102022 1
87837 110125 1
87837 125075 1
87837 125486 1
91344 64388 1
91344 82520 1
91344 83185 1
91344 92705 1
91344 92706 1
91344 102013 1
91344 102022 1
91344 104395 1
91344 120727 1
91344 124504 1
91344 127761 1
92074 75943 1
92074 92073 1
92074 92075 1
92074 102022 1
92074 116629 1
92705 61116 1
92705 64388 1
92705 74302 1
92705 82520 1
92705 83185 1
92705 87837 1
92705 91344 1
92705 92706 1
92705 93746 1
92705 99271 1
92705 100513 1
92705 102022 2
92705 104395 1
92705 120727 1
92705 124504 1
92705 125075 1
92705 125486 1
92705 127761 1
92706 64388 1
92706 81430 1
92706 82520 1
92706 83185 1
92706 91344 1
92706 92705 1
92706 102022 1
92706 104395 1
92706 120727 1
92706 124504 1
92706 127761 1
93743 65678 1
93743 75943 1
93743 81051 1
93743 81060 1
93743 81063 1
93743 93747 1
93743 97771 1
93743 98370 1
93743 102022 1
93743 113534 1
93743 115423 1
93743 117678 1
93743 120727 1
93743 121053 1
93743 122499 1
93746 61116 1
93746 69956 1
93746 69957 1
93746 69961 1
93746 74302 1
93746 75942 1
93746 75943 1
93746 75944 1
93746 75945 1
93746 75948 1
93746 87837 1
93746 92705 1
93746 94054 1
93746 99271 1
93746 100513 1
93746 102022 1
93746 125075 1
93746 125486 1
94054 63800 1
94054 84246 1
94054 85908 1
94054 85909 1
94054 85911 2
94054 85912 1
94054 93746 1
94054 102006 1
94054 102018 1
94054 102020 1
94054 102022 1
94054 103113 1
94054 104537 1
94054 108226 1
94054 116292 1
94054 125852 1
99271 61116 1
99271 74302 1
99271 81072 1
99271 87837 1
99271 92705 1
99271 93746 1
99271 100513 1
99271 102022 1
99271 115423 1
99271 125075 1
99271 125486 1
100513 61116 1
100513 74302 1
100513 87837 1
100513 92705 1
100513 93746 1
100513 96221 1
100513 96222 1
100513 99271 1
100513 102022 1
100513 105634 1
100513 116629 1
100513 125075 1
100513 125486 1
101333 58653 1
101333 64388 1
101333 64391 1
101333 68652 1
101333 69956 1
101333 75948 1
101333 102022 1
102006 61639 1
102006 71968 1
102006 85911 1
102006 94054 1
102006 102018 1
102006 102020 1
102006 102022 1
102006 104537 1
102006 117104 1
102018 85911 1
102018 86975 1
102018 94054 1
102018 102006 1
102018 102020 1
102018 102022 1
102018 103334 1
102018 104537 1
102018 119642 1
102018 119643 1
102020 67153 1
102020 85911 1
102020 94054 1
102020 102006 1
102020 102018 1
102020 102022 1
102020 104537 1
104395 64388 1
104395 82520 1
104395 83185 1
104395 91344 1
104395 92705 1
104395 92706 1
104395 102022 1
104395 120727 1
104395 124504 1
104395 127761 1
104537 64388 1
104537 83204 1
104537 85911 1
104537 94054 1
104537 102006 1
104537 102018 1
104537 102020 1
104537 102022 1
104537 104534 1
104537 104536 1
105429 61774 1
105429 102022 1
115287 102022 1
115423 44242 1
115423 50738 1
115423 65678 1
115423 70301 1
115423 73333 1
115423 74301 1
115423 81068 1
115423 81072 1
115423 81547 1
115423 93743 1
115423 93747 1
115423 99271 1
115423 102022 1
116629 61439 1
116629 71328 1
116629 75943 1
116629 92074 1
116629 100513 1
116629 102022 1
120727 64388 1
120727 75943 1
120727 81051 1
120727 81060 1
120727 81063 1
120727 82520 1
120727 83185 1
120727 91344 1
120727 92705 1
120727 92706 1
120727 93743 1
120727 93747 1
120727 97771 1
120727 98370 1
120727 102022 1
120727 104395 1
120727 113534 1
120727 117678 1
120727 121053 1
120727 122499 1
120727 124504 2
120727 127761 1
124504 64388 1
124504 75948 1
124504 82520 1
124504 83185 1
124504 91344 1
124504 92705 1
124504 92706 1
124504 102022 1
124504 104395 1
124504 120727 2
124504 127761 1
125075 50731 1
125075 58652 1
125075 61116 1
125075 68652 1
125075 74302 1
125075 87837 1
125075 92705 1
125075 93746 1
125075 99271 1
125075 100513 1
125075 102022 1
125075 109149 1
125075 112994 1
125075 125486 1
125486 56246 1
125486 56646 1
125486 61116 1
125486 63717 1
125486 74302 1
125486 87837 1
125486 92705 1
125486 93746 1
125486 99271 1
125486 100513 1
125486 102022 2
125486 106945 1
125486 112334 1
125486 125075 1
127761 64388 1
127761 82520 1
127761 83185 1
127761 91344 1
127761 92705 1
127761 92706 1
127761 102022 1
127761 104395 1
127761 120727 1
127761 124504 1
64126 55759 1
64126 80966 1
64126 81985 1
64126 88474 1
64126 90619 1
64126 101053 1
64126 104198 1
64126 104209 1
64126 104210 1
64126 105440 1
64126 106320 1
64126 111202 1
80820 72298 1
80820 87233 1
80820 88484 1
80820 93411 1
80820 95518 1
80820 101053 2
80820 104197 1
80820 104198 1
80820 104902 1
80820 105440 1
80966 64126 1
80966 81985 1
80966 88474 1
80966 88718 1
80966 90619 1
80966 101053 1
80966 104198 1
80966 104209 1
80966 104210 1
80966 105440 1
80966 106320 1
80966 111202 1
81985 59493 1
81985 61239 1
81985 63785 1
81985 63786 1
81985 64126 1
81985 80966 1
81985 88474 1
81985 90619 1
81985 94218 1
81985 101053 1
81985 104198 1
81985 104209 1
81985 104210 1
81985 105440 1
81985 106320 1
81985 111202 1
87233 80820 1
87233 88484 1
87233 93411 1
87233 104197 1
87233 104198 1
87233 104902 1
88474 64118 1
88474 64126 1
88474 80966 1
88474 81985 1
88474 90619 1
88474 97743 1
88474 101053 1
88474 104198 1
88474 104209 1
88474 104210 1
88474 105440 1
88474 106320 1
88474 111202 1
88484 80820 1
88484 87233 1
88484 93411 1
88484 104197 1
88484 104198 1
88484 104902 1
90619 64126 1
90619 80966 1
90619 81985 1
90619 88474 1
90619 101053 1
90619 103107 1
90619 104198 1
90619 104209 1
90619 104210 1
90619 105440 1
90619 106320 1
90619 111202 1
93411 58457 1
93411 80820 1
93411 87233 1
93411 88484 1
93411 104197 1
93411 104198 1
93411 104902 1
101053 64126 1
101053 80820 2
101053 80966 1
101053 81985 1
101053 88474 1
101053 90619 1
101053 104198 1
101053 104209 1
101053 104210 1
101053 105440 2
101053 106320 1
101053 111202 1
104197 80820 1
104197 87233 1
104197 88484 1
104197 93411 1
104197 104198 1
104197 104902 1
104209 64126 1
104209 80966 1
104209 81985 1
104209 88474 1
104209 90521 1
104209 90619 1
104209 101053 1
104209 101982 1
104209 101984 1
104209 104198 1
104209 104210 1
104209 104872 1
104209 105440 1
104209 106320 1
104209 111202 1
104209 113630 1
104209 121533 1
104210 64126 1
104210 80966 1
104210 81985 1
104210 88474 1
104210 90619 1
104210 101053 1
104210 104198 1
104210 104209 1
104210 105440 1
104210 106320 1
104210 111202 1
104902 80820 1
104902 87233 1
104902 88484 1
104902 93411 1
104902 104190 1
104902 104197 1
104902 104198 1
104902 105766 1
105440 64126 1
105440 80820 1
105440 80966 1
105440 81985 1
105440 88474 1
105440 90619 1
105440 101053 2
105440 104198 1
105440 104209 1
105440 104210 1
105440 106320 1
105440 111202 1
106320 64126 1
106320 69507 1
106320 80966 1
106320 81985 1
106320 88474 1
106320 90619 1
106320 101053 1
106320 104198 1
106320 104209 1
106320 104210 1
106320 105440 1
106320 111202 1
106320 125219 1
111202 64126 1
111202 80966 1
111202 81985 1
111202 88474 1
111202 90619 1
111202 101053 1
111202 104198 1
111202 104209 1
111202 104210 1
111202 105440 1
111202 106320 1
68755 73655 1
68755 93439 1
68755 108376 1
68755 111112 1
93439 61394 1
93439 68755 1
93439 108376 1
93439 111112 1
93439 119566 1
97743 55344 1
97743 61525 1
97743 74898 1
97743 88474 1
97743 89429 1
97743 91053 1
97743 108376 3
97743 111112 1
97743 115375 1
106060 111112 1
106060 112039 1
106060 118375 1
108376 61525 1
108376 68755 1
108376 74898 1
108376 89429 1
108376 91053 1
108376 93439 1
108376 97743 3
108376 101443 1
108376 108307 1
108376 111112 2
108376 115375 1
108376 119810 1
112039 93315 1
112039 106060 1
112039 111112 1
112039 118375 1
118375 63442 1
118375 106060 1
118375 111112 1
118375 112039 1
76266 98947 1
76266 111535 1
94245 111535 1
109763 64276 2
109763 102711 1
109763 105785 1
109763 109764 2
109763 111535 1
109763 115554 1
109764 64276 1
109764 109763 2
109764 111535 1
109764 115554 1
115554 80043 1
115554 98125 1
115554 109763 1
115554 109764 1
115554 111535 1
115554 115556 1
115554 124022 1
113859 113860 1
113859 119942 1
72554 61879 1
72554 77610 1
72554 77624 1
72554 81843 1
72554 81844 1
72554 88535 1
72554 88543 4
72554 98116 4
72554 98117 4
72554 126174 1
77610 61879 2
77610 72554 1
77610 77624 1
77610 81843 1
77610 81844 1
77610 88543 1
77610 118369 1
77610 126174 1
77624 61879 1
77624 72554 1
77624 77610 1
77624 77612 10
77624 81231 1
77624 81843 1
77624 81844 1
77624 88543 1
77624 110361 1
77624 121732 1
77624 126174 1
81843 61879 1
81843 72554 1
81843 77610 1
81843 77624 1
81843 81844 1
81843 88543 1
81843 126174 1
81844 61879 1
81844 72554 1
81844 77610 1
81844 77624 1
81844 81843 1
81844 88543 1
81844 126174 1
85782 88543 1
85782 95267 1
85782 114916 1
85782 123493 1
88538 88543 1
98116 72554 4
98116 88543 3
98116 98117 4
98117 72554 4
98117 88543 3
98117 98116 4
98117 103576 1
98117 103577 1
98117 103578 1
102991 88543 1
113382 88543 4
113383 88543 1
114916 85782 1
114916 88543 1
114916 95267 1
126174 61879 1
126174 72554 1
126174 77610 1
126174 77624 1
126174 81843 1
126174 81844 1
126174 88543 1
69540 55638 1
69540 85076 1
69540 88870 1
87295 85076 1
89581 85076 1
89581 89582 1
89581 89583 1
89581 89584 1
89581 104810 1
89581 106758 1
89582 85076 1
89582 89581 1
89582 89583 1
89582 89584 1
89582 104810 1
89582 106758 1
89583 85076 1
89583 89581 1
89583 89582 1
89583 89584 1
89583 104810 1
89583 106758 1
89584 47518 1
89584 85076 1
89584 89581 1
89584 89582 1
89584 89583 1
89584 104810 1
89584 106758 1
104810 85076 1
104810 89581 1
104810 89582 1
104810 89583 1
104810 89584 1
104810 104882 1
104810 106758 1
106758 85076 1
106758 89581 1
106758 89582 1
106758 89583 1
106758 89584 1
106758 104810 1
116923 85076 1
116923 108328 1
116923 116922 1
116923 117237 1
116923 119057 1
116923 119214 1
116923 119444 1
116923 119560 1
116923 119561 1
116923 127579 1
51509 50087 1
119331 50087 1
119331 119332 1
119332 50087 1
119332 119331 1
52982 67955 1
52982 118841 1
52982 123746 1
118841 52982 1
118841 67955 1
118841 123746 1
123746 52982 1
123746 67955 1
123746 118841 1
66384 94315 1
118027 94315 1
76748 98338 1
90557 62811 1
90557 86995 1
90557 87062 1
90557 98640 1
56953 10774 1
44223 43350 1
44223 68297 1
63625 43350 1
78873 43350 1
83244 45465 1
54485 49405 1
63267 69649 1
71273 69649 1
71273 71016 1
71273 71274 2
71273 71275 2
71273 71277 2
71273 71280 1
71273 77483 1
71273 122733 1
71273 122821 1
71273 123288 1
71273 123333 1
71274 60815 1
71274 69649 1
71274 71016 1
71274 71273 2
71274 71275 1
71274 71277 1
71274 71280 1
71274 77483 1
71274 122733 1
71274 122821 2
71277 69649 1
71277 71273 2
71277 71274 1
71277 71275 2
71277 71280 1
71277 71542 1
71277 122821 3
71280 60815 1
71280 69649 1
71280 70275 1
71280 71273 1
71280 71274 1
71280 71275 2
71280 71277 1
71280 122821 1
71280 122824 1
71280 123269 1
122821 65455 1
122821 69649 1
122821 71273 1
122821 71274 2
122821 71275 1
122821 71277 3
122821 71280 1
44578 70276 1
44578 71545 1
44578 123332 1
44578 123333 1
65455 43880 1
65455 70276 1
65455 122821 1
71016 70276 1
71016 71273 1
71016 71274 1
71016 71275 2
71016 122529 1
71016 123288 2
71016 123333 2
122529 53219 1
122529 68295 1
122529 70276 1
122529 71016 1
122529 71275 2
122529 71796 1
122529 77483 1
122529 123288 2
122529 123333 1
122529 123508 1
122733 70276 1
122733 71273 1
122733 71274 1
122733 71545 1
122733 77483 1
122733 123333 1
123288 53219 1
123288 68295 1
123288 70276 1
123288 71016 2
123288 71273 1
123288 71275 3
123288 71796 1
123288 77483 1
123288 122529 2
123288 123333 2
123288 123508 1
123332 44578 1
123332 70276 1
123332 71545 3
123332 123333 2
123333 44578 1
123333 70276 2
123333 71016 2
123333 71273 1
123333 71275 2
123333 71545 2
123333 122529 1
123333 122733 1
123333 123288 2
123333 123332 2
124105 70276 1
124105 71542 1
53219 68295 1
53219 71275 1
53219 71796 1
53219 77483 1
53219 122529 1
53219 123288 1
53219 123508 1
60815 70275 1
60815 71274 1
60815 71275 1
60815 71280 1
60815 122824 1
60815 123269 1
68295 53219 1
68295 71275 1
68295 71796 1
68295 77483 1
68295 122529 1
68295 123288 1
68295 123508 1
70275 60815 1
70275 71275 1
70275 71280 1
70275 122824 2
70275 123269 1
71542 71275 1
71542 71277 1
71542 124105 1
71796 53219 1
71796 68295 1
71796 71275 1
71796 77483 1
71796 122529 1
71796 123288 1
71796 123508 1
77483 53219 1
77483 68295 1
77483 71273 1
77483 71274 1
77483 71275 1
77483 71796 1
77483 122529 1
77483 122733 1
77483 123288 1
77483 123508 1
122824 60815 1
122824 70275 2
122824 71275 1
122824 71280 1
122824 123269 1
123269 60815 1
123269 70275 1
123269 71275 1
123269 71280 1
123269 122824 1
123508 53219 1
123508 68295 1
123508 71275 1
123508 71796 1
123508 77483 1
123508 122529 1
123508 123288 1
64776 81913 1
72959 81913 1
72959 81914 1
81914 72959 1
81914 81913 1
96873 99601 1
96873 110829 1
99601 96873 1
99601 110829 1
106155 110829 1
106155 112767 2
106155 120431 1
110830 110829 1
112767 106155 2
112767 110829 1
114899 110829 1
62181 63410 1
62181 73127 1
73127 62181 1
73127 63410 1
98004 63410 1
98004 98009 1
98004 98010 2
98004 101443 1
98004 109653 1
98009 63410 1
98009 98004 1
98009 98010 1
98009 101443 1
98009 109653 1
98010 63410 1
98010 98004 2
98010 98009 1
98010 101443 1
98010 109653 1
99173 63410 1
99173 85911 1
101443 63410 1
101443 98004 1
101443 98009 1
101443 98010 1
101443 108376 1
101443 109653 1
105881 63410 1
109653 63410 1
109653 98004 1
109653 98009 1
109653 98010 1
109653 101443 1
108059 67152 1
108059 103141 1
117104 57276 1
117104 64276 1
117104 71968 1
117104 102006 1
61439 71328 1
61439 80848 1
61439 116629 1
70662 89427 1
106813 89427 1
89707 89708 1
89707 91337 1
89708 89707 1
89708 91337 1
111304 91337 1
116292 94054 1
116292 103113 1
72065 105385 1
89008 47331 1
89008 66249 1
89008 73811 1
89008 75185 1
89008 78073 1
89008 89009 1
89008 98268 1
89008 100306 1
89009 47331 1
89009 66249 1
89009 75185 1
89009 89008 1
77084 60933 1
30803 52952 1
30803 63763 1
46028 63763 1
46028 65273 2
46028 68990 1
46028 68991 1
46028 68993 1
52952 30803 1
52952 63763 1
65273 46028 2
65273 63763 1
65273 68990 1
65273 68991 1
65273 68993 1
68990 46028 1
68990 65273 1
68990 68991 1
68990 68993 1
68991 46028 1
68991 65273 1
68991 68990 1
68991 68993 1
68991 88862 1
73586 68993 1
73586 86995 1
86995 68993 1
86995 73586 1
86995 84571 1
86995 90557 1
102425 68993 1
102425 76832 1
102425 78444 6
102425 83849 1
102425 83850 1
102425 87062 1
102425 96777 2
102425 102424 5
81523 78248 1
81523 78444 1
81523 85358 1
81523 89670 1
81523 96777 1
83849 78444 1
83849 83850 1
83849 87062 1
83849 102424 1
83849 102425 1
83850 78444 1
83850 83849 1
83850 87062 1
83850 102424 1
83850 102425 1
87062 78444 1
87062 83849 1
87062 83850 1
87062 90557 1
87062 102424 1
87062 102425 1
96777 78444 2
96777 81523 1
96777 102425 2
62811 65201 1
62811 79580 1
62811 90557 1
93122 79580 1
93633 79580 1
96242 79580 1
96242 84571 1
105186 79580 1
86064 86065 1
55507 62606 1
55507 78453 1
55507 89074 1
55507 92163 1
55507 94344 1
62606 55507 1
62606 78453 1
62606 89074 1
62606 92163 1
62606 94344 1
78453 55507 1
78453 62606 1
78453 89074 1
78453 92163 1
78453 94344 1
89074 55507 1
89074 62606 1
89074 78453 1
89074 92163 1
89074 94344 1
92163 55507 1
92163 62606 1
92163 78453 1
92163 89074 1
92163 94344 1
119305 101978 1
76832 91583 1
76832 98561 1
76832 102424 1
76832 102425 1
88817 102424 1
98561 76832 1
98561 114895 1
90608 123894 1
102174 102839 1
102174 110146 1
102174 117954 2
102174 123894 1
110146 102174 1
110146 117954 1
110146 123894 1
117954 102174 2
117954 110146 1
117954 123894 1
118826 123894 1
26562 31253 1
26562 34669 1
26562 34670 1
31253 26562 1
31253 34669 1
31253 34670 1
34670 26562 1
34670 31253 1
34670 34669 1
69668 34669 1
69668 74480 1
69668 74484 1
69668 74567 1
74480 34669 1
74480 69668 1
74480 74484 3
74480 74567 1
74484 34669 1
74484 69668 1
74484 74480 3
74484 74567 1
74567 34669 2
74567 69668 1
74567 74480 1
74567 74484 1
74567 82773 1
93110 34669 1
110827 34669 1
110827 103970 1
58652 50731 1
58652 58653 1
58652 71995 1
58652 76258 1
58652 80779 1
58652 81060 1
58652 83204 1
58652 125075 1
60032 76258 1
80779 58652 1
80779 76258 1
80779 83204 1
83204 58652 1
83204 64388 1
83204 76258 1
83204 80779 1
83204 104534 1
83204 104536 1
83204 104537 1
94093 76258 1
107021 76258 1
96040 81080 2
101762 87073 1
63433 93315 1
76935 93315 1
85407 93315 1
85407 100959 1
85407 113109 1
100863 93315 1
100959 85407 1
100959 93315 1
100959 113109 1
101805 93315 1
102449 93315 1
102449 103481 1
103481 93315 1
103481 102449 1
113109 85407 1
113109 93315 1
113109 100959 1
114996 93315 1
114996 116241 2
80037 103743 1
106022 103972 1
105538 105539 1
105538 105543 1
105538 105545 1
105538 112938 1
105539 105538 1
105539 105543 1
105539 105545 1
105539 112938 1
105545 105538 1
105545 105539 1
105545 105543 1
105545 112938 1
105545 116221 1
106182 105543 1
106182 106183 1
106182 124828 2
112938 105538 1
112938 105539 1
112938 105543 1
112938 105545 1
113161 116322 1
113161 116323 1
113161 119173 1
116322 113161 1
116322 116323 1
116322 119173 1
119173 113161 1
119173 116322 1
119173 116323 1
75688 49500 1
75688 75689 1
75688 75690 1
75689 49500 1
75689 75688 1
75689 75690 1
75690 49500 1
75690 75688 1
75690 75689 1
79716 49500 1
49389 56752 1
114943 56752 1
76685 61434 1
29585 52586 1
29585 64276 1
102711 64276 1
102711 109763 1
103324 64276 1
103324 103325 1
103324 104912 1
103325 64276 1
103325 103324 1
103325 104912 1
104912 64276 1
104912 103324 1
104912 103325 1
105348 64276 1
57276 74305 1
57276 117104 1
96591 74357 1
96591 116904 1
96591 122427 1
116904 74357 1
116904 96591 1
116904 122427 1
122427 74357 1
122427 96591 1
122427 116904 1
22397 78248 1
22397 97720 1
85358 78248 1
85358 81523 1
85358 89670 1
89670 78248 1
89670 81523 1
89670 85358 1
67747 80391 1
91678 80391 1
88079 84765 1
88079 88658 1
88079 103870 1
88658 72605 1
88658 84765 1
88658 88079 1
88658 103870 1
88658 105546 1
103870 84765 1
103870 88079 1
103870 88658 1
51467 76897 1
51467 100039 1
76897 51467 1
76897 100039 1
82102 100039 1
95403 100039 1
99649 100039 1
113886 100039 1
113886 114296 1
113886 117797 1
114296 100039 1
114296 113886 1
114296 117797 1
117797 100039 1
117797 113886 1
117797 114296 1
127629 100039 1
127629 123567 1
127629 127316 1
77367 103107 1
108126 103107 1
53946 103281 1
92507 92508 1
92507 92509 1
92507 92510 1
92507 103281 1
92508 92507 1
92508 92509 1
92508 92510 1
92508 103281 1
92509 92507 1
92509 92508 1
92509 92510 1
92509 103281 1
92510 92507 1
92510 92508 1
92510 92509 1
92510 103281 1
113872 103281 1
80377 76788 1
80377 107633 1
80377 107634 1
112699 107633 1
112699 107634 1
94004 114089 1
47456 55624 1
47456 67149 1
55624 47456 1
55624 67149 1
60521 80685 1
74370 76274 1
74370 80685 1
74370 82314 1
76274 74370 1
76274 80685 1
76274 82314 1
82314 74370 1
82314 76274 1
82314 80685 1
64956 85946 1
88315 88314 1
109166 92404 1
46025 40376 1
46025 65201 1
65201 40376 1
65201 46025 1
65201 62811 1
43262 65897 1
47537 65897 1
47537 89204 1
47537 89205 1
51913 51914 1
51913 56279 1
51913 56581 1
51913 65897 1
51914 51913 1
51914 56279 1
51914 56581 1
51914 65897 1
56279 51913 1
56279 51914 1
56279 56581 1
56279 65897 1
56581 51913 1
56581 51914 1
56581 56279 1
56581 65897 1
77973 65897 1
77973 79320 1
79320 65897 1
79320 77973 1
89204 47537 1
89204 65897 1
89204 89205 1
89205 47537 1
89205 65897 1
89205 89204 1
118217 70247 1
118217 121732 1
118217 122429 2
121732 70247 1
121732 77612 1
121732 77624 1
121732 118217 1
121732 122429 1
122429 70247 1
122429 118217 2
122429 121732 1
122429 123503 1
80027 88536 1
80027 92497 1
80027 94803 1
88536 80027 1
88536 92497 1
88536 94803 1
94803 80027 1
94803 88536 1
94803 92497 1
94803 108875 1
44491 92218 1
44491 93216 1
44491 114118 1
44491 117821 1
92218 44491 1
92218 93216 1
92218 114118 1
92218 117821 1
93216 44491 1
93216 92218 1
93216 114118 1
93216 117821 1
114118 44491 1
114118 92218 1
114118 93216 1
114118 117821 1
60184 115076 1
60184 126117 1
115076 60184 1
115076 126117 1
97851 55759 1
81934 83521 1
101857 83521 1
85383 94218 1
70469 59562 1
70469 126300 1
77612 59562 1
77612 77614 2
77612 77615 1
77612 77624 10
77612 88535 1
77612 121732 1
77614 59562 1
77614 77612 2
77614 77615 1
77614 88535 1
77615 59562 1
77615 77612 1
77615 77614 1
77615 88535 1
88535 59562 1
88535 72554 1
88535 76399 1
88535 77612 1
88535 77614 1
88535 77615 1
88535 83809 1
126300 59562 1
126300 70469 1
126300 91580 1
126300 91582 1
126300 91583 1
126300 93420 1
126300 93421 1
126300 99293 1
126300 99294 1
71513 70048 1
71513 81231 1
120384 70048 1
120384 120383 1
79257 72516 1
79257 83809 1
79257 98844 4
79257 118657 1
98844 72516 1
98844 79257 4
98844 83809 1
98844 118657 1
77793 77794 1
77793 118369 1
51226 61339 1
51226 80129 1
51226 81448 1
51226 81988 1
51226 98268 1
61339 51226 1
61339 80129 1
61339 81448 1
61339 81988 1
61339 98268 1
80057 80129 1
80057 86011 1
81448 51226 1
81448 61339 1
81448 80129 1
81448 81988 1
81448 98268 1
81988 51226 1
81988 61339 1
81988 80129 1
81988 81448 1
81988 98268 1
84508 80129 1
86011 80057 1
86011 80129 1
87812 80129 1
89279 80129 1
98268 51226 1
98268 61339 1
98268 66249 1
98268 73811 1
98268 75185 1
98268 78073 1
98268 80129 1
98268 81448 1
98268 81988 1
98268 89008 1
98268 100306 1
101655 80129 1
66608 80447 1
82347 61323 1
82347 80447 1
64182 81231 1
75176 81231 1
86163 81231 7
86163 94447 1
87254 81231 1
94447 81231 1
94447 86163 1
104587 81231 1
76399 83809 1
76399 88535 1
77620 91580 1
78965 91580 1
91582 91580 1
91582 93420 4
91582 93421 2
91582 99293 2
91582 99294 1
91582 126300 1
91583 76832 1
91583 91580 1
91583 126300 1
93420 91580 1
93420 91582 4
93420 93421 2
93420 99293 2
93420 99294 1
93420 126300 1
93421 91580 1
93421 91582 2
93421 93420 2
93421 99293 1
93421 99294 1
93421 126300 1
99293 91580 1
99293 91582 2
99293 93420 2
99293 93421 1
99293 99294 3
99293 126300 1
99294 91580 1
99294 91582 1
99294 93420 1
99294 93421 1
99294 99293 3
99294 126300 1
103208 91580 1
103208 118657 1
126764 118369 1
80463 118657 1
80463 119044 1
119044 80463 1
119044 118657 1
115292 106011 1
85049 119716 1
106282 62197 1
106282 123262 1
113088 62197 1
116221 83185 1
116221 105545 1
116221 117739 1
116221 123113 2
117739 83185 1
117739 116221 1
117739 123113 1
69454 39530 1
38151 73811 1
38151 90849 1
52817 55459 1
52817 73811 1
55459 52817 1
55459 73811 1
60022 69244 1
60022 73811 1
66249 73811 1
66249 75185 2
66249 78073 1
66249 89008 1
66249 89009 1
66249 98268 1
66249 100306 2
69244 60022 1
69244 73811 1
75185 66249 2
75185 73811 1
75185 78073 1
75185 89008 1
75185 89009 1
75185 98268 1
75185 100306 1
78073 66249 1
78073 73811 1
78073 75185 1
78073 89008 1
78073 98268 1
78073 100306 1
90849 38151 1
90849 73811 1
100306 66249 2
100306 73811 1
100306 75185 1
100306 78073 1
100306 89008 1
100306 98268 1
28106 81230 1
28106 81232 1
28106 81233 1
81232 28106 1
81232 81230 1
81232 81233 1
81233 28106 1
81233 81230 1
81233 81232 1
59479 86796 1
97950 86796 1
90019 90020 4
90019 90022 5
90019 90023 2
90019 90025 1
90019 90026 1
90020 90019 4
90020 90022 4
90020 90023 2
90020 90025 1
90020 90026 1
90022 90019 5
90022 90020 4
90022 90023 4
90022 90025 1
90022 90026 1
90023 90019 2
90023 90020 2
90023 90022 4
90023 90025 1
90023 90026 1
90025 90019 1
90025 90020 1
90025 90022 1
90025 90023 1
90025 90026 1
48359 96546 1
82105 96546 1
97668 107972 2
97668 113212 1
97668 116026 1
107972 73655 1
107972 97668 2
107972 113212 1
107972 116026 1
116026 97668 1
116026 107972 1
116026 113212 1
117330 113212 1
112994 56646 1
112994 81051 1
112994 125075 1
76105 61116 1
106570 61116 1
63716 63717 1
63716 63718 1
63716 81051 1
63716 81054 1
63716 81055 1
63716 81060 1
63716 81070 1
63716 81072 1
63716 127054 1
63718 63716 1
63718 63717 1
63718 81051 1
63718 81054 1
63718 81055 1
63718 81060 1
63718 81070 1
63718 81072 1
63718 127054 1
81051 63716 1
81051 63717 1
81051 63718 1
81051 75943 1
81051 81054 1
81051 81055 1
81051 81060 2
81051 81063 1
81051 81067 1
81051 81070 1
81051 81072 1
81051 93743 1
81051 93747 1
81051 97771 1
81051 98370 1
81051 112994 1
81051 113534 1
81051 117678 1
81051 120727 1
81051 121053 1
81051 122499 1
81051 127054 1
81054 63716 1
81054 63717 1
81054 63718 1
81054 81051 1
81054 81055 1
81054 81060 1
81054 81070 1
81054 81072 1
81054 127054 1
81055 63716 1
81055 63717 1
81055 63718 1
81055 81051 1
81055 81054 1
81055 81060 1
81055 81070 1
81055 81072 1
81055 127054 1
81070 63716 1
81070 63717 1
81070 63718 1
81070 81051 1
81070 81054 1
81070 81055 1
81070 81060 1
81070 81072 1
81070 127054 1
81072 63716 1
81072 63717 2
81072 63718 1
81072 81051 1
81072 81054 1
81072 81055 1
81072 81060 1
81072 81070 1
81072 99271 1
81072 115423 1
81072 127054 1
127054 63716 1
127054 63717 1
127054 63718 1
127054 81051 1
127054 81054 1
127054 81055 1
127054 81060 1
127054 81070 1
127054 81072 1
49650 63723 1
49650 68253 1
49650 75945 1
49650 76115 1
68253 49650 1
68253 63723 1
68253 75945 1
68253 76115 1
75945 49650 1
75945 63723 1
75945 68253 1
75945 75942 1
75945 75943 1
75945 75944 1
75945 75948 1
75945 76115 1
75945 93746 1
76115 49650 1
76115 63723 1
76115 68253 1
76115 75945 1
102748 63723 1
109149 63723 1
109149 125075 1
104534 64388 1
104534 83204 1
104534 104536 1
104534 104537 1
104536 64388 1
104536 83204 1
104536 104534 1
104536 104537 1
104538 64388 1
70116 65678 1
69957 69956 1
69957 69961 1
69957 93746 1
69961 69956 1
69961 69957 1
69961 93746 1
58663 74301 1
58663 74302 1
58663 75388 1
58663 98370 1
58663 112425 1
58663 120989 2
58663 122499 1
74301 44242 1
74301 50738 1
74301 58663 1
74301 70301 1
74301 73333 1
74301 74302 1
74301 81068 1
74301 81547 1
74301 93747 1
74301 98370 1
74301 115423 1
74301 120989 1
98370 58663 1
98370 74301 1
98370 74302 1
98370 75943 1
98370 81051 1
98370 81060 1
98370 81063 1
98370 93743 1
98370 93747 1
98370 97771 1
98370 113534 1
98370 117678 1
98370 120727 1
98370 120989 1
98370 121053 1
98370 122499 1
112425 58663 1
112425 74302 1
112425 120989 1
120989 58663 2
120989 74301 1
120989 74302 1
120989 98370 1
120989 112425 1
75942 75943 1
75942 75944 1
75942 75945 1
75942 75948 1
75942 93746 1
75944 75942 1
75944 75943 1
75944 75945 1
75944 75948 1
75944 93746 1
81063 75943 1
81063 81051 1
81063 81060 1
81063 93743 1
81063 93747 1
81063 97771 1
81063 98370 1
81063 113534 1
81063 117678 1
81063 120727 1
81063 121053 1
81063 122499 1
93747 44242 1
93747 50738 1
93747 70301 1
93747 73333 1
93747 74301 1
93747 75943 1
93747 81051 1
93747 81060 1
93747 81063 1
93747 81068 1
93747 81547 1
93747 93743 1
93747 97771 1
93747 98370 1
93747 113534 1
93747 115423 1
93747 117678 1
93747 120727 1
93747 121053 1
93747 122499 1
97771 75943 1
97771 81051 1
97771 81060 1
97771 81063 1
97771 93743 1
97771 93747 1
97771 98370 1
97771 113534 1
97771 117678 1
97771 120727 1
97771 121053 1
97771 122499 1
113534 75943 1
113534 81051 1
113534 81060 1
113534 81063 1
113534 93743 1
113534 93747 1
113534 97771 1
113534 98370 1
113534 117678 1
113534 120727 1
113534 121053 1
113534 122499 1
117678 75943 1
117678 81051 1
117678 81060 1
117678 81063 1
117678 93743 1
117678 93747 1
117678 97771 1
117678 98370 1
117678 113534 1
117678 120727 1
117678 121053 1
117678 122499 1
121053 75943 1
121053 81051 1
121053 81060 1
121053 81063 1
121053 93743 1
121053 93747 1
121053 97771 1
121053 98370 1
121053 113534 1
121053 117678 1
121053 120727 1
121053 122499 1
122499 58663 1
122499 75943 1
122499 81051 1
122499 81060 1
122499 81063 1
122499 93743 1
122499 93747 1
122499 97771 1
122499 98370 1
122499 113534 1
122499 117678 1
122499 120727 1
122499 121053 1
71995 58652 1
71995 81060 1
63800 84246 1
63800 85908 1
63800 85909 1
63800 85911 1
63800 85912 1
63800 94054 1
84246 63800 1
84246 85908 1
84246 85909 1
84246 85911 1
84246 85912 1
84246 94054 1
85908 63800 1
85908 84246 1
85908 85909 1
85908 85911 1
85908 85912 1
85908 94054 1
85909 63800 1
85909 84246 1
85909 85908 1
85909 85911 1
85909 85912 1
85909 94054 1
85912 63800 1
85912 84246 1
85912 85908 1
85912 85909 1
85912 85911 1
85912 94054 1
110125 87837 1
102013 91344 1
92073 92074 1
92075 92074 1
81430 92706 1
108226 94054 1
125852 94054 1
96221 96222 1
96221 100513 1
96222 96221 1
96222 100513 1
105634 100513 1
61639 102006 1
86975 102018 1
86975 103334 1
103334 86975 1
103334 102018 1
119642 102018 1
119642 119643 1
119643 102018 1
119643 119642 1
67153 102020 1
44242 50738 1
44242 70301 1
44242 73333 1
44242 74301 1
44242 81068 1
44242 81547 1
44242 93747 1
44242 115423 1
50738 44242 1
50738 70301 1
50738 73333 1
50738 74301 1
50738 81068 1
50738 81547 1
50738 93747 1
50738 115423 1
70301 44242 1
70301 50738 1
70301 73333 1
70301 74301 1
70301 81068 1
70301 81547 1
70301 93747 1
70301 115423 1
73333 44242 1
73333 50738 1
73333 70301 1
73333 74301 1
73333 81068 1
73333 81547 1
73333 93747 1
73333 115423 1
81068 44242 1
81068 50738 1
81068 70301 1
81068 73333 1
81068 74301 1
81068 81547 1
81068 93747 1
81068 115423 1
81547 44242 1
81547 50738 1
81547 70301 1
81547 73333 1
81547 74301 1
81547 81068 1
81547 93747 1
81547 115423 1
71328 61439 1
71328 116629 1
50731 58652 1
50731 125075 1
56246 125486 1
106945 125486 1
112334 125486 1
72298 80820 1
72298 95518 1
72298 106289 1
95518 72298 1
95518 80820 1
88718 80966 1
59493 61239 1
59493 63785 1
59493 63786 1
59493 81985 1
61239 59493 1
61239 63785 1
61239 63786 1
61239 81985 1
63785 59493 1
63785 61239 1
63785 63786 1
63785 81985 1
63786 59493 1
63786 61239 1
63786 63785 1
63786 81985 1
58457 93411 1
90521 104209 1
101982 101984 1
101982 104209 1
101982 104872 1
101982 113630 1
101982 121533 1
101984 101982 1
101984 104209 1
101984 104872 1
101984 113630 2
101984 121533 1
104872 101982 1
104872 101984 1
104872 104209 1
104872 113630 1
104872 121533 1
113630 101982 1
113630 101984 2
113630 104209 1
113630 104872 1
113630 121533 1
121533 101982 1
121533 101984 1
121533 104209 1
121533 104872 1
121533 113630 1
104190 104902 1
104190 105766 3
105766 104190 3
105766 104902 1
69507 106320 1
125219 106320 1
73655 68755 1
73655 107972 1
61394 93439 1
119566 93439 1
55344 97743 1
61525 74898 1
61525 89429 1
61525 91053 1
61525 97743 1
61525 108376 1
61525 115375 1
74898 61525 1
74898 89429 1
74898 91053 1
74898 97743 1
74898 108376 1
74898 115375 1
89429 61525 1
89429 74898 1
89429 91053 1
89429 97743 1
89429 108376 1
89429 115375 1
91053 61525 1
91053 74898 1
91053 89429 1
91053 97743 1
91053 108376 1
91053 115375 1
115375 61525 1
115375 74898 1
115375 89429 1
115375 91053 1
115375 97743 1
115375 108376 1
108307 108376 1
119810 108376 1
63442 118375 1
98947 76266 1
105785 109763 1
80043 115554 1
80043 124022 1
98125 115554 1
98125 115556 1
115556 98125 1
115556 115554 1
124022 80043 1
124022 115554 1
113860 113859 1
110361 77624 1
103576 98117 1
103576 103577 1
103576 103578 1
103577 98117 1
103577 103576 1
103577 103578 2
103578 98117 1
103578 103576 1
103578 103577 2
55638 69540 1
55638 88870 1
88870 55638 1
88870 69540 1
47518 89584 1
104882 104810 1
108328 116923 1
108328 117237 2
108328 119444 1
116922 116923 1
117237 108328 2
117237 116923 1
117237 119444 1
119057 116923 1
119214 116923 1
119444 108328 1
119444 116923 1
119444 117237 1
119560 116923 1
119560 119561 1
119560 127579 1
119561 104227 1
119561 116923 1
119561 119560 1
119561 127579 1
119561 127618 1
127579 116923 1
127579 119560 1
127579 119561 1
104227 119561 1
104227 127618 1
127618 104227 1
127618 119561 1
106289 72298 1
81067 81051 1
123262 106282 1
61323 82347 1
120383 120384 1
108875 94803 1
123503 122429 1
123567 127629 1
127316 127629 1
72605 88658 1
72605 105546 1
105546 72605 1
105546 88658 1
97720 22397 1
52586 29585 1
106183 106182 1
106183 124828 1
124828 106182 2
124828 106183 1
116241 114996 2
102839 102174 1
88862 68991 1
103141 108059 1
120431 106155 1
43880 65455 1
68297 44223 1
