57719 96013 1
96013 57719 1
96013 77414 1
96013 96246 1
96013 96622 1
77414 65309 1
77414 76552 1
77414 77413 1
77414 83711 1
77414 92284 1
77414 96013 1
77414 96246 1
77414 96622 1
96246 50563 1
96246 67261 1
96246 77414 1
96246 80356 1
96246 93608 1
96246 96013 1
96246 96467 1
96246 96622 1
96622 58215 1
96622 69225 1
96622 77414 1
96622 77805 1
96622 83967 1
96622 96013 1
96622 96246 1
96622 122282 1
65309 76552 1
65309 77413 1
65309 77414 1
65309 83711 1
65309 85375 1
76552 58196 1
76552 65309 1
76552 77413 1
76552 77414 1
76552 83711 1
76552 86410 1
76552 87458 1
77413 40687 1
77413 65118 1
77413 65309 1
77413 73413 1
77413 76552 1
77413 77414 1
77413 83711 1
77413 121467 1
83711 57849 1
83711 59664 1
83711 59844 1
83711 65309 1
83711 70331 1
83711 75535 1
83711 76552 1
83711 77413 1
83711 77414 1
83711 82929 1
83711 84779 1
83711 108752 1
92284 58196 1
92284 59450 1
92284 65971 1
92284 69226 1
92284 70705 1
92284 72122 1
92284 74971 1
92284 77414 1
92284 78709 1
92284 82476 1
92284 85374 1
92284 85547 1
92284 102460 1
92284 107077 1
92284 110731 1
92284 116692 1
50563 58944 1
50563 71564 1
50563 76498 1
50563 77410 1
50563 80356 1
50563 82475 1
50563 85375 1
50563 96246 1
50563 96467 1
67261 68468 1
67261 72160 1
67261 72187 1
67261 76141 1
67261 84779 1
67261 85643 1
67261 85799 1
67261 87841 1
67261 93608 1
67261 96055 1
67261 96246 1
67261 96664 1
67261 103724 1
67261 109500 1
80356 50563 1
80356 51071 1
80356 57205 1
80356 65985 1
80356 72177 1
80356 72802 1
80356 80353 1
80356 80354 1
80356 80359 1
80356 80361 1
80356 84981 1
80356 85322 1
80356 88972 1
80356 90591 1
80356 93422 1
80356 93744 1
80356 96246 1
80356 96467 1
80356 99993 1
80356 100080 1
93608 58948 1
93608 67261 1
93608 96246 1
96467 50563 1
96467 59839 1
96467 80356 1
96467 83486 1
96467 92535 1
96467 96246 1
58215 63330 1
58215 69225 1
58215 82748 1
58215 83967 1
58215 96622 1
69225 58215 1
69225 71782 1
69225 83967 1
69225 96622 1
77805 24207 1
77805 40127 1
77805 44559 1
77805 48351 1
77805 58193 1
77805 58216 1
77805 59622 1
77805 70529 1
77805 74934 1
77805 96622 1
77805 98715 1
77805 115005 1
77805 122282 1
83967 58215 1
83967 61728 1
83967 65971 1
83967 67251 1
83967 69225 1
83967 96622 1
83967 101613 1
83967 101879 1
122282 77805 1
122282 96622 1
85375 44429 1
85375 50563 1
85375 65309 1
85375 70312 1
85375 70529 1
85375 76490 1
85375 76498 1
85375 77410 1
85375 77688 1
85375 78717 1
85375 83021 1
85375 83715 1
85375 85374 1
85375 85956 1
85375 90274 1
85375 109015 1
58196 41413 1
58196 56715 1
58196 65118 1
58196 70705 1
58196 72122 1
58196 73440 1
58196 76552 1
58196 78709 1
58196 82476 1
58196 85374 1
58196 87328 1
58196 87458 1
58196 92284 1
58196 125721 1
86410 76552 1
87458 58196 1
87458 76552 1
40687 30647 1
40687 40686 1
40687 44612 1
40687 65118 1
40687 73413 1
40687 77413 1
40687 121467 1
65118 40687 1
65118 41413 1
65118 44429 1
65118 56715 1
65118 58196 1
65118 59601 1
65118 59853 1
65118 73413 1
65118 73440 1
65118 77413 1
65118 121467 1
65118 125721 1
73413 40687 1
73413 59627 1
73413 59770 1
73413 65118 1
73413 77413 1
73413 93264 1
73413 121467 1
121467 18711 1
121467 39674 1
121467 39675 1
121467 40687 1
121467 65118 1
121467 73413 1
121467 77413 1
121467 85322 1
121467 99281 1
121467 100079 1
57849 58222 1
57849 77669 1
57849 83711 1
59664 83711 1
59844 67040 1
59844 70331 1
59844 75535 1
59844 83711 1
59844 108752 1
70331 58210 1
70331 59844 1
70331 75535 1
70331 83711 1
70331 108752 1
75535 21759 1
75535 48318 1
75535 48326 1
75535 58224 1
75535 58949 1
75535 59844 1
75535 70331 1
75535 83711 1
75535 108752 1
75535 123638 1
82929 48321 1
82929 52494 1
82929 59833 1
82929 62906 1
82929 74438 1
82929 77057 1
82929 81298 1
82929 83036 1
82929 83711 1
82929 84779 2
84779 48341 1
84779 59618 1
84779 59657 1
84779 59833 1
84779 59853 1
84779 63741 1
84779 67261 1
84779 74438 1
84779 77667 1
84779 81298 1
84779 82929 2
84779 83036 1
84779 83711 1
84779 87841 1
84779 96664 1
84779 105421 1
84779 109500 1
108752 59844 1
108752 70331 1
108752 75535 1
108752 83711 1
108752 91559 1
59450 57857 1
59450 65971 1
59450 69226 1
59450 85547 1
59450 92284 1
59450 121470 1
65971 51695 1
65971 57855 1
65971 59450 1
65971 61728 1
65971 69226 1
65971 72122 1
65971 74733 1
65971 76126 1
65971 83967 1
65971 85547 1
65971 92284 1
69226 59450 1
69226 65971 1
69226 85547 1
69226 92284 1
70705 48348 1
70705 55832 1
70705 58196 1
70705 72122 1
70705 78709 1
70705 82476 1
70705 85374 1
70705 92284 1
72122 51695 1
72122 57855 1
72122 58196 1
72122 65971 1
72122 70705 1
72122 74733 1
72122 76126 1
72122 78709 1
72122 82476 1
72122 85374 1
72122 88441 1
72122 92284 1
74971 83715 1
74971 92284 1
74971 107077 1
74971 125504 1
74971 126605 1
78709 44559 1
78709 58196 1
78709 70705 1
78709 72122 1
78709 82476 1
78709 85374 1
78709 92284 1
82476 37371 1
82476 37375 1
82476 58196 1
82476 70705 1
82476 72122 1
82476 72177 1
82476 78709 1
82476 82475 1
82476 85374 1
82476 86721 1
82476 86839 1
82476 90265 2
82476 92284 1
82476 99281 1
82476 103609 2
85374 58196 1
85374 59516 1
85374 64582 1
85374 65985 1
85374 70529 1
85374 70705 1
85374 72122 1
85374 76637 1
85374 78709 1
85374 82476 1
85374 85375 1
85374 92284 1
85547 37369 1
85547 59450 1
85547 65971 1
85547 69226 1
85547 92284 1
85547 106706 1
102460 88769 1
102460 92284 1
102460 96468 1
102460 102461 1
107077 74971 1
107077 77669 1
107077 88160 1
107077 92284 1
110731 92284 1
116692 76487 1
116692 92284 1
116692 112780 2
58944 50563 1
58944 55148 1
58944 59627 1
58944 93600 1
58944 126604 2
71564 50563 1
76498 50563 1
76498 71939 1
76498 77410 1
76498 85375 1
77410 50563 1
77410 74726 1
77410 74727 1
77410 74730 1
77410 74731 2
77410 74732 1
77410 76136 1
77410 76498 1
77410 77057 1
77410 85375 1
77410 90591 1
77410 109828 1
82475 50563 1
82475 82476 1
68468 67261 1
68468 70454 1
68468 72129 1
68468 72187 1
68468 76141 1
68468 85643 1
68468 85799 1
68468 103724 1
72160 61726 1
72160 63741 1
72160 67261 1
72160 72187 1
72160 96055 1
72160 99524 1
72160 99525 1
72187 59422 1
72187 63741 1
72187 66809 1
72187 67261 1
72187 68468 1
72187 68948 1
72187 72160 1
72187 76141 1
72187 76670 1
72187 85643 1
72187 85799 1
72187 103724 1
76141 67261 1
76141 68468 1
76141 72187 1
76141 85643 1
76141 85799 1
76141 103724 1
85643 65983 1
85643 67261 1
85643 68468 1
85643 72187 1
85643 76141 1
85643 85322 1
85643 85799 1
85643 103724 1
85799 37376 1
85799 67261 1
85799 68468 1
85799 72187 1
85799 76141 1
85799 79627 1
85799 85643 1
85799 102891 1
85799 103724 1
87841 67261 1
87841 84779 1
87841 96664 1
87841 109500 1
96055 67261 1
96055 72160 1
96664 67261 1
96664 84779 1
96664 87841 1
96664 109500 1
96664 112522 1
96664 118790 1
103724 67261 1
103724 68468 1
103724 72187 1
103724 76141 1
103724 78716 1
103724 85643 1
103724 85799 1
109500 67261 1
109500 74608 1
109500 77690 1
109500 83715 1
109500 84779 1
109500 87841 1
109500 96664 1
51071 17738 1
51071 72175 1
51071 80353 1
51071 80354 1
51071 80356 1
51071 85322 1
51071 88972 1
51071 93422 1
57205 72802 1
57205 80356 1
57205 99993 1
57205 100080 1
65985 40678 1
65985 55323 1
65985 58947 1
65985 59766 1
65985 61704 1
65985 62900 1
65985 67245 1
65985 71939 1
65985 72177 1
65985 76126 1
65985 76128 1
65985 76129 1
65985 76637 1
65985 80356 1
65985 85374 1
65985 98546 1
65985 124409 1
72177 37371 1
72177 37376 1
72177 58224 1
72177 65985 1
72177 76130 1
72177 80356 1
72177 82476 1
72802 57205 1
72802 57851 1
72802 59849 1
72802 72008 1
72802 72174 1
72802 72803 1
72802 72804 1
72802 80356 1
72802 85956 1
72802 99993 1
72802 100080 1
72802 125141 1
80353 51071 1
80353 80354 1
80353 80356 1
80353 85322 1
80353 88972 1
80353 93422 1
80354 37371 1
80354 51071 1
80354 55174 1
80354 67042 1
80354 78716 1
80354 80353 1
80354 80356 1
80354 85322 1
80354 85552 1
80354 88972 1
80354 93422 1
80354 100085 1
80354 125321 1
80359 58949 1
80359 59618 1
80359 67245 1
80359 76129 1
80359 80356 1
80359 80361 1
80359 90275 1
80361 55170 1
80361 59631 1
80361 80356 1
80361 80359 1
80361 84351 1
80361 86997 1
80361 88972 1
80361 99064 1
80361 103723 1
84981 80356 1
84981 91978 1
84981 93744 1
85322 51071 1
85322 61726 1
85322 65983 1
85322 67251 1
85322 72173 1
85322 80353 1
85322 80354 1
85322 80356 1
85322 84349 1
85322 85643 1
85322 88972 1
85322 93422 1
85322 99281 1
85322 100079 1
85322 121467 1
88972 51071 1
88972 55170 2
88972 59631 1
88972 68465 1
88972 78147 1
88972 78719 1
88972 80353 1
88972 80354 1
88972 80356 1
88972 80361 1
88972 82962 1
88972 83028 1
88972 84351 1
88972 85322 1
88972 86997 1
88972 93422 1
88972 99064 1
88972 105098 1
90591 74731 1
90591 76136 1
90591 77057 1
90591 77410 1
90591 80356 1
90591 109828 1
93422 51071 1
93422 80353 1
93422 80354 1
93422 80356 1
93422 85322 1
93422 88972 1
93744 75950 1
93744 80356 1
93744 84981 1
93744 85414 1
93744 93745 1
99993 57205 1
99993 67258 1
99993 72802 1
99993 74733 1
99993 80356 1
99993 100080 1
100080 57205 1
100080 71483 1
100080 72802 1
100080 80356 1
100080 88987 1
100080 99993 1
58948 21759 1
58948 48350 1
58948 55323 1
58948 93608 1
59839 62590 1
59839 63739 1
59839 83486 1
59839 92535 1
59839 96467 1
83486 59839 1
83486 84350 1
83486 92535 1
83486 96467 1
92535 59839 1
92535 83486 1
92535 96467 1
63330 58215 1
82748 58215 1
82748 88160 1
82748 90648 1
82748 93264 2
82748 112625 1
71782 69225 1
71782 77057 1
71782 87527 1
71782 112522 1
24207 20550 1
24207 20553 1
24207 20556 1
24207 21756 1
24207 22306 1
24207 30645 1
24207 36086 2
24207 37372 1
24207 37382 1
24207 38502 1
24207 39908 1
24207 40127 1
24207 40684 1
24207 52179 1
24207 59422 1
24207 59622 1
24207 64593 1
24207 68466 1
24207 77669 1
24207 77805 1
24207 98715 1
40127 24207 1
40127 59622 1
40127 77805 1
40127 98715 1
44559 58035 1
44559 58195 1
44559 58216 1
44559 64583 1
44559 77805 1
44559 78709 1
44559 115005 1
48351 61991 1
48351 67252 1
48351 74934 1
48351 77805 1
58193 70529 1
58193 77805 1
58193 78948 1
58216 44559 1
58216 77805 1
58216 115005 1
59622 24207 1
59622 40127 1
59622 57858 1
59622 65969 1
59622 77805 1
59622 87177 1
59622 98715 1
59622 121655 1
70529 58193 1
70529 62902 1
70529 63078 1
70529 67258 1
70529 77805 1
70529 85374 1
70529 85375 1
74934 36386 1
74934 48351 1
74934 77805 1
98715 24207 1
98715 40127 1
98715 55941 1
98715 57851 1
98715 59622 1
98715 73365 1
98715 77805 1
98715 108185 1
115005 44559 1
115005 58216 1
115005 72130 1
115005 77805 1
115005 113228 1
61728 65971 1
61728 83967 1
67251 64588 1
67251 77409 1
67251 83967 1
67251 85322 1
67251 101879 1
101613 44425 1
101613 48321 1
101613 50930 1
101613 58947 1
101613 80428 1
101613 83967 1
101879 67251 1
101879 83967 1
44429 59853 1
44429 65118 1
44429 80428 1
44429 85375 1
70312 85375 1
70312 109015 1
76490 77688 1
76490 78717 1
76490 83021 1
76490 83715 1
76490 85375 1
76490 85956 1
76490 90274 1
76490 93600 1
77688 76490 1
77688 78717 1
77688 83021 1
77688 83715 1
77688 85375 1
77688 85956 1
77688 90274 1
78717 76490 1
78717 77688 1
78717 78719 1
78717 83021 1
78717 83715 1
78717 85375 1
78717 85956 1
78717 90274 1
78717 106706 1
83021 76490 1
83021 77688 1
83021 78717 1
83021 83715 1
83021 85375 1
83021 85956 1
83021 90274 1
83715 74608 1
83715 74971 1
83715 76490 1
83715 77688 1
83715 77690 1
83715 78717 1
83715 83021 1
83715 85375 1
83715 85956 1
83715 90274 1
83715 109500 1
83715 125504 1
85956 59849 1
85956 72802 1
85956 72804 1
85956 76490 1
85956 77688 1
85956 78717 1
85956 83021 1
85956 83715 1
85956 85375 1
85956 90274 1
85956 125141 1
90274 76490 1
90274 77688 1
90274 78717 1
90274 83021 1
90274 83715 1
90274 85375 1
90274 85956 1
109015 70312 1
109015 85375 1
41413 56715 1
41413 58195 1
41413 58196 1
41413 59422 1
41413 59618 1
41413 65118 1
41413 73440 1
41413 90275 1
41413 125721 1
56715 41413 1
56715 50930 1
56715 58196 1
56715 65118 1
56715 73440 1
56715 125721 1
73440 41413 1
73440 56715 1
73440 58196 1
73440 65118 1
73440 125721 1
87328 58196 1
125721 41413 1
125721 55323 1
125721 56715 1
125721 58196 1
125721 59422 1
125721 65118 1
125721 73440 1
125721 78147 1
30647 40686 1
30647 40687 1
30647 44612 1
40686 30647 1
40686 40687 1
40686 44612 1
44612 30647 1
44612 40686 1
44612 40687 1
59601 65118 1
59853 44429 1
59853 63741 1
59853 65118 1
59853 81298 1
59853 84779 1
59627 58944 1
59627 59770 1
59627 73413 1
59627 74726 1
59627 74730 1
59627 90265 1
59770 59627 1
59770 73413 1
93264 73413 1
93264 82748 2
93264 90648 1
18711 39674 1
18711 39675 1
18711 121467 1
39674 18711 1
39674 39675 1
39674 121467 1
39675 18711 1
39675 39674 1
39675 121467 1
99281 82476 1
99281 85322 1
99281 86721 1
99281 100079 1
99281 121467 1
100079 71483 1
100079 85322 1
100079 99281 1
100079 121467 1
58222 55170 1
58222 57849 1
58222 77669 1
77669 24207 1
77669 36086 1
77669 37372 1
77669 37375 1
77669 57849 1
77669 58222 1
77669 64593 1
77669 107077 1
67040 59844 1
58210 59422 1
58210 70331 1
21759 48318 1
21759 48326 1
21759 58224 1
21759 58948 1
21759 58949 1
21759 67042 1
21759 68948 1
21759 75535 1
21759 100085 1
21759 125321 1
48318 21759 1
48318 48326 1
48318 58224 2
48318 58949 1
48318 75535 1
48326 21759 1
48326 48318 1
48326 58224 1
48326 58949 1
48326 75535 1
58224 21759 1
58224 37376 1
58224 48318 2
58224 48326 1
58224 58949 1
58224 72177 1
58224 75535 1
58949 21759 1
58949 48318 1
58949 48326 1
58949 57858 1
58949 58224 1
58949 75535 1
58949 76129 1
58949 80359 1
58949 90275 1
123638 75535 1
48321 44425 1
48321 50930 1
48321 58947 1
48321 62906 1
48321 77057 1
48321 80428 1
48321 81298 1
48321 82929 1
48321 101613 1
52494 40678 1
52494 64583 1
52494 77667 1
52494 82929 1
59833 74438 1
59833 82929 1
59833 83036 1
59833 84779 1
62906 48321 1
62906 77057 1
62906 81298 1
62906 82929 1
74438 59833 1
74438 82929 1
74438 83036 1
74438 84779 1
77057 48321 1
77057 62902 1
77057 62906 1
77057 64582 1
77057 71782 1
77057 74731 1
77057 76136 1
77057 77410 1
77057 81298 1
77057 82929 1
77057 90591 1
77057 109828 2
81298 48321 1
81298 59853 1
81298 62906 1
81298 63741 1
81298 77057 1
81298 82929 1
81298 84779 1
83036 59833 1
83036 74438 1
83036 82929 1
83036 84779 1
83036 86997 1
83036 125321 1
48341 59618 1
48341 59657 1
48341 77667 1
48341 84779 1
59618 41413 1
59618 48341 1
59618 59657 1
59618 77667 1
59618 80359 1
59618 84779 1
59657 48341 1
59657 59618 1
59657 77667 2
59657 84779 1
63741 59853 1
63741 72160 1
63741 72187 1
63741 81298 1
63741 84779 1
63741 88160 1
77667 40678 1
77667 48341 1
77667 52494 1
77667 59618 1
77667 59657 2
77667 84779 1
105421 84779 1
91559 108752 1
57857 59450 1
121470 59450 1
121470 79627 1
51695 57855 1
51695 65971 1
51695 72122 1
51695 74733 1
51695 76126 1
51695 89887 1
57855 51695 1
57855 65971 1
57855 72122 1
57855 74733 1
57855 76126 1
74733 44427 1
74733 50930 1
74733 51695 1
74733 57855 1
74733 64593 1
74733 65971 1
74733 72122 1
74733 74726 1
74733 76126 1
74733 76129 1
74733 80428 1
74733 87527 1
74733 99993 1
76126 51695 1
76126 57855 1
76126 58947 1
76126 59766 1
76126 61704 1
76126 62900 1
76126 65971 1
76126 65985 1
76126 67245 1
76126 72122 1
76126 74733 1
76126 76128 1
76126 76129 1
48348 55832 1
48348 70705 1
55832 48348 1
55832 70705 1
88441 59766 1
88441 67245 1
88441 72122 1
125504 74971 1
125504 83715 1
126605 74971 1
37371 55174 1
37371 67042 1
37371 72177 1
37371 78716 1
37371 80354 1
37371 82476 1
37371 85552 1
37371 100085 1
37371 125321 1
37375 77669 1
37375 82476 1
86721 82476 1
86721 99281 1
86721 103609 1
86839 82476 1
86839 103609 1
90265 59627 1
90265 74726 1
90265 74730 1
90265 82476 2
103609 61726 1
103609 68465 1
103609 72008 1
103609 78719 1
103609 82476 2
103609 86721 1
103609 86839 1
59516 67245 1
59516 72173 1
59516 85374 1
59516 86997 1
59516 87177 1
64582 77057 1
64582 85374 1
76637 65985 1
76637 85374 1
37369 85547 1
37369 106706 1
106706 37369 1
106706 78717 1
106706 78719 1
106706 85547 1
88769 102460 1
88769 103460 1
96468 102460 1
102461 90648 1
102461 102460 1
88160 63741 1
88160 82748 1
88160 107077 1
76487 112780 1
76487 116692 1
112780 62902 1
112780 76487 1
112780 116692 2
55148 55323 1
55148 58944 1
93600 58944 1
93600 76490 1
93600 103460 1
126604 58944 2
71939 55174 1
71939 65985 1
71939 76498 1
71939 98546 1
71939 124409 1
74726 48350 1
74726 59627 1
74726 74727 1
74726 74730 2
74726 74731 1
74726 74732 1
74726 74733 1
74726 77410 1
74726 80428 1
74726 90265 1
74727 74726 1
74727 74730 1
74727 74731 1
74727 74732 1
74727 77410 1
74730 55323 1
74730 59627 1
74730 74726 2
74730 74727 1
74730 74731 1
74730 74732 1
74730 77410 1
74730 78147 1
74730 90265 1
74731 74726 1
74731 74727 1
74731 74730 1
74731 74732 1
74731 76136 1
74731 77057 1
74731 77410 2
74731 90591 1
74731 109828 1
74732 74726 1
74732 74727 1
74732 74730 1
74732 74731 1
74732 77410 1
76136 74731 1
76136 77057 1
76136 77410 1
76136 83028 1
76136 83031 1
76136 90591 1
76136 109828 1
109828 74731 1
109828 76136 1
109828 77057 2
109828 77410 1
109828 90591 1
70454 68468 1
70454 72129 1
72129 68468 1
72129 70454 1
61726 72160 1
61726 72173 1
61726 85322 1
61726 103609 1
99524 72160 1
99524 99525 1
99525 72160 1
99525 99524 1
59422 24207 1
59422 30645 1
59422 36086 1
59422 37382 1
59422 39908 1
59422 40684 1
59422 41413 1
59422 52179 1
59422 55323 1
59422 58210 1
59422 66809 2
59422 68466 1
59422 72187 1
59422 76670 1
59422 125721 1
66809 37376 1
66809 55323 1
66809 59422 2
66809 65969 1
66809 72187 1
66809 76670 1
68948 21759 1
68948 55941 1
68948 67042 1
68948 72187 1
68948 100085 1
68948 125321 1
76670 59422 1
76670 66809 1
76670 72187 1
65983 85322 1
65983 85643 1
37376 58224 1
37376 66809 1
37376 72177 1
37376 79627 1
37376 85799 1
37376 86997 1
37376 90275 1
79627 37372 3
79627 37376 1
79627 44427 1
79627 85799 1
79627 121470 1
102891 74608 1
102891 85799 1
102891 87177 1
102891 87179 1
102891 118588 1
112522 71782 1
112522 96664 1
118790 96664 1
78716 37371 1
78716 55174 1
78716 67042 1
78716 80354 1
78716 85552 1
78716 100085 1
78716 103724 1
78716 125321 1
74608 76130 1
74608 77690 1
74608 83715 1
74608 102891 1
74608 109500 1
77690 74608 1
77690 83715 1
77690 109500 1
17738 51071 1
72175 51071 1
40678 38502 1
40678 52494 1
40678 55323 1
40678 65985 1
40678 77667 1
55323 40678 1
55323 55148 1
55323 58948 1
55323 59422 1
55323 65985 1
55323 66809 1
55323 74730 1
55323 78147 1
55323 125721 1
58947 44425 1
58947 48321 1
58947 50930 1
58947 59766 1
58947 61704 1
58947 62900 1
58947 64588 1
58947 65985 1
58947 67245 1
58947 76126 1
58947 76128 1
58947 76129 1
58947 80428 1
58947 101613 1
59766 58947 1
59766 61704 1
59766 62900 1
59766 65985 1
59766 67245 2
59766 76126 1
59766 76128 1
59766 76129 1
59766 88441 1
61704 58947 1
61704 59766 1
61704 62900 1
61704 65985 1
61704 67245 1
61704 76126 1
61704 76128 1
61704 76129 1
62900 58947 1
62900 59766 1
62900 61704 1
62900 65985 1
62900 67245 1
62900 76126 1
62900 76128 1
62900 76129 1
67245 58947 1
67245 59516 1
67245 59766 2
67245 61704 1
67245 62900 1
67245 65985 1
67245 72173 1
67245 76126 1
67245 76128 1
67245 76129 1
67245 80359 1
67245 86997 1
67245 87177 1
67245 88441 1
76128 58947 1
76128 59766 1
76128 61704 1
76128 62900 1
76128 65985 1
76128 67245 1
76128 76126 1
76128 76129 1
76129 44427 1
76129 58947 1
76129 58949 1
76129 59766 1
76129 61704 1
76129 62900 1
76129 64593 1
76129 65985 1
76129 67245 1
76129 74733 1
76129 76126 1
76129 76128 1
76129 80359 1
76129 90275 1
98546 65985 1
98546 71939 1
98546 124409 1
124409 65985 1
124409 71939 1
124409 98546 1
76130 72177 1
76130 74608 1
76130 99064 1
57851 72008 1
57851 72174 1
57851 72802 1
57851 98715 1
59849 72802 1
59849 72804 1
59849 85956 1
59849 125141 1
72008 57851 1
72008 72174 1
72008 72802 1
72008 103609 1
72174 57851 1
72174 72008 1
72174 72802 1
72803 72165 1
72803 72802 1
72804 59849 1
72804 72802 1
72804 85956 1
72804 125141 1
125141 59849 1
125141 72802 1
125141 72804 1
125141 85956 1
55174 37371 1
55174 67042 1
55174 71939 1
55174 78716 1
55174 80354 1
55174 85552 1
55174 100085 1
55174 125321 1
67042 21759 1
67042 37371 1
67042 55174 1
67042 68948 1
67042 78716 1
67042 80354 1
67042 85552 1
67042 100085 2
67042 125321 2
85552 37371 1
85552 55174 1
85552 67042 1
85552 78716 1
85552 80354 1
85552 100085 1
85552 125321 1
100085 21759 1
100085 37371 1
100085 55174 1
100085 67042 2
100085 68948 1
100085 78716 1
100085 80354 1
100085 85552 1
100085 125321 2
125321 21759 1
125321 37371 1
125321 55174 1
125321 67042 2
125321 68948 1
125321 78716 1
125321 80354 1
125321 83036 1
125321 85552 1
125321 86997 1
125321 100085 2
90275 37376 1
90275 41413 1
90275 58195 1
90275 58949 1
90275 76129 1
90275 80359 1
55170 58222 1
55170 59631 1
55170 68465 1
55170 78147 1
55170 78719 2
55170 80361 1
55170 84351 1
55170 86997 1
55170 88972 2
55170 99064 1
55170 105098 2
59631 55170 1
59631 80361 1
59631 84351 1
59631 86997 1
59631 88972 1
59631 99064 1
84351 55170 1
84351 59631 1
84351 80361 1
84351 86997 1
84351 88972 1
84351 99064 1
86997 37376 1
86997 55170 1
86997 59516 1
86997 59631 1
86997 67245 1
86997 72173 1
86997 80361 1
86997 83036 1
86997 84351 1
86997 87177 1
86997 88972 1
86997 99064 1
86997 125321 1
99064 55170 1
99064 59631 1
99064 76130 1
99064 80361 1
99064 84351 1
99064 86997 1
99064 88972 1
103723 72173 1
103723 80361 1
91978 84981 1
72173 59516 1
72173 61726 1
72173 67245 1
72173 85322 1
72173 86997 1
72173 87177 1
72173 103723 1
84349 85322 1
68465 55170 1
68465 78147 1
68465 78719 2
68465 88972 1
68465 103609 1
68465 105098 1
78147 55170 1
78147 55323 1
78147 68465 1
78147 74730 1
78147 78719 1
78147 88972 1
78147 105098 1
78147 125721 1
78719 55170 2
78719 68465 2
78719 78147 1
78719 78717 1
78719 88972 1
78719 103609 1
78719 105098 1
78719 106706 1
82962 88972 1
83028 76136 1
83028 88972 1
105098 55170 2
105098 68465 1
105098 78147 1
105098 78719 1
105098 84350 1
105098 88972 1
105098 102886 1
75950 85414 1
75950 93744 1
85414 75950 1
85414 93744 1
93745 93744 1
67258 64593 1
67258 69207 1
67258 70529 1
67258 99993 1
67258 103460 1
71483 88987 1
71483 100079 1
71483 100080 1
88987 71483 1
88987 100080 1
48350 58948 1
48350 74726 1
62590 59839 1
62590 63739 1
63739 59839 1
63739 62590 1
84350 65969 1
84350 83486 1
84350 105098 1
90648 82748 1
90648 93264 1
90648 102461 1
112625 82748 1
87527 71782 1
87527 74733 1
20550 20553 1
20550 20556 1
20550 21756 1
20550 22306 2
20550 24207 1
20553 20550 1
20553 20556 1
20553 21756 1
20553 22306 1
20553 24207 1
20556 20550 1
20556 20553 1
20556 21756 1
20556 22306 1
20556 24207 1
21756 20550 1
21756 20553 1
21756 20556 1
21756 22306 1
21756 24207 1
22306 18334 1
22306 20550 2
22306 20553 1
22306 20556 1
22306 21756 1
22306 24207 1
30645 24207 1
30645 36086 1
30645 37382 1
30645 39908 1
30645 40684 1
30645 52179 1
30645 59422 1
30645 68466 1
36086 24207 2
36086 30645 1
36086 37372 1
36086 37382 1
36086 39908 1
36086 40684 1
36086 52179 1
36086 59422 1
36086 64593 1
36086 67252 1
36086 68466 1
36086 77669 1
37372 24207 1
37372 36086 1
37372 64593 1
37372 77669 1
37372 79627 3
37382 24207 1
37382 30645 1
37382 36086 1
37382 39908 1
37382 40684 1
37382 52179 1
37382 59422 1
37382 68466 1
38502 24207 1
38502 36386 1
38502 40678 1
38502 77409 1
39908 24207 1
39908 30645 1
39908 36086 1
39908 37382 1
39908 40684 1
39908 52179 1
39908 59422 1
39908 68466 1
40684 24207 1
40684 30645 1
40684 36086 1
40684 37382 1
40684 39908 1
40684 52179 1
40684 59422 1
40684 68466 1
52179 24207 1
52179 30645 1
52179 36086 1
52179 37382 1
52179 39908 1
52179 40684 1
52179 59422 1
52179 68466 1
64593 24207 1
64593 36086 1
64593 37372 1
64593 44427 1
64593 67258 1
64593 74733 1
64593 76129 1
64593 77669 1
68466 24207 1
68466 30645 1
68466 36086 1
68466 37382 1
68466 39908 1
68466 40684 1
68466 52179 1
68466 59422 1
68466 76927 1
68466 87179 1
58035 44559 1
58035 58195 1
58035 64583 1
58195 41413 1
58195 44559 1
58195 58035 1
58195 64583 1
58195 90275 1
64583 44559 1
64583 52494 1
64583 58035 1
64583 58195 1
61991 48351 1
61991 67252 1
67252 36086 1
67252 41415 1
67252 48351 1
67252 61991 1
78948 58193 1
57858 58949 1
57858 59622 1
57858 65969 1
57858 87177 1
57858 121655 1
65969 57858 1
65969 59622 1
65969 66809 1
65969 84350 1
65969 87177 1
65969 121655 1
87177 57858 1
87177 59516 1
87177 59622 1
87177 65969 1
87177 67245 1
87177 72173 1
87177 86997 1
87177 87179 1
87177 102891 1
87177 118588 1
87177 121655 1
121655 57858 1
121655 59622 1
121655 65969 1
121655 87177 1
62902 70529 1
62902 77057 1
62902 112780 1
63078 70529 1
36386 38502 1
36386 74934 1
55941 68948 1
55941 73365 1
55941 98715 1
73365 55941 1
73365 98715 1
108185 98715 1
72130 115005 1
113228 115005 1
64588 58947 1
64588 67251 1
77409 38502 1
77409 67251 1
44425 48321 1
44425 50930 1
44425 58947 1
44425 80428 1
44425 101613 1
50930 44425 1
50930 48321 1
50930 56715 1
50930 58947 1
50930 74733 1
50930 80428 1
50930 101613 1
80428 44425 1
80428 44429 1
80428 48321 1
80428 50930 1
80428 58947 1
80428 74726 1
80428 74733 1
80428 101613 1
89887 51695 1
44427 64593 1
44427 74733 1
44427 76129 1
44427 79627 1
103460 67258 1
103460 88769 1
103460 93600 1
83031 76136 1
87179 68466 1
87179 76927 1
87179 87177 1
87179 102891 1
87179 118588 1
118588 87177 1
118588 87179 1
118588 102891 1
72165 72803 1
72165 102886 1
102886 72165 1
102886 105098 1
69207 67258 1
18334 22306 1
76927 68466 1
76927 87179 1
41415 67252 1
