23428 22938 1
22938 20749 1
22938 20981 1
22938 23428 1
22938 36079 1
22938 36271 1
20749 20981 1
20749 22938 1
20749 36079 1
20749 36271 1
20981 13693 2
20981 20743 2
20981 20744 1
20981 20745 1
20981 20746 1
20981 20747 1
20981 20749 1
20981 22938 1
20981 36079 1
20981 36271 1
20981 37533 1
20981 39811 1
20981 40923 1
36079 19767 1
36079 19773 1
36079 20749 1
36079 20981 1
36079 21007 1
36079 22593 1
36079 22594 1
36079 22595 1
36079 22938 1
36079 25135 1
36079 27838 1
36079 27865 1
36079 33416 1
36079 33417 1
36079 35709 1
36079 36271 1
36079 36334 1
36079 37569 1
36079 41490 1
36079 72183 1
36271 20749 1
36271 20981 1
36271 22938 1
36271 36079 1
13693 20743 2
13693 20744 1
13693 20745 1
13693 20746 1
13693 20747 1
13693 20981 2
13693 35051 1
13693 39811 1
13693 40923 1
13693 41159 1
13693 43750 1
13693 58188 1
13693 71426 1
13693 81589 1
13693 86842 1
13693 90075 1
13693 90413 1
13693 93959 1
20743 13693 2
20743 20744 1
20743 20745 1
20743 20746 1
20743 20747 1
20743 20981 2
20743 23430 1
20743 24201 1
20743 24202 1
20743 24205 1
20743 36379 1
20743 39811 1
20743 40865 1
20743 40923 1
20743 44546 1
20743 65594 1
20744 13693 1
20744 19770 1
20744 20743 1
20744 20745 1
20744 20746 1
20744 20747 1
20744 20981 1
20744 23256 1
20744 39811 1
20744 40679 1
20744 40682 1
20744 40923 1
20744 42397 1
20744 56616 1
20744 57278 1
20744 57741 1
20744 59832 1
20744 63782 2
20744 67241 1
20745 13693 1
20745 20743 1
20745 20744 1
20745 20746 1
20745 20747 1
20745 20981 1
20745 29139 1
20745 30646 1
20745 33421 1
20745 34846 1
20745 36080 1
20745 36082 1
20745 36532 1
20745 37669 1
20745 38587 1
20745 39810 1
20745 39811 2
20745 39904 1
20745 39909 1
20745 40681 1
20745 40923 1
20745 41930 1
20745 46167 1
20745 48305 1
20745 58208 1
20745 61405 1
20745 64746 1
20745 88554 1
20745 105923 1
20746 13693 1
20746 20743 1
20746 20744 1
20746 20745 1
20746 20747 1
20746 20981 1
20746 39811 1
20746 39904 1
20746 39911 1
20746 40923 1
20746 44555 1
20746 44977 1
20746 44978 1
20746 44979 1
20746 44980 1
20746 49470 1
20746 54496 1
20746 54561 1
20746 55147 1
20746 61405 1
20746 62578 1
20747 13693 1
20747 20743 1
20747 20744 1
20747 20745 1
20747 20746 1
20747 20981 1
20747 39811 1
20747 40923 1
20747 50574 1
20747 61101 1
20747 62581 1
37533 19374 1
37533 19767 1
37533 19769 1
37533 20418 1
37533 20549 1
37533 20554 1
37533 20555 1
37533 20981 1
37533 22467 1
37533 22593 1
37533 22877 1
37533 22994 1
37533 23570 1
37533 25134 1
37533 26409 1
37533 33487 1
37533 33606 1
37533 33855 1
37533 36037 1
37533 36038 1
37533 37925 1
37533 39914 1
37533 53913 1
37533 61076 1
37533 76489 1
39811 13693 1
39811 19770 1
39811 20743 1
39811 20744 1
39811 20745 2
39811 20746 1
39811 20747 1
39811 20981 1
39811 21010 1
39811 23005 1
39811 24210 1
39811 29792 1
39811 30642 1
39811 33420 1
39811 33421 1
39811 34846 1
39811 37669 1
39811 39810 1
39811 39904 1
39811 39909 1
39811 40681 1
39811 40923 1
39811 41930 1
39811 43849 1
39811 44433 1
39811 44434 1
39811 44977 1
39811 45398 1
39811 46167 1
39811 48305 1
39811 52178 1
39811 57124 1
39811 58208 1
39811 59424 1
39811 61405 1
39811 64746 1
39811 88554 1
39811 105923 1
39811 125070 1
39811 125153 1
39811 125157 2
40923 13693 1
40923 20743 1
40923 20744 1
40923 20745 1
40923 20746 1
40923 20747 1
40923 20981 1
40923 21279 1
40923 21280 1
40923 21281 1
40923 33428 1
40923 33430 1
40923 33431 1
40923 36385 1
40923 39478 1
40923 39479 1
40923 39811 1
40923 40921 1
40923 40922 1
40923 48304 1
40923 65311 1
40923 76489 1
19767 18710 1
19767 19773 1
19767 20554 1
19767 21007 1
19767 22467 1
19767 22593 1
19767 22877 1
19767 25135 1
19767 27838 1
19767 33416 1
19767 33487 1
19767 33594 1
19767 35436 1
19767 36037 1
19767 36038 1
19767 36079 1
19767 36080 1
19767 36334 1
19767 37533 1
19767 72183 1
19773 19764 1
19773 19767 1
19773 19771 1
19773 19772 1
19773 19774 1
19773 19775 1
19773 21007 2
19773 25135 1
19773 27838 1
19773 33416 1
19773 36079 1
19773 36334 1
19773 72183 1
21007 19764 1
21007 19767 1
21007 19771 1
21007 19772 1
21007 19773 2
21007 19774 1
21007 19775 1
21007 25135 1
21007 27838 1
21007 33416 1
21007 36079 1
21007 36334 1
21007 72183 1
22593 9871 1
22593 18710 1
22593 19764 1
22593 19767 1
22593 19776 2
22593 20551 1
22593 20552 1
22593 20554 2
22593 21279 2
22593 22236 1
22593 22467 2
22593 22594 1
22593 22595 1
22593 22877 2
22593 22994 1
22593 23571 1
22593 24008 1
22593 27865 1
22593 33416 1
22593 33417 1
22593 33487 1
22593 36037 1
22593 36038 1
22593 36079 1
22593 36382 1
22593 37533 1
22593 37569 1
22593 40386 1
22593 53913 1
22593 121639 1
22594 19772 1
22594 21934 1
22594 22593 1
22594 22595 2
22594 23255 1
22594 27865 1
22594 33417 1
22594 36079 1
22594 37569 1
22594 42146 1
22594 51690 1
22595 22593 1
22595 22594 2
22595 27865 1
22595 33417 1
22595 36079 1
22595 37569 1
25135 19767 1
25135 19773 1
25135 20420 1
25135 21007 1
25135 22236 1
25135 24354 1
25135 27838 1
25135 29790 1
25135 30641 1
25135 33416 1
25135 36079 1
25135 36080 1
25135 36273 1
25135 36334 1
25135 39906 1
25135 48344 1
25135 59620 1
25135 72183 1
27838 19767 1
27838 19773 1
27838 21007 1
27838 25135 1
27838 33416 1
27838 36037 1
27838 36079 1
27838 36334 1
27838 72183 1
27865 19764 1
27865 19766 1
27865 19777 1
27865 22211 1
27865 22212 1
27865 22593 1
27865 22594 1
27865 22595 1
27865 23430 1
27865 24682 2
27865 24769 2
27865 29794 1
27865 30224 1
27865 30646 1
27865 31696 1
27865 33417 1
27865 34849 1
27865 36079 1
27865 36272 1
27865 37569 1
27865 62901 1
33416 19767 1
33416 19773 1
33416 21007 1
33416 22593 1
33416 22994 1
33416 25135 1
33416 27838 1
33416 33419 1
33416 33420 1
33416 33421 1
33416 33594 1
33416 36079 1
33416 36334 1
33416 36382 1
33416 38195 1
33416 39910 1
33416 53631 1
33416 72183 1
33417 20751 1
33417 22593 1
33417 22594 1
33417 22595 1
33417 24769 1
33417 27865 1
33417 31694 1
33417 33419 1
33417 36079 1
33417 36382 1
33417 37569 1
33417 38899 1
33417 40384 1
33417 41490 1
33417 45670 1
33417 59765 1
33417 68469 1
35709 14202 1
35709 19775 1
35709 22307 1
35709 22994 1
35709 30646 1
35709 31695 1
35709 32496 1
35709 36079 1
35709 37570 1
35709 41490 1
35709 47092 1
35709 121680 1
36334 19767 1
36334 19773 1
36334 21007 1
36334 21969 1
36334 22216 1
36334 22217 1
36334 25135 1
36334 27838 1
36334 28773 1
36334 31701 1
36334 33416 1
36334 36040 1
36334 36079 1
36334 38197 1
36334 38591 1
36334 41490 1
36334 44552 1
36334 46098 1
36334 72183 1
37569 19262 1
37569 20419 1
37569 20420 1
37569 22593 1
37569 22594 1
37569 22595 1
37569 23004 1
37569 23007 1
37569 23429 1
37569 27865 1
37569 30652 1
37569 31061 1
37569 33417 1
37569 33426 1
37569 36079 1
37569 37551 2
37569 37570 1
37569 39200 1
37569 39809 1
37569 40681 2
37569 44362 1
37569 57859 1
41490 20751 1
41490 26408 1
41490 31694 1
41490 33417 1
41490 33419 1
41490 35709 1
41490 36079 1
41490 36270 1
41490 36272 1
41490 36334 1
41490 36380 1
41490 36381 1
41490 36382 1
41490 38899 1
41490 39913 1
41490 40384 1
41490 40682 1
41490 41942 1
41490 43277 1
41490 45670 1
41490 46098 1
41490 47090 1
41490 48307 1
41490 48343 1
41490 49735 1
41490 54417 1
41490 55939 1
41490 58212 1
41490 59625 1
41490 59765 2
41490 59832 1
41490 62901 1
41490 68469 1
41490 72191 1
41490 72706 1
41490 75533 1
41490 80357 1
41490 88162 1
72183 19767 1
72183 19773 1
72183 21007 1
72183 21009 1
72183 25135 1
72183 25732 1
72183 27838 1
72183 33416 1
72183 36041 1
72183 36079 1
72183 36334 1
72183 37367 1
72183 37374 1
72183 39913 1
72183 44551 1
72183 44556 1
72183 48306 1
72183 50564 1
72183 52492 1
72183 54128 1
72183 55834 1
72183 57847 2
72183 57865 1
72183 58197 1
72183 59829 1
72183 61100 1
72183 62582 1
72183 63079 1
72183 63385 1
72183 64590 1
72183 64897 1
72183 65313 1
72183 67238 1
72183 70526 1
72183 72166 1
72183 73346 1
72183 74780 1
72183 74970 1
72183 75532 1
72183 75541 1
72183 76134 1
72183 76145 1
72183 76146 1
72183 76205 1
72183 76394 1
72183 76548 1
72183 76999 1
72183 78022 1
72183 80360 1
72183 81670 1
72183 81943 1
72183 88767 2
72183 88976 1
72183 90377 1
72183 90741 1
72183 96472 1
72183 103565 1
72183 108347 1
72183 112658 1
72183 114757 1
72183 121716 1
72183 123672 1
72183 123678 1
72183 125070 1
35051 13693 1
41159 13693 1
41159 43956 1
41159 71426 1
43750 13693 1
43750 58188 1
43750 93959 1
58188 13693 1
58188 43750 1
58188 93959 1
58188 93982 1
71426 13693 1
71426 41159 1
81589 13693 1
81589 28253 1
81589 32033 1
81589 79783 1
81589 86842 1
81589 90413 1
86842 13693 1
86842 81589 1
86842 90413 1
90075 13693 1
90413 13693 1
90413 76542 1
90413 81589 1
90413 86842 1
93959 13693 1
93959 43750 1
93959 58188 1
93959 125547 1
93959 126821 1
93959 127217 1
23430 20743 1
23430 24682 1
23430 27865 1
23430 29794 1
23430 31696 1
23430 37844 1
23430 62901 1
24201 18710 1
24201 20418 1
24201 20419 1
24201 20743 1
24201 24202 4
24201 24205 4
24201 38660 1
24201 40865 1
24201 44503 1
24201 44546 1
24201 65594 1
24202 18710 1
24202 20418 1
24202 20419 1
24202 20743 1
24202 24201 4
24202 24205 4
24202 37669 1
24202 38660 1
24202 40865 1
24202 44546 1
24202 65594 1
24205 18710 1
24205 20418 1
24205 20419 1
24205 20743 1
24205 24201 4
24205 24202 4
24205 38660 1
24205 40865 1
24205 44546 1
24205 65594 1
36379 19262 1
36379 20743 1
36379 21279 1
36379 33420 1
36379 39809 1
40865 20743 1
40865 24201 1
40865 24202 1
40865 24205 1
40865 42584 1
40865 44546 1
40865 65594 1
44546 20743 1
44546 21279 1
44546 24201 1
44546 24202 1
44546 24205 1
44546 40865 1
44546 65594 1
65594 20743 1
65594 24201 1
65594 24202 1
65594 24205 1
65594 40865 1
65594 44546 1
19770 20744 1
19770 29792 1
19770 33420 1
19770 39811 1
19770 40679 1
19770 40682 1
19770 44977 1
19770 57124 2
19770 59620 1
19770 63782 1
19770 67241 1
19770 125070 1
19770 125153 1
19770 125157 1
23256 20744 1
23256 23255 1
23256 36511 1
23256 42397 1
23256 56616 1
23256 63782 1
40679 19770 1
40679 20554 1
40679 20744 1
40679 23571 1
40679 33428 1
40679 39478 1
40679 40682 3
40679 57741 1
40679 57847 1
40679 59625 1
40679 59765 1
40679 59829 1
40679 63782 1
40679 125070 1
40679 125157 1
40682 19770 1
40682 20744 1
40682 26408 1
40682 40679 3
40682 40681 1
40682 41490 1
40682 47090 1
40682 53631 1
40682 55939 1
40682 57847 1
40682 61076 1
40682 63782 1
40682 125070 1
42397 20744 1
42397 23256 1
42397 25851 1
42397 56616 1
42397 63782 1
56616 19262 1
56616 20744 1
56616 23256 1
56616 31061 1
56616 42397 1
56616 44555 1
56616 48304 1
56616 57124 2
56616 61100 1
56616 61101 1
56616 63782 1
57278 20744 1
57278 36273 1
57741 20554 1
57741 20744 1
57741 23571 1
57741 29794 1
57741 36273 1
57741 38195 1
57741 39478 1
57741 39809 1
57741 40679 1
57741 55147 1
57741 57124 1
57741 59829 1
57741 59832 1
57741 67241 1
59832 20744 1
59832 36270 1
59832 36380 1
59832 36381 1
59832 41490 1
59832 41942 1
59832 43277 1
59832 48343 1
59832 54417 1
59832 57741 1
59832 58208 1
59832 59829 1
59832 67241 1
59832 78022 1
63782 19770 1
63782 20744 2
63782 23256 1
63782 36041 1
63782 36270 1
63782 40679 1
63782 40682 1
63782 42397 1
63782 49735 1
63782 50574 1
63782 56616 1
63782 63079 1
63782 63783 1
67241 19770 1
67241 20744 1
67241 57741 1
67241 58208 1
67241 59832 1
67241 76146 1
67241 125070 1
29139 20745 1
29139 30646 1
29139 36080 1
29139 36082 1
29139 36532 1
29139 38587 1
30646 20745 1
30646 24769 1
30646 25134 1
30646 27865 1
30646 29139 1
30646 30223 1
30646 30224 2
30646 31695 1
30646 32496 1
30646 34849 1
30646 35709 1
30646 36080 1
30646 36082 2
30646 36272 1
30646 36532 1
30646 37570 1
30646 38587 1
30646 39906 1
30646 47092 2
33421 20745 1
33421 21009 1
33421 33416 1
33421 33419 2
33421 33420 2
33421 33594 1
33421 34846 1
33421 36270 1
33421 37669 1
33421 38195 1
33421 39810 1
33421 39811 1
33421 39904 1
33421 39909 1
33421 39910 1
33421 40681 1
33421 41930 1
33421 46167 1
33421 48305 1
33421 49470 1
33421 53631 1
33421 58208 1
33421 61405 1
33421 64746 1
33421 88554 1
33421 105923 1
34846 20745 1
34846 33421 1
34846 34845 2
34846 34847 1
34846 37669 1
34846 39810 1
34846 39811 1
34846 39904 1
34846 39909 1
34846 40681 1
34846 41930 1
34846 46167 1
34846 48305 1
34846 58208 1
34846 59298 1
34846 59596 1
34846 61405 1
34846 64746 1
34846 88554 1
34846 105923 1
36080 18710 1
36080 19767 1
36080 20420 1
36080 20745 1
36080 21010 1
36080 23429 1
36080 25135 1
36080 29139 1
36080 29790 1
36080 30646 1
36080 32496 1
36080 36082 1
36080 36273 1
36080 36532 1
36080 38587 1
36080 39906 1
36080 48344 1
36080 53281 1
36080 59620 1
36080 125153 1
36082 20745 1
36082 29139 1
36082 30646 2
36082 36080 1
36082 36532 1
36082 38587 1
36082 47092 1
36532 20420 1
36532 20745 1
36532 29139 1
36532 30646 1
36532 33426 1
36532 36080 1
36532 36082 1
36532 37492 1
36532 38587 1
37669 20745 1
37669 24202 1
37669 33421 1
37669 34846 1
37669 39810 2
37669 39811 1
37669 39904 1
37669 39909 1
37669 40681 1
37669 41930 1
37669 46167 1
37669 48305 1
37669 58208 1
37669 61405 1
37669 64746 1
37669 88554 1
37669 105923 1
38587 20745 1
38587 29139 1
38587 30646 1
38587 36080 1
38587 36082 1
38587 36532 1
39810 20549 1
39810 20551 1
39810 20555 1
39810 20745 1
39810 22307 1
39810 33421 1
39810 34846 1
39810 37669 2
39810 39479 1
39810 39811 1
39810 39904 1
39810 39909 1
39810 40681 1
39810 41930 1
39810 44434 1
39810 46167 1
39810 48305 1
39810 54561 1
39810 58208 1
39810 59765 1
39810 61405 1
39810 64746 1
39810 88554 1
39810 105923 1
39904 18710 1
39904 20745 1
39904 20746 1
39904 33421 1
39904 33428 1
39904 34846 1
39904 36380 1
39904 37669 1
39904 39810 1
39904 39811 1
39904 39909 1
39904 39911 1
39904 40681 1
39904 41930 1
39904 44555 1
39904 44977 1
39904 44978 1
39904 44979 1
39904 44980 1
39904 46167 1
39904 48305 1
39904 49470 1
39904 54496 1
39904 54561 1
39904 55147 1
39904 58208 1
39904 61405 2
39904 62578 1
39904 64746 1
39904 88554 1
39904 105923 1
39909 20745 1
39909 33421 1
39909 34846 1
39909 37669 1
39909 39810 1
39909 39811 1
39909 39904 1
39909 40681 1
39909 41930 1
39909 46167 1
39909 48305 1
39909 58208 1
39909 61405 1
39909 64746 1
39909 88554 1
39909 105923 1
40681 19262 1
40681 20745 1
40681 23004 1
40681 23007 1
40681 23429 1
40681 30652 1
40681 31061 1
40681 33421 1
40681 34846 1
40681 36272 1
40681 36380 1
40681 36381 1
40681 37551 1
40681 37569 2
40681 37669 1
40681 39810 1
40681 39811 1
40681 39902 1
40681 39904 1
40681 39909 1
40681 40677 1
40681 40682 1
40681 41930 1
40681 44362 1
40681 44556 1
40681 46167 2
40681 48305 1
40681 48307 1
40681 54417 1
40681 55145 1
40681 57859 1
40681 58208 1
40681 61405 1
40681 64746 1
40681 88554 1
40681 105923 1
41930 20745 1
41930 33421 1
41930 34846 1
41930 37669 1
41930 39810 1
41930 39811 1
41930 39904 1
41930 39909 1
41930 40681 1
41930 46167 1
41930 48305 1
41930 49470 1
41930 58208 1
41930 61405 1
41930 64746 1
41930 88554 1
41930 105923 1
46167 20745 1
46167 23007 1
46167 29794 1
46167 33421 1
46167 33428 1
46167 33430 1
46167 33431 1
46167 33605 1
46167 33606 2
46167 34846 1
46167 36380 1
46167 36381 1
46167 37669 1
46167 39810 1
46167 39811 1
46167 39904 1
46167 39909 1
46167 40681 2
46167 41930 1
46167 48305 1
46167 48307 1
46167 48343 1
46167 58208 1
46167 61405 1
46167 64746 1
46167 88554 1
46167 105923 1
46167 125070 1
48305 20745 1
48305 33421 1
48305 34846 1
48305 37669 1
48305 39810 1
48305 39811 1
48305 39904 1
48305 39909 1
48305 40681 1
48305 41930 1
48305 46167 1
48305 58208 1
48305 61405 1
48305 64746 1
48305 88554 1
48305 105923 1
58208 20745 1
58208 33421 1
58208 34846 1
58208 37669 1
58208 39810 1
58208 39811 1
58208 39904 1
58208 39909 1
58208 40681 1
58208 41930 1
58208 46167 1
58208 48305 1
58208 52178 1
58208 59832 1
58208 61101 1
58208 61405 1
58208 64746 1
58208 67241 1
58208 78022 1
58208 88554 1
58208 96472 1
58208 105923 1
61405 20745 1
61405 20746 1
61405 33421 1
61405 34846 1
61405 37669 1
61405 39810 1
61405 39811 1
61405 39904 2
61405 39909 1
61405 39911 1
61405 40681 1
61405 41930 1
61405 44555 1
61405 44977 1
61405 44978 1
61405 44979 1
61405 44980 1
61405 46167 1
61405 48305 1
61405 49470 1
61405 54496 1
61405 54561 1
61405 55147 1
61405 58208 1
61405 62578 1
61405 64746 1
61405 88554 1
61405 105923 1
64746 20745 1
64746 33421 1
64746 34846 1
64746 37669 1
64746 39810 1
64746 39811 1
64746 39904 1
64746 39909 1
64746 40681 1
64746 41930 1
64746 46167 1
64746 48305 1
64746 58208 1
64746 61405 1
64746 88554 1
64746 105923 1
88554 20745 1
88554 33421 1
88554 34846 1
88554 37669 1
88554 39810 1
88554 39811 1
88554 39904 1
88554 39909 1
88554 40681 1
88554 41930 1
88554 46167 1
88554 48305 1
88554 58208 1
88554 61405 1
88554 64746 1
88554 105923 1
105923 20745 1
105923 33421 1
105923 34846 1
105923 37669 1
105923 39810 1
105923 39811 1
105923 39904 1
105923 39909 1
105923 40681 1
105923 41930 1
105923 44551 1
105923 46167 1
105923 48305 1
105923 48343 1
105923 58208 1
105923 61405 1
105923 64746 1
105923 76489 1
105923 88554 1
105923 88976 1
105923 108347 1
39911 20746 1
39911 39904 1
39911 44555 1
39911 44977 1
39911 44978 1
39911 44979 1
39911 44980 1
39911 49470 1
39911 54496 1
39911 54561 1
39911 55147 1
39911 61405 1
39911 62578 1
44555 20746 1
44555 31061 1
44555 37570 1
44555 39904 1
44555 39911 1
44555 44977 1
44555 44978 4
44555 44979 1
44555 44980 1
44555 49470 1
44555 54496 1
44555 54561 1
44555 55147 1
44555 56616 1
44555 57124 1
44555 59514 1
44555 61405 1
44555 62578 1
44555 125157 1
44977 19770 1
44977 20746 1
44977 29792 1
44977 33420 1
44977 36382 1
44977 39811 1
44977 39904 1
44977 39911 1
44977 44555 1
44977 44978 1
44977 44979 1
44977 44980 1
44977 49470 1
44977 54496 1
44977 54561 1
44977 55147 1
44977 57124 1
44977 59424 1
44977 61076 1
44977 61405 1
44977 62578 1
44977 125070 1
44977 125153 1
44977 125157 1
44978 20746 1
44978 31061 1
44978 39904 1
44978 39911 1
44978 42146 1
44978 44555 4
44978 44977 1
44978 44979 1
44978 44980 1
44978 49470 1
44978 54496 1
44978 54561 1
44978 55145 1
44978 55147 2
44978 55939 1
44978 57124 1
44978 61405 1
44978 62578 1
44979 20746 1
44979 39904 1
44979 39911 1
44979 44555 1
44979 44977 1
44979 44978 1
44979 44980 1
44979 49470 1
44979 50564 1
44979 52178 1
44979 54496 1
44979 54561 1
44979 55147 1
44979 61405 1
44979 62578 1
44980 20746 1
44980 28773 1
44980 36270 1
44980 39809 1
44980 39904 1
44980 39911 1
44980 44434 1
44980 44555 1
44980 44977 1
44980 44978 1
44980 44979 1
44980 45670 1
44980 48307 1
44980 49470 1
44980 54496 1
44980 54561 1
44980 55147 1
44980 57124 1
44980 61405 1
44980 62578 1
44980 121716 1
44980 123402 1
49470 20746 1
49470 21009 1
49470 25733 1
49470 33419 1
49470 33420 1
49470 33421 1
49470 33428 1
49470 33430 1
49470 33431 1
49470 36270 1
49470 39904 1
49470 39910 1
49470 39911 1
49470 41930 1
49470 44555 1
49470 44977 1
49470 44978 1
49470 44979 1
49470 44980 1
49470 45398 1
49470 53631 1
49470 54496 1
49470 54561 1
49470 55147 1
49470 59424 1
49470 61405 1
49470 62578 1
54496 20746 1
54496 39904 1
54496 39911 1
54496 44555 1
54496 44977 1
54496 44978 1
54496 44979 1
54496 44980 1
54496 49470 1
54496 54561 1
54496 55147 1
54496 61405 1
54496 62578 1
54496 74780 1
54561 20746 1
54561 39810 1
54561 39904 1
54561 39911 1
54561 44555 1
54561 44977 1
54561 44978 1
54561 44979 1
54561 44980 1
54561 49470 1
54561 54496 1
54561 55147 1
54561 61405 1
54561 62578 1
55147 20418 1
55147 20419 1
55147 20746 1
55147 29794 1
55147 38899 1
55147 39809 1
55147 39904 1
55147 39911 1
55147 44555 1
55147 44977 1
55147 44978 2
55147 44979 1
55147 44980 1
55147 49470 1
55147 54496 1
55147 54561 1
55147 55145 1
55147 57741 1
55147 61405 1
55147 62578 1
62578 20746 1
62578 39904 1
62578 39911 1
62578 44555 1
62578 44977 1
62578 44978 1
62578 44979 1
62578 44980 1
62578 49470 1
62578 54496 1
62578 54561 1
62578 55147 1
62578 61405 1
50574 20747 1
50574 38197 1
50574 49735 1
50574 59829 1
50574 61101 1
50574 62581 1
50574 63782 1
61101 20747 1
61101 37374 1
61101 50574 1
61101 56616 1
61101 58208 1
61101 61100 1
61101 62581 2
61101 75533 1
62581 20747 1
62581 37374 1
62581 50574 1
62581 55834 1
62581 61101 2
19374 26409 1
19374 37533 1
19769 37533 1
19769 39914 1
19769 40386 1
19769 53913 1
20418 18710 1
20418 20419 5
20418 22994 1
20418 24201 1
20418 24202 1
20418 24205 1
20418 33606 1
20418 37533 1
20418 37551 1
20418 37925 1
20418 38899 1
20418 55147 1
20549 20551 1
20549 20552 1
20549 20555 3
20549 22307 1
20549 23570 1
20549 25134 1
20549 30223 1
20549 37533 1
20549 39479 1
20549 39810 1
20549 44434 1
20549 59765 1
20554 18710 1
20554 19767 1
20554 20552 1
20554 22467 1
20554 22593 2
20554 22877 1
20554 23571 2
20554 33487 1
20554 36037 1
20554 36038 1
20554 37533 1
20554 39478 1
20554 40679 1
20554 57741 1
20554 59829 1
20555 20549 3
20555 20551 1
20555 20552 1
20555 22307 1
20555 23570 1
20555 25134 1
20555 37533 1
20555 39479 1
20555 39810 1
20555 44434 1
20555 59765 1
22467 19767 1
22467 20554 1
22467 22235 1
22467 22236 1
22467 22593 2
22467 22877 1
22467 33218 1
22467 33487 1
22467 36037 1
22467 36038 1
22467 37533 1
22467 40386 1
22467 53913 1
22467 125153 1
22877 9871 1
22877 19767 1
22877 19776 1
22877 20554 1
22877 21279 1
22877 22467 1
22877 22593 2
22877 33487 1
22877 36037 1
22877 36038 1
22877 37533 1
22994 20418 1
22994 22593 1
22994 30642 1
22994 33416 1
22994 33606 2
22994 35709 1
22994 36382 1
22994 37533 1
22994 37925 1
22994 39479 1
22994 121680 1
23570 20549 1
23570 20555 1
23570 22307 1
23570 23571 1
23570 23572 1
23570 25134 1
23570 30223 1
23570 37533 1
25134 20549 1
25134 20555 1
25134 23570 1
25134 30223 1
25134 30224 1
25134 30646 1
25134 37533 1
25134 39906 1
26409 19374 1
26409 26408 1
26409 33855 1
26409 37533 1
26409 76489 1
33487 19767 1
33487 20554 1
33487 22467 1
33487 22593 1
33487 22877 1
33487 24210 1
33487 36037 1
33487 36038 1
33487 37533 1
33606 20418 1
33606 22994 2
33606 23007 1
33606 30642 1
33606 33605 1
33606 36380 1
33606 36381 1
33606 37533 1
33606 37925 2
33606 46167 2
33606 48307 1
33606 75532 1
33855 26409 1
33855 37533 1
33855 76489 1
36037 19767 1
36037 20554 1
36037 22467 1
36037 22593 1
36037 22877 1
36037 27838 1
36037 33487 1
36037 36038 2
36037 36040 1
36037 36041 1
36037 37533 1
36038 19767 1
36038 20554 1
36038 22467 1
36038 22593 1
36038 22877 1
36038 33487 1
36038 36037 2
36038 36040 1
36038 36041 1
36038 37533 1
37925 20418 1
37925 22994 1
37925 33419 1
37925 33606 2
37925 37533 1
39914 19769 1
39914 36273 1
39914 37533 1
39914 47090 1
39914 47092 1
39914 53913 1
39914 76134 1
53913 19769 1
53913 22236 1
53913 22467 1
53913 22593 1
53913 37533 1
53913 39914 1
53913 40386 2
61076 21009 1
61076 25733 1
61076 29794 1
61076 31061 1
61076 36273 1
61076 36382 1
61076 37533 1
61076 40682 1
61076 44556 1
61076 44977 1
61076 59424 1
61076 125070 1
61076 125153 1
76489 21009 1
76489 26409 1
76489 33855 1
76489 36385 1
76489 37533 1
76489 40923 1
76489 48304 1
76489 58212 1
76489 63385 1
76489 64590 1
76489 76146 1
76489 105923 1
76489 121680 1
21010 23005 1
21010 30642 1
21010 32496 1
21010 36080 1
21010 39811 1
21010 43849 1
21010 44433 1
21010 44434 1
21010 45398 1
21010 59424 1
21010 125153 1
21010 125157 1
23005 21010 1
23005 30642 1
23005 39811 1
23005 44433 1
23005 44434 1
23005 45398 1
23005 47090 1
23005 59424 1
23005 125157 1
24210 22236 1
24210 24209 1
24210 33487 1
24210 39807 1
24210 39811 1
24210 43849 1
24210 44503 1
24210 52178 1
29792 19770 1
29792 33420 1
29792 39811 1
29792 44977 1
29792 57124 1
29792 125070 1
29792 125153 1
29792 125157 1
30642 21010 1
30642 22994 1
30642 23005 1
30642 33606 1
30642 39811 1
30642 44433 1
30642 44434 1
30642 45398 1
30642 59424 1
30642 125157 1
33420 19770 1
33420 21009 1
33420 29792 1
33420 30224 1
33420 33416 1
33420 33419 2
33420 33421 2
33420 33594 1
33420 36270 1
33420 36379 1
33420 38195 1
33420 38899 1
33420 39479 1
33420 39811 1
33420 39910 1
33420 44977 1
33420 49470 1
33420 53631 1
33420 57124 1
33420 125070 1
33420 125153 1
33420 125157 1
43849 21010 1
43849 24210 1
43849 31061 1
43849 32496 1
43849 39811 1
43849 52178 1
44433 21010 1
44433 23005 1
44433 30642 1
44433 39811 1
44433 44434 1
44433 45398 1
44433 59424 1
44433 125157 1
44434 20549 1
44434 20551 1
44434 20555 1
44434 21010 1
44434 22307 1
44434 23005 1
44434 30642 1
44434 39479 1
44434 39810 1
44434 39811 1
44434 44433 1
44434 44980 1
44434 45398 1
44434 48307 1
44434 59424 1
44434 59765 1
44434 125157 1
45398 21010 1
45398 23005 1
45398 24211 1
45398 30642 1
45398 39811 1
45398 44433 1
45398 44434 1
45398 49470 1
45398 53631 1
45398 59424 2
45398 125157 1
52178 24210 1
52178 38195 1
52178 38899 1
52178 39811 1
52178 43849 1
52178 44979 1
52178 58208 1
57124 19262 1
57124 19770 2
57124 29792 1
57124 31061 1
57124 33420 1
57124 36273 1
57124 38195 1
57124 39811 1
57124 42146 2
57124 44555 1
57124 44977 1
57124 44978 1
57124 44980 1
57124 48304 1
57124 55939 1
57124 56616 2
57124 57741 1
57124 125070 1
57124 125153 1
57124 125157 1
59424 21010 1
59424 23005 1
59424 30642 1
59424 33428 1
59424 33430 1
59424 33431 1
59424 36382 1
59424 39811 1
59424 43277 1
59424 44433 1
59424 44434 1
59424 44977 1
59424 45398 2
59424 49470 1
59424 53631 1
59424 61076 1
59424 62901 1
59424 125157 1
125070 19770 1
125070 29792 1
125070 29794 1
125070 33420 1
125070 36041 1
125070 37374 1
125070 39811 1
125070 39913 1
125070 40679 1
125070 40682 1
125070 44977 1
125070 46167 1
125070 55834 1
125070 57124 1
125070 61076 1
125070 63385 1
125070 67241 1
125070 72183 1
125070 75541 1
125070 121716 1
125070 125153 1
125070 125157 1
125153 19770 1
125153 21010 1
125153 22467 1
125153 29792 1
125153 33218 1
125153 33420 1
125153 36080 1
125153 36273 1
125153 39811 1
125153 44556 1
125153 44977 1
125153 57124 1
125153 61076 1
125153 62901 1
125153 80357 1
125153 125070 1
125153 125157 1
125157 19770 1
125157 21010 1
125157 23005 1
125157 29792 1
125157 30642 1
125157 33420 1
125157 37570 1
125157 39811 2
125157 40679 1
125157 44433 1
125157 44434 1
125157 44555 1
125157 44977 1
125157 45398 1
125157 57124 1
125157 59424 1
125157 59514 1
125157 59765 1
125157 125070 1
125157 125153 1
21279 9871 1
21279 18710 1
21279 19776 1
21279 21280 1
21279 21281 1
21279 22593 2
21279 22877 1
21279 36379 1
21279 40923 1
21279 44546 1
21280 21279 1
21280 21281 1
21280 40923 1
21281 21279 1
21281 21280 1
21281 40923 1
33428 18710 1
33428 30170 1
33428 30171 1
33428 33430 13
33428 33431 13
33428 36380 1
33428 39478 1
33428 39479 1
33428 39904 1
33428 40679 1
33428 40923 1
33428 46167 1
33428 48307 1
33428 48343 1
33428 49470 1
33428 53631 1
33428 59424 1
33428 62901 1
33428 65311 1
33428 91626 1
33428 121716 1
33430 30170 1
33430 30171 1
33430 33428 13
33430 33431 24
33430 39478 1
33430 39479 1
33430 40923 1
33430 46167 1
33430 48307 1
33430 48343 1
33430 49470 1
33430 53631 1
33430 59424 1
33430 62901 1
33430 65311 1
33430 91626 1
33430 121716 1
33431 30170 1
33431 30171 1
33431 33428 13
33431 33430 24
33431 39478 1
33431 39479 1
33431 40923 1
33431 46167 1
33431 48307 1
33431 48343 1
33431 49470 1
33431 53631 1
33431 59424 1
33431 62901 1
33431 65311 1
33431 91626 1
33431 121716 1
36385 40923 1
36385 48304 1
36385 59829 1
36385 76489 1
39478 20554 1
39478 23571 1
39478 33428 1
39478 33430 1
39478 33431 1
39478 39479 1
39478 40679 1
39478 40923 1
39478 57741 1
39478 59829 1
39478 65311 1
39478 67238 1
39479 20549 1
39479 20551 1
39479 20555 1
39479 22307 1
39479 22994 1
39479 33420 1
39479 33428 1
39479 33430 1
39479 33431 1
39479 39478 1
39479 39810 1
39479 40923 1
39479 44434 1
39479 59765 1
39479 65311 1
40921 40922 1
40921 40923 1
40922 40921 1
40922 40923 1
48304 19262 1
48304 31061 1
48304 36385 1
48304 40923 1
48304 41038 1
48304 56616 1
48304 57124 1
48304 62901 1
48304 75541 1
48304 76489 1
65311 33428 1
65311 33430 1
65311 33431 1
65311 39478 1
65311 39479 1
65311 40923 1
65311 76134 1
18710 19767 1
18710 20418 1
18710 20419 1
18710 20552 1
18710 20554 1
18710 21279 1
18710 22593 1
18710 23429 1
18710 23571 1
18710 24201 1
18710 24202 1
18710 24205 1
18710 33428 1
18710 33594 1
18710 35436 1
18710 36080 1
18710 36380 1
18710 39904 1
18710 53281 1
33594 18710 1
33594 19767 1
33594 33416 1
33594 33419 1
33594 33420 1
33594 33421 1
33594 35436 1
33594 38195 1
33594 39910 1
33594 53631 1
33594 58200 1
33594 125788 1
35436 18710 1
35436 19767 1
35436 33594 1
19764 19766 2
19764 19771 1
19764 19772 1
19764 19773 1
19764 19774 1
19764 19775 1
19764 19776 1
19764 19777 1
19764 20551 1
19764 21007 1
19764 22236 1
19764 22593 1
19764 27865 1
19771 19764 1
19771 19772 1
19771 19773 1
19771 19774 1
19771 19775 1
19771 21007 1
19772 19764 1
19772 19771 1
19772 19773 1
19772 19774 1
19772 19775 1
19772 21007 1
19772 21934 1
19772 22594 1
19774 19764 1
19774 19771 1
19774 19772 1
19774 19773 1
19774 19775 1
19774 21007 1
19775 14202 1
19775 19764 1
19775 19771 1
19775 19772 1
19775 19773 1
19775 19774 1
19775 21007 1
19775 22307 1
19775 35709 1
9871 19776 1
9871 21279 1
9871 22593 1
9871 22877 1
9871 24354 1
19776 9871 1
19776 19764 1
19776 20551 1
19776 21279 1
19776 22236 1
19776 22593 2
19776 22877 1
20551 1424 1
20551 19764 1
20551 19776 1
20551 20549 1
20551 20555 1
20551 22236 1
20551 22307 1
20551 22593 1
20551 24354 1
20551 39479 1
20551 39810 1
20551 44434 1
20551 59765 1
20552 18710 1
20552 20549 1
20552 20554 1
20552 20555 1
20552 22593 1
20552 23145 1
20552 23150 1
20552 23571 1
20552 25852 1
20552 125299 1
22236 19764 1
22236 19776 1
22236 20551 1
22236 22235 1
22236 22467 1
22236 22593 1
22236 24210 1
22236 25135 1
22236 30641 1
22236 40386 1
22236 53913 1
23571 18710 1
23571 20552 1
23571 20554 2
23571 22593 1
23571 23570 1
23571 23572 1
23571 39478 1
23571 40679 1
23571 57741 1
23571 59829 1
24008 22593 1
24008 39200 1
36382 20751 1
36382 22593 1
36382 22994 1
36382 31694 1
36382 33416 1
36382 33417 1
36382 33419 1
36382 37374 1
36382 38899 1
36382 40384 1
36382 41490 1
36382 44977 1
36382 45670 1
36382 59424 1
36382 59765 1
36382 61076 1
36382 68469 1
40386 19769 1
40386 22236 1
40386 22467 1
40386 22593 1
40386 53913 2
121639 22593 1
21934 19772 1
21934 22594 1
21934 24645 1
23255 22594 1
23255 23256 1
23255 36511 1
42146 22594 1
42146 44978 1
42146 55939 1
42146 57124 2
42146 57859 1
51690 22594 1
51690 55834 1
51690 61100 1
51690 72470 1
51690 76394 1
51690 96472 1
20420 25135 1
20420 29790 1
20420 36080 1
20420 36273 1
20420 36532 1
20420 37569 1
20420 39906 1
20420 48344 1
20420 59620 1
24354 9871 1
24354 20551 1
24354 25135 1
24354 55689 1
29790 20420 1
29790 25135 1
29790 36080 1
29790 36273 1
29790 39906 1
29790 48344 1
29790 59620 1
30641 22236 1
30641 25135 1
36273 20420 1
36273 25135 1
36273 29790 1
36273 36080 1
36273 36270 1
36273 38195 1
36273 39906 1
36273 39914 1
36273 44556 1
36273 48343 1
36273 48344 1
36273 57124 1
36273 57278 1
36273 57741 1
36273 59620 1
36273 61076 1
36273 121716 1
36273 125153 1
39906 20420 1
39906 25134 1
39906 25135 1
39906 29790 1
39906 30223 1
39906 30224 1
39906 30646 1
39906 36080 1
39906 36273 1
39906 48344 1
39906 59620 1
48344 20420 1
48344 25135 1
48344 29790 1
48344 36080 1
48344 36273 1
48344 39906 1
48344 59620 1
59620 19770 1
59620 20420 1
59620 25135 1
59620 29790 1
59620 36080 1
59620 36273 1
59620 39906 1
59620 48344 1
59620 61100 1
59620 63385 1
59620 76134 1
59620 80357 1
19766 19764 2
19766 19777 1
19766 27865 1
19777 19764 1
19777 19766 1
19777 27865 1
22211 22212 1
22211 24682 1
22211 24769 1
22211 27865 1
22211 37570 1
22212 22211 1
22212 24682 1
22212 24769 1
22212 27865 1
24682 22211 1
24682 22212 1
24682 23430 1
24682 24769 1
24682 27865 2
24682 29794 1
24682 31696 1
24682 62901 1
24769 22211 1
24769 22212 1
24769 24682 1
24769 27865 2
24769 30224 1
24769 30646 1
24769 33417 1
24769 34849 1
24769 36272 1
29794 23430 1
29794 24682 1
29794 27865 1
29794 31696 1
29794 39809 1
29794 46167 1
29794 55147 1
29794 57741 1
29794 61076 1
29794 62901 1
29794 125070 1
30224 24769 1
30224 25134 1
30224 27865 1
30224 30223 1
30224 30646 2
30224 30652 1
30224 31695 1
30224 33420 1
30224 34849 1
30224 36272 1
30224 39906 1
30224 39913 1
31696 23430 1
31696 24682 1
31696 27865 1
31696 29794 1
31696 30649 1
31696 62901 1
34849 24769 1
34849 27865 1
34849 30224 1
34849 30646 1
34849 36272 1
36272 20419 1
36272 24769 1
36272 27865 1
36272 30224 1
36272 30646 1
36272 33419 1
36272 34849 1
36272 40681 1
36272 41490 1
36272 48307 1
36272 54417 1
62901 23430 1
62901 24682 1
62901 27865 1
62901 29794 1
62901 31696 1
62901 33428 1
62901 33430 1
62901 33431 1
62901 39913 1
62901 41490 1
62901 48304 1
62901 48307 1
62901 49735 1
62901 55939 1
62901 58212 1
62901 59424 1
62901 59625 1
62901 59765 1
62901 72191 1
62901 72706 1
62901 75533 1
62901 75541 1
62901 80357 1
62901 125153 1
33419 20419 1
33419 20751 1
33419 21009 1
33419 31694 1
33419 33416 1
33419 33417 1
33419 33420 2
33419 33421 2
33419 33594 1
33419 36270 1
33419 36272 1
33419 36382 1
33419 37925 1
33419 38195 1
33419 38899 1
33419 39910 1
33419 40384 1
33419 41490 1
33419 45670 1
33419 49470 1
33419 53631 1
33419 59765 1
33419 68469 1
38195 33416 1
38195 33419 1
38195 33420 1
38195 33421 1
38195 33594 1
38195 36273 1
38195 38899 1
38195 39910 1
38195 52178 1
38195 53631 1
38195 57124 1
38195 57741 1
39910 33416 1
39910 33419 1
39910 33420 1
39910 33421 1
39910 33594 1
39910 38195 1
39910 49470 1
39910 53631 1
53631 33416 1
53631 33419 1
53631 33420 1
53631 33421 1
53631 33428 1
53631 33430 1
53631 33431 1
53631 33594 1
53631 38195 1
53631 39910 1
53631 40682 1
53631 45398 1
53631 49470 1
53631 59424 1
20751 31694 1
20751 33417 1
20751 33419 1
20751 36382 1
20751 38899 1
20751 40384 1
20751 41490 1
20751 44556 1
20751 45670 1
20751 59765 1
20751 68469 1
31694 20751 1
31694 33417 1
31694 33419 1
31694 36382 1
31694 38899 1
31694 40384 1
31694 41490 1
31694 45670 1
31694 59765 1
31694 65313 1
31694 68469 1
31694 100077 1
38899 20418 1
38899 20419 1
38899 20751 1
38899 31694 1
38899 33417 1
38899 33419 1
38899 33420 1
38899 36382 1
38899 38195 1
38899 40384 1
38899 41490 1
38899 45670 1
38899 52178 1
38899 55147 1
38899 59765 1
38899 68469 1
40384 20751 1
40384 31694 1
40384 33417 1
40384 33419 1
40384 36382 1
40384 38899 1
40384 41490 1
40384 45670 1
40384 59765 1
40384 68469 1
45670 20751 1
45670 31694 1
45670 33417 1
45670 33419 1
45670 36382 1
45670 36384 1
45670 38899 1
45670 40384 1
45670 41490 1
45670 44980 1
45670 45669 1
45670 48307 1
45670 59765 1
45670 68469 1
45670 121716 1
59765 20549 1
59765 20551 1
59765 20555 1
59765 20751 1
59765 22307 1
59765 31694 1
59765 33417 1
59765 33419 1
59765 36382 1
59765 38899 1
59765 39479 1
59765 39810 1
59765 39913 2
59765 40384 1
59765 40679 1
59765 41490 2
59765 44434 1
59765 45670 1
59765 48307 1
59765 49735 1
59765 55939 1
59765 58212 1
59765 59625 1
59765 62901 1
59765 68469 1
59765 72191 1
59765 72706 1
59765 75533 1
59765 80357 1
59765 125157 1
68469 20751 1
68469 31694 1
68469 33417 1
68469 33419 1
68469 36382 1
68469 38899 1
68469 40384 1
68469 41490 1
68469 45670 1
68469 59765 1
14202 19775 1
14202 22307 1
14202 35709 1
22307 14202 1
22307 19775 1
22307 20549 1
22307 20551 1
22307 20555 1
22307 23570 1
22307 35709 1
22307 39479 1
22307 39810 1
22307 44434 1
22307 59765 1
31695 30224 1
31695 30646 1
31695 32496 1
31695 35709 1
31695 37570 1
31695 39913 1
31695 47092 1
32496 21010 1
32496 30646 1
32496 31695 1
32496 35709 1
32496 36080 1
32496 37570 1
32496 43849 1
32496 47092 1
37570 22211 1
37570 30646 1
37570 31695 1
37570 32496 1
37570 35709 1
37570 37569 1
37570 39200 1
37570 39809 1
37570 44555 1
37570 47092 1
37570 59514 1
37570 121680 1
37570 125157 1
47092 30646 2
47092 31695 1
47092 32496 1
47092 35709 1
47092 36082 1
47092 37570 1
47092 39914 1
47092 47090 1
47092 76134 1
121680 22994 1
121680 35709 1
121680 37570 1
121680 63385 1
121680 76489 1
21969 22216 2
21969 22217 2
21969 36040 1
21969 36334 1
22216 21969 2
22216 22217 3
22216 36040 1
22216 36334 1
22217 21969 2
22217 22216 3
22217 36040 1
22217 36334 1
28773 28774 1
28773 28775 1
28773 31701 1
28773 35307 1
28773 36334 1
28773 44552 1
28773 44980 1
28773 115424 1
28773 116084 1
31701 28773 1
31701 36334 1
31701 44552 1
31701 47778 1
36040 21969 1
36040 22216 1
36040 22217 1
36040 36037 1
36040 36038 1
36040 36041 1
36040 36334 1
38197 36334 1
38197 38591 1
38197 50574 1
38197 59829 1
38591 36334 1
38591 38197 1
38591 39200 1
44552 28773 1
44552 31701 1
44552 36334 1
46098 36334 1
46098 41490 1
19262 23004 1
19262 23007 1
19262 31061 2
19262 36379 1
19262 37569 1
19262 39809 1
19262 40681 1
19262 48304 1
19262 56616 1
19262 57124 1
19262 57859 1
20419 18710 1
20419 20418 5
20419 24201 1
20419 24202 1
20419 24205 1
20419 33419 1
20419 33426 1
20419 36272 1
20419 37551 2
20419 37569 1
20419 38899 1
20419 55147 1
23004 19262 1
23004 23007 1
23004 31061 1
23004 37569 1
23004 40681 1
23004 57859 1
23007 19262 1
23007 23004 1
23007 31061 1
23007 33605 1
23007 33606 1
23007 36380 1
23007 36381 1
23007 37569 1
23007 40681 1
23007 46167 1
23007 57859 1
23429 18710 1
23429 23467 1
23429 30652 1
23429 36080 1
23429 37551 1
23429 37569 1
23429 40681 1
23429 44362 1
23429 53281 1
30652 23429 1
30652 30224 1
30652 37551 1
30652 37569 1
30652 40681 1
30652 44362 1
31061 19262 2
31061 23004 1
31061 23007 1
31061 37569 1
31061 39913 1
31061 40681 1
31061 43849 1
31061 44555 1
31061 44978 1
31061 48304 1
31061 56616 1
31061 57124 1
31061 57859 1
31061 61076 1
33426 20419 1
33426 36532 1
33426 37551 1
33426 37569 1
33426 40677 1
37551 20418 1
37551 20419 2
37551 23429 1
37551 30652 1
37551 33426 1
37551 37569 2
37551 40681 1
37551 44362 1
39200 24008 1
39200 37569 1
39200 37570 1
39200 38591 1
39200 39809 1
39809 19262 1
39809 29794 1
39809 36270 1
39809 36379 1
39809 37569 1
39809 37570 1
39809 39200 1
39809 44980 1
39809 55147 1
39809 57741 1
44362 23429 1
44362 30652 1
44362 37551 1
44362 37569 1
44362 40681 1
57859 19262 1
57859 23004 1
57859 23007 1
57859 31061 1
57859 37569 1
57859 40681 1
57859 42146 1
26408 26409 1
26408 40682 1
26408 41490 1
26408 47090 1
36270 21009 1
36270 33419 1
36270 33420 1
36270 33421 1
36270 36273 1
36270 36274 1
36270 36380 2
36270 36381 1
36270 39809 1
36270 41490 1
36270 41942 1
36270 43277 1
36270 44980 1
36270 48343 1
36270 49470 1
36270 54417 1
36270 59832 1
36270 63782 1
36270 73346 1
36270 86514 1
36270 88767 1
36380 18710 1
36380 23007 1
36380 33428 1
36380 33605 1
36380 33606 1
36380 36270 2
36380 36274 1
36380 36381 7
36380 39904 1
36380 40681 1
36380 41490 1
36380 41942 1
36380 43277 1
36380 46167 1
36380 48343 1
36380 54417 1
36380 59832 1
36381 23007 1
36381 33605 1
36381 33606 1
36381 36270 1
36381 36380 7
36381 40681 1
36381 41490 1
36381 41942 1
36381 43277 1
36381 46167 1
36381 48343 1
36381 54417 1
36381 59832 1
39913 30224 1
39913 31061 1
39913 31695 1
39913 36041 1
39913 37374 1
39913 41490 1
39913 48307 1
39913 49735 1
39913 55834 1
39913 55939 1
39913 58212 1
39913 59625 1
39913 59765 2
39913 62901 1
39913 63385 1
39913 72183 1
39913 72191 1
39913 72706 1
39913 75533 1
39913 75541 1
39913 80357 1
39913 121716 1
39913 125070 1
41942 36270 1
41942 36380 1
41942 36381 1
41942 41490 1
41942 43277 1
41942 48343 1
41942 54417 1
41942 59832 1
43277 36270 1
43277 36380 1
43277 36381 1
43277 41490 1
43277 41942 1
43277 48343 1
43277 54417 1
43277 59424 1
43277 59832 1
47090 23005 1
47090 26408 1
47090 39914 1
47090 40682 1
47090 41490 1
47090 47092 1
47090 76134 1
48307 33428 1
48307 33430 1
48307 33431 1
48307 33606 1
48307 36272 1
48307 39913 1
48307 40681 1
48307 41490 1
48307 44434 1
48307 44980 1
48307 45670 1
48307 46167 1
48307 49735 1
48307 54417 1
48307 55939 1
48307 58212 1
48307 59625 1
48307 59765 1
48307 62901 1
48307 72191 1
48307 72706 1
48307 75533 1
48307 80357 1
48307 121716 1
48343 33428 1
48343 33430 1
48343 33431 1
48343 36270 1
48343 36273 1
48343 36380 1
48343 36381 1
48343 41490 1
48343 41942 1
48343 43277 1
48343 46167 1
48343 54417 1
48343 57865 1
48343 59832 1
48343 76394 1
48343 105923 1
48343 121716 1
49735 39913 1
49735 41490 1
49735 48307 1
49735 50574 1
49735 55939 1
49735 58212 1
49735 59625 1
49735 59765 1
49735 62901 1
49735 63782 1
49735 72191 1
49735 72706 1
49735 75533 1
49735 80357 1
54417 33429 1
54417 36270 1
54417 36272 1
54417 36380 1
54417 36381 1
54417 40681 1
54417 41490 1
54417 41942 1
54417 43277 1
54417 48307 1
54417 48343 1
54417 59832 1
55939 39913 1
55939 40682 1
55939 41490 1
55939 42146 1
55939 44978 1
55939 48307 1
55939 49735 1
55939 57124 1
55939 58212 1
55939 59625 1
55939 59765 1
55939 62901 1
55939 72191 1
55939 72706 1
55939 75533 1
55939 78022 1
55939 80357 1
58212 21009 1
58212 39913 1
58212 41490 1
58212 48307 1
58212 49735 1
58212 51697 1
58212 55939 1
58212 58197 1
58212 59625 1
58212 59765 1
58212 62901 1
58212 64590 1
58212 72191 1
58212 72706 1
58212 75533 1
58212 76489 1
58212 80357 1
59625 39913 1
59625 40679 1
59625 41490 1
59625 48307 1
59625 49735 1
59625 55939 1
59625 58212 1
59625 59765 1
59625 62901 1
59625 63385 1
59625 72191 1
59625 72706 1
59625 75533 1
59625 78022 1
59625 80357 1
72191 39913 1
72191 41490 1
72191 48307 1
72191 49735 1
72191 55939 1
72191 58212 1
72191 59625 1
72191 59765 1
72191 62901 1
72191 65313 1
72191 72706 1
72191 75533 1
72191 80357 1
72706 37364 1
72706 39913 1
72706 41490 1
72706 48307 1
72706 49735 1
72706 55939 1
72706 58212 1
72706 59625 1
72706 59765 1
72706 62901 1
72706 72191 1
72706 74780 1
72706 75533 1
72706 80357 1
75533 39913 1
75533 41490 1
75533 48307 1
75533 49735 1
75533 55939 1
75533 58212 1
75533 59625 1
75533 59765 1
75533 61101 1
75533 62901 1
75533 72191 1
75533 72706 1
75533 80357 1
75533 81943 1
75533 88162 1
75533 96472 1
80357 39913 1
80357 41490 1
80357 48307 1
80357 49735 1
80357 55939 1
80357 58212 1
80357 59620 1
80357 59625 1
80357 59765 1
80357 62901 1
80357 63385 1
80357 72191 1
80357 72706 1
80357 75533 1
80357 76134 1
80357 76394 1
80357 80360 1
80357 108347 1
80357 125153 1
88162 41490 1
88162 74780 1
88162 75533 1
88162 81943 1
88162 88767 1
88162 96472 1
88162 103565 1
88162 112658 1
21009 33419 1
21009 33420 1
21009 33421 1
21009 36270 1
21009 49470 1
21009 52492 1
21009 58212 1
21009 61076 1
21009 61100 1
21009 64590 1
21009 72183 1
21009 74780 1
21009 76394 1
21009 76489 1
21009 88767 1
21009 90377 1
21009 90741 1
21009 96472 1
21009 114757 1
25732 37367 1
25732 44551 1
25732 58197 1
25732 62582 1
25732 64590 1
25732 72183 1
25732 74970 1
25732 76145 1
25732 76146 1
25732 76548 1
36041 36037 1
36041 36038 1
36041 36040 1
36041 37374 1
36041 39913 1
36041 55834 1
36041 63079 1
36041 63385 1
36041 63782 1
36041 72183 1
36041 75541 1
36041 121716 1
36041 125070 1
37367 25732 1
37367 44551 1
37367 58197 1
37367 62582 1
37367 64590 1
37367 72183 1
37367 74970 1
37367 76145 1
37367 76146 1
37367 76548 1
37374 36041 1
37374 36382 1
37374 39913 1
37374 55834 1
37374 61101 1
37374 62581 1
37374 63385 1
37374 64590 1
37374 72183 1
37374 75541 1
37374 121716 1
37374 125070 1
44551 25732 1
44551 37367 1
44551 58197 1
44551 62582 1
44551 64590 1
44551 72183 1
44551 74970 1
44551 76145 1
44551 76146 1
44551 76548 1
44551 105923 1
44556 20751 1
44556 36273 1
44556 40681 1
44556 57847 1
44556 61076 1
44556 63079 1
44556 64897 1
44556 65313 1
44556 72183 1
44556 73346 1
44556 76999 1
44556 81670 1
44556 81943 1
44556 91596 1
44556 108347 1
44556 125153 1
48306 50564 1
48306 57847 1
48306 70526 1
48306 72183 1
48306 78022 1
50564 44979 1
50564 48306 1
50564 57847 1
50564 58197 1
50564 70526 1
50564 72183 1
50564 78022 1
52492 21009 1
52492 61100 1
52492 72183 1
52492 74780 1
52492 88767 1
52492 90377 1
52492 90741 1
52492 96472 1
52492 114757 1
52492 114858 1
54128 59829 1
54128 72183 1
55834 36041 1
55834 37374 1
55834 39913 1
55834 51690 1
55834 62581 1
55834 63385 2
55834 72183 1
55834 75541 1
55834 88767 1
55834 121716 1
55834 125070 1
57847 40679 1
57847 40682 1
57847 44556 1
57847 48306 1
57847 50564 1
57847 63079 1
57847 64897 1
57847 65313 1
57847 70526 1
57847 72183 2
57847 73346 1
57847 76999 1
57847 78022 1
57847 81670 1
57847 81943 1
57847 108347 1
57865 48343 1
57865 72183 1
57865 88767 1
57865 123678 1
58197 25732 1
58197 37367 1
58197 44551 1
58197 50564 1
58197 58212 1
58197 62582 1
58197 64590 1
58197 72183 1
58197 74970 1
58197 76145 1
58197 76146 1
58197 76548 1
58197 96472 1
59829 20554 1
59829 23571 1
59829 36385 1
59829 38197 1
59829 39478 1
59829 40679 1
59829 50574 1
59829 54128 1
59829 57741 1
59829 59832 1
59829 72183 1
59829 75532 1
61100 21009 1
61100 51690 1
61100 52492 1
61100 56616 1
61100 59620 1
61100 61101 1
61100 72183 1
61100 74780 1
61100 75532 1
61100 76394 1
61100 88767 1
61100 90377 1
61100 90741 1
61100 96472 2
61100 114757 1
62582 25732 1
62582 37367 1
62582 44551 1
62582 58197 1
62582 64590 1
62582 72183 1
62582 74970 1
62582 76145 1
62582 76146 1
62582 76548 1
62582 83829 1
63079 36041 1
63079 44556 1
63079 57847 1
63079 63782 1
63079 64897 1
63079 65313 1
63079 72183 1
63079 73346 1
63079 76134 1
63079 76999 1
63079 81670 1
63079 81943 1
63079 108347 1
63385 36041 1
63385 37374 1
63385 39913 1
63385 55834 2
63385 59620 1
63385 59625 1
63385 72183 1
63385 75541 1
63385 76134 1
63385 76489 1
63385 80357 1
63385 121680 1
63385 121716 1
63385 125070 1
64590 21009 1
64590 25732 1
64590 37367 1
64590 37374 1
64590 44551 1
64590 58197 1
64590 58212 1
64590 62582 1
64590 72183 1
64590 74970 1
64590 76145 1
64590 76146 1
64590 76489 1
64590 76548 1
64897 44556 1
64897 57847 1
64897 63079 1
64897 65313 1
64897 72183 1
64897 73346 1
64897 76999 1
64897 81670 1
64897 81943 1
64897 108347 1
64897 121716 1
65313 31694 1
65313 44556 1
65313 57847 1
65313 63079 1
65313 64897 1
65313 72183 1
65313 72191 1
65313 73346 1
65313 76999 1
65313 81670 1
65313 81943 1
65313 100077 1
65313 108347 1
67238 39478 1
67238 72166 1
67238 72183 1
67238 72468 1
67238 75532 1
67238 76205 1
67238 80360 1
70526 48306 1
70526 50564 1
70526 57847 1
70526 72183 1
70526 78022 1
72166 57861 1
72166 67238 1
72166 72183 1
72166 75532 1
72166 76205 1
72166 80360 1
73346 36270 1
73346 44556 1
73346 57847 1
73346 63079 1
73346 64897 1
73346 65313 1
73346 72183 1
73346 76999 1
73346 81670 1
73346 81943 1
73346 88767 1
73346 108347 1
74780 21009 1
74780 52492 1
74780 54496 1
74780 61100 1
74780 72183 1
74780 72706 1
74780 88162 1
74780 88767 1
74780 90377 1
74780 90741 1
74780 96472 1
74780 103565 1
74780 114757 1
74970 25732 1
74970 37367 1
74970 44551 1
74970 58197 1
74970 62582 1
74970 64590 1
74970 72183 1
74970 76145 1
74970 76146 1
74970 76548 1
75532 33606 1
75532 59829 1
75532 61100 1
75532 67238 1
75532 72166 1
75532 72183 1
75532 76205 1
75532 80360 1
75532 96472 1
75541 36041 1
75541 37374 1
75541 39913 1
75541 48304 1
75541 55834 1
75541 62901 1
75541 63385 1
75541 72183 1
75541 88976 1
75541 114757 1
75541 121716 1
75541 125070 1
76134 39914 1
76134 47090 1
76134 47092 1
76134 59620 1
76134 63079 1
76134 63385 1
76134 65311 1
76134 72183 1
76134 80357 1
76145 25732 1
76145 37367 1
76145 44551 1
76145 58197 1
76145 62582 1
76145 64590 1
76145 72183 1
76145 74970 1
76145 76146 1
76145 76548 1
76146 25732 1
76146 37367 1
76146 44551 1
76146 58197 1
76146 62582 1
76146 64590 1
76146 67241 1
76146 72183 1
76146 74970 1
76146 76145 1
76146 76489 1
76146 76548 1
76205 67238 1
76205 72166 1
76205 72183 1
76205 75532 1
76205 80360 1
76205 101295 1
76394 21009 1
76394 48343 1
76394 51690 1
76394 61100 1
76394 72183 1
76394 80357 1
76394 96472 1
76548 25732 1
76548 37367 1
76548 44551 1
76548 58197 1
76548 62582 1
76548 64590 1
76548 72183 1
76548 74970 1
76548 76145 1
76548 76146 1
76548 81427 1
76548 81670 1
76548 82621 1
76999 44556 1
76999 57847 1
76999 63079 1
76999 64897 1
76999 65313 1
76999 72183 1
76999 73346 1
76999 81670 1
76999 81943 1
76999 108347 1
78022 48306 1
78022 50564 1
78022 55939 1
78022 57847 1
78022 58208 1
78022 59625 1
78022 59832 1
78022 70526 1
78022 72183 1
78022 86517 1
78022 118880 1
80360 67238 1
80360 72166 1
80360 72183 1
80360 75532 1
80360 76205 1
80360 80357 1
81670 44556 1
81670 57847 1
81670 63079 1
81670 64897 1
81670 65313 1
81670 72183 1
81670 73346 1
81670 76548 1
81670 76999 1
81670 81943 1
81670 108347 1
81943 44556 1
81943 57847 1
81943 63079 1
81943 64897 1
81943 65313 1
81943 72183 1
81943 73346 1
81943 75533 1
81943 76999 1
81943 81670 1
81943 88162 1
81943 108347 1
88767 21009 1
88767 36270 1
88767 52492 1
88767 55834 1
88767 57865 1
88767 61100 1
88767 72183 2
88767 73346 1
88767 74780 1
88767 88162 1
88767 90377 1
88767 90741 1
88767 96472 2
88767 114757 1
88767 123678 1
88976 72183 1
88976 75541 1
88976 103565 1
88976 105923 1
88976 112658 1
88976 118833 1
88976 123678 1
90377 21009 1
90377 52492 1
90377 61100 1
90377 72183 1
90377 74780 1
90377 88767 1
90377 90741 1
90377 96472 1
90377 114757 1
90741 21009 1
90741 52492 1
90741 61100 1
90741 72183 1
90741 74780 1
90741 88767 1
90741 90377 1
90741 96472 2
90741 114757 1
96472 21009 1
96472 44558 1
96472 51690 1
96472 52492 1
96472 58197 1
96472 58208 1
96472 61100 2
96472 72183 1
96472 74780 1
96472 75532 1
96472 75533 1
96472 76394 1
96472 88162 1
96472 88767 2
96472 90377 1
96472 90741 2
96472 114757 1
103565 69740 1
103565 72183 1
103565 74780 1
103565 88162 1
103565 88976 1
103565 112658 1
103565 121716 1
108347 38104 1
108347 44556 1
108347 57847 1
108347 62589 1
108347 63079 1
108347 64897 1
108347 65313 1
108347 69749 1
108347 72183 1
108347 73346 1
108347 76999 1
108347 80357 1
108347 80801 1
108347 81670 1
108347 81943 1
108347 105923 1
112658 72183 1
112658 88162 1
112658 88976 1
112658 103565 1
114757 21009 1
114757 52492 1
114757 61100 1
114757 72183 1
114757 74780 1
114757 75541 1
114757 88767 1
114757 90377 1
114757 90741 1
114757 96472 1
121716 33428 1
121716 33430 1
121716 33431 1
121716 36041 1
121716 36273 1
121716 37374 1
121716 39913 1
121716 44980 1
121716 45670 1
121716 48307 1
121716 48343 1
121716 55834 1
121716 63385 1
121716 64897 1
121716 72183 1
121716 75541 1
121716 103565 1
121716 125070 1
123672 72183 1
123678 57865 1
123678 72183 1
123678 88767 1
123678 88976 1
43956 41159 1
93982 58188 1
93982 118586 1
28253 2950 1
28253 2951 1
28253 12694 1
28253 28254 1
28253 32033 1
28253 36341 1
28253 81589 1
28253 119815 1
32033 28253 1
32033 81589 1
79783 81589 1
76542 90413 1
125547 93959 1
126821 93959 1
127217 93959 1
37844 23430 1
38660 24201 1
38660 24202 1
38660 24205 1
44503 24201 1
44503 24209 1
44503 24210 1
44503 39807 1
42584 40865 1
36511 23255 1
36511 23256 1
25851 42397 1
63783 63782 1
30223 20549 1
30223 23570 1
30223 25134 1
30223 30224 1
30223 30646 1
30223 39906 1
34845 34846 2
34845 34847 1
34845 59298 1
34845 59596 1
34847 34845 1
34847 34846 1
34847 59298 1
34847 59596 1
59298 34845 1
59298 34846 1
59298 34847 1
59298 59596 1
59596 34845 1
59596 34846 1
59596 34847 1
59596 59298 1
53281 18710 1
53281 23429 1
53281 35158 1
53281 36080 1
53281 53279 1
37492 36532 1
39902 40681 1
40677 33426 1
40677 40681 1
40677 55145 1
55145 40677 1
55145 40681 1
55145 44978 1
55145 55147 1
33605 23007 1
33605 33606 1
33605 36380 1
33605 36381 1
33605 46167 1
59514 37570 1
59514 44555 1
59514 125157 1
123402 44980 1
25733 49470 1
25733 61076 1
22235 22236 1
22235 22467 1
33218 22467 1
33218 125153 1
23572 23570 1
23572 23571 1
24209 24210 1
24209 39807 1
24209 44503 1
39807 24209 1
39807 24210 1
39807 44503 1
24211 45398 1
30170 30171 1
30170 33428 1
30170 33430 1
30170 33431 1
30170 91626 1
30171 30170 1
30171 33428 1
30171 33430 1
30171 33431 1
30171 91626 1
91626 23907 1
91626 30170 1
91626 30171 1
91626 33428 1
91626 33430 1
91626 33431 1
41038 48304 1
58200 33594 1
58200 44560 1
58200 125788 1
125788 33594 1
125788 58200 1
1424 7724 1
1424 10902 1
1424 20551 1
23145 20552 1
23145 25852 1
23145 125299 1
23150 20552 1
25852 20552 1
25852 23145 1
25852 25849 1
25852 125299 1
125299 20552 1
125299 23145 1
125299 25852 1
24645 21934 1
72470 51690 1
55689 24354 1
30649 31696 1
100077 31694 1
100077 65313 1
36384 45670 1
45669 45670 1
28774 28773 1
28774 28775 1
28774 115424 1
28774 116084 1
28775 28773 1
28775 28774 1
28775 115424 1
28775 116084 1
35307 28773 1
115424 28773 1
115424 28774 1
115424 28775 1
115424 116084 1
116084 28773 1
116084 28774 1
116084 28775 1
116084 115424 1
47778 31701 1
23467 23429 1
36274 36270 1
36274 36380 1
86514 36270 1
33429 54417 1
51697 58212 1
37364 72706 1
91596 44556 1
114858 52492 1
83829 62582 1
72468 67238 1
57861 72166 1
101295 76205 1
81427 76548 1
81427 81428 1
82621 76548 1
86517 78022 1
118880 78022 1
118833 88976 1
44558 62589 1
44558 96472 1
69740 103565 1
38104 62589 1
38104 69749 1
38104 80801 1
38104 108347 1
62589 38104 1
62589 44558 1
62589 69749 1
62589 80801 1
62589 108347 1
69749 38104 1
69749 62589 1
69749 80801 1
69749 108347 1
80801 38104 1
80801 62589 1
80801 69749 1
80801 108347 1
81428 81427 1
35158 53279 1
35158 53281 1
53279 35158 1
53279 53280 1
53279 53281 1
25849 25852 1
7724 1424 1
7724 10902 2
10902 1424 1
10902 7724 2
44560 58200 1
23907 91626 1
2950 2951 2
2950 12694 1
2950 28253 1
2951 2950 2
2951 12694 1
2951 28253 1
12694 2950 1
12694 2951 1
12694 28253 1
28254 28253 1
36341 22181 1
36341 28253 1
119815 28253 1
118586 93982 1
53280 53279 1
22181 36341 1
