115938 115684 1
115684 42149 1
115684 75610 1
115684 81386 1
115684 84146 1
115684 95641 1
115684 98776 1
115684 110381 1
115684 113739 1
115684 115938 1
115684 116555 1
115684 117251 1
42149 20257 1
42149 39237 1
42149 44777 1
42149 44798 1
42149 45011 1
42149 45222 1
42149 47022 1
42149 49371 1
42149 52173 1
42149 54308 1
42149 54352 1
42149 57936 1
42149 58840 1
42149 61456 1
42149 62870 1
42149 63029 1
42149 63223 1
42149 63224 1
42149 63225 1
42149 63519 1
42149 64121 1
42149 64123 1
42149 66526 1
42149 68415 1
42149 68567 1
42149 71088 1
42149 71188 1
42149 71189 1
42149 71191 1
42149 74373 1
42149 75610 1
42149 80922 1
42149 84146 2
42149 84346 1
42149 85171 1
42149 85180 1
42149 85182 1
42149 85611 1
42149 86415 1
42149 86980 1
42149 87854 1
42149 89287 1
42149 89298 1
42149 95641 1
42149 98776 1
42149 101875 1
42149 109577 1
42149 109831 1
42149 111088 1
42149 115684 1
42149 116179 1
42149 124446 1
75610 42149 1
75610 73036 1
75610 84146 1
75610 87517 1
75610 92070 1
75610 95641 1
75610 98776 1
75610 105143 1
75610 114165 1
75610 115684 1
75610 127133 1
75610 127693 1
81386 2414 1
81386 2845 1
81386 5690 1
81386 7808 1
81386 34734 1
81386 34839 1
81386 36857 1
81386 38584 1
81386 41284 1
81386 44415 1
81386 45011 1
81386 45880 1
81386 45887 1
81386 45894 1
81386 49351 1
81386 49370 1
81386 49371 1
81386 52164 1
81386 53202 1
81386 53774 1
81386 55260 1
81386 55758 1
81386 55770 1
81386 56061 1
81386 58311 1
81386 58833 1
81386 59490 1
81386 60029 1
81386 60080 1
81386 60747 1
81386 60752 1
81386 61232 1
81386 61235 1
81386 61247 1
81386 61253 1
81386 61268 2
81386 61975 1
81386 66723 1
81386 68398 1
81386 68580 1
81386 71070 1
81386 71091 1
81386 71197 1
81386 71626 1
81386 72079 1
81386 72089 1
81386 73300 1
81386 73715 1
81386 73778 1
81386 75467 1
81386 75609 1
81386 77244 2
81386 77777 1
81386 77783 1
81386 78115 1
81386 79802 1
81386 80532 1
81386 80792 1
81386 81203 1
81386 81465 1
81386 81789 1
81386 82178 1
81386 82437 1
81386 83466 1
81386 83472 1
81386 83504 1
81386 84146 1
81386 84174 1
81386 84295 1
81386 84803 1
81386 85180 1
81386 85187 1
81386 85226 1
81386 85628 1
81386 85629 1
81386 85658 1
81386 85681 1
81386 86421 1
81386 86423 1
81386 86427 1
81386 86503 1
81386 87068 1
81386 87641 1
81386 88486 1
81386 89299 1
81386 89895 1
81386 92820 1
81386 92999 1
81386 93253 2
81386 94145 1
81386 94448 1
81386 95453 1
81386 95578 1
81386 95641 1
81386 95693 1
81386 95721 1
81386 95924 1
81386 96639 1
81386 97370 1
81386 97408 1
81386 98789 1
81386 99481 1
81386 100384 1
81386 100540 1
81386 100804 1
81386 101058 1
81386 102825 1
81386 102963 1
81386 104409 1
81386 109400 1
81386 111544 1
81386 111597 1
81386 113377 1
81386 113739 1
81386 114699 1
81386 115684 1
81386 116555 1
81386 117191 1
81386 117251 1
81386 125401 1
84146 3855 1
84146 27358 1
84146 31092 1
84146 32922 1
84146 34839 1
84146 38564 1
84146 39716 1
84146 40331 1
84146 41759 1
84146 41760 1
84146 42149 2
84146 44417 1
84146 45011 2
84146 45222 1
84146 45887 2
84146 45895 1
84146 49370 1
84146 53202 1
84146 54684 1
84146 58311 1
84146 58628 1
84146 58997 1
84146 60080 1
84146 61232 1
84146 61235 1
84146 63029 2
84146 63099 1
84146 65070 1
84146 66448 1
84146 68567 1
84146 71070 1
84146 71091 1
84146 71628 1
84146 72865 1
84146 74373 1
84146 74703 2
84146 74708 1
84146 74929 1
84146 75434 2
84146 75454 1
84146 75609 1
84146 75610 1
84146 76062 1
84146 78970 1
84146 80532 1
84146 80808 1
84146 81148 1
84146 81203 1
84146 81386 1
84146 83301 1
84146 83504 1
84146 86725 1
84146 86892 1
84146 94587 1
84146 95453 1
84146 95641 1
84146 98225 1
84146 98776 1
84146 109608 1
84146 115684 1
95641 36857 1
95641 42149 1
95641 44664 1
95641 68580 1
95641 69075 1
95641 71414 1
95641 73034 1
95641 75610 1
95641 80677 1
95641 81386 1
95641 84146 1
95641 96533 1
95641 98776 1
95641 115684 1
95641 127587 1
98776 38242 1
98776 42149 1
98776 44786 1
98776 61232 1
98776 71070 1
98776 71079 1
98776 71082 1
98776 75610 1
98776 80257 1
98776 81146 1
98776 83261 1
98776 84146 1
98776 85094 1
98776 90481 1
98776 95641 1
98776 100804 1
98776 107005 1
98776 109614 1
98776 109617 1
98776 114165 2
98776 115123 1
98776 115684 1
98776 116041 1
98776 116179 1
98776 125400 1
98776 126326 1
98776 127133 1
110381 64129 1
110381 77068 1
110381 80922 1
110381 84346 1
110381 86429 1
110381 95328 1
110381 104907 1
110381 106329 1
110381 110382 1
110381 111081 1
110381 111261 1
110381 115684 1
110381 115856 1
113739 45883 1
113739 47019 1
113739 53214 1
113739 56064 1
113739 56527 1
113739 58812 1
113739 59492 1
113739 60885 1
113739 62539 1
113739 64121 1
113739 67000 1
113739 71259 2
113739 79229 1
113739 81386 1
113739 85171 1
113739 85185 1
113739 88035 1
113739 88265 1
113739 95453 2
113739 95924 1
113739 95983 1
113739 96531 1
113739 97370 1
113739 98842 1
113739 99023 1
113739 99481 1
113739 101054 1
113739 101584 1
113739 105133 1
113739 106321 1
113739 109017 2
113739 109605 1
113739 109627 3
113739 109628 1
113739 109629 1
113739 109918 1
113739 111089 1
113739 112505 1
113739 115042 1
113739 115684 1
113739 116338 1
113739 116555 1
113739 117251 1
113739 117326 1
113739 117993 1
113739 122168 1
113739 125118 1
113739 125604 1
116555 81386 1
116555 110382 1
116555 113739 1
116555 115684 1
116555 116556 1
116555 116557 1
116555 117251 1
116555 117921 1
117251 60752 1
117251 64557 1
117251 68291 1
117251 71626 1
117251 81386 1
117251 84374 1
117251 85669 1
117251 92755 1
117251 100727 1
117251 100844 1
117251 109607 1
117251 112816 1
117251 113739 1
117251 114789 1
117251 115684 1
117251 115980 1
117251 116555 1
117251 117250 1
117251 117252 1
117251 125119 1
117251 125130 1
117251 126866 1
20257 39237 1
20257 42149 1
20257 47022 1
20257 49371 1
20257 62870 1
20257 63519 1
20257 86415 1
20257 89287 1
39237 20257 1
39237 41284 1
39237 42149 1
39237 47022 1
39237 49370 1
39237 56064 1
39237 59362 1
39237 62870 5
39237 63519 1
39237 71091 1
39237 71626 1
39237 73034 1
39237 75890 1
39237 86415 1
39237 89287 1
39237 94145 1
44777 42149 1
44777 68415 1
44777 71088 1
44777 72528 1
44777 78138 1
44777 88486 1
44777 89298 1
44777 109577 1
44777 116179 1
44798 42149 1
44798 45887 1
44798 49351 1
44798 52173 1
44798 61232 1
44798 61456 1
44798 63029 2
44798 67116 1
44798 71188 1
44798 73715 1
44798 74702 1
44798 77777 1
44798 87854 1
45011 34839 1
45011 42149 1
45011 45222 1
45011 45887 1
45011 53202 1
45011 58311 1
45011 60080 1
45011 61232 1
45011 61235 1
45011 63029 1
45011 68567 1
45011 71070 1
45011 74373 1
45011 75609 1
45011 81386 1
45011 83504 1
45011 84146 2
45011 95453 1
45222 42149 1
45222 45011 1
45222 58997 1
45222 61268 1
45222 62539 1
45222 63029 1
45222 64338 1
45222 68567 1
45222 68580 2
45222 74373 1
45222 77783 1
45222 84146 1
45222 87641 1
45222 95924 1
45222 98842 1
45222 107005 1
45222 109614 1
45222 125604 1
45222 126311 1
47022 20257 1
47022 38584 1
47022 39237 1
47022 42149 1
47022 49370 1
47022 58628 1
47022 62870 2
47022 63519 1
47022 78970 1
47022 81203 1
47022 83614 1
47022 86415 1
47022 89287 1
47022 94448 1
49371 20257 1
49371 38242 1
49371 42149 1
49371 45880 1
49371 52173 1
49371 54352 1
49371 57936 1
49371 63223 1
49371 63224 1
49371 63225 1
49371 64121 1
49371 66526 1
49371 68567 1
49371 68580 1
49371 71070 1
49371 71082 1
49371 71189 1
49371 81386 1
49371 85171 1
49371 85180 1
49371 85182 1
49371 86415 1
49371 86980 2
49371 109627 1
49371 109628 1
52173 42149 1
52173 44798 1
52173 49351 1
52173 49371 1
52173 54352 1
52173 57936 1
52173 63029 1
52173 63223 1
52173 63224 1
52173 63225 1
52173 64121 1
52173 66526 1
52173 71189 1
52173 74702 1
52173 85180 1
52173 85182 1
52173 86980 1
52173 125114 1
54308 42149 1
54308 61268 1
54308 64123 1
54308 71191 1
54308 80922 1
54308 85171 1
54308 85611 1
54308 101875 1
54308 109831 1
54308 111088 1
54352 42149 1
54352 49351 1
54352 49371 1
54352 52173 1
54352 57936 1
54352 61456 1
54352 63223 1
54352 63224 1
54352 63225 1
54352 64121 1
54352 66526 1
54352 71189 1
54352 84295 1
54352 85180 1
54352 85182 1
54352 86980 1
57936 42149 1
57936 49371 1
57936 52173 1
57936 54352 1
57936 63223 1
57936 63224 1
57936 63225 1
57936 64121 1
57936 66526 1
57936 71189 1
57936 85180 1
57936 85182 1
57936 86980 1
58840 42149 1
58840 60747 1
58840 61235 1
58840 84346 1
58840 85226 1
58840 94448 1
61456 42149 1
61456 44798 1
61456 49351 1
61456 54352 1
61456 55260 1
61456 58311 2
61456 71188 1
61456 73034 2
61456 75841 1
61456 80532 1
61456 84295 1
61456 85094 1
61456 87854 2
61456 94448 1
62870 20257 1
62870 39237 5
62870 41284 1
62870 42149 1
62870 47022 2
62870 58311 1
62870 59362 1
62870 63519 1
62870 77777 1
62870 80532 1
62870 85187 1
62870 86415 1
62870 89287 2
63029 42149 1
63029 44417 1
63029 44798 2
63029 45011 1
63029 45222 1
63029 49351 1
63029 49370 1
63029 52173 1
63029 58311 1
63029 58628 2
63029 68567 3
63029 68580 1
63029 74373 1
63029 74702 1
63029 84146 2
63029 99481 1
63029 100804 1
63223 25840 1
63223 42149 1
63223 49371 1
63223 52173 1
63223 54352 1
63223 57936 1
63223 63224 1
63223 63225 1
63223 64121 1
63223 66526 1
63223 71189 1
63223 85180 1
63223 85182 1
63223 86980 1
63223 101584 1
63224 42149 1
63224 49371 1
63224 52173 1
63224 54352 1
63224 57936 1
63224 63223 1
63224 63225 1
63224 64121 1
63224 66526 1
63224 71189 1
63224 85180 1
63224 85182 1
63224 86980 1
63225 42149 1
63225 49371 1
63225 52173 1
63225 54352 1
63225 57936 1
63225 63223 1
63225 63224 1
63225 64121 1
63225 66526 1
63225 71189 1
63225 85180 1
63225 85182 1
63225 86980 1
63519 20257 1
63519 39237 1
63519 42149 1
63519 47022 1
63519 62870 1
63519 68415 1
63519 71414 1
63519 82178 1
63519 86415 1
63519 89287 1
63519 99481 1
63519 116338 1
64121 41284 1
64121 42149 1
64121 49371 1
64121 52173 1
64121 54352 1
64121 57936 1
64121 63223 1
64121 63224 1
64121 63225 1
64121 66526 1
64121 67000 1
64121 71091 1
64121 71189 1
64121 72079 1
64121 80532 1
64121 84295 1
64121 85180 1
64121 85182 1
64121 85187 1
64121 86980 1
64121 87068 1
64121 105133 1
64121 109918 1
64121 113739 1
64123 42149 1
64123 54308 1
64123 58311 1
64123 60044 1
64123 68580 1
64123 71191 1
64123 80922 1
64123 85171 1
64123 85611 1
64123 86415 1
64123 88035 2
64123 95578 1
64123 96639 1
64123 101875 1
64123 109831 1
64123 111088 1
66526 42149 1
66526 49371 1
66526 52173 1
66526 54352 1
66526 57936 1
66526 63223 1
66526 63224 1
66526 63225 1
66526 64121 1
66526 71189 1
66526 85180 1
66526 85182 1
66526 86980 1
68415 41760 1
68415 42149 1
68415 44777 1
68415 49370 1
68415 55260 1
68415 61268 1
68415 63519 1
68415 68567 1
68415 71088 1
68415 72089 1
68415 72119 1
68415 80532 1
68415 85629 1
68415 89298 1
68415 109577 1
68415 116179 1
68567 38242 1
68567 38564 1
68567 42149 1
68567 44417 1
68567 45011 1
68567 45222 1
68567 45880 1
68567 49371 1
68567 60043 1
68567 63029 3
68567 66996 1
68567 68415 1
68567 72089 1
68567 73034 1
68567 74373 1
68567 81148 1
68567 84146 1
68567 109627 1
71088 42149 1
71088 44777 1
71088 49351 1
71088 68415 1
71088 80532 1
71088 89298 1
71088 109577 1
71088 116179 3
71088 122765 1
71188 42149 1
71188 44798 1
71188 45883 1
71188 49370 1
71188 61456 1
71188 71197 1
71188 85655 1
71188 87854 1
71188 88486 1
71188 98676 1
71188 116338 1
71188 125401 1
71189 42149 1
71189 49371 1
71189 52173 1
71189 54352 1
71189 57936 1
71189 63223 1
71189 63224 1
71189 63225 1
71189 64121 1
71189 66526 1
71189 85180 1
71189 85182 1
71189 86980 1
71191 42149 1
71191 54308 1
71191 64123 1
71191 80922 1
71191 81203 1
71191 82178 1
71191 84295 1
71191 85171 1
71191 85611 1
71191 94448 1
71191 101875 1
71191 109831 1
71191 111088 1
74373 42149 1
74373 45011 1
74373 45222 1
74373 63029 1
74373 68567 1
74373 84146 1
80922 42149 1
80922 45894 1
80922 49351 2
80922 54308 1
80922 61232 1
80922 61235 3
80922 61253 1
80922 64123 1
80922 64129 1
80922 71191 1
80922 72079 1
80922 77068 1
80922 83506 1
80922 84346 3
80922 85171 1
80922 85187 1
80922 85388 1
80922 85611 1
80922 95328 3
80922 95329 1
80922 95330 1
80922 95331 1
80922 95332 1
80922 95453 1
80922 95983 1
80922 99481 1
80922 101875 1
80922 102963 1
80922 109831 1
80922 110381 1
80922 111088 1
80922 115856 1
84346 42149 1
84346 45894 1
84346 49351 1
84346 58840 1
84346 61235 1
84346 64129 1
84346 66003 1
84346 72079 1
84346 77068 1
84346 80922 3
84346 85226 1
84346 91037 1
84346 94448 1
84346 95328 1
84346 95329 1
84346 107005 1
84346 109577 2
84346 110381 1
84346 115856 2
84346 117191 1
84346 117271 1
84346 125400 1
85171 42149 1
85171 47019 1
85171 49371 1
85171 53214 1
85171 54308 1
85171 56064 1
85171 56527 1
85171 62539 1
85171 64123 1
85171 67000 1
85171 71191 1
85171 71259 1
85171 80922 1
85171 85170 1
85171 85174 1
85171 85175 1
85171 85611 1
85171 101875 1
85171 109831 1
85171 111088 1
85171 113739 1
85180 27853 1
85180 42149 1
85180 49371 1
85180 52173 1
85180 53931 1
85180 54352 1
85180 57936 1
85180 63223 1
85180 63224 1
85180 63225 1
85180 64121 1
85180 66526 1
85180 71189 1
85180 74700 1
85180 81386 1
85180 85182 1
85180 86423 1
85180 86980 1
85180 100540 1
85180 104409 1
85182 42149 1
85182 49371 1
85182 52173 1
85182 54352 1
85182 56061 1
85182 57936 1
85182 63223 1
85182 63224 1
85182 63225 1
85182 64121 1
85182 64129 1
85182 66526 1
85182 71079 1
85182 71189 1
85182 77783 1
85182 81148 1
85182 84374 1
85182 85180 1
85182 85669 1
85182 86423 1
85182 86980 1
85182 87517 1
85182 95578 1
85182 96531 1
85182 104539 1
85182 107005 1
85182 111088 1
85182 117921 1
85611 42149 1
85611 54308 1
85611 58311 1
85611 64123 1
85611 71191 1
85611 77244 1
85611 80922 1
85611 82842 1
85611 85171 1
85611 101584 1
85611 101875 1
85611 109831 1
85611 111088 1
86415 20257 1
86415 39237 1
86415 42149 1
86415 47022 1
86415 49370 1
86415 49371 1
86415 55260 1
86415 58311 1
86415 61262 1
86415 62539 1
86415 62870 1
86415 63519 1
86415 64123 1
86415 68580 2
86415 77244 2
86415 77783 1
86415 81203 3
86415 84295 1
86415 85658 1
86415 86980 1
86415 89287 1
86415 89299 1
86415 95578 1
86415 95983 1
86415 96639 1
86415 98789 1
86415 125118 1
86980 42149 1
86980 44415 1
86980 49351 2
86980 49370 1
86980 49371 2
86980 52173 1
86980 54352 1
86980 57936 1
86980 58311 1
86980 63223 1
86980 63224 1
86980 63225 1
86980 64121 1
86980 66526 1
86980 68580 2
86980 71070 1
86980 71082 1
86980 71189 1
86980 71259 1
86980 73036 1
86980 77267 1
86980 77268 1
86980 77777 1
86980 80532 2
86980 85180 1
86980 85182 1
86980 85669 1
86980 86415 1
86980 88486 1
86980 90481 1
86980 100804 1
86980 120704 1
87854 42149 1
87854 44798 1
87854 61456 2
87854 71188 1
87854 94448 2
89287 20257 1
89287 39237 1
89287 41284 1
89287 42149 1
89287 47022 1
89287 56064 1
89287 61232 2
89287 62870 2
89287 63519 1
89287 71070 1
89287 81146 1
89287 85094 1
89287 85187 1
89287 86415 1
89287 95578 1
89287 96533 1
89287 97408 1
89287 99481 1
89287 109627 1
89287 111089 1
89298 42149 1
89298 44777 1
89298 68415 1
89298 71088 1
89298 92070 1
89298 100844 1
89298 109577 1
89298 109605 1
89298 116179 1
101875 42149 1
101875 45880 1
101875 54308 1
101875 64123 1
101875 71191 1
101875 73036 1
101875 80922 1
101875 84295 1
101875 85171 1
101875 85611 1
101875 86423 1
101875 95578 1
101875 95721 1
101875 96639 1
101875 109831 1
101875 111088 1
109577 42149 1
109577 44777 1
109577 58311 1
109577 68291 1
109577 68415 1
109577 71088 1
109577 74703 1
109577 84346 2
109577 84780 1
109577 84829 1
109577 85557 1
109577 88035 1
109577 89298 1
109577 93253 1
109577 99481 2
109577 100844 1
109577 109017 1
109577 114699 1
109577 116179 1
109577 117191 2
109831 42149 1
109831 54308 1
109831 64123 1
109831 71191 1
109831 77068 1
109831 80922 1
109831 85171 1
109831 85611 1
109831 86423 1
109831 101875 1
109831 111088 1
109831 112505 1
109831 117246 1
111088 42149 1
111088 44786 2
111088 45880 1
111088 54308 1
111088 58833 1
111088 64123 1
111088 71191 1
111088 78507 1
111088 80922 1
111088 81146 1
111088 85171 1
111088 85182 1
111088 85187 1
111088 85611 1
111088 96531 1
111088 101054 1
111088 101875 1
111088 102825 1
111088 109017 1
111088 109831 1
116179 42149 1
116179 44777 1
116179 68415 1
116179 71088 3
116179 81146 1
116179 83261 1
116179 85094 1
116179 85669 1
116179 89298 1
116179 96531 1
116179 98776 1
116179 109577 1
116179 114165 1
116179 123975 1
124446 42149 1
124446 81031 1
73036 49351 1
73036 56064 1
73036 75610 1
73036 86423 1
73036 86980 1
73036 95578 1
73036 95721 1
73036 101875 1
73036 102963 1
73036 127693 1
87517 53202 1
87517 75610 1
87517 85182 1
87517 85185 1
87517 85187 1
87517 111597 1
87517 114165 1
87517 126326 1
92070 61253 1
92070 68291 1
92070 75610 1
92070 87641 1
92070 89298 1
105143 75610 1
114165 61232 1
114165 75610 1
114165 80257 1
114165 83261 1
114165 85094 1
114165 87517 1
114165 98776 2
114165 107005 1
114165 116179 1
114165 125400 1
114165 127133 1
127133 61232 1
127133 75610 1
127133 80257 1
127133 85094 1
127133 98776 1
127133 107005 1
127133 114165 1
127133 125400 1
127693 49351 1
127693 73036 1
127693 75610 1
127693 80257 1
127693 81789 1
127693 87518 1
127693 95721 1
127693 96533 1
127693 99481 1
127693 109605 1
127693 111089 1
127693 113991 1
127693 117191 1
127693 125114 1
2414 2845 1
2414 5690 1
2414 7808 1
2414 81386 1
2845 2414 1
2845 5690 1
2845 7808 1
2845 81386 1
5690 2414 1
5690 2845 1
5690 7808 1
5690 81386 1
7808 2414 1
7808 2845 1
7808 5690 1
7808 81386 1
34734 68580 1
34734 71091 1
34734 81203 1
34734 81386 1
34734 81465 1
34734 101305 1
34839 45011 1
34839 45887 1
34839 53202 1
34839 58311 1
34839 60080 1
34839 61232 1
34839 61235 1
34839 71070 1
34839 75609 1
34839 81386 1
34839 83504 1
34839 84146 1
34839 95453 1
36857 73820 1
36857 81386 1
36857 86892 1
36857 95641 1
36857 100804 1
38584 27358 1
38584 39606 1
38584 41813 1
38584 44415 1
38584 45505 1
38584 47022 1
38584 56061 1
38584 60226 1
38584 68398 1
38584 81386 1
38584 82437 1
41284 39237 1
41284 45880 2
41284 49370 1
41284 58628 1
41284 62870 1
41284 64121 1
41284 71070 1
41284 77783 1
41284 79229 1
41284 81386 1
41284 84295 1
41284 85669 1
41284 89287 1
41284 95453 1
41284 95578 1
41284 100844 1
41284 102963 1
41284 109627 1
41284 111544 1
41284 111597 1
44415 38584 1
44415 60029 1
44415 60747 1
44415 61247 1
44415 61268 1
44415 71628 1
44415 73300 1
44415 77777 1
44415 81386 1
44415 81789 1
44415 86980 1
44415 125401 1
45880 38242 1
45880 41284 2
45880 49371 1
45880 58833 1
45880 59490 1
45880 59492 1
45880 68567 1
45880 77244 1
45880 81386 1
45880 85187 2
45880 86421 1
45880 92999 1
45880 95578 1
45880 95721 1
45880 95983 1
45880 101875 1
45880 102825 1
45880 111088 1
45887 32922 1
45887 34839 1
45887 44417 2
45887 44798 1
45887 45011 1
45887 53202 1
45887 58311 1
45887 60080 1
45887 61232 2
45887 61235 1
45887 62539 1
45887 71070 1
45887 74703 1
45887 75609 1
45887 80532 1
45887 81148 1
45887 81386 1
45887 83504 1
45887 84146 2
45887 86423 1
45887 95453 1
45894 49351 1
45894 66723 1
45894 71626 1
45894 78115 1
45894 80922 1
45894 81386 1
45894 82178 1
45894 84346 1
45894 85681 1
45894 92820 1
45894 97408 1
45894 111544 1
45894 117191 1
49351 41274 1
49351 44798 1
49351 45894 1
49351 52173 1
49351 54352 1
49351 56064 1
49351 58833 1
49351 61456 1
49351 63029 1
49351 68580 2
49351 71088 1
49351 71197 1
49351 73036 1
49351 73426 1
49351 74702 1
49351 77777 1
49351 80532 1
49351 80677 1
49351 80922 2
49351 81386 1
49351 84295 1
49351 84346 1
49351 85187 1
49351 85669 1
49351 85681 1
49351 86980 2
49351 88486 1
49351 90481 1
49351 92755 1
49351 95983 1
49351 98842 1
49351 100804 1
49351 102963 2
49351 109627 1
49351 127693 1
49370 38564 1
49370 39237 1
49370 41284 1
49370 47022 1
49370 47126 1
49370 55260 1
49370 60029 1
49370 61235 1
49370 63029 1
49370 68415 1
49370 68580 1
49370 71091 2
49370 71188 1
49370 73034 1
49370 77783 1
49370 81386 1
49370 84146 1
49370 85629 1
49370 85655 1
49370 85681 1
49370 86415 1
49370 86980 1
49370 87068 2
49370 88035 1
49370 88486 1
49370 90481 1
49370 95578 1
49370 95983 1
49370 97408 1
49370 98676 1
49370 98789 2
49370 99481 1
49370 101584 1
49370 102963 1
49370 109627 2
49370 111544 1
49370 111597 1
52164 45895 1
52164 54684 1
52164 71225 1
52164 73715 1
52164 81386 1
52164 86892 1
53202 34839 1
53202 45011 1
53202 45887 1
53202 58311 1
53202 60080 1
53202 61232 1
53202 61235 1
53202 71070 1
53202 75609 1
53202 81386 1
53202 83504 1
53202 84146 1
53202 87517 1
53202 95453 1
53774 55260 1
53774 81386 1
53774 84174 1
53774 84803 1
53774 87641 1
55260 49370 1
55260 53774 1
55260 61456 1
55260 68415 1
55260 73034 1
55260 74703 1
55260 81386 1
55260 84174 1
55260 85629 1
55260 86415 1
55260 86423 1
55260 87641 1
55758 55770 1
55758 60752 2
55758 61975 1
55758 71259 1
55758 81386 1
55758 96639 1
55758 100384 1
55770 46943 1
55770 55758 1
55770 60752 1
55770 61975 1
55770 65660 1
55770 77178 1
55770 81386 1
55770 96639 1
55770 100384 1
56061 38584 1
56061 45895 1
56061 68398 1
56061 73300 1
56061 77783 1
56061 81148 1
56061 81386 1
56061 82437 1
56061 85182 1
58311 34839 1
58311 45011 1
58311 45887 1
58311 53202 1
58311 58628 1
58311 60080 1
58311 61232 1
58311 61235 2
58311 61456 2
58311 62870 1
58311 63029 1
58311 64123 1
58311 71070 1
58311 75609 1
58311 81203 1
58311 81386 1
58311 83466 1
58311 83504 1
58311 84146 1
58311 85094 1
58311 85226 1
58311 85611 1
58311 85669 1
58311 86415 1
58311 86980 1
58311 89299 1
58311 95453 1
58311 99481 1
58311 100804 1
58311 102825 1
58311 109577 1
58833 45880 1
58833 49351 1
58833 59490 1
58833 61268 1
58833 81386 1
58833 84295 1
58833 84803 1
58833 85187 1
58833 85681 1
58833 88486 1
58833 89299 1
58833 109614 1
58833 111088 1
59490 45880 1
59490 58833 1
59490 59492 1
59490 61268 1
59490 77244 1
59490 81386 1
59490 84295 1
59490 84803 1
59490 85681 1
59490 88486 1
59490 89299 1
59490 104907 1
59490 105133 1
60029 27358 1
60029 44415 1
60029 45895 1
60029 49370 1
60029 58997 1
60029 60747 1
60029 61247 1
60029 61268 1
60029 66721 1
60029 71091 1
60029 73300 1
60029 75467 1
60029 81386 1
60029 81789 1
60029 101584 1
60029 115042 1
60029 125401 1
60080 34839 1
60080 45011 1
60080 45887 1
60080 53202 1
60080 58311 1
60080 61232 1
60080 61235 1
60080 66794 1
60080 71070 1
60080 71259 1
60080 74703 1
60080 75609 1
60080 79667 1
60080 81386 1
60080 83504 1
60080 84146 1
60080 85629 1
60080 95453 1
60080 109614 1
60080 123198 1
60080 127121 1
60747 44415 1
60747 58840 1
60747 60029 1
60747 61247 1
60747 61268 1
60747 64557 1
60747 73300 1
60747 81386 1
60747 81789 1
60747 82169 1
60747 125401 1
60752 55758 2
60752 55770 1
60752 61975 1
60752 64557 1
60752 68291 1
60752 71259 1
60752 71626 1
60752 81386 1
60752 84374 1
60752 84803 1
60752 88035 1
60752 92755 1
60752 95924 1
60752 96639 1
60752 100384 1
60752 100727 1
60752 100844 1
60752 102825 1
60752 109017 1
60752 109607 1
60752 115980 1
60752 117251 1
60752 126866 1
61232 34839 1
61232 44798 1
61232 45011 1
61232 45887 2
61232 53202 1
61232 58311 1
61232 60080 1
61232 61235 2
61232 61253 2
61232 64557 1
61232 71070 2
61232 71259 1
61232 72079 2
61232 75609 1
61232 80257 1
61232 80922 1
61232 81386 1
61232 83504 1
61232 84146 1
61232 84295 1
61232 85094 1
61232 85226 1
61232 87641 2
61232 89287 2
61232 95453 1
61232 98776 1
61232 107005 1
61232 114165 1
61232 125400 1
61232 127133 1
61235 34839 1
61235 45011 1
61235 45887 1
61235 49370 1
61235 53202 1
61235 58311 2
61235 58840 1
61235 60080 1
61235 61232 2
61235 71070 1
61235 71091 1
61235 72079 1
61235 75609 1
61235 80922 3
61235 81386 1
61235 83504 1
61235 84146 1
61235 84346 1
61235 85226 1
61235 94448 1
61235 95453 2
61235 102825 1
61235 117993 1
61247 44415 1
61247 60029 1
61247 60747 1
61247 61268 1
61247 73300 1
61247 81386 1
61247 81789 1
61247 125401 1
61253 59803 1
61253 61232 2
61253 80532 1
61253 80922 1
61253 81386 1
61253 85658 1
61253 87641 1
61253 87876 1
61253 88035 1
61253 92070 1
61253 98225 1
61253 99481 1
61253 109614 1
61268 44415 1
61268 45222 1
61268 54308 1
61268 58833 1
61268 58997 1
61268 59490 1
61268 60029 1
61268 60747 1
61268 61247 1
61268 62539 2
61268 68415 1
61268 68580 1
61268 71070 1
61268 73300 1
61268 77783 1
61268 81386 2
61268 81789 1
61268 82178 1
61268 84295 1
61268 84803 1
61268 85226 1
61268 85681 1
61268 88486 1
61268 89299 2
61268 109617 1
61268 114699 1
61268 125401 1
61975 55758 1
61975 55770 1
61975 60752 1
61975 81203 1
61975 81386 1
61975 83301 1
61975 83472 1
61975 94448 1
61975 96533 1
61975 96639 1
61975 100384 1
61975 100804 1
61975 127587 1
66723 44786 1
66723 45894 1
66723 77244 1
66723 78115 1
66723 81203 1
66723 81386 1
66723 81789 1
66723 82178 1
66723 84803 1
66723 97408 1
66723 98842 1
66723 99023 1
66723 111597 1
66723 117191 1
68398 38584 1
68398 56061 1
68398 81386 1
68398 82437 1
68398 90481 1
68580 34734 1
68580 45222 2
68580 49351 2
68580 49370 1
68580 49371 1
68580 58997 1
68580 61268 1
68580 62539 1
68580 63029 1
68580 64123 1
68580 69075 1
68580 71070 1
68580 71091 1
68580 71259 1
68580 73034 1
68580 77783 1
68580 81203 1
68580 81386 1
68580 81465 1
68580 84295 1
68580 85187 1
68580 86415 2
68580 86980 2
68580 87641 1
68580 88486 1
68580 90481 1
68580 95641 1
68580 96639 1
68580 98225 1
68580 98842 1
68580 100804 1
68580 107005 1
68580 111544 1
68580 125604 1
71070 34839 1
71070 41284 1
71070 45011 1
71070 45887 1
71070 49371 1
71070 53202 1
71070 58311 1
71070 60080 1
71070 61232 2
71070 61235 1
71070 61268 1
71070 66611 1
71070 68580 1
71070 71082 5
71070 73410 1
71070 75609 1
71070 78115 1
71070 80677 1
71070 81386 1
71070 82178 1
71070 83504 1
71070 84146 1
71070 85226 2
71070 85669 1
71070 86423 1
71070 86980 1
71070 89287 1
71070 89299 1
71070 95453 2
71070 95983 1
71070 96555 1
71070 98776 1
71070 105133 1
71070 111597 2
71070 115123 1
71070 117214 1
71091 34734 1
71091 39237 1
71091 49370 2
71091 60029 1
71091 61235 1
71091 64121 1
71091 68580 1
71091 73034 1
71091 77244 1
71091 78970 1
71091 81203 2
71091 81386 1
71091 81465 1
71091 83503 1
71091 84146 1
71091 85187 1
71091 94448 1
71091 109608 1
71197 49351 1
71197 59492 1
71197 71188 1
71197 81386 1
71197 83472 1
71197 88486 1
71197 94215 1
71197 94216 1
71197 116338 1
71626 39237 1
71626 44664 1
71626 45894 1
71626 60752 1
71626 64129 1
71626 64557 1
71626 68291 1
71626 71259 2
71626 81386 1
71626 81789 1
71626 84295 1
71626 84374 1
71626 85681 2
71626 86503 1
71626 92755 1
71626 92820 2
71626 94145 1
71626 95693 1
71626 95983 1
71626 97408 1
71626 98789 1
71626 100727 1
71626 100844 1
71626 109607 1
71626 115980 1
71626 117251 1
71626 126866 1
72079 61232 2
72079 61235 1
72079 64121 1
72079 64557 1
72079 71259 1
72079 80257 1
72079 80922 1
72079 81386 1
72079 81789 1
72079 84346 1
72079 85047 1
72079 92755 1
72079 95924 1
72079 98789 2
72079 114799 1
72089 68415 1
72089 68567 1
72089 81386 1
72089 109627 1
73300 44415 1
73300 56061 1
73300 60029 1
73300 60747 1
73300 61247 1
73300 61268 1
73300 80532 1
73300 81386 1
73300 81789 1
73300 125401 1
73715 44798 1
73715 52164 1
73715 77777 1
73715 81386 1
73715 85389 1
73778 81386 1
73778 86427 1
73778 93253 2
73778 107005 1
75467 60029 1
75467 68291 1
75467 77777 1
75467 80792 1
75467 81386 1
75467 85226 1
75467 85658 1
75467 86503 1
75467 89895 1
75467 93253 1
75467 97370 1
75467 99023 1
75467 101058 1
75467 101584 2
75467 109400 1
75467 114699 1
75467 115042 1
75609 34839 1
75609 45011 1
75609 45887 1
75609 53202 1
75609 58311 1
75609 60080 1
75609 61232 1
75609 61235 1
75609 71070 1
75609 73034 1
75609 81386 1
75609 83504 1
75609 84146 1
75609 95453 1
77244 38564 1
77244 45880 1
77244 59490 1
77244 65070 1
77244 66723 1
77244 71091 1
77244 71259 1
77244 77783 1
77244 81203 3
77244 81386 2
77244 81789 1
77244 82842 1
77244 85226 1
77244 85611 1
77244 86415 2
77244 98842 1
77244 99481 1
77244 101584 1
77244 116338 1
77244 119060 1
77777 44415 1
77777 44798 1
77777 49351 1
77777 62870 1
77777 73034 1
77777 73715 1
77777 75467 1
77777 80532 1
77777 80792 1
77777 81386 1
77777 81789 1
77777 85226 1
77777 86503 1
77777 86980 1
77777 89895 1
77777 93253 1
77777 97370 1
77777 98789 2
77777 101058 1
77777 109400 1
77777 109627 1
77777 114699 1
77783 41284 1
77783 45222 1
77783 49370 1
77783 56061 1
77783 58997 1
77783 61268 1
77783 62539 1
77783 64557 1
77783 68291 1
77783 68580 1
77783 72538 1
77783 77244 1
77783 80677 1
77783 81148 1
77783 81203 1
77783 81386 1
77783 82172 1
77783 85182 1
77783 86415 1
77783 95578 1
77783 95721 1
77783 96533 1
77783 99481 1
77783 102963 2
77783 111544 1
77783 111597 1
78115 45894 1
78115 66723 1
78115 71070 1
78115 81386 1
78115 82178 1
78115 86423 1
78115 89299 1
78115 95578 1
78115 95983 1
78115 97408 1
78115 99481 1
78115 117191 1
79802 62539 1
79802 81386 1
79802 118674 1
80532 28009 1
80532 32922 1
80532 41760 1
80532 44417 1
80532 45887 1
80532 49351 1
80532 61253 1
80532 61456 1
80532 62870 1
80532 64121 1
80532 65070 1
80532 68415 1
80532 71088 1
80532 73300 1
80532 77777 1
80532 80677 1
80532 81148 1
80532 81386 1
80532 82178 1
80532 84146 1
80532 86980 2
80532 87068 1
80532 99481 1
80792 75467 1
80792 77777 1
80792 81386 1
80792 85226 1
80792 86503 1
80792 89895 1
80792 93253 1
80792 97370 1
80792 101058 1
80792 109400 1
80792 114699 1
81203 34734 1
81203 47022 1
81203 58311 1
81203 60226 1
81203 61975 1
81203 66723 1
81203 68580 1
81203 71091 2
81203 71191 1
81203 77244 3
81203 77783 1
81203 78970 1
81203 81386 1
81203 81465 1
81203 84146 1
81203 86415 3
81203 89299 1
81203 109608 1
81465 34734 1
81465 68580 1
81465 71091 1
81465 81203 1
81465 81386 1
81789 44415 1
81789 44786 1
81789 60029 1
81789 60747 1
81789 61247 1
81789 61268 1
81789 66723 1
81789 71626 1
81789 72079 1
81789 73300 1
81789 77244 1
81789 77777 1
81789 81386 1
81789 85226 1
81789 85658 1
81789 87518 1
81789 92755 1
81789 95578 2
81789 98789 1
81789 99481 1
81789 109614 1
81789 109627 2
81789 111597 1
81789 113991 1
81789 125401 1
81789 127693 1
82178 45894 1
82178 61268 1
82178 63099 1
82178 63519 1
82178 66723 1
82178 71070 1
82178 71191 1
82178 71259 1
82178 73034 1
82178 78115 1
82178 80532 1
82178 81386 1
82178 85226 1
82178 89299 1
82178 95721 1
82178 97408 1
82178 109627 1
82178 117191 1
82437 38584 1
82437 56061 1
82437 68398 1
82437 81386 1
82437 98225 1
83466 45883 1
83466 47019 1
83466 58311 1
83466 81386 1
83466 95578 1
83472 61975 1
83472 64557 2
83472 71197 1
83472 71259 1
83472 81386 1
83472 98842 1
83472 100804 1
83472 111597 1
83504 34839 1
83504 45011 1
83504 45883 1
83504 45887 1
83504 53202 1
83504 58311 1
83504 60080 1
83504 61232 1
83504 61235 1
83504 71070 1
83504 75609 1
83504 81386 1
83504 84146 1
83504 95453 1
84174 38564 1
84174 53774 1
84174 55260 1
84174 81386 1
84174 87641 1
84295 41284 1
84295 44786 1
84295 45895 1
84295 49351 1
84295 54352 1
84295 58833 1
84295 59490 1
84295 61232 1
84295 61268 1
84295 61456 1
84295 64121 1
84295 64129 1
84295 64557 1
84295 68291 1
84295 68580 1
84295 71191 1
84295 71259 1
84295 71626 1
84295 77068 1
84295 81386 1
84295 84803 1
84295 85187 2
84295 85658 2
84295 85681 1
84295 86415 1
84295 86423 1
84295 87641 1
84295 88035 1
84295 88486 1
84295 89299 2
84295 92755 1
84295 95453 2
84295 96533 1
84295 98225 1
84295 99023 1
84295 99481 1
84295 101584 1
84295 101875 1
84295 103640 1
84295 103641 1
84295 109627 1
84295 109918 1
84295 111089 1
84295 111544 1
84295 125604 1
84803 53774 1
84803 58833 1
84803 59490 1
84803 60752 1
84803 61268 1
84803 66723 1
84803 81386 1
84803 84295 1
84803 85681 1
84803 88486 1
84803 89299 1
84803 104409 1
85187 45880 2
85187 45883 1
85187 49351 1
85187 53214 1
85187 58833 1
85187 62870 1
85187 64121 1
85187 68580 1
85187 71091 1
85187 80922 1
85187 81386 1
85187 84295 2
85187 86421 1
85187 87517 1
85187 89287 1
85187 92999 1
85187 94448 1
85187 95721 1
85187 95983 1
85187 98225 1
85187 100804 1
85187 102825 1
85187 102963 1
85187 111088 1
85187 111544 1
85226 58311 1
85226 58840 1
85226 61232 1
85226 61235 1
85226 61268 1
85226 71070 2
85226 71082 1
85226 75467 1
85226 77244 1
85226 77777 1
85226 80792 1
85226 81386 1
85226 81789 1
85226 82178 1
85226 84346 1
85226 86503 1
85226 89299 1
85226 89895 1
85226 93253 1
85226 94448 1
85226 95924 1
85226 97370 1
85226 101058 1
85226 109400 1
85226 109590 1
85226 111597 1
85226 114699 1
85628 27612 1
85628 81386 1
85628 85629 1
85629 49370 1
85629 54684 1
85629 55260 1
85629 60080 1
85629 66794 1
85629 68415 1
85629 74703 2
85629 79667 1
85629 81386 1
85629 85628 1
85629 123198 1
85629 127121 1
85658 59803 1
85658 61253 1
85658 68291 1
85658 75467 1
85658 81386 1
85658 81789 1
85658 84295 2
85658 86415 1
85658 87876 1
85658 88035 1
85658 89299 1
85658 99023 1
85681 45894 1
85681 49351 1
85681 49370 1
85681 58833 1
85681 59490 1
85681 61268 1
85681 64129 1
85681 64557 1
85681 71626 2
85681 81386 1
85681 84295 1
85681 84803 1
85681 88486 1
85681 89299 1
85681 92820 1
85681 97370 1
86421 45880 1
86421 81386 1
86421 85187 1
86421 86423 1
86421 95721 1
86421 102825 1
86421 125604 1
86423 45887 1
86423 55260 1
86423 71070 1
86423 73036 1
86423 77068 1
86423 78115 1
86423 81386 1
86423 84295 1
86423 85180 1
86423 85182 1
86423 86421 1
86423 87881 1
86423 92755 1
86423 95578 1
86423 95721 1
86423 95983 1
86423 100540 1
86423 101875 1
86423 104409 1
86423 109627 1
86423 109831 1
86423 117191 1
86427 73778 1
86427 81386 1
86427 93253 1
86503 71626 1
86503 75467 1
86503 77777 1
86503 80792 1
86503 81386 1
86503 85226 1
86503 89895 1
86503 93253 1
86503 97370 1
86503 97408 1
86503 101058 1
86503 109017 1
86503 109400 1
86503 114699 1
87068 49370 2
87068 64121 1
87068 80532 1
87068 81386 1
87068 85094 1
87068 85669 1
87068 88486 1
87068 89299 1
87068 90481 1
87068 97408 1
87641 45222 1
87641 53774 1
87641 55260 1
87641 61232 2
87641 61253 1
87641 68580 1
87641 81386 1
87641 84174 1
87641 84295 1
87641 92070 1
87641 98842 1
87641 107005 1
87641 125604 1
88486 44777 1
88486 45883 1
88486 49351 1
88486 49370 1
88486 58833 1
88486 59490 1
88486 59492 1
88486 61268 1
88486 68580 1
88486 71188 1
88486 71197 1
88486 72528 1
88486 78138 1
88486 81386 1
88486 84295 1
88486 84803 1
88486 85681 1
88486 86980 1
88486 87068 1
88486 89299 2
88486 90481 1
89299 58311 1
89299 58833 1
89299 59490 1
89299 61268 2
89299 71070 1
89299 78115 1
89299 81203 1
89299 81386 1
89299 82178 1
89299 84295 2
89299 84803 1
89299 85226 1
89299 85658 1
89299 85681 1
89299 86415 1
89299 87068 1
89299 88035 1
89299 88486 2
89299 95983 1
89299 99481 1
89895 75467 1
89895 77777 1
89895 80792 1
89895 81386 1
89895 85226 1
89895 86503 1
89895 92755 1
89895 93253 1
89895 97370 1
89895 101058 1
89895 109400 1
89895 114699 1
92820 45894 1
92820 71626 2
92820 81386 1
92820 85681 1
92820 95693 1
92999 45880 1
92999 81386 1
92999 85187 1
92999 100804 1
92999 120881 1
93253 59157 1
93253 59860 1
93253 60114 1
93253 73778 2
93253 74973 1
93253 74975 1
93253 75467 1
93253 77777 1
93253 80792 1
93253 81386 2
93253 85226 1
93253 86427 1
93253 86503 1
93253 89895 1
93253 97370 1
93253 101058 1
93253 109400 1
93253 109577 1
93253 112492 1
93253 114699 1
93253 124215 1
94145 39237 1
94145 71626 1
94145 81386 1
94448 47022 1
94448 58840 1
94448 61235 1
94448 61456 1
94448 61975 1
94448 62539 1
94448 71091 1
94448 71191 1
94448 73034 1
94448 81386 1
94448 83614 1
94448 84346 1
94448 85187 1
94448 85226 1
94448 87854 2
94448 93312 1
94448 95578 1
94448 98789 1
95453 34839 1
95453 41284 1
95453 45011 1
95453 45883 1
95453 45887 1
95453 53202 1
95453 56064 1
95453 58311 1
95453 60080 1
95453 60885 1
95453 61232 1
95453 61235 2
95453 67000 1
95453 68291 1
95453 71070 2
95453 71259 1
95453 75609 1
95453 80922 1
95453 81386 1
95453 83504 1
95453 84146 1
95453 84295 2
95453 85669 1
95453 96531 1
95453 97370 1
95453 98842 1
95453 101054 1
95453 109627 7
95453 112505 2
95453 113739 2
95453 115856 1
95453 117326 1
95453 125604 1
95578 41284 1
95578 44778 1
95578 44786 1
95578 45880 1
95578 45883 1
95578 49370 1
95578 64123 1
95578 68291 1
95578 71079 1
95578 71082 1
95578 73036 1
95578 77783 1
95578 78115 1
95578 81386 1
95578 81789 2
95578 83466 1
95578 85182 1
95578 85669 1
95578 86415 1
95578 86423 1
95578 88035 1
95578 89287 1
95578 94448 1
95578 95721 1
95578 95983 1
95578 98789 1
95578 99481 1
95578 100804 1
95578 101875 1
95578 102963 1
95578 111597 1
95578 113377 1
95578 117921 1
95693 71626 1
95693 81386 1
95693 92820 1
95693 111089 1
95721 45880 1
95721 64129 1
95721 73036 1
95721 77783 1
95721 80677 1
95721 81386 1
95721 82178 1
95721 85187 1
95721 86421 1
95721 86423 1
95721 95578 1
95721 96533 2
95721 98842 1
95721 101875 1
95721 102825 1
95721 109605 1
95721 116517 1
95721 127693 1
95924 45222 1
95924 60752 1
95924 64557 1
95924 68291 1
95924 72079 1
95924 80677 1
95924 81386 1
95924 85226 1
95924 85669 1
95924 98789 3
95924 100844 1
95924 102963 1
95924 105195 1
95924 113739 1
95924 117165 1
95924 117166 1
96639 55758 1
96639 55770 1
96639 60752 1
96639 61975 1
96639 64123 1
96639 68580 1
96639 81386 1
96639 86415 1
96639 100384 1
96639 101875 1
96639 109614 1
97370 67000 1
97370 71259 1
97370 75467 1
97370 77777 1
97370 80792 1
97370 81386 1
97370 85226 1
97370 85681 1
97370 86503 1
97370 89895 1
97370 93253 1
97370 95453 1
97370 96531 1
97370 98842 1
97370 101054 1
97370 101058 1
97370 109400 1
97370 113739 1
97370 114699 1
97370 117326 1
97370 125604 1
97408 45894 1
97408 49370 1
97408 56064 1
97408 66723 1
97408 71626 1
97408 71628 1
97408 78115 1
97408 81386 1
97408 82178 1
97408 86503 1
97408 87068 1
97408 89287 1
97408 109400 1
97408 117191 1
98789 25025 1
98789 44664 1
98789 49370 2
98789 71259 1
98789 71626 1
98789 72079 2
98789 73034 1
98789 77777 2
98789 81386 1
98789 81789 1
98789 85669 1
98789 86415 1
98789 94448 1
98789 95578 1
98789 95924 3
98789 95983 1
98789 96533 1
98789 99481 1
98789 109627 1
99481 49370 1
99481 58311 1
99481 58628 1
99481 61253 1
99481 63029 1
99481 63519 1
99481 64557 1
99481 71259 1
99481 77244 1
99481 77783 1
99481 78115 1
99481 80257 1
99481 80532 1
99481 80922 1
99481 81146 1
99481 81386 1
99481 81789 1
99481 84295 1
99481 88035 3
99481 89287 1
99481 89299 1
99481 92755 1
99481 95578 1
99481 95983 2
99481 98789 1
99481 107005 1
99481 109017 2
99481 109577 2
99481 111089 1
99481 113739 1
99481 116338 1
99481 125388 1
99481 127693 1
100384 55758 1
100384 55770 1
100384 60752 1
100384 61975 1
100384 81386 1
100384 96639 1
100540 81386 1
100540 85180 1
100540 86423 1
100540 104409 1
100804 36857 1
100804 49351 1
100804 58311 1
100804 61975 1
100804 63029 1
100804 68580 1
100804 81386 1
100804 83472 1
100804 85187 1
100804 85669 1
100804 86980 1
100804 92999 1
100804 95578 1
100804 98188 1
100804 98776 1
100804 105470 1
100804 111597 1
100804 116338 1
101058 75467 1
101058 77777 1
101058 80792 1
101058 81386 1
101058 85226 1
101058 86503 1
101058 89895 1
101058 93253 1
101058 97370 1
101058 101054 1
101058 109400 1
101058 114699 1
102825 44907 1
102825 45880 1
102825 58311 1
102825 60752 1
102825 61235 1
102825 71259 1
102825 77068 1
102825 81386 1
102825 85187 1
102825 86421 1
102825 88035 1
102825 89290 1
102825 92755 1
102825 95721 1
102825 104409 1
102825 107005 1
102825 109614 1
102825 109918 1
102825 111088 1
102825 126311 1
102963 41284 1
102963 49351 2
102963 49370 1
102963 68291 1
102963 73036 1
102963 77783 2
102963 80922 1
102963 81146 1
102963 81386 1
102963 85187 1
102963 95578 1
102963 95924 1
102963 95983 1
102963 101584 1
102963 111544 1
102963 111597 1
102963 112505 2
104409 44786 1
104409 71082 1
104409 71259 1
104409 81146 1
104409 81386 1
104409 84803 1
104409 85180 1
104409 86423 1
104409 100540 1
104409 101054 1
104409 102825 1
109400 75467 1
109400 77777 1
109400 80792 1
109400 81386 1
109400 85226 1
109400 86503 1
109400 89895 1
109400 91774 1
109400 93253 1
109400 97370 1
109400 97408 1
109400 100844 1
109400 101058 1
109400 109017 1
109400 114699 2
111544 41284 1
111544 45894 1
111544 49370 1
111544 68580 1
111544 77783 1
111544 81386 1
111544 84295 1
111544 85187 1
111544 98225 1
111544 102963 1
111544 109627 1
111544 109628 1
111544 111597 1
111544 117191 1
111544 125119 1
111597 41284 1
111597 49370 1
111597 64557 6
111597 66723 1
111597 71070 2
111597 77783 1
111597 81386 1
111597 81789 1
111597 83472 1
111597 85226 1
111597 87517 1
111597 95578 1
111597 100804 1
111597 102963 1
111597 111544 1
111597 112508 1
111597 115856 1
113377 81386 1
113377 95578 1
113377 107005 1
113377 109627 1
113377 126866 1
114699 61268 1
114699 62539 1
114699 75467 1
114699 77777 1
114699 80792 1
114699 81386 1
114699 85226 1
114699 86503 1
114699 89895 1
114699 93253 1
114699 97370 1
114699 101058 1
114699 109017 2
114699 109400 2
114699 109577 1
114699 109617 1
114699 111089 1
114699 112505 1
117191 45894 1
117191 62539 1
117191 66723 1
117191 78115 1
117191 81386 1
117191 82178 1
117191 84346 1
117191 86423 1
117191 97408 1
117191 99023 1
117191 101054 1
117191 109577 2
117191 109627 1
117191 111261 1
117191 111544 1
117191 127693 1
125401 44415 1
125401 60029 1
125401 60747 1
125401 61247 1
125401 61268 1
125401 71188 1
125401 73300 1
125401 81386 1
125401 81789 1
125401 112505 1
125401 125400 1
3855 10728 1
3855 31092 1
3855 40331 1
3855 41759 1
3855 41760 1
3855 42218 1
3855 44985 1
3855 50382 1
3855 54684 1
3855 71628 1
3855 75454 1
3855 84146 1
27358 38584 1
27358 45895 1
27358 53214 1
27358 60029 1
27358 63099 1
27358 65070 1
27358 84146 1
31092 3855 1
31092 74703 1
31092 84146 1
32922 44417 1
32922 45887 1
32922 80532 1
32922 81148 1
32922 84146 1
38564 49370 1
38564 68567 1
38564 74703 1
38564 77244 1
38564 81148 1
38564 84146 1
38564 84174 1
39716 84146 1
40331 3855 1
40331 5375 1
40331 18618 1
40331 23226 1
40331 39232 1
40331 39233 1
40331 41759 1
40331 41760 1
40331 42691 1
40331 54684 1
40331 71628 1
40331 75454 1
40331 84146 1
40331 122054 1
40331 127042 1
41759 3855 1
41759 40331 1
41759 41760 1
41759 54684 1
41759 71628 1
41759 75454 1
41759 84146 1
41760 3855 1
41760 40331 1
41760 41759 1
41760 54684 1
41760 68415 1
41760 71628 1
41760 75454 1
41760 80532 1
41760 84146 1
44417 32922 1
44417 45887 2
44417 63029 1
44417 64337 1
44417 68567 1
44417 74703 1
44417 80532 1
44417 81148 1
44417 84146 1
45895 27358 1
45895 43161 1
45895 52164 1
45895 54684 1
45895 56061 1
45895 60029 1
45895 60527 1
45895 63099 1
45895 63260 1
45895 65070 1
45895 72865 1
45895 84146 1
45895 84295 1
54684 3855 1
54684 40331 1
54684 41759 1
54684 41760 1
54684 45895 1
54684 52164 1
54684 71628 1
54684 75454 1
54684 84146 1
54684 85629 1
58628 24103 1
58628 41284 1
58628 47022 1
58628 58311 1
58628 58749 1
58628 60897 1
58628 63029 2
58628 63670 1
58628 72668 1
58628 72865 1
58628 74711 1
58628 75434 1
58628 76062 1
58628 83301 1
58628 84146 1
58628 91863 1
58628 99481 1
58997 45222 1
58997 60029 1
58997 61268 1
58997 62539 1
58997 66721 1
58997 68580 1
58997 74929 1
58997 75434 1
58997 77783 1
58997 84146 1
63099 27358 1
63099 44909 1
63099 45895 1
63099 65070 1
63099 82178 1
63099 84146 1
63099 125118 1
65070 27358 1
65070 28009 1
65070 45895 1
65070 63099 1
65070 77244 1
65070 80532 1
65070 80677 1
65070 84146 1
66448 27304 1
66448 74708 1
66448 84146 1
66448 86892 1
66448 98225 1
66448 127237 1
71628 3855 1
71628 40331 1
71628 41759 1
71628 41760 1
71628 44415 1
71628 54684 1
71628 75454 1
71628 84146 1
71628 88035 1
71628 97408 1
72865 43161 1
72865 45895 1
72865 52436 1
72865 58628 1
72865 75434 1
72865 76062 1
72865 79680 1
72865 83301 1
72865 84146 1
74703 31092 1
74703 38564 1
74703 44417 1
74703 45887 1
74703 46224 1
74703 55260 1
74703 60080 1
74703 66794 1
74703 75434 1
74703 76310 1
74703 76312 1
74703 79667 1
74703 79718 1
74703 84146 2
74703 85629 2
74703 109577 1
74703 122054 1
74703 123198 1
74703 127121 1
74708 53312 1
74708 55856 1
74708 58774 1
74708 66448 1
74708 77774 1
74708 84146 1
74708 86892 1
74708 98225 1
74929 58997 1
74929 75434 2
74929 84146 1
75434 58628 1
75434 58997 1
75434 72865 1
75434 74703 1
75434 74929 2
75434 76062 1
75434 83301 1
75434 84146 2
75454 3855 1
75454 40331 1
75454 41759 1
75454 41760 1
75454 54684 1
75454 59506 1
75454 71628 1
75454 84146 1
76062 58628 1
76062 72865 1
76062 75434 1
76062 83301 1
76062 84146 1
78970 47022 1
78970 63787 1
78970 71091 1
78970 81203 1
78970 84146 1
78970 109608 1
80808 51497 1
80808 61552 1
80808 61803 1
80808 77505 1
80808 82792 1
80808 84146 1
80808 92636 1
80808 94587 1
80808 116858 1
81148 32922 1
81148 38564 1
81148 44417 1
81148 45887 1
81148 56061 1
81148 68567 1
81148 77783 1
81148 80532 1
81148 84146 1
81148 85182 1
83301 58628 1
83301 61975 1
83301 72865 1
83301 75434 1
83301 76062 1
83301 84146 1
86725 84146 1
86892 36857 1
86892 52164 1
86892 66448 1
86892 74708 1
86892 84146 1
86892 98225 1
94587 80808 1
94587 84146 1
98225 53214 1
98225 61253 1
98225 66448 1
98225 68580 1
98225 74708 1
98225 82437 1
98225 84146 1
98225 84295 1
98225 85187 1
98225 86892 1
98225 111544 1
109608 71091 1
109608 78970 1
109608 81203 1
109608 84146 1
109608 109605 1
109608 109607 1
109608 112508 1
44664 71259 1
44664 71626 1
44664 95641 1
44664 98789 1
44664 127587 1
69075 68580 1
69075 73034 1
69075 95641 1
71414 63519 1
71414 95641 1
73034 39237 1
73034 49370 1
73034 55260 1
73034 61456 2
73034 68567 1
73034 68580 1
73034 69075 1
73034 71091 1
73034 75609 1
73034 77777 1
73034 82178 1
73034 94448 1
73034 95641 1
73034 98789 1
73034 109627 1
80677 49351 1
80677 65070 1
80677 71070 1
80677 77783 1
80677 80532 1
80677 85655 1
80677 95641 1
80677 95721 1
80677 95924 1
80677 96533 4
80677 109627 1
96533 61975 1
96533 62539 1
96533 77783 1
96533 80677 4
96533 84295 1
96533 89287 1
96533 95641 1
96533 95721 2
96533 98789 1
96533 109627 1
96533 125114 1
96533 125604 1
96533 127693 1
127587 44664 1
127587 61975 1
127587 95641 1
38242 45880 1
38242 49371 1
38242 68567 1
38242 98776 1
44786 66723 1
44786 77068 1
44786 81789 1
44786 84295 1
44786 85015 1
44786 95578 1
44786 98776 1
44786 104409 1
44786 111088 2
44786 113983 1
44786 115123 1
71079 85182 1
71079 85669 1
71079 95578 1
71079 98776 1
71079 109617 2
71079 116041 1
71079 117921 1
71079 126326 1
71082 49371 1
71082 71070 5
71082 85226 1
71082 86980 1
71082 95578 1
71082 98776 1
71082 104409 1
80257 45883 1
80257 61232 1
80257 62539 1
80257 72079 1
80257 85094 1
80257 98776 1
80257 99481 1
80257 107005 1
80257 111089 1
80257 114165 1
80257 125400 1
80257 127133 1
80257 127693 1
81146 47019 1
81146 77467 1
81146 89287 1
81146 92755 1
81146 98776 1
81146 99481 1
81146 102963 1
81146 104409 1
81146 109614 2
81146 109627 1
81146 111088 1
81146 112505 1
81146 116179 1
81146 119108 1
81146 126554 1
83261 98776 1
83261 114165 1
83261 116179 1
85094 58311 1
85094 61232 1
85094 61456 1
85094 75929 1
85094 80257 1
85094 87068 1
85094 89287 1
85094 98776 1
85094 107005 1
85094 114165 1
85094 116179 1
85094 125400 1
85094 127133 1
90481 49351 1
90481 49370 1
90481 68398 1
90481 68580 1
90481 86980 1
90481 87068 1
90481 88486 1
90481 98776 1
90481 125400 1
107005 45222 1
107005 61232 1
107005 68580 1
107005 73778 1
107005 80257 1
107005 84346 1
107005 84374 1
107005 85094 1
107005 85182 1
107005 87641 1
107005 98776 1
107005 98842 1
107005 99481 1
107005 102825 1
107005 109627 1
107005 109918 1
107005 113377 1
107005 114165 1
107005 115856 1
107005 125400 1
107005 125604 1
107005 126311 1
107005 127133 1
109614 45222 1
109614 47019 1
109614 58833 1
109614 60080 1
109614 61253 1
109614 79229 1
109614 81146 2
109614 81789 1
109614 88017 1
109614 96639 1
109614 98776 1
109614 101054 1
109614 102825 1
109614 108142 1
109614 109617 1
109614 109619 1
109614 126554 1
109617 61268 1
109617 62539 1
109617 71079 2
109617 98776 1
109617 109614 1
109617 114699 1
109617 116041 1
109617 126326 1
115123 44786 1
115123 71070 1
115123 98776 1
116041 71079 1
116041 98776 1
116041 109617 1
116041 126326 1
125400 61232 1
125400 67000 1
125400 80257 1
125400 84346 1
125400 85094 1
125400 90481 1
125400 92755 1
125400 98776 1
125400 107005 1
125400 114165 1
125400 125401 1
125400 127133 1
126326 59492 1
126326 71079 1
126326 87517 1
126326 98776 1
126326 109617 1
126326 116041 1
64129 71626 1
64129 77068 1
64129 80922 1
64129 84295 1
64129 84346 1
64129 85182 1
64129 85681 1
64129 95328 1
64129 95721 1
64129 110381 1
64129 115856 1
64129 116517 1
77068 42109 1
77068 44786 1
77068 64129 1
77068 68291 1
77068 80922 1
77068 84295 1
77068 84346 1
77068 86423 1
77068 95328 1
77068 102825 1
77068 109017 1
77068 109411 1
77068 109831 1
77068 110381 1
77068 115856 1
86429 104907 1
86429 106329 1
86429 110381 1
86429 110382 1
86429 111081 1
86429 111261 1
95328 64129 1
95328 77068 1
95328 80922 3
95328 84346 1
95328 95329 1
95328 95330 1
95328 95331 1
95328 95332 1
95328 110381 1
95328 115856 1
104907 59490 1
104907 59492 1
104907 86429 1
104907 106329 1
104907 110381 1
104907 110382 1
104907 111081 1
104907 111261 1
106329 59492 1
106329 86429 1
106329 104907 1
106329 110381 1
106329 110382 1
106329 111081 1
106329 111261 1
110382 86429 1
110382 104907 1
110382 106329 1
110382 110381 1
110382 111081 1
110382 111261 1
110382 116555 1
110382 116556 1
110382 116557 1
110382 117921 1
111081 86429 1
111081 104907 1
111081 106329 1
111081 110381 1
111081 110382 1
111081 111261 1
111261 86429 1
111261 104907 1
111261 106329 1
111261 110381 1
111261 110382 1
111261 111081 1
111261 117191 1
115856 64129 1
115856 77068 1
115856 80922 1
115856 84346 2
115856 95328 1
115856 95453 1
115856 107005 1
115856 110381 1
115856 111597 1
45883 60885 1
45883 71188 1
45883 80257 1
45883 83466 1
45883 83504 1
45883 85187 1
45883 85669 1
45883 88486 1
45883 92755 1
45883 95453 1
45883 95578 1
45883 113739 1
47019 53214 1
47019 56064 1
47019 56527 1
47019 62539 1
47019 71259 1
47019 81146 1
47019 83466 1
47019 85171 1
47019 109614 1
47019 113739 1
53214 27358 1
53214 47019 1
53214 56064 1
53214 56527 1
53214 62539 1
53214 64338 1
53214 71259 1
53214 85171 1
53214 85187 1
53214 98225 1
53214 113739 1
53214 125193 1
56064 39237 1
56064 47019 1
56064 49351 1
56064 53214 1
56064 56527 1
56064 62539 1
56064 71259 1
56064 73036 1
56064 85171 1
56064 89287 1
56064 95453 1
56064 97408 1
56064 109627 1
56064 112505 1
56064 113739 1
56527 47019 1
56527 53214 1
56527 56064 1
56527 62539 1
56527 71259 1
56527 79229 1
56527 85171 1
56527 109627 1
56527 113739 1
56527 122168 1
58812 59492 1
58812 79229 1
58812 99023 1
58812 101584 1
58812 109627 1
58812 109628 1
58812 109629 1
58812 111089 1
58812 113739 1
58812 122168 1
59492 45880 1
59492 58812 1
59492 59490 1
59492 71197 1
59492 79229 1
59492 88486 1
59492 99023 1
59492 101584 1
59492 104907 1
59492 106329 1
59492 109627 1
59492 109628 1
59492 109629 1
59492 111089 1
59492 113739 1
59492 122168 1
59492 126326 1
60885 45883 1
60885 95453 1
60885 113739 1
62539 45222 1
62539 45887 1
62539 47019 1
62539 53214 1
62539 56064 1
62539 56527 1
62539 58997 1
62539 61268 2
62539 68580 1
62539 71259 1
62539 77783 1
62539 79802 1
62539 80257 1
62539 85171 1
62539 86415 1
62539 94448 1
62539 96533 1
62539 97006 1
62539 109617 1
62539 113739 1
62539 114699 1
62539 117191 1
62539 125118 1
67000 64121 1
67000 71259 1
67000 85171 1
67000 95453 1
67000 96531 1
67000 97370 1
67000 98842 1
67000 101054 1
67000 113739 1
67000 117326 1
67000 125400 1
67000 125604 1
71259 44664 1
71259 47019 1
71259 53214 1
71259 55758 1
71259 56064 1
71259 56527 1
71259 60080 1
71259 60752 1
71259 61232 1
71259 62539 1
71259 67000 1
71259 68580 1
71259 71626 2
71259 72079 1
71259 77244 1
71259 82178 1
71259 83472 1
71259 84295 1
71259 85171 1
71259 86511 1
71259 86980 1
71259 88035 1
71259 92755 1
71259 95453 1
71259 96531 1
71259 97370 1
71259 98789 1
71259 98842 1
71259 99481 1
71259 101054 1
71259 102825 1
71259 104409 1
71259 113739 2
71259 117326 1
71259 125604 1
79229 41284 1
79229 56527 1
79229 58812 1
79229 59492 1
79229 99023 1
79229 101584 1
79229 109614 1
79229 109627 1
79229 109628 1
79229 109629 1
79229 111089 1
79229 113739 1
79229 122168 1
85185 87517 1
85185 109627 1
85185 113739 1
88035 49370 1
88035 59803 1
88035 60752 1
88035 61253 1
88035 64123 2
88035 71259 1
88035 71628 1
88035 83233 1
88035 84295 1
88035 85658 1
88035 87876 1
88035 88036 1
88035 89299 1
88035 89483 1
88035 92755 1
88035 95578 1
88035 95983 1
88035 99481 3
88035 102825 1
88035 109017 1
88035 109577 1
88035 113739 1
88265 88266 1
88265 106321 1
88265 109605 1
88265 109627 1
88265 112505 1
88265 113739 1
95983 45880 1
95983 49351 1
95983 49370 1
95983 71070 1
95983 71626 1
95983 78115 1
95983 80922 1
95983 85187 1
95983 86415 1
95983 86423 1
95983 88035 1
95983 89299 1
95983 95578 1
95983 98789 1
95983 99481 2
95983 102963 1
95983 109017 1
95983 113739 1
96531 67000 1
96531 71259 1
96531 85182 1
96531 95453 1
96531 97370 1
96531 98842 1
96531 101054 1
96531 111088 1
96531 113739 1
96531 116179 1
96531 117326 1
96531 125604 1
98842 45222 1
98842 49351 1
98842 66723 1
98842 67000 1
98842 68580 1
98842 71259 1
98842 77244 1
98842 83472 1
98842 87641 1
98842 95453 1
98842 95721 1
98842 96531 1
98842 97370 1
98842 101054 1
98842 107005 1
98842 113739 1
98842 117326 1
98842 125604 2
99023 35630 1
99023 58812 1
99023 59492 1
99023 66723 1
99023 68291 1
99023 75467 1
99023 79229 1
99023 84295 1
99023 85658 1
99023 101584 1
99023 109627 1
99023 109628 1
99023 109629 1
99023 109918 1
99023 111089 1
99023 113739 1
99023 116473 1
99023 117191 1
99023 122168 1
99023 125888 1
101054 67000 1
101054 71259 1
101054 92755 1
101054 95453 1
101054 96531 1
101054 97370 1
101054 98842 1
101054 101058 1
101054 104409 1
101054 109614 1
101054 111088 1
101054 113739 1
101054 117191 1
101054 117326 1
101054 125604 1
101584 49370 1
101584 58812 1
101584 59492 1
101584 60029 1
101584 63223 1
101584 75467 2
101584 77244 1
101584 79229 1
101584 82842 1
101584 84295 1
101584 85611 1
101584 99023 1
101584 100727 1
101584 102963 1
101584 109627 2
101584 109628 1
101584 109629 1
101584 111089 1
101584 112505 1
101584 113739 1
101584 115042 1
101584 122168 1
105133 59490 1
105133 64121 1
105133 71070 1
105133 109918 1
105133 113739 1
106321 88265 1
106321 109605 1
106321 109627 1
106321 112505 1
106321 113739 1
109017 60752 1
109017 68291 1
109017 77068 1
109017 86503 1
109017 88035 1
109017 89276 1
109017 95983 1
109017 99481 2
109017 109400 1
109017 109577 1
109017 111088 1
109017 111089 1
109017 113739 2
109017 114699 2
109605 88265 1
109605 89298 1
109605 95721 1
109605 106321 1
109605 109607 1
109605 109608 1
109605 109627 1
109605 112505 1
109605 113739 1
109605 127693 1
109627 41284 1
109627 49351 1
109627 49370 2
109627 49371 1
109627 56064 1
109627 56527 1
109627 58812 1
109627 59492 1
109627 68567 1
109627 72089 1
109627 73034 1
109627 77777 1
109627 79229 1
109627 80677 1
109627 81146 1
109627 81789 2
109627 82178 1
109627 84295 1
109627 85185 1
109627 86423 1
109627 88265 1
109627 89287 1
109627 92755 2
109627 95453 7
109627 96533 1
109627 98789 1
109627 99023 1
109627 100844 2
109627 101584 2
109627 106321 1
109627 107005 1
109627 109605 1
109627 109628 2
109627 109629 1
109627 109918 1
109627 111089 1
109627 111544 1
109627 112505 4
109627 113377 1
109627 113739 3
109627 117191 1
109627 122168 1
109628 49371 1
109628 58812 1
109628 59492 1
109628 79229 1
109628 99023 1
109628 101584 1
109628 109627 2
109628 109629 1
109628 111089 1
109628 111544 1
109628 113739 1
109628 115980 1
109628 122168 1
109629 58812 1
109629 59492 1
109629 79229 1
109629 99023 1
109629 101584 1
109629 109627 1
109629 109628 1
109629 111089 1
109629 113739 1
109629 122168 1
109918 64121 1
109918 84295 1
109918 99023 1
109918 102825 1
109918 105133 1
109918 107005 1
109918 109627 1
109918 113739 1
111089 58812 1
111089 59492 1
111089 79229 1
111089 80257 1
111089 84295 1
111089 89287 1
111089 95693 1
111089 99023 1
111089 99481 1
111089 101584 1
111089 109017 1
111089 109627 1
111089 109628 1
111089 109629 1
111089 113739 1
111089 114699 1
111089 115042 1
111089 122168 1
111089 127693 1
112505 56064 1
112505 81146 1
112505 88265 1
112505 95453 2
112505 101584 1
112505 102963 2
112505 106321 1
112505 109605 1
112505 109627 4
112505 109831 1
112505 112508 1
112505 113739 1
112505 114699 1
112505 125401 1
115042 60029 1
115042 75467 1
115042 101584 1
115042 111089 1
115042 113739 1
115042 117993 1
115042 125604 1
116338 63519 1
116338 71188 1
116338 71197 1
116338 77244 1
116338 99481 1
116338 100804 1
116338 100844 1
116338 113739 1
117326 48780 1
117326 48842 1
117326 59044 1
117326 67000 1
117326 71259 1
117326 95453 1
117326 96531 1
117326 97370 1
117326 98842 1
117326 101054 1
117326 113739 1
117326 114829 1
117326 125394 1
117326 125604 1
117993 61235 1
117993 113739 1
117993 115042 1
122168 56527 1
122168 58812 1
122168 59492 1
122168 79229 1
122168 99023 1
122168 101584 1
122168 109627 1
122168 109628 1
122168 109629 1
122168 111089 1
122168 113739 1
125118 62539 1
125118 63099 1
125118 86415 1
125118 113739 1
125604 45222 1
125604 67000 1
125604 68580 1
125604 71259 1
125604 84295 1
125604 86421 1
125604 87641 1
125604 95453 1
125604 96531 1
125604 96533 1
125604 97370 1
125604 98842 2
125604 101054 1
125604 107005 1
125604 113739 1
125604 115042 1
125604 117326 1
116556 104105 1
116556 109607 1
116556 110382 1
116556 116555 1
116556 116557 39
116556 117921 2
116557 104105 1
116557 109607 1
116557 110382 1
116557 116555 1
116557 116556 39
116557 117921 2
117921 47141 1
117921 58615 1
117921 71079 1
117921 85182 1
117921 85669 1
117921 95578 1
117921 104194 1
117921 110382 1
117921 116555 1
117921 116556 2
117921 116557 2
64557 60747 1
64557 60752 1
64557 61232 1
64557 68291 1
64557 71626 1
64557 72079 1
64557 77783 1
64557 83472 2
64557 84295 1
64557 84374 1
64557 85681 1
64557 92755 1
64557 95924 1
64557 99481 1
64557 100727 1
64557 100844 1
64557 109607 1
64557 111597 6
64557 115980 1
64557 117251 1
64557 125114 1
64557 126866 1
68291 60752 1
68291 64557 1
68291 71626 1
68291 75467 1
68291 77068 1
68291 77783 1
68291 84295 1
68291 84374 1
68291 85658 1
68291 92070 1
68291 92755 1
68291 95453 1
68291 95578 1
68291 95924 1
68291 99023 1
68291 100727 1
68291 100844 1
68291 102963 1
68291 109017 1
68291 109577 1
68291 109607 1
68291 111260 1
68291 115980 1
68291 117251 1
68291 126866 1
84374 60752 1
84374 64557 1
84374 68291 1
84374 71626 1
84374 75889 1
84374 80891 1
84374 85182 1
84374 92755 1
84374 100727 1
84374 100844 1
84374 107005 1
84374 109607 1
84374 115980 1
84374 117251 1
84374 126866 1
85669 41284 1
85669 45883 1
85669 49351 1
85669 58311 1
85669 71070 1
85669 71079 1
85669 85182 1
85669 86980 1
85669 87068 1
85669 95453 1
85669 95578 1
85669 95924 1
85669 98789 1
85669 100804 1
85669 112816 1
85669 116179 1
85669 117251 1
85669 117921 1
85669 125119 1
85669 125130 1
92755 45883 1
92755 49351 1
92755 60752 1
92755 64557 1
92755 68291 1
92755 71259 1
92755 71626 1
92755 72079 1
92755 81146 1
92755 81789 1
92755 84295 1
92755 84374 1
92755 86423 1
92755 88035 1
92755 89895 1
92755 99481 1
92755 100727 1
92755 100844 1
92755 101054 1
92755 102825 1
92755 109219 1
92755 109607 1
92755 109627 2
92755 115980 1
92755 117251 1
92755 125400 1
92755 126866 1
100727 60752 1
100727 64557 1
100727 68291 1
100727 71626 1
100727 84374 1
100727 92755 1
100727 98626 1
100727 98627 1
100727 98628 1
100727 98629 1
100727 100844 1
100727 101584 1
100727 109607 1
100727 115980 1
100727 117251 1
100727 126866 1
100844 41284 1
100844 60752 1
100844 64557 1
100844 68291 1
100844 71626 1
100844 84374 1
100844 89298 1
100844 92755 1
100844 95924 1
100844 100727 1
100844 109400 1
100844 109577 1
100844 109607 1
100844 109627 2
100844 115980 1
100844 116338 1
100844 117251 1
100844 126866 1
109607 60752 1
109607 64557 1
109607 68291 1
109607 71626 1
109607 84374 1
109607 92755 1
109607 100727 1
109607 100844 1
109607 109605 1
109607 109608 1
109607 115980 1
109607 116556 1
109607 116557 1
109607 117251 1
109607 126866 1
112816 85669 1
112816 117251 1
112816 125119 1
112816 125130 1
114789 117251 1
115980 60752 1
115980 64557 1
115980 68291 1
115980 71626 1
115980 84374 1
115980 92726 1
115980 92755 1
115980 100727 1
115980 100844 1
115980 109607 1
115980 109628 1
115980 117251 1
115980 126866 1
117250 117251 1
117250 117252 1
117252 117250 1
117252 117251 1
125119 85669 1
125119 87876 1
125119 111544 1
125119 112816 1
125119 117251 1
125119 125130 1
125130 85669 1
125130 112816 1
125130 117251 1
125130 125119 1
126866 60752 1
126866 64557 1
126866 68291 1
126866 71626 1
126866 84374 1
126866 92755 1
126866 100727 1
126866 100844 1
126866 109607 1
126866 113377 1
126866 115980 1
126866 117251 1
59362 39237 1
59362 62870 1
75890 39237 1
72528 44777 1
72528 78138 1
72528 88486 1
78138 44777 1
78138 72528 1
78138 88486 1
67116 44798 1
74702 44798 1
74702 49351 1
74702 52173 1
74702 63029 1
64338 45222 1
64338 53214 1
64338 125193 1
126311 45222 1
126311 102825 1
126311 107005 1
83614 47022 1
83614 94448 1
125114 52173 1
125114 64557 1
125114 96533 1
125114 127693 1
75841 61456 1
25840 63223 1
60044 64123 1
72119 68415 1
60043 66996 1
60043 68567 1
66996 60043 1
66996 68567 1
122765 71088 1
85655 49370 1
85655 71188 1
85655 80677 1
85655 98676 1
98676 49370 1
98676 71188 1
98676 85655 1
83506 80922 1
83506 85388 1
85388 80922 1
85388 83506 1
95329 80922 1
95329 84346 1
95329 85922 1
95329 88984 1
95329 95328 1
95329 95330 1
95329 95331 1
95329 95332 1
95330 80922 1
95330 95328 1
95330 95329 1
95330 95331 1
95330 95332 1
95331 80922 1
95331 81740 1
95331 95277 2
95331 95278 1
95331 95328 1
95331 95329 1
95331 95330 1
95331 95332 1
95332 80922 1
95332 95328 1
95332 95329 1
95332 95330 1
95332 95331 1
66003 84346 1
91037 84346 1
117271 84346 1
85170 85171 1
85170 85174 1
85170 85175 1
85174 85170 1
85174 85171 1
85174 85175 1
85175 85170 1
85175 85171 1
85175 85174 1
27853 53931 1
27853 74700 1
27853 85180 1
53931 27853 1
53931 74700 1
53931 85180 1
74700 27853 1
74700 53931 1
74700 85180 1
104539 85182 1
82842 77244 1
82842 85611 1
82842 101584 1
61262 86415 1
77267 77268 1
77267 86980 1
77268 77267 1
77268 86980 1
120704 86980 1
84780 84829 1
84780 85557 1
84780 109577 1
84829 76212 1
84829 78886 1
84829 84780 1
84829 85557 1
84829 109577 1
85557 84780 1
85557 84829 1
85557 109577 1
117246 109831 1
78507 111088 1
123975 116179 1
123975 123958 3
81031 124446 1
87518 81789 1
87518 113991 1
87518 127693 1
113991 81789 1
113991 87518 1
113991 127693 1
101305 34734 1
73820 36857 1
39606 38584 1
39606 41813 1
39606 45505 1
39606 60226 1
41813 38584 1
41813 39606 1
41813 45505 1
41813 60226 1
45505 38584 1
45505 39606 1
45505 41813 1
45505 60226 1
60226 38584 1
60226 39606 1
60226 41813 1
60226 45505 1
60226 81203 1
41274 49351 1
73426 49351 1
47126 49370 1
71225 52164 1
46943 55770 1
65660 55770 1
65660 77178 1
77178 55770 1
77178 65660 1
66721 58997 1
66721 60029 1
66794 60080 1
66794 74703 1
66794 79667 1
66794 85629 1
66794 123198 1
66794 127121 1
79667 60080 1
79667 66794 1
79667 74703 1
79667 85629 1
79667 123198 1
79667 127121 1
123198 60080 1
123198 66794 1
123198 74703 1
123198 79667 1
123198 85629 1
123198 127121 1
127121 60080 1
127121 66794 1
127121 74703 1
127121 79667 1
127121 85629 1
127121 123198 1
82169 60747 1
59803 61253 1
59803 85658 1
59803 87876 1
59803 88035 1
87876 59803 1
87876 61253 1
87876 85658 1
87876 88035 1
87876 125119 1
66611 71070 1
73410 71070 1
96555 71070 1
117214 71070 1
117214 105359 1
117214 114992 1
117214 122707 1
83503 71091 1
94215 71197 1
94215 94216 1
94216 71197 1
94216 94215 1
85047 72079 1
85047 114799 1
114799 72079 1
114799 85047 1
114799 120697 1
85389 73715 1
119060 77244 1
72538 77783 1
72538 82172 1
82172 72538 1
82172 77783 1
118674 79802 1
28009 65070 1
28009 80532 1
103640 84295 1
103640 103641 1
103641 84295 1
103641 103640 1
109590 85226 1
27612 85628 1
87881 86423 1
120881 92999 1
59157 93253 1
59860 93253 1
60114 93253 1
74973 74975 1
74973 93253 1
74975 74973 1
74975 93253 1
112492 93253 1
124215 93253 1
93312 94448 1
44778 95578 1
116517 64129 1
116517 95721 1
105195 95924 1
117165 95924 1
117166 95924 1
25025 98789 1
125388 99481 1
98188 100804 1
105470 100804 1
44907 89290 1
44907 102825 1
89290 44907 1
89290 102825 1
91774 109400 1
112508 109608 1
112508 111597 1
112508 112505 1
10728 3855 1
10728 42218 1
10728 44985 1
10728 50382 1
42218 3855 1
42218 10728 1
42218 44985 1
42218 50382 1
44985 3855 1
44985 10728 1
44985 42218 1
44985 50382 1
50382 3855 1
50382 10728 1
50382 42218 1
50382 44985 1
5375 18618 1
5375 23226 1
5375 39232 1
5375 39233 1
5375 40331 1
5375 42691 1
18618 5375 1
18618 23226 1
18618 39232 1
18618 39233 1
18618 40331 1
18618 42691 1
23226 5375 1
23226 18618 1
23226 39232 1
23226 39233 1
23226 40331 1
23226 42691 1
39232 5375 1
39232 18618 1
39232 23226 1
39232 39233 1
39232 40331 1
39232 42691 1
39233 5375 1
39233 18618 1
39233 23226 1
39233 39232 1
39233 40331 1
39233 42691 1
42691 5375 1
42691 18618 1
42691 23226 1
42691 39232 1
42691 39233 1
42691 40331 1
122054 40331 1
122054 74703 1
127042 40331 1
64337 44417 1
43161 45895 1
43161 72865 1
60527 45895 1
63260 45895 1
24103 58628 1
24103 63670 1
24103 74711 1
24103 91863 1
58749 58628 1
58749 60897 1
60897 58628 1
60897 58749 1
63670 24103 1
63670 58628 1
63670 74711 1
63670 91863 1
72668 58628 1
74711 24103 1
74711 58628 1
74711 63670 1
74711 91863 1
91863 24103 1
91863 58628 1
91863 63670 1
91863 74711 1
44909 63099 1
27304 66448 1
127237 66448 1
52436 72865 1
52436 79680 1
79680 52436 1
79680 72865 1
46224 74703 1
76310 74703 1
76310 76312 1
76310 79718 1
76312 74703 1
76312 76310 1
76312 79718 1
79718 74703 1
79718 76310 1
79718 76312 1
53312 55856 1
53312 58774 1
53312 74708 1
53312 77774 1
55856 53312 1
55856 58774 1
55856 74708 1
55856 77774 1
58774 53312 1
58774 55856 1
58774 74708 1
58774 77774 1
77774 53312 1
77774 55856 1
77774 58774 1
77774 74708 1
59506 75454 1
63787 78970 1
51497 61552 1
51497 80808 1
51497 82792 1
61552 51497 1
61552 80808 1
61552 82792 1
61803 77505 1
61803 80808 1
61803 92636 1
77505 61803 1
77505 80808 1
77505 92636 1
82792 51497 1
82792 61552 1
82792 80808 1
92636 61803 1
92636 77505 1
92636 80808 1
116858 80808 1
85015 44786 1
113983 44786 1
77467 81146 1
119108 81146 1
126554 81146 1
126554 109614 1
75929 85094 1
88017 109614 1
108142 108144 1
108142 109614 1
109619 109614 1
42109 77068 1
109411 77068 1
125193 53214 1
125193 64338 1
97006 62539 1
86511 71259 1
83233 88035 1
83233 88036 1
88036 83233 1
88036 88035 1
89483 88035 1
88266 88265 1
35630 99023 1
35630 116473 1
116473 35630 1
116473 99023 1
125888 99023 1
125888 125887 1
89276 109017 1
48780 59044 1
48780 117326 1
48842 117326 1
59044 48780 1
59044 117326 1
114829 117326 1
125394 117326 1
104105 116556 1
104105 116557 1
47141 58615 1
47141 104194 1
47141 117921 1
58615 47141 1
58615 104194 1
58615 117921 1
104194 47141 1
104194 58615 1
104194 101365 1
104194 117921 1
111260 68291 1
75889 84374 1
80891 84374 1
109219 92755 1
98626 98627 1
98626 98628 1
98626 98629 1
98626 100727 1
98627 98626 1
98627 98628 1
98627 98629 1
98627 100727 1
98627 116278 1
98628 98626 1
98628 98627 1
98628 98629 1
98628 100727 1
98629 98626 1
98629 98627 1
98629 98628 1
98629 100727 1
92726 115980 1
116278 98627 1
101365 104194 1
125887 125888 1
85922 88984 1
85922 95329 1
88984 85922 1
88984 95329 1
81740 95331 1
81740 102140 1
95277 95278 1
95277 95331 2
95278 95277 1
95278 95331 1
108144 108142 1
120697 114799 1
105359 117214 1
114992 117214 1
122707 117214 1
122707 122708 1
123958 123975 3
76212 84829 1
78886 84829 1
102140 81740 1
122708 122707 1
