71631 98536 1
98536 71631 1
98536 98533 1
98536 98535 2
98533 98535 1
98533 98536 1
98535 53967 1
98535 59716 1
98535 66219 1
98535 97512 1
98535 98533 1
98535 98536 2
53967 34961 1
53967 47212 1
53967 53968 1
53967 53969 1
53967 55185 1
53967 56594 1
53967 63455 1
53967 64859 1
53967 66219 1
53967 97512 1
53967 98535 1
59716 43002 1
59716 59656 1
59716 59713 1
59716 59714 1
59716 59715 3
59716 59717 2
59716 59718 5
59716 59719 3
59716 59720 3
59716 59721 1
59716 59722 2
59716 66548 1
59716 73018 1
59716 83090 1
59716 90553 1
59716 98535 1
66219 53967 1
66219 55185 1
66219 97512 1
66219 98535 1
97512 53967 1
97512 55186 1
97512 66219 1
97512 72154 1
97512 77725 1
97512 79168 1
97512 94155 1
97512 97509 1
97512 97510 1
97512 97511 1
97512 98535 1
97512 121765 1
34961 53967 1
34961 53968 1
34961 55185 1
34961 58697 1
34961 63455 1
34961 65001 1
34961 65002 1
34961 65003 1
34961 65409 1
34961 72874 1
34961 76006 1
34961 76122 1
34961 76123 1
34961 96162 1
34961 113725 1
47212 53967 1
53968 34961 1
53968 53967 1
53968 55185 1
53968 63455 1
53969 53967 1
53969 64859 1
55185 34961 1
55185 53967 1
55185 53968 1
55185 63455 1
55185 63475 1
55185 66219 1
55185 75994 1
55185 75995 1
55185 76001 1
55185 76002 1
55185 76003 1
55185 77735 1
55185 77750 1
55185 87010 1
56594 53967 1
56594 60624 1
56594 61087 1
56594 77917 1
63455 34961 1
63455 53967 1
63455 53968 1
63455 55185 1
63455 56174 1
63455 63456 1
63455 63458 1
63455 64847 1
63455 65622 1
63455 66955 1
63455 75994 1
63455 75995 1
63455 79316 1
63455 79317 1
63455 87010 1
64859 34947 1
64859 53967 1
64859 53969 1
64859 54288 1
64859 56450 1
64859 61089 1
64859 61519 1
64859 65001 1
64859 66941 1
64859 78865 1
64859 114761 1
64859 122850 1
43002 36011 1
43002 36017 1
43002 46704 2
43002 46709 1
43002 46715 2
43002 46717 1
43002 46809 1
43002 49900 2
43002 49901 1
43002 53585 1
43002 54248 1
43002 54779 1
43002 56173 1
43002 56174 2
43002 56177 1
43002 56179 1
43002 56456 1
43002 57645 1
43002 59656 1
43002 59716 1
43002 60124 1
43002 61213 1
43002 61520 1
43002 61521 2
43002 61847 1
43002 63447 1
43002 64382 1
43002 64847 1
43002 65720 1
43002 66908 1
43002 69043 1
43002 72946 1
43002 81014 2
43002 83090 1
43002 90553 1
43002 101311 1
59656 27901 3
59656 36011 1
59656 36437 2
59656 43002 1
59656 43527 1
59656 46704 2
59656 46709 2
59656 46712 5
59656 46717 1
59656 46809 2
59656 49899 1
59656 49900 3
59656 51145 4
59656 53589 1
59656 53716 1
59656 53717 3
59656 54247 1
59656 54248 1
59656 54249 1
59656 54572 1
59656 54575 1
59656 54781 2
59656 56173 3
59656 56174 1
59656 56175 2
59656 56176 1
59656 56181 2
59656 56182 6
59656 56454 1
59656 56595 1
59656 58178 1
59656 58700 1
59656 58701 2
59656 59716 1
59656 59718 1
59656 59719 1
59656 59720 1
59656 60123 1
59656 60124 1
59656 60216 1
59656 61520 3
59656 61521 3
59656 62413 1
59656 63447 1
59656 64847 1
59656 65717 1
59656 67101 2
59656 67102 2
59656 73990 1
59656 76006 1
59656 81014 1
59713 32369 1
59713 48587 1
59713 59714 1
59713 59715 1
59713 59716 1
59713 59717 1
59713 59718 2
59713 59719 1
59713 59720 1
59713 59721 1
59713 59722 1
59713 65151 1
59713 66548 1
59713 73018 1
59714 59713 1
59714 59715 1
59714 59716 1
59714 59717 1
59714 59718 1
59714 59719 1
59714 59720 1
59714 59721 1
59714 59722 1
59714 66548 1
59714 73018 1
59715 59713 1
59715 59714 1
59715 59716 3
59715 59717 2
59715 59718 2
59715 59719 2
59715 59720 2
59715 59721 1
59715 59722 1
59715 66548 1
59715 73018 1
59717 59713 1
59717 59714 1
59717 59715 2
59717 59716 2
59717 59718 2
59717 59719 1
59717 59720 1
59717 59721 1
59717 59722 1
59717 66548 1
59717 73018 1
59718 32369 1
59718 48587 1
59718 59656 1
59718 59713 2
59718 59714 1
59718 59715 2
59718 59716 5
59718 59717 2
59718 59719 2
59718 59720 2
59718 59721 1
59718 59722 1
59718 65151 1
59718 66548 1
59718 73018 1
59719 59656 1
59719 59713 1
59719 59714 1
59719 59715 2
59719 59716 3
59719 59717 1
59719 59718 2
59719 59720 5
59719 59721 1
59719 59722 1
59719 66548 1
59719 73018 1
59720 59656 1
59720 59713 1
59720 59714 1
59720 59715 2
59720 59716 3
59720 59717 1
59720 59718 2
59720 59719 5
59720 59721 1
59720 59722 1
59720 66548 1
59720 73018 1
59721 59713 1
59721 59714 1
59721 59715 1
59721 59716 1
59721 59717 1
59721 59718 1
59721 59719 1
59721 59720 1
59721 59722 1
59721 66548 1
59721 73018 1
59722 59713 1
59722 59714 1
59722 59715 1
59722 59716 2
59722 59717 1
59722 59718 1
59722 59719 1
59722 59720 1
59722 59721 1
59722 66548 1
59722 73018 1
66548 42665 1
66548 59713 1
66548 59714 1
66548 59715 1
66548 59716 1
66548 59717 1
66548 59718 1
66548 59719 1
66548 59720 1
66548 59721 1
66548 59722 1
66548 66126 1
66548 66534 1
66548 66535 1
66548 66536 1
66548 66551 1
66548 69214 1
66548 72115 1
66548 72116 1
66548 72153 1
66548 73018 1
66548 77714 1
66548 87433 1
66548 87440 1
66548 87441 1
66548 87442 1
66548 87443 1
66548 87444 1
66548 87479 1
66548 92018 1
66548 97049 1
66548 122094 1
66548 124045 1
66548 126164 1
73018 37370 1
73018 49689 1
73018 50561 1
73018 59452 1
73018 59614 1
73018 59713 1
73018 59714 1
73018 59715 1
73018 59716 1
73018 59717 1
73018 59718 1
73018 59719 1
73018 59720 1
73018 59721 1
73018 59722 1
73018 64709 1
73018 65406 1
73018 66548 1
73018 66708 1
73018 66941 1
73018 66955 1
73018 72132 1
73018 72821 1
73018 72874 1
73018 73019 1
73018 73368 1
73018 73989 1
73018 73990 1
73018 76006 1
73018 76122 1
73018 76664 1
73018 79858 1
73018 93050 1
73018 95702 1
73018 108330 1
73018 109494 1
73018 126198 1
83090 43002 1
83090 59716 1
83090 85207 1
83090 90553 1
90553 42665 1
90553 43002 1
90553 46809 1
90553 47654 1
90553 49895 1
90553 49896 1
90553 49897 1
90553 49898 1
90553 49899 1
90553 49900 1
90553 49901 1
90553 50654 1
90553 54252 1
90553 56456 2
90553 56597 1
90553 56598 1
90553 59716 1
90553 61520 1
90553 62172 1
90553 65719 1
90553 66176 1
90553 70096 1
90553 75116 1
90553 75117 1
90553 81014 1
90553 83090 1
90553 84109 1
90553 85207 1
90553 87433 1
90553 87434 1
90553 87435 1
90553 87436 1
90553 87437 1
90553 87438 1
90553 87439 1
90553 89059 1
90553 90554 2
90553 90555 1
90553 90556 1
90553 94604 1
90553 103258 1
90553 106932 1
90553 108316 1
90553 110307 1
90553 120964 1
90553 124004 1
90553 124045 1
90553 126169 1
90553 126340 1
55186 65718 1
55186 67426 1
55186 72154 1
55186 74377 1
55186 75464 1
55186 77077 1
55186 77731 1
55186 79168 1
55186 94155 1
55186 97512 1
55186 121765 1
55186 122850 1
72154 55186 1
72154 66126 1
72154 66540 1
72154 66546 1
72154 72153 1
72154 75725 1
72154 79168 1
72154 87009 1
72154 92020 1
72154 94155 1
72154 97512 1
72154 105343 1
72154 121765 1
72154 122091 1
77725 97509 1
77725 97510 1
77725 97511 1
77725 97512 1
79168 55186 1
79168 66955 1
79168 72154 1
79168 74604 1
79168 79166 1
79168 79169 1
79168 79317 1
79168 79854 1
79168 92505 1
79168 94155 1
79168 97512 1
79168 101379 1
79168 104511 1
79168 105338 1
79168 105339 1
79168 109031 1
79168 109489 1
79168 118258 1
79168 121765 1
79168 122220 1
94155 55186 1
94155 63473 1
94155 72154 1
94155 79168 1
94155 97512 1
94155 121765 1
97509 69057 1
97509 77725 1
97509 91994 1
97509 97510 1
97509 97511 2
97509 97512 1
97509 106933 1
97509 112593 1
97510 63464 1
97510 77722 1
97510 77725 1
97510 77732 1
97510 79854 1
97510 91992 1
97510 91993 1
97510 91994 1
97510 92765 1
97510 92884 1
97510 94604 1
97510 96052 1
97510 96053 1
97510 97509 1
97510 97511 1
97510 97512 1
97510 110311 3
97510 110313 1
97510 110315 1
97510 113528 1
97510 113707 3
97510 120963 1
97510 121633 1
97511 66963 1
97511 69057 1
97511 77725 1
97511 87444 1
97511 91994 1
97511 97509 2
97511 97510 1
97511 97512 1
97511 106933 1
97511 112593 1
97511 122093 1
97511 122094 1
97511 123663 1
97511 123995 1
121765 28000 1
121765 42665 1
121765 43288 1
121765 47880 1
121765 49901 1
121765 55186 1
121765 59658 1
121765 59659 1
121765 61519 1
121765 61889 1
121765 63448 1
121765 64650 1
121765 66550 1
121765 72154 1
121765 79168 1
121765 94155 1
121765 97512 1
58697 34961 1
58697 73989 1
58697 96162 2
65001 34961 1
65001 54288 1
65001 64859 1
65001 65002 1
65001 65003 2
65001 65007 1
65001 65409 1
65001 67106 1
65001 72873 1
65001 72874 2
65001 74605 1
65001 76003 1
65001 76122 2
65001 76123 2
65001 78865 1
65001 105343 1
65001 113725 1
65001 114761 1
65001 122850 1
65002 34961 1
65002 65001 1
65002 65003 1
65002 65409 1
65002 72874 1
65002 76122 1
65002 76123 1
65002 113725 1
65003 34961 1
65003 65001 2
65003 65002 1
65003 65007 1
65003 65409 1
65003 67106 1
65003 72873 1
65003 72874 2
65003 74605 1
65003 76122 2
65003 76123 2
65003 113725 1
65409 34961 1
65409 42665 1
65409 65001 1
65409 65002 1
65409 65003 1
65409 72874 1
65409 76003 1
65409 76122 1
65409 76123 1
65409 113725 1
72874 34961 1
72874 49689 1
72874 65001 2
72874 65002 1
72874 65003 2
72874 65007 1
72874 65409 1
72874 66708 1
72874 66941 1
72874 66955 1
72874 67106 1
72874 72873 2
72874 72875 1
72874 72876 1
72874 73018 1
72874 73368 1
72874 73989 2
72874 73990 2
72874 74605 1
72874 76006 1
72874 76122 3
72874 76123 3
72874 77942 1
72874 79858 1
72874 93050 1
72874 95702 1
72874 108330 1
72874 113725 1
76006 34961 1
76006 49689 1
76006 59656 1
76006 66708 1
76006 66941 1
76006 66955 1
76006 72874 1
76006 73018 1
76006 73368 1
76006 73989 1
76006 73990 2
76006 76122 1
76006 79858 1
76006 93050 1
76006 95702 1
76006 97455 1
76006 108330 1
76006 124275 1
76122 34961 1
76122 49689 1
76122 65001 2
76122 65002 1
76122 65003 2
76122 65007 1
76122 65409 1
76122 66708 1
76122 66941 1
76122 66955 1
76122 67106 1
76122 72873 1
76122 72874 3
76122 73018 1
76122 73368 1
76122 73989 1
76122 73990 1
76122 74605 1
76122 76006 1
76122 76123 4
76122 79858 1
76122 93050 1
76122 95702 1
76122 108330 1
76122 113725 1
76123 34961 1
76123 65001 2
76123 65002 1
76123 65003 2
76123 65007 1
76123 65409 1
76123 67104 1
76123 67106 2
76123 72873 1
76123 72874 3
76123 72876 1
76123 73989 1
76123 73990 1
76123 74605 1
76123 76122 4
76123 77942 1
76123 113725 1
96162 34961 1
96162 46717 1
96162 56450 1
96162 56456 1
96162 58697 2
96162 73989 1
96162 77077 1
96162 77732 1
96162 85207 1
96162 95702 1
96162 96156 1
96162 96157 1
96162 96158 1
96162 96159 1
96162 96160 1
96162 96161 1
96162 96163 1
96162 96164 1
96162 105338 1
96162 105339 1
96162 113725 1
96162 114749 1
96162 118712 1
96162 124020 1
113725 34961 1
113725 63464 1
113725 65001 1
113725 65002 1
113725 65003 1
113725 65409 1
113725 66126 1
113725 72874 1
113725 76122 1
113725 76123 1
113725 92020 1
113725 96162 1
113725 103258 1
113725 114761 2
113725 122091 1
63475 55185 1
63475 63448 1
63475 63473 1
63475 72115 1
63475 75994 1
63475 75995 1
63475 77735 1
63475 79858 1
63475 105338 1
63475 105339 1
63475 121633 1
75994 55185 1
75994 61889 1
75994 63455 1
75994 63475 1
75994 66536 1
75994 75995 3
75994 76003 2
75994 76664 1
75994 76665 1
75994 77735 1
75994 87010 1
75995 55185 1
75995 63455 1
75995 63475 1
75995 72946 1
75995 72949 1
75995 75994 3
75995 76003 1
75995 77735 1
75995 87010 1
76001 55185 1
76001 76002 1
76001 76003 1
76001 77750 1
76001 87010 1
76002 55185 1
76002 76001 1
76002 76003 1
76002 77750 1
76002 79317 1
76002 85207 1
76002 87010 1
76002 122091 1
76003 42665 1
76003 55185 1
76003 65001 1
76003 65409 1
76003 66536 1
76003 75994 2
76003 75995 1
76003 76001 1
76003 76002 1
76003 77750 1
76003 79858 1
76003 87010 1
77735 55185 1
77735 63475 1
77735 75994 1
77735 75995 1
77735 77722 5
77735 77732 3
77735 95702 1
77735 101379 1
77735 105343 1
77735 127563 1
77750 55185 1
77750 76001 1
77750 76002 1
77750 76003 1
77750 87010 1
87010 55185 1
87010 61519 1
87010 63455 1
87010 63456 1
87010 64650 1
87010 75994 1
87010 75995 1
87010 76001 1
87010 76002 1
87010 76003 1
87010 77750 1
87010 78865 1
87010 79317 1
87010 87009 1
60624 28000 1
60624 56594 1
60624 61087 1
60624 63456 1
60624 77917 1
61087 56594 1
61087 60624 1
61087 61089 2
61087 77917 1
77917 56594 1
77917 60624 1
77917 61087 1
56174 36011 1
56174 43002 2
56174 46704 3
56174 46709 1
56174 46712 1
56174 46715 1
56174 46717 3
56174 46809 1
56174 49899 1
56174 49900 2
56174 54247 1
56174 54572 2
56174 54781 1
56174 56177 1
56174 56179 1
56174 56182 1
56174 57645 1
56174 58701 1
56174 59656 1
56174 60124 1
56174 60216 1
56174 61520 2
56174 61521 3
56174 63455 1
56174 65720 1
56174 66908 1
56174 67102 1
56174 81014 1
63456 60624 1
63456 63455 1
63456 63458 1
63456 64847 1
63456 65622 1
63456 66955 1
63456 87009 1
63456 87010 1
63458 63455 1
63458 63456 1
63458 64847 1
63458 65416 1
63458 65622 1
63458 66955 1
63458 76664 1
64847 27901 1
64847 36437 1
64847 38864 1
64847 43002 1
64847 43288 1
64847 46712 1
64847 46715 1
64847 50654 1
64847 51145 1
64847 54779 1
64847 56173 1
64847 56456 1
64847 58178 1
64847 59656 1
64847 60123 1
64847 60124 1
64847 62413 1
64847 63455 1
64847 63456 1
64847 63458 1
64847 65622 1
64847 66955 1
64847 77165 1
64847 90555 1
65622 46717 1
65622 63455 1
65622 63456 1
65622 63458 1
65622 64847 1
65622 65410 1
65622 66955 1
65622 77722 1
65622 79316 1
65622 79858 1
65622 105338 1
66955 49689 1
66955 63455 1
66955 63456 1
66955 63458 1
66955 64847 1
66955 65622 1
66955 66708 1
66955 66941 1
66955 72874 1
66955 73018 1
66955 73368 1
66955 73989 1
66955 73990 1
66955 74604 1
66955 76006 1
66955 76122 1
66955 79166 1
66955 79168 1
66955 79169 1
66955 79317 1
66955 79858 1
66955 92505 1
66955 93050 1
66955 95702 1
66955 108330 1
66955 109031 1
66955 109489 1
79316 46717 1
79316 63455 1
79316 65622 1
79316 79317 1
79317 63455 1
79317 64650 1
79317 66955 1
79317 73989 1
79317 74604 1
79317 76002 1
79317 79166 1
79317 79168 1
79317 79169 1
79317 79316 1
79317 85207 1
79317 87010 1
79317 92505 1
79317 109031 1
79317 109489 1
34947 36016 1
34947 49896 1
34947 53587 1
34947 64859 1
54288 64859 1
54288 65001 1
54288 78865 1
54288 114761 1
54288 122850 1
56450 61519 1
56450 64859 1
56450 73989 1
56450 77077 1
56450 95702 1
56450 96162 1
61089 49901 1
61089 61087 2
61089 61889 1
61089 63447 1
61089 64859 1
61089 94604 1
61519 28000 1
61519 42665 1
61519 43288 1
61519 47880 1
61519 49901 1
61519 56450 1
61519 59658 1
61519 59659 1
61519 61889 1
61519 63448 1
61519 64650 1
61519 64859 1
61519 66550 1
61519 87010 1
61519 121765 1
66941 49689 1
66941 64859 1
66941 66708 1
66941 66955 1
66941 72874 1
66941 73018 1
66941 73368 1
66941 73989 1
66941 73990 1
66941 76006 1
66941 76122 1
66941 79858 1
66941 93050 1
66941 95702 1
66941 108330 1
78865 54288 1
78865 64859 1
78865 65001 1
78865 87010 1
78865 114761 1
78865 122850 1
114761 54288 1
114761 64859 1
114761 65001 1
114761 67101 1
114761 67102 1
114761 77077 1
114761 78865 1
114761 92020 1
114761 106897 1
114761 109176 1
114761 112930 1
114761 113528 2
114761 113725 2
114761 114762 1
114761 117340 1
114761 122850 1
122850 54288 1
122850 55186 1
122850 64859 1
122850 65001 1
122850 78865 1
122850 114761 1
36011 27901 2
36011 43002 1
36011 46709 1
36011 46712 2
36011 49898 2
36011 53585 1
36011 53717 2
36011 54572 1
36011 56173 1
36011 56174 1
36011 56175 1
36011 56181 1
36011 58701 1
36011 59656 1
36011 72946 1
36011 103258 1
36017 43002 1
36017 49901 1
36017 54779 1
36017 61213 1
36017 61847 1
36017 63447 1
36017 64382 1
36017 69043 1
36017 101311 1
46704 27901 1
46704 36437 1
46704 43002 2
46704 46709 2
46704 46712 2
46704 46715 2
46704 46717 2
46704 46809 1
46704 49899 2
46704 49900 2
46704 51145 2
46704 53717 1
46704 54247 1
46704 54572 1
46704 54578 1
46704 54781 3
46704 56173 1
46704 56174 3
46704 56175 3
46704 56177 1
46704 56179 2
46704 56182 2
46704 56456 1
46704 57645 1
46704 58701 1
46704 59656 2
46704 60123 1
46704 60124 2
46704 60216 1
46704 61520 5
46704 61521 6
46704 65720 1
46704 66908 1
46704 67101 1
46704 67102 3
46704 81014 1
46709 27901 1
46709 36011 1
46709 36437 1
46709 43002 1
46709 46704 2
46709 46712 4
46709 46717 1
46709 49898 1
46709 49899 1
46709 49900 2
46709 51145 3
46709 53716 1
46709 53717 2
46709 54781 1
46709 56173 2
46709 56174 1
46709 56175 4
46709 56179 1
46709 56181 1
46709 56182 2
46709 59656 2
46709 60123 1
46709 60124 2
46709 61520 4
46709 61521 4
46709 67101 2
46709 67102 2
46715 43002 2
46715 46704 2
46715 46712 1
46715 46717 1
46715 49899 2
46715 54247 1
46715 54578 1
46715 54779 1
46715 54781 1
46715 56174 1
46715 56177 2
46715 56179 1
46715 56456 1
46715 57645 1
46715 61521 1
46715 62172 1
46715 62413 1
46715 64847 1
46715 65720 1
46715 66908 1
46715 67101 1
46715 81014 1
46717 43000 1
46717 43002 1
46717 46704 2
46717 46709 1
46717 46712 1
46717 46715 1
46717 46809 1
46717 49899 2
46717 49900 1
46717 51145 1
46717 54247 2
46717 54572 1
46717 54781 1
46717 56174 3
46717 56175 1
46717 56177 1
46717 56181 1
46717 56182 1
46717 56456 3
46717 57645 1
46717 58701 1
46717 59656 1
46717 60123 1
46717 60124 1
46717 60216 1
46717 61520 2
46717 61521 3
46717 62412 1
46717 62413 1
46717 65622 1
46717 65720 1
46717 66908 1
46717 67102 2
46717 77732 1
46717 79316 1
46717 81014 1
46717 85207 1
46717 96162 1
46809 43002 1
46809 46704 1
46809 46712 1
46809 46717 1
46809 49895 1
46809 49896 1
46809 49897 1
46809 49898 1
46809 49899 1
46809 49900 3
46809 49901 1
46809 54247 1
46809 54248 1
46809 54252 1
46809 54572 1
46809 54781 1
46809 56173 1
46809 56174 1
46809 56175 1
46809 56182 2
46809 56456 1
46809 56597 1
46809 56598 1
46809 58701 1
46809 59656 2
46809 60123 1
46809 60124 1
46809 60216 1
46809 60217 1
46809 61520 2
46809 61521 1
46809 62172 1
46809 65719 1
46809 67101 1
46809 67102 1
46809 81014 1
46809 90553 1
49900 43002 2
49900 46704 2
49900 46709 2
49900 46712 2
49900 46717 1
49900 46809 3
49900 49895 1
49900 49896 1
49900 49897 1
49900 49898 1
49900 49899 1
49900 49901 1
49900 51145 1
49900 53716 1
49900 53717 1
49900 54247 2
49900 54248 1
49900 54252 1
49900 54572 1
49900 54781 2
49900 56173 2
49900 56174 2
49900 56175 1
49900 56179 1
49900 56182 2
49900 56456 1
49900 56597 1
49900 56598 1
49900 58701 1
49900 59656 3
49900 60123 1
49900 60124 1
49900 60216 1
49900 61520 5
49900 61521 3
49900 62172 1
49900 65719 1
49900 66549 1
49900 67101 1
49900 67102 1
49900 81014 1
49900 90553 1
49901 28000 1
49901 36017 1
49901 42665 1
49901 43002 1
49901 43288 1
49901 46809 1
49901 47880 1
49901 49895 1
49901 49896 1
49901 49897 1
49901 49898 1
49901 49899 1
49901 49900 1
49901 54252 1
49901 54779 1
49901 56456 1
49901 56597 1
49901 56598 1
49901 59658 1
49901 59659 1
49901 61089 1
49901 61213 1
49901 61519 1
49901 61520 1
49901 61847 1
49901 61889 1
49901 62172 1
49901 63447 2
49901 63448 1
49901 64382 1
49901 64650 1
49901 65719 1
49901 66550 1
49901 69043 1
49901 90553 1
49901 101311 1
49901 121765 1
53585 36011 1
53585 43002 1
53585 72946 2
53585 101379 1
54248 43002 1
54248 46809 1
54248 49900 1
54248 54247 1
54248 56173 1
54248 59656 1
54248 81014 1
54779 36017 1
54779 43002 1
54779 43288 1
54779 46712 1
54779 46715 1
54779 47880 1
54779 49901 1
54779 54781 1
54779 56176 1
54779 56177 1
54779 60123 1
54779 60124 1
54779 61213 1
54779 61847 1
54779 62172 1
54779 62413 2
54779 63447 2
54779 64382 1
54779 64847 1
54779 67101 1
54779 69043 1
54779 90555 1
54779 101311 1
54779 125066 1
56173 27901 1
56173 36011 1
56173 36437 1
56173 43002 1
56173 46704 1
56173 46709 2
56173 46712 3
56173 46809 1
56173 49898 1
56173 49899 1
56173 49900 2
56173 51145 3
56173 53716 1
56173 53717 1
56173 54248 1
56173 56175 3
56173 56179 1
56173 56182 1
56173 56456 1
56173 58178 1
56173 59656 3
56173 61520 2
56173 61521 2
56173 64847 1
56173 67101 1
56173 67102 1
56173 81014 1
56177 43002 1
56177 46704 1
56177 46712 1
56177 46715 2
56177 46717 1
56177 54779 1
56177 56174 1
56177 57645 1
56177 61521 1
56177 62172 1
56177 62413 1
56177 65720 1
56177 66549 1
56177 66908 1
56177 67101 1
56177 81014 1
56179 43002 1
56179 46704 2
56179 46709 1
56179 46715 1
56179 49900 1
56179 51145 1
56179 54247 1
56179 56173 1
56179 56174 1
56179 56175 1
56179 56456 2
56179 60124 1
56179 61520 2
56179 61521 2
56179 67102 1
56456 43002 1
56456 46704 1
56456 46715 1
56456 46717 3
56456 46809 1
56456 47654 1
56456 49895 1
56456 49896 1
56456 49897 1
56456 49898 1
56456 49899 1
56456 49900 1
56456 49901 1
56456 51145 1
56456 54247 1
56456 54252 1
56456 56173 1
56456 56175 1
56456 56179 2
56456 56597 1
56456 56598 1
56456 61520 2
56456 61521 2
56456 61855 1
56456 62172 1
56456 64847 1
56456 65719 1
56456 66176 1
56456 67102 1
56456 77732 1
56456 81014 3
56456 85207 2
56456 90553 2
56456 96162 1
57645 43002 1
57645 46704 1
57645 46715 1
57645 46717 1
57645 51495 1
57645 56174 1
57645 56177 1
57645 61521 1
57645 65720 1
57645 66908 1
57645 77822 1
57645 81014 1
57645 104752 1
60124 43002 1
60124 43288 1
60124 46704 2
60124 46709 2
60124 46717 1
60124 46809 1
60124 49899 3
60124 49900 1
60124 51145 2
60124 53589 1
60124 54779 1
60124 56174 1
60124 56175 3
60124 56176 1
60124 56179 1
60124 56181 2
60124 56182 2
60124 56454 1
60124 56595 1
60124 58700 1
60124 59656 1
60124 60123 5
60124 60217 1
60124 61520 3
60124 61521 3
60124 62413 2
60124 63447 1
60124 64847 1
60124 65717 1
60124 66126 1
60124 66127 1
60124 66128 1
60124 67101 1
60124 67102 1
60124 87442 1
60124 90555 1
60124 126381 1
61213 36017 1
61213 43002 1
61213 49901 1
61213 54779 1
61213 61847 1
61213 63447 1
61213 64382 1
61213 69043 1
61213 101311 1
61520 27901 1
61520 36437 1
61520 43002 1
61520 46704 5
61520 46709 4
61520 46712 3
61520 46717 2
61520 46809 2
61520 49895 1
61520 49896 1
61520 49897 1
61520 49898 1
61520 49899 4
61520 49900 5
61520 49901 1
61520 51145 4
61520 53716 2
61520 53717 3
61520 54247 1
61520 54249 2
61520 54252 2
61520 54572 1
61520 54575 1
61520 54781 2
61520 56173 2
61520 56174 2
61520 56175 6
61520 56176 1
61520 56179 2
61520 56181 1
61520 56182 3
61520 56456 2
61520 56595 1
61520 56597 1
61520 56598 1
61520 58701 1
61520 59656 3
61520 60123 4
61520 60124 3
61520 60216 1
61520 61521 8
61520 62172 1
61520 65719 1
61520 67101 2
61520 67102 5
61520 85207 1
61520 90553 1
61521 27901 1
61521 36437 1
61521 43002 2
61521 46704 6
61521 46709 4
61521 46712 3
61521 46715 1
61521 46717 3
61521 46809 1
61521 49899 2
61521 49900 3
61521 51145 4
61521 53716 2
61521 53717 3
61521 54247 1
61521 54249 1
61521 54252 1
61521 54572 1
61521 54575 1
61521 54781 4
61521 56173 2
61521 56174 3
61521 56175 7
61521 56176 1
61521 56177 1
61521 56179 2
61521 56181 1
61521 56182 3
61521 56456 2
61521 56595 1
61521 57645 1
61521 58701 2
61521 59656 3
61521 60123 4
61521 60124 3
61521 60216 1
61521 61520 8
61521 63381 1
61521 63382 1
61521 65720 1
61521 66908 1
61521 67101 3
61521 67102 5
61521 81014 2
61521 85207 1
61847 36017 1
61847 43002 1
61847 49901 1
61847 54779 1
61847 61213 1
61847 61846 1
61847 63447 1
61847 64382 1
61847 69043 1
61847 101311 1
63447 36017 1
63447 43002 1
63447 46712 1
63447 49899 1
63447 49901 2
63447 51145 1
63447 53589 1
63447 54779 2
63447 54781 2
63447 56176 1
63447 56181 1
63447 56182 1
63447 56454 1
63447 56595 1
63447 58700 2
63447 59656 1
63447 60124 1
63447 61089 1
63447 61213 1
63447 61847 1
63447 62413 3
63447 63448 1
63447 64382 1
63447 65717 1
63447 67426 1
63447 69043 1
63447 101311 1
64382 36017 1
64382 43002 1
64382 49901 1
64382 54779 1
64382 61213 1
64382 61847 1
64382 63447 1
64382 69043 1
64382 101311 1
65720 43002 1
65720 46704 1
65720 46715 1
65720 46717 1
65720 56174 1
65720 56177 1
65720 57645 1
65720 61521 1
65720 66908 1
65720 81014 1
66908 43002 1
66908 46704 1
66908 46715 1
66908 46717 1
66908 56174 1
66908 56177 1
66908 57645 1
66908 61521 1
66908 65720 1
66908 81014 1
69043 36017 1
69043 43002 1
69043 49901 1
69043 54779 1
69043 61213 1
69043 61847 1
69043 63447 1
69043 64382 1
69043 90555 1
69043 101311 1
72946 36011 1
72946 43002 1
72946 53585 2
72946 72949 1
72946 75995 1
81014 43002 2
81014 46704 1
81014 46715 1
81014 46717 1
81014 46809 1
81014 47654 1
81014 49900 1
81014 54248 1
81014 56173 1
81014 56174 1
81014 56177 1
81014 56456 3
81014 57645 1
81014 59656 1
81014 61521 2
81014 65720 1
81014 66176 2
81014 66908 1
81014 85207 4
81014 85209 1
81014 90553 1
101311 36017 1
101311 43002 1
101311 49901 1
101311 54779 1
101311 61213 1
101311 61847 1
101311 63447 1
101311 64382 1
101311 69043 1
101311 77712 1
101311 77727 1
101311 92309 1
101311 99330 1
101311 110307 1
101311 121633 1
101311 122091 1
101311 127684 1
27901 27900 1
27901 36011 2
27901 36437 2
27901 46704 1
27901 46709 1
27901 46712 3
27901 51145 2
27901 53717 3
27901 54781 1
27901 56173 1
27901 56175 1
27901 56181 1
27901 56182 2
27901 58178 1
27901 58701 1
27901 59656 3
27901 61520 1
27901 61521 1
27901 62412 1
27901 64847 1
27901 67101 1
27901 67102 1
36437 27901 2
36437 46704 1
36437 46709 1
36437 46712 2
36437 51145 2
36437 53717 2
36437 54781 1
36437 56173 1
36437 56175 1
36437 56182 1
36437 58178 1
36437 59656 2
36437 61520 1
36437 61521 1
36437 64847 1
36437 67101 1
36437 67102 1
43527 43287 2
43527 59656 1
46712 27901 3
46712 36011 2
46712 36437 2
46712 36888 1
46712 46704 2
46712 46709 4
46712 46715 1
46712 46716 1
46712 46717 1
46712 46809 1
46712 49898 2
46712 49900 2
46712 51145 4
46712 53716 1
46712 53717 3
46712 54247 1
46712 54572 1
46712 54779 1
46712 54781 3
46712 56173 3
46712 56174 1
46712 56175 3
46712 56177 1
46712 56181 1
46712 56182 3
46712 58178 1
46712 58700 1
46712 58701 2
46712 59656 5
46712 60216 1
46712 61520 3
46712 61521 3
46712 62172 1
46712 62413 2
46712 63447 1
46712 64847 1
46712 67101 3
46712 67102 2
46712 67426 1
49899 46704 2
49899 46709 1
49899 46715 2
49899 46717 2
49899 46809 1
49899 49895 1
49899 49896 1
49899 49897 1
49899 49898 1
49899 49900 1
49899 49901 1
49899 51145 2
49899 53589 1
49899 54249 2
49899 54252 1
49899 54578 1
49899 54781 1
49899 56173 1
49899 56174 1
49899 56175 2
49899 56176 1
49899 56181 2
49899 56182 3
49899 56183 1
49899 56454 2
49899 56456 1
49899 56595 1
49899 56597 1
49899 56598 1
49899 58700 1
49899 58701 1
49899 59656 1
49899 60123 4
49899 60124 3
49899 61520 4
49899 61521 2
49899 62172 1
49899 62413 1
49899 63447 1
49899 65717 1
49899 65719 1
49899 67102 1
49899 90553 1
51145 27901 2
51145 36437 2
51145 46704 2
51145 46709 3
51145 46712 4
51145 46717 1
51145 49899 2
51145 49900 1
51145 53589 1
51145 53716 1
51145 53717 2
51145 54781 1
51145 56173 3
51145 56175 4
51145 56176 1
51145 56179 1
51145 56181 2
51145 56182 3
51145 56454 1
51145 56456 1
51145 56595 1
51145 58178 1
51145 58700 1
51145 59656 4
51145 60123 1
51145 60124 2
51145 61520 4
51145 61521 4
51145 62413 1
51145 63447 1
51145 64847 1
51145 65717 1
51145 67101 2
51145 67102 3
53589 49899 1
53589 51145 1
53589 56176 1
53589 56181 1
53589 56182 1
53589 56454 1
53589 56595 1
53589 58700 1
53589 59656 1
53589 60124 1
53589 62413 1
53589 63447 1
53589 65717 1
53716 46709 1
53716 46712 1
53716 49900 1
53716 51145 1
53716 53717 2
53716 54249 1
53716 54252 1
53716 54575 1
53716 56173 1
53716 56175 2
53716 56176 1
53716 56182 1
53716 56595 1
53716 59656 1
53716 60123 1
53716 61520 2
53716 61521 2
53716 67101 1
53716 67102 1
53716 85207 1
53717 27901 3
53717 36011 2
53717 36437 2
53717 46704 1
53717 46709 2
53717 46712 3
53717 49900 1
53717 51145 2
53717 53716 2
53717 54249 1
53717 54252 1
53717 54575 1
53717 54781 1
53717 56173 1
53717 56175 3
53717 56176 1
53717 56181 1
53717 56182 2
53717 56595 1
53717 58178 1
53717 58701 2
53717 59656 3
53717 60123 1
53717 61520 3
53717 61521 3
53717 67101 2
53717 67102 2
53717 85207 1
54247 46704 1
54247 46712 1
54247 46715 1
54247 46717 2
54247 46809 1
54247 49900 2
54247 54248 1
54247 54572 1
54247 54781 2
54247 56174 1
54247 56179 1
54247 56182 1
54247 56456 1
54247 58701 1
54247 59656 1
54247 60216 1
54247 61520 1
54247 61521 1
54247 66549 1
54247 67102 1
54249 49899 2
54249 53716 1
54249 53717 1
54249 54252 1
54249 54575 1
54249 56175 2
54249 56176 1
54249 56182 2
54249 56595 1
54249 59656 1
54249 60123 3
54249 61520 2
54249 61521 1
54249 67102 1
54249 85207 1
54572 36011 1
54572 46704 1
54572 46712 1
54572 46717 1
54572 46809 1
54572 49900 1
54572 54247 1
54572 54781 1
54572 56174 2
54572 56182 1
54572 58701 1
54572 59656 1
54572 60216 1
54572 61520 1
54572 61521 1
54572 67102 1
54575 53716 1
54575 53717 1
54575 54249 1
54575 54252 1
54575 56175 1
54575 56176 1
54575 56595 1
54575 59656 1
54575 60123 1
54575 61520 1
54575 61521 1
54575 67102 1
54575 85207 1
54781 27901 1
54781 36437 1
54781 46704 3
54781 46709 1
54781 46712 3
54781 46715 1
54781 46717 1
54781 46809 1
54781 49899 1
54781 49900 2
54781 51145 1
54781 53717 1
54781 54247 2
54781 54572 1
54781 54578 1
54781 54779 1
54781 56174 1
54781 56175 2
54781 56182 2
54781 58700 1
54781 58701 2
54781 59656 2
54781 60123 1
54781 60216 1
54781 61520 2
54781 61521 4
54781 62413 1
54781 63381 1
54781 63382 1
54781 63447 2
54781 66549 1
54781 67101 2
54781 67102 2
54781 67426 1
54781 71220 1
56175 27901 1
56175 36011 1
56175 36437 1
56175 46704 3
56175 46709 4
56175 46712 3
56175 46717 1
56175 46809 1
56175 49898 1
56175 49899 2
56175 49900 1
56175 51145 4
56175 53716 2
56175 53717 3
56175 54249 2
56175 54252 1
56175 54575 1
56175 54781 2
56175 56173 3
56175 56176 1
56175 56179 1
56175 56181 1
56175 56182 3
56175 56456 1
56175 56595 1
56175 59656 2
56175 60123 5
56175 60124 3
56175 60217 1
56175 61520 6
56175 61521 7
56175 63381 1
56175 63382 1
56175 67101 4
56175 67102 4
56175 85207 1
56176 49899 1
56176 51145 1
56176 53589 1
56176 53716 1
56176 53717 1
56176 54249 1
56176 54252 1
56176 54575 1
56176 54779 1
56176 56175 1
56176 56181 1
56176 56182 1
56176 56454 1
56176 56595 2
56176 58700 1
56176 59656 1
56176 60123 1
56176 60124 1
56176 61520 1
56176 61521 1
56176 62413 1
56176 63447 1
56176 65717 1
56176 67102 1
56176 85207 1
56181 27901 1
56181 36011 1
56181 46709 1
56181 46712 1
56181 46717 1
56181 49899 2
56181 51145 2
56181 53589 1
56181 53717 1
56181 56175 1
56181 56176 1
56181 56182 2
56181 56454 1
56181 56595 1
56181 58700 1
56181 58701 1
56181 59656 2
56181 60123 1
56181 60124 2
56181 61520 1
56181 61521 1
56181 62413 1
56181 63447 1
56181 65717 1
56181 67102 1
56182 27901 2
56182 36437 1
56182 46704 2
56182 46709 2
56182 46712 3
56182 46717 1
56182 46809 2
56182 49899 3
56182 49900 2
56182 51145 3
56182 53589 1
56182 53716 1
56182 53717 2
56182 54247 1
56182 54249 2
56182 54572 1
56182 54781 2
56182 56173 1
56182 56174 1
56182 56175 3
56182 56176 1
56182 56181 2
56182 56454 1
56182 56595 1
56182 58700 1
56182 58701 1
56182 59656 6
56182 60123 3
56182 60124 2
56182 60216 1
56182 60217 1
56182 61520 3
56182 61521 3
56182 62413 1
56182 63447 1
56182 65717 1
56182 67101 3
56182 67102 2
56454 49899 2
56454 51145 1
56454 53589 1
56454 56176 1
56454 56181 1
56454 56182 1
56454 56595 1
56454 58700 1
56454 58701 1
56454 59656 1
56454 60124 1
56454 62413 1
56454 63447 1
56454 65717 1
56595 49899 1
56595 51145 1
56595 53589 1
56595 53716 1
56595 53717 1
56595 54249 1
56595 54252 1
56595 54575 1
56595 56175 1
56595 56176 2
56595 56181 1
56595 56182 1
56595 56454 1
56595 58700 1
56595 59656 1
56595 60123 1
56595 60124 1
56595 61520 1
56595 61521 1
56595 62413 1
56595 63447 1
56595 65717 1
56595 67102 1
56595 85207 1
58178 27901 1
58178 36437 1
58178 46712 1
58178 51145 1
58178 53717 1
58178 56173 1
58178 59656 1
58178 64847 1
58700 46712 1
58700 49899 1
58700 51145 1
58700 53589 1
58700 54781 1
58700 56176 1
58700 56181 1
58700 56182 1
58700 56454 1
58700 56595 1
58700 59656 1
58700 60124 1
58700 62413 2
58700 63447 2
58700 65717 1
58700 67426 1
58701 27901 1
58701 36011 1
58701 46704 1
58701 46712 2
58701 46717 1
58701 46809 1
58701 49899 1
58701 49900 1
58701 53717 2
58701 54247 1
58701 54572 1
58701 54781 2
58701 56174 1
58701 56181 1
58701 56182 1
58701 56454 1
58701 59656 2
58701 60216 1
58701 61520 1
58701 61521 2
58701 67101 1
58701 67102 1
60123 43288 1
60123 46704 1
60123 46709 1
60123 46717 1
60123 46809 1
60123 49899 4
60123 49900 1
60123 51145 1
60123 53716 1
60123 53717 1
60123 54249 3
60123 54252 1
60123 54575 1
60123 54779 1
60123 54781 1
60123 56175 5
60123 56176 1
60123 56181 1
60123 56182 3
60123 56595 1
60123 59656 1
60123 60124 5
60123 60217 1
60123 61520 4
60123 61521 4
60123 62413 1
60123 63381 1
60123 63382 1
60123 64847 1
60123 66126 1
60123 66127 1
60123 66128 1
60123 66176 1
60123 67101 1
60123 67102 2
60123 85207 1
60123 87442 1
60123 90555 1
60123 126381 1
60216 46704 1
60216 46712 1
60216 46717 1
60216 46809 1
60216 49900 1
60216 54247 1
60216 54572 1
60216 54781 1
60216 56174 1
60216 56182 1
60216 58701 1
60216 59656 1
60216 61520 1
60216 61521 1
60216 67102 1
62413 43000 1
62413 43288 1
62413 46712 2
62413 46715 1
62413 46717 1
62413 49899 1
62413 51145 1
62413 53589 1
62413 54779 2
62413 54781 1
62413 56176 1
62413 56177 1
62413 56181 1
62413 56182 1
62413 56454 1
62413 56595 1
62413 58700 2
62413 59656 1
62413 60123 1
62413 60124 2
62413 62172 1
62413 62412 1
62413 63447 3
62413 63448 1
62413 64847 1
62413 65717 1
62413 67101 1
62413 67426 1
62413 90555 1
65717 49899 1
65717 51145 1
65717 53589 1
65717 56176 1
65717 56181 1
65717 56182 1
65717 56454 1
65717 56595 1
65717 58700 1
65717 59656 1
65717 60124 1
65717 62413 1
65717 63447 1
67101 27901 1
67101 36437 1
67101 46704 1
67101 46709 2
67101 46712 3
67101 46715 1
67101 46809 1
67101 49900 1
67101 51145 2
67101 53716 1
67101 53717 2
67101 54779 1
67101 54781 2
67101 56173 1
67101 56175 4
67101 56177 1
67101 56182 3
67101 58701 1
67101 59656 2
67101 60123 1
67101 60124 1
67101 60217 1
67101 61520 2
67101 61521 3
67101 62172 1
67101 62413 1
67101 67102 2
67101 114761 1
67102 27901 1
67102 36437 1
67102 46704 3
67102 46709 2
67102 46712 2
67102 46717 2
67102 46809 1
67102 49899 1
67102 49900 1
67102 51145 3
67102 53716 1
67102 53717 2
67102 54247 1
67102 54249 1
67102 54252 1
67102 54572 1
67102 54575 1
67102 54781 2
67102 56173 1
67102 56174 1
67102 56175 4
67102 56176 1
67102 56179 1
67102 56181 1
67102 56182 2
67102 56456 1
67102 56595 1
67102 58701 1
67102 59656 2
67102 60123 2
67102 60124 1
67102 60216 1
67102 61520 5
67102 61521 5
67102 65269 1
67102 67101 2
67102 85207 1
67102 114761 1
73990 49689 1
73990 59656 1
73990 66537 1
73990 66708 1
73990 66941 1
73990 66955 1
73990 72874 2
73990 72876 1
73990 73018 1
73990 73368 1
73990 73989 3
73990 74260 1
73990 76006 2
73990 76122 1
73990 76123 1
73990 77942 1
73990 79858 1
73990 93050 1
73990 95702 1
73990 108330 1
32369 48587 1
32369 59713 1
32369 59718 1
32369 65151 1
48587 32369 1
48587 59713 1
48587 59718 1
48587 65151 1
65151 19176 1
65151 32369 1
65151 48587 1
65151 59713 1
65151 59718 1
65151 65254 1
42665 28000 1
42665 43288 1
42665 47880 1
42665 49901 1
42665 50654 1
42665 59658 1
42665 59659 1
42665 61519 1
42665 61889 1
42665 63448 1
42665 64650 1
42665 65409 1
42665 66548 1
42665 66550 1
42665 69214 1
42665 76003 1
42665 90553 1
42665 121765 1
42665 124045 1
66126 60123 1
66126 60124 1
66126 66127 1
66126 66128 1
66126 66534 1
66126 66535 1
66126 66536 1
66126 66540 1
66126 66546 1
66126 66548 1
66126 66551 1
66126 72153 2
66126 72154 1
66126 77714 1
66126 87009 1
66126 87433 1
66126 87440 1
66126 87441 1
66126 87442 2
66126 87443 1
66126 87444 1
66126 87479 1
66126 92018 1
66126 92020 1
66126 113725 1
66126 122094 1
66126 126164 1
66126 126381 1
66534 66126 1
66534 66535 1
66534 66536 1
66534 66548 1
66534 66551 1
66534 72153 1
66534 77714 1
66534 87433 1
66534 87440 1
66534 87441 1
66534 87442 1
66534 87443 1
66534 87444 1
66534 87479 1
66534 92018 1
66534 122094 1
66534 126164 1
66535 66126 1
66535 66534 1
66535 66536 1
66535 66548 1
66535 66551 1
66535 72153 1
66535 77714 1
66535 87433 1
66535 87440 1
66535 87441 1
66535 87442 1
66535 87443 1
66535 87444 1
66535 87479 1
66535 92018 1
66535 122094 1
66535 126164 1
66536 66126 1
66536 66534 1
66536 66535 1
66536 66548 1
66536 66551 1
66536 72153 1
66536 75994 1
66536 76003 1
66536 77714 1
66536 87433 1
66536 87440 1
66536 87441 1
66536 87442 1
66536 87443 1
66536 87444 1
66536 87479 4
66536 92018 1
66536 122094 1
66536 126164 1
66551 66126 1
66551 66534 1
66551 66535 1
66551 66536 1
66551 66548 1
66551 72153 1
66551 77714 1
66551 87433 1
66551 87440 1
66551 87441 1
66551 87442 1
66551 87443 1
66551 87444 1
66551 87479 1
66551 92018 1
66551 122094 1
66551 126164 1
69214 42665 1
69214 66548 1
69214 68651 1
69214 73401 1
69214 87009 1
69214 124045 1
72115 63448 1
72115 63475 1
72115 66548 1
72115 72116 1
72115 95702 1
72115 97049 1
72116 66548 1
72116 72115 1
72116 97049 1
72153 66126 2
72153 66534 1
72153 66535 1
72153 66536 1
72153 66540 1
72153 66546 1
72153 66548 1
72153 66551 1
72153 72154 1
72153 77714 1
72153 87009 1
72153 87433 1
72153 87440 1
72153 87441 1
72153 87442 1
72153 87443 1
72153 87444 1
72153 87479 1
72153 92018 1
72153 92020 1
72153 122094 1
72153 126164 1
77714 66126 1
77714 66534 1
77714 66535 1
77714 66536 1
77714 66548 1
77714 66551 1
77714 72153 1
77714 87433 1
77714 87440 1
77714 87441 1
77714 87442 1
77714 87443 1
77714 87444 1
77714 87479 1
77714 92018 1
77714 122094 1
77714 126164 1
87433 66126 1
87433 66534 1
87433 66535 1
87433 66536 1
87433 66548 1
87433 66551 1
87433 66966 1
87433 70096 1
87433 72153 1
87433 75116 1
87433 75117 1
87433 77714 1
87433 84109 1
87433 87434 1
87433 87435 1
87433 87436 1
87433 87437 1
87433 87438 1
87433 87439 1
87433 87440 1
87433 87441 1
87433 87442 1
87433 87443 1
87433 87444 1
87433 87479 1
87433 89059 1
87433 90553 1
87433 92018 1
87433 108316 1
87433 120964 1
87433 122094 1
87433 124004 1
87433 124045 1
87433 126164 1
87433 126169 1
87433 126340 1
87440 66126 1
87440 66534 1
87440 66535 1
87440 66536 1
87440 66548 1
87440 66551 1
87440 72153 1
87440 77714 1
87440 87433 1
87440 87441 1
87440 87442 1
87440 87443 1
87440 87444 1
87440 87479 1
87440 92018 1
87440 122094 1
87440 126164 1
87441 66126 1
87441 66534 1
87441 66535 1
87441 66536 1
87441 66548 1
87441 66551 1
87441 72153 1
87441 77714 1
87441 87433 1
87441 87440 1
87441 87442 1
87441 87443 1
87441 87444 1
87441 87479 1
87441 92018 1
87441 122094 1
87441 126164 1
87442 60123 1
87442 60124 1
87442 66126 2
87442 66127 1
87442 66128 1
87442 66534 1
87442 66535 1
87442 66536 1
87442 66548 1
87442 66551 1
87442 72153 1
87442 77714 1
87442 87433 1
87442 87440 1
87442 87441 1
87442 87443 1
87442 87444 1
87442 87479 1
87442 92018 1
87442 122094 1
87442 126164 1
87442 126381 1
87443 66126 1
87443 66534 1
87443 66535 1
87443 66536 1
87443 66548 1
87443 66551 1
87443 72153 1
87443 77714 1
87443 87433 1
87443 87440 1
87443 87441 1
87443 87442 1
87443 87444 1
87443 87479 1
87443 92018 1
87443 122094 1
87443 126164 1
87444 66126 1
87444 66534 1
87444 66535 1
87444 66536 1
87444 66548 1
87444 66551 1
87444 66963 1
87444 72153 1
87444 77714 1
87444 84109 1
87444 87433 1
87444 87439 1
87444 87440 1
87444 87441 1
87444 87442 1
87444 87443 1
87444 87479 1
87444 92018 1
87444 97511 1
87444 122093 1
87444 122094 2
87444 123663 1
87444 123995 1
87444 126164 1
87479 66126 1
87479 66534 1
87479 66535 1
87479 66536 4
87479 66548 1
87479 66551 1
87479 72153 1
87479 77714 1
87479 83559 1
87479 83560 1
87479 87433 1
87479 87440 1
87479 87441 1
87479 87442 1
87479 87443 1
87479 87444 1
87479 92018 1
87479 122094 1
87479 126164 1
92018 66126 1
92018 66534 1
92018 66535 1
92018 66536 1
92018 66548 1
92018 66551 1
92018 72153 1
92018 77714 1
92018 87433 1
92018 87440 1
92018 87441 1
92018 87442 1
92018 87443 1
92018 87444 1
92018 87479 1
92018 122094 1
92018 126164 1
97049 66548 1
97049 72115 1
97049 72116 1
122094 66126 1
122094 66534 1
122094 66535 1
122094 66536 1
122094 66548 1
122094 66551 1
122094 66963 1
122094 72153 1
122094 77714 1
122094 87433 1
122094 87440 1
122094 87441 1
122094 87442 1
122094 87443 1
122094 87444 2
122094 87479 1
122094 92018 1
122094 97511 1
122094 122093 1
122094 123663 1
122094 123995 1
122094 126164 1
124045 42665 1
124045 66548 1
124045 66963 2
124045 69214 1
124045 70096 1
124045 75116 2
124045 75117 1
124045 84109 1
124045 87433 1
124045 87434 1
124045 87435 1
124045 87436 1
124045 87437 1
124045 87438 1
124045 87439 1
124045 89059 1
124045 90553 1
124045 108316 1
124045 120964 1
124045 123662 1
124045 123663 2
124045 123995 1
124045 124004 1
124045 126169 1
124045 126340 1
126164 66126 1
126164 66534 1
126164 66535 1
126164 66536 1
126164 66548 1
126164 66551 1
126164 72153 1
126164 77714 1
126164 87433 1
126164 87440 1
126164 87441 1
126164 87442 1
126164 87443 1
126164 87444 1
126164 87479 1
126164 92018 1
126164 122094 1
126164 126162 1
126164 126163 1
37370 50561 1
37370 59452 1
37370 59614 1
37370 64709 1
37370 72132 1
37370 73018 1
49689 66708 1
49689 66941 1
49689 66955 1
49689 72874 1
49689 73018 1
49689 73368 1
49689 73989 1
49689 73990 1
49689 76006 1
49689 76122 1
49689 79858 1
49689 93050 1
49689 95702 1
49689 108330 1
50561 37370 1
50561 59452 1
50561 59614 1
50561 64709 1
50561 72132 1
50561 73018 1
59452 37370 1
59452 50561 1
59452 59614 1
59452 64709 1
59452 72132 1
59452 73018 1
59614 37370 1
59614 50561 1
59614 59452 1
59614 64709 1
59614 72132 1
59614 73018 1
64709 37370 1
64709 50561 1
64709 59452 1
64709 59614 1
64709 72132 1
64709 73018 1
65406 72820 1
65406 72821 1
65406 73018 1
65406 109494 1
66708 49689 1
66708 66941 1
66708 66955 1
66708 72874 1
66708 73018 1
66708 73368 1
66708 73989 1
66708 73990 1
66708 76006 1
66708 76122 1
66708 79858 1
66708 93050 1
66708 95702 1
66708 108330 1
72132 37370 1
72132 50561 1
72132 59452 1
72132 59614 1
72132 64709 1
72132 73018 1
72821 65406 1
72821 73018 1
72821 76664 1
73019 73018 1
73019 126198 1
73368 49689 1
73368 62283 1
73368 66708 1
73368 66941 1
73368 66955 1
73368 71468 1
73368 72874 1
73368 73018 1
73368 73989 1
73368 73990 1
73368 76006 1
73368 76122 1
73368 79858 2
73368 93050 1
73368 95702 1
73368 105338 1
73368 108330 1
73368 126198 1
73989 49689 1
73989 56450 1
73989 58697 1
73989 66708 1
73989 66941 1
73989 66955 1
73989 72874 2
73989 72876 1
73989 73018 1
73989 73368 1
73989 73990 3
73989 76006 1
73989 76122 1
73989 76123 1
73989 77077 1
73989 77942 1
73989 79317 1
73989 79858 1
73989 93050 1
73989 95702 2
73989 96162 1
73989 108330 1
76664 63458 1
76664 72821 1
76664 73018 1
76664 75994 1
76664 76665 1
79858 49689 1
79858 62283 2
79858 63475 1
79858 65622 1
79858 66708 1
79858 66941 1
79858 66955 1
79858 71468 1
79858 72874 1
79858 73018 1
79858 73368 2
79858 73989 1
79858 73990 1
79858 76003 1
79858 76006 1
79858 76122 1
79858 93050 1
79858 95702 1
79858 105338 2
79858 108330 1
79858 126198 1
93050 49689 1
93050 66708 1
93050 66941 1
93050 66955 1
93050 72874 1
93050 73018 1
93050 73368 1
93050 73989 1
93050 73990 1
93050 76006 1
93050 76122 1
93050 79858 1
93050 95702 1
93050 103258 1
93050 108330 1
95702 49689 1
95702 56450 1
95702 66708 1
95702 66941 1
95702 66955 1
95702 72115 1
95702 72874 1
95702 73018 1
95702 73368 1
95702 73989 2
95702 73990 1
95702 76006 1
95702 76122 1
95702 77077 1
95702 77735 1
95702 79858 1
95702 93050 1
95702 96162 1
95702 108330 1
108330 49689 1
108330 66708 1
108330 66941 1
108330 66955 1
108330 72874 1
108330 73018 1
108330 73368 1
108330 73989 1
108330 73990 1
108330 76006 1
108330 76122 1
108330 79858 1
108330 93050 1
108330 95702 1
109494 65406 1
109494 73018 1
109494 85207 1
126198 62283 1
126198 71468 1
126198 73018 1
126198 73019 1
126198 73368 1
126198 79858 1
126198 126199 1
85207 46717 1
85207 47654 1
85207 53716 1
85207 53717 1
85207 54249 1
85207 54252 1
85207 54575 1
85207 56175 1
85207 56176 1
85207 56456 2
85207 56595 1
85207 60123 1
85207 61520 1
85207 61521 1
85207 66176 1
85207 67102 1
85207 76002 1
85207 77732 1
85207 79317 1
85207 81014 4
85207 83090 1
85207 85209 1
85207 90553 1
85207 96162 1
85207 109494 1
47654 56456 1
47654 66176 1
47654 81014 1
47654 85207 1
47654 90553 1
49895 46809 1
49895 49896 1
49895 49897 1
49895 49898 1
49895 49899 1
49895 49900 1
49895 49901 1
49895 54252 1
49895 56456 1
49895 56597 1
49895 56598 1
49895 61520 1
49895 62172 1
49895 65719 1
49895 90553 1
49896 34947 1
49896 46809 1
49896 49895 1
49896 49897 1
49896 49898 1
49896 49899 1
49896 49900 1
49896 49901 1
49896 54252 1
49896 56456 1
49896 56597 1
49896 56598 1
49896 61520 1
49896 62172 1
49896 65719 1
49896 90553 1
49897 46809 1
49897 49895 1
49897 49896 1
49897 49898 1
49897 49899 1
49897 49900 1
49897 49901 1
49897 54252 1
49897 56456 1
49897 56597 1
49897 56598 1
49897 61520 1
49897 62172 1
49897 65719 1
49897 90553 1
49898 36011 2
49898 46706 1
49898 46709 1
49898 46712 2
49898 46809 1
49898 49895 1
49898 49896 1
49898 49897 1
49898 49899 1
49898 49900 1
49898 49901 1
49898 54252 1
49898 56173 1
49898 56175 1
49898 56456 1
49898 56597 1
49898 56598 1
49898 61520 1
49898 62172 1
49898 65719 1
49898 90553 1
50654 42665 1
50654 64847 1
50654 90553 1
54252 46809 1
54252 49895 1
54252 49896 1
54252 49897 1
54252 49898 1
54252 49899 1
54252 49900 1
54252 49901 1
54252 53716 1
54252 53717 1
54252 54249 1
54252 54575 1
54252 56175 1
54252 56176 1
54252 56456 1
54252 56595 1
54252 56597 1
54252 56598 1
54252 60123 1
54252 61520 2
54252 61521 1
54252 62172 1
54252 65719 1
54252 67102 1
54252 85207 1
54252 90553 1
56597 46809 1
56597 49895 1
56597 49896 1
56597 49897 1
56597 49898 1
56597 49899 1
56597 49900 1
56597 49901 1
56597 51016 1
56597 54252 1
56597 56456 1
56597 56598 1
56597 59701 1
56597 61520 1
56597 62172 1
56597 65719 1
56597 90553 1
56598 46809 1
56598 49895 1
56598 49896 1
56598 49897 1
56598 49898 1
56598 49899 1
56598 49900 1
56598 49901 1
56598 54252 1
56598 56456 1
56598 56597 1
56598 61520 1
56598 62172 1
56598 65719 1
56598 90553 1
62172 46712 1
62172 46715 1
62172 46809 1
62172 49895 1
62172 49896 1
62172 49897 1
62172 49898 1
62172 49899 1
62172 49900 1
62172 49901 1
62172 54252 1
62172 54779 1
62172 56177 1
62172 56456 1
62172 56597 1
62172 56598 1
62172 61520 1
62172 62413 1
62172 65719 1
62172 67101 1
62172 90553 1
65719 46809 1
65719 49895 1
65719 49896 1
65719 49897 1
65719 49898 1
65719 49899 1
65719 49900 1
65719 49901 1
65719 54252 1
65719 56456 1
65719 56597 1
65719 56598 1
65719 61520 1
65719 62172 1
65719 90553 1
66176 47654 1
66176 56456 1
66176 60123 1
66176 81014 2
66176 85207 1
66176 90553 1
70096 75116 1
70096 75117 1
70096 84109 1
70096 87433 1
70096 87434 1
70096 87435 1
70096 87436 1
70096 87437 1
70096 87438 1
70096 87439 1
70096 89059 1
70096 90553 1
70096 108316 1
70096 120964 1
70096 124004 1
70096 124045 1
70096 126169 1
70096 126340 1
75116 56184 1
75116 66963 1
75116 66964 1
75116 70096 1
75116 75113 1
75116 75115 1
75116 75117 2
75116 84109 1
75116 87433 1
75116 87434 1
75116 87435 1
75116 87436 2
75116 87437 1
75116 87438 1
75116 87439 1
75116 89059 1
75116 90553 1
75116 108316 1
75116 120964 1
75116 123662 1
75116 123663 1
75116 124004 1
75116 124045 2
75116 124431 1
75116 126169 1
75116 126340 1
75117 56184 1
75117 56453 1
75117 66963 1
75117 70096 1
75117 75113 1
75117 75115 1
75117 75116 2
75117 84109 1
75117 87433 1
75117 87434 1
75117 87435 1
75117 87436 3
75117 87437 1
75117 87438 1
75117 87439 1
75117 89059 1
75117 90553 1
75117 108316 1
75117 120964 1
75117 123995 1
75117 123996 1
75117 124004 1
75117 124045 1
75117 124431 1
75117 126169 1
75117 126340 1
84109 70096 1
84109 75116 1
84109 75117 1
84109 87433 1
84109 87434 1
84109 87435 1
84109 87436 1
84109 87437 1
84109 87438 1
84109 87439 2
84109 87444 1
84109 89059 1
84109 90553 1
84109 108316 1
84109 120964 1
84109 124004 1
84109 124045 1
84109 126169 1
84109 126340 1
87434 70096 1
87434 75116 1
87434 75117 1
87434 84109 1
87434 87433 1
87434 87435 1
87434 87436 1
87434 87437 1
87434 87438 1
87434 87439 1
87434 89059 1
87434 90553 1
87434 108316 1
87434 120964 1
87434 124004 1
87434 124045 1
87434 126169 1
87434 126340 1
87435 70096 1
87435 75116 1
87435 75117 1
87435 84109 1
87435 87433 1
87435 87434 1
87435 87436 1
87435 87437 1
87435 87438 1
87435 87439 1
87435 89059 1
87435 90553 1
87435 108316 1
87435 117705 1
87435 120964 1
87435 124004 1
87435 124045 1
87435 126169 1
87435 126340 1
87436 56184 1
87436 70096 1
87436 75113 1
87436 75115 1
87436 75116 2
87436 75117 3
87436 84109 1
87436 87433 1
87436 87434 1
87436 87435 1
87436 87437 1
87436 87438 1
87436 87439 1
87436 89059 1
87436 90553 1
87436 108316 1
87436 120964 1
87436 124004 1
87436 124045 1
87436 124431 1
87436 126163 1
87436 126169 1
87436 126340 1
87437 70096 1
87437 75116 1
87437 75117 1
87437 84109 1
87437 87433 1
87437 87434 1
87437 87435 1
87437 87436 1
87437 87438 1
87437 87439 1
87437 89059 1
87437 90553 1
87437 108316 1
87437 120964 1
87437 124004 1
87437 124045 1
87437 126169 1
87437 126340 1
87438 70096 1
87438 75116 1
87438 75117 1
87438 84109 1
87438 87433 1
87438 87434 1
87438 87435 1
87438 87436 1
87438 87437 1
87438 87439 1
87438 89059 1
87438 90553 1
87438 108316 1
87438 120964 1
87438 124004 1
87438 124045 1
87438 126169 1
87438 126340 1
87439 70096 1
87439 75116 1
87439 75117 1
87439 84109 2
87439 87433 1
87439 87434 1
87439 87435 1
87439 87436 1
87439 87437 1
87439 87438 1
87439 87444 1
87439 89059 1
87439 90553 1
87439 108316 1
87439 120964 1
87439 124004 1
87439 124045 1
87439 126169 1
87439 126340 1
89059 70096 1
89059 75116 1
89059 75117 1
89059 84109 1
89059 87433 1
89059 87434 1
89059 87435 1
89059 87436 1
89059 87437 1
89059 87438 1
89059 87439 1
89059 90553 1
89059 108316 1
89059 120964 1
89059 124004 1
89059 124045 1
89059 126169 1
89059 126340 1
90554 90553 2
90554 90555 1
90555 43288 1
90555 54779 1
90555 60123 1
90555 60124 1
90555 62413 1
90555 64847 1
90555 69043 1
90555 90553 1
90555 90554 1
90556 90553 1
90556 110307 1
94604 61089 1
94604 79854 2
94604 87009 1
94604 90553 1
94604 91992 1
94604 91993 1
94604 91994 1
94604 92765 1
94604 92884 1
94604 97510 1
94604 103258 1
94604 106932 1
94604 120963 1
94604 122220 1
103258 36011 1
103258 90553 1
103258 93050 1
103258 94604 1
103258 106932 1
103258 113725 1
103258 122091 1
106932 90553 1
106932 94604 1
106932 103258 1
106932 106933 1
106932 106934 1
106932 113528 1
108316 69057 1
108316 70096 1
108316 75116 1
108316 75117 1
108316 84109 1
108316 87433 1
108316 87434 1
108316 87435 1
108316 87436 1
108316 87437 1
108316 87438 1
108316 87439 1
108316 89059 1
108316 90553 1
108316 94980 1
108316 112926 1
108316 112927 1
108316 112929 1
108316 120964 1
108316 124004 1
108316 124045 1
108316 126169 1
108316 126340 1
110307 90553 1
110307 90556 1
110307 101311 1
120964 70096 1
120964 75116 1
120964 75117 1
120964 84109 1
120964 87433 1
120964 87434 1
120964 87435 1
120964 87436 1
120964 87437 1
120964 87438 1
120964 87439 1
120964 89059 1
120964 90553 1
120964 108316 1
120964 112593 1
120964 115334 1
120964 120963 1
120964 121633 1
120964 124004 1
120964 124045 1
120964 126169 1
120964 126340 1
124004 70096 1
124004 75116 1
124004 75117 1
124004 84109 1
124004 87433 1
124004 87434 1
124004 87435 1
124004 87436 1
124004 87437 1
124004 87438 1
124004 87439 1
124004 89059 1
124004 90553 1
124004 108316 1
124004 110831 1
124004 110832 1
124004 120964 1
124004 123661 1
124004 124045 1
124004 126169 1
124004 126340 1
126169 70096 1
126169 75116 1
126169 75117 1
126169 84109 1
126169 87433 1
126169 87434 1
126169 87435 1
126169 87436 1
126169 87437 1
126169 87438 1
126169 87439 1
126169 89059 1
126169 90553 1
126169 108316 1
126169 120964 1
126169 124004 1
126169 124045 1
126169 126340 1
126340 70096 1
126340 75116 1
126340 75117 1
126340 84109 1
126340 87433 1
126340 87434 1
126340 87435 1
126340 87436 1
126340 87437 1
126340 87438 1
126340 87439 1
126340 89059 1
126340 90553 1
126340 108316 1
126340 120964 1
126340 124004 1
126340 124045 1
126340 126169 1
65718 55186 1
67426 46712 1
67426 54781 1
67426 55186 1
67426 58700 1
67426 62413 1
67426 63447 1
67426 74377 1
67426 75464 1
74377 55186 1
74377 67426 1
74377 75464 1
75464 55186 1
75464 67005 1
75464 67426 1
75464 74377 1
77077 52448 1
77077 55186 1
77077 56450 1
77077 73989 1
77077 77731 1
77077 92309 1
77077 92310 1
77077 95702 1
77077 96162 1
77077 114761 1
77731 55186 1
77731 77077 1
66540 66126 1
66540 66546 1
66540 72153 1
66540 72154 1
66540 77727 1
66540 87009 1
66540 92020 1
66540 127684 1
66546 66126 1
66546 66540 1
66546 72153 1
66546 72154 1
66546 87009 1
66546 92020 1
75725 72154 1
75725 105343 1
75725 122091 1
87009 63456 1
87009 66126 1
87009 66540 1
87009 66546 1
87009 69214 1
87009 72153 1
87009 72154 1
87009 73401 1
87009 79854 1
87009 87010 1
87009 92020 1
87009 94604 1
92020 66126 1
92020 66540 1
92020 66546 1
92020 72153 1
92020 72154 1
92020 87009 1
92020 113725 1
92020 114761 1
105343 65001 1
105343 72154 1
105343 75725 1
105343 77722 1
105343 77735 1
105343 105338 1
105343 110311 1
105343 122091 1
105343 122220 1
122091 72154 1
122091 75725 1
122091 76002 1
122091 101311 1
122091 103258 1
122091 105343 1
122091 113725 1
74604 66955 1
74604 74605 1
74604 79166 1
74604 79168 1
74604 79169 1
74604 79317 1
74604 92505 1
74604 109031 1
74604 109489 1
74604 116175 1
74604 125249 1
79166 66955 1
79166 74604 1
79166 79168 1
79166 79169 1
79166 79317 1
79166 92505 1
79166 109031 1
79166 109489 1
79169 66955 1
79169 74604 1
79169 79166 1
79169 79168 1
79169 79317 1
79169 92505 1
79169 109031 1
79169 109489 1
79854 65889 1
79854 79168 1
79854 87009 1
79854 90232 1
79854 91992 1
79854 91993 1
79854 91994 3
79854 92765 1
79854 92884 1
79854 94604 2
79854 97510 1
79854 101379 1
79854 104511 1
79854 105339 1
79854 115552 1
79854 118258 1
79854 120963 1
92505 66955 1
92505 74604 1
92505 79166 1
92505 79168 1
92505 79169 1
92505 79317 1
92505 109031 1
92505 109489 1
101379 53585 1
101379 77722 1
101379 77732 1
101379 77735 1
101379 79168 1
101379 79854 1
101379 105339 1
101379 117340 1
101379 118258 1
104511 79168 1
104511 79854 1
104511 115552 1
105338 63475 1
105338 65622 1
105338 73368 1
105338 79168 1
105338 79858 2
105338 83542 1
105338 95667 1
105338 96162 1
105338 105339 1
105338 105343 1
105338 110311 1
105338 122220 1
105339 63473 1
105339 63475 1
105339 79168 1
105339 79854 1
105339 96162 1
105339 101379 1
105339 105338 1
105339 118258 1
105339 121633 1
109031 66955 1
109031 74604 1
109031 79166 1
109031 79168 1
109031 79169 1
109031 79317 1
109031 92505 1
109031 109489 1
109489 66955 1
109489 74604 1
109489 79166 1
109489 79168 1
109489 79169 1
109489 79317 1
109489 92505 1
109489 109031 1
118258 79168 1
118258 79854 1
118258 101379 1
118258 105339 1
118258 112548 1
122220 79168 1
122220 94604 1
122220 105338 1
122220 105343 1
122220 121633 1
63473 63475 1
63473 94155 1
63473 105339 1
63473 119342 1
63473 121633 1
69057 91994 1
69057 94980 1
69057 97509 1
69057 97511 1
69057 106933 1
69057 108316 1
69057 112593 1
91994 69057 1
91994 79854 3
91994 91992 1
91994 91993 1
91994 92765 1
91994 92884 1
91994 94604 1
91994 97509 1
91994 97510 1
91994 97511 1
91994 106933 1
91994 109899 1
91994 112593 1
91994 113707 1
91994 120963 1
106933 69057 1
106933 91994 1
106933 97509 1
106933 97511 1
106933 106932 1
106933 112593 1
112593 69057 1
112593 91994 1
112593 97509 1
112593 97511 1
112593 106933 1
112593 120963 1
112593 120964 1
112593 121633 1
63464 77722 1
63464 77732 1
63464 97510 1
63464 110311 1
63464 113725 1
63464 121633 1
77722 63464 1
77722 65410 1
77722 65622 1
77722 77732 4
77722 77735 5
77722 97510 1
77722 101379 1
77722 105343 1
77722 110311 1
77732 46717 1
77732 56456 1
77732 63464 1
77732 77722 4
77732 77735 3
77732 85207 1
77732 96162 1
77732 97510 1
77732 101379 1
77732 110311 1
91992 79854 1
91992 91993 1
91992 91994 1
91992 92765 1
91992 92884 1
91992 94604 1
91992 97510 1
91992 120963 1
91993 64650 1
91993 79854 1
91993 91992 1
91993 91994 1
91993 92765 1
91993 92884 1
91993 94604 1
91993 97510 1
91993 120963 1
92765 79854 1
92765 91992 1
92765 91993 1
92765 91994 1
92765 92884 1
92765 94604 1
92765 97510 1
92765 120963 1
92884 79854 1
92884 91992 1
92884 91993 1
92884 91994 1
92884 92765 1
92884 94604 1
92884 97510 1
92884 120963 1
96052 77730 1
96052 96053 1
96052 97510 1
96053 96052 1
96053 97510 1
110311 63464 1
110311 77722 1
110311 77732 1
110311 97510 3
110311 105338 1
110311 105343 1
110311 110313 1
110311 110315 1
110311 113528 1
110311 113707 2
110311 120963 1
110311 121633 1
110313 97510 1
110313 110311 1
110313 110315 1
110313 113528 1
110313 113707 1
110313 121633 1
110315 97510 1
110315 110311 1
110315 110313 1
110315 113528 1
110315 113707 1
110315 121633 1
113528 97510 1
113528 106897 1
113528 106932 1
113528 110311 1
113528 110313 1
113528 110315 1
113528 113707 1
113528 114761 2
113528 121633 1
113707 79857 1
113707 91994 1
113707 97510 3
113707 110311 2
113707 110313 1
113707 110315 1
113707 113528 1
113707 121633 1
120963 79854 1
120963 91992 1
120963 91993 1
120963 91994 1
120963 92765 1
120963 92884 1
120963 94604 1
120963 97510 1
120963 110311 1
120963 112593 1
120963 120964 1
120963 120987 1
120963 121633 2
121633 63464 1
121633 63473 1
121633 63475 1
121633 97510 1
121633 101311 1
121633 105339 1
121633 110311 1
121633 110313 1
121633 110315 1
121633 112593 1
121633 113528 1
121633 113707 1
121633 120963 2
121633 120964 1
121633 122220 1
66963 56453 1
66963 75116 1
66963 75117 1
66963 87444 1
66963 97511 1
66963 122093 1
66963 122094 1
66963 123662 1
66963 123663 3
66963 123995 3
66963 123996 1
66963 124045 2
122093 66963 1
122093 87444 1
122093 97511 1
122093 122094 1
122093 123663 1
122093 123995 1
123663 66963 3
123663 75116 1
123663 87444 1
123663 97511 1
123663 122093 1
123663 122094 1
123663 123662 1
123663 123995 2
123663 124045 2
123995 56453 1
123995 66963 3
123995 75117 1
123995 87444 1
123995 97511 1
123995 122093 1
123995 122094 1
123995 123663 2
123995 123996 1
123995 124045 1
28000 42665 1
28000 43288 1
28000 47880 1
28000 49901 1
28000 59658 1
28000 59659 1
28000 60624 1
28000 61519 1
28000 61889 1
28000 63448 1
28000 64650 1
28000 66550 1
28000 121765 1
43288 28000 1
43288 42665 1
43288 47880 1
43288 49901 1
43288 51614 1
43288 54779 1
43288 59658 1
43288 59659 1
43288 60123 1
43288 60124 1
43288 61519 1
43288 61889 1
43288 62413 1
43288 63448 1
43288 64650 1
43288 64847 1
43288 66550 1
43288 90555 1
43288 121765 1
47880 28000 1
47880 42665 1
47880 43288 1
47880 49901 1
47880 54779 1
47880 59658 1
47880 59659 1
47880 61519 1
47880 61889 1
47880 63448 1
47880 64650 1
47880 66550 1
47880 121765 1
47880 125066 1
59658 28000 1
59658 42665 1
59658 43288 1
59658 47880 1
59658 49901 1
59658 59659 1
59658 61519 1
59658 61889 1
59658 63448 1
59658 64650 1
59658 66550 1
59658 121765 1
59659 28000 1
59659 42665 1
59659 43288 1
59659 47880 1
59659 49901 1
59659 58803 1
59659 59658 1
59659 61519 1
59659 61889 1
59659 63448 1
59659 64650 1
59659 66550 1
59659 121765 1
61889 28000 1
61889 42665 1
61889 43288 1
61889 47880 1
61889 49901 1
61889 59658 1
61889 59659 1
61889 61089 1
61889 61519 1
61889 63448 1
61889 64650 1
61889 66550 1
61889 75994 1
61889 121765 1
63448 28000 1
63448 42665 1
63448 43288 1
63448 47880 1
63448 49901 1
63448 59658 1
63448 59659 1
63448 61519 1
63448 61889 1
63448 62413 1
63448 63447 1
63448 63475 1
63448 64650 1
63448 66550 1
63448 72115 1
63448 121765 1
64650 28000 1
64650 42665 1
64650 43288 1
64650 47880 1
64650 49901 1
64650 59658 1
64650 59659 1
64650 61519 1
64650 61889 1
64650 63448 1
64650 66550 1
64650 79317 1
64650 87010 1
64650 91993 1
64650 121765 1
66550 28000 1
66550 42665 1
66550 43288 1
66550 47880 1
66550 49901 1
66550 59658 1
66550 59659 1
66550 61519 1
66550 61889 1
66550 63448 1
66550 64650 1
66550 121765 1
65007 65001 1
65007 65003 1
65007 67106 1
65007 72873 1
65007 72874 1
65007 74605 1
65007 76122 1
65007 76123 1
67106 65001 1
67106 65003 1
67106 65007 1
67106 67104 1
67106 72873 1
67106 72874 1
67106 74605 1
67106 76122 1
67106 76123 2
72873 65001 1
72873 65003 1
72873 65007 1
72873 67106 1
72873 72874 2
72873 72875 1
72873 74605 1
72873 76122 1
72873 76123 1
74605 65001 1
74605 65003 1
74605 65007 1
74605 67106 1
74605 72873 1
74605 72874 1
74605 74604 1
74605 76122 1
74605 76123 1
72875 72873 1
72875 72874 1
72876 72874 1
72876 73989 1
72876 73990 1
72876 76123 1
72876 77942 1
77942 72874 1
77942 72876 1
77942 73989 1
77942 73990 1
77942 76123 1
77942 76712 1
97455 76006 1
97455 124275 1
124275 76006 1
124275 97455 1
124275 124274 2
67104 67106 1
67104 76123 1
96156 96157 1
96156 96158 1
96156 96159 1
96156 96160 1
96156 96161 1
96156 96162 1
96156 96163 1
96156 96164 1
96156 114749 1
96157 96156 1
96157 96158 1
96157 96159 1
96157 96160 1
96157 96161 1
96157 96162 1
96157 96163 1
96157 96164 1
96157 113521 1
96157 114749 1
96157 116654 1
96158 96156 1
96158 96157 1
96158 96159 1
96158 96160 1
96158 96161 1
96158 96162 1
96158 96163 1
96158 96164 1
96158 105257 1
96158 112378 1
96158 112381 1
96158 114749 3
96158 114881 1
96158 116554 2
96158 121219 1
96159 96156 1
96159 96157 1
96159 96158 1
96159 96160 1
96159 96161 1
96159 96162 1
96159 96163 2
96159 96164 1
96159 114749 1
96160 96156 1
96160 96157 1
96160 96158 1
96160 96159 1
96160 96161 3
96160 96162 1
96160 96163 1
96160 96164 1
96160 114749 1
96160 115214 1
96160 116388 1
96161 96156 1
96161 96157 1
96161 96158 1
96161 96159 1
96161 96160 3
96161 96162 1
96161 96163 1
96161 96164 1
96161 105240 1
96161 105258 1
96161 106596 1
96161 113521 1
96161 114749 1
96161 114807 1
96161 115214 2
96161 115835 1
96161 116388 1
96161 116654 1
96161 119548 1
96161 121219 1
96163 96156 1
96163 96157 1
96163 96158 1
96163 96159 2
96163 96160 1
96163 96161 1
96163 96162 1
96163 96164 1
96163 114749 1
96164 96156 1
96164 96157 1
96164 96158 1
96164 96159 1
96164 96160 1
96164 96161 1
96164 96162 1
96164 96163 1
96164 114749 1
96164 121222 1
114749 96156 1
114749 96157 1
114749 96158 3
114749 96159 1
114749 96160 1
114749 96161 1
114749 96162 1
114749 96163 1
114749 96164 1
114749 112377 1
114749 112378 2
114749 112381 1
114749 113738 1
114749 114169 1
114749 114881 1
114749 116388 1
114749 116554 2
114749 117724 1
114749 119699 1
114749 121219 1
118712 96162 1
118712 124020 1
124020 96162 1
124020 118712 1
76665 75994 1
76665 76664 1
72949 72946 1
72949 75995 1
127563 77735 1
65416 63458 1
38864 64847 1
77165 64847 1
65410 65622 1
65410 77722 1
36016 34947 1
36016 53587 1
53587 34947 1
53587 36016 1
106897 113528 1
106897 114761 1
109176 114761 1
112930 114761 1
112930 114762 1
112930 117340 3
114762 112930 1
114762 114761 1
114762 117340 1
117340 101379 1
117340 112930 3
117340 114761 1
117340 114762 1
54578 46704 1
54578 46715 1
54578 49899 1
54578 54781 1
43000 46717 1
43000 62412 1
43000 62413 1
62412 27900 1
62412 27901 1
62412 43000 1
62412 46717 1
62412 62413 1
60217 46809 1
60217 56175 1
60217 56182 1
60217 60123 1
60217 60124 1
60217 67101 1
66549 49900 1
66549 54247 1
66549 54781 1
66549 56177 1
125066 47880 1
125066 54779 1
61855 56456 1
51495 57645 1
51495 77822 1
51495 104752 1
77822 51495 1
77822 57645 1
77822 104752 1
104752 51495 1
104752 57645 1
104752 77822 1
66127 60123 1
66127 60124 1
66127 66126 1
66127 66128 1
66127 87442 1
66127 126381 1
66128 60123 1
66128 60124 1
66128 66126 1
66128 66127 1
66128 87442 1
66128 126381 1
126381 60123 1
126381 60124 1
126381 66126 1
126381 66127 1
126381 66128 1
126381 87442 1
63381 54781 1
63381 56175 1
63381 60123 1
63381 61521 1
63381 63382 1
63382 54781 1
63382 56175 1
63382 60123 1
63382 61521 1
63382 63381 1
61846 61847 1
85209 81014 1
85209 85207 1
77712 65412 1
77712 85567 1
77712 101311 1
77727 66540 1
77727 92309 1
77727 99330 1
77727 101311 1
77727 127684 2
92309 52448 1
92309 77077 1
92309 77727 1
92309 92310 1
92309 99330 1
92309 101311 1
92309 127684 1
99330 77727 1
99330 92309 1
99330 101311 1
99330 127684 1
127684 66540 1
127684 77727 2
127684 92309 1
127684 99330 1
127684 101311 1
27900 27901 1
27900 62412 1
43287 43527 2
36888 46712 1
46716 46712 1
56183 49899 1
71220 54781 1
65269 67102 1
66537 73990 1
74260 73990 1
19176 65151 1
65254 65151 1
68651 69214 1
73401 69214 1
73401 87009 1
66966 87433 1
83559 83560 1
83559 87479 1
83560 83559 1
83560 87479 1
123662 66963 1
123662 75116 1
123662 123663 1
123662 124045 1
126162 126163 1
126162 126164 1
126163 87436 1
126163 126162 1
126163 126164 1
72820 65406 1
62283 71468 1
62283 73368 1
62283 79858 2
62283 126198 1
71468 62283 1
71468 73368 1
71468 79858 1
71468 126198 1
126199 126198 1
46706 49898 1
51016 56597 1
51016 59701 1
59701 51016 1
59701 56597 1
56184 75113 1
56184 75115 1
56184 75116 1
56184 75117 1
56184 87436 1
56184 124431 1
66964 75116 1
75113 56184 1
75113 75115 1
75113 75116 1
75113 75117 1
75113 87436 1
75113 124431 1
75115 56184 1
75115 75113 1
75115 75116 1
75115 75117 1
75115 87436 1
75115 124431 1
124431 56184 1
124431 75113 1
124431 75115 1
124431 75116 1
124431 75117 1
124431 87436 1
56453 66963 1
56453 75117 1
56453 123995 1
56453 123996 1
123996 56453 1
123996 66963 1
123996 75117 1
123996 123995 1
117705 87435 1
106934 106932 1
94980 69057 1
94980 108316 1
112926 108316 1
112926 112927 1
112926 112929 1
112927 108316 1
112927 112926 1
112927 112929 1
112929 108316 1
112929 112926 1
112929 112927 1
112929 116851 1
112929 116852 1
115334 120964 1
110831 110832 1
110831 123661 1
110831 124004 1
110832 110831 1
110832 123661 1
110832 124004 1
123661 110831 1
123661 110832 1
123661 113004 1
123661 124004 1
67005 75464 1
52448 77077 1
52448 92309 1
52448 92310 1
92310 52448 1
92310 77077 1
92310 92309 1
116175 74604 1
125249 74604 1
65889 79854 1
65889 90232 1
90232 65889 1
90232 79854 1
115552 79854 1
115552 104511 1
83542 95667 2
83542 105338 1
95667 83542 2
95667 105338 1
112548 118258 1
119342 63473 1
109899 91994 1
77730 96052 1
79857 113707 1
120987 120963 1
51614 43288 1
58803 59659 1
113004 123661 1
116851 112929 1
116851 116852 1
116852 112929 1
116852 116851 1
76712 77942 1
65412 77712 1
65412 85567 1
85567 65412 1
85567 77712 1
113521 96157 1
113521 96161 1
113521 116654 2
116654 96157 1
116654 96161 1
116654 113521 2
105257 96158 1
105257 105256 1
105257 105258 1
105257 107072 1
105257 113738 1
105257 116554 1
112378 96158 1
112378 112377 1
112378 112381 1
112378 113738 1
112378 114169 1
112378 114749 2
112378 114881 1
112378 116388 1
112378 116554 2
112378 117724 1
112378 119699 1
112378 121219 2
112378 121222 1
112381 96158 1
112381 112378 1
112381 114749 1
112381 114881 1
112381 116554 1
112381 121219 1
114881 96158 1
114881 112378 1
114881 112381 1
114881 114749 1
114881 114882 1
114881 116554 1
114881 121219 1
116554 96158 2
116554 105257 1
116554 112377 1
116554 112378 2
116554 112381 1
116554 113738 1
116554 114169 1
116554 114749 2
116554 114881 1
116554 116388 1
116554 117724 2
116554 119699 1
116554 121219 1
121219 96158 1
121219 96161 1
121219 112378 2
121219 112381 1
121219 114749 1
121219 114807 1
121219 114881 1
121219 116554 1
121219 121222 1
121219 121465 1
121219 121466 1
115214 96160 1
115214 96161 2
115214 105240 1
115214 106596 1
115214 115835 1
115214 119548 1
116388 96160 1
116388 96161 1
116388 112377 1
116388 112378 1
116388 113738 1
116388 114169 1
116388 114749 1
116388 116389 1
116388 116554 1
116388 117724 1
116388 118526 1
116388 119699 1
105240 96161 1
105240 106596 1
105240 115214 1
105240 115835 1
105240 119548 1
105258 96161 1
105258 105256 1
105258 105257 1
105258 107072 1
105258 113738 1
106596 96161 1
106596 105240 1
106596 115214 1
106596 115835 1
106596 119548 1
114807 96161 1
114807 121219 1
115835 96161 1
115835 105240 1
115835 106596 1
115835 115214 1
115835 119548 1
119548 96161 1
119548 105240 1
119548 106596 1
119548 115214 1
119548 115835 1
121222 96164 1
121222 112378 1
121222 121219 1
112377 112378 1
112377 113738 1
112377 114169 1
112377 114749 1
112377 116388 1
112377 116554 1
112377 117724 1
112377 119699 1
113738 105256 1
113738 105257 1
113738 105258 1
113738 107072 1
113738 112377 1
113738 112378 1
113738 114169 1
113738 114749 1
113738 116388 1
113738 116554 1
113738 117724 1
113738 119699 1
114169 112377 1
114169 112378 1
114169 113738 1
114169 114749 1
114169 116388 1
114169 116554 1
114169 117724 1
114169 119699 1
117724 112377 1
117724 112378 1
117724 113738 1
117724 114169 1
117724 114749 1
117724 116388 1
117724 116554 2
117724 119699 1
119699 112377 1
119699 112378 1
119699 113738 1
119699 114169 1
119699 114749 1
119699 116388 1
119699 116554 1
119699 117724 1
124274 124275 2
105256 105257 1
105256 105258 1
105256 107072 1
105256 113738 1
107072 105256 1
107072 105257 1
107072 105258 1
107072 107071 1
107072 113738 1
114882 114881 1
121465 121219 1
121465 121438 1
121465 121466 1
121466 121219 1
121466 121465 1
116389 116388 1
116389 118526 1
118526 116388 1
118526 116389 1
107071 107072 1
121438 121465 1
