125754 125755 2
125755 87213 1
125755 88478 1
125755 91483 1
125755 95913 2
125755 97051 1
125755 109908 1
125755 112722 1
125755 112723 2
125755 112724 1
125755 112725 2
125755 115369 2
125755 115841 2
125755 125754 2
87213 45897 1
87213 49820 1
87213 72841 1
87213 76197 1
87213 77787 1
87213 80254 1
87213 81145 1
87213 84021 1
87213 84291 1
87213 84298 1
87213 85670 1
87213 86418 1
87213 87820 1
87213 88478 1
87213 91483 1
87213 93210 1
87213 95722 1
87213 95913 1
87213 96985 1
87213 99684 1
87213 101114 1
87213 101282 1
87213 101639 1
87213 106299 1
87213 107679 1
87213 109908 1
87213 112722 1
87213 112723 1
87213 112724 1
87213 112725 1
87213 114127 1
87213 115369 1
87213 115841 1
87213 116007 1
87213 116011 1
87213 116477 1
87213 125755 1
88478 63119 1
88478 71645 1
88478 79925 1
88478 80245 1
88478 81984 1
88478 85661 1
88478 85662 1
88478 86419 1
88478 87213 1
88478 90528 1
88478 91483 1
88478 93517 1
88478 95913 1
88478 103654 1
88478 109908 1
88478 110495 1
88478 112722 1
88478 112723 1
88478 112724 1
88478 112725 1
88478 113913 1
88478 115369 1
88478 115841 1
88478 125697 1
88478 125755 1
91483 49356 1
91483 58363 1
91483 61897 1
91483 62871 1
91483 68202 1
91483 69312 1
91483 72410 1
91483 80520 1
91483 80536 1
91483 84420 1
91483 85661 1
91483 85662 1
91483 87075 1
91483 87213 1
91483 88478 1
91483 89301 1
91483 90542 1
91483 91058 1
91483 94355 1
91483 95313 1
91483 95913 1
91483 96309 1
91483 97412 1
91483 97414 1
91483 100840 1
91483 103979 1
91483 103980 1
91483 103981 1
91483 103982 2
91483 104378 1
91483 104852 1
91483 105011 1
91483 107525 1
91483 108871 1
91483 109908 1
91483 112394 1
91483 112722 1
91483 112723 1
91483 112724 1
91483 112725 1
91483 113510 1
91483 115369 1
91483 115841 1
91483 115988 1
91483 116140 1
91483 117907 1
91483 125755 1
95913 49358 1
95913 55766 1
95913 60048 1
95913 62046 1
95913 64116 1
95913 68575 1
95913 77775 1
95913 80259 1
95913 80519 1
95913 82174 1
95913 84138 1
95913 84288 1
95913 85043 1
95913 85679 2
95913 86372 1
95913 87213 1
95913 88478 1
95913 90080 1
95913 91483 1
95913 91658 1
95913 92703 1
95913 92754 1
95913 94221 1
95913 95666 1
95913 95911 1
95913 95914 1
95913 97051 1
95913 97373 1
95913 98513 1
95913 98914 1
95913 101114 1
95913 101384 1
95913 101488 1
95913 103670 1
95913 104484 1
95913 104831 1
95913 104832 1
95913 106121 1
95913 109018 1
95913 109604 1
95913 109733 1
95913 109735 1
95913 109736 1
95913 109737 1
95913 109738 1
95913 109833 1
95913 109908 3
95913 111115 1
95913 111989 1
95913 112460 1
95913 112722 1
95913 112723 3
95913 112724 2
95913 112725 3
95913 113184 1
95913 113296 1
95913 114126 1
95913 115369 4
95913 115840 1
95913 115841 3
95913 116008 1
95913 116045 1
95913 116306 1
95913 117029 1
95913 117907 1
95913 119295 1
95913 125755 2
95913 126249 1
97051 49358 1
97051 62046 1
97051 77775 1
97051 80526 1
97051 81447 1
97051 81897 1
97051 82778 1
97051 85193 1
97051 85334 1
97051 85679 1
97051 86416 1
97051 88008 1
97051 89292 1
97051 89885 1
97051 90080 1
97051 91658 1
97051 92754 1
97051 94221 1
97051 95583 3
97051 95913 1
97051 95914 1
97051 97272 1
97051 97418 1
97051 99683 1
97051 100171 1
97051 100177 1
97051 100188 1
97051 101121 1
97051 103790 1
97051 104323 1
97051 104324 1
97051 106029 1
97051 108757 1
97051 109018 1
97051 109604 1
97051 109832 1
97051 111236 1
97051 111307 1
97051 113296 1
97051 113913 1
97051 114007 1
97051 114008 1
97051 114009 1
97051 114965 1
97051 115000 1
97051 116008 1
97051 116045 1
97051 116306 1
97051 119271 1
97051 119525 1
97051 123173 1
97051 124600 1
97051 125755 1
109908 27989 1
109908 55757 1
109908 55767 1
109908 56433 1
109908 66817 1
109908 76447 1
109908 80243 1
109908 80259 1
109908 80528 1
109908 82132 1
109908 85679 2
109908 86372 1
109908 87213 1
109908 88295 1
109908 88478 1
109908 91483 1
109908 92703 1
109908 94450 1
109908 94994 1
109908 95666 1
109908 95911 1
109908 95913 3
109908 95914 1
109908 98513 1
109908 98720 1
109908 98914 1
109908 101055 1
109908 101114 1
109908 101120 1
109908 101585 2
109908 101601 1
109908 104322 1
109908 104832 1
109908 104868 1
109908 105937 1
109908 106318 1
109908 106325 1
109908 109733 1
109908 109735 1
109908 109736 2
109908 109737 1
109908 109738 1
109908 109833 1
109908 109901 1
109908 109902 1
109908 109903 1
109908 109904 1
109908 109905 1
109908 109906 1
109908 109907 2
109908 111115 1
109908 111237 1
109908 111305 1
109908 111306 1
109908 111441 1
109908 111989 1
109908 112440 1
109908 112458 1
109908 112460 1
109908 112722 1
109908 112723 1
109908 112724 1
109908 112725 1
109908 113296 1
109908 114126 1
109908 115369 4
109908 115841 1
109908 116008 1
109908 116306 1
109908 125755 1
109908 126249 1
112722 61254 1
112722 64116 1
112722 64689 1
112722 73540 1
112722 77775 1
112722 80245 1
112722 80246 1
112722 80526 1
112722 81980 2
112722 82778 1
112722 83502 1
112722 85673 1
112722 85674 1
112722 86369 1
112722 87209 1
112722 87213 1
112722 87218 2
112722 88478 1
112722 91483 1
112722 95446 1
112722 95911 1
112722 95912 1
112722 95913 1
112722 97545 1
112722 98477 1
112722 98787 1
112722 98795 1
112722 101112 1
112722 101583 1
112722 102807 1
112722 104318 1
112722 105809 1
112722 109908 1
112722 110495 1
112722 111595 1
112722 112723 1
112722 112724 1
112722 112725 1
112722 113740 1
112722 113912 1
112722 113913 1
112722 114005 1
112722 114050 1
112722 114126 1
112722 115369 1
112722 115834 1
112722 115841 1
112722 116008 1
112722 125755 1
112723 82176 1
112723 84138 1
112723 84288 1
112723 85043 1
112723 87209 1
112723 87213 1
112723 88478 1
112723 91483 1
112723 95913 3
112723 101488 1
112723 109908 1
112723 112722 1
112723 112724 3
112723 112725 3
112723 115369 3
112723 115840 1
112723 115841 3
112723 125755 2
112724 58996 1
112724 67960 1
112724 82176 1
112724 84138 1
112724 84288 1
112724 85043 1
112724 87209 1
112724 87213 1
112724 88478 1
112724 91483 1
112724 95913 2
112724 101488 1
112724 109908 1
112724 112722 1
112724 112723 3
112724 112725 2
112724 115369 2
112724 115840 1
112724 115841 2
112724 125755 1
112725 84138 1
112725 84288 1
112725 85043 1
112725 87213 1
112725 88478 1
112725 91483 1
112725 95913 3
112725 101488 1
112725 109908 1
112725 112722 1
112725 112723 3
112725 112724 2
112725 115369 3
112725 115840 1
112725 115841 3
112725 125755 2
115369 36664 1
115369 55767 1
115369 56433 1
115369 58297 1
115369 80528 1
115369 84138 1
115369 84288 1
115369 85043 2
115369 85302 1
115369 85303 1
115369 85304 1
115369 85305 1
115369 85306 1
115369 85307 1
115369 85673 1
115369 85679 1
115369 86372 1
115369 87213 1
115369 88478 1
115369 89714 1
115369 91483 1
115369 94450 1
115369 95444 1
115369 95913 4
115369 97414 1
115369 98202 1
115369 98720 1
115369 101125 1
115369 101488 1
115369 101585 1
115369 102807 1
115369 103670 1
115369 104868 1
115369 109616 1
115369 109735 1
115369 109736 2
115369 109737 1
115369 109738 1
115369 109901 1
115369 109902 1
115369 109903 1
115369 109904 1
115369 109905 1
115369 109906 1
115369 109907 1
115369 109908 4
115369 111990 1
115369 112458 1
115369 112722 1
115369 112723 3
115369 112724 2
115369 112725 3
115369 114126 1
115369 115368 1
115369 115370 1
115369 115840 1
115369 115841 3
115369 116088 1
115369 117031 1
115369 117907 1
115369 124697 1
115369 125755 2
115841 49348 1
115841 63148 1
115841 64116 1
115841 71076 1
115841 82176 1
115841 82241 1
115841 84138 1
115841 84288 1
115841 85043 1
115841 85660 1
115841 85663 1
115841 87213 1
115841 87227 1
115841 88478 1
115841 90008 1
115841 90009 1
115841 91483 1
115841 95913 3
115841 96638 1
115841 100188 1
115841 101488 1
115841 102823 1
115841 104319 1
115841 106122 1
115841 109908 1
115841 110376 1
115841 112722 1
115841 112723 3
115841 112724 2
115841 112725 3
115841 113734 1
115841 115369 3
115841 115840 1
115841 115850 1
115841 117029 1
115841 125755 2
45897 68575 1
45897 85663 1
45897 87213 1
45897 107679 1
45897 108757 1
45897 108775 1
45897 116011 1
45897 116358 1
49820 26540 1
49820 64689 1
49820 81145 1
49820 87213 1
49820 114005 1
72841 60054 1
72841 63119 1
72841 80254 1
72841 87213 1
72841 93210 1
72841 94180 1
72841 95722 1
72841 97412 1
72841 101114 1
72841 101282 1
72841 101876 1
72841 109671 1
72841 125514 1
76197 77787 1
76197 84291 2
76197 84298 1
76197 85670 1
76197 87213 1
76197 95273 1
76197 106299 2
77787 49358 1
77787 76197 1
77787 84291 1
77787 84298 1
77787 85670 1
77787 85673 1
77787 87213 1
77787 100840 1
77787 101583 1
77787 101585 1
77787 103980 1
77787 104868 1
77787 106299 1
77787 106318 1
77787 106815 1
77787 111595 1
77787 116140 1
77787 125466 1
77787 125697 1
80254 64116 1
80254 72841 1
80254 80259 1
80254 81980 1
80254 85303 1
80254 87213 1
80254 93210 1
80254 95722 1
80254 100547 1
80254 101114 2
80254 101282 2
80254 101639 1
80254 103670 1
80254 124697 1
81145 49820 1
81145 87213 1
81145 93210 1
81145 109413 1
84021 81928 1
84021 86418 1
84021 87213 1
84021 111577 1
84021 114127 1
84021 125112 1
84291 76197 2
84291 77787 1
84291 84298 1
84291 85670 1
84291 87213 1
84291 106299 2
84298 63119 1
84298 76197 1
84298 77787 1
84298 84291 1
84298 85670 1
84298 87213 1
84298 106299 1
85670 49348 1
85670 60048 1
85670 76197 1
85670 77787 1
85670 84291 1
85670 84298 1
85670 85661 1
85670 85662 1
85670 85674 1
85670 86418 1
85670 87213 1
85670 90528 1
85670 98202 1
85670 101876 1
85670 106299 1
85670 117190 1
85670 124697 1
86418 49348 1
86418 60048 1
86418 80536 1
86418 84021 1
86418 85670 1
86418 87213 1
86418 90080 1
86418 96985 1
86418 101488 1
86418 101639 1
86418 101876 1
86418 117190 1
87820 87213 1
87820 116477 1
93210 67960 1
93210 72841 1
93210 80254 1
93210 81145 1
93210 87213 1
93210 92754 1
93210 93211 1
93210 95722 1
93210 98795 1
93210 101114 1
93210 101282 1
93210 101876 1
93210 107679 1
93210 115834 1
93210 116008 1
93210 116140 1
93210 119271 1
95722 72841 1
95722 80254 1
95722 85674 1
95722 87213 1
95722 93210 1
95722 96985 1
95722 101114 1
95722 101282 1
95722 116045 1
96985 50305 1
96985 56069 1
96985 65051 1
96985 67960 1
96985 68578 1
96985 86418 1
96985 87075 1
96985 87209 1
96985 87213 1
96985 89292 1
96985 95722 1
96985 97545 1
96985 98477 1
96985 98795 1
96985 99966 1
96985 100171 1
96985 101639 2
96985 114009 1
96985 115370 1
96985 123999 1
99684 60048 1
99684 87213 1
99684 89292 1
99684 109901 1
101114 72841 1
101114 80254 2
101114 80259 1
101114 81980 1
101114 82132 1
101114 85679 1
101114 87213 1
101114 92703 1
101114 93210 1
101114 95666 1
101114 95722 1
101114 95911 1
101114 95913 1
101114 95914 1
101114 97412 1
101114 98513 1
101114 98914 1
101114 101055 1
101114 101282 2
101114 103670 1
101114 103672 1
101114 104832 1
101114 109733 1
101114 109833 1
101114 109908 1
101114 111115 1
101114 111307 1
101114 111989 1
101114 112460 1
101114 113296 1
101114 113913 2
101114 114005 1
101114 116008 1
101114 116087 1
101114 116306 1
101114 119525 1
101114 124697 1
101114 125179 1
101114 126249 1
101282 49358 1
101282 55767 1
101282 72841 1
101282 80254 2
101282 82241 1
101282 85305 1
101282 85663 1
101282 87213 1
101282 93210 1
101282 95722 1
101282 97272 1
101282 97373 1
101282 98787 1
101282 101114 2
101282 103979 1
101282 103980 1
101282 124697 1
101639 64116 1
101639 68575 1
101639 72083 1
101639 80254 1
101639 80259 1
101639 80519 1
101639 86418 1
101639 87209 1
101639 87213 1
101639 92754 1
101639 96985 2
101639 98720 1
101639 103670 1
101639 103982 1
101639 110239 1
101639 111234 1
101639 111306 1
106299 76197 2
106299 77230 1
106299 77787 1
106299 78567 1
106299 82627 1
106299 84291 2
106299 84298 1
106299 85670 1
106299 87213 1
106299 93913 1
106299 97058 1
106299 110148 1
107679 45897 1
107679 67960 1
107679 68575 1
107679 81447 1
107679 85663 1
107679 86372 1
107679 87213 1
107679 93210 1
107679 94217 1
107679 99965 1
107679 103982 1
107679 106006 1
107679 108757 1
114127 80259 2
114127 84021 1
114127 87213 1
114127 114126 1
114127 114128 1
114127 116011 1
114127 116477 1
114127 116478 1
114127 116479 1
114127 117148 1
114127 118675 1
114127 119271 1
116007 87213 1
116007 95914 1
116007 101488 1
116007 105057 1
116007 109904 1
116007 111236 1
116007 111989 1
116007 113510 1
116007 116008 1
116007 116011 1
116007 116306 1
116011 45897 1
116011 58996 1
116011 81897 1
116011 87213 1
116011 97545 1
116011 98903 1
116011 99963 1
116011 101055 1
116011 101488 1
116011 103670 1
116011 103790 2
116011 109737 1
116011 109903 1
116011 109904 1
116011 111989 1
116011 112460 1
116011 114005 1
116011 114127 1
116011 115370 1
116011 115834 1
116011 116007 1
116011 116088 1
116011 116140 1
116011 116430 1
116011 117425 1
116011 118571 1
116477 61254 1
116477 82174 1
116477 87213 1
116477 87820 1
116477 100188 1
116477 106121 1
116477 109025 1
116477 114127 1
116477 115370 1
116477 116478 1
116477 116479 1
63119 71645 1
63119 72841 1
63119 79925 1
63119 80245 1
63119 81984 1
63119 82778 1
63119 84138 1
63119 84298 1
63119 85661 1
63119 85662 1
63119 86419 1
63119 88478 1
63119 90528 1
63119 93517 1
63119 100840 1
63119 103654 1
63119 110495 1
63119 113913 1
63119 125697 1
71645 60322 1
71645 63119 1
71645 63629 1
71645 79925 1
71645 80245 1
71645 81984 1
71645 85661 1
71645 85662 1
71645 86419 1
71645 88478 1
71645 90528 1
71645 93517 1
71645 103654 1
71645 110495 1
71645 113913 1
71645 125697 1
79925 63119 1
79925 71645 1
79925 80245 1
79925 81984 1
79925 85661 1
79925 85662 1
79925 86419 1
79925 88478 1
79925 90528 1
79925 93517 1
79925 97412 1
79925 103654 1
79925 110495 1
79925 113913 1
79925 125697 1
80245 63119 1
80245 71645 1
80245 79925 1
80245 81984 1
80245 85661 1
80245 85662 1
80245 86419 1
80245 88478 1
80245 90528 1
80245 93517 1
80245 95911 1
80245 95912 1
80245 98787 1
80245 103654 1
80245 110495 1
80245 112722 1
80245 113913 1
80245 114126 1
80245 125697 1
81984 60872 1
81984 63119 1
81984 68575 1
81984 71645 1
81984 79925 1
81984 80245 1
81984 82132 1
81984 82174 1
81984 85452 1
81984 85456 1
81984 85661 1
81984 85662 1
81984 85674 1
81984 86419 1
81984 88478 1
81984 90528 1
81984 93517 1
81984 95444 1
81984 97373 1
81984 98513 1
81984 99683 1
81984 100188 1
81984 103654 1
81984 105809 1
81984 108451 1
81984 109018 1
81984 109907 1
81984 110495 1
81984 111577 1
81984 111989 1
81984 113913 1
81984 114005 1
81984 116306 1
81984 116358 1
81984 124324 1
81984 125389 1
81984 125697 1
85661 63119 1
85661 68202 1
85661 71645 1
85661 79925 1
85661 80245 1
85661 81984 1
85661 85662 10
85661 85663 3
85661 85670 1
85661 86419 1
85661 88478 1
85661 89301 1
85661 90528 1
85661 91483 1
85661 93517 1
85661 94355 1
85661 97414 1
85661 98202 1
85661 103654 1
85661 103980 1
85661 110495 1
85661 113913 1
85661 116088 1
85661 117907 1
85661 124697 1
85661 125697 1
85662 63119 1
85662 68202 1
85662 71645 1
85662 79925 1
85662 80245 1
85662 81984 1
85662 85661 10
85662 85663 3
85662 85670 1
85662 86419 1
85662 88478 1
85662 89301 1
85662 90528 1
85662 91483 1
85662 93517 1
85662 94355 1
85662 97414 1
85662 98202 1
85662 103654 1
85662 103980 1
85662 110495 1
85662 113913 1
85662 116088 1
85662 117907 1
85662 124697 1
85662 125697 1
86419 63119 1
86419 71645 1
86419 79925 1
86419 80245 1
86419 81984 1
86419 85661 1
86419 85662 1
86419 88478 1
86419 90528 1
86419 93517 1
86419 103654 1
86419 110495 1
86419 113913 1
86419 125697 1
90528 63119 1
90528 71645 1
90528 79925 1
90528 80245 1
90528 81984 1
90528 85334 1
90528 85661 1
90528 85662 1
90528 85670 1
90528 85674 1
90528 86419 1
90528 88478 1
90528 93517 1
90528 103654 1
90528 110495 1
90528 113913 1
90528 125697 1
93517 63119 1
93517 68202 1
93517 71645 1
93517 71835 1
93517 79925 1
93517 80245 1
93517 81984 1
93517 85181 1
93517 85661 1
93517 85662 1
93517 85788 1
93517 86419 1
93517 88478 1
93517 88729 1
93517 90336 1
93517 90528 1
93517 103654 1
93517 110495 1
93517 113794 1
93517 113913 1
93517 125697 1
103654 63119 1
103654 71645 1
103654 79925 1
103654 80245 1
103654 81984 1
103654 85661 1
103654 85662 1
103654 86419 1
103654 88478 1
103654 90528 1
103654 93517 1
103654 110495 1
103654 113913 1
103654 125697 1
110495 63119 1
110495 64116 1
110495 71645 1
110495 77775 1
110495 79925 1
110495 80245 1
110495 80246 1
110495 81984 1
110495 82778 1
110495 85661 1
110495 85662 1
110495 85673 1
110495 85674 1
110495 86369 1
110495 86419 1
110495 87209 1
110495 87218 1
110495 88478 1
110495 90528 1
110495 93517 1
110495 95446 1
110495 98795 2
110495 103654 1
110495 112722 1
110495 113913 1
110495 115834 1
110495 125697 1
113913 63119 1
113913 71645 1
113913 79925 1
113913 80245 1
113913 80526 1
113913 81980 1
113913 81984 1
113913 83502 1
113913 85661 1
113913 85662 1
113913 86419 1
113913 88478 1
113913 90528 1
113913 92703 1
113913 93517 1
113913 95583 1
113913 97051 1
113913 97272 1
113913 99344 1
113913 101114 2
113913 103654 1
113913 103670 1
113913 103672 1
113913 104868 1
113913 105809 1
113913 110239 1
113913 110495 1
113913 111595 1
113913 111989 1
113913 112722 1
113913 113740 1
113913 113912 1
113913 114050 1
113913 115000 1
113913 115098 1
113913 116306 1
113913 119404 1
113913 119405 1
113913 119525 2
113913 125697 1
125697 47261 1
125697 63119 1
125697 69021 1
125697 71645 1
125697 77466 1
125697 77787 1
125697 79925 1
125697 80245 1
125697 81984 1
125697 85189 1
125697 85661 1
125697 85662 1
125697 86376 1
125697 86419 1
125697 88478 1
125697 90528 1
125697 93517 1
125697 99641 1
125697 103654 1
125697 110495 1
125697 113913 1
125697 125131 1
49356 80520 1
49356 86436 1
49356 86437 1
49356 91483 1
49356 98795 1
49356 99641 1
49356 103982 1
49356 104324 1
49356 113510 1
58363 30810 1
58363 69312 1
58363 69469 1
58363 72410 1
58363 84420 1
58363 91483 1
58363 96309 1
58363 104852 1
58363 108871 1
58363 112394 1
61897 62871 1
61897 68575 1
61897 80246 1
61897 80520 1
61897 80536 1
61897 85660 1
61897 86372 2
61897 87075 1
61897 90542 1
61897 91058 1
61897 91483 1
61897 95313 1
61897 97412 1
61897 101121 1
61897 101583 1
61897 103670 1
61897 103979 1
61897 103980 1
61897 103981 1
61897 103982 1
61897 104378 1
61897 105011 1
61897 107525 1
61897 115988 1
61897 116140 1
62871 61897 1
62871 80518 1
62871 80536 1
62871 87075 1
62871 90542 1
62871 91058 1
62871 91483 1
62871 95313 1
62871 97412 1
62871 103979 1
62871 103980 1
62871 103981 1
62871 103982 1
62871 104378 1
62871 105011 1
62871 107525 2
62871 115988 1
62871 116140 1
68202 85661 1
68202 85662 1
68202 89301 1
68202 91483 1
68202 93517 1
68202 94355 1
68202 97414 1
68202 117907 1
68202 125966 1
69312 58363 1
69312 61696 1
69312 68034 1
69312 72410 1
69312 78291 1
69312 81234 1
69312 82132 1
69312 84420 1
69312 91483 1
69312 95354 1
69312 96309 1
69312 104852 1
69312 108871 1
69312 112394 1
72410 58363 1
72410 69312 1
72410 84420 1
72410 91483 1
72410 92688 1
72410 96309 1
72410 104852 1
72410 107754 1
72410 107755 1
72410 108871 1
72410 111328 1
72410 112394 1
72410 113211 1
72410 119196 1
72410 120729 1
72410 121733 1
80520 49356 1
80520 58996 1
80520 61897 1
80520 85674 2
80520 86372 1
80520 88008 1
80520 89292 1
80520 91483 1
80520 97412 1
80520 101055 1
80520 101585 2
80520 103670 1
80520 103982 1
80520 106121 1
80520 106318 2
80520 111305 1
80520 111306 2
80520 112458 1
80520 113510 1
80520 114005 1
80520 115000 1
80536 61897 1
80536 62871 1
80536 80248 1
80536 80528 1
80536 86418 1
80536 87075 1
80536 90542 1
80536 91058 1
80536 91483 1
80536 95313 1
80536 97412 1
80536 103979 1
80536 103980 1
80536 103981 1
80536 103982 1
80536 104378 1
80536 105011 1
80536 107525 1
80536 111235 1
80536 115988 1
80536 116140 1
84420 58363 1
84420 61832 1
84420 66382 1
84420 69312 1
84420 72410 1
84420 89703 1
84420 91483 1
84420 96309 1
84420 104852 1
84420 108871 1
84420 112394 1
87075 61897 1
87075 62871 1
87075 80536 1
87075 90542 1
87075 91058 1
87075 91483 1
87075 95313 1
87075 96985 1
87075 97412 1
87075 103979 1
87075 103980 1
87075 103981 1
87075 103982 1
87075 104378 1
87075 105011 1
87075 107525 1
87075 115988 1
87075 116140 1
89301 68202 1
89301 85661 1
89301 85662 1
89301 91483 1
89301 94355 1
89301 97414 1
89301 117907 1
90542 56137 1
90542 61897 1
90542 62534 1
90542 62871 1
90542 80536 1
90542 87075 1
90542 89292 1
90542 91058 1
90542 91483 1
90542 91658 1
90542 95313 1
90542 97412 1
90542 101585 1
90542 103979 1
90542 103980 1
90542 103981 1
90542 103982 1
90542 104378 1
90542 105011 1
90542 107525 1
90542 115988 1
90542 116140 1
91058 61897 1
91058 62871 1
91058 80536 1
91058 87075 1
91058 90542 1
91058 91483 1
91058 95313 1
91058 97412 1
91058 99683 1
91058 103979 1
91058 103980 1
91058 103981 1
91058 103982 1
91058 104378 1
91058 105011 1
91058 107525 1
91058 115988 1
91058 116140 1
94355 55757 1
94355 58996 1
94355 68202 1
94355 85661 1
94355 85662 1
94355 85663 1
94355 89301 1
94355 91483 1
94355 94203 1
94355 97414 1
94355 101207 1
94355 111055 1
94355 111989 1
94355 111990 1
94355 115000 1
94355 115891 1
94355 117131 1
94355 117907 1
95313 58422 1
95313 61897 1
95313 62871 1
95313 80536 1
95313 87075 1
95313 90542 1
95313 91058 1
95313 91483 1
95313 97412 1
95313 103979 1
95313 103980 1
95313 103981 1
95313 103982 1
95313 104378 1
95313 105011 1
95313 107525 1
95313 115988 1
95313 116140 1
96309 50347 1
96309 58363 1
96309 69312 1
96309 72410 1
96309 84420 1
96309 91483 1
96309 100322 1
96309 104852 1
96309 108871 1
96309 112394 1
97412 49358 1
97412 61254 1
97412 61897 1
97412 62871 1
97412 64689 1
97412 68325 1
97412 72841 1
97412 79925 1
97412 80520 1
97412 80536 1
97412 85674 1
97412 86364 1
97412 87075 1
97412 88663 1
97412 89714 1
97412 90542 1
97412 91058 1
97412 91483 1
97412 92703 1
97412 95313 1
97412 95666 1
97412 97373 1
97412 101114 1
97412 101583 1
97412 103979 1
97412 103980 1
97412 103981 1
97412 103982 1
97412 103983 1
97412 104324 1
97412 104378 1
97412 105011 1
97412 107525 1
97412 114005 1
97412 115988 1
97412 116140 1
97414 68202 1
97414 77470 1
97414 85660 1
97414 85661 1
97414 85662 1
97414 89301 1
97414 91483 1
97414 94355 1
97414 98806 1
97414 101125 1
97414 109616 1
97414 109904 1
97414 111990 1
97414 115368 1
97414 115369 1
97414 115370 1
97414 116088 1
97414 117031 1
97414 117907 1
100840 63119 1
100840 77787 1
100840 86372 1
100840 91483 1
100840 102823 1
100840 116045 1
103979 55767 1
103979 61897 1
103979 62871 1
103979 80536 1
103979 82241 1
103979 85663 1
103979 87075 1
103979 90542 1
103979 91058 1
103979 91483 1
103979 95313 1
103979 97272 1
103979 97373 1
103979 97412 1
103979 98787 1
103979 101282 1
103979 103980 1
103979 103981 1
103979 103982 1
103979 104378 1
103979 105011 1
103979 107525 1
103979 115988 1
103979 116140 1
103980 49358 2
103980 61897 1
103980 62871 1
103980 77787 1
103980 80536 1
103980 85305 1
103980 85661 1
103980 85662 1
103980 85663 1
103980 85673 1
103980 87075 1
103980 90542 1
103980 91058 1
103980 91483 1
103980 95313 1
103980 97412 1
103980 101282 1
103980 103979 1
103980 103981 1
103980 103982 1
103980 104378 1
103980 104868 1
103980 105011 1
103980 107525 1
103980 115988 1
103980 116140 1
103981 55659 1
103981 61897 1
103981 62871 1
103981 80536 1
103981 87075 1
103981 90542 1
103981 91058 1
103981 91483 1
103981 95313 1
103981 97412 1
103981 103979 1
103981 103980 1
103981 103982 1
103981 104103 1
103981 104378 1
103981 105011 1
103981 107525 1
103981 115988 1
103981 116140 1
103982 49356 1
103982 61897 1
103982 62871 1
103982 64116 1
103982 75450 1
103982 80262 1
103982 80520 1
103982 80526 1
103982 80536 1
103982 81447 1
103982 82176 1
103982 86432 1
103982 87075 1
103982 90542 1
103982 91058 1
103982 91483 2
103982 94217 1
103982 95313 1
103982 97412 1
103982 98720 1
103982 99965 1
103982 101585 1
103982 101639 1
103982 103670 1
103982 103790 1
103982 103979 1
103982 103980 1
103982 103981 1
103982 104378 1
103982 105011 1
103982 105937 2
103982 107525 1
103982 107679 1
103982 107840 1
103982 107841 1
103982 109901 1
103982 109903 1
103982 110239 1
103982 111990 1
103982 112440 1
103982 113510 1
103982 115988 1
103982 116140 1
104378 61897 1
104378 62871 1
104378 80536 1
104378 87075 1
104378 90542 1
104378 91058 1
104378 91483 1
104378 95313 1
104378 97412 1
104378 103979 1
104378 103980 1
104378 103981 1
104378 103982 1
104378 105011 1
104378 107525 1
104378 115988 1
104378 116140 1
104852 51785 1
104852 52746 1
104852 58363 1
104852 63569 1
104852 69295 1
104852 69312 1
104852 72410 1
104852 84420 1
104852 91483 1
104852 96309 1
104852 106444 1
104852 108871 1
104852 112394 1
104852 115858 1
104852 115859 1
104852 126549 1
105011 55757 1
105011 61897 1
105011 62871 1
105011 80536 1
105011 87075 1
105011 90542 1
105011 91058 1
105011 91483 1
105011 95313 1
105011 97412 1
105011 103790 1
105011 103979 1
105011 103980 1
105011 103981 1
105011 103982 1
105011 104378 1
105011 107525 1
105011 109737 1
105011 115988 1
105011 116140 1
105011 125569 1
107525 61897 1
107525 62871 2
107525 80518 1
107525 80536 1
107525 87075 1
107525 89885 1
107525 90542 1
107525 91058 1
107525 91483 1
107525 95313 1
107525 95582 1
107525 97412 1
107525 101601 2
107525 103979 1
107525 103980 1
107525 103981 1
107525 103982 1
107525 104378 1
107525 105011 1
107525 115988 1
107525 116140 3
108871 58363 1
108871 69312 1
108871 72410 1
108871 77033 1
108871 84420 1
108871 91483 1
108871 96309 1
108871 102563 1
108871 104852 1
108871 112394 1
108871 113243 1
112394 58363 1
112394 69312 1
112394 72410 1
112394 75919 1
112394 84420 1
112394 91483 1
112394 96205 1
112394 96309 1
112394 98300 1
112394 100712 1
112394 104852 1
112394 108871 1
112394 114103 1
112394 118204 1
112394 126350 1
113510 49356 1
113510 80520 1
113510 80526 1
113510 82174 1
113510 91483 1
113510 95914 1
113510 103982 1
113510 104868 1
113510 111236 1
113510 114008 1
113510 116007 1
113510 116008 1
113510 116306 1
115988 61897 1
115988 62871 1
115988 80536 1
115988 87075 1
115988 90542 1
115988 91058 1
115988 91483 1
115988 95313 1
115988 97412 1
115988 103979 1
115988 103980 1
115988 103981 1
115988 103982 1
115988 104378 1
115988 104831 1
115988 105011 1
115988 107525 1
115988 116140 1
116140 61897 1
116140 62871 1
116140 77787 1
116140 80536 1
116140 87075 1
116140 90542 1
116140 91058 1
116140 91483 1
116140 93210 1
116140 95313 1
116140 95911 2
116140 97412 1
116140 101601 1
116140 103979 1
116140 103980 1
116140 103981 1
116140 103982 1
116140 104378 1
116140 104832 1
116140 104868 1
116140 105011 1
116140 105809 1
116140 106318 1
116140 107525 3
116140 110376 1
116140 110988 2
116140 110989 1
116140 111115 1
116140 111306 1
116140 114008 1
116140 115988 1
116140 116008 1
116140 116011 1
116140 116306 1
116140 119271 1
116140 126249 1
116140 126420 1
117907 58297 1
117907 68202 1
117907 82778 1
117907 83497 1
117907 85302 1
117907 85303 1
117907 85304 1
117907 85305 1
117907 85306 1
117907 85307 1
117907 85661 1
117907 85662 1
117907 85673 1
117907 86432 1
117907 89301 1
117907 89714 1
117907 91483 1
117907 94355 1
117907 95444 1
117907 95913 1
117907 97365 1
117907 97414 1
117907 98202 1
117907 103670 2
117907 109402 1
117907 109737 1
117907 114126 1
117907 114965 1
117907 115369 1
117907 117029 1
117907 121371 1
117907 124697 1
49358 58996 1
49358 62046 1
49358 64689 1
49358 77775 1
49358 77787 1
49358 83502 1
49358 85305 1
49358 85673 1
49358 90080 1
49358 91658 1
49358 92703 1
49358 92754 1
49358 94221 1
49358 94450 1
49358 95913 1
49358 97051 1
49358 97412 1
49358 101112 1
49358 101282 1
49358 101583 1
49358 101600 1
49358 103980 2
49358 104868 1
49358 109018 1
49358 109604 1
49358 109737 1
49358 116045 1
55766 64116 1
55766 67960 1
55766 83497 1
55766 95577 1
55766 95913 1
55766 97373 1
55766 101112 1
55766 103670 1
55766 113184 1
55766 116029 1
55766 119295 1
60048 49348 1
60048 59509 1
60048 63118 1
60048 68575 1
60048 80526 1
60048 81447 1
60048 82174 1
60048 85663 1
60048 85670 1
60048 86418 1
60048 95913 1
60048 98720 1
60048 98795 1
60048 99684 1
60048 101055 1
60048 101488 1
60048 101876 1
60048 104484 1
60048 104831 1
60048 106121 1
60048 109833 1
60048 111577 1
60048 115000 1
60048 116306 1
60048 117190 1
60048 127203 1
62046 49345 1
62046 49358 1
62046 77775 1
62046 85660 1
62046 86369 1
62046 90080 1
62046 91658 1
62046 92703 1
62046 92754 1
62046 94221 1
62046 95913 1
62046 97051 1
62046 109018 1
62046 109604 1
62046 111305 1
62046 116045 1
64116 55766 1
64116 61254 1
64116 71296 1
64116 75692 1
64116 76923 1
64116 77775 1
64116 80246 1
64116 80254 1
64116 80259 2
64116 82132 1
64116 82176 1
64116 82241 1
64116 82778 1
64116 85660 2
64116 85663 1
64116 85673 1
64116 85674 1
64116 86369 1
64116 87209 1
64116 87218 1
64116 87227 1
64116 95446 1
64116 95913 1
64116 96638 1
64116 97373 1
64116 98720 1
64116 98795 1
64116 101639 1
64116 103670 1
64116 103982 1
64116 104319 1
64116 108751 1
64116 110495 1
64116 112722 1
64116 113184 1
64116 115834 1
64116 115841 1
64116 117029 1
64116 119295 1
68575 45897 1
68575 49345 1
68575 60048 1
68575 61897 1
68575 81984 1
68575 82174 1
68575 84800 1
68575 85660 1
68575 85663 1
68575 89885 1
68575 95444 1
68575 95913 1
68575 101112 1
68575 101583 1
68575 101639 1
68575 104484 1
68575 104485 1
68575 104831 1
68575 105177 1
68575 106121 1
68575 106515 1
68575 107679 1
68575 108757 2
68575 116045 1
68575 119525 1
77775 49358 1
77775 62046 1
77775 64116 1
77775 80246 1
77775 80518 1
77775 82778 1
77775 85663 1
77775 85673 1
77775 85674 1
77775 85679 1
77775 86369 1
77775 87209 1
77775 87218 1
77775 90080 1
77775 91658 1
77775 92754 1
77775 94221 1
77775 95446 1
77775 95913 1
77775 97051 1
77775 98795 1
77775 101583 1
77775 109018 1
77775 109604 1
77775 110495 1
77775 112722 1
77775 115834 1
77775 116045 1
80259 64116 2
80259 80254 1
80259 85673 1
80259 85679 1
80259 87218 1
80259 92703 1
80259 95666 1
80259 95911 1
80259 95913 1
80259 95914 1
80259 98513 1
80259 98914 1
80259 101114 1
80259 101639 1
80259 104832 1
80259 109733 1
80259 109833 1
80259 109908 1
80259 111115 1
80259 111989 1
80259 112460 1
80259 113296 1
80259 114127 2
80259 116008 1
80259 116306 1
80259 126249 1
80519 89714 1
80519 95913 1
80519 101639 1
82174 60048 1
82174 61254 1
82174 68575 1
82174 80526 1
82174 81984 1
82174 95452 1
82174 95913 1
82174 104484 1
82174 104831 1
82174 104868 1
82174 106121 1
82174 109907 1
82174 113510 1
82174 114005 1
82174 114008 1
82174 116477 1
84138 63119 1
84138 82778 1
84138 84288 1
84138 85043 1
84138 95913 1
84138 101488 1
84138 112723 1
84138 112724 1
84138 112725 1
84138 115369 1
84138 115840 1
84138 115841 1
84288 84138 1
84288 85043 1
84288 95913 1
84288 101488 1
84288 109735 1
84288 112723 1
84288 112724 1
84288 112725 1
84288 115369 1
84288 115840 1
84288 115841 1
85043 36664 1
85043 84138 1
85043 84288 1
85043 95913 1
85043 101488 1
85043 101600 1
85043 101601 1
85043 102807 1
85043 103670 1
85043 112723 1
85043 112724 1
85043 112725 1
85043 115369 2
85043 115840 1
85043 115841 1
85679 77775 1
85679 80259 1
85679 80518 1
85679 85663 1
85679 86372 1
85679 92703 1
85679 95666 1
85679 95911 1
85679 95913 2
85679 95914 1
85679 97051 1
85679 98513 1
85679 98914 1
85679 101114 1
85679 101583 1
85679 103790 1
85679 104832 1
85679 109733 1
85679 109735 1
85679 109736 1
85679 109737 1
85679 109738 1
85679 109833 1
85679 109908 2
85679 111115 1
85679 111307 1
85679 111989 1
85679 112460 1
85679 113296 1
85679 114007 1
85679 114008 1
85679 114009 1
85679 115369 1
85679 116008 1
85679 116306 1
85679 116307 1
85679 126249 1
86372 61897 2
86372 80520 1
86372 85679 1
86372 95913 1
86372 98795 2
86372 99683 1
86372 100840 1
86372 101488 1
86372 103670 1
86372 107679 1
86372 109733 1
86372 109735 1
86372 109736 1
86372 109737 1
86372 109738 2
86372 109833 1
86372 109908 1
86372 115369 1
86372 116045 1
90080 49358 1
90080 62046 1
90080 77775 1
90080 86418 1
90080 91658 1
90080 92754 1
90080 94221 1
90080 94994 1
90080 95913 1
90080 97051 1
90080 109018 1
90080 109604 1
90080 116045 1
91658 49358 1
91658 62046 1
91658 77775 1
91658 90080 1
91658 90542 1
91658 92754 1
91658 94221 1
91658 95913 1
91658 97051 1
91658 101488 1
91658 109018 1
91658 109604 1
91658 116045 1
92703 49358 1
92703 62046 1
92703 64689 1
92703 80259 1
92703 80526 1
92703 82132 1
92703 85198 1
92703 85679 1
92703 94221 1
92703 95666 1
92703 95911 1
92703 95913 1
92703 95914 1
92703 97412 1
92703 98513 2
92703 98914 1
92703 101055 1
92703 101114 1
92703 101583 1
92703 104832 1
92703 109733 2
92703 109833 1
92703 109908 1
92703 110239 1
92703 111115 1
92703 111305 1
92703 111306 1
92703 111989 1
92703 112458 1
92703 112460 1
92703 113296 2
92703 113913 1
92703 115370 1
92703 115850 1
92703 116008 1
92703 116088 2
92703 116306 2
92703 126249 1
92754 49358 1
92754 58297 1
92754 62046 1
92754 74900 1
92754 77775 1
92754 90080 1
92754 91658 1
92754 93210 1
92754 94221 1
92754 95913 1
92754 97051 1
92754 98795 1
92754 101639 1
92754 101876 1
92754 103670 1
92754 109018 1
92754 109604 1
92754 109830 1
92754 116008 1
92754 116045 1
94221 49358 1
94221 62046 1
94221 73012 1
94221 77775 1
94221 90080 1
94221 91658 1
94221 92703 1
94221 92754 1
94221 95913 1
94221 97051 1
94221 98513 1
94221 109018 1
94221 109604 1
94221 111989 1
94221 115000 1
94221 116045 1
94221 116306 1
95666 68325 1
95666 80259 1
95666 85679 1
95666 86364 1
95666 88663 1
95666 92703 1
95666 95911 1
95666 95913 1
95666 95914 1
95666 97412 1
95666 98513 1
95666 98914 1
95666 101114 1
95666 103983 1
95666 104832 1
95666 109733 1
95666 109833 1
95666 109908 1
95666 111115 1
95666 111989 1
95666 112460 1
95666 113296 1
95666 114444 1
95666 116008 1
95666 116306 1
95666 117047 1
95666 126249 1
95911 80245 1
95911 80259 1
95911 85679 1
95911 92703 1
95911 95666 1
95911 95912 1
95911 95913 1
95911 95914 1
95911 98513 1
95911 98787 1
95911 98914 1
95911 101114 1
95911 104832 2
95911 104868 1
95911 109733 1
95911 109833 1
95911 109908 1
95911 110988 2
95911 110989 1
95911 111115 2
95911 111989 1
95911 112460 1
95911 112722 1
95911 113296 1
95911 114008 1
95911 114126 1
95911 116008 4
95911 116140 2
95911 116306 3
95911 126249 2
95914 60042 1
95914 80259 1
95914 82778 1
95914 85679 1
95914 86416 1
95914 92703 1
95914 94179 1
95914 95583 1
95914 95666 1
95914 95911 1
95914 95913 1
95914 97051 1
95914 98513 1
95914 98914 1
95914 101055 1
95914 101114 1
95914 104832 1
95914 109025 1
95914 109733 1
95914 109833 1
95914 109901 1
95914 109908 1
95914 111115 1
95914 111236 2
95914 111305 1
95914 111306 1
95914 111989 1
95914 112460 1
95914 113296 3
95914 113510 1
95914 114126 1
95914 114965 1
95914 116007 1
95914 116008 3
95914 116306 3
95914 119271 1
95914 126249 1
97373 55766 1
97373 55767 1
97373 64116 1
97373 81984 1
97373 82241 1
97373 85663 1
97373 87209 1
97373 89714 2
97373 95913 1
97373 97272 1
97373 97412 1
97373 98787 1
97373 101282 1
97373 101583 1
97373 103670 3
97373 103979 1
97373 111577 2
97373 113184 1
97373 119295 1
97373 124324 1
97373 124697 1
97373 125569 1
98513 80259 1
98513 81984 1
98513 85679 1
98513 92703 2
98513 94221 1
98513 95666 1
98513 95911 1
98513 95913 1
98513 95914 1
98513 98914 1
98513 101114 1
98513 104832 1
98513 109018 1
98513 109733 1
98513 109738 1
98513 109833 1
98513 109908 1
98513 110989 1
98513 111115 1
98513 111989 1
98513 112460 1
98513 113296 1
98513 116008 1
98513 116306 3
98513 126249 1
98914 79810 1
98914 80259 1
98914 85679 1
98914 92703 1
98914 95666 1
98914 95911 1
98914 95913 1
98914 95914 1
98914 98513 1
98914 101114 1
98914 104832 1
98914 109733 1
98914 109833 1
98914 109908 1
98914 111115 1
98914 111989 1
98914 112460 1
98914 113296 1
98914 116008 1
98914 116306 1
98914 126249 1
101384 44785 1
101384 95913 1
101384 100171 1
101488 60048 1
101488 64342 1
101488 84138 1
101488 84288 1
101488 85043 1
101488 86372 1
101488 86418 1
101488 86422 1
101488 91658 1
101488 95913 1
101488 103670 1
101488 109402 1
101488 109904 1
101488 112723 1
101488 112724 1
101488 112725 1
101488 115000 1
101488 115369 1
101488 115840 1
101488 115841 1
101488 116007 1
101488 116011 1
101488 118633 1
103670 55766 1
103670 55767 1
103670 58297 1
103670 61897 1
103670 64116 1
103670 64342 1
103670 80254 1
103670 80520 1
103670 81980 1
103670 83497 1
103670 85043 1
103670 85302 1
103670 85303 1
103670 85304 1
103670 85305 1
103670 85306 1
103670 85307 1
103670 85673 1
103670 85674 1
103670 86372 1
103670 86432 1
103670 87218 1
103670 89714 1
103670 92754 1
103670 94217 1
103670 95444 1
103670 95913 1
103670 97365 1
103670 97373 3
103670 98202 1
103670 98795 1
103670 101114 1
103670 101488 1
103670 101583 1
103670 101600 1
103670 101601 1
103670 101639 1
103670 101876 1
103670 103672 2
103670 103790 1
103670 103982 1
103670 104322 1
103670 109402 2
103670 109737 1
103670 109832 1
103670 109901 1
103670 109903 1
103670 113184 1
103670 113913 1
103670 115369 1
103670 116011 1
103670 117907 2
103670 119295 1
103670 121371 1
103670 123173 1
103670 124697 1
104484 60048 1
104484 68575 1
104484 81447 1
104484 82174 1
104484 86369 1
104484 95913 1
104484 104831 1
104484 106121 1
104831 60048 1
104831 68575 1
104831 82132 1
104831 82174 1
104831 89885 1
104831 94994 1
104831 95913 1
104831 99683 1
104831 99963 1
104831 101055 1
104831 101585 1
104831 102807 1
104831 104318 1
104831 104319 1
104831 104484 1
104831 106121 1
104831 107841 1
104831 109901 1
104831 111989 1
104831 111990 1
104831 112458 1
104831 114008 1
104831 115000 1
104831 115988 1
104831 126592 1
104832 55757 1
104832 80259 1
104832 82176 1
104832 85679 1
104832 92703 1
104832 95666 1
104832 95911 2
104832 95913 1
104832 95914 1
104832 98513 1
104832 98914 1
104832 101114 1
104832 109733 1
104832 109737 1
104832 109833 1
104832 109908 1
104832 110988 1
104832 110989 1
104832 111115 2
104832 111236 1
104832 111307 1
104832 111989 2
104832 112460 1
104832 113296 1
104832 113740 1
104832 114008 1
104832 114128 1
104832 115000 1
104832 116008 2
104832 116140 1
104832 116306 2
104832 126249 2
106121 27989 1
106121 60048 1
106121 68575 1
106121 77465 1
106121 80520 1
106121 81897 1
106121 82174 1
106121 95913 1
106121 97551 1
106121 104484 1
106121 104831 1
106121 106122 1
106121 111989 1
106121 113866 1
106121 116477 1
106121 117645 1
109018 49358 1
109018 60872 1
109018 62046 1
109018 77775 1
109018 81984 1
109018 90080 1
109018 91658 1
109018 92754 1
109018 94221 1
109018 95913 1
109018 97051 1
109018 98513 1
109018 99683 1
109018 100188 1
109018 104324 1
109018 109604 1
109018 109738 1
109018 116045 1
109604 49358 1
109604 62046 1
109604 77775 1
109604 87218 1
109604 90080 1
109604 91658 1
109604 92754 1
109604 94221 1
109604 95913 1
109604 97051 1
109604 109018 1
109604 116045 1
109733 80259 1
109733 80526 1
109733 85679 1
109733 86372 1
109733 92703 2
109733 95666 1
109733 95911 1
109733 95913 1
109733 95914 1
109733 98513 1
109733 98914 1
109733 101114 1
109733 104832 1
109733 109833 1
109733 109908 1
109733 111115 1
109733 111989 1
109733 112460 1
109733 113296 2
109733 116008 1
109733 116306 1
109733 126249 1
109735 68513 1
109735 84288 1
109735 85673 1
109735 85679 1
109735 86372 1
109735 86416 1
109735 91045 2
109735 95913 1
109735 109736 1
109735 109737 1
109735 109738 1
109735 109908 1
109735 113734 1
109735 114008 1
109735 115369 1
109736 80528 1
109736 85679 1
109736 86372 1
109736 94450 1
109736 95913 1
109736 98720 1
109736 101585 1
109736 104868 1
109736 109735 1
109736 109737 1
109736 109738 1
109736 109901 1
109736 109902 1
109736 109903 1
109736 109904 1
109736 109905 1
109736 109906 1
109736 109907 1
109736 109908 2
109736 115369 2
109737 49358 1
109737 55757 1
109737 83497 1
109737 83502 1
109737 85679 1
109737 86372 1
109737 86432 1
109737 94450 1
109737 95913 1
109737 97365 1
109737 103670 1
109737 103790 2
109737 104832 1
109737 105011 1
109737 109402 1
109737 109735 1
109737 109736 1
109737 109738 1
109737 109908 1
109737 114008 1
109737 115369 1
109737 115370 1
109737 116011 1
109737 116045 1
109737 117907 1
109737 121371 1
109737 123173 1
109737 125569 1
109738 85679 1
109738 85943 1
109738 86372 2
109738 95913 1
109738 98513 1
109738 99683 1
109738 109018 1
109738 109735 1
109738 109736 1
109738 109737 1
109738 109833 1
109738 109908 1
109738 113740 1
109738 115369 1
109738 119456 1
109833 60048 1
109833 80259 1
109833 83564 1
109833 85679 1
109833 86372 1
109833 92703 1
109833 95666 1
109833 95911 1
109833 95913 1
109833 95914 1
109833 98513 1
109833 98795 1
109833 98914 1
109833 101055 1
109833 101114 1
109833 104832 1
109833 104981 1
109833 109733 1
109833 109738 1
109833 109908 1
109833 111115 1
109833 111989 1
109833 112460 1
109833 113296 1
109833 116008 1
109833 116306 1
109833 126249 1
111115 80259 1
111115 85679 1
111115 92703 1
111115 95666 1
111115 95911 2
111115 95913 1
111115 95914 1
111115 98513 1
111115 98914 1
111115 101114 1
111115 104832 2
111115 109733 1
111115 109833 1
111115 109908 1
111115 110988 1
111115 110989 1
111115 111989 1
111115 112460 1
111115 113296 1
111115 114008 1
111115 116008 2
111115 116140 1
111115 116306 2
111115 126249 2
111989 27989 1
111989 55757 5
111989 58996 3
111989 80259 1
111989 81897 1
111989 81984 1
111989 82132 2
111989 85679 1
111989 92703 1
111989 94221 1
111989 94355 1
111989 95666 1
111989 95911 1
111989 95913 1
111989 95914 1
111989 97272 1
111989 97551 1
111989 98513 1
111989 98914 1
111989 101114 1
111989 101601 1
111989 104831 1
111989 104832 2
111989 105057 1
111989 106121 1
111989 109733 1
111989 109833 1
111989 109908 1
111989 111115 1
111989 111307 2
111989 111990 2
111989 112460 1
111989 113296 1
111989 113740 1
111989 113913 1
111989 115000 14
111989 116007 1
111989 116008 2
111989 116011 1
111989 116088 1
111989 116306 2
111989 126249 1
111989 126663 1
112460 80259 1
112460 81897 1
112460 85674 1
112460 85679 1
112460 92703 1
112460 95666 1
112460 95911 1
112460 95913 1
112460 95914 1
112460 98513 1
112460 98914 1
112460 101114 1
112460 101601 1
112460 104832 1
112460 106122 1
112460 109733 1
112460 109833 1
112460 109908 1
112460 111115 1
112460 111989 1
112460 112458 1
112460 113296 1
112460 116008 2
112460 116011 1
112460 116306 1
112460 126249 1
113184 55766 1
113184 64116 1
113184 95913 1
113184 97373 1
113184 103670 1
113184 111990 1
113184 119295 1
113296 80259 1
113296 80526 1
113296 82778 1
113296 85679 1
113296 86416 1
113296 92703 2
113296 95583 1
113296 95666 1
113296 95911 1
113296 95913 1
113296 95914 3
113296 97051 1
113296 98513 1
113296 98914 1
113296 100188 1
113296 101114 1
113296 104832 1
113296 109733 2
113296 109833 1
113296 109908 1
113296 111115 1
113296 111236 1
113296 111989 1
113296 112460 1
113296 113294 1
113296 113295 1
113296 114126 1
113296 114965 1
113296 116008 2
113296 116306 2
113296 126249 1
114126 55767 1
114126 56433 1
114126 80245 1
114126 94179 1
114126 95911 1
114126 95912 1
114126 95913 1
114126 95914 1
114126 98787 1
114126 100188 1
114126 101055 1
114126 103790 1
114126 109901 1
114126 109908 1
114126 111305 1
114126 111306 1
114126 112458 1
114126 112722 1
114126 113296 1
114126 114127 1
114126 114128 1
114126 115369 1
114126 116306 1
114126 117029 1
114126 117907 1
114126 119271 1
115840 81980 1
115840 84138 1
115840 84288 1
115840 85043 1
115840 87227 1
115840 95913 1
115840 101488 1
115840 112723 1
115840 112724 1
115840 112725 1
115840 115369 1
115840 115841 1
116008 55757 1
116008 58996 1
116008 80259 1
116008 82778 1
116008 85673 1
116008 85674 1
116008 85679 1
116008 86416 1
116008 92703 1
116008 92754 1
116008 93210 1
116008 93211 1
116008 95583 1
116008 95666 1
116008 95911 4
116008 95913 1
116008 95914 3
116008 97051 1
116008 97365 1
116008 98513 1
116008 98795 1
116008 98914 1
116008 101114 1
116008 101601 2
116008 104832 2
116008 106122 1
116008 109402 1
116008 109733 1
116008 109833 1
116008 109908 1
116008 110988 1
116008 110989 1
116008 111115 2
116008 111236 2
116008 111305 1
116008 111307 1
116008 111989 2
116008 112458 1
116008 112460 2
116008 112722 1
116008 113296 2
116008 113510 1
116008 114008 1
116008 114965 1
116008 115000 1
116008 116007 1
116008 116088 2
116008 116140 1
116008 116306 7
116008 126249 2
116045 49358 1
116045 62046 1
116045 68575 1
116045 77775 1
116045 86372 1
116045 90080 1
116045 91658 1
116045 92754 1
116045 94221 1
116045 95722 1
116045 95913 1
116045 97051 1
116045 100840 1
116045 103790 1
116045 104868 1
116045 109018 1
116045 109604 1
116045 109737 1
116306 55757 1
116306 56069 1
116306 59509 1
116306 60042 1
116306 60048 1
116306 79926 1
116306 80259 1
116306 81984 1
116306 85673 1
116306 85679 1
116306 89292 1
116306 92703 2
116306 94180 1
116306 94221 1
116306 95666 1
116306 95911 3
116306 95913 1
116306 95914 3
116306 97051 1
116306 97365 1
116306 98513 3
116306 98795 1
116306 98914 1
116306 100188 1
116306 101114 1
116306 101601 1
116306 104832 2
116306 106029 1
116306 109025 1
116306 109402 1
116306 109733 1
116306 109833 1
116306 109908 1
116306 110988 1
116306 110989 1
116306 111115 2
116306 111236 1
116306 111305 1
116306 111307 1
116306 111989 2
116306 111990 1
116306 112460 1
116306 113296 2
116306 113510 1
116306 113740 1
116306 113913 1
116306 114008 1
116306 114126 1
116306 115000 2
116306 115370 1
116306 115650 1
116306 116007 1
116306 116008 7
116306 116088 1
116306 116140 1
116306 119271 2
116306 126249 3
117029 64116 1
117029 82176 1
117029 82241 1
117029 85660 1
117029 85663 1
117029 87227 1
117029 95583 1
117029 95913 1
117029 96638 1
117029 104319 1
117029 114126 1
117029 115841 1
117029 117031 1
117029 117907 1
119295 55766 1
119295 64116 1
119295 95913 1
119295 97373 1
119295 103670 1
119295 113184 1
126249 80259 1
126249 85679 1
126249 92703 1
126249 95666 1
126249 95911 2
126249 95913 1
126249 95914 1
126249 98513 1
126249 98914 1
126249 101114 1
126249 104832 2
126249 109733 1
126249 109833 1
126249 109908 1
126249 110988 1
126249 110989 1
126249 111115 2
126249 111989 1
126249 112460 1
126249 113296 1
126249 114008 1
126249 115650 1
126249 116008 2
126249 116140 1
126249 116306 3
80526 60048 1
80526 75446 1
80526 81447 1
80526 81980 1
80526 82174 1
80526 83502 1
80526 85193 1
80526 89885 1
80526 91635 1
80526 92703 1
80526 95583 1
80526 95692 1
80526 97051 1
80526 98720 1
80526 101585 1
80526 103982 1
80526 104868 1
80526 105809 1
80526 109733 1
80526 109904 1
80526 111595 1
80526 112722 1
80526 113296 1
80526 113510 1
80526 113740 1
80526 113912 1
80526 113913 1
80526 114008 1
80526 114050 1
80526 117031 1
80526 117637 1
80526 121259 1
81447 36664 1
81447 55655 1
81447 58996 1
81447 60048 1
81447 67960 1
81447 80526 1
81447 85193 1
81447 85663 2
81447 89885 1
81447 94217 1
81447 95582 1
81447 95583 1
81447 97051 1
81447 99965 1
81447 101112 1
81447 103982 1
81447 104322 1
81447 104484 1
81447 107679 1
81447 109616 1
81447 110600 1
81447 111305 1
81447 116088 1
81897 27989 1
81897 97051 1
81897 97551 1
81897 106121 1
81897 111989 1
81897 112460 1
81897 116011 1
81897 123173 1
82778 37153 1
82778 63119 1
82778 64116 1
82778 77775 1
82778 80246 1
82778 84138 1
82778 85673 1
82778 85674 1
82778 86369 1
82778 86416 1
82778 87209 1
82778 87218 1
82778 95446 1
82778 95583 1
82778 95914 1
82778 97051 1
82778 98795 1
82778 110495 1
82778 111236 1
82778 112722 1
82778 113296 1
82778 114965 1
82778 115834 1
82778 116008 1
82778 117907 1
85193 55767 1
85193 80526 1
85193 81447 1
85193 89885 1
85193 95583 1
85193 97051 1
85334 88008 1
85334 90528 1
85334 97051 1
85334 99683 1
85334 100188 1
85334 101121 1
85334 104323 1
85334 104324 1
86416 82778 1
86416 95583 1
86416 95914 1
86416 97051 1
86416 109735 1
86416 111236 1
86416 113296 1
86416 114965 1
86416 116008 1
88008 74033 1
88008 80520 1
88008 85334 1
88008 97051 1
88008 98795 1
88008 99683 1
88008 100188 1
88008 101121 1
88008 104323 1
88008 104324 1
89292 50305 1
89292 80520 1
89292 83497 1
89292 85663 1
89292 90542 1
89292 96985 1
89292 97051 1
89292 97545 1
89292 99684 1
89292 100171 1
89292 106029 1
89292 111306 1
89292 114005 1
89292 115000 1
89292 116306 1
89292 119271 1
89885 68575 1
89885 80526 1
89885 81447 1
89885 85193 1
89885 95583 1
89885 97051 1
89885 101121 1
89885 101585 1
89885 104831 1
89885 107525 1
89885 111836 1
89885 114008 1
95583 47810 1
95583 80526 1
95583 81447 1
95583 82778 1
95583 85193 1
95583 86416 1
95583 89885 1
95583 95914 1
95583 97051 3
95583 97272 1
95583 104960 1
95583 110053 1
95583 111236 2
95583 113296 1
95583 113913 1
95583 114965 1
95583 116008 1
95583 117029 1
95583 117031 1
95583 119525 1
97272 55767 1
97272 82241 1
97272 85663 1
97272 95583 1
97272 97051 1
97272 97373 1
97272 98787 1
97272 101282 1
97272 103979 1
97272 111989 1
97272 113913 1
97272 119525 1
97418 97051 1
97418 100177 1
97418 108757 1
97418 109832 1
97418 110988 1
97418 124600 1
97418 124998 1
99683 60872 1
99683 81984 1
99683 85334 1
99683 86372 1
99683 88008 1
99683 91058 1
99683 91230 1
99683 97051 1
99683 100188 2
99683 101112 1
99683 101121 1
99683 101876 1
99683 104318 1
99683 104319 1
99683 104321 1
99683 104322 1
99683 104323 1
99683 104324 1
99683 104831 1
99683 109018 1
99683 109738 1
99683 109901 1
99683 112458 1
100171 31656 1
100171 85663 1
100171 89292 1
100171 95444 1
100171 96638 1
100171 96985 1
100171 97051 1
100171 98795 1
100171 101384 1
100171 116358 1
100177 71076 1
100177 97051 1
100177 97418 1
100177 108757 1
100177 109832 1
100177 124600 1
100188 49348 1
100188 60872 1
100188 63148 1
100188 64689 1
100188 70538 1
100188 71076 1
100188 81984 1
100188 85334 1
100188 88008 1
100188 90008 1
100188 90009 1
100188 97051 1
100188 99683 2
100188 99963 1
100188 101121 1
100188 102823 1
100188 104323 1
100188 104324 1
100188 106122 1
100188 109018 1
100188 110376 1
100188 113296 1
100188 113734 1
100188 114126 1
100188 115841 1
100188 115850 1
100188 116306 1
100188 116477 1
100188 117781 1
101121 61897 1
101121 85334 1
101121 88008 1
101121 89885 1
101121 97051 1
101121 99683 1
101121 100188 1
101121 104323 1
101121 104324 1
103790 55757 1
103790 85679 1
103790 97051 1
103790 103670 1
103790 103982 1
103790 105011 1
103790 109737 2
103790 109901 1
103790 109903 1
103790 111307 1
103790 114007 1
103790 114008 1
103790 114009 1
103790 114126 1
103790 116011 2
103790 116045 1
103790 119689 1
103790 125569 1
103790 126075 1
104323 85334 1
104323 88008 1
104323 97051 1
104323 99683 1
104323 100188 1
104323 101121 1
104323 104324 1
104323 112493 1
104324 49356 1
104324 82132 1
104324 85334 1
104324 88008 1
104324 97051 1
104324 97412 1
104324 99683 1
104324 100188 1
104324 101121 1
104324 104323 1
104324 109018 1
104324 111306 1
104324 115566 1
106029 87321 1
106029 89292 1
106029 97051 1
106029 115000 1
106029 116306 1
106029 119271 1
108757 45897 1
108757 68575 2
108757 85663 1
108757 97051 1
108757 97418 1
108757 100177 1
108757 104868 1
108757 107679 1
108757 109832 1
108757 124600 1
109832 37153 1
109832 60042 1
109832 88663 1
109832 91294 1
109832 97051 1
109832 97418 1
109832 100177 1
109832 103670 1
109832 104322 1
109832 105177 1
109832 105178 1
109832 106515 1
109832 108757 1
109832 112281 1
109832 112819 1
109832 113734 1
109832 124600 1
111236 82778 1
111236 86416 1
111236 95583 2
111236 95914 2
111236 97051 1
111236 104832 1
111236 104960 1
111236 113296 1
111236 113510 1
111236 114965 1
111236 116007 1
111236 116008 2
111236 116306 1
111307 55757 1
111307 81980 1
111307 85679 1
111307 97051 1
111307 101114 1
111307 103790 1
111307 104832 1
111307 111305 1
111307 111989 2
111307 113740 1
111307 114007 1
111307 114008 1
111307 114009 1
111307 115000 1
111307 116008 1
111307 116087 1
111307 116306 1
114007 85679 1
114007 97051 1
114007 103790 1
114007 111307 1
114007 114008 1
114007 114009 1
114008 27989 1
114008 80526 1
114008 82174 1
114008 85679 1
114008 89885 1
114008 94450 1
114008 95911 1
114008 97051 1
114008 101585 1
114008 103790 1
114008 104831 1
114008 104832 1
114008 104868 1
114008 109735 1
114008 109737 1
114008 109901 1
114008 110988 1
114008 110989 1
114008 111115 1
114008 111307 1
114008 113510 1
114008 114007 1
114008 114009 1
114008 116008 1
114008 116140 1
114008 116306 1
114008 123173 1
114008 126249 1
114009 49348 1
114009 85679 1
114009 96985 1
114009 97051 1
114009 98477 1
114009 103790 1
114009 111307 1
114009 114007 1
114009 114008 1
114965 82132 2
114965 82778 1
114965 86416 1
114965 95583 1
114965 95914 1
114965 97051 1
114965 102823 1
114965 105809 1
114965 111236 1
114965 113296 1
114965 116008 1
114965 117031 1
114965 117907 1
114965 119271 1
115000 55757 3
115000 58996 3
115000 60048 1
115000 80520 1
115000 82132 1
115000 89292 1
115000 94221 1
115000 94355 1
115000 97051 1
115000 101488 1
115000 104831 1
115000 104832 1
115000 106029 1
115000 111307 1
115000 111989 14
115000 111990 2
115000 113913 1
115000 116008 1
115000 116306 2
115000 118633 1
115000 119271 1
115000 126663 1
119271 60042 2
119271 89292 1
119271 93210 1
119271 95914 1
119271 97051 1
119271 106029 1
119271 109025 2
119271 111305 1
119271 114126 1
119271 114127 1
119271 114128 1
119271 114965 1
119271 115000 1
119271 116140 1
119271 116306 2
119271 119918 1
119525 52039 1
119525 60211 1
119525 68575 1
119525 78787 1
119525 95583 1
119525 95669 1
119525 97051 1
119525 97272 1
119525 99660 1
119525 101114 1
119525 104864 1
119525 113913 2
119525 123173 1
123173 55767 1
123173 81897 1
123173 97051 1
123173 103670 1
123173 109737 1
123173 114008 1
123173 119525 1
124600 97051 1
124600 97418 1
124600 100177 1
124600 108757 1
124600 109832 1
27989 58297 1
27989 66817 1
27989 80243 1
27989 81897 1
27989 82132 1
27989 85674 1
27989 88295 2
27989 94450 1
27989 97551 1
27989 101055 1
27989 101120 1
27989 101585 1
27989 105937 1
27989 106121 1
27989 106318 1
27989 106325 1
27989 109907 1
27989 109908 1
27989 111237 1
27989 111305 1
27989 111306 1
27989 111441 1
27989 111989 1
27989 112440 1
27989 114008 1
55757 58996 1
55757 94355 1
55757 94994 1
55757 97365 1
55757 101601 2
55757 103790 1
55757 104322 1
55757 104832 1
55757 105011 1
55757 109737 1
55757 109908 1
55757 111307 1
55757 111989 5
55757 111990 1
55757 113740 1
55757 115000 3
55757 116008 1
55757 116088 1
55757 116306 1
55757 125569 1
55767 56433 1
55767 82241 1
55767 85193 1
55767 85663 1
55767 97272 1
55767 97373 1
55767 98787 1
55767 101282 1
55767 103670 1
55767 103979 1
55767 109908 1
55767 112458 1
55767 114126 1
55767 115369 1
55767 123173 1
56433 55767 1
56433 94994 1
56433 105057 1
56433 106517 1
56433 109908 1
56433 112458 1
56433 114126 1
56433 115369 1
66817 27989 1
66817 80243 1
66817 82132 1
66817 88295 1
66817 98795 1
66817 101055 1
66817 101120 1
66817 101585 1
66817 104318 1
66817 105937 1
66817 106318 1
66817 106325 1
66817 109907 1
66817 109908 1
66817 111237 1
66817 111305 1
66817 111306 1
66817 111441 1
66817 112440 1
66817 114005 1
76447 109908 1
80243 27989 1
80243 66817 1
80243 72866 1
80243 73540 1
80243 73949 1
80243 82132 1
80243 88295 1
80243 92567 1
80243 98477 1
80243 101055 1
80243 101120 1
80243 101585 1
80243 105937 1
80243 106318 1
80243 106325 1
80243 109907 1
80243 109908 1
80243 111237 1
80243 111305 1
80243 111306 1
80243 111441 1
80243 112440 1
80243 114005 1
80243 116088 1
80528 28011 1
80528 29918 1
80528 80536 1
80528 82132 1
80528 94450 1
80528 98720 1
80528 101585 1
80528 104868 1
80528 106122 1
80528 109736 1
80528 109901 1
80528 109902 1
80528 109903 1
80528 109904 1
80528 109905 1
80528 109906 1
80528 109907 1
80528 109908 1
80528 111306 1
80528 112440 1
80528 115369 1
82132 27989 1
82132 64116 1
82132 66817 1
82132 69312 1
82132 71187 1
82132 80243 1
82132 80528 1
82132 81980 1
82132 81984 1
82132 87218 1
82132 88295 1
82132 92703 1
82132 101055 1
82132 101114 1
82132 101120 1
82132 101585 2
82132 102823 1
82132 104324 1
82132 104831 1
82132 104868 1
82132 105937 1
82132 106318 1
82132 106325 1
82132 108751 1
82132 109907 1
82132 109908 1
82132 110913 1
82132 111237 1
82132 111305 1
82132 111306 1
82132 111441 1
82132 111595 1
82132 111989 2
82132 111990 1
82132 112440 1
82132 112813 1
82132 114965 2
82132 115000 1
82132 117031 1
82132 117438 1
82132 117637 1
82132 125179 1
82132 125466 1
88295 27989 2
88295 66817 1
88295 74069 1
88295 80243 1
88295 82132 1
88295 85116 1
88295 101055 1
88295 101120 1
88295 101585 1
88295 105937 1
88295 106318 1
88295 106325 1
88295 109907 1
88295 109908 1
88295 111237 1
88295 111305 1
88295 111306 1
88295 111441 1
88295 112440 1
94450 27989 1
94450 49358 1
94450 71734 1
94450 80528 1
94450 83502 1
94450 93063 1
94450 98720 1
94450 99672 1
94450 99966 1
94450 101585 1
94450 104868 1
94450 109736 1
94450 109737 1
94450 109901 1
94450 109902 1
94450 109903 1
94450 109904 1
94450 109905 1
94450 109906 1
94450 109907 1
94450 109908 1
94450 114008 1
94450 115369 1
94994 55757 1
94994 56433 1
94994 90080 1
94994 99963 1
94994 101408 1
94994 101601 1
94994 104322 1
94994 104831 1
94994 109908 1
98720 60048 1
98720 64116 1
98720 80526 1
98720 80528 1
98720 94450 1
98720 101585 1
98720 101639 1
98720 103982 1
98720 104868 1
98720 109736 1
98720 109901 1
98720 109902 1
98720 109903 2
98720 109904 1
98720 109905 1
98720 109906 1
98720 109907 1
98720 109908 1
98720 115369 1
98720 118545 1
101055 27989 1
101055 60048 1
101055 66817 1
101055 80243 1
101055 80246 1
101055 80520 1
101055 82132 1
101055 86369 1
101055 88295 1
101055 92703 1
101055 94179 1
101055 95914 1
101055 97553 1
101055 101052 1
101055 101056 1
101055 101114 1
101055 101120 1
101055 101585 2
101055 104831 1
101055 105937 1
101055 106318 2
101055 106325 1
101055 109833 1
101055 109901 1
101055 109907 1
101055 109908 1
101055 111237 1
101055 111305 4
101055 111306 6
101055 111441 1
101055 112440 1
101055 114126 1
101055 115834 1
101055 116011 1
101055 116088 1
101055 117190 2
101055 117192 1
101055 126746 1
101120 27989 1
101120 66817 1
101120 80243 1
101120 82132 1
101120 88295 1
101120 101055 1
101120 101585 1
101120 105937 1
101120 106318 1
101120 106325 1
101120 109907 1
101120 109908 1
101120 111237 1
101120 111305 1
101120 111306 1
101120 111441 1
101120 112440 1
101585 27989 1
101585 58996 1
101585 64443 1
101585 66817 1
101585 77787 1
101585 80243 1
101585 80246 1
101585 80520 2
101585 80526 1
101585 80528 1
101585 82132 2
101585 85660 1
101585 86369 1
101585 88295 1
101585 89885 1
101585 90542 1
101585 94450 1
101585 98720 1
101585 101055 2
101585 101120 1
101585 101125 1
101585 101583 1
101585 103982 1
101585 104831 1
101585 104868 2
101585 105937 2
101585 106318 5
101585 106325 1
101585 109736 1
101585 109901 1
101585 109902 1
101585 109903 2
101585 109904 1
101585 109905 1
101585 109906 1
101585 109907 3
101585 109908 2
101585 111237 1
101585 111305 2
101585 111306 3
101585 111441 1
101585 111595 1
101585 112440 1
101585 112458 1
101585 114008 1
101585 115369 1
101601 55757 2
101601 85043 1
101601 85674 1
101601 94994 1
101601 95582 1
101601 101600 1
101601 103670 1
101601 104322 1
101601 106122 1
101601 107525 2
101601 109908 1
101601 111989 1
101601 112458 1
101601 112460 1
101601 116008 2
101601 116140 1
101601 116306 1
104322 55757 1
104322 56059 1
104322 81447 1
104322 94994 1
104322 99683 1
104322 101112 1
104322 101601 1
104322 103670 1
104322 107841 1
104322 109832 1
104322 109908 1
104868 49358 1
104868 58297 1
104868 77787 1
104868 79572 1
104868 80526 1
104868 80528 1
104868 82132 1
104868 82174 1
104868 85673 1
104868 91657 1
104868 94450 1
104868 95882 1
104868 95911 1
104868 98720 1
104868 98903 1
104868 101585 2
104868 103980 1
104868 104318 1
104868 108757 1
104868 109736 1
104868 109901 1
104868 109902 1
104868 109903 1
104868 109904 1
104868 109905 1
104868 109906 1
104868 109907 1
104868 109908 1
104868 110988 1
104868 111595 1
104868 113510 1
104868 113913 1
104868 114008 1
104868 115369 1
104868 116045 1
104868 116140 1
104868 118793 1
105937 27989 1
105937 66817 1
105937 80243 1
105937 82132 1
105937 88295 1
105937 101055 1
105937 101120 1
105937 101585 2
105937 103982 2
105937 106318 1
105937 106325 1
105937 109907 1
105937 109908 1
105937 111237 1
105937 111305 1
105937 111306 1
105937 111441 1
105937 112440 1
105937 114908 1
106318 27989 1
106318 58996 1
106318 64443 1
106318 66817 1
106318 77787 1
106318 80243 1
106318 80246 1
106318 80520 2
106318 82132 1
106318 85660 1
106318 86369 1
106318 88295 1
106318 101055 2
106318 101120 1
106318 101125 1
106318 101585 5
106318 105937 1
106318 106325 1
106318 109907 1
106318 109908 1
106318 111237 1
106318 111305 2
106318 111306 3
106318 111441 1
106318 112440 1
106318 112458 1
106318 116140 1
106325 27989 1
106325 66817 1
106325 80243 1
106325 82132 1
106325 88295 1
106325 101055 1
106325 101120 1
106325 101585 1
106325 105937 1
106325 106318 1
106325 109907 1
106325 109908 1
106325 111237 1
106325 111305 1
106325 111306 1
106325 111441 1
106325 112440 1
109901 60042 1
109901 67960 1
109901 71623 1
109901 80528 1
109901 94179 1
109901 94450 1
109901 95914 1
109901 98720 1
109901 99683 1
109901 99684 1
109901 101055 1
109901 101585 1
109901 103670 1
109901 103790 1
109901 103982 1
109901 104318 1
109901 104319 1
109901 104831 1
109901 104868 1
109901 109736 1
109901 109902 1
109901 109903 2
109901 109904 1
109901 109905 1
109901 109906 1
109901 109907 1
109901 109908 1
109901 111305 1
109901 111306 1
109901 112458 1
109901 114008 1
109901 114126 1
109901 115369 1
109902 80528 1
109902 94450 1
109902 98720 1
109902 101585 1
109902 104868 1
109902 109736 1
109902 109901 1
109902 109903 1
109902 109904 1
109902 109905 1
109902 109906 1
109902 109907 1
109902 109908 1
109902 115369 1
109903 80528 1
109903 85663 1
109903 94450 1
109903 98720 2
109903 101583 1
109903 101585 2
109903 103670 1
109903 103790 1
109903 103982 1
109903 104868 1
109903 109736 1
109903 109901 2
109903 109902 1
109903 109904 1
109903 109905 1
109903 109906 1
109903 109907 2
109903 109908 1
109903 111305 1
109903 111306 1
109903 113740 1
109903 115369 1
109903 116011 1
109903 124324 1
109904 80526 1
109904 80528 1
109904 94450 1
109904 97414 1
109904 98720 1
109904 101488 1
109904 101585 1
109904 104868 1
109904 109736 1
109904 109901 1
109904 109902 1
109904 109903 1
109904 109905 1
109904 109906 1
109904 109907 1
109904 109908 1
109904 115369 1
109904 116007 1
109904 116011 1
109905 80528 1
109905 94450 1
109905 98720 1
109905 101585 1
109905 104868 1
109905 109736 1
109905 109901 1
109905 109902 1
109905 109903 1
109905 109904 1
109905 109906 1
109905 109907 1
109905 109908 1
109905 115369 1
109906 80528 1
109906 94450 1
109906 98720 1
109906 101585 1
109906 104868 1
109906 109736 1
109906 109901 1
109906 109902 1
109906 109903 1
109906 109904 1
109906 109905 1
109906 109907 1
109906 109908 1
109906 115369 1
109907 27989 1
109907 66817 1
109907 80243 1
109907 80528 1
109907 81984 1
109907 82132 1
109907 82174 1
109907 88295 1
109907 94450 1
109907 98720 1
109907 101055 1
109907 101120 1
109907 101583 1
109907 101585 3
109907 104868 1
109907 105937 1
109907 106318 1
109907 106325 1
109907 109736 1
109907 109901 1
109907 109902 1
109907 109903 2
109907 109904 1
109907 109905 1
109907 109906 1
109907 109908 2
109907 111237 1
109907 111305 1
109907 111306 1
109907 111441 1
109907 112440 1
109907 114005 1
109907 115369 1
111237 27989 1
111237 66817 1
111237 80243 1
111237 82132 1
111237 88295 1
111237 101055 1
111237 101120 1
111237 101585 1
111237 105937 1
111237 106318 1
111237 106325 1
111237 109907 1
111237 109908 1
111237 111305 1
111237 111306 1
111237 111441 1
111237 112440 1
111305 23231 1
111305 27989 1
111305 62046 1
111305 66817 1
111305 80243 1
111305 80246 1
111305 80520 1
111305 81447 1
111305 82132 1
111305 86369 1
111305 88295 1
111305 92703 1
111305 94179 1
111305 95914 1
111305 101055 4
111305 101120 1
111305 101585 2
111305 105937 1
111305 106318 2
111305 106325 1
111305 109901 1
111305 109903 1
111305 109907 1
111305 109908 1
111305 111237 1
111305 111306 5
111305 111307 1
111305 111441 1
111305 112440 1
111305 113740 1
111305 114126 1
111305 116008 1
111305 116306 1
111305 119271 1
111306 27989 1
111306 66817 1
111306 80243 1
111306 80246 1
111306 80520 2
111306 80528 1
111306 82132 1
111306 85042 1
111306 86369 1
111306 88295 1
111306 89292 1
111306 92703 1
111306 94179 1
111306 95444 1
111306 95914 1
111306 97553 1
111306 101052 1
111306 101055 6
111306 101056 1
111306 101120 1
111306 101583 1
111306 101585 3
111306 101639 1
111306 104324 1
111306 105937 1
111306 106122 1
111306 106318 3
111306 106325 1
111306 109901 1
111306 109903 1
111306 109907 1
111306 109908 1
111306 111237 1
111306 111305 5
111306 111441 1
111306 112440 1
111306 113740 1
111306 114126 1
111306 115566 1
111306 116140 1
111306 117190 1
111441 27989 1
111441 66817 1
111441 80243 1
111441 82132 1
111441 88295 1
111441 101055 1
111441 101120 1
111441 101585 1
111441 105937 1
111441 106318 1
111441 106325 1
111441 109907 1
111441 109908 1
111441 111237 1
111441 111305 1
111441 111306 1
111441 112440 1
111441 124697 1
112440 27989 1
112440 58297 1
112440 66817 1
112440 80243 1
112440 80528 1
112440 82132 1
112440 86432 1
112440 88295 1
112440 101055 1
112440 101120 1
112440 101585 1
112440 103982 1
112440 105937 1
112440 106318 1
112440 106325 1
112440 109907 1
112440 109908 1
112440 111237 1
112440 111305 1
112440 111306 1
112440 111441 1
112458 55767 1
112458 56433 1
112458 58996 1
112458 80520 1
112458 85674 1
112458 92703 1
112458 99683 1
112458 101585 1
112458 101601 1
112458 104318 1
112458 104319 1
112458 104831 1
112458 106122 1
112458 106318 1
112458 109901 1
112458 109908 1
112458 112460 1
112458 114126 1
112458 115369 1
112458 116008 1
61254 60873 1
61254 64116 1
61254 64689 1
61254 82174 1
61254 82243 1
61254 97412 1
61254 97545 1
61254 104318 1
61254 109576 1
61254 112722 1
61254 114005 2
61254 116477 1
64689 49358 1
64689 49820 1
64689 61254 1
64689 92703 1
64689 97412 1
64689 97545 1
64689 99963 1
64689 100188 1
64689 101583 1
64689 104318 1
64689 112722 1
64689 114005 2
73540 80243 1
73540 81980 1
73540 87218 1
73540 98477 7
73540 101112 1
73540 101583 1
73540 102807 1
73540 112722 1
73540 116088 1
80246 61897 1
80246 64116 1
80246 77775 1
80246 82778 1
80246 85660 2
80246 85663 1
80246 85673 1
80246 85674 1
80246 86369 2
80246 87209 1
80246 87218 1
80246 95446 1
80246 98795 2
80246 98912 1
80246 101055 1
80246 101585 1
80246 106318 1
80246 109631 1
80246 110495 1
80246 111305 1
80246 111306 1
80246 112722 1
80246 115834 1
81980 38232 1
81980 73540 1
81980 80254 1
81980 80526 1
81980 82132 1
81980 83502 1
81980 85034 1
81980 87218 1
81980 87227 1
81980 96097 1
81980 98477 1
81980 101112 1
81980 101114 1
81980 101583 1
81980 102807 1
81980 103670 1
81980 104318 1
81980 105809 1
81980 111307 1
81980 111595 1
81980 112722 2
81980 113740 1
81980 113912 1
81980 113913 1
81980 114050 1
81980 115840 1
81980 116087 1
83502 49358 1
83502 80526 1
83502 81980 1
83502 94450 1
83502 105809 1
83502 109737 1
83502 111595 1
83502 112722 1
83502 113740 1
83502 113912 1
83502 113913 1
83502 114050 2
85673 49358 1
85673 58297 1
85673 64116 1
85673 77775 1
85673 77787 1
85673 80246 1
85673 80259 1
85673 82778 1
85673 85302 1
85673 85303 1
85673 85304 1
85673 85305 2
85673 85306 1
85673 85307 1
85673 85674 1
85673 86369 1
85673 87209 1
85673 87218 1
85673 89714 1
85673 91045 1
85673 95444 1
85673 95446 1
85673 98202 1
85673 98787 1
85673 98795 2
85673 103670 1
85673 103980 1
85673 104868 1
85673 109402 1
85673 109735 1
85673 110495 1
85673 112722 1
85673 114005 1
85673 115369 1
85673 115834 1
85673 116008 1
85673 116306 1
85673 117907 1
85673 124697 1
85674 22238 1
85674 27989 1
85674 64116 1
85674 77775 1
85674 80246 1
85674 80520 2
85674 81984 1
85674 82778 1
85674 85663 1
85674 85670 1
85674 85673 1
85674 86369 1
85674 87209 1
85674 87218 2
85674 90528 1
85674 95446 1
85674 95722 1
85674 97412 1
85674 98795 1
85674 101601 1
85674 103670 1
85674 106122 1
85674 106585 1
85674 110495 1
85674 112458 1
85674 112460 1
85674 112722 1
85674 115834 1
85674 116008 1
86369 45368 1
86369 62046 1
86369 64116 1
86369 77775 1
86369 80246 2
86369 82778 1
86369 85673 1
86369 85674 1
86369 87209 1
86369 87218 1
86369 95446 1
86369 98795 1
86369 101055 1
86369 101585 1
86369 104484 1
86369 106318 1
86369 110495 1
86369 111305 1
86369 111306 1
86369 112722 1
86369 115834 1
87209 64116 1
87209 77775 1
87209 80246 1
87209 82176 1
87209 82778 1
87209 85673 1
87209 85674 1
87209 86369 1
87209 87218 1
87209 95446 1
87209 96985 1
87209 97373 1
87209 98795 1
87209 101639 1
87209 110495 1
87209 112722 1
87209 112723 1
87209 112724 1
87209 115834 1
87218 54610 1
87218 56137 1
87218 64116 1
87218 73540 1
87218 77775 1
87218 80246 1
87218 80259 1
87218 81980 1
87218 82132 1
87218 82778 1
87218 85673 1
87218 85674 2
87218 86369 1
87218 87209 1
87218 95446 1
87218 98477 1
87218 98795 2
87218 101112 1
87218 101583 2
87218 102807 2
87218 103670 1
87218 104319 1
87218 109604 1
87218 110495 1
87218 112722 2
87218 114005 1
87218 115834 1
95446 64116 1
95446 77775 1
95446 80246 1
95446 82778 1
95446 85673 1
95446 85674 1
95446 86369 1
95446 87209 1
95446 87218 1
95446 98795 1
95446 110495 1
95446 112722 1
95446 115834 1
95446 117712 1
95446 122441 1
95912 80245 1
95912 95911 1
95912 98787 1
95912 112722 1
95912 114126 1
97545 50305 1
97545 58996 1
97545 61254 1
97545 64689 1
97545 68759 1
97545 89292 1
97545 96985 1
97545 104318 1
97545 112722 1
97545 114005 4
97545 116011 1
98477 73540 7
98477 80243 1
98477 81980 1
98477 87218 1
98477 96985 1
98477 101112 1
98477 101583 1
98477 102807 1
98477 112722 1
98477 114009 1
98477 116088 1
98787 55767 1
98787 67960 1
98787 80245 1
98787 82241 1
98787 85305 1
98787 85663 1
98787 85673 1
98787 95911 1
98787 95912 1
98787 97272 1
98787 97373 1
98787 101282 1
98787 103979 1
98787 112722 1
98787 114126 1
98795 49356 1
98795 60048 1
98795 64116 1
98795 66817 1
98795 67960 1
98795 77775 1
98795 80246 2
98795 82778 1
98795 85660 1
98795 85673 2
98795 85674 1
98795 86369 1
98795 86372 2
98795 87209 1
98795 87218 2
98795 88008 1
98795 92754 1
98795 93210 1
98795 95446 1
98795 96985 1
98795 100171 1
98795 101583 1
98795 101876 1
98795 103670 1
98795 109402 1
98795 109833 1
98795 110495 2
98795 112722 1
98795 114005 1
98795 115834 1
98795 116008 1
98795 116306 1
101112 49358 1
101112 55766 1
101112 67960 1
101112 68575 1
101112 73540 1
101112 81447 1
101112 81980 1
101112 87218 1
101112 98477 1
101112 99683 1
101112 101583 1
101112 102807 1
101112 104322 1
101112 112722 1
101112 125841 1
101583 49358 1
101583 61897 1
101583 64689 1
101583 68575 1
101583 73540 1
101583 77775 1
101583 77787 1
101583 80518 1
101583 81980 1
101583 85660 1
101583 85663 2
101583 85679 1
101583 87218 2
101583 92703 1
101583 95444 1
101583 97373 1
101583 97412 1
101583 98477 1
101583 98795 1
101583 101112 1
101583 101585 1
101583 102807 1
101583 103670 1
101583 109903 1
101583 109907 1
101583 111306 1
101583 111595 1
101583 112722 1
101583 121126 1
101583 125399 1
102807 36664 1
102807 73540 1
102807 81928 1
102807 81980 1
102807 85043 1
102807 87218 2
102807 98477 1
102807 101112 1
102807 101583 1
102807 104319 1
102807 104831 1
102807 112722 1
102807 115369 1
104318 37159 1
104318 45393 1
104318 61254 1
104318 64689 1
104318 66817 1
104318 67305 1
104318 67306 1
104318 67309 1
104318 67310 1
104318 81980 1
104318 91657 1
104318 97545 1
104318 99683 1
104318 104319 1
104318 104831 1
104318 104868 1
104318 109901 1
104318 112458 1
104318 112722 1
104318 114005 1
105809 57919 1
105809 64411 1
105809 80526 1
105809 81980 1
105809 81984 1
105809 83502 1
105809 108451 1
105809 111595 1
105809 112722 1
105809 113740 1
105809 113912 1
105809 113913 1
105809 114050 1
105809 114965 1
105809 116140 1
105809 116358 1
111595 77787 1
111595 80526 1
111595 81980 1
111595 82132 1
111595 83502 1
111595 101583 1
111595 101585 1
111595 104868 1
111595 105809 1
111595 111596 1
111595 112722 1
111595 113740 1
111595 113912 1
111595 113913 1
111595 114050 1
111595 117573 1
113740 55757 1
113740 80526 1
113740 81980 1
113740 83502 1
113740 85943 1
113740 101125 1
113740 101955 1
113740 104832 1
113740 105809 1
113740 109738 1
113740 109903 1
113740 111305 1
113740 111306 1
113740 111307 1
113740 111595 1
113740 111989 1
113740 112722 1
113740 113912 1
113740 113913 1
113740 114050 1
113740 116306 1
113912 80526 1
113912 81980 1
113912 83502 1
113912 105809 1
113912 111595 1
113912 112722 1
113912 113740 1
113912 113913 1
113912 114050 1
114005 49820 1
114005 58996 1
114005 61254 2
114005 64689 2
114005 66817 1
114005 80243 1
114005 80520 1
114005 81984 1
114005 82174 1
114005 82243 1
114005 85673 1
114005 87218 1
114005 89292 1
114005 97412 1
114005 97545 4
114005 98795 1
114005 101114 1
114005 104318 1
114005 109907 1
114005 112722 1
114005 116011 1
114050 80526 1
114050 81980 1
114050 83502 2
114050 100354 1
114050 105809 1
114050 111595 1
114050 112722 1
114050 113740 1
114050 113912 1
114050 113913 1
115834 45396 1
115834 64116 1
115834 77775 1
115834 80246 1
115834 82778 1
115834 85673 1
115834 85674 1
115834 86369 1
115834 87209 1
115834 87218 1
115834 93210 1
115834 95446 1
115834 98795 1
115834 101055 1
115834 110495 1
115834 112722 1
115834 116011 1
115834 116088 1
82176 64116 1
82176 82241 1
82176 85660 1
82176 85663 1
82176 87209 1
82176 87227 1
82176 96638 1
82176 103982 1
82176 104319 1
82176 104832 1
82176 109436 1
82176 112723 1
82176 112724 1
82176 115841 1
82176 117029 1
58996 49358 1
58996 55757 1
58996 67960 1
58996 80520 1
58996 81447 1
58996 94355 1
58996 97545 1
58996 101585 1
58996 101600 1
58996 106318 1
58996 111989 3
58996 111990 1
58996 112458 1
58996 112724 1
58996 114005 1
58996 115000 3
58996 115370 1
58996 116008 1
58996 116011 1
67960 55655 1
67960 55766 1
67960 58996 1
67960 81447 1
67960 93210 1
67960 96985 1
67960 98787 1
67960 98795 1
67960 101112 1
67960 107679 1
67960 109901 1
67960 112724 1
36664 81447 1
36664 85043 1
36664 102807 1
36664 110600 1
36664 115369 1
58297 27989 1
58297 85302 1
58297 85303 1
58297 85304 1
58297 85305 1
58297 85306 1
58297 85307 1
58297 85673 1
58297 89714 1
58297 92754 1
58297 94177 1
58297 95444 1
58297 98202 1
58297 103670 1
58297 104868 1
58297 112440 1
58297 115369 1
58297 117907 1
58297 124697 1
85302 58297 1
85302 85303 1
85302 85304 1
85302 85305 1
85302 85306 1
85302 85307 1
85302 85673 1
85302 89714 1
85302 95444 1
85302 98202 1
85302 103670 1
85302 115369 1
85302 117907 1
85302 124697 1
85303 58297 1
85303 80254 1
85303 80518 1
85303 85302 1
85303 85304 1
85303 85305 1
85303 85306 1
85303 85307 1
85303 85673 1
85303 89714 1
85303 95444 1
85303 98202 1
85303 100547 1
85303 103670 1
85303 115369 1
85303 117907 1
85303 124697 1
85304 58297 1
85304 85302 1
85304 85303 1
85304 85305 1
85304 85306 1
85304 85307 1
85304 85673 1
85304 89714 1
85304 95444 1
85304 98202 1
85304 103670 1
85304 115369 1
85304 117907 1
85304 124697 1
85305 49358 1
85305 58297 1
85305 85302 1
85305 85303 1
85305 85304 1
85305 85306 1
85305 85307 1
85305 85673 2
85305 89714 1
85305 95444 1
85305 98202 1
85305 98787 1
85305 101282 1
85305 103670 1
85305 103980 1
85305 115369 1
85305 117907 1
85305 124697 1
85306 58297 1
85306 85302 1
85306 85303 1
85306 85304 1
85306 85305 1
85306 85307 1
85306 85673 1
85306 89714 1
85306 95444 1
85306 95692 1
85306 98202 1
85306 103670 1
85306 115369 1
85306 117907 1
85306 124697 1
85307 58297 1
85307 85302 1
85307 85303 1
85307 85304 1
85307 85305 1
85307 85306 1
85307 85673 1
85307 89714 1
85307 95444 1
85307 98202 1
85307 103670 1
85307 115369 1
85307 117907 1
85307 124697 1
89714 58297 1
89714 80519 1
89714 85302 1
89714 85303 1
89714 85304 1
89714 85305 1
89714 85306 1
89714 85307 1
89714 85673 1
89714 95444 1
89714 97373 2
89714 97412 1
89714 98202 1
89714 103670 1
89714 108143 1
89714 115369 1
89714 117907 1
89714 124697 2
89714 125569 1
95444 58297 1
95444 68575 1
95444 81984 1
95444 85302 1
95444 85303 1
95444 85304 1
95444 85305 1
95444 85306 1
95444 85307 1
95444 85452 1
95444 85456 1
95444 85673 1
95444 89714 1
95444 93313 1
95444 98202 1
95444 100171 1
95444 101583 1
95444 103670 1
95444 111306 1
95444 115369 1
95444 116358 1
95444 117907 1
95444 124697 1
98202 58297 1
98202 59811 1
98202 85302 1
98202 85303 1
98202 85304 1
98202 85305 1
98202 85306 1
98202 85307 1
98202 85661 1
98202 85662 1
98202 85670 1
98202 85673 1
98202 89714 1
98202 95444 1
98202 103670 1
98202 115369 1
98202 117907 1
98202 124697 2
101125 64443 1
101125 85660 1
101125 97414 1
101125 101585 1
101125 102823 1
101125 106318 1
101125 109616 1
101125 111233 1
101125 111990 1
101125 113740 1
101125 115368 1
101125 115369 1
101125 115370 1
101125 116088 1
101125 117031 1
109616 81447 1
109616 97342 1
109616 97414 1
109616 101125 1
109616 109402 1
109616 111990 1
109616 115368 1
109616 115369 1
109616 115370 1
109616 116088 1
109616 117031 1
109616 126075 1
111990 55757 1
111990 58996 1
111990 82132 1
111990 94355 1
111990 97414 1
111990 101125 1
111990 103982 1
111990 104831 1
111990 109616 1
111990 111989 2
111990 113184 1
111990 115000 2
111990 115368 1
111990 115369 1
111990 115370 1
111990 116088 1
111990 116306 1
111990 117031 1
115368 73945 1
115368 86396 1
115368 88669 1
115368 97414 1
115368 101125 1
115368 109616 1
115368 111990 1
115368 115369 1
115368 115370 1
115368 116088 1
115368 116689 1
115368 117031 1
115370 58996 1
115370 92703 1
115370 96985 1
115370 97414 1
115370 99966 1
115370 101125 1
115370 109025 1
115370 109616 1
115370 109737 1
115370 111990 1
115370 115368 1
115370 115369 1
115370 116011 1
115370 116088 1
115370 116306 1
115370 116477 1
115370 117031 1
116088 55757 1
116088 73540 1
116088 80243 1
116088 81447 1
116088 85661 1
116088 85662 1
116088 92703 2
116088 95582 1
116088 97365 1
116088 97414 1
116088 98477 1
116088 101055 1
116088 101125 1
116088 109616 1
116088 111989 1
116088 111990 1
116088 115368 1
116088 115369 1
116088 115370 1
116088 115834 1
116088 116008 2
116088 116011 1
116088 116306 1
116088 117031 1
117031 80526 1
117031 82132 1
117031 95583 1
117031 97414 1
117031 101125 1
117031 102823 1
117031 109616 1
117031 111990 1
117031 114965 1
117031 115368 1
117031 115369 1
117031 115370 1
117031 116088 1
117031 117029 1
124697 58297 1
124697 80254 1
124697 85302 1
124697 85303 1
124697 85304 1
124697 85305 1
124697 85306 1
124697 85307 1
124697 85661 1
124697 85662 1
124697 85670 1
124697 85673 1
124697 89714 2
124697 95444 1
124697 97373 1
124697 98202 2
124697 101114 1
124697 101282 1
124697 103670 1
124697 111441 1
124697 115369 1
124697 117907 1
124697 125569 1
49348 60048 1
49348 63148 1
49348 71076 1
49348 85670 1
49348 86418 1
49348 90008 1
49348 90009 1
49348 100188 1
49348 101876 1
49348 102823 1
49348 106122 1
49348 110376 1
49348 113734 1
49348 114009 1
49348 115841 1
49348 115850 1
49348 117190 1
63148 49348 1
63148 71076 1
63148 90008 1
63148 90009 1
63148 100188 1
63148 102823 1
63148 106122 1
63148 110376 1
63148 113734 1
63148 115841 1
63148 115850 1
71076 49348 1
71076 63148 1
71076 90008 1
71076 90009 1
71076 100177 1
71076 100188 1
71076 102823 1
71076 106122 1
71076 106861 1
71076 110376 1
71076 113734 1
71076 115841 1
71076 115850 1
82241 55767 1
82241 64116 1
82241 82176 1
82241 85660 1
82241 85663 2
82241 87227 1
82241 96638 1
82241 97272 1
82241 97373 1
82241 98787 1
82241 101282 1
82241 103979 1
82241 104319 1
82241 115841 1
82241 117029 1
85660 61897 1
85660 62046 1
85660 64116 2
85660 64443 1
85660 68575 1
85660 80246 2
85660 82176 1
85660 82241 1
85660 85663 2
85660 87227 1
85660 96638 1
85660 97414 1
85660 98795 1
85660 101125 1
85660 101583 1
85660 101585 1
85660 104319 1
85660 106318 1
85660 115841 1
85660 117029 1
85663 45897 1
85663 55767 1
85663 60048 1
85663 64116 1
85663 68575 1
85663 70538 1
85663 77775 1
85663 80246 1
85663 80518 1
85663 81447 2
85663 82176 1
85663 82241 2
85663 83497 1
85663 85660 2
85663 85661 3
85663 85662 3
85663 85674 1
85663 85679 1
85663 87227 1
85663 89292 1
85663 94355 1
85663 96638 1
85663 97272 1
85663 97373 1
85663 98787 1
85663 100171 1
85663 101282 1
85663 101583 2
85663 103979 1
85663 103980 1
85663 104319 1
85663 107679 1
85663 108757 1
85663 109903 1
85663 115841 1
85663 117029 1
85663 124838 1
87227 64116 1
87227 81980 1
87227 82176 1
87227 82241 1
87227 85660 1
87227 85663 1
87227 96638 1
87227 104319 1
87227 115840 1
87227 115841 1
87227 117029 1
90008 49348 1
90008 63148 1
90008 71076 1
90008 90009 1
90008 100188 1
90008 102823 1
90008 106122 1
90008 110376 1
90008 113734 1
90008 115841 1
90008 115850 1
90009 49348 1
90009 63148 1
90009 71076 1
90009 90008 1
90009 100188 1
90009 102823 1
90009 106122 1
90009 110376 1
90009 113734 1
90009 115841 1
90009 115850 1
96638 58869 1
96638 64116 1
96638 82176 1
96638 82241 1
96638 85660 1
96638 85663 1
96638 87227 1
96638 99533 1
96638 100171 1
96638 101604 1
96638 104319 1
96638 105180 1
96638 110377 1
96638 115841 1
96638 117029 1
102823 49348 1
102823 63148 1
102823 71076 1
102823 82132 1
102823 90008 1
102823 90009 1
102823 100112 1
102823 100188 1
102823 100840 1
102823 101125 1
102823 106122 1
102823 110376 2
102823 110377 1
102823 111233 1
102823 113734 1
102823 114965 1
102823 115841 1
102823 115850 1
102823 117031 1
102823 117190 1
102823 117200 1
104319 64116 1
104319 82176 1
104319 82241 1
104319 85660 1
104319 85663 1
104319 87218 1
104319 87227 1
104319 96638 1
104319 99683 1
104319 102807 1
104319 104318 1
104319 104831 1
104319 109901 1
104319 112458 1
104319 115841 1
104319 117029 1
106122 49348 1
106122 63148 1
106122 71076 1
106122 80528 1
106122 85674 1
106122 90008 1
106122 90009 1
106122 100188 1
106122 101601 1
106122 102823 1
106122 106121 1
106122 110376 1
106122 111306 1
106122 112458 1
106122 112460 1
106122 113734 1
106122 115841 1
106122 115850 1
106122 116008 1
110376 49348 1
110376 63148 1
110376 71076 1
110376 90008 1
110376 90009 1
110376 100188 1
110376 102823 2
110376 106122 1
110376 110377 1
110376 113734 1
110376 115841 1
110376 115850 1
110376 116140 1
110376 117190 1
113734 49348 1
113734 53691 1
113734 63148 1
113734 68513 1
113734 71076 1
113734 75459 1
113734 90008 1
113734 90009 1
113734 100188 1
113734 102823 1
113734 106122 1
113734 106515 1
113734 109735 1
113734 109832 1
113734 110376 1
113734 113118 1
113734 115841 1
113734 115850 1
115850 49348 1
115850 63148 1
115850 71076 1
115850 90008 1
115850 90009 1
115850 91652 1
115850 92703 1
115850 97216 1
115850 100188 1
115850 102823 1
115850 106122 1
115850 110376 1
115850 113734 1
115850 115841 1
108775 45897 1
116358 45897 1
116358 81984 1
116358 95444 1
116358 100171 1
116358 105809 1
116358 108451 1
26540 18385 1
26540 27203 1
26540 49820 1
60054 72841 1
60054 109671 1
94180 72841 1
94180 79926 1
94180 116306 1
101876 49348 1
101876 60048 1
101876 72841 1
101876 85670 1
101876 86418 1
101876 92754 1
101876 93210 1
101876 93211 1
101876 98795 1
101876 99683 1
101876 103670 1
101876 117190 1
109671 60054 1
109671 72841 1
125514 72841 1
95273 76197 1
106815 77787 1
106815 125466 1
125466 77787 1
125466 82132 1
125466 97553 1
125466 106815 1
125466 117438 1
100547 80254 1
100547 85303 1
109413 81145 1
81928 84021 1
81928 102807 1
111577 60048 1
111577 81984 1
111577 84021 1
111577 97373 2
111577 124324 1
125112 56137 1
125112 84021 1
117190 49348 1
117190 60048 1
117190 85670 1
117190 86418 1
117190 97553 1
117190 101052 1
117190 101055 2
117190 101056 1
117190 101876 1
117190 102823 1
117190 110376 1
117190 110377 1
117190 111306 1
117190 117192 1
93211 93210 1
93211 101876 1
93211 116008 1
50305 89292 1
50305 96985 1
50305 97545 1
50305 124838 1
56069 96985 1
56069 116306 1
56069 123999 1
65051 96985 1
68578 96985 1
99966 71734 1
99966 93063 1
99966 94450 1
99966 96985 1
99966 99672 1
99966 115370 1
123999 56069 1
123999 96985 1
103672 101114 1
103672 103670 2
103672 113913 1
116087 81980 1
116087 101114 1
116087 111307 1
125179 82132 1
125179 101114 1
72083 101639 1
110239 92703 1
110239 101639 1
110239 103982 1
110239 113913 1
110239 117637 1
111234 101639 1
77230 93913 1
77230 106299 1
78567 106299 1
82627 39167 1
82627 106299 1
93913 77230 1
93913 106299 1
97058 106299 1
110148 106299 1
94217 81447 1
94217 84800 1
94217 99965 1
94217 103670 1
94217 103982 1
94217 107679 1
99965 81447 1
99965 94217 1
99965 103982 1
99965 107679 1
106006 107679 1
114128 104832 1
114128 114126 1
114128 114127 1
114128 119271 1
116478 114127 1
116478 116477 1
116478 116479 1
116479 114127 1
116479 116477 1
116479 116478 1
117148 114127 1
118675 114127 1
105057 56433 1
105057 106517 1
105057 111989 1
105057 116007 1
98903 104868 1
98903 116011 1
98903 118571 1
99963 64689 1
99963 94994 1
99963 100188 1
99963 104831 1
99963 116011 1
116430 116011 1
117425 116011 1
118571 98903 1
118571 116011 1
109025 60042 2
109025 95914 1
109025 115370 1
109025 116306 1
109025 116477 1
109025 119271 2
60322 63629 1
60322 71645 1
63629 60322 1
63629 71645 1
60872 81984 1
60872 99683 1
60872 100188 1
60872 109018 1
85452 81984 1
85452 85456 1
85452 95444 1
85456 81984 1
85456 85452 1
85456 95444 1
108451 81984 1
108451 105809 1
108451 116358 1
124324 81984 1
124324 97373 1
124324 109903 1
124324 111577 1
124324 124323 1
125389 81984 1
71835 93517 1
85181 93517 1
85788 90336 1
85788 93517 1
85788 113794 1
88729 93517 1
90336 85788 1
90336 93517 1
90336 113794 1
113794 85788 1
113794 90336 1
113794 93517 1
99344 113913 1
99344 115098 1
99344 119404 1
99344 119405 1
115098 99344 1
115098 113913 1
115098 119404 1
115098 119405 1
119404 99344 1
119404 113913 1
119404 115098 1
119404 119405 1
119405 99344 1
119405 113913 1
119405 115098 1
119405 119404 1
47261 69021 1
47261 77466 1
47261 125697 1
69021 47261 1
69021 77466 1
69021 125697 1
77466 47261 1
77466 69021 1
77466 125697 1
85189 86376 1
85189 99641 1
85189 125131 1
85189 125697 1
86376 85189 1
86376 99641 1
86376 125131 1
86376 125697 1
99641 49356 1
99641 85189 1
99641 86376 1
99641 86436 1
99641 86437 1
99641 125131 1
99641 125697 1
125131 85189 1
125131 86376 1
125131 99641 1
125131 125697 1
86436 49356 1
86436 86437 1
86436 99641 1
86437 49356 1
86437 86436 1
86437 99641 1
30810 58363 1
69469 58363 1
80518 62871 1
80518 77775 1
80518 85303 1
80518 85663 1
80518 85679 1
80518 101583 1
80518 107525 1
125966 68202 1
61696 69312 1
61696 78291 1
68034 69312 1
68034 95354 1
78291 61696 1
78291 69312 1
81234 69312 1
95354 68034 1
95354 69312 1
92688 72410 1
92688 107754 1
92688 107755 1
92688 119196 1
92688 120729 1
92688 121733 1
107754 72410 1
107754 92688 1
107754 107755 1
107754 119196 1
107754 120729 1
107754 121733 1
107755 72410 1
107755 92688 1
107755 107754 1
107755 119196 1
107755 120729 1
107755 121733 1
111328 72410 1
113211 72410 1
119196 72410 1
119196 92688 1
119196 101038 1
119196 107754 1
119196 107755 1
119196 120729 1
119196 121733 1
120729 72410 1
120729 92688 1
120729 107754 1
120729 107755 1
120729 118864 1
120729 119196 1
120729 121733 1
121733 72410 1
121733 92688 1
121733 107754 1
121733 107755 1
121733 119196 1
121733 120729 1
80248 80536 1
111235 80536 1
61832 84420 1
66382 84420 1
89703 84420 1
89703 85504 1
56137 54610 1
56137 87218 1
56137 90542 1
56137 125112 1
62534 90542 1
94203 94355 1
94203 112391 2
101207 94355 1
101207 117131 1
111055 94355 1
115891 94355 1
117131 94355 1
117131 101207 1
58422 95313 1
50347 96309 1
100322 96309 1
100322 118665 1
68325 86364 1
68325 88663 1
68325 95666 1
68325 97412 1
68325 103983 1
86364 68325 1
86364 88663 1
86364 95666 1
86364 97412 1
86364 103983 1
88663 68325 1
88663 86364 1
88663 95666 1
88663 97412 1
88663 103983 1
88663 105177 1
88663 105178 1
88663 109832 1
103983 68325 1
103983 86364 1
103983 88663 1
103983 95666 1
103983 97412 1
77470 97414 1
77470 98806 1
98806 77470 1
98806 97414 1
55659 103981 1
104103 103981 1
104103 109631 1
75450 103982 1
80262 103982 1
86432 83497 1
86432 97365 1
86432 103670 1
86432 103982 1
86432 109402 1
86432 109737 1
86432 112440 1
86432 117907 1
86432 121371 1
107840 103982 1
107840 107841 1
107840 113127 1
107841 103982 1
107841 104322 1
107841 104831 1
107841 107840 1
51785 63569 1
51785 104852 1
51785 106444 1
52746 69295 1
52746 104852 1
63569 51785 1
63569 104852 1
63569 106444 1
69295 52746 1
69295 104852 1
106444 51785 1
106444 63569 1
106444 104852 1
115858 104852 1
115858 115859 1
115859 104852 1
115859 115858 1
126549 104852 1
125569 55757 1
125569 89714 1
125569 97373 1
125569 103790 1
125569 105011 1
125569 109737 1
125569 124697 1
95582 81447 1
95582 101601 1
95582 107525 1
95582 116088 1
77033 102563 1
77033 108871 1
102563 77033 1
102563 108871 1
113243 108871 1
75919 100712 1
75919 112394 1
96205 112394 1
96205 114103 1
96205 116001 1
98300 112394 1
100712 75919 1
100712 112394 1
114103 96205 1
114103 112394 1
118204 29953 1
118204 112394 1
126350 98631 1
126350 112394 1
110988 95911 2
110988 97418 1
110988 104832 1
110988 104868 1
110988 110989 1
110988 111115 1
110988 114008 1
110988 116008 1
110988 116140 2
110988 116306 1
110988 124998 1
110988 126249 1
110989 95911 1
110989 98513 1
110989 104832 1
110989 110988 1
110989 111115 1
110989 114008 1
110989 116008 1
110989 116140 1
110989 116306 1
110989 126249 1
126420 111233 1
126420 116140 1
83497 55766 1
83497 85663 1
83497 86432 1
83497 89292 1
83497 97365 1
83497 103670 1
83497 109402 1
83497 109737 1
83497 117907 1
83497 121371 1
97365 55757 1
97365 83497 1
97365 86432 1
97365 103670 1
97365 109402 1
97365 109737 1
97365 116008 1
97365 116088 1
97365 116306 1
97365 117907 1
97365 121371 1
109402 64342 1
109402 83497 1
109402 85673 1
109402 86432 1
109402 97342 1
109402 97365 1
109402 98795 1
109402 101488 1
109402 103670 2
109402 109616 1
109402 109737 1
109402 116008 1
109402 116306 1
109402 117907 1
109402 121371 1
109402 126075 1
121371 83497 1
121371 86432 1
121371 97365 1
121371 103670 1
121371 109402 1
121371 109737 1
121371 117907 1
101600 49358 1
101600 58996 1
101600 85043 1
101600 101601 1
101600 103670 1
95577 55766 1
116029 55766 1
116029 71243 1
116029 93414 1
116029 116028 1
59509 60048 1
59509 116306 1
63118 60048 1
127203 60048 1
49345 62046 1
49345 68575 1
71296 64116 1
75692 64116 1
75692 75446 1
75692 76923 1
76923 64116 1
76923 75692 1
108751 64116 1
108751 82132 1
84800 68575 1
84800 94217 1
104485 68575 1
105177 68575 1
105177 88663 1
105177 105178 1
105177 109832 1
106515 68575 1
106515 109832 1
106515 112281 1
106515 112819 2
106515 113118 2
106515 113734 1
95452 82174 1
116307 85679 1
85198 92703 1
74900 92754 1
109830 92754 1
73012 74555 1
73012 85943 1
73012 94221 1
114444 95666 1
117047 95666 1
60042 37153 1
60042 71623 1
60042 91294 1
60042 95914 1
60042 109025 2
60042 109832 1
60042 109901 1
60042 116306 1
60042 119271 2
94179 95914 1
94179 101055 1
94179 109901 1
94179 111305 1
94179 111306 1
94179 114126 1
79810 98914 1
44785 101384 1
64342 101488 1
64342 103670 1
64342 109402 1
86422 101488 1
118633 85924 2
118633 101488 1
118633 115000 1
118633 117372 1
118633 118634 1
126592 104831 1
77465 106121 1
97551 27989 1
97551 81897 1
97551 106121 1
97551 111989 1
113866 106121 1
113866 117645 1
117645 106121 1
117645 113866 1
68513 109735 1
68513 113734 1
91045 85673 1
91045 109735 2
85943 73012 1
85943 109738 1
85943 113740 1
119456 109738 1
83564 104981 1
83564 109833 1
104981 83564 1
104981 109833 1
126663 111989 1
126663 115000 1
113294 113295 1
113294 113296 1
113295 113294 1
113295 113296 1
79926 94180 1
79926 116306 1
115650 116306 1
115650 126249 1
75446 75692 1
75446 80526 1
91635 80526 1
91635 121259 1
95692 80526 1
95692 85306 1
95692 117637 1
117637 80526 1
117637 82132 1
117637 95692 1
117637 110239 1
121259 80526 1
121259 91635 1
55655 67960 1
55655 81447 1
110600 36664 1
110600 81447 1
37153 60042 1
37153 82778 1
37153 91294 1
37153 109832 1
74033 88008 1
111836 89885 1
47810 95583 1
47810 110053 1
104960 95583 1
104960 111236 1
110053 47810 1
110053 95583 1
124998 97418 1
124998 110988 1
91230 99683 1
104321 99683 1
31656 100171 1
70538 85663 1
70538 100188 1
70538 124838 1
117781 82243 1
117781 100188 1
119689 103790 1
126075 97342 1
126075 103790 1
126075 109402 1
126075 109616 1
112493 104323 1
115566 104324 1
115566 111306 1
87321 106029 1
91294 37153 1
91294 60042 1
91294 109832 1
105178 88663 1
105178 105177 1
105178 109832 1
112281 106515 1
112281 109832 1
112281 112819 1
112819 106515 2
112819 109832 1
112819 112281 1
112819 113118 3
119918 119271 1
52039 60211 1
52039 78787 1
52039 95669 1
52039 99660 1
52039 104864 1
52039 119525 1
60211 52039 1
60211 78787 1
60211 95669 1
60211 99660 1
60211 104864 1
60211 119525 1
78787 52039 1
78787 60211 1
78787 95669 1
78787 99660 1
78787 104864 1
78787 119525 1
95669 52039 1
95669 60211 1
95669 78787 1
95669 99660 1
95669 104864 1
95669 119525 1
99660 52039 1
99660 60211 1
99660 78787 1
99660 95669 1
99660 104864 1
99660 119525 1
104864 52039 1
104864 60211 1
104864 78787 1
104864 95669 1
104864 99660 1
104864 119525 1
106517 56433 1
106517 59811 1
106517 105057 1
72866 80243 1
73949 80243 1
92567 80243 1
28011 29918 1
28011 80528 1
29918 28011 1
29918 80528 1
71187 82132 1
110913 82132 1
112813 82132 1
117438 82132 1
117438 125466 1
74069 85116 1
74069 88295 1
85116 74069 1
85116 88295 1
71734 93063 1
71734 94450 1
71734 99672 1
71734 99966 1
93063 71734 1
93063 94450 1
93063 99672 1
93063 99966 1
99672 71734 1
99672 93063 1
99672 94450 1
99672 99966 1
101408 94994 1
118545 98720 1
97553 101052 1
97553 101055 1
97553 101056 1
97553 111306 1
97553 117190 1
97553 125466 1
101052 97553 1
101052 101055 1
101052 101056 1
101052 111306 1
101052 117190 1
101056 97553 1
101056 101052 1
101056 101055 1
101056 111306 1
101056 117190 1
117192 101055 1
117192 117190 1
126746 85029 1
126746 101055 1
64443 85660 1
64443 101125 1
64443 101585 1
64443 106318 1
64443 124502 1
56059 104322 1
79572 104868 1
91657 104318 1
91657 104868 1
95882 104868 1
118793 104868 1
114908 105937 1
71623 60042 1
71623 109901 1
23231 111305 1
85042 111306 1
60873 61254 1
60873 109576 1
82243 61254 1
82243 114005 1
82243 117781 1
109576 60873 1
109576 61254 1
98912 80246 1
109631 80246 1
109631 104103 1
38232 81980 1
85034 81980 1
96097 81980 1
22238 85674 1
106585 85674 1
45368 86369 1
54610 56137 1
54610 87218 1
117712 95446 1
117712 122441 1
122441 95446 1
122441 117712 1
68759 97545 1
125841 101112 1
121126 101583 1
121126 121125 4
125399 101583 1
37159 45393 1
37159 67305 1
37159 67306 1
37159 67309 1
37159 67310 1
37159 104318 1
45393 37159 1
45393 67305 1
45393 67306 1
45393 67309 1
45393 67310 1
45393 104318 1
67305 37159 1
67305 45393 1
67305 67306 1
67305 67309 1
67305 67310 1
67305 104318 1
67306 37159 1
67306 45393 1
67306 67305 1
67306 67309 1
67306 67310 1
67306 104318 1
67309 37159 1
67309 45393 1
67309 67305 1
67309 67306 1
67309 67310 1
67309 104318 1
67310 37159 1
67310 45393 1
67310 67305 1
67310 67306 1
67310 67309 1
67310 104318 1
57919 64411 1
57919 105809 1
64411 57919 1
64411 105809 1
111596 111595 1
111596 117573 1
117573 111595 1
117573 111596 1
101955 113740 1
100354 114050 1
45396 115834 1
109436 82176 1
94177 58297 1
108143 89714 1
93313 95444 1
59811 98202 1
59811 106517 1
111233 101125 1
111233 102823 1
111233 126420 1
97342 109402 1
97342 109616 1
97342 126075 1
73945 86396 1
73945 88669 1
73945 115368 1
73945 116689 1
86396 73945 1
86396 88669 1
86396 115368 1
86396 116689 1
88669 73945 1
88669 86396 1
88669 115368 1
88669 116689 1
116689 73945 1
116689 86396 1
116689 88669 1
116689 115368 1
106861 71076 1
124838 50305 1
124838 70538 1
124838 85663 1
58869 96638 1
58869 99533 1
58869 101604 1
58869 105180 1
58869 110377 1
99533 58869 1
99533 96638 1
99533 101604 1
99533 105180 2
99533 110377 1
101604 58869 1
101604 96638 1
101604 99533 1
101604 105180 1
101604 110377 1
105180 58869 1
105180 96638 1
105180 99533 2
105180 101604 1
105180 110377 1
110377 58869 1
110377 96638 1
110377 99533 1
110377 101604 1
110377 102823 1
110377 105180 1
110377 110376 1
110377 117190 1
100112 102823 1
117200 102823 1
53691 75459 1
53691 113734 1
75459 53691 1
75459 113734 1
113118 106515 2
113118 112819 3
113118 113734 1
91652 97216 1
91652 115850 1
97216 91652 1
97216 115850 1
124502 64443 1
124502 126209 1
121125 121126 4
124323 124324 1
85029 126746 1
85924 87156 1
85924 87157 1
85924 87158 1
85924 87159 1
85924 107070 1
85924 117372 2
85924 118633 2
85924 118634 1
85924 119653 1
117372 85924 2
117372 87156 1
117372 87157 1
117372 87158 1
117372 87159 1
117372 107070 1
117372 118633 1
117372 118634 1
118634 85924 1
118634 87156 1
118634 87157 1
118634 87158 1
118634 87159 1
118634 105097 1
118634 107070 1
118634 117372 1
118634 118633 1
118634 119653 1
74555 73012 1
71243 93414 1
71243 116028 1
71243 116029 1
93414 71243 1
93414 116028 1
93414 116029 1
116028 71243 1
116028 93414 1
116028 116029 1
116001 96205 1
29953 118204 1
98631 126350 1
113127 107840 1
118665 100322 1
112391 94203 2
85504 89703 1
101038 119196 1
118864 120729 1
39167 82627 1
18385 26540 1
18385 27203 1
27203 18385 1
27203 26540 1
126209 124502 1
87156 85924 1
87156 87157 2
87156 87158 2
87156 87159 1
87156 107070 1
87156 117372 1
87156 118634 1
87157 85924 1
87157 87156 2
87157 87158 2
87157 87159 1
87157 107070 2
87157 117372 1
87157 118634 1
87158 85924 1
87158 87156 2
87158 87157 2
87158 87159 1
87158 107070 1
87158 117372 1
87158 118634 1
87159 85924 1
87159 87156 1
87159 87157 1
87159 87158 1
87159 107070 1
87159 117372 1
87159 118634 1
107070 85924 1
107070 87156 1
107070 87157 2
107070 87158 1
107070 87159 1
107070 117372 1
107070 118634 1
119653 85924 1
119653 105097 1
119653 118634 1
105097 118634 1
105097 119653 1
