7702 27515 1
27515 7702 1
27515 21980 1
27515 24572 1
27515 24573 1
27515 26372 1
27515 35488 1
27515 39870 1
21980 27515 1
21980 35488 1
24572 5376 1
24572 24573 1
24572 26372 1
24572 27515 1
24572 33378 1
24572 35172 1
24572 39870 1
24572 66342 1
24572 124421 1
24573 21504 1
24573 24122 1
24573 24572 1
24573 26372 1
24573 27515 1
24573 39870 1
24573 124033 1
26372 20969 1
26372 23221 1
26372 24087 1
26372 24572 1
26372 24573 1
26372 27362 1
26372 27515 1
26372 32219 1
26372 32626 1
26372 35798 1
26372 38144 1
26372 39870 1
26372 126260 2
26372 126275 1
35488 21980 1
35488 27515 1
35488 60892 1
35488 64706 1
39870 15969 1
39870 18417 1
39870 23141 1
39870 24572 1
39870 24573 1
39870 25558 1
39870 26372 1
39870 27515 1
39870 30260 1
39870 30269 1
39870 31438 1
39870 33373 1
39870 35177 1
39870 126828 1
5376 23377 1
5376 23380 1
5376 24572 1
5376 24725 1
5376 29907 1
5376 30305 1
5376 33378 1
5376 34424 1
5376 34827 1
5376 34830 1
5376 35172 1
5376 42045 1
5376 42239 1
5376 42992 1
5376 45379 1
5376 45898 1
5376 47018 1
5376 62848 1
5376 66342 1
5376 124421 1
33378 5376 1
33378 24572 1
33378 35172 1
33378 38253 1
33378 43110 1
33378 44912 1
33378 45925 1
33378 61264 1
33378 64120 1
33378 66342 1
33378 84297 1
33378 124421 1
35172 5376 1
35172 24572 1
35172 33378 1
35172 34473 1
35172 38431 1
35172 39879 1
35172 44686 1
35172 44914 1
35172 49822 1
35172 49971 1
35172 49973 1
35172 49974 1
35172 49975 1
35172 50846 1
35172 54414 1
35172 56702 1
35172 61243 1
35172 61270 1
35172 62519 1
35172 63695 1
35172 66342 1
35172 70092 1
35172 71094 1
35172 71218 1
35172 73361 1
35172 78745 1
35172 124421 1
66342 5376 1
66342 24572 1
66342 33378 1
66342 35172 1
66342 39261 1
66342 39847 1
66342 41262 1
66342 42304 1
66342 45086 1
66342 47911 1
66342 48986 1
66342 52433 1
66342 53850 1
66342 57472 1
66342 66610 1
66342 97655 1
66342 124421 1
124421 5376 1
124421 24572 1
124421 33378 1
124421 35172 1
124421 66342 1
124421 123073 1
21504 4273 1
21504 18416 1
21504 21503 1
21504 21505 1
21504 21506 1
21504 24122 1
21504 24573 1
21504 25557 1
21504 32023 1
21504 124033 1
24122 21504 1
24122 23217 1
24122 24123 1
24122 24573 1
24122 26047 1
24122 26048 1
24122 29519 1
24122 30279 1
24122 35987 1
24122 124033 1
24122 127068 1
124033 12906 1
124033 21504 1
124033 24122 1
124033 24573 1
124033 25118 1
124033 26179 1
20969 18977 1
20969 20970 1
20969 20971 1
20969 23221 1
20969 23409 1
20969 24087 1
20969 24115 1
20969 26372 1
20969 26374 1
20969 27315 1
20969 27321 1
20969 28836 1
20969 28904 1
20969 29733 1
20969 32626 1
20969 33117 1
20969 35798 1
20969 38144 1
20969 126260 1
20969 126275 1
23221 20969 1
23221 24087 1
23221 26372 1
23221 32626 1
23221 35798 1
23221 38144 1
23221 126260 1
23221 126275 1
24087 16378 1
24087 20969 1
24087 23221 1
24087 25761 1
24087 26372 1
24087 26388 1
24087 28130 1
24087 29495 1
24087 29496 1
24087 29497 1
24087 29716 1
24087 30297 1
24087 30919 1
24087 31096 2
24087 31098 1
24087 32626 1
24087 35162 1
24087 35795 1
24087 35798 1
24087 38144 1
24087 39602 1
24087 39854 1
24087 42781 1
24087 43550 1
24087 45886 1
24087 47096 1
24087 50878 1
24087 67473 1
24087 126260 1
24087 126275 1
27362 26372 1
27362 30162 1
27362 32219 1
27362 126260 1
32219 23396 2
32219 26055 1
32219 26372 1
32219 26374 1
32219 27322 2
32219 27326 1
32219 27349 1
32219 27353 1
32219 27362 1
32219 28836 1
32219 28853 1
32219 29928 1
32219 32210 1
32219 32626 1
32219 32627 1
32219 34496 1
32219 35147 1
32219 37182 1
32219 38581 1
32219 43112 1
32219 52659 1
32219 126260 1
32626 3476 1
32626 4641 1
32626 11008 1
32626 11336 1
32626 14562 1
32626 16779 1
32626 18029 1
32626 18032 1
32626 20246 1
32626 20247 1
32626 20622 1
32626 20969 1
32626 23221 1
32626 23396 1
32626 23997 1
32626 24087 1
32626 26372 1
32626 27322 1
32626 27348 1
32626 27349 1
32626 27626 1
32626 27998 1
32626 28836 1
32626 30302 1
32626 32022 1
32626 32219 1
32626 32221 1
32626 32222 1
32626 33128 1
32626 33189 1
32626 33190 1
32626 33191 1
32626 33195 1
32626 34496 1
32626 35798 1
32626 38144 1
32626 38853 1
32626 42992 1
32626 44915 1
32626 45377 1
32626 46146 1
32626 49727 1
32626 54410 1
32626 70555 1
32626 126260 1
32626 126275 1
32626 127680 1
35798 20969 1
35798 23221 1
35798 24087 1
35798 26372 1
35798 27338 1
35798 32626 1
35798 34838 1
35798 35179 1
35798 36944 1
35798 38144 1
35798 59114 1
35798 126260 1
35798 126275 1
38144 20243 2
38144 20254 1
38144 20969 1
38144 23221 1
38144 24087 1
38144 24896 1
38144 26057 1
38144 26059 1
38144 26060 1
38144 26372 1
38144 28499 1
38144 28851 1
38144 29712 1
38144 31361 1
38144 31481 1
38144 32626 1
38144 33484 1
38144 33649 1
38144 34477 1
38144 35167 1
38144 35191 1
38144 35380 1
38144 35798 1
38144 35962 1
38144 39369 1
38144 39483 1
38144 39610 1
38144 41748 1
38144 42241 1
38144 42571 1
38144 42572 1
38144 45059 1
38144 45211 1
38144 45834 1
38144 47136 1
38144 47138 1
38144 47808 1
38144 49366 1
38144 50697 1
38144 50698 1
38144 50699 1
38144 50897 1
38144 51158 1
38144 53440 1
38144 54350 1
38144 54503 1
38144 54768 1
38144 54822 1
38144 54865 1
38144 57402 1
38144 58566 1
38144 62048 1
38144 71487 1
38144 74071 1
38144 123179 1
38144 124023 1
38144 126260 1
38144 126275 1
126260 20969 1
126260 23221 1
126260 24087 1
126260 26372 2
126260 27362 1
126260 32219 1
126260 32626 1
126260 35798 1
126260 38144 1
126260 126275 1
126275 11332 1
126275 20969 1
126275 23221 1
126275 24087 1
126275 26372 1
126275 27998 1
126275 32626 1
126275 35798 1
126275 38144 1
126275 126260 1
60892 35488 1
60892 64706 1
64706 35488 1
64706 60892 1
15969 18417 1
15969 23141 1
15969 25558 1
15969 29703 1
15969 30260 1
15969 30269 1
15969 31438 1
15969 33373 1
15969 35177 1
15969 39870 1
15969 126828 1
18417 15969 1
18417 18415 1
18417 18416 1
18417 23141 1
18417 25558 1
18417 30260 1
18417 30269 1
18417 31438 1
18417 33373 1
18417 35177 1
18417 39870 1
18417 126828 1
23141 15969 1
23141 18417 1
23141 25558 1
23141 28666 1
23141 30260 1
23141 30269 1
23141 31438 1
23141 32630 1
23141 33373 1
23141 35177 1
23141 39870 1
23141 126828 1
25558 15969 1
25558 18417 1
25558 20612 1
25558 23141 1
25558 30260 1
25558 30269 1
25558 31438 1
25558 33373 1
25558 35177 1
25558 39870 1
25558 126828 1
30260 15969 1
30260 18417 1
30260 23141 1
30260 25558 1
30260 30269 1
30260 31438 1
30260 33373 1
30260 35177 1
30260 39870 1
30260 126828 1
30269 15969 1
30269 18417 1
30269 23141 1
30269 25558 1
30269 30260 1
30269 31438 1
30269 33373 1
30269 35177 1
30269 39870 1
30269 126828 1
31438 15969 1
31438 18417 1
31438 23141 1
31438 25558 1
31438 26055 1
31438 26180 1
31438 26373 1
31438 30260 1
31438 30269 1
31438 31440 1
31438 31442 1
31438 31443 1
31438 33373 1
31438 34421 1
31438 35177 1
31438 39870 1
31438 126828 1
33373 15969 1
33373 18417 1
33373 23141 1
33373 25558 1
33373 30260 1
33373 30269 1
33373 31438 1
33373 35177 1
33373 39870 1
33373 126828 1
35177 15969 1
35177 18417 1
35177 23141 1
35177 25558 1
35177 30260 1
35177 30269 1
35177 31438 1
35177 33373 1
35177 35796 1
35177 36033 1
35177 38079 1
35177 39870 1
35177 41311 1
35177 42653 1
35177 43330 1
35177 51063 1
35177 56338 1
35177 126828 1
126828 14568 1
126828 15969 1
126828 18417 1
126828 23141 1
126828 25558 1
126828 30260 1
126828 30269 1
126828 31438 1
126828 33373 1
126828 35177 1
126828 39870 1
126828 49706 1
126828 123652 1
23377 5376 1
23377 16110 1
23377 23380 1
23377 24725 1
23377 29907 1
23377 30305 1
23377 34424 1
23377 34827 2
23377 34830 1
23377 42045 1
23377 42239 1
23377 42992 1
23377 45379 1
23377 45898 1
23380 5376 1
23380 23377 1
23380 24725 1
23380 27718 1
23380 29907 1
23380 30305 1
23380 34424 1
23380 34827 1
23380 34830 1
23380 42045 1
23380 42239 1
23380 42992 1
23380 45379 1
23380 45898 1
23380 50586 1
23380 53704 1
23380 62357 1
24725 5376 1
24725 23377 1
24725 23380 1
24725 29907 1
24725 30305 1
24725 34424 1
24725 34827 1
24725 34830 1
24725 42045 1
24725 42239 1
24725 42992 1
24725 45379 1
24725 45898 1
29907 5376 1
29907 23377 1
29907 23380 1
29907 24725 1
29907 30305 1
29907 34424 1
29907 34827 1
29907 34830 1
29907 42045 1
29907 42239 1
29907 42992 1
29907 45379 1
29907 45898 1
30305 5376 1
30305 23377 1
30305 23380 1
30305 24725 1
30305 29907 1
30305 34424 1
30305 34827 1
30305 34830 1
30305 42045 1
30305 42239 1
30305 42992 1
30305 45379 1
30305 45898 1
34424 5376 1
34424 23377 1
34424 23380 1
34424 24725 1
34424 29907 1
34424 30305 1
34424 34827 1
34424 34830 1
34424 42045 1
34424 42239 1
34424 42992 1
34424 45379 1
34424 45898 1
34827 5376 1
34827 11332 1
34827 16110 1
34827 23377 2
34827 23380 1
34827 24725 1
34827 29907 1
34827 30305 1
34827 34424 1
34827 34830 1
34827 42045 1
34827 42239 1
34827 42992 1
34827 45379 1
34827 45898 1
34830 5376 1
34830 23377 1
34830 23380 1
34830 24725 1
34830 29907 1
34830 30305 1
34830 34424 1
34830 34827 1
34830 42045 1
34830 42239 1
34830 42992 1
34830 45379 1
34830 45898 1
42045 5376 1
42045 23377 1
42045 23380 1
42045 24725 1
42045 29907 1
42045 30305 1
42045 34424 1
42045 34827 1
42045 34830 1
42045 42239 1
42045 42992 1
42045 45379 1
42045 45898 1
42239 5376 1
42239 16779 1
42239 23377 1
42239 23380 1
42239 24725 1
42239 29907 1
42239 30305 1
42239 34424 1
42239 34827 1
42239 34830 1
42239 42045 1
42239 42992 1
42239 45379 1
42239 45898 1
42992 5376 1
42992 23377 1
42992 23380 1
42992 24725 1
42992 27348 1
42992 29706 1
42992 29907 1
42992 30302 1
42992 30305 1
42992 32626 1
42992 34424 1
42992 34827 1
42992 34830 1
42992 38253 1
42992 42045 1
42992 42239 1
42992 44915 1
42992 45377 1
42992 45379 1
42992 45898 1
42992 54410 1
45379 5376 1
45379 23377 1
45379 23380 1
45379 24725 1
45379 29907 1
45379 30305 1
45379 34424 1
45379 34827 1
45379 34830 1
45379 42045 1
45379 42239 1
45379 42992 1
45379 45898 1
45898 5376 1
45898 23377 1
45898 23380 1
45898 24725 1
45898 29907 1
45898 30305 1
45898 34424 1
45898 34827 1
45898 34830 1
45898 42045 1
45898 42239 1
45898 42992 1
45898 45377 1
45898 45379 1
47018 5376 1
62848 5376 1
62848 35801 1
62848 39879 1
62848 55763 1
62848 70380 1
38253 29706 1
38253 33378 1
38253 42992 1
38253 61264 1
38253 84297 1
43110 33378 1
43110 34823 1
43110 43112 1
44912 33378 1
44912 45925 1
44912 64120 1
45925 33378 1
45925 44912 1
45925 64120 1
61264 33378 1
61264 38253 1
61264 66061 1
61264 72615 1
61264 84297 1
64120 33378 1
64120 44912 1
64120 45925 1
64120 97128 1
84297 33378 1
84297 38253 1
84297 61264 1
84297 77096 1
34473 35172 1
34473 38431 1
34473 39879 1
34473 44686 1
34473 44914 1
34473 49971 1
34473 49973 1
34473 49974 1
34473 49975 1
34473 50846 1
34473 54414 1
34473 56702 1
34473 62519 1
34473 63695 1
34473 71218 1
34473 78745 1
38431 33128 1
38431 34473 1
38431 35172 1
38431 39879 1
38431 44686 1
38431 44914 1
38431 49971 1
38431 49973 1
38431 49974 1
38431 49975 1
38431 50699 1
38431 50846 1
38431 52433 1
38431 54414 1
38431 56702 1
38431 62519 1
38431 63695 1
38431 71218 1
38431 78745 1
39879 24524 1
39879 29925 1
39879 33479 1
39879 34473 1
39879 35172 1
39879 38431 1
39879 40332 1
39879 44686 1
39879 44914 1
39879 49971 1
39879 49973 1
39879 49974 1
39879 49975 1
39879 50846 1
39879 54414 1
39879 56702 1
39879 57979 1
39879 62519 1
39879 62848 1
39879 63695 1
39879 71218 1
39879 78745 1
44686 34473 1
44686 35172 1
44686 38431 1
44686 39879 1
44686 41820 1
44686 44914 1
44686 49961 1
44686 49971 1
44686 49973 1
44686 49974 1
44686 49975 1
44686 50846 1
44686 54414 1
44686 54586 1
44686 56702 1
44686 62519 1
44686 63695 1
44686 67308 1
44686 71218 1
44686 78745 1
44914 34473 1
44914 35150 1
44914 35172 1
44914 38431 1
44914 39854 1
44914 39879 1
44914 44686 1
44914 49971 1
44914 49973 1
44914 49974 1
44914 49975 1
44914 50846 1
44914 54414 1
44914 56702 1
44914 62519 1
44914 63695 1
44914 71218 1
44914 78745 1
49822 35172 1
49822 61243 1
49822 61270 1
49822 70092 1
49822 71094 1
49822 73361 1
49971 34473 1
49971 35172 1
49971 38431 1
49971 39879 1
49971 44686 1
49971 44914 1
49971 46234 1
49971 49973 1
49971 49974 1
49971 49975 1
49971 50846 1
49971 54414 1
49971 56702 1
49971 62519 1
49971 63695 1
49971 71218 1
49971 78745 1
49971 127030 1
49973 34473 1
49973 35172 1
49973 38431 1
49973 39879 1
49973 44686 1
49973 44715 1
49973 44914 1
49973 49971 1
49973 49974 1
49973 49975 1
49973 50846 1
49973 54414 1
49973 56702 1
49973 62519 1
49973 63695 1
49973 71218 1
49973 78745 1
49974 34473 1
49974 35172 1
49974 38431 1
49974 39879 1
49974 44686 1
49974 44914 1
49974 49971 1
49974 49973 1
49974 49975 1
49974 50846 1
49974 54414 1
49974 56702 1
49974 62519 1
49974 63695 1
49974 71218 1
49974 78745 1
49975 34473 1
49975 35172 1
49975 38431 1
49975 39879 1
49975 44686 1
49975 44914 1
49975 49971 1
49975 49973 1
49975 49974 1
49975 50846 1
49975 54414 1
49975 56702 1
49975 62519 1
49975 63695 1
49975 71218 1
49975 78745 1
50846 34473 1
50846 35172 1
50846 38431 1
50846 39879 1
50846 44686 1
50846 44914 1
50846 49971 1
50846 49973 1
50846 49974 1
50846 49975 1
50846 54414 1
50846 56702 1
50846 62519 1
50846 63695 1
50846 71218 1
50846 78745 1
54414 34473 1
54414 35172 1
54414 38431 1
54414 39879 1
54414 44686 1
54414 44914 1
54414 49971 1
54414 49973 1
54414 49974 1
54414 49975 1
54414 50846 1
54414 56702 1
54414 62519 1
54414 63695 1
54414 71218 1
54414 78745 1
56702 34473 1
56702 35172 1
56702 38431 1
56702 39879 1
56702 44686 1
56702 44914 1
56702 49971 1
56702 49973 1
56702 49974 1
56702 49975 1
56702 50846 1
56702 54414 1
56702 62519 1
56702 63695 1
56702 71218 1
56702 78745 1
61243 35172 1
61243 49822 1
61243 61270 1
61243 70092 1
61243 71094 1
61243 73361 1
61270 35172 1
61270 49822 1
61270 55763 1
61270 61243 1
61270 70092 1
61270 71094 1
61270 71487 1
61270 73361 1
62519 34473 1
62519 35172 1
62519 38431 1
62519 39879 1
62519 44686 1
62519 44914 1
62519 49971 1
62519 49973 1
62519 49974 1
62519 49975 1
62519 50846 1
62519 54414 1
62519 56702 1
62519 63695 1
62519 71218 1
62519 78745 1
63695 34473 1
63695 35172 1
63695 38431 1
63695 39879 1
63695 44686 1
63695 44914 1
63695 49971 1
63695 49973 1
63695 49974 1
63695 49975 1
63695 50846 1
63695 54414 1
63695 54593 1
63695 56702 1
63695 62519 1
63695 63694 1
63695 63697 1
63695 71218 1
63695 78745 1
70092 35172 1
70092 49822 1
70092 61243 1
70092 61270 1
70092 71094 1
70092 73361 1
71094 35172 1
71094 49822 1
71094 61243 1
71094 61270 1
71094 70092 1
71094 73361 1
71218 34473 1
71218 35172 1
71218 38431 1
71218 39879 1
71218 44686 1
71218 44914 1
71218 49971 1
71218 49973 1
71218 49974 1
71218 49975 1
71218 50846 1
71218 54414 1
71218 56702 1
71218 62519 1
71218 63695 1
71218 69853 1
71218 78745 1
73361 35172 1
73361 41812 1
73361 49822 1
73361 61243 1
73361 61270 1
73361 70092 1
73361 71094 1
73361 73132 1
78745 34473 1
78745 35172 1
78745 38431 1
78745 39879 1
78745 44686 1
78745 44914 1
78745 49971 1
78745 49973 1
78745 49974 1
78745 49975 1
78745 50846 1
78745 54414 1
78745 56702 1
78745 62519 1
78745 63695 1
78745 71218 1
39261 39847 1
39261 41262 1
39261 42304 1
39261 45086 1
39261 47911 1
39261 48986 1
39261 52433 1
39261 53850 1
39261 57472 1
39261 66342 1
39261 66610 1
39261 97655 1
39847 20243 1
39847 39261 1
39847 41262 1
39847 42304 1
39847 45086 1
39847 47911 1
39847 48986 1
39847 52433 1
39847 53850 1
39847 57472 1
39847 66342 1
39847 66610 1
39847 97655 1
41262 39261 1
41262 39847 1
41262 42304 1
41262 45086 1
41262 47911 1
41262 48986 1
41262 52433 1
41262 53850 1
41262 57472 1
41262 66342 1
41262 66610 1
41262 97655 1
42304 39261 1
42304 39847 1
42304 41262 1
42304 45086 1
42304 47911 1
42304 48986 1
42304 52433 1
42304 53850 1
42304 57472 1
42304 66342 1
42304 66610 1
42304 97655 1
45086 39261 1
45086 39847 1
45086 41262 1
45086 42304 1
45086 47911 1
45086 48986 1
45086 52433 1
45086 53850 1
45086 57472 1
45086 66342 1
45086 66610 1
45086 97655 1
47911 39261 1
47911 39847 1
47911 41262 1
47911 42304 1
47911 45086 1
47911 47817 1
47911 48986 1
47911 52433 1
47911 53850 1
47911 57472 1
47911 66342 1
47911 66610 1
47911 97655 1
48986 24524 1
48986 34835 1
48986 39261 1
48986 39847 1
48986 41262 1
48986 42055 1
48986 42304 1
48986 45086 1
48986 47911 1
48986 52433 1
48986 53850 1
48986 57472 2
48986 66342 1
48986 66610 1
48986 97655 1
52433 33128 1
52433 38431 1
52433 39261 1
52433 39847 1
52433 41262 1
52433 42304 1
52433 43636 1
52433 44775 1
52433 45086 1
52433 47911 1
52433 48986 1
52433 50699 1
52433 53850 1
52433 57472 1
52433 66342 1
52433 66610 1
52433 97655 1
53850 39261 1
53850 39847 1
53850 41262 1
53850 42304 1
53850 45086 1
53850 47911 1
53850 48986 1
53850 52433 1
53850 57472 1
53850 66342 1
53850 66610 1
53850 97655 1
57472 24524 1
57472 34835 1
57472 39261 1
57472 39847 1
57472 41262 1
57472 42055 1
57472 42304 1
57472 45086 1
57472 47911 1
57472 48986 2
57472 52433 1
57472 53850 1
57472 66342 1
57472 66610 1
57472 97655 1
66610 39261 1
66610 39847 1
66610 41262 1
66610 42304 1
66610 45086 1
66610 47677 1
66610 47911 1
66610 48986 1
66610 52433 1
66610 53850 1
66610 54588 1
66610 57472 1
66610 58804 1
66610 66342 1
66610 97655 1
66610 119692 1
97655 39261 1
97655 39847 1
97655 41262 1
97655 42304 1
97655 45086 1
97655 47911 1
97655 48986 1
97655 52433 1
97655 53850 1
97655 57472 1
97655 64067 1
97655 66342 1
97655 66610 1
123073 124421 1
4273 4274 1
4273 5332 1
4273 5333 1
4273 7661 1
4273 11629 1
4273 11630 1
4273 12175 1
4273 21504 1
4273 25557 1
4273 126923 1
4273 126924 1
18416 18415 1
18416 18417 1
18416 21503 1
18416 21504 1
18416 21505 1
18416 21506 1
18416 32023 1
18416 33113 1
18416 123376 1
18416 124456 1
21503 18416 1
21503 21504 1
21503 21505 1
21503 21506 1
21503 32023 1
21505 18416 1
21505 21503 1
21505 21504 1
21505 21506 1
21505 32023 1
21506 18416 1
21506 21202 1
21506 21503 1
21506 21504 1
21506 21505 1
21506 21746 1
21506 32023 1
21506 49958 1
25557 4273 1
25557 21504 1
32023 18416 1
32023 21503 1
32023 21504 1
32023 21505 1
32023 21506 1
32023 32022 1
23217 19712 1
23217 24122 1
23217 24123 1
23217 29519 1
23217 127068 1
24123 23217 1
24123 24122 1
24123 29519 1
24123 32222 1
24123 39600 1
24123 127068 1
26047 24122 1
26047 26048 1
26047 30279 1
26047 35987 1
26048 24122 1
26048 26047 1
26048 30279 1
26048 35987 1
29519 23217 1
29519 24122 1
29519 24123 1
29519 127068 1
30279 20971 1
30279 24122 1
30279 24752 1
30279 26047 1
30279 26048 1
30279 26379 1
30279 30278 1
30279 30280 1
30279 31100 1
30279 35165 1
30279 35987 1
30279 123579 1
35987 24122 1
35987 26047 1
35987 26048 1
35987 29928 1
35987 30279 1
35987 43835 1
127068 23217 1
127068 24122 1
127068 24123 1
127068 29519 1
12906 23782 1
12906 48938 1
12906 124033 1
25118 2118 1
25118 5891 1
25118 26179 1
25118 124033 1
26179 25118 1
26179 124033 1
18977 20969 1
18977 23409 1
18977 23987 1
18977 24115 1
18977 26374 1
18977 27321 1
18977 28836 1
18977 28904 1
18977 29733 1
18977 33117 1
20970 1115 1
20970 3262 1
20970 3263 1
20970 20969 1
20970 20971 1
20970 27315 1
20970 127770 1
20971 20243 1
20971 20969 1
20971 20970 1
20971 27315 1
20971 30278 1
20971 30279 1
20971 30280 1
20971 124023 1
23409 18977 1
23409 20969 1
23409 24115 1
23409 26374 1
23409 27321 1
23409 28836 1
23409 28904 1
23409 29733 1
23409 33117 1
24115 3860 1
24115 5367 1
24115 11332 1
24115 16109 1
24115 18977 1
24115 20247 1
24115 20969 1
24115 23220 1
24115 23409 1
24115 26374 1
24115 27321 1
24115 28836 1
24115 28904 1
24115 29733 1
24115 33117 1
24115 38247 1
26374 18977 1
26374 20969 1
26374 23409 1
26374 24115 1
26374 27321 2
26374 28836 1
26374 28853 1
26374 28904 1
26374 29733 1
26374 32219 1
26374 33117 1
26374 43112 1
27315 20969 1
27315 20970 1
27315 20971 1
27315 30268 1
27315 31649 1
27315 32571 1
27315 34823 1
27321 18977 1
27321 20969 1
27321 23409 1
27321 24115 1
27321 26374 2
27321 28836 1
27321 28904 1
27321 29733 1
27321 33117 1
28836 18977 1
28836 20969 1
28836 23396 1
28836 23409 1
28836 24115 1
28836 26374 1
28836 27321 1
28836 27322 1
28836 27349 1
28836 28904 1
28836 29733 1
28836 32219 1
28836 32626 1
28836 33117 1
28836 34496 1
28904 18977 1
28904 20969 1
28904 23409 1
28904 24115 1
28904 26374 1
28904 27321 1
28904 28836 1
28904 29733 1
28904 33117 1
29733 18977 1
29733 20969 1
29733 23409 1
29733 24115 1
29733 26374 1
29733 27321 1
29733 28836 1
29733 28904 1
29733 33117 1
29733 35284 1
33117 16779 1
33117 18977 1
33117 20969 1
33117 23409 1
33117 24115 1
33117 26374 1
33117 27321 1
33117 28836 1
33117 28904 1
33117 29733 1
33117 30919 1
16378 24087 1
16378 29495 1
16378 29496 1
16378 29497 1
16378 30297 1
16378 30919 1
16378 31096 1
16378 31098 1
16378 35162 1
16378 39602 1
25761 24087 1
25761 26388 1
25761 31096 1
25761 39854 1
25761 47096 1
26388 24087 1
26388 25761 1
26388 31096 1
26388 39854 1
26388 47096 1
28130 24087 1
28130 42781 1
28130 43550 1
28130 45886 1
29495 16378 1
29495 24087 1
29495 29496 1
29495 29497 1
29495 30297 1
29495 30919 1
29495 31096 1
29495 31098 1
29495 35162 1
29495 39602 1
29496 16378 1
29496 24087 1
29496 26055 1
29496 27626 1
29496 29495 1
29496 29497 1
29496 30297 1
29496 30919 1
29496 31096 1
29496 31098 1
29496 35162 1
29496 39602 1
29497 16378 1
29497 24087 1
29497 29495 1
29497 29496 1
29497 30297 1
29497 30919 1
29497 31096 1
29497 31098 1
29497 35162 1
29497 39602 1
29716 24087 1
29716 31096 1
29716 35795 1
29716 50878 1
30297 16378 1
30297 24087 1
30297 29495 1
30297 29496 1
30297 29497 1
30297 30919 1
30297 31096 1
30297 31098 1
30297 35162 1
30297 39602 1
30919 16378 1
30919 16779 1
30919 24087 1
30919 29495 1
30919 29496 1
30919 29497 1
30919 30297 1
30919 31096 1
30919 31098 1
30919 33117 1
30919 35162 1
30919 39602 1
30919 50701 1
30919 123901 1
31096 16378 1
31096 18885 1
31096 24087 2
31096 25761 1
31096 26388 1
31096 29495 1
31096 29496 1
31096 29497 1
31096 29716 1
31096 30297 1
31096 30919 1
31096 31098 1
31096 32210 1
31096 35162 1
31096 39602 1
31096 39854 1
31096 47096 1
31098 2285 1
31098 16378 1
31098 24087 1
31098 29495 1
31098 29496 1
31098 29497 1
31098 30297 1
31098 30919 1
31098 31096 1
31098 33191 1
31098 33484 1
31098 35162 1
31098 35193 1
31098 36276 1
31098 39602 1
31098 121503 1
31098 121507 1
31098 124023 1
35162 16378 1
35162 24087 1
35162 29495 1
35162 29496 1
35162 29497 1
35162 30297 1
35162 30919 1
35162 31096 1
35162 31098 1
35162 39602 1
35795 24087 1
35795 29716 1
35795 35796 2
35795 50878 1
35795 58799 1
39602 16378 1
39602 24087 1
39602 29495 1
39602 29496 1
39602 29497 1
39602 30297 1
39602 30919 1
39602 31096 1
39602 31098 1
39602 35162 1
39854 24087 1
39854 25736 1
39854 25761 1
39854 26388 1
39854 30878 1
39854 31096 1
39854 35150 1
39854 44914 1
39854 47096 1
39854 52469 1
39854 60517 1
42781 24087 1
42781 28130 1
42781 43550 1
42781 45886 1
43550 24087 1
43550 28130 1
43550 33128 1
43550 33190 1
43550 42031 1
43550 42781 1
43550 45886 1
43550 46148 1
43550 55763 1
43550 70689 1
45886 16803 1
45886 24087 1
45886 28130 1
45886 33128 1
45886 42781 1
45886 43550 1
45886 49817 1
45886 52081 1
45886 53621 1
45886 75465 1
47096 24087 1
47096 25761 1
47096 26388 1
47096 31096 1
47096 39854 1
50878 24087 1
50878 29716 1
50878 35795 1
67473 24087 1
67473 79876 1
30162 27362 1
23396 27322 1
23396 27333 1
23396 27349 1
23396 28836 1
23396 32210 1
23396 32219 2
23396 32626 1
23396 34496 1
23396 35147 1
26055 26180 1
26055 26373 1
26055 27326 1
26055 27344 1
26055 29496 1
26055 31438 1
26055 31440 1
26055 31442 1
26055 31443 1
26055 32219 1
26055 34421 1
26055 35147 1
26055 35986 1
26055 37182 1
27322 23396 1
27322 27349 1
27322 28836 1
27322 32219 2
27322 32626 1
27322 32627 1
27322 34496 1
27326 26055 1
27326 27664 1
27326 28853 1
27326 30278 1
27326 32219 1
27326 37182 1
27326 38777 1
27326 39196 1
27326 42031 1
27326 57381 1
27349 16800 1
27349 22514 1
27349 22515 1
27349 23396 1
27349 27322 1
27349 28836 1
27349 32219 1
27349 32626 1
27349 34496 1
27349 123376 1
27353 32219 1
28853 15940 1
28853 26374 1
28853 27326 1
28853 27344 1
28853 32219 1
28853 43112 1
28853 121921 1
29928 32219 1
29928 32222 1
29928 35147 1
29928 35987 1
29928 38581 1
29928 43835 1
29928 52659 1
32210 18885 1
32210 23396 1
32210 24896 1
32210 31096 1
32210 32219 1
32210 35167 1
32210 39874 1
32210 46146 1
32627 5753 1
32627 23320 1
32627 24181 1
32627 25744 1
32627 27322 1
32627 27327 1
32627 32219 1
32627 33405 1
32627 127574 1
34496 23396 1
34496 27322 1
34496 27349 1
34496 28836 1
34496 32219 1
34496 32626 1
35147 23396 1
35147 26055 1
35147 29928 1
35147 32219 1
35147 38581 1
35147 52659 1
37182 23234 1
37182 26055 1
37182 27326 1
37182 32219 1
37182 38317 1
37182 44796 1
37182 124018 1
38581 29928 1
38581 32219 1
38581 35147 1
38581 52659 1
43112 26374 1
43112 26378 1
43112 28853 1
43112 32219 1
43112 43110 1
52659 29928 1
52659 32219 1
52659 35147 1
52659 38581 1
52659 61973 1
3476 11008 1
3476 11253 1
3476 13656 1
3476 14562 1
3476 19327 1
3476 25110 1
3476 32022 1
3476 32221 1
3476 32626 1
3476 46146 1
4641 4639 1
4641 4648 1
4641 27998 1
4641 32222 1
4641 32626 1
11008 3476 1
11008 14562 1
11008 32022 1
11008 32221 1
11008 32626 1
11008 46146 1
11336 18029 1
11336 32626 1
11336 127680 1
14562 2098 1
14562 3476 1
14562 7665 1
14562 11008 1
14562 13921 1
14562 16813 1
14562 18200 1
14562 32022 1
14562 32221 1
14562 32626 1
14562 41302 1
14562 46146 1
16779 18032 1
16779 20622 1
16779 23321 1
16779 27626 2
16779 30919 1
16779 32626 1
16779 33117 1
16779 33191 1
16779 38853 1
16779 42239 1
16779 70555 1
18029 11336 1
18029 32626 1
18029 127680 1
18032 16779 1
18032 20622 1
18032 27626 1
18032 32626 1
18032 33191 1
18032 38853 1
18032 70555 1
20246 18418 1
20246 18961 1
20246 20247 3
20246 28040 1
20246 28239 1
20246 32626 1
20247 3860 1
20247 5367 1
20247 16109 1
20247 18418 1
20247 18961 1
20247 20246 3
20247 23220 1
20247 24115 1
20247 32626 1
20247 38247 1
20622 16779 1
20622 18032 1
20622 27626 1
20622 32626 1
20622 33191 1
20622 38853 1
20622 70555 1
23997 32626 1
27348 30302 1
27348 32626 1
27348 42992 1
27348 44915 1
27348 45377 1
27348 54410 1
27626 16779 2
27626 18032 1
27626 20622 1
27626 29496 1
27626 32626 1
27626 33191 1
27626 38853 1
27626 70555 1
27998 4641 1
27998 5426 1
27998 11332 1
27998 18415 1
27998 18418 1
27998 25198 1
27998 26379 1
27998 32222 1
27998 32626 1
27998 126275 1
27998 127501 1
27998 127680 1
30302 27348 1
30302 32626 1
30302 41761 1
30302 41762 1
30302 42992 1
30302 44915 1
30302 45377 1
30302 50697 1
30302 54410 1
30302 123144 1
32022 3476 1
32022 11008 1
32022 14562 1
32022 32023 1
32022 32221 1
32022 32626 1
32022 46146 1
32221 3476 1
32221 11008 1
32221 14562 1
32221 20245 1
32221 23953 1
32221 23995 1
32221 32022 1
32221 32626 1
32221 38079 1
32221 46146 1
32221 53440 1
32222 4641 1
32222 24086 1
32222 24123 1
32222 27998 1
32222 29928 1
32222 32626 1
32222 39600 1
33128 30519 1
33128 32626 1
33128 33121 1
33128 33129 1
33128 33189 1
33128 33190 2
33128 38262 1
33128 38431 1
33128 41313 1
33128 42031 1
33128 43550 1
33128 45886 1
33128 46148 1
33128 47128 1
33128 49699 1
33128 49727 1
33128 49817 1
33128 50207 1
33128 50298 1
33128 50699 1
33128 50836 1
33128 50839 1
33128 52081 2
33128 52258 1
33128 52433 1
33128 53621 1
33128 55763 1
33128 70380 1
33128 70689 1
33189 32626 1
33189 33128 1
33189 33190 1
33189 49727 1
33190 32626 1
33190 33128 2
33190 33189 1
33190 42031 1
33190 43550 1
33190 46148 1
33190 49727 1
33190 55763 1
33190 70689 1
33191 16779 1
33191 18032 1
33191 20622 1
33191 27626 1
33191 31098 1
33191 32626 1
33191 33484 1
33191 36867 1
33191 38853 1
33191 70555 1
33195 20243 1
33195 32626 1
33195 44904 1
38853 7167 1
38853 16779 1
38853 18032 1
38853 20622 1
38853 26158 1
38853 26387 1
38853 27626 1
38853 32626 1
38853 33191 1
38853 35940 1
38853 70555 1
44915 26377 1
44915 27348 1
44915 29704 1
44915 30302 1
44915 32626 1
44915 34487 1
44915 39610 1
44915 41318 1
44915 42992 1
44915 43327 1
44915 45377 1
44915 46018 1
44915 46927 1
44915 47678 1
44915 52425 1
44915 54410 1
44915 58762 1
45377 27348 1
45377 30302 1
45377 32626 1
45377 42992 1
45377 44915 1
45377 45898 1
45377 54410 1
46146 3476 1
46146 11008 1
46146 14562 1
46146 24896 1
46146 32022 1
46146 32210 1
46146 32221 1
46146 32626 1
46146 35167 1
49727 32626 1
49727 33128 1
49727 33189 1
49727 33190 1
54410 27348 1
54410 30302 1
54410 32626 1
54410 42992 1
54410 44915 1
54410 45377 1
70555 16779 1
70555 18032 1
70555 20622 1
70555 27626 1
70555 32626 1
70555 33191 1
70555 38853 1
70555 58863 1
70555 68399 1
70555 71869 1
70555 72615 1
70555 73963 1
70555 77997 1
127680 11336 1
127680 18029 1
127680 27998 1
127680 32626 1
27338 35798 1
34838 18963 1
34838 24767 1
34838 34497 1
34838 34842 1
34838 35056 1
34838 35179 1
34838 35798 1
34838 36944 1
34838 59114 1
35179 34838 1
35179 35798 1
35179 36944 1
35179 59114 1
36944 34838 1
36944 35179 1
36944 35798 1
36944 56006 1
36944 59114 1
36944 60085 1
59114 34838 1
59114 35179 1
59114 35798 1
59114 36944 1
20243 20971 1
20243 28851 1
20243 31481 1
20243 33195 1
20243 33649 1
20243 35191 1
20243 38144 2
20243 39847 1
20243 42571 1
20243 42572 1
20243 44904 1
20243 45059 1
20243 45211 1
20243 51158 1
20243 54503 1
20254 29712 1
20254 34477 1
20254 35962 1
20254 38144 1
20254 47808 1
20254 54822 1
20254 54865 1
24896 26059 1
24896 31361 1
24896 32210 1
24896 35167 2
24896 38144 1
24896 41748 1
24896 46146 1
26057 35380 1
26057 35962 1
26057 38144 1
26057 39369 1
26057 47138 1
26057 50697 1
26057 50698 1
26057 50699 1
26057 50897 1
26057 54350 1
26057 54768 1
26057 57402 1
26057 58566 1
26059 24896 1
26059 31361 1
26059 35167 1
26059 38144 1
26059 41748 1
26060 38144 1
26060 123179 1
26060 124023 1
28499 38144 1
28499 39483 1
28851 20243 1
28851 33649 1
28851 35191 1
28851 38144 1
28851 42571 1
28851 42572 1
28851 45059 1
28851 45211 1
28851 51773 1
28851 81959 1
29712 20254 1
29712 34477 1
29712 36033 1
29712 38144 1
29712 47808 1
29712 54822 1
29712 54865 1
29712 61095 1
31361 24896 1
31361 26059 1
31361 35167 1
31361 38144 1
31361 41748 1
31481 20243 1
31481 38144 1
31481 51158 1
31481 54503 1
33484 31098 1
33484 33191 1
33484 38144 1
33484 39610 1
33484 42241 2
33484 45834 1
33484 123117 1
33649 20243 1
33649 28851 1
33649 35191 1
33649 38144 1
33649 42571 1
33649 42572 1
33649 45059 1
33649 45211 1
34477 20254 1
34477 26377 1
34477 29712 1
34477 35486 1
34477 35986 1
34477 38144 1
34477 47808 1
34477 54822 1
34477 54865 1
35167 24896 2
35167 26059 1
35167 31361 1
35167 32210 1
35167 38144 1
35167 41748 1
35167 46146 1
35191 20243 1
35191 28851 1
35191 33649 1
35191 38144 1
35191 42571 1
35191 42572 1
35191 45059 1
35191 45211 1
35191 53780 1
35380 26057 1
35380 35962 1
35380 38144 1
35380 39369 1
35380 47138 1
35380 50697 1
35380 50698 1
35380 50699 1
35380 50897 1
35380 54350 1
35380 54768 1
35380 57402 1
35380 58566 1
35962 20254 1
35962 26057 1
35962 35380 1
35962 38144 1
35962 39369 1
35962 47138 1
35962 50697 1
35962 50698 1
35962 50699 1
35962 50897 1
35962 54350 1
35962 54768 1
35962 57402 1
35962 58566 1
39369 26057 1
39369 32611 1
39369 35163 1
39369 35380 1
39369 35962 1
39369 38144 1
39369 44764 1
39369 47138 1
39369 50697 1
39369 50698 1
39369 50699 1
39369 50897 1
39369 54350 1
39369 54768 1
39369 57402 1
39369 58566 1
39483 28499 1
39483 38144 1
39483 41313 1
39483 58863 1
39610 33484 1
39610 38144 1
39610 42241 1
39610 44915 1
39610 45834 1
41748 24896 1
41748 26059 1
41748 31361 1
41748 35167 1
41748 38144 1
42241 33484 2
42241 38144 1
42241 39610 1
42241 45834 1
42241 123117 1
42571 20243 1
42571 28851 1
42571 33649 1
42571 35191 1
42571 38144 1
42571 42572 1
42571 45059 1
42571 45211 1
42572 20243 1
42572 28851 1
42572 33649 1
42572 35191 1
42572 38144 1
42572 42571 1
42572 45059 1
42572 45211 1
42572 45466 1
45059 20243 1
45059 28851 1
45059 33649 1
45059 35191 1
45059 38144 1
45059 42571 1
45059 42572 1
45059 45211 1
45211 20243 1
45211 28851 1
45211 33649 1
45211 35191 1
45211 38144 1
45211 42571 1
45211 42572 1
45211 45059 1
45834 33484 1
45834 38144 1
45834 39610 1
45834 42241 1
47136 38144 1
47136 62048 1
47138 26057 1
47138 35380 1
47138 35962 1
47138 38144 1
47138 39369 1
47138 50697 1
47138 50698 1
47138 50699 1
47138 50897 1
47138 54350 1
47138 54768 1
47138 57402 1
47138 58566 1
47138 60072 1
47808 20254 1
47808 29712 1
47808 34477 1
47808 38144 1
47808 54822 1
47808 54865 1
49366 38144 1
49366 51931 1
49366 71487 1
49366 74071 1
50697 26057 1
50697 30302 1
50697 34808 1
50697 35380 1
50697 35962 1
50697 38144 1
50697 39369 1
50697 47138 1
50697 50698 1
50697 50699 1
50697 50897 1
50697 54350 1
50697 54768 1
50697 57402 1
50697 58566 1
50698 26057 1
50698 35380 1
50698 35962 1
50698 38144 1
50698 39369 1
50698 47138 1
50698 50697 1
50698 50699 1
50698 50897 1
50698 54350 1
50698 54768 1
50698 57402 1
50698 58566 1
50699 26057 1
50699 33128 1
50699 35380 1
50699 35962 1
50699 38144 1
50699 38431 1
50699 39369 1
50699 47138 1
50699 50697 1
50699 50698 1
50699 50897 1
50699 52433 1
50699 54350 1
50699 54768 1
50699 57402 1
50699 58566 1
50897 26057 1
50897 35380 1
50897 35962 1
50897 38144 1
50897 39369 1
50897 47138 1
50897 50697 1
50897 50698 1
50897 50699 1
50897 54350 1
50897 54768 1
50897 57402 1
50897 58566 1
51158 20243 1
51158 31481 1
51158 38144 1
51158 54503 1
53440 32221 1
53440 38144 1
53440 46893 1
53440 53442 1
54350 26057 1
54350 35380 1
54350 35962 1
54350 38144 1
54350 39369 1
54350 47138 1
54350 50697 1
54350 50698 1
54350 50699 1
54350 50897 1
54350 54768 1
54350 57402 1
54350 58566 1
54503 20243 1
54503 31481 1
54503 38144 1
54503 51158 1
54768 7337 1
54768 7338 1
54768 11905 1
54768 26057 1
54768 35380 1
54768 35962 1
54768 38144 1
54768 39369 1
54768 43708 1
54768 44074 1
54768 47138 1
54768 50697 1
54768 50698 1
54768 50699 1
54768 50897 1
54768 54350 1
54768 57402 1
54768 58566 1
54822 20254 1
54822 22247 1
54822 29712 1
54822 34477 1
54822 38144 1
54822 42193 1
54822 44330 2
54822 47652 1
54822 47808 1
54822 54865 1
54865 20254 1
54865 29712 1
54865 34477 1
54865 38144 1
54865 47808 1
54865 54822 1
57402 26057 1
57402 35380 1
57402 35962 1
57402 38144 1
57402 39369 1
57402 47138 1
57402 50697 1
57402 50698 1
57402 50699 1
57402 50897 1
57402 54350 1
57402 54768 1
57402 57401 1
57402 58566 1
58566 26057 1
58566 35380 1
58566 35962 1
58566 38144 1
58566 39369 1
58566 47138 1
58566 50697 1
58566 50698 1
58566 50699 1
58566 50897 1
58566 54350 1
58566 54768 1
58566 57402 1
62048 38144 1
62048 47136 1
71487 38144 1
71487 49366 1
71487 61270 1
71487 74071 1
74071 38144 1
74071 49366 1
74071 68581 1
74071 71487 1
123179 26060 1
123179 38144 1
123179 124023 1
124023 2285 1
124023 20971 1
124023 26060 1
124023 31098 1
124023 38144 1
124023 65295 1
124023 121503 1
124023 121507 1
124023 123179 1
11332 24115 1
11332 27998 1
11332 34827 1
11332 126275 1
29703 15969 1
18415 18416 1
18415 18417 1
18415 18418 1
18415 25198 1
18415 26379 1
18415 27998 1
18415 127501 1
28666 23141 1
28666 32630 1
32630 19714 1
32630 23141 1
32630 28666 1
20612 25558 1
20612 42041 1
20612 121712 1
20612 121713 1
26180 26055 1
26180 26373 1
26180 31438 1
26180 31440 1
26180 31442 1
26180 31443 1
26180 34421 1
26373 26055 1
26373 26180 1
26373 31438 1
26373 31440 1
26373 31442 1
26373 31443 1
26373 34421 1
31440 26055 1
31440 26180 1
31440 26373 1
31440 31438 1
31440 31442 1
31440 31443 1
31440 34421 1
31442 26055 1
31442 26180 1
31442 26373 1
31442 31438 1
31442 31440 1
31442 31443 1
31442 34421 1
31443 26055 1
31443 26180 1
31443 26373 1
31443 31438 1
31443 31440 1
31443 31442 1
31443 34421 1
34421 26055 1
34421 26180 1
34421 26373 1
34421 31438 1
34421 31440 1
34421 31442 1
34421 31443 1
35796 35177 1
35796 35795 2
35796 36033 1
35796 38079 1
35796 41311 1
35796 42653 1
35796 43330 1
35796 51063 1
35796 56338 1
35796 60222 1
36033 29712 1
36033 35177 1
36033 35796 1
36033 38079 1
36033 41311 1
36033 42653 1
36033 42954 1
36033 43330 1
36033 51063 1
36033 56338 1
36033 75396 1
36033 75398 1
36033 79597 1
36033 79598 1
36033 81929 1
36033 97714 1
38079 32221 1
38079 33911 1
38079 35177 1
38079 35796 1
38079 36033 1
38079 41311 1
38079 42653 1
38079 43330 1
38079 51063 1
38079 56338 1
41311 35177 1
41311 35796 1
41311 36033 1
41311 38079 1
41311 42653 1
41311 43330 1
41311 51063 1
41311 56338 1
42653 35177 1
42653 35796 1
42653 36033 1
42653 38079 1
42653 41311 1
42653 43330 1
42653 51063 1
42653 56338 1
43330 35177 1
43330 35796 1
43330 36033 1
43330 38079 1
43330 41311 1
43330 42653 1
43330 51063 1
43330 56338 1
51063 35177 1
51063 35796 1
51063 36033 1
51063 38079 1
51063 41311 1
51063 42653 1
51063 43330 1
51063 56338 1
51063 77436 1
51063 95522 1
56338 35177 1
56338 35796 1
56338 36033 1
56338 38079 1
56338 41311 1
56338 42653 1
56338 43330 1
56338 51063 1
14568 49706 1
14568 123592 1
14568 123593 1
14568 126828 1
49706 14568 1
49706 53916 1
49706 126828 1
123652 126828 1
16110 4274 1
16110 23377 1
16110 34827 1
27718 23380 1
27718 50586 1
27718 53704 1
27718 62357 1
50586 18885 1
50586 23380 1
50586 27718 1
50586 53704 1
50586 62357 1
53704 23380 1
53704 27718 1
53704 50586 1
53704 62357 1
62357 23380 1
62357 27718 1
62357 50586 1
62357 53704 1
29706 38253 1
29706 42992 1
35801 54588 1
35801 62848 1
55763 33128 1
55763 33190 1
55763 42031 1
55763 43550 1
55763 46148 1
55763 61270 1
55763 62848 1
55763 70380 1
55763 70689 1
70380 33128 1
70380 33129 1
70380 52081 1
70380 55763 1
70380 62848 1
70380 67308 1
34823 27315 1
34823 31649 1
34823 43110 1
66061 61264 1
66061 72615 1
72615 61264 1
72615 66061 1
72615 70555 1
97128 64120 1
97128 98072 1
97128 98073 1
77096 84297 1
24524 34835 1
24524 39879 1
24524 41822 1
24524 42055 1
24524 43636 1
24524 48986 1
24524 57472 1
29925 39879 1
29925 40332 1
33479 39879 1
40332 29925 1
40332 39879 1
57979 39879 1
41820 44686 1
41820 49961 1
41820 54586 1
41820 67308 1
49961 41820 1
49961 44686 1
49961 54586 1
49961 67308 1
54586 41820 1
54586 44686 1
54586 49961 1
54586 67308 1
54586 123117 1
67308 41820 1
67308 44686 1
67308 49961 1
67308 54586 1
67308 70380 1
35150 39854 1
35150 44914 1
46234 49971 1
46234 127030 1
127030 46234 1
127030 49971 1
44715 49973 1
54593 63694 1
54593 63695 1
54593 63697 1
63694 34468 1
63694 54593 1
63694 63695 1
63694 63697 1
63697 54593 1
63697 63694 1
63697 63695 1
69853 71218 1
41812 73361 1
73132 73361 1
47817 47911 1
34835 24524 1
34835 42055 1
34835 48986 1
34835 57472 1
42055 24524 1
42055 34835 1
42055 48986 1
42055 57472 1
43636 24524 1
43636 41822 1
43636 44775 1
43636 52433 1
44775 26377 1
44775 43636 1
44775 47128 1
44775 52433 1
47677 54588 1
47677 58804 1
47677 66610 1
47677 119692 1
54588 16803 1
54588 35801 1
54588 47677 1
54588 58804 1
54588 66610 1
54588 119692 1
58804 47677 1
58804 54588 1
58804 66610 1
58804 119692 1
119692 47677 1
119692 54588 1
119692 58804 1
119692 66610 1
64067 97655 1
4274 4273 1
4274 16110 1
5332 4273 1
5332 4639 1
5332 5333 4
5332 7661 1
5332 11629 1
5332 11630 1
5332 12175 1
5332 126923 1
5332 126924 1
5333 4273 1
5333 4639 1
5333 5332 4
5333 7661 1
5333 11629 1
5333 11630 1
5333 12175 1
5333 126923 1
5333 126924 1
7661 4273 1
7661 5332 1
7661 5333 1
7661 11629 2
7661 11630 1
7661 12175 2
7661 126923 1
7661 126924 1
11629 3041 1
11629 4273 1
11629 5332 1
11629 5333 1
11629 7661 2
11629 11630 3
11629 12175 3
11629 126923 1
11629 126924 1
11630 4273 1
11630 5332 1
11630 5333 1
11630 7661 1
11630 11629 3
11630 12175 5
11630 12291 1
11630 126923 1
11630 126924 1
12175 4273 1
12175 5332 1
12175 5333 1
12175 7661 2
12175 11629 3
12175 11630 5
12175 12291 1
12175 126923 1
12175 126924 1
126923 4273 1
126923 5332 1
126923 5333 1
126923 7661 1
126923 11629 1
126923 11630 1
126923 12175 1
126923 126805 1
126923 126878 1
126923 126924 2
126923 127323 1
126924 4273 1
126924 4639 1
126924 5332 1
126924 5333 1
126924 7661 1
126924 11629 1
126924 11630 1
126924 12175 1
126924 126923 2
33113 18416 1
33113 123376 1
33113 124456 1
123376 16800 1
123376 18416 1
123376 22514 1
123376 22515 1
123376 27349 1
123376 33113 1
123376 124456 1
124456 18416 1
124456 33113 1
124456 123376 1
124456 124455 1
21202 21506 1
21202 21746 1
21202 49958 1
21746 21202 1
21746 21506 1
21746 49958 1
49958 21202 1
49958 21506 1
49958 21746 1
19712 23217 1
39600 24123 1
39600 32222 1
24752 26379 1
24752 30279 1
24752 31100 1
24752 35165 1
24752 123579 1
26379 18415 1
26379 18418 1
26379 24752 1
26379 25198 1
26379 27998 1
26379 30279 1
26379 31100 1
26379 35165 1
26379 123579 1
26379 127501 1
30278 20971 1
30278 27326 1
30278 30279 1
30278 30280 1
30278 57381 1
30280 20971 1
30280 30278 1
30280 30279 1
31100 24752 1
31100 26379 1
31100 30279 1
31100 35165 1
31100 123579 1
35165 24752 1
35165 26379 1
35165 30279 1
35165 31100 1
35165 123579 1
123579 20245 1
123579 24752 1
123579 26379 1
123579 27344 1
123579 30279 1
123579 31100 1
123579 35165 1
123579 123578 1
123579 123915 1
123579 123918 1
43835 29928 1
43835 35987 1
23782 12906 1
23782 48938 1
48938 12906 1
48938 23782 1
2118 5891 1
2118 25118 1
5891 2118 1
5891 25118 1
23987 18977 1
1115 3262 1
1115 3263 1
1115 20970 1
1115 127770 1
3262 1115 1
3262 3263 1
3262 20970 1
3262 127770 1
3263 1115 1
3263 3262 1
3263 20970 1
3263 127770 1
127770 1115 1
127770 3262 1
127770 3263 1
127770 20970 1
3860 5367 1
3860 16109 1
3860 20247 1
3860 23220 1
3860 24115 1
3860 38247 1
5367 3860 1
5367 16109 1
5367 20247 1
5367 23220 1
5367 24115 1
5367 33405 1
5367 38247 1
16109 3860 1
16109 5367 1
16109 20247 1
16109 23220 1
16109 24115 1
16109 38247 1
23220 3860 1
23220 5367 1
23220 16109 1
23220 20247 1
23220 24115 1
23220 38247 1
38247 3860 1
38247 5367 1
38247 16109 1
38247 20247 1
38247 23220 1
38247 24115 1
30268 27315 1
30268 32571 1
31649 27315 1
31649 34823 1
32571 27315 1
32571 30268 1
35284 29733 1
50701 30919 1
123901 30919 1
18885 31096 1
18885 32210 1
18885 50586 1
2285 31098 1
2285 121503 1
2285 121507 1
2285 124023 1
35193 31098 1
35193 36276 1
36276 31098 1
36276 35193 1
121503 2285 1
121503 31098 1
121503 121507 1
121503 124023 1
121507 2285 1
121507 31098 1
121507 121503 1
121507 124023 1
58799 35795 1
25736 30878 1
25736 39854 1
25736 52469 1
25736 60517 1
30878 25736 1
30878 39854 1
30878 52469 1
30878 60517 1
52469 25736 1
52469 30878 1
52469 39854 1
52469 60517 1
60517 25736 1
60517 30878 1
60517 39854 1
60517 52469 1
42031 27326 1
42031 33128 1
42031 33190 1
42031 43550 1
42031 46148 1
42031 55763 1
42031 70689 1
46148 33128 1
46148 33190 1
46148 42031 1
46148 43550 1
46148 55763 1
46148 70689 1
70689 33128 1
70689 33190 1
70689 42031 1
70689 43550 1
70689 46148 1
70689 55763 1
16803 45886 1
16803 54588 1
16803 75465 1
49817 33128 1
49817 45886 1
49817 52081 1
49817 53621 1
52081 33128 2
52081 33129 1
52081 45886 1
52081 49817 1
52081 53621 1
52081 70380 1
53621 33128 1
53621 45886 1
53621 49817 1
53621 52081 1
75465 16803 1
75465 45886 1
79876 67473 1
27333 23396 1
27344 15940 1
27344 20245 1
27344 26055 1
27344 28853 1
27344 35986 1
27344 121921 1
27344 123578 1
27344 123579 1
27344 123915 1
27344 123918 1
35986 26055 1
35986 27344 1
35986 34477 1
27664 27326 1
38777 27326 1
38777 39196 1
39196 27326 1
39196 38777 1
57381 27326 1
57381 30278 1
16800 22514 1
16800 22515 1
16800 27349 1
16800 123376 1
22514 16800 1
22514 22515 1
22514 27349 1
22514 123376 1
22515 16800 1
22515 22514 1
22515 27349 1
22515 123376 1
15940 27344 1
15940 28853 1
15940 121921 1
121921 15940 1
121921 18961 1
121921 27344 1
121921 28853 1
39874 32210 1
5753 32627 1
5753 33405 1
23320 23321 1
23320 24181 1
23320 25744 1
23320 27327 1
23320 32627 1
23320 127574 1
24181 23320 1
24181 25744 1
24181 27327 1
24181 32627 1
24181 127574 1
25744 23320 1
25744 24181 1
25744 27327 1
25744 32627 1
25744 127574 1
27327 23320 1
27327 24181 1
27327 25744 1
27327 32627 1
27327 127574 1
33405 5367 1
33405 5753 1
33405 32627 1
127574 23320 1
127574 24181 1
127574 25744 1
127574 27327 1
127574 32627 1
23234 37182 1
23234 38317 1
23234 44796 1
23234 124018 1
38317 23234 1
38317 37182 1
38317 44796 1
38317 124018 1
44796 23234 1
44796 37182 1
44796 38317 1
44796 124018 1
124018 23234 1
124018 37182 1
124018 38317 1
124018 44796 1
26378 43112 1
61973 52659 1
11253 3476 1
11253 13656 1
11253 19327 1
11253 25110 1
13656 3476 1
13656 11253 1
13656 19327 1
13656 25110 1
19327 3476 1
19327 11253 1
19327 13656 1
19327 25110 1
25110 3476 1
25110 11253 1
25110 13656 1
25110 19327 1
4639 4641 1
4639 5332 1
4639 5333 1
4639 126924 1
4648 4641 1
2098 7665 1
2098 13921 1
2098 14562 1
2098 16813 1
2098 18200 1
2098 41302 1
7665 2098 1
7665 13921 1
7665 14562 1
7665 16813 1
7665 18200 1
7665 41302 1
13921 2098 1
13921 7665 1
13921 14562 1
13921 16813 1
13921 18200 1
13921 41302 1
13921 127051 1
16813 2098 1
16813 7665 1
16813 13921 1
16813 14562 1
16813 18200 1
16813 41302 1
18200 2098 1
18200 7665 1
18200 13921 1
18200 14562 1
18200 16813 1
18200 41302 1
41302 2098 1
41302 7665 1
41302 13921 1
41302 14562 1
41302 16813 1
41302 18200 1
23321 16779 1
23321 23320 1
18418 18415 1
18418 18961 1
18418 20246 1
18418 20247 1
18418 25198 1
18418 26379 1
18418 27998 1
18418 127501 1
18961 18418 1
18961 20246 1
18961 20247 1
18961 121921 1
28040 20246 1
28239 20246 1
28239 21206 1
28239 126805 1
5426 1930 1
5426 2186 1
5426 5425 1
5426 15274 1
5426 27998 1
25198 18415 1
25198 18418 1
25198 26379 1
25198 27998 1
25198 127501 1
127501 18415 1
127501 18418 1
127501 25198 1
127501 26379 1
127501 27998 1
41761 30302 1
41762 30302 1
123144 30302 1
20245 23953 1
20245 23995 1
20245 27344 1
20245 32221 1
20245 123578 1
20245 123579 1
20245 123915 1
20245 123918 1
23953 20245 1
23953 23995 1
23953 32221 1
23995 20245 1
23995 23953 1
23995 32221 1
24086 32222 1
30519 33128 1
30519 38262 1
30519 47128 1
30519 50298 1
30519 50836 1
30519 50839 1
30519 52258 1
33121 33128 1
33121 41313 1
33121 49699 1
33121 50207 1
33129 33128 1
33129 52081 1
33129 70380 1
38262 30519 1
38262 33128 1
38262 47128 1
38262 50298 1
38262 50836 1
38262 50839 1
38262 52258 1
41313 33121 1
41313 33128 1
41313 39483 1
41313 49699 1
41313 50207 1
41313 58863 1
47128 26377 1
47128 30519 1
47128 33128 1
47128 38262 1
47128 44775 1
47128 50298 1
47128 50836 1
47128 50839 1
47128 52258 1
49699 33121 1
49699 33128 1
49699 41313 1
49699 50207 1
50207 33121 1
50207 33128 1
50207 41313 1
50207 49699 1
50298 30519 1
50298 33128 1
50298 38262 1
50298 47128 1
50298 50836 1
50298 50839 1
50298 52258 1
50836 30519 1
50836 33128 1
50836 38262 1
50836 47128 1
50836 50298 1
50836 50838 1
50836 50839 1
50836 52258 1
50836 57003 1
50839 30519 1
50839 33128 1
50839 38262 1
50839 47128 1
50839 50298 1
50839 50836 1
50839 52258 1
52258 30519 1
52258 33128 1
52258 38262 1
52258 47128 1
52258 50298 1
52258 50836 1
52258 50839 1
36867 33191 1
44904 20243 1
44904 33195 1
7167 26158 1
7167 26387 1
7167 38853 1
26158 7167 1
26158 26387 1
26158 38853 1
26387 7167 1
26387 26158 1
26387 38853 1
35940 38853 1
26377 34477 1
26377 34487 1
26377 44775 1
26377 44915 1
26377 46018 1
26377 47128 1
26377 47678 1
26377 52425 1
29704 43327 1
29704 44915 1
29704 58762 1
34487 26377 1
34487 44915 1
34487 46018 1
34487 47678 1
34487 52425 1
41318 44915 1
43327 29704 1
43327 44915 1
43327 58762 1
46018 26377 1
46018 34487 1
46018 44915 1
46018 47678 1
46018 52425 1
46927 44915 1
47678 26377 1
47678 34487 1
47678 44915 1
47678 46018 1
47678 52425 1
52425 26377 1
52425 34487 1
52425 44915 1
52425 46018 1
52425 47678 1
58762 29704 1
58762 43327 1
58762 44915 1
58863 39483 1
58863 41313 1
58863 70555 1
68399 70555 1
68399 71869 1
71869 68399 1
71869 70555 1
73963 70555 1
77997 70555 1
18963 24767 1
18963 34497 1
18963 34838 1
18963 34842 1
18963 35056 1
24767 18963 1
24767 34497 1
24767 34838 1
24767 34842 1
24767 35056 1
34497 18963 1
34497 24767 1
34497 34838 1
34497 34842 1
34497 35056 1
34842 18963 1
34842 24767 1
34842 34497 1
34842 34838 1
34842 35056 1
35056 18963 1
35056 24767 1
35056 34497 1
35056 34838 1
35056 34842 1
56006 36944 1
56006 60085 1
60085 36944 1
60085 56006 1
51773 28851 1
51773 81959 1
81959 28851 1
81959 51773 1
61095 29712 1
123117 33484 1
123117 42241 1
123117 54586 1
35486 34477 1
53780 35191 1
32611 35163 1
32611 39369 1
32611 44764 1
35163 32611 1
35163 39369 1
35163 44764 1
44764 32611 1
44764 35163 1
44764 39369 1
45466 42572 1
60072 47138 1
51931 49366 1
34808 50697 1
46893 53440 1
46893 53442 1
53442 46893 1
53442 53440 1
7337 7338 1
7337 11905 1
7337 43708 1
7337 44074 1
7337 54768 1
7338 7337 1
7338 11905 1
7338 43708 1
7338 44074 1
7338 54768 1
11905 7337 1
11905 7338 1
11905 43708 1
11905 44074 2
11905 54768 1
43708 7337 1
43708 7338 1
43708 11905 1
43708 44074 1
43708 54768 1
44074 7337 1
44074 7338 1
44074 11905 2
44074 43708 1
44074 54768 1
22247 47652 1
22247 54822 1
42193 44330 1
42193 54822 1
44330 42193 1
44330 54822 2
47652 22247 1
47652 54822 1
57401 57402 1
68581 74071 1
65295 124023 1
19714 32630 1
42041 20612 1
42041 121712 1
42041 121713 1
121712 20612 1
121712 42041 1
121712 121713 1
121713 20612 1
121713 42041 1
121713 121712 1
60222 35796 1
42954 36033 1
42954 81929 1
42954 97714 1
75396 36033 1
75396 75398 1
75396 127658 1
75398 36033 1
75398 75396 1
79597 36033 1
79597 79598 1
79598 36033 1
79598 79597 1
81929 36033 1
81929 42954 1
81929 97714 1
97714 36033 1
97714 42954 1
97714 81929 1
33911 38079 1
77436 50374 1
77436 51063 1
95522 51063 1
123592 14568 1
123592 123593 1
123593 14568 1
123593 123592 1
53916 49706 1
50374 77436 1
127658 75396 1
50838 50836 1
50838 57003 1
57003 50836 1
57003 50838 1
123578 20245 1
123578 27344 1
123578 54110 1
123578 123579 1
123578 123915 1
123578 123918 1
123915 20245 1
123915 27344 1
123915 123578 1
123915 123579 1
123915 123918 1
123918 20245 1
123918 27344 1
123918 123578 1
123918 123579 1
123918 123915 1
1930 2186 1
1930 5426 1
2186 1930 1
2186 5426 1
2186 127401 1
5425 5426 1
5425 15274 1
15274 5425 1
15274 5426 1
15274 24642 1
21206 28239 1
21206 126805 1
126805 21206 1
126805 28239 1
126805 126878 1
126805 126923 1
126805 127323 1
127051 13921 1
124455 124456 1
3041 11629 1
12291 11630 1
12291 12175 1
126878 126805 1
126878 126923 1
126878 127323 1
127323 126805 1
127323 126878 1
127323 126923 1
41822 24524 1
41822 43636 1
34468 63694 1
98072 97128 1
98073 97128 1
54110 123578 1
127401 2186 1
24642 15274 1
